[[4380473760179392212690045166853641781596058439183975539457161042465546161381305561338598163420944323437688537769180846614194795376569168443837428572516961841062749571922122469079157559973982109249591913488785471548315534997733878662692856987 0 0 0 0 0 0 0 0 0 0 0 0 0 0 0 0 0 0 0 0 0 0 0 0 0 0 0 0 0 0 0 0 0 0 0 0 0 0 0 0 0 0 0 0 0 0 0 0 0 0 0 0 0 0 0 0 0 0 0 0 0 0 0 0 0 0 0 0 0 0 0 0 0 0 0 0 0 0 0]
[1229254199795301695668775855575079437843687469303114331507944613935810818352662838121207671752713174195081797675112503552812362688448741851842750328224995217843128427638838916514439036996594264370024013449296085195153771034183627490692274708 1 0 0 0 0 0 0 0 0 0 0 0 0 0 0 0 0 0 0 0 0 0 0 0 0 0 0 0 0 0 0 0 0 0 0 0 0 0 0 0 0 0 0 0 0 0 0 0 0 0 0 0 0 0 0 0 0 0 0 0 0 0 0 0 0 0 0 0 0 0 0 0 0 0 0 0 0 0 0]
[58590566004020795764174998376254905456940991513775788323778985960259261531531448993257911080227076759092006601234989860757593009634005814164124390847358276693765554999510860796616198918052335598395271509493797404694561327533461955954457779 0 1 0 0 0 0 0 0 0 0 0 0 0 0 0 0 0 0 0 0 0 0 0 0 0 0 0 0 0 0 0 0 0 0 0 0 0 0 0 0 0 0 0 0 0 0 0 0 0 0 0 0 0 0 0 0 0 0 0 0 0 0 0 0 0 0 0 0 0 0 0 0 0 0 0 0 0 0 0]
[1539577033453032550556798032669335119175797667140938658793577083019327039528293988488803003056073342886918337314168324518044977845879938824585997256875997511375609884787884667017718955007342260785715881959901558816237859542666073175761724804 0 0 1 0 0 0 0 0 0 0 0 0 0 0 0 0 0 0 0 0 0 0 0 0 0 0 0 0 0 0 0 0 0 0 0 0 0 0 0 0 0 0 0 0 0 0 0 0 0 0 0 0 0 0 0 0 0 0 0 0 0 0 0 0 0 0 0 0 0 0 0 0 0 0 0 0 0 0 0]
[2906881100656134379549297338024235603811401461444467014426395502648674928800250476183918824644726888927293067354880221049966134288071213351003199372663898382874778998003339648102619481580720762324238414507794737319079662805613074435455648782 0 0 0 1 0 0 0 0 0 0 0 0 0 0 0 0 0 0 0 0 0 0 0 0 0 0 0 0 0 0 0 0 0 0 0 0 0 0 0 0 0 0 0 0 0 0 0 0 0 0 0 0 0 0 0 0 0 0 0 0 0 0 0 0 0 0 0 0 0 0 0 0 0 0 0 0 0 0 0]
[1746015309120625373200866776308736495995374557324796372973574446909439739212162049521670524989348671190645992457729129603301270559833547554277621896685569816013980418460755662801991425542543540468231460284492252971288016105478865891227349451 0 0 0 0 1 0 0 0 0 0 0 0 0 0 0 0 0 0 0 0 0 0 0 0 0 0 0 0 0 0 0 0 0 0 0 0 0 0 0 0 0 0 0 0 0 0 0 0 0 0 0 0 0 0 0 0 0 0 0 0 0 0 0 0 0 0 0 0 0 0 0 0 0 0 0 0 0 0 0]
[2024361889522229315038520033708933808352181324922039224342224035358854280498658269314392976840680227078948279885059467683982183592395786429712415826218147636730840117776898719908407912554953041788084578180534480355168798283324119027166068186 0 0 0 0 0 1 0 0 0 0 0 0 0 0 0 0 0 0 0 0 0 0 0 0 0 0 0 0 0 0 0 0 0 0 0 0 0 0 0 0 0 0 0 0 0 0 0 0 0 0 0 0 0 0 0 0 0 0 0 0 0 0 0 0 0 0 0 0 0 0 0 0 0 0 0 0 0 0 0]
[2255252273034452870756582056196250499673351507148515137042069535120281883358463742729907053531125501148058963007285266510920374263305498815384958467710338268710828159167680622014793245739794096943258041262300532430532981188739586214184149795 0 0 0 0 0 0 1 0 0 0 0 0 0 0 0 0 0 0 0 0 0 0 0 0 0 0 0 0 0 0 0 0 0 0 0 0 0 0 0 0 0 0 0 0 0 0 0 0 0 0 0 0 0 0 0 0 0 0 0 0 0 0 0 0 0 0 0 0 0 0 0 0 0 0 0 0 0 0 0]
[2672413202612062522645834482919411079677448779019388983183707480904237247151642964253246221411175590336619761832121425024151146265683613520238469049033447508548943438335786412794433375117768389920401608619841240873992383739029799501643660018 0 0 0 0 0 0 0 1 0 0 0 0 0 0 0 0 0 0 0 0 0 0 0 0 0 0 0 0 0 0 0 0 0 0 0 0 0 0 0 0 0 0 0 0 0 0 0 0 0 0 0 0 0 0 0 0 0 0 0 0 0 0 0 0 0 0 0 0 0 0 0 0 0 0 0 0 0 0 0]
[4100121940472092364278980238640561939198133445280244223314557129816244968555960790741927433961890020395419428248577299481941101296843896216834073343110774180304770709111727481053242414898497170167683175490235226541248535807611054042936353963 0 0 0 0 0 0 0 0 1 0 0 0 0 0 0 0 0 0 0 0 0 0 0 0 0 0 0 0 0 0 0 0 0 0 0 0 0 0 0 0 0 0 0 0 0 0 0 0 0 0 0 0 0 0 0 0 0 0 0 0 0 0 0 0 0 0 0 0 0 0 0 0 0 0 0 0 0 0 0]
[3215148190231747360022893984447523615721293872436762176863746724968831652353406291000536692742119825362870102665061597407021301913501700097081246355821919777484126339011905090192511574670127714486316009415617878828694899014157897793925956675 0 0 0 0 0 0 0 0 0 1 0 0 0 0 0 0 0 0 0 0 0 0 0 0 0 0 0 0 0 0 0 0 0 0 0 0 0 0 0 0 0 0 0 0 0 0 0 0 0 0 0 0 0 0 0 0 0 0 0 0 0 0 0 0 0 0 0 0 0 0 0 0 0 0 0 0 0 0 0]
[1719895596575119404603301191670477700368133740468788379419767580180321407171988890022891034288846063111567949777712907073184467904648391447842425731245071007241520958370757024381886711922297314696773198690718211586368580932169989833951234800 0 0 0 0 0 0 0 0 0 0 1 0 0 0 0 0 0 0 0 0 0 0 0 0 0 0 0 0 0 0 0 0 0 0 0 0 0 0 0 0 0 0 0 0 0 0 0 0 0 0 0 0 0 0 0 0 0 0 0 0 0 0 0 0 0 0 0 0 0 0 0 0 0 0 0 0 0 0 0]
[2455388367883540204139743726657557726358971290152067751794182745759346818197233341941866890032276120918410790981512675807009990569882138178128117822549777840815116993728300592042390629540940802831213621211115525805951103399425090107666932367 0 0 0 0 0 0 0 0 0 0 0 1 0 0 0 0 0 0 0 0 0 0 0 0 0 0 0 0 0 0 0 0 0 0 0 0 0 0 0 0 0 0 0 0 0 0 0 0 0 0 0 0 0 0 0 0 0 0 0 0 0 0 0 0 0 0 0 0 0 0 0 0 0 0 0 0 0 0 0]
[1815668292686505065026480575225760041244684981506934917680312690031833079402407782876326580624795303256340239496175719979360077670059135097492172547699271202107155878041983029331911175561742608218922615185713649851679170524945521824654183311 0 0 0 0 0 0 0 0 0 0 0 0 1 0 0 0 0 0 0 0 0 0 0 0 0 0 0 0 0 0 0 0 0 0 0 0 0 0 0 0 0 0 0 0 0 0 0 0 0 0 0 0 0 0 0 0 0 0 0 0 0 0 0 0 0 0 0 0 0 0 0 0 0 0 0 0 0 0 0]
[3912540076444543399761303462867050169090021975924726769700705546543861363329102754257545653240859604746183937814242143760543991406165161181299393515385468259828518511762858969167007400708167112347048634938573230386179617649548875861544353470 0 0 0 0 0 0 0 0 0 0 0 0 0 1 0 0 0 0 0 0 0 0 0 0 0 0 0 0 0 0 0 0 0 0 0 0 0 0 0 0 0 0 0 0 0 0 0 0 0 0 0 0 0 0 0 0 0 0 0 0 0 0 0 0 0 0 0 0 0 0 0 0 0 0 0 0 0 0 0]
[1376172343608512048392176867461882095080956867540730901722812348761653680210598732678552106375053327719644681435099177018390218362144508480136682358789802659337794540470062578363688312790409891473183961125050503873251587734850564878247307741 0 0 0 0 0 0 0 0 0 0 0 0 0 0 1 0 0 0 0 0 0 0 0 0 0 0 0 0 0 0 0 0 0 0 0 0 0 0 0 0 0 0 0 0 0 0 0 0 0 0 0 0 0 0 0 0 0 0 0 0 0 0 0 0 0 0 0 0 0 0 0 0 0 0 0 0 0 0 0]
[3557645320620635457165504114037133126603412578822998050422200510372637872776907904643836659744458521174431097471894879574773747612074084556411154289087549378970828878780482588085312722131538868853139622424191388150716954974323393716567963165 0 0 0 0 0 0 0 0 0 0 0 0 0 0 0 1 0 0 0 0 0 0 0 0 0 0 0 0 0 0 0 0 0 0 0 0 0 0 0 0 0 0 0 0 0 0 0 0 0 0 0 0 0 0 0 0 0 0 0 0 0 0 0 0 0 0 0 0 0 0 0 0 0 0 0 0 0 0 0]
[2278737775466929380441113432442646139370026817974317801241405303459401532235882042434493583737250890660844942780556260963306033274381428907782635941027889939445276353633433847708796010465884386869400474744056577276884768866298121276069642597 0 0 0 0 0 0 0 0 0 0 0 0 0 0 0 0 1 0 0 0 0 0 0 0 0 0 0 0 0 0 0 0 0 0 0 0 0 0 0 0 0 0 0 0 0 0 0 0 0 0 0 0 0 0 0 0 0 0 0 0 0 0 0 0 0 0 0 0 0 0 0 0 0 0 0 0 0 0 0]
[902543844688524785296695420933604512574745451134789573109782855365080932387322550373515342957265417167766021826656391122885400598655636545962454317688253442643058678422141781551195102501419849028773767216051787369948561029059543069086581412 0 0 0 0 0 0 0 0 0 0 0 0 0 0 0 0 0 1 0 0 0 0 0 0 0 0 0 0 0 0 0 0 0 0 0 0 0 0 0 0 0 0 0 0 0 0 0 0 0 0 0 0 0 0 0 0 0 0 0 0 0 0 0 0 0 0 0 0 0 0 0 0 0 0 0 0 0 0 0]
[370244146238972119110430456629399466728967786743647936879259675082004874314125370855892384120900032484708350884361904403595177662522372034522748754864255652904048762817276770260914354695205034797387407508583115391079676047183171862439324176 0 0 0 0 0 0 0 0 0 0 0 0 0 0 0 0 0 0 1 0 0 0 0 0 0 0 0 0 0 0 0 0 0 0 0 0 0 0 0 0 0 0 0 0 0 0 0 0 0 0 0 0 0 0 0 0 0 0 0 0 0 0 0 0 0 0 0 0 0 0 0 0 0 0 0 0 0 0 0]
[2467483962435095069557452737373350524049545274438164456514630509957501473740542218660539015495264210547638468776806312517338556088279946863053798483484664394373161127507965058637113538885081140048202884721144678045223689158985804673296744766 0 0 0 0 0 0 0 0 0 0 0 0 0 0 0 0 0 0 0 1 0 0 0 0 0 0 0 0 0 0 0 0 0 0 0 0 0 0 0 0 0 0 0 0 0 0 0 0 0 0 0 0 0 0 0 0 0 0 0 0 0 0 0 0 0 0 0 0 0 0 0 0 0 0 0 0 0 0 0]
[1589739541517302929631396811311492983597315733867475096242631947927008689012852678171342973236499441455857866920151334438415663622755532533927220633803253310862651714695063956533461619590028064483982187642499847105829683037059510335193081283 0 0 0 0 0 0 0 0 0 0 0 0 0 0 0 0 0 0 0 0 1 0 0 0 0 0 0 0 0 0 0 0 0 0 0 0 0 0 0 0 0 0 0 0 0 0 0 0 0 0 0 0 0 0 0 0 0 0 0 0 0 0 0 0 0 0 0 0 0 0 0 0 0 0 0 0 0 0 0]
[1427970366263343559635631738297150331175750369555312420824705753199771004305788403619269960694329270690902240428249882106921575968171337505629210941060733564231348874271339263251284979019880797823718493657232763123701149713420780711537403038 0 0 0 0 0 0 0 0 0 0 0 0 0 0 0 0 0 0 0 0 0 1 0 0 0 0 0 0 0 0 0 0 0 0 0 0 0 0 0 0 0 0 0 0 0 0 0 0 0 0 0 0 0 0 0 0 0 0 0 0 0 0 0 0 0 0 0 0 0 0 0 0 0 0 0 0 0 0 0]
[1769898112905264398928102497897500952846678289962377764371036234463891137157026264347856715069712211476947918544180606052921192283818875022180012550979110732767875173729251639902424436237509498241649352227267937708592751417937916347900241292 0 0 0 0 0 0 0 0 0 0 0 0 0 0 0 0 0 0 0 0 0 0 1 0 0 0 0 0 0 0 0 0 0 0 0 0 0 0 0 0 0 0 0 0 0 0 0 0 0 0 0 0 0 0 0 0 0 0 0 0 0 0 0 0 0 0 0 0 0 0 0 0 0 0 0 0 0 0 0]
[4171330906940183395431175301625491677936396856750535919363567027201142886153438959768934900070973309936231143923544629260902487210784990709612228046117308355450319494150757654174033260364940365201348517076241339539001762378306291286775433301 0 0 0 0 0 0 0 0 0 0 0 0 0 0 0 0 0 0 0 0 0 0 0 1 0 0 0 0 0 0 0 0 0 0 0 0 0 0 0 0 0 0 0 0 0 0 0 0 0 0 0 0 0 0 0 0 0 0 0 0 0 0 0 0 0 0 0 0 0 0 0 0 0 0 0 0 0 0 0]
[681657766450603709886614701508474305129337207564747878181842721665455206359494644822688981720329951636998226355695857302473552841254514732705816744182640018408880184985275723757697682840129583040497441492527372271694745433836686515102191349 0 0 0 0 0 0 0 0 0 0 0 0 0 0 0 0 0 0 0 0 0 0 0 0 1 0 0 0 0 0 0 0 0 0 0 0 0 0 0 0 0 0 0 0 0 0 0 0 0 0 0 0 0 0 0 0 0 0 0 0 0 0 0 0 0 0 0 0 0 0 0 0 0 0 0 0 0 0 0]
[2978763410433074943355123662732433177959060561905352379667506678029475421115732726604920238651925650513994948129992630019037116171494885406556475492295137252795694446118575474308750126780928999180239208851637491276275216665708177494289497600 0 0 0 0 0 0 0 0 0 0 0 0 0 0 0 0 0 0 0 0 0 0 0 0 0 1 0 0 0 0 0 0 0 0 0 0 0 0 0 0 0 0 0 0 0 0 0 0 0 0 0 0 0 0 0 0 0 0 0 0 0 0 0 0 0 0 0 0 0 0 0 0 0 0 0 0 0 0 0]
[2822388145553345745600908987863430006266966004201824246578997349340319828732990374841121601390574504440075700061062578069107072023637013938445691344257685203996086406480181051482448347017649746226305227302167470376467968111514148770225633713 0 0 0 0 0 0 0 0 0 0 0 0 0 0 0 0 0 0 0 0 0 0 0 0 0 0 1 0 0 0 0 0 0 0 0 0 0 0 0 0 0 0 0 0 0 0 0 0 0 0 0 0 0 0 0 0 0 0 0 0 0 0 0 0 0 0 0 0 0 0 0 0 0 0 0 0 0 0 0]
[1840231297430654902137762839389837889281395322138514024109872248632448774775928290029057606037450650629392183997312462464942986482767914662661558497853232506904750902511844001025776594862025917561681349274751939000745703945463059334195144302 0 0 0 0 0 0 0 0 0 0 0 0 0 0 0 0 0 0 0 0 0 0 0 0 0 0 0 1 0 0 0 0 0 0 0 0 0 0 0 0 0 0 0 0 0 0 0 0 0 0 0 0 0 0 0 0 0 0 0 0 0 0 0 0 0 0 0 0 0 0 0 0 0 0 0 0 0 0 0]
[2404601539278280997580722462761795942870779126769480322646377888545533963911562834964446455921222247371468496543717623535906589965186930165444819316620245746948225093678648447858262647116805261897189136731375916518086377120929198548195030030 0 0 0 0 0 0 0 0 0 0 0 0 0 0 0 0 0 0 0 0 0 0 0 0 0 0 0 0 1 0 0 0 0 0 0 0 0 0 0 0 0 0 0 0 0 0 0 0 0 0 0 0 0 0 0 0 0 0 0 0 0 0 0 0 0 0 0 0 0 0 0 0 0 0 0 0 0 0 0]
[431588683979437281413188412476424778728544878995487107423451648080556802528520907842733591192027137556315732793442929559230673454538883853661530416338153514617200387749746646331067937441273262995842070721759483509025065469689020943556682381 0 0 0 0 0 0 0 0 0 0 0 0 0 0 0 0 0 0 0 0 0 0 0 0 0 0 0 0 0 1 0 0 0 0 0 0 0 0 0 0 0 0 0 0 0 0 0 0 0 0 0 0 0 0 0 0 0 0 0 0 0 0 0 0 0 0 0 0 0 0 0 0 0 0 0 0 0 0 0]
[3600824845450472562298015660957262323949026864102768928189270373359775522893540690179284035216714400712608851971390284427811479273174836473280239886610860356732564152798457616383374534036308751906128679792568169267928608965297029598072519596 0 0 0 0 0 0 0 0 0 0 0 0 0 0 0 0 0 0 0 0 0 0 0 0 0 0 0 0 0 0 1 0 0 0 0 0 0 0 0 0 0 0 0 0 0 0 0 0 0 0 0 0 0 0 0 0 0 0 0 0 0 0 0 0 0 0 0 0 0 0 0 0 0 0 0 0 0 0 0]
[207521613856744810770921420626086555236032888346689421873560278479186656430598392898559701766604449270417854737287458905341951558514600889200564162213577766474541492865352965150299560070686269688236450754777250827289114773659539390276019245 0 0 0 0 0 0 0 0 0 0 0 0 0 0 0 0 0 0 0 0 0 0 0 0 0 0 0 0 0 0 0 1 0 0 0 0 0 0 0 0 0 0 0 0 0 0 0 0 0 0 0 0 0 0 0 0 0 0 0 0 0 0 0 0 0 0 0 0 0 0 0 0 0 0 0 0 0 0 0]
[959307111575730158125413425309135223825508073853078824013942829721029778036078087608475128658396021184612080444466868053054070800529582384230587788174993954127804385699466152904791579014641421432857190307530511258176524327237963833107065393 0 0 0 0 0 0 0 0 0 0 0 0 0 0 0 0 0 0 0 0 0 0 0 0 0 0 0 0 0 0 0 0 1 0 0 0 0 0 0 0 0 0 0 0 0 0 0 0 0 0 0 0 0 0 0 0 0 0 0 0 0 0 0 0 0 0 0 0 0 0 0 0 0 0 0 0 0 0 0]
[915953141719010626163039822202986233824650217088229812521941835158567873093905447159140115637949995940719775816354308321007154461159516625353709030987895330607605386987421233448759749860602266260920954803234947133055104526143938324019055249 0 0 0 0 0 0 0 0 0 0 0 0 0 0 0 0 0 0 0 0 0 0 0 0 0 0 0 0 0 0 0 0 0 1 0 0 0 0 0 0 0 0 0 0 0 0 0 0 0 0 0 0 0 0 0 0 0 0 0 0 0 0 0 0 0 0 0 0 0 0 0 0 0 0 0 0 0 0 0]
[655608124121025072155435458772935270674612960331299318301231061768120528135932845916114309683887733747320401541285957352388459676130129159035517094516814808817653947549911304298347784279778313362912677805618638126760184868038487343975442572 0 0 0 0 0 0 0 0 0 0 0 0 0 0 0 0 0 0 0 0 0 0 0 0 0 0 0 0 0 0 0 0 0 0 1 0 0 0 0 0 0 0 0 0 0 0 0 0 0 0 0 0 0 0 0 0 0 0 0 0 0 0 0 0 0 0 0 0 0 0 0 0 0 0 0 0 0 0 0]
[427726127003402317596541536447388740469391552859911521056332033405058066856761956747171533266909066219480183924729957278281084262594383142707879881294861177264068652889768370070023200934902887064568129875933028052668289676913546179440479007 0 0 0 0 0 0 0 0 0 0 0 0 0 0 0 0 0 0 0 0 0 0 0 0 0 0 0 0 0 0 0 0 0 0 0 1 0 0 0 0 0 0 0 0 0 0 0 0 0 0 0 0 0 0 0 0 0 0 0 0 0 0 0 0 0 0 0 0 0 0 0 0 0 0 0 0 0 0 0]
[1261117991370273477239398323702153755599619725249238028153739471238966533210839703980057950420463188258351915606562017090205397586277993492186341900695603281533187275258041929572030206062698903352586922668154683887599016176413987609986778472 0 0 0 0 0 0 0 0 0 0 0 0 0 0 0 0 0 0 0 0 0 0 0 0 0 0 0 0 0 0 0 0 0 0 0 0 1 0 0 0 0 0 0 0 0 0 0 0 0 0 0 0 0 0 0 0 0 0 0 0 0 0 0 0 0 0 0 0 0 0 0 0 0 0 0 0 0 0 0]
[595953997841269904192707082513123189801389945610905356295655806296667094510920068818298875311568681816983229547069760576655921852757107237329010111413838005233669629174624510587201934643468886721858634814262183785682993562102873748301840589 0 0 0 0 0 0 0 0 0 0 0 0 0 0 0 0 0 0 0 0 0 0 0 0 0 0 0 0 0 0 0 0 0 0 0 0 0 1 0 0 0 0 0 0 0 0 0 0 0 0 0 0 0 0 0 0 0 0 0 0 0 0 0 0 0 0 0 0 0 0 0 0 0 0 0 0 0 0 0]
[1342593130426359153911879844644015072613269066627577390379699427483526885059470408420515984253639503585242248198270832154236929009212880132662369547206579832911305282401088376850439135954598613614208120755580988905168157026852471672481771215 0 0 0 0 0 0 0 0 0 0 0 0 0 0 0 0 0 0 0 0 0 0 0 0 0 0 0 0 0 0 0 0 0 0 0 0 0 0 1 0 0 0 0 0 0 0 0 0 0 0 0 0 0 0 0 0 0 0 0 0 0 0 0 0 0 0 0 0 0 0 0 0 0 0 0 0 0 0 0]
[2261717988426527552463000790154117918308527293662232719884422284549595480331201622461137883216325504126057271823374272080584684118144439568606201962072132946599722412450332797951862647763132410663026778404435694913271775890773496332917669957 0 0 0 0 0 0 0 0 0 0 0 0 0 0 0 0 0 0 0 0 0 0 0 0 0 0 0 0 0 0 0 0 0 0 0 0 0 0 0 1 0 0 0 0 0 0 0 0 0 0 0 0 0 0 0 0 0 0 0 0 0 0 0 0 0 0 0 0 0 0 0 0 0 0 0 0 0 0 0]
[2827723242215095753022496359601127814230736347779505124375881382796314116960291164269381489208073331043079261977097193380411577184591444007343497036356332627564717722884958482168650393703787802658759032438750625140474344684803249954234324775 0 0 0 0 0 0 0 0 0 0 0 0 0 0 0 0 0 0 0 0 0 0 0 0 0 0 0 0 0 0 0 0 0 0 0 0 0 0 0 0 1 0 0 0 0 0 0 0 0 0 0 0 0 0 0 0 0 0 0 0 0 0 0 0 0 0 0 0 0 0 0 0 0 0 0 0 0 0 0]
[666448061901246944550984248353531083278501874589249470236276431949479338852026320692688776686822795762219601739341987610531336177448012979145934805944409475318494916591592273410249418271061159300559295212597766527750185749824620966014617957 0 0 0 0 0 0 0 0 0 0 0 0 0 0 0 0 0 0 0 0 0 0 0 0 0 0 0 0 0 0 0 0 0 0 0 0 0 0 0 0 0 1 0 0 0 0 0 0 0 0 0 0 0 0 0 0 0 0 0 0 0 0 0 0 0 0 0 0 0 0 0 0 0 0 0 0 0 0 0]
[4227329917902558295397253004255834483991601122880078189063989791850213465127593364617686233117238002311756851938756160427205130169129250244230814176198810084228889827943336994523296122838573565451895130081887927189390020596818282845777673082 0 0 0 0 0 0 0 0 0 0 0 0 0 0 0 0 0 0 0 0 0 0 0 0 0 0 0 0 0 0 0 0 0 0 0 0 0 0 0 0 0 0 1 0 0 0 0 0 0 0 0 0 0 0 0 0 0 0 0 0 0 0 0 0 0 0 0 0 0 0 0 0 0 0 0 0 0 0 0]
[2072638449898894598371804456674320265453217388132988184239362418268322078563748109119723488822563484094967418410500615394993022866450954646855969809250056540145826836481309014423671775445539360906537441605148777790414892904279063391841060924 0 0 0 0 0 0 0 0 0 0 0 0 0 0 0 0 0 0 0 0 0 0 0 0 0 0 0 0 0 0 0 0 0 0 0 0 0 0 0 0 0 0 0 1 0 0 0 0 0 0 0 0 0 0 0 0 0 0 0 0 0 0 0 0 0 0 0 0 0 0 0 0 0 0 0 0 0 0 0]
[4134916253993427604059267338493599716833513334004030908166214313870404690699060657963768555916715882132940017853016772199145414206946976431762311951825918115451609797183462928561251278779576536539833900605331611048272093611680518933275262304 0 0 0 0 0 0 0 0 0 0 0 0 0 0 0 0 0 0 0 0 0 0 0 0 0 0 0 0 0 0 0 0 0 0 0 0 0 0 0 0 0 0 0 0 1 0 0 0 0 0 0 0 0 0 0 0 0 0 0 0 0 0 0 0 0 0 0 0 0 0 0 0 0 0 0 0 0 0 0]
[3380768852028354790405105747417072432667193801403771806847063278519790146748476633397337307129641871819422784792545633805459501736312533841709947941571478126646228025953051723625773747696708770444418153260457350459373618716615801261769470034 0 0 0 0 0 0 0 0 0 0 0 0 0 0 0 0 0 0 0 0 0 0 0 0 0 0 0 0 0 0 0 0 0 0 0 0 0 0 0 0 0 0 0 0 0 1 0 0 0 0 0 0 0 0 0 0 0 0 0 0 0 0 0 0 0 0 0 0 0 0 0 0 0 0 0 0 0 0 0]
[3310133075233974232336834966189783973132995373946664988879372243372944473928307114987300582635373940794201069381019912185390545088236015419437211928300928977388256610239461801273450950744464597267119769691529129849253044675836293224997157071 0 0 0 0 0 0 0 0 0 0 0 0 0 0 0 0 0 0 0 0 0 0 0 0 0 0 0 0 0 0 0 0 0 0 0 0 0 0 0 0 0 0 0 0 0 0 1 0 0 0 0 0 0 0 0 0 0 0 0 0 0 0 0 0 0 0 0 0 0 0 0 0 0 0 0 0 0 0 0]
[3757552381414198580043238810142160730364235398325038654270632997830951244504474301836740941733240270427372995612089717766496501813653575893692481943258210070857241797923964897605415930115912390491644702955885961346685275811511273570333047431 0 0 0 0 0 0 0 0 0 0 0 0 0 0 0 0 0 0 0 0 0 0 0 0 0 0 0 0 0 0 0 0 0 0 0 0 0 0 0 0 0 0 0 0 0 0 0 1 0 0 0 0 0 0 0 0 0 0 0 0 0 0 0 0 0 0 0 0 0 0 0 0 0 0 0 0 0 0 0]
[3213259127253878866121875399617611682602592887679933234493597878010279060482618481244419106189410006593290337666087157042074385870782414578541144199005606908088339113448545760483341823068882061136427679491092791716181320057556190708582156599 0 0 0 0 0 0 0 0 0 0 0 0 0 0 0 0 0 0 0 0 0 0 0 0 0 0 0 0 0 0 0 0 0 0 0 0 0 0 0 0 0 0 0 0 0 0 0 0 1 0 0 0 0 0 0 0 0 0 0 0 0 0 0 0 0 0 0 0 0 0 0 0 0 0 0 0 0 0 0]
[2700593723810964680130929632435809974777740335639849576102147094830888348507169750171499362727655518314180255518980631736890036237705173230428347420936643942355816810773919339579675907188319849660332100335682742764574772167354343578444692602 0 0 0 0 0 0 0 0 0 0 0 0 0 0 0 0 0 0 0 0 0 0 0 0 0 0 0 0 0 0 0 0 0 0 0 0 0 0 0 0 0 0 0 0 0 0 0 0 0 1 0 0 0 0 0 0 0 0 0 0 0 0 0 0 0 0 0 0 0 0 0 0 0 0 0 0 0 0 0]
[4232323415422191599165099346406623608785390304214642689567950997619575599349850535779941460673765665965572648507901870861436263774779414287060389239525385592321267041389913624174883149389898587103375508997404695227460593302945261258479426667 0 0 0 0 0 0 0 0 0 0 0 0 0 0 0 0 0 0 0 0 0 0 0 0 0 0 0 0 0 0 0 0 0 0 0 0 0 0 0 0 0 0 0 0 0 0 0 0 0 0 1 0 0 0 0 0 0 0 0 0 0 0 0 0 0 0 0 0 0 0 0 0 0 0 0 0 0 0 0]
[1548214963651615190271559943583971704523294075269982710452657428590709381584208767567175486617172883974581504526696980053471731808284172729326751370207045916697999087464021916407139221276651198264555499367386003383486835748114159212974137990 0 0 0 0 0 0 0 0 0 0 0 0 0 0 0 0 0 0 0 0 0 0 0 0 0 0 0 0 0 0 0 0 0 0 0 0 0 0 0 0 0 0 0 0 0 0 0 0 0 0 0 1 0 0 0 0 0 0 0 0 0 0 0 0 0 0 0 0 0 0 0 0 0 0 0 0 0 0 0]
[4366898113670496695808746717497141338138522802511756296597533911127690513997869189949132390522639941395991538764810752753743973770479625145288609331322155291587460240488299328250202716804765126443893948018376684040475202966078622122018027123 0 0 0 0 0 0 0 0 0 0 0 0 0 0 0 0 0 0 0 0 0 0 0 0 0 0 0 0 0 0 0 0 0 0 0 0 0 0 0 0 0 0 0 0 0 0 0 0 0 0 0 0 1 0 0 0 0 0 0 0 0 0 0 0 0 0 0 0 0 0 0 0 0 0 0 0 0 0 0]
[2299040236908645604971594359724789860744281241089522564785337450762128618633534556188297179177720098288180768291882162584746060640950111907176140549780836090020997847560657386060920836775923766316053948900715340831904869394003099315158570835 0 0 0 0 0 0 0 0 0 0 0 0 0 0 0 0 0 0 0 0 0 0 0 0 0 0 0 0 0 0 0 0 0 0 0 0 0 0 0 0 0 0 0 0 0 0 0 0 0 0 0 0 0 1 0 0 0 0 0 0 0 0 0 0 0 0 0 0 0 0 0 0 0 0 0 0 0 0 0]
[328289134819949993744803016085833353638367887645767965745360458740920517663548274140471133299820832630012619206481461896434773691690266635722858541881501598346348479175815343675766283895389141938421699730908826471852218816279050583277271517 0 0 0 0 0 0 0 0 0 0 0 0 0 0 0 0 0 0 0 0 0 0 0 0 0 0 0 0 0 0 0 0 0 0 0 0 0 0 0 0 0 0 0 0 0 0 0 0 0 0 0 0 0 0 1 0 0 0 0 0 0 0 0 0 0 0 0 0 0 0 0 0 0 0 0 0 0 0 0]
[1986515460629467812791372135255877853730377336630306758942398429934996387637316692938522970951375020785838015755585943103208734549374870263271578246991240206221114439025502216058604994762118692208299005712240226444852641548218163532398094521 0 0 0 0 0 0 0 0 0 0 0 0 0 0 0 0 0 0 0 0 0 0 0 0 0 0 0 0 0 0 0 0 0 0 0 0 0 0 0 0 0 0 0 0 0 0 0 0 0 0 0 0 0 0 0 1 0 0 0 0 0 0 0 0 0 0 0 0 0 0 0 0 0 0 0 0 0 0 0]
[3115846668490314754202317190159932214398909408323288130785624818661515912675588359344984527395358391917993606384038855807707498227376163463680239961089847709475695193786904116716377546302687013220420815050553845322328793117857799553718432206 0 0 0 0 0 0 0 0 0 0 0 0 0 0 0 0 0 0 0 0 0 0 0 0 0 0 0 0 0 0 0 0 0 0 0 0 0 0 0 0 0 0 0 0 0 0 0 0 0 0 0 0 0 0 0 0 1 0 0 0 0 0 0 0 0 0 0 0 0 0 0 0 0 0 0 0 0 0 0]
[2271263613000858566924469016867727733860516751113385719547138720849458118297117185013609871929874665468692761495809276932529583431270550447150778594108709832233465034112551724742685556078583043563374381977337687243921530131930986022800813898 0 0 0 0 0 0 0 0 0 0 0 0 0 0 0 0 0 0 0 0 0 0 0 0 0 0 0 0 0 0 0 0 0 0 0 0 0 0 0 0 0 0 0 0 0 0 0 0 0 0 0 0 0 0 0 0 0 1 0 0 0 0 0 0 0 0 0 0 0 0 0 0 0 0 0 0 0 0 0]
[1622940868624557410549753356502826736336779510975031233734718593532440435394788232123885145496453060767071415365983381062617688150957867309671932006820391429777972717520285858858809262297991066733855216104906080233851397699968759239602241171 0 0 0 0 0 0 0 0 0 0 0 0 0 0 0 0 0 0 0 0 0 0 0 0 0 0 0 0 0 0 0 0 0 0 0 0 0 0 0 0 0 0 0 0 0 0 0 0 0 0 0 0 0 0 0 0 0 0 1 0 0 0 0 0 0 0 0 0 0 0 0 0 0 0 0 0 0 0 0]
[657482176615790442463182627330132698007876684286855908628038962060689530322477109229127592001208254411707777028903987453855540103576700526882149495422083607680713156490942149213393788673599379353362183162845462160166279027790486184453899742 0 0 0 0 0 0 0 0 0 0 0 0 0 0 0 0 0 0 0 0 0 0 0 0 0 0 0 0 0 0 0 0 0 0 0 0 0 0 0 0 0 0 0 0 0 0 0 0 0 0 0 0 0 0 0 0 0 0 0 1 0 0 0 0 0 0 0 0 0 0 0 0 0 0 0 0 0 0 0]
[3799886393707516788980712812568351326610661440388448125914723146005683411505822424757826775102139697876686403775655086366189650416936904539543691609772580304349160081847820931593408632021651213828824665394808226454519401555171269931840908554 0 0 0 0 0 0 0 0 0 0 0 0 0 0 0 0 0 0 0 0 0 0 0 0 0 0 0 0 0 0 0 0 0 0 0 0 0 0 0 0 0 0 0 0 0 0 0 0 0 0 0 0 0 0 0 0 0 0 0 0 1 0 0 0 0 0 0 0 0 0 0 0 0 0 0 0 0 0 0]
[2211135120077487713074097133981409761232081067048212594742862250100628303276200300485104926591474037213988841345029510494515377201713597293068554781118424725783195375904531369535701950405117710237795660987732410956760579823544502761802065564 0 0 0 0 0 0 0 0 0 0 0 0 0 0 0 0 0 0 0 0 0 0 0 0 0 0 0 0 0 0 0 0 0 0 0 0 0 0 0 0 0 0 0 0 0 0 0 0 0 0 0 0 0 0 0 0 0 0 0 0 0 1 0 0 0 0 0 0 0 0 0 0 0 0 0 0 0 0 0]
[3098094911169890945165447939909649183162360098273892870226817013240852713543931909794848028950967284465403443525223865736999666446622375368417000360841329663369482011160602982434958882585987241387032357122336291170682107076905812400726416916 0 0 0 0 0 0 0 0 0 0 0 0 0 0 0 0 0 0 0 0 0 0 0 0 0 0 0 0 0 0 0 0 0 0 0 0 0 0 0 0 0 0 0 0 0 0 0 0 0 0 0 0 0 0 0 0 0 0 0 0 0 0 1 0 0 0 0 0 0 0 0 0 0 0 0 0 0 0 0]
[1482604379524738906888391211026684938779295238581539405593491523720491208345484034200503161399600637327701912918348359512089856732863148582996593917140169197705898999140445974661930847322588872288429974666699453695541040302254934853659005234 0 0 0 0 0 0 0 0 0 0 0 0 0 0 0 0 0 0 0 0 0 0 0 0 0 0 0 0 0 0 0 0 0 0 0 0 0 0 0 0 0 0 0 0 0 0 0 0 0 0 0 0 0 0 0 0 0 0 0 0 0 0 0 1 0 0 0 0 0 0 0 0 0 0 0 0 0 0 0]
[1546363513157293841004102829038296102385236353938482668784914183697198834263902657395088278664674522860882058777039217404955560327609511574882634816853279543025884396586127060111338773020203432048140031133474300918733570739647092247142395695 0 0 0 0 0 0 0 0 0 0 0 0 0 0 0 0 0 0 0 0 0 0 0 0 0 0 0 0 0 0 0 0 0 0 0 0 0 0 0 0 0 0 0 0 0 0 0 0 0 0 0 0 0 0 0 0 0 0 0 0 0 0 0 0 1 0 0 0 0 0 0 0 0 0 0 0 0 0 0]
[1007113265356476193879211378656766164910450626346457317546067143558644723197705558226278305254166446031331730005970193613805313706883674088895693454334404498326401858650899841036570065876987718548131012007523346918817344992826573894942534022 0 0 0 0 0 0 0 0 0 0 0 0 0 0 0 0 0 0 0 0 0 0 0 0 0 0 0 0 0 0 0 0 0 0 0 0 0 0 0 0 0 0 0 0 0 0 0 0 0 0 0 0 0 0 0 0 0 0 0 0 0 0 0 0 0 1 0 0 0 0 0 0 0 0 0 0 0 0 0]
[3768594702339872848679324359907221493651172328544363352466433647908385065582650824689167241124941814481079949051581782271509462473570743759437317519746519141614804449891982408011944790465518961960229940033572732458768169472639033957089031201 0 0 0 0 0 0 0 0 0 0 0 0 0 0 0 0 0 0 0 0 0 0 0 0 0 0 0 0 0 0 0 0 0 0 0 0 0 0 0 0 0 0 0 0 0 0 0 0 0 0 0 0 0 0 0 0 0 0 0 0 0 0 0 0 0 0 1 0 0 0 0 0 0 0 0 0 0 0 0]
[2408230149065127602637312026079715083818008269112845434618558135063403969549530915296616447117635179673745103978761856574230895693212555307009151097754680466861292782329526006899100053618803039870718255268194210156434661860694305373215097253 0 0 0 0 0 0 0 0 0 0 0 0 0 0 0 0 0 0 0 0 0 0 0 0 0 0 0 0 0 0 0 0 0 0 0 0 0 0 0 0 0 0 0 0 0 0 0 0 0 0 0 0 0 0 0 0 0 0 0 0 0 0 0 0 0 0 0 1 0 0 0 0 0 0 0 0 0 0 0]
[3804142274932648057462615956188867898974595371563614195976472592197774775798715594387216373194152834843318695483356763778793834826706275297670505848351089088299952662570363984484668470744687765751133255202987941223004986420482494060153725665 0 0 0 0 0 0 0 0 0 0 0 0 0 0 0 0 0 0 0 0 0 0 0 0 0 0 0 0 0 0 0 0 0 0 0 0 0 0 0 0 0 0 0 0 0 0 0 0 0 0 0 0 0 0 0 0 0 0 0 0 0 0 0 0 0 0 0 0 1 0 0 0 0 0 0 0 0 0 0]
[2452411229559306560661029401523323087030891588734875147215434193003113093417091819923547003609920369523383835893836972975169768977472968860542166461884648975141810037240330883219250399417145982770913984804247172247633112687498164129136363573 0 0 0 0 0 0 0 0 0 0 0 0 0 0 0 0 0 0 0 0 0 0 0 0 0 0 0 0 0 0 0 0 0 0 0 0 0 0 0 0 0 0 0 0 0 0 0 0 0 0 0 0 0 0 0 0 0 0 0 0 0 0 0 0 0 0 0 0 0 1 0 0 0 0 0 0 0 0 0]
[2107082175723427786982790923970152751658644760725754053710983574587191996798283925562827486796942921455144427992699214529039349216995313486911157287920221813372771027403187606243599326235532747448873236970152980335357344309417885522695524652 0 0 0 0 0 0 0 0 0 0 0 0 0 0 0 0 0 0 0 0 0 0 0 0 0 0 0 0 0 0 0 0 0 0 0 0 0 0 0 0 0 0 0 0 0 0 0 0 0 0 0 0 0 0 0 0 0 0 0 0 0 0 0 0 0 0 0 0 0 0 1 0 0 0 0 0 0 0 0]
[2355152085150523139422035148004673782315896833956416930705954344353121912941990772560428521061018538871068940429089139266063769066485370375422597007255238343563192959040511229041874584361423681760647670534804043146133905500623719583145487564 0 0 0 0 0 0 0 0 0 0 0 0 0 0 0 0 0 0 0 0 0 0 0 0 0 0 0 0 0 0 0 0 0 0 0 0 0 0 0 0 0 0 0 0 0 0 0 0 0 0 0 0 0 0 0 0 0 0 0 0 0 0 0 0 0 0 0 0 0 0 0 1 0 0 0 0 0 0 0]
[3921843608771870303143043260387789634480429460978108218411164516046576914186202077745892765961721779948478474370808101114177044511356686608162275967194491502378103222130953805009287040845712869061869525898134442041180931597771708157024798669 0 0 0 0 0 0 0 0 0 0 0 0 0 0 0 0 0 0 0 0 0 0 0 0 0 0 0 0 0 0 0 0 0 0 0 0 0 0 0 0 0 0 0 0 0 0 0 0 0 0 0 0 0 0 0 0 0 0 0 0 0 0 0 0 0 0 0 0 0 0 0 0 1 0 0 0 0 0 0]
[89917379683264959739259226686285982439064097390420700361290469471688668507921268846503004693263875428404485010140995241228684629142652720431461995977227967488175656454147351956019333601886765887431322726343661701558129244669265010956537825 0 0 0 0 0 0 0 0 0 0 0 0 0 0 0 0 0 0 0 0 0 0 0 0 0 0 0 0 0 0 0 0 0 0 0 0 0 0 0 0 0 0 0 0 0 0 0 0 0 0 0 0 0 0 0 0 0 0 0 0 0 0 0 0 0 0 0 0 0 0 0 0 0 1 0 0 0 0 0]
[4240891492040991569601619629094300082832991915588541095603846098916071947067352139621785601629415550830122579299574031325466413448353104320264665882364433315936979179768081179269408965917833618063755376812145440430861736519069526547973957152 0 0 0 0 0 0 0 0 0 0 0 0 0 0 0 0 0 0 0 0 0 0 0 0 0 0 0 0 0 0 0 0 0 0 0 0 0 0 0 0 0 0 0 0 0 0 0 0 0 0 0 0 0 0 0 0 0 0 0 0 0 0 0 0 0 0 0 0 0 0 0 0 0 0 1 0 0 0 0]
[2682051586098458117596188774598475188172036806557781502841434698503926749694465559395824850774372905133286937009541056077383202476827052481625968164953830201837752055046008448784243733814433548903618447380764473299907955377127316185703154518 0 0 0 0 0 0 0 0 0 0 0 0 0 0 0 0 0 0 0 0 0 0 0 0 0 0 0 0 0 0 0 0 0 0 0 0 0 0 0 0 0 0 0 0 0 0 0 0 0 0 0 0 0 0 0 0 0 0 0 0 0 0 0 0 0 0 0 0 0 0 0 0 0 0 0 1 0 0 0]
[4216419843304515973266577428194023309295945340461206871057990725143407278767450669715596501097940205464191562002541155985744957665721469584044451353463873960758059306875777504765203238626186626847390466795967635736515477896872640535841786009 0 0 0 0 0 0 0 0 0 0 0 0 0 0 0 0 0 0 0 0 0 0 0 0 0 0 0 0 0 0 0 0 0 0 0 0 0 0 0 0 0 0 0 0 0 0 0 0 0 0 0 0 0 0 0 0 0 0 0 0 0 0 0 0 0 0 0 0 0 0 0 0 0 0 0 0 1 0 0]
[1446299393413723971060039040576502239152804788460776887679308219427877066396855309174640275352544452962996310676662142338348909781278956253594384143014021137624899170167904004486526583554083032129139002863736946875954659724927599959852529172 0 0 0 0 0 0 0 0 0 0 0 0 0 0 0 0 0 0 0 0 0 0 0 0 0 0 0 0 0 0 0 0 0 0 0 0 0 0 0 0 0 0 0 0 0 0 0 0 0 0 0 0 0 0 0 0 0 0 0 0 0 0 0 0 0 0 0 0 0 0 0 0 0 0 0 0 0 1 0]
[3739653472097377513284167001887340552879717782215819871929904881351704602818172938943937197042903639674855184976634236162649469720541789849003002216999549375091521003562559914015616230299565943541505073511599017568592187035219141137985406755 0 0 0 0 0 0 0 0 0 0 0 0 0 0 0 0 0 0 0 0 0 0 0 0 0 0 0 0 0 0 0 0 0 0 0 0 0 0 0 0 0 0 0 0 0 0 0 0 0 0 0 0 0 0 0 0 0 0 0 0 0 0 0 0 0 0 0 0 0 0 0 0 0 0 0 0 0 0 1]
]
