[[8242560036556923442656136270546699642783110784784868355394590896937947611661204463318088066924209850509128157064092669359879754338436876465369716632890030510791961078080647602481080935348154372012111777299364070657915436704171564122518479260880783582740805244811350104704844235584118258219353435162219 0 0 0 0 0 0 0 0 0 0 0 0 0 0 0 0 0 0 0 0 0 0 0 0 0 0 0 0 0 0 0 0 0 0 0 0 0 0 0 0 0 0 0 0 0 0 0 0 0 0 0 0 0 0 0 0 0 0 0 0 0 0 0 0 0 0 0 0 0 0 0 0 0 0 0 0 0 0 0 0 0 0 0 0 0 0 0 0 0 0 0 0 0 0 0 0 0 0 0]
[3631879328148472711495329470599760667020578163140522893429551582263297796849668502491452507810517309827084498553369871827277897501232457234321497363205487843169812693065059739288254895065346457276402404641337903105788533576364244948008136887379008674917595219260421508292755827305784369965751884150574 1 0 0 0 0 0 0 0 0 0 0 0 0 0 0 0 0 0 0 0 0 0 0 0 0 0 0 0 0 0 0 0 0 0 0 0 0 0 0 0 0 0 0 0 0 0 0 0 0 0 0 0 0 0 0 0 0 0 0 0 0 0 0 0 0 0 0 0 0 0 0 0 0 0 0 0 0 0 0 0 0 0 0 0 0 0 0 0 0 0 0 0 0 0 0 0 0 0 0]
[3464632265773393841316217237927622578489933067154363027598039386610717856271058705146311468396461750862802749852402342625766569092361822453933264020838247208676312526727617006758749597081607183996190975867400082292631967314957581789452386224952701798193602561134097972459968536121330738859828646954164 0 1 0 0 0 0 0 0 0 0 0 0 0 0 0 0 0 0 0 0 0 0 0 0 0 0 0 0 0 0 0 0 0 0 0 0 0 0 0 0 0 0 0 0 0 0 0 0 0 0 0 0 0 0 0 0 0 0 0 0 0 0 0 0 0 0 0 0 0 0 0 0 0 0 0 0 0 0 0 0 0 0 0 0 0 0 0 0 0 0 0 0 0 0 0 0 0 0 0]
[3463376662021943641887703440043037687196668934759930240694092717581655242187406767480430241746046830875355060060166338174281851862458452708847490826708527733213715840656663997403774057848021373962803960853609139804327022992670653652899262014441053629910919551476619596597231390911927976666099974799959 0 0 1 0 0 0 0 0 0 0 0 0 0 0 0 0 0 0 0 0 0 0 0 0 0 0 0 0 0 0 0 0 0 0 0 0 0 0 0 0 0 0 0 0 0 0 0 0 0 0 0 0 0 0 0 0 0 0 0 0 0 0 0 0 0 0 0 0 0 0 0 0 0 0 0 0 0 0 0 0 0 0 0 0 0 0 0 0 0 0 0 0 0 0 0 0 0 0 0]
[2354223696382638432856205711132237891571176587780702419132431188423201582909505395421398351148560645455338074942481427511964598907276647486013994532580900244946530010456492099164508663930265597239042435968242951242354532447293121143842966038828846129638998105753119556032885637291381249141366613326485 0 0 0 1 0 0 0 0 0 0 0 0 0 0 0 0 0 0 0 0 0 0 0 0 0 0 0 0 0 0 0 0 0 0 0 0 0 0 0 0 0 0 0 0 0 0 0 0 0 0 0 0 0 0 0 0 0 0 0 0 0 0 0 0 0 0 0 0 0 0 0 0 0 0 0 0 0 0 0 0 0 0 0 0 0 0 0 0 0 0 0 0 0 0 0 0 0 0 0]
[4663538514422419183522551860814597756491896782445539486029135025474163742842215406143424106172680269102602143136219408603183415715298978291871116802703575487053190510937283184375869180854014561209648959528237679320642317522781908305189069536514742705089307392459201307821114376875508956066466052760007 0 0 0 0 1 0 0 0 0 0 0 0 0 0 0 0 0 0 0 0 0 0 0 0 0 0 0 0 0 0 0 0 0 0 0 0 0 0 0 0 0 0 0 0 0 0 0 0 0 0 0 0 0 0 0 0 0 0 0 0 0 0 0 0 0 0 0 0 0 0 0 0 0 0 0 0 0 0 0 0 0 0 0 0 0 0 0 0 0 0 0 0 0 0 0 0 0 0 0]
[6744967143818421034154552872499083805446359798711764324267209545512125062082131018643767298180579780841352242994262205450484730627443837339309303090415166198853202157652305083600832217961111901820682289927588840810335231116252204229800111862073311888406060775358364950092634862324900055997767178594735 0 0 0 0 0 1 0 0 0 0 0 0 0 0 0 0 0 0 0 0 0 0 0 0 0 0 0 0 0 0 0 0 0 0 0 0 0 0 0 0 0 0 0 0 0 0 0 0 0 0 0 0 0 0 0 0 0 0 0 0 0 0 0 0 0 0 0 0 0 0 0 0 0 0 0 0 0 0 0 0 0 0 0 0 0 0 0 0 0 0 0 0 0 0 0 0 0 0 0]
[7150997591336377687405916209729753503936031221584190183323791761002799816742960388764800015960008387278416003645050966891625754661708863276199644934020653035775366202530870529387217997633717172786731648353025385714668074748755618412307917507938422816577664343859449936875852852516083425259034655546057 0 0 0 0 0 0 1 0 0 0 0 0 0 0 0 0 0 0 0 0 0 0 0 0 0 0 0 0 0 0 0 0 0 0 0 0 0 0 0 0 0 0 0 0 0 0 0 0 0 0 0 0 0 0 0 0 0 0 0 0 0 0 0 0 0 0 0 0 0 0 0 0 0 0 0 0 0 0 0 0 0 0 0 0 0 0 0 0 0 0 0 0 0 0 0 0 0 0 0]
[2467588785479230995937653333105397020974177873631058715777209733378985982640378702153523817737615515477234154478455765118889082249192508378812185558929755882380664463939526731388509149084771463217542190313220225449531428133552129967982929904616131956383622468555515318905909921679181987537667675014825 0 0 0 0 0 0 0 1 0 0 0 0 0 0 0 0 0 0 0 0 0 0 0 0 0 0 0 0 0 0 0 0 0 0 0 0 0 0 0 0 0 0 0 0 0 0 0 0 0 0 0 0 0 0 0 0 0 0 0 0 0 0 0 0 0 0 0 0 0 0 0 0 0 0 0 0 0 0 0 0 0 0 0 0 0 0 0 0 0 0 0 0 0 0 0 0 0 0 0]
[7495278940691939823284891031361319791150734733165231298059972917682031588487823663857297195805857922764498768695834315223887785980426327916418415531532977335516511221518648086954962392862979007530944981176652083846686652226414546892770743875200528694866304626390273763841654219623603866357811963166685 0 0 0 0 0 0 0 0 1 0 0 0 0 0 0 0 0 0 0 0 0 0 0 0 0 0 0 0 0 0 0 0 0 0 0 0 0 0 0 0 0 0 0 0 0 0 0 0 0 0 0 0 0 0 0 0 0 0 0 0 0 0 0 0 0 0 0 0 0 0 0 0 0 0 0 0 0 0 0 0 0 0 0 0 0 0 0 0 0 0 0 0 0 0 0 0 0 0 0]
[4788757330256095405378610358002787510454692943004493920667514883640249011876362561270299172222474406469523484733146344668406315091812201238686703839829462607490109890336776287859373700976958259305230610233808340345295029912926880038916333416463784960755262738133492178859180436504124454392181118255974 0 0 0 0 0 0 0 0 0 1 0 0 0 0 0 0 0 0 0 0 0 0 0 0 0 0 0 0 0 0 0 0 0 0 0 0 0 0 0 0 0 0 0 0 0 0 0 0 0 0 0 0 0 0 0 0 0 0 0 0 0 0 0 0 0 0 0 0 0 0 0 0 0 0 0 0 0 0 0 0 0 0 0 0 0 0 0 0 0 0 0 0 0 0 0 0 0 0 0]
[3233983221749666551737769460629958848337908057623186075933002944670937424062178869336630783567574300775242567242765581782853175871011776656035107637964306488495102589662738981837748080294277960751281142888557907142197605668184266324638156523462431371438697874272807373316611918130636048380150695131031 0 0 0 0 0 0 0 0 0 0 1 0 0 0 0 0 0 0 0 0 0 0 0 0 0 0 0 0 0 0 0 0 0 0 0 0 0 0 0 0 0 0 0 0 0 0 0 0 0 0 0 0 0 0 0 0 0 0 0 0 0 0 0 0 0 0 0 0 0 0 0 0 0 0 0 0 0 0 0 0 0 0 0 0 0 0 0 0 0 0 0 0 0 0 0 0 0 0 0]
[3704159321260394222669679434880651253986858040026581211404621939760406837364634624301964616994173954245051360046849223375717758080431968359646304175746145548259179356202771411156991735625018493703907350494756536001545690634712681600461368399970174160209735168210642030191271229744915875802644115918651 0 0 0 0 0 0 0 0 0 0 0 1 0 0 0 0 0 0 0 0 0 0 0 0 0 0 0 0 0 0 0 0 0 0 0 0 0 0 0 0 0 0 0 0 0 0 0 0 0 0 0 0 0 0 0 0 0 0 0 0 0 0 0 0 0 0 0 0 0 0 0 0 0 0 0 0 0 0 0 0 0 0 0 0 0 0 0 0 0 0 0 0 0 0 0 0 0 0 0]
[8179994671763472973646396907023865677671614811439492564785076640165880989851052849525781447431808626132163863511770010184927956200383451222654473718360887534447403448492011638981998227718039426192912016547567664714150981312299950433150892460043472085959631096091911444771642693409562413454428199667825 0 0 0 0 0 0 0 0 0 0 0 0 1 0 0 0 0 0 0 0 0 0 0 0 0 0 0 0 0 0 0 0 0 0 0 0 0 0 0 0 0 0 0 0 0 0 0 0 0 0 0 0 0 0 0 0 0 0 0 0 0 0 0 0 0 0 0 0 0 0 0 0 0 0 0 0 0 0 0 0 0 0 0 0 0 0 0 0 0 0 0 0 0 0 0 0 0 0 0]
[3575720833865813936784483348010810061218291443202910108151086256807755549411381026819679941223104218081143915378311975375689433321948017053865410298043223981990892601557164026385577752814635108041707721050863375241945156329016545098574885138377217538087789587187085861613823989874164561216052914930863 0 0 0 0 0 0 0 0 0 0 0 0 0 1 0 0 0 0 0 0 0 0 0 0 0 0 0 0 0 0 0 0 0 0 0 0 0 0 0 0 0 0 0 0 0 0 0 0 0 0 0 0 0 0 0 0 0 0 0 0 0 0 0 0 0 0 0 0 0 0 0 0 0 0 0 0 0 0 0 0 0 0 0 0 0 0 0 0 0 0 0 0 0 0 0 0 0 0 0]
[5082903304795888795741221675342544729769211602646024074061821122049492008315255758493574841275330952034658512050044808868418159564541217415995059252589550558625681795337430799281743039533737822846952511461216009266981808998259193000291598809846008441300197320114921549519857081656757930206367588006545 0 0 0 0 0 0 0 0 0 0 0 0 0 0 1 0 0 0 0 0 0 0 0 0 0 0 0 0 0 0 0 0 0 0 0 0 0 0 0 0 0 0 0 0 0 0 0 0 0 0 0 0 0 0 0 0 0 0 0 0 0 0 0 0 0 0 0 0 0 0 0 0 0 0 0 0 0 0 0 0 0 0 0 0 0 0 0 0 0 0 0 0 0 0 0 0 0 0 0]
[6482826909510673038662872354254188565523810212854586152124848102488568693887469579443405534917670964129365550446008669378765715803460331556383528975161049221274149979763897172640989446454939798227959597445394680824162975289562897222673534199399934783744597298841611571901837065645330394982820250344051 0 0 0 0 0 0 0 0 0 0 0 0 0 0 0 1 0 0 0 0 0 0 0 0 0 0 0 0 0 0 0 0 0 0 0 0 0 0 0 0 0 0 0 0 0 0 0 0 0 0 0 0 0 0 0 0 0 0 0 0 0 0 0 0 0 0 0 0 0 0 0 0 0 0 0 0 0 0 0 0 0 0 0 0 0 0 0 0 0 0 0 0 0 0 0 0 0 0 0]
[1564537950452951711311670113514995046534513480076402850020300695072231070385539851670657739282365836607992191535201017346370709136340008954046385548574161986450074090155000591519134063386251353558421783780850440468397959837914969252499384669570933694892346044212452372128661475602999665481107848539075 0 0 0 0 0 0 0 0 0 0 0 0 0 0 0 0 1 0 0 0 0 0 0 0 0 0 0 0 0 0 0 0 0 0 0 0 0 0 0 0 0 0 0 0 0 0 0 0 0 0 0 0 0 0 0 0 0 0 0 0 0 0 0 0 0 0 0 0 0 0 0 0 0 0 0 0 0 0 0 0 0 0 0 0 0 0 0 0 0 0 0 0 0 0 0 0 0 0 0]
[6832008028923011750993556923015337064699346992852830902954771299692002750337098468430304575562717270373540153998056832890821157749053747575243820622270294452870547443113029793504197385998401304419082567213843944015631390009240907430731001180946088495164144285805106038272314665439812137783747824201747 0 0 0 0 0 0 0 0 0 0 0 0 0 0 0 0 0 1 0 0 0 0 0 0 0 0 0 0 0 0 0 0 0 0 0 0 0 0 0 0 0 0 0 0 0 0 0 0 0 0 0 0 0 0 0 0 0 0 0 0 0 0 0 0 0 0 0 0 0 0 0 0 0 0 0 0 0 0 0 0 0 0 0 0 0 0 0 0 0 0 0 0 0 0 0 0 0 0 0]
[5917594623781241332973202445162371805638708477497516398388489548439045621048514104472377590500777865333046364028744021269922275509986588774931282168163063480514993298461008584168227571690960196718238314375600231429095467688180149310147916738987119546041711136885967587398840070126332283797171644990271 0 0 0 0 0 0 0 0 0 0 0 0 0 0 0 0 0 0 1 0 0 0 0 0 0 0 0 0 0 0 0 0 0 0 0 0 0 0 0 0 0 0 0 0 0 0 0 0 0 0 0 0 0 0 0 0 0 0 0 0 0 0 0 0 0 0 0 0 0 0 0 0 0 0 0 0 0 0 0 0 0 0 0 0 0 0 0 0 0 0 0 0 0 0 0 0 0 0 0]
[7916303269655697995860907320036546808735392921186378983431064438456581243306990267265870477978424804688625534467407834163333915895074597870496350026970354010451144941707588647138098826827453055063422242528296448072978613242534345948349176368739406321145099978748421651096638600142877357797165487098202 0 0 0 0 0 0 0 0 0 0 0 0 0 0 0 0 0 0 0 1 0 0 0 0 0 0 0 0 0 0 0 0 0 0 0 0 0 0 0 0 0 0 0 0 0 0 0 0 0 0 0 0 0 0 0 0 0 0 0 0 0 0 0 0 0 0 0 0 0 0 0 0 0 0 0 0 0 0 0 0 0 0 0 0 0 0 0 0 0 0 0 0 0 0 0 0 0 0 0]
[4913782334931756538114240397156365990702057069443592412737139990843836770355731748268093720122464469597886837710303853371347630193443193473878440736579116615970084029197388677247834891816422967259059599703122221375723718647065551173113007728315505827415007142052759920612479064972984904882783821109794 0 0 0 0 0 0 0 0 0 0 0 0 0 0 0 0 0 0 0 0 1 0 0 0 0 0 0 0 0 0 0 0 0 0 0 0 0 0 0 0 0 0 0 0 0 0 0 0 0 0 0 0 0 0 0 0 0 0 0 0 0 0 0 0 0 0 0 0 0 0 0 0 0 0 0 0 0 0 0 0 0 0 0 0 0 0 0 0 0 0 0 0 0 0 0 0 0 0 0]
[6780700258793068105721351471739917840400181950232715484938545953583355959913625704254505102924147589074209689824820064389834495957276478472442580920633113111588838312727227939223615614613697770699804053596754492122175600514188325073757795677383319492718715698143587546164177692145946740439051324947851 0 0 0 0 0 0 0 0 0 0 0 0 0 0 0 0 0 0 0 0 0 1 0 0 0 0 0 0 0 0 0 0 0 0 0 0 0 0 0 0 0 0 0 0 0 0 0 0 0 0 0 0 0 0 0 0 0 0 0 0 0 0 0 0 0 0 0 0 0 0 0 0 0 0 0 0 0 0 0 0 0 0 0 0 0 0 0 0 0 0 0 0 0 0 0 0 0 0 0]
[2824609717338636815868107565428738274977657993250000626127618394177974018746821636936110424669321967898369521531435903383660303404569306080633012059159123647885665234781307921887360368444341120537204820152645679860848870769464385974457323272011824244904916643189572627542706280791067772456755265633939 0 0 0 0 0 0 0 0 0 0 0 0 0 0 0 0 0 0 0 0 0 0 1 0 0 0 0 0 0 0 0 0 0 0 0 0 0 0 0 0 0 0 0 0 0 0 0 0 0 0 0 0 0 0 0 0 0 0 0 0 0 0 0 0 0 0 0 0 0 0 0 0 0 0 0 0 0 0 0 0 0 0 0 0 0 0 0 0 0 0 0 0 0 0 0 0 0 0 0]
[857714377047401218025843157859006471754710584939143118088420765295365189733753807758287436107557599234669098583817228612900518183736011805428123883396938609622938416643382503014011115324015197305363449077765952696447496367892171408081452449248381429853308946409584573352374198053465428137771016154464 0 0 0 0 0 0 0 0 0 0 0 0 0 0 0 0 0 0 0 0 0 0 0 1 0 0 0 0 0 0 0 0 0 0 0 0 0 0 0 0 0 0 0 0 0 0 0 0 0 0 0 0 0 0 0 0 0 0 0 0 0 0 0 0 0 0 0 0 0 0 0 0 0 0 0 0 0 0 0 0 0 0 0 0 0 0 0 0 0 0 0 0 0 0 0 0 0 0 0]
[7423868597052767635118266720860121871795334954802466762216715759498494660820255517881687819563053140264912620179358873955311236975369296602870172675506775068102139320529554492162065843315657617606819878253449173916372365985468209710869526074889022805579607582895259122569810786512803605672157287899744 0 0 0 0 0 0 0 0 0 0 0 0 0 0 0 0 0 0 0 0 0 0 0 0 1 0 0 0 0 0 0 0 0 0 0 0 0 0 0 0 0 0 0 0 0 0 0 0 0 0 0 0 0 0 0 0 0 0 0 0 0 0 0 0 0 0 0 0 0 0 0 0 0 0 0 0 0 0 0 0 0 0 0 0 0 0 0 0 0 0 0 0 0 0 0 0 0 0 0]
[1985747889866667306748807644924100932521297277619047277795907108072076479422381706534236842503239156259260057077329759033735147588674805624503969402847049150553750438332025686813138862229076757587477358165801883292153165882979198391287488019127688859487179989039087820546153767174805833679212315944395 0 0 0 0 0 0 0 0 0 0 0 0 0 0 0 0 0 0 0 0 0 0 0 0 0 1 0 0 0 0 0 0 0 0 0 0 0 0 0 0 0 0 0 0 0 0 0 0 0 0 0 0 0 0 0 0 0 0 0 0 0 0 0 0 0 0 0 0 0 0 0 0 0 0 0 0 0 0 0 0 0 0 0 0 0 0 0 0 0 0 0 0 0 0 0 0 0 0 0]
[6073568843607934401594729826182281286025212901334352434289833599777760575064787751386246936288474176913701469845355520205110775773533194983574534574043910458019282913284693239513867467169448700038511720311367470522826269280496665276615396028535406138973324769794727158919523521594771522475697418507574 0 0 0 0 0 0 0 0 0 0 0 0 0 0 0 0 0 0 0 0 0 0 0 0 0 0 1 0 0 0 0 0 0 0 0 0 0 0 0 0 0 0 0 0 0 0 0 0 0 0 0 0 0 0 0 0 0 0 0 0 0 0 0 0 0 0 0 0 0 0 0 0 0 0 0 0 0 0 0 0 0 0 0 0 0 0 0 0 0 0 0 0 0 0 0 0 0 0 0]
[1084468976803029897656381325381755413000185135873533442541690143882095638011032452053969527760318312778415666991777045067587742889398197231765762965771446471239242111421701624391909782954589625368864891702389306543855487129324330048910022974025283580803916161164435506869022152329750000761054730904867 0 0 0 0 0 0 0 0 0 0 0 0 0 0 0 0 0 0 0 0 0 0 0 0 0 0 0 1 0 0 0 0 0 0 0 0 0 0 0 0 0 0 0 0 0 0 0 0 0 0 0 0 0 0 0 0 0 0 0 0 0 0 0 0 0 0 0 0 0 0 0 0 0 0 0 0 0 0 0 0 0 0 0 0 0 0 0 0 0 0 0 0 0 0 0 0 0 0 0]
[5933418711989234719877867402176761634404307066449244905983563474595523539808022109733574861839337944864672364380295493860576616408697347073771171999059170501639151469675213360267490649070590106453898487359060597041282471009122616898198864429170035266368273139231246856354238135418061184608644408978367 0 0 0 0 0 0 0 0 0 0 0 0 0 0 0 0 0 0 0 0 0 0 0 0 0 0 0 0 1 0 0 0 0 0 0 0 0 0 0 0 0 0 0 0 0 0 0 0 0 0 0 0 0 0 0 0 0 0 0 0 0 0 0 0 0 0 0 0 0 0 0 0 0 0 0 0 0 0 0 0 0 0 0 0 0 0 0 0 0 0 0 0 0 0 0 0 0 0 0]
[6241805529672758481108481625605356750809889491886258040448685520191730105270898361503510035278540519457789948553570410912321205899382403652831861583949773154591612941779498770497758710275241209062391811131802211338886567296288507656509050381873677563412798111161869643291185446077537308283917051463095 0 0 0 0 0 0 0 0 0 0 0 0 0 0 0 0 0 0 0 0 0 0 0 0 0 0 0 0 0 1 0 0 0 0 0 0 0 0 0 0 0 0 0 0 0 0 0 0 0 0 0 0 0 0 0 0 0 0 0 0 0 0 0 0 0 0 0 0 0 0 0 0 0 0 0 0 0 0 0 0 0 0 0 0 0 0 0 0 0 0 0 0 0 0 0 0 0 0 0]
[7634455405486345360264438896190348075264498274857465820449065833051419361421321145300684602598784091557642298457713921064963001599219227930187182338128643329320806788104088392818637068529651987938038749786133268989652845550244045070712099914802209395482006976078614746714244060608712752779138357716696 0 0 0 0 0 0 0 0 0 0 0 0 0 0 0 0 0 0 0 0 0 0 0 0 0 0 0 0 0 0 1 0 0 0 0 0 0 0 0 0 0 0 0 0 0 0 0 0 0 0 0 0 0 0 0 0 0 0 0 0 0 0 0 0 0 0 0 0 0 0 0 0 0 0 0 0 0 0 0 0 0 0 0 0 0 0 0 0 0 0 0 0 0 0 0 0 0 0 0]
[8008405905704353414508238851806421880557883677066729407766099077587659751369031278303737654191722980820482912151416772821661395041517108541350649662465166265719202461162951103424812099457202180245440360363953386230062865336536339620299103975763445235281149596620709954048413262838398437320952510643889 0 0 0 0 0 0 0 0 0 0 0 0 0 0 0 0 0 0 0 0 0 0 0 0 0 0 0 0 0 0 0 1 0 0 0 0 0 0 0 0 0 0 0 0 0 0 0 0 0 0 0 0 0 0 0 0 0 0 0 0 0 0 0 0 0 0 0 0 0 0 0 0 0 0 0 0 0 0 0 0 0 0 0 0 0 0 0 0 0 0 0 0 0 0 0 0 0 0 0]
[5008735473084602091508344272218485367375915732395536411949004744240687696015600488602967646953444056337114724025981833549488111115158462114795794148053111149538858980139058502206626456949015309060855285541285595418347651775285717378464841831352117458464795991995970205984166419049531403071231064917488 0 0 0 0 0 0 0 0 0 0 0 0 0 0 0 0 0 0 0 0 0 0 0 0 0 0 0 0 0 0 0 0 1 0 0 0 0 0 0 0 0 0 0 0 0 0 0 0 0 0 0 0 0 0 0 0 0 0 0 0 0 0 0 0 0 0 0 0 0 0 0 0 0 0 0 0 0 0 0 0 0 0 0 0 0 0 0 0 0 0 0 0 0 0 0 0 0 0 0]
[3625991660962844719101286831359959093975792174136773849845888635329986254229957677651306635462661864094868893367910945182431741450213145330699554012379455991643040312767041518605696779035603462702064338024220291204113760022396483206861972357333917992630690915035278559146962633934638141155372333834106 0 0 0 0 0 0 0 0 0 0 0 0 0 0 0 0 0 0 0 0 0 0 0 0 0 0 0 0 0 0 0 0 0 1 0 0 0 0 0 0 0 0 0 0 0 0 0 0 0 0 0 0 0 0 0 0 0 0 0 0 0 0 0 0 0 0 0 0 0 0 0 0 0 0 0 0 0 0 0 0 0 0 0 0 0 0 0 0 0 0 0 0 0 0 0 0 0 0 0]
[6853690899951871065748097342174267317058785458966355574715068455809122266804419200602694310204026950835490061974604590794550322431843972731415400881816277975525082180531363691625745570432690788339597540398856557266609569729359515830018942352024822950728556147995929004672954370724952210912264979651401 0 0 0 0 0 0 0 0 0 0 0 0 0 0 0 0 0 0 0 0 0 0 0 0 0 0 0 0 0 0 0 0 0 0 1 0 0 0 0 0 0 0 0 0 0 0 0 0 0 0 0 0 0 0 0 0 0 0 0 0 0 0 0 0 0 0 0 0 0 0 0 0 0 0 0 0 0 0 0 0 0 0 0 0 0 0 0 0 0 0 0 0 0 0 0 0 0 0 0]
[642580874178428958318642595290985649043226261239795333621269360038142165517806738160435854769382274097517667914205811854427488819407191086871378967181825390373868946526978026905457980707603817678936322456688910055763880867317368896840577032119107803083778157528292707092389708387907284187692228741941 0 0 0 0 0 0 0 0 0 0 0 0 0 0 0 0 0 0 0 0 0 0 0 0 0 0 0 0 0 0 0 0 0 0 0 1 0 0 0 0 0 0 0 0 0 0 0 0 0 0 0 0 0 0 0 0 0 0 0 0 0 0 0 0 0 0 0 0 0 0 0 0 0 0 0 0 0 0 0 0 0 0 0 0 0 0 0 0 0 0 0 0 0 0 0 0 0 0 0]
[1146597693689990433978565132188055730713570357409668179150533844494810500862860125968426675763691911213096772865315008835680568657408959276074779893915462355078272491702675560359375402238043251397490434898156904197839899978127224349961053202779470499998251438802395902567146192333358958840834007787020 0 0 0 0 0 0 0 0 0 0 0 0 0 0 0 0 0 0 0 0 0 0 0 0 0 0 0 0 0 0 0 0 0 0 0 0 1 0 0 0 0 0 0 0 0 0 0 0 0 0 0 0 0 0 0 0 0 0 0 0 0 0 0 0 0 0 0 0 0 0 0 0 0 0 0 0 0 0 0 0 0 0 0 0 0 0 0 0 0 0 0 0 0 0 0 0 0 0 0]
[7672698034316329431855212494876411950676003472894921294343401638941972300274678763792884066424399085234191563693215909292862463945410134442722813497620057279582576367452261217311416677600417273757287555686030087367650980782839824762850121313079039735699717802031505564942416995186382706948466712026417 0 0 0 0 0 0 0 0 0 0 0 0 0 0 0 0 0 0 0 0 0 0 0 0 0 0 0 0 0 0 0 0 0 0 0 0 0 1 0 0 0 0 0 0 0 0 0 0 0 0 0 0 0 0 0 0 0 0 0 0 0 0 0 0 0 0 0 0 0 0 0 0 0 0 0 0 0 0 0 0 0 0 0 0 0 0 0 0 0 0 0 0 0 0 0 0 0 0 0]
[6485569961576010290731622243961463400991952643762551791125793032840733855469497778257373959418305480279734645916293158595599875653245454160669958132861273017858378102432981973989181754057459486639636554212659630812919830221407174393166368834631571544165387181270085256191443098498722382425869957534169 0 0 0 0 0 0 0 0 0 0 0 0 0 0 0 0 0 0 0 0 0 0 0 0 0 0 0 0 0 0 0 0 0 0 0 0 0 0 1 0 0 0 0 0 0 0 0 0 0 0 0 0 0 0 0 0 0 0 0 0 0 0 0 0 0 0 0 0 0 0 0 0 0 0 0 0 0 0 0 0 0 0 0 0 0 0 0 0 0 0 0 0 0 0 0 0 0 0 0]
[757260415767923718925841338226603509091625671525118881858367361418739566422517833074389231219279806330295773174559584107642265903429906399320159402384348736744874233818840355130782439259673473143703752149326157050962023020975034141562652909442769584190426693998739051642133190471022912129635584367088 0 0 0 0 0 0 0 0 0 0 0 0 0 0 0 0 0 0 0 0 0 0 0 0 0 0 0 0 0 0 0 0 0 0 0 0 0 0 0 1 0 0 0 0 0 0 0 0 0 0 0 0 0 0 0 0 0 0 0 0 0 0 0 0 0 0 0 0 0 0 0 0 0 0 0 0 0 0 0 0 0 0 0 0 0 0 0 0 0 0 0 0 0 0 0 0 0 0 0]
[7843499762127225436852349730338663635867182786657915735985332507486888328504170472830490957264410188438018438630797233869706889656799018612131554132383987848310494100806682022741481801071372029696995112034393242148984171408821504362336938015044646851710598939984314579176441328672481636168409502304177 0 0 0 0 0 0 0 0 0 0 0 0 0 0 0 0 0 0 0 0 0 0 0 0 0 0 0 0 0 0 0 0 0 0 0 0 0 0 0 0 1 0 0 0 0 0 0 0 0 0 0 0 0 0 0 0 0 0 0 0 0 0 0 0 0 0 0 0 0 0 0 0 0 0 0 0 0 0 0 0 0 0 0 0 0 0 0 0 0 0 0 0 0 0 0 0 0 0 0]
[2094236620112237315631038180792492900264118814311777048744714880186859543638177996736354481980604174612426203487457100435466019249470466105742334491374513992521827740842130596696492954528711426071958444254489400268037668896017472291473958072619346191059220666110802933509953233424312776918036070647868 0 0 0 0 0 0 0 0 0 0 0 0 0 0 0 0 0 0 0 0 0 0 0 0 0 0 0 0 0 0 0 0 0 0 0 0 0 0 0 0 0 1 0 0 0 0 0 0 0 0 0 0 0 0 0 0 0 0 0 0 0 0 0 0 0 0 0 0 0 0 0 0 0 0 0 0 0 0 0 0 0 0 0 0 0 0 0 0 0 0 0 0 0 0 0 0 0 0 0]
[3322981544922789794968780428951819073364890257344589817196398506983092092743409497393691888329084387945974063353595690463412121251572791568892859766305447097418493244679039270947115048589239572497182474865188899956203955129080845772833973370346204407428820475624680770789048043449425646472196131029116 0 0 0 0 0 0 0 0 0 0 0 0 0 0 0 0 0 0 0 0 0 0 0 0 0 0 0 0 0 0 0 0 0 0 0 0 0 0 0 0 0 0 1 0 0 0 0 0 0 0 0 0 0 0 0 0 0 0 0 0 0 0 0 0 0 0 0 0 0 0 0 0 0 0 0 0 0 0 0 0 0 0 0 0 0 0 0 0 0 0 0 0 0 0 0 0 0 0 0]
[2974585657906419560679024621391808273104731840314527418341571887565206753898026073754901434347519186978402144544001193587590925366103978176614414786274752611064738826941112527370305293148065078914443540274146653418830509875598770933172417259590073373806639929373057380178422123315508149424901319436523 0 0 0 0 0 0 0 0 0 0 0 0 0 0 0 0 0 0 0 0 0 0 0 0 0 0 0 0 0 0 0 0 0 0 0 0 0 0 0 0 0 0 0 1 0 0 0 0 0 0 0 0 0 0 0 0 0 0 0 0 0 0 0 0 0 0 0 0 0 0 0 0 0 0 0 0 0 0 0 0 0 0 0 0 0 0 0 0 0 0 0 0 0 0 0 0 0 0 0]
[6219828696797655779390417436678756479940271912216707682864449114114693671868680899840605361429202995876829992728938886633955814836430496358618622427847079010188503981461427704830939014764157079961851154445782658346669325263419938409366289769116270618235171465613759407132366227827788591489026110624141 0 0 0 0 0 0 0 0 0 0 0 0 0 0 0 0 0 0 0 0 0 0 0 0 0 0 0 0 0 0 0 0 0 0 0 0 0 0 0 0 0 0 0 0 1 0 0 0 0 0 0 0 0 0 0 0 0 0 0 0 0 0 0 0 0 0 0 0 0 0 0 0 0 0 0 0 0 0 0 0 0 0 0 0 0 0 0 0 0 0 0 0 0 0 0 0 0 0 0]
[5878564942155229917730530376922874015903292936685231859645986488816544664548691316958727107283815322284340611103489282721368292743805309513999844325981516789047918924193151414968364772116688599680278433872630213887886673786682970276131479402035549114304623813122931947247316983180075774940117999008513 0 0 0 0 0 0 0 0 0 0 0 0 0 0 0 0 0 0 0 0 0 0 0 0 0 0 0 0 0 0 0 0 0 0 0 0 0 0 0 0 0 0 0 0 0 1 0 0 0 0 0 0 0 0 0 0 0 0 0 0 0 0 0 0 0 0 0 0 0 0 0 0 0 0 0 0 0 0 0 0 0 0 0 0 0 0 0 0 0 0 0 0 0 0 0 0 0 0 0]
[1282007040231590189889558131966210970435971921316001143611712541609958927026970770443874962908721534334196248469827165660875633372546388924370850266883146732185481184434355275849443664430347730744382386171795232243996776243202103270955137392546110930707738552458373250438165261136479512431845877966487 0 0 0 0 0 0 0 0 0 0 0 0 0 0 0 0 0 0 0 0 0 0 0 0 0 0 0 0 0 0 0 0 0 0 0 0 0 0 0 0 0 0 0 0 0 0 1 0 0 0 0 0 0 0 0 0 0 0 0 0 0 0 0 0 0 0 0 0 0 0 0 0 0 0 0 0 0 0 0 0 0 0 0 0 0 0 0 0 0 0 0 0 0 0 0 0 0 0 0]
[597417450180731509039843919773843404282151623399013129353295748995656520792443102391931115077838551665591879603943136295923126788584548712684426326854896407347372899658052598445603807612149798519200716825928251715776248102778036526624997877533939167708443713552340454380015813504898220715070132325688 0 0 0 0 0 0 0 0 0 0 0 0 0 0 0 0 0 0 0 0 0 0 0 0 0 0 0 0 0 0 0 0 0 0 0 0 0 0 0 0 0 0 0 0 0 0 0 1 0 0 0 0 0 0 0 0 0 0 0 0 0 0 0 0 0 0 0 0 0 0 0 0 0 0 0 0 0 0 0 0 0 0 0 0 0 0 0 0 0 0 0 0 0 0 0 0 0 0 0]
[8196721662462570653708203243035182124344424953962325948061969833889420972082703783591137859663442025075408070270997137514452232838191591513126776427696895015431952507442940086309334956572855356137228508944642500110740295924942674134578395474748589213338619191188915086721150363411107604815329649948014 0 0 0 0 0 0 0 0 0 0 0 0 0 0 0 0 0 0 0 0 0 0 0 0 0 0 0 0 0 0 0 0 0 0 0 0 0 0 0 0 0 0 0 0 0 0 0 0 1 0 0 0 0 0 0 0 0 0 0 0 0 0 0 0 0 0 0 0 0 0 0 0 0 0 0 0 0 0 0 0 0 0 0 0 0 0 0 0 0 0 0 0 0 0 0 0 0 0 0]
[6011130040111936444869769435388639134080006039750560850031874960014990772266805007986730780706583136159991603795733207249545566406513215927927745701579422222736254902584174092685472555616072430325743032422069661676854322333117265258882617088844190216052959364856254792857609796148686742202716603099438 0 0 0 0 0 0 0 0 0 0 0 0 0 0 0 0 0 0 0 0 0 0 0 0 0 0 0 0 0 0 0 0 0 0 0 0 0 0 0 0 0 0 0 0 0 0 0 0 0 1 0 0 0 0 0 0 0 0 0 0 0 0 0 0 0 0 0 0 0 0 0 0 0 0 0 0 0 0 0 0 0 0 0 0 0 0 0 0 0 0 0 0 0 0 0 0 0 0 0]
[374184299024975329551337060625456689284695719368761422842461683709345158773571369846257959103581865847408550144987639164448461274322220763855671751908849761660262665127078529953229721065829097330440285852573943581063496777100445486247318951413310315782185858093500139162682470383669507932600452558444 0 0 0 0 0 0 0 0 0 0 0 0 0 0 0 0 0 0 0 0 0 0 0 0 0 0 0 0 0 0 0 0 0 0 0 0 0 0 0 0 0 0 0 0 0 0 0 0 0 0 1 0 0 0 0 0 0 0 0 0 0 0 0 0 0 0 0 0 0 0 0 0 0 0 0 0 0 0 0 0 0 0 0 0 0 0 0 0 0 0 0 0 0 0 0 0 0 0 0]
[7721840065813499848253305190858234016453189202938530928546321371375231035155277950433390316385831215786398385673961599090687771715116996476143722428769798021442019229415848116334865775426493480731581772508360554460393624449451633760446769935405321931895760467662971381258436687516938360618563544951917 0 0 0 0 0 0 0 0 0 0 0 0 0 0 0 0 0 0 0 0 0 0 0 0 0 0 0 0 0 0 0 0 0 0 0 0 0 0 0 0 0 0 0 0 0 0 0 0 0 0 0 1 0 0 0 0 0 0 0 0 0 0 0 0 0 0 0 0 0 0 0 0 0 0 0 0 0 0 0 0 0 0 0 0 0 0 0 0 0 0 0 0 0 0 0 0 0 0 0]
[361895812533758803185612447706329283934726304179929904985529897853368928998473122234950989108005833779182924154548408315095426765155154042803671782635164774781866346019327592439587104481493636659621802114539871564216540608314629325705035489003294885554771805598599942996110442446026635279785586299985 0 0 0 0 0 0 0 0 0 0 0 0 0 0 0 0 0 0 0 0 0 0 0 0 0 0 0 0 0 0 0 0 0 0 0 0 0 0 0 0 0 0 0 0 0 0 0 0 0 0 0 0 1 0 0 0 0 0 0 0 0 0 0 0 0 0 0 0 0 0 0 0 0 0 0 0 0 0 0 0 0 0 0 0 0 0 0 0 0 0 0 0 0 0 0 0 0 0 0]
[5022843639798740081838850182983883503412056665671992216660156020434164820923025913077596231082704734002559049850094429316461387376413043139353353450261936547238325212562490688601055452919175785465877168810927730703122155830591505115890865047398969839716059087378522934358294001351928835217574013961732 0 0 0 0 0 0 0 0 0 0 0 0 0 0 0 0 0 0 0 0 0 0 0 0 0 0 0 0 0 0 0 0 0 0 0 0 0 0 0 0 0 0 0 0 0 0 0 0 0 0 0 0 0 1 0 0 0 0 0 0 0 0 0 0 0 0 0 0 0 0 0 0 0 0 0 0 0 0 0 0 0 0 0 0 0 0 0 0 0 0 0 0 0 0 0 0 0 0 0]
[7935726939574710177694960454684686168523837200810529243690050693383961125421438921014427045489814309779317201469572329347438071040286148521174096091556233253539458838885774238326867830976199014057656700220330303714842314159773621029386133996311253767367007696265425866445037047500004783262202642080656 0 0 0 0 0 0 0 0 0 0 0 0 0 0 0 0 0 0 0 0 0 0 0 0 0 0 0 0 0 0 0 0 0 0 0 0 0 0 0 0 0 0 0 0 0 0 0 0 0 0 0 0 0 0 1 0 0 0 0 0 0 0 0 0 0 0 0 0 0 0 0 0 0 0 0 0 0 0 0 0 0 0 0 0 0 0 0 0 0 0 0 0 0 0 0 0 0 0 0]
[3841576645510693942914086177172582277228078209469736032529557773548613597855807821762255311878829324600499023970951131099380396937445099209170918318451798504592717693219961506029279927744881227984612974188666141876807827562066280963078343599063246872913633236215790572881048808186668613073895651940379 0 0 0 0 0 0 0 0 0 0 0 0 0 0 0 0 0 0 0 0 0 0 0 0 0 0 0 0 0 0 0 0 0 0 0 0 0 0 0 0 0 0 0 0 0 0 0 0 0 0 0 0 0 0 0 1 0 0 0 0 0 0 0 0 0 0 0 0 0 0 0 0 0 0 0 0 0 0 0 0 0 0 0 0 0 0 0 0 0 0 0 0 0 0 0 0 0 0 0]
[1681562155486750416350835764475861389645342174088109035265208121645145902687886972768979579281646233770594259314855441546241426937455753436473000672965401371476235755113915210102895417760817577372225796773976365543997770606539782454801885378388170809524879331247336130538122560446282031845738806388322 0 0 0 0 0 0 0 0 0 0 0 0 0 0 0 0 0 0 0 0 0 0 0 0 0 0 0 0 0 0 0 0 0 0 0 0 0 0 0 0 0 0 0 0 0 0 0 0 0 0 0 0 0 0 0 0 1 0 0 0 0 0 0 0 0 0 0 0 0 0 0 0 0 0 0 0 0 0 0 0 0 0 0 0 0 0 0 0 0 0 0 0 0 0 0 0 0 0 0]
[3689380376703386246102981629390661258992812071532795706516490098958851706524570298128132010839748157647255899402008529977829443124054619536518638115905600989111101215900960710353179530237454132338396343338405319648327632031114461971965549313229757370073434358315579620701344240403429556608764581313213 0 0 0 0 0 0 0 0 0 0 0 0 0 0 0 0 0 0 0 0 0 0 0 0 0 0 0 0 0 0 0 0 0 0 0 0 0 0 0 0 0 0 0 0 0 0 0 0 0 0 0 0 0 0 0 0 0 1 0 0 0 0 0 0 0 0 0 0 0 0 0 0 0 0 0 0 0 0 0 0 0 0 0 0 0 0 0 0 0 0 0 0 0 0 0 0 0 0 0]
[2266733516318991205564520774456537533867169833699594797487789132738979043466636290393559869930605651262697077988038253327442639213243620473741544661048060559483380899846396702219475658219663133335433175659358513594106394676079651311607826589775795138294200476128145469866508066642674868038180225658668 0 0 0 0 0 0 0 0 0 0 0 0 0 0 0 0 0 0 0 0 0 0 0 0 0 0 0 0 0 0 0 0 0 0 0 0 0 0 0 0 0 0 0 0 0 0 0 0 0 0 0 0 0 0 0 0 0 0 1 0 0 0 0 0 0 0 0 0 0 0 0 0 0 0 0 0 0 0 0 0 0 0 0 0 0 0 0 0 0 0 0 0 0 0 0 0 0 0 0]
[6383965456750699095296184515660475418399458021479393641958911863956156139073533565117488549676982685424420027721312808040773539151405305377763228512767174873794038012838248082100577556880911723993456173571076151464255626688139406859503221181937692082148637251872562838280400423180443364964600374559856 0 0 0 0 0 0 0 0 0 0 0 0 0 0 0 0 0 0 0 0 0 0 0 0 0 0 0 0 0 0 0 0 0 0 0 0 0 0 0 0 0 0 0 0 0 0 0 0 0 0 0 0 0 0 0 0 0 0 0 1 0 0 0 0 0 0 0 0 0 0 0 0 0 0 0 0 0 0 0 0 0 0 0 0 0 0 0 0 0 0 0 0 0 0 0 0 0 0 0]
[5963656035187534348932924768521404375548856792893441498511661002995650523895089506532005742998477445104157698832665336296570920022860477899323129827536876306001802755637548781066637274054956837159333968455896050724493456740443307304803449458568553483368317343774078113204553264560804978093402700766710 0 0 0 0 0 0 0 0 0 0 0 0 0 0 0 0 0 0 0 0 0 0 0 0 0 0 0 0 0 0 0 0 0 0 0 0 0 0 0 0 0 0 0 0 0 0 0 0 0 0 0 0 0 0 0 0 0 0 0 0 1 0 0 0 0 0 0 0 0 0 0 0 0 0 0 0 0 0 0 0 0 0 0 0 0 0 0 0 0 0 0 0 0 0 0 0 0 0 0]
[2168633268235077944691904805096631896331100055293902748757693510476817985550010167617612439975468285015435553138398325602843105569714300888663048336308501760826966320457618479161806489627063404929698880727071187277534700555371143456406393493793766633028756537037633652326227820733904717937409461944538 0 0 0 0 0 0 0 0 0 0 0 0 0 0 0 0 0 0 0 0 0 0 0 0 0 0 0 0 0 0 0 0 0 0 0 0 0 0 0 0 0 0 0 0 0 0 0 0 0 0 0 0 0 0 0 0 0 0 0 0 0 1 0 0 0 0 0 0 0 0 0 0 0 0 0 0 0 0 0 0 0 0 0 0 0 0 0 0 0 0 0 0 0 0 0 0 0 0 0]
[4385210901598580686604543435877996885340718765540262514857550937196293514881654504121109597779762213345870742185319223832633724491689504638791349364367963220492267397380826269496131262896154282495368551599870788568966712864437888601165612580718651306567654217784111525250792969440281747020367987559151 0 0 0 0 0 0 0 0 0 0 0 0 0 0 0 0 0 0 0 0 0 0 0 0 0 0 0 0 0 0 0 0 0 0 0 0 0 0 0 0 0 0 0 0 0 0 0 0 0 0 0 0 0 0 0 0 0 0 0 0 0 0 1 0 0 0 0 0 0 0 0 0 0 0 0 0 0 0 0 0 0 0 0 0 0 0 0 0 0 0 0 0 0 0 0 0 0 0 0]
[1120337893600031427488362806548586975697325351679273301133888088421465341455632540547371875516107079838471455759848497721183468942162774507485855003551011682865496963006342073577222692206940308564800160045178923125382123788932436167871762488345813219033856323966612692546508476797114166902670333246492 0 0 0 0 0 0 0 0 0 0 0 0 0 0 0 0 0 0 0 0 0 0 0 0 0 0 0 0 0 0 0 0 0 0 0 0 0 0 0 0 0 0 0 0 0 0 0 0 0 0 0 0 0 0 0 0 0 0 0 0 0 0 0 1 0 0 0 0 0 0 0 0 0 0 0 0 0 0 0 0 0 0 0 0 0 0 0 0 0 0 0 0 0 0 0 0 0 0 0]
[4462617897488698312665684781310585659781437222605760340244592320345790054293578057696907416522499188430220348946173144597089706718303810774965865391452673887719679269948314026744980516475751271675722547939201118011194393987425175936280565967888152550782197236448292729398059462034556361367869584814247 0 0 0 0 0 0 0 0 0 0 0 0 0 0 0 0 0 0 0 0 0 0 0 0 0 0 0 0 0 0 0 0 0 0 0 0 0 0 0 0 0 0 0 0 0 0 0 0 0 0 0 0 0 0 0 0 0 0 0 0 0 0 0 0 1 0 0 0 0 0 0 0 0 0 0 0 0 0 0 0 0 0 0 0 0 0 0 0 0 0 0 0 0 0 0 0 0 0 0]
[3779873800623892471591220110049048335062657921386241520213738632196982238359622755609783667958636506268593117037113996239509996028545016171323258397776588066496883853881316949109468249068687261875625245370323722306226542487680684167002508442948502715941681878204278758314712139562384843304353660927508 0 0 0 0 0 0 0 0 0 0 0 0 0 0 0 0 0 0 0 0 0 0 0 0 0 0 0 0 0 0 0 0 0 0 0 0 0 0 0 0 0 0 0 0 0 0 0 0 0 0 0 0 0 0 0 0 0 0 0 0 0 0 0 0 0 1 0 0 0 0 0 0 0 0 0 0 0 0 0 0 0 0 0 0 0 0 0 0 0 0 0 0 0 0 0 0 0 0 0]
[4950965949805908254310217888913500261326406130947733197069500901703485760099927318391934468420440147329918633878941229229284717647888654564715445247466359291600103251488835857974021887419535854217035585345812279430493294206161342646167479098168316114342506779759891110211430816730689943623354189757945 0 0 0 0 0 0 0 0 0 0 0 0 0 0 0 0 0 0 0 0 0 0 0 0 0 0 0 0 0 0 0 0 0 0 0 0 0 0 0 0 0 0 0 0 0 0 0 0 0 0 0 0 0 0 0 0 0 0 0 0 0 0 0 0 0 0 1 0 0 0 0 0 0 0 0 0 0 0 0 0 0 0 0 0 0 0 0 0 0 0 0 0 0 0 0 0 0 0 0]
[920620720100251401361910423285271072862264315996679105739510613510207981591783418521869744254575565247935340259791401275534114769345606197435435656799741171186850012753528884453995961381098501122186165364967351014599493896356775164634283624517751861772667677674324567145075045302715120785008877614232 0 0 0 0 0 0 0 0 0 0 0 0 0 0 0 0 0 0 0 0 0 0 0 0 0 0 0 0 0 0 0 0 0 0 0 0 0 0 0 0 0 0 0 0 0 0 0 0 0 0 0 0 0 0 0 0 0 0 0 0 0 0 0 0 0 0 0 1 0 0 0 0 0 0 0 0 0 0 0 0 0 0 0 0 0 0 0 0 0 0 0 0 0 0 0 0 0 0 0]
[714861732750142636108872298439754423880809280199868217112435813790912578366256445308390186632019764624718319120508039430317431226935484603276484608395059359776386936820533511944885934617028978097852059080987585294677930585680891866237127824083030742586715554675696227917739071991148826352467082637286 0 0 0 0 0 0 0 0 0 0 0 0 0 0 0 0 0 0 0 0 0 0 0 0 0 0 0 0 0 0 0 0 0 0 0 0 0 0 0 0 0 0 0 0 0 0 0 0 0 0 0 0 0 0 0 0 0 0 0 0 0 0 0 0 0 0 0 0 1 0 0 0 0 0 0 0 0 0 0 0 0 0 0 0 0 0 0 0 0 0 0 0 0 0 0 0 0 0 0]
[5687438524024606321310693841646326778671733487918254606058794570135766177118756359190910658432068208230216267169528434908727778734216113344801385510335655036014684916932417339579055797366142944198983838288736818699472932146776523499471201658031732499141169476117604805412642819903518280227110336488934 0 0 0 0 0 0 0 0 0 0 0 0 0 0 0 0 0 0 0 0 0 0 0 0 0 0 0 0 0 0 0 0 0 0 0 0 0 0 0 0 0 0 0 0 0 0 0 0 0 0 0 0 0 0 0 0 0 0 0 0 0 0 0 0 0 0 0 0 0 1 0 0 0 0 0 0 0 0 0 0 0 0 0 0 0 0 0 0 0 0 0 0 0 0 0 0 0 0 0]
[4592103073279412651427710956057527205367408919939776128338912578992446176070055651320633910813917153233566359592049079647568274771610651430899889109367336443045062673790928411364623182598326865778670059285424171753413823993070926135079287754027253816534130534240012400093950916873527676922364697748139 0 0 0 0 0 0 0 0 0 0 0 0 0 0 0 0 0 0 0 0 0 0 0 0 0 0 0 0 0 0 0 0 0 0 0 0 0 0 0 0 0 0 0 0 0 0 0 0 0 0 0 0 0 0 0 0 0 0 0 0 0 0 0 0 0 0 0 0 0 0 1 0 0 0 0 0 0 0 0 0 0 0 0 0 0 0 0 0 0 0 0 0 0 0 0 0 0 0 0]
[3061242764461896164278654027318486719840143787591135418919645504539749169872545785244552356551478910265306658527064600952101809835445883907179877214267216307564413223054353773822271645594351687782140995170312766080861233828867829536168719146620605630071155870785646407142261449632686435815992319946023 0 0 0 0 0 0 0 0 0 0 0 0 0 0 0 0 0 0 0 0 0 0 0 0 0 0 0 0 0 0 0 0 0 0 0 0 0 0 0 0 0 0 0 0 0 0 0 0 0 0 0 0 0 0 0 0 0 0 0 0 0 0 0 0 0 0 0 0 0 0 0 1 0 0 0 0 0 0 0 0 0 0 0 0 0 0 0 0 0 0 0 0 0 0 0 0 0 0 0]
[5998424415449282974816901201918434361209904837810773674566996153696992080645556592176194293011226196113938662879259155120243444747022442015682810634128000830645030532312438301098694701896844384205490834606878706366533394265404668225226965006862070291178973077049103589861261719316169067143348144377642 0 0 0 0 0 0 0 0 0 0 0 0 0 0 0 0 0 0 0 0 0 0 0 0 0 0 0 0 0 0 0 0 0 0 0 0 0 0 0 0 0 0 0 0 0 0 0 0 0 0 0 0 0 0 0 0 0 0 0 0 0 0 0 0 0 0 0 0 0 0 0 0 1 0 0 0 0 0 0 0 0 0 0 0 0 0 0 0 0 0 0 0 0 0 0 0 0 0 0]
[7335122194729752919154510517581594914569197838488535796082537829430429877246189877588727725095611277848695487013168253075143013229893725161554057927729138980339786508808823520761040510269113048547014347598310339101550598715910157499769151361200094317148053203164275251151762059098850204808075794739114 0 0 0 0 0 0 0 0 0 0 0 0 0 0 0 0 0 0 0 0 0 0 0 0 0 0 0 0 0 0 0 0 0 0 0 0 0 0 0 0 0 0 0 0 0 0 0 0 0 0 0 0 0 0 0 0 0 0 0 0 0 0 0 0 0 0 0 0 0 0 0 0 0 1 0 0 0 0 0 0 0 0 0 0 0 0 0 0 0 0 0 0 0 0 0 0 0 0 0]
[7881149941341888480521609335339787330567777251999867309901536748262933728970835477622468719814466490959129630769318873063208505699835451163947684017326819666025602362459887502417713666054689467754696368898705312447794306474533215314786746058994068488962085155187270365658471462716921401678339433200929 0 0 0 0 0 0 0 0 0 0 0 0 0 0 0 0 0 0 0 0 0 0 0 0 0 0 0 0 0 0 0 0 0 0 0 0 0 0 0 0 0 0 0 0 0 0 0 0 0 0 0 0 0 0 0 0 0 0 0 0 0 0 0 0 0 0 0 0 0 0 0 0 0 0 1 0 0 0 0 0 0 0 0 0 0 0 0 0 0 0 0 0 0 0 0 0 0 0 0]
[2812125218556984203794538862009491305729136622480525886370930958169225080339638088210134107552824709120128054265184728644326065452069299965715461270644193155847612398312930638298851010527316922340558002926211064745514921312011519006934732235702787472825837467608939318622871381809847207171601284848242 0 0 0 0 0 0 0 0 0 0 0 0 0 0 0 0 0 0 0 0 0 0 0 0 0 0 0 0 0 0 0 0 0 0 0 0 0 0 0 0 0 0 0 0 0 0 0 0 0 0 0 0 0 0 0 0 0 0 0 0 0 0 0 0 0 0 0 0 0 0 0 0 0 0 0 1 0 0 0 0 0 0 0 0 0 0 0 0 0 0 0 0 0 0 0 0 0 0 0]
[3433943148884186782835237559593740716769867411411039002610391326164534251772056905969503579925325574072646238054471086240579076745592874217652350938789903791530953364835558195794798123975065936971897474398251110197507760370300889555746919445307328532488550142507285886183404063545528714051725600792952 0 0 0 0 0 0 0 0 0 0 0 0 0 0 0 0 0 0 0 0 0 0 0 0 0 0 0 0 0 0 0 0 0 0 0 0 0 0 0 0 0 0 0 0 0 0 0 0 0 0 0 0 0 0 0 0 0 0 0 0 0 0 0 0 0 0 0 0 0 0 0 0 0 0 0 0 1 0 0 0 0 0 0 0 0 0 0 0 0 0 0 0 0 0 0 0 0 0 0]
[2909614353810590033998052313571792885721590229016380035930337637468844935974574597275179311183377631838760746756814041552440535926085059801694810593855560115257205270423309815735046138471207122848727444296067704466310209736550070966398819441052093229866442631395291196520346932253048812431017069521025 0 0 0 0 0 0 0 0 0 0 0 0 0 0 0 0 0 0 0 0 0 0 0 0 0 0 0 0 0 0 0 0 0 0 0 0 0 0 0 0 0 0 0 0 0 0 0 0 0 0 0 0 0 0 0 0 0 0 0 0 0 0 0 0 0 0 0 0 0 0 0 0 0 0 0 0 0 1 0 0 0 0 0 0 0 0 0 0 0 0 0 0 0 0 0 0 0 0 0]
[7751377678435721796806370644732556806314615969061793276391244610579525059575047417692856736431739571964014951726968425934446486091668986946115629025459694933062587206801082389469963999174468950039339165461687338454839185214387890151523558625935376991149994662073233574380252299153900058248444148181508 0 0 0 0 0 0 0 0 0 0 0 0 0 0 0 0 0 0 0 0 0 0 0 0 0 0 0 0 0 0 0 0 0 0 0 0 0 0 0 0 0 0 0 0 0 0 0 0 0 0 0 0 0 0 0 0 0 0 0 0 0 0 0 0 0 0 0 0 0 0 0 0 0 0 0 0 0 0 1 0 0 0 0 0 0 0 0 0 0 0 0 0 0 0 0 0 0 0 0]
[2339114594043855163221056682526124649800210804346479367931044928330621378024457762934443216542030860438560566461844757104758346455435659361728326284297873548657300958702124332894629043751862555506095260636287453873011200670227902342224466361503426057700439760274869468502804469529910063268506930633684 0 0 0 0 0 0 0 0 0 0 0 0 0 0 0 0 0 0 0 0 0 0 0 0 0 0 0 0 0 0 0 0 0 0 0 0 0 0 0 0 0 0 0 0 0 0 0 0 0 0 0 0 0 0 0 0 0 0 0 0 0 0 0 0 0 0 0 0 0 0 0 0 0 0 0 0 0 0 0 1 0 0 0 0 0 0 0 0 0 0 0 0 0 0 0 0 0 0 0]
[1523596845064859053214426892403208821647949525404269279248703772020681750423328046822200036913086959050198286780320904018551823964639286769600096858089881864070681264457868216547374686893223903666042810926171240801820375755080018788710085273944217318479716414983361085094577232122501439153823856641482 0 0 0 0 0 0 0 0 0 0 0 0 0 0 0 0 0 0 0 0 0 0 0 0 0 0 0 0 0 0 0 0 0 0 0 0 0 0 0 0 0 0 0 0 0 0 0 0 0 0 0 0 0 0 0 0 0 0 0 0 0 0 0 0 0 0 0 0 0 0 0 0 0 0 0 0 0 0 0 0 1 0 0 0 0 0 0 0 0 0 0 0 0 0 0 0 0 0 0]
[1928710888120463658151583193920305429724009948651707132968968656118973344688897646133401252064135868382306473719283068736797762999346436356700063013149344893358108205428136778558254498268907093830425485516400394825788480845489311730212002960003848431003524364359470291068460739175101564230194813583024 0 0 0 0 0 0 0 0 0 0 0 0 0 0 0 0 0 0 0 0 0 0 0 0 0 0 0 0 0 0 0 0 0 0 0 0 0 0 0 0 0 0 0 0 0 0 0 0 0 0 0 0 0 0 0 0 0 0 0 0 0 0 0 0 0 0 0 0 0 0 0 0 0 0 0 0 0 0 0 0 0 1 0 0 0 0 0 0 0 0 0 0 0 0 0 0 0 0 0]
[3129571752123180427318921556263908312860786103181184698202884881981421353415354254623414941370973946972215255221381925429100165517623521642964822396349365327027883312399722431106418292266850548019264697913414132755976286343227245087045375231858764983226688465687790265721426251367854740729557171992401 0 0 0 0 0 0 0 0 0 0 0 0 0 0 0 0 0 0 0 0 0 0 0 0 0 0 0 0 0 0 0 0 0 0 0 0 0 0 0 0 0 0 0 0 0 0 0 0 0 0 0 0 0 0 0 0 0 0 0 0 0 0 0 0 0 0 0 0 0 0 0 0 0 0 0 0 0 0 0 0 0 0 1 0 0 0 0 0 0 0 0 0 0 0 0 0 0 0 0]
[1223929783369406651999020597556205411446209607316904982222125785861107740547107286298392645482516039835081415467158166250936645600830894666779772095536634219178675232354433770286224908424865966151268817238575815980533817671748439150650575109807491747162875773152558424371889826465182857810634438495840 0 0 0 0 0 0 0 0 0 0 0 0 0 0 0 0 0 0 0 0 0 0 0 0 0 0 0 0 0 0 0 0 0 0 0 0 0 0 0 0 0 0 0 0 0 0 0 0 0 0 0 0 0 0 0 0 0 0 0 0 0 0 0 0 0 0 0 0 0 0 0 0 0 0 0 0 0 0 0 0 0 0 0 1 0 0 0 0 0 0 0 0 0 0 0 0 0 0 0]
[5791024017485404945307470896092163742951716160728708767555067744457391408998641913442935019048239921703433224236935049767197072906549655583652390989629760106462517586820785658460191773342896740951633987736778266215039039462668791774757853880126235239525670851567616626732096110848528375811073323279558 0 0 0 0 0 0 0 0 0 0 0 0 0 0 0 0 0 0 0 0 0 0 0 0 0 0 0 0 0 0 0 0 0 0 0 0 0 0 0 0 0 0 0 0 0 0 0 0 0 0 0 0 0 0 0 0 0 0 0 0 0 0 0 0 0 0 0 0 0 0 0 0 0 0 0 0 0 0 0 0 0 0 0 0 1 0 0 0 0 0 0 0 0 0 0 0 0 0 0]
[1455280790424417645126726950242976008547230680246207662418462023044988998848563849584583485387682546415176399876724838988898385223372061008836238543107852856909288129728397492483228593134666549114082850148530646920135891444846497241166235589822906393128236818290676806236150002551312145606792901450985 0 0 0 0 0 0 0 0 0 0 0 0 0 0 0 0 0 0 0 0 0 0 0 0 0 0 0 0 0 0 0 0 0 0 0 0 0 0 0 0 0 0 0 0 0 0 0 0 0 0 0 0 0 0 0 0 0 0 0 0 0 0 0 0 0 0 0 0 0 0 0 0 0 0 0 0 0 0 0 0 0 0 0 0 0 1 0 0 0 0 0 0 0 0 0 0 0 0 0]
[7544025954221859300879997388170764585009980920108526442258309904600062177342409151669585270089030082808610926614337428286190773475480153186586940478234001797184619998568337959844780234723842141725208860670438966873117181695426894257501101541444549661021190574195927775549963334143056862822202340927137 0 0 0 0 0 0 0 0 0 0 0 0 0 0 0 0 0 0 0 0 0 0 0 0 0 0 0 0 0 0 0 0 0 0 0 0 0 0 0 0 0 0 0 0 0 0 0 0 0 0 0 0 0 0 0 0 0 0 0 0 0 0 0 0 0 0 0 0 0 0 0 0 0 0 0 0 0 0 0 0 0 0 0 0 0 0 1 0 0 0 0 0 0 0 0 0 0 0 0]
[2207495121969415210198793318857168369911937931646862120447185836535445948410851738291979600357292063389145314045178656202292871478345603554461174976421693946961138047325274471992693238249383982703295211217639832626452439762746823915218082566763018783328662224070585921174331935818065392727406659708148 0 0 0 0 0 0 0 0 0 0 0 0 0 0 0 0 0 0 0 0 0 0 0 0 0 0 0 0 0 0 0 0 0 0 0 0 0 0 0 0 0 0 0 0 0 0 0 0 0 0 0 0 0 0 0 0 0 0 0 0 0 0 0 0 0 0 0 0 0 0 0 0 0 0 0 0 0 0 0 0 0 0 0 0 0 0 0 1 0 0 0 0 0 0 0 0 0 0 0]
[5907876086012922446515370483683573659892663385013809634100714429288849211406462535215529817474538029802887848237929575547027219030764359178314055457628698832608633432593573110750197273497626812085227777861817816217296540778599648180021275501772694161948025623501389218605501730616398057392101438145445 0 0 0 0 0 0 0 0 0 0 0 0 0 0 0 0 0 0 0 0 0 0 0 0 0 0 0 0 0 0 0 0 0 0 0 0 0 0 0 0 0 0 0 0 0 0 0 0 0 0 0 0 0 0 0 0 0 0 0 0 0 0 0 0 0 0 0 0 0 0 0 0 0 0 0 0 0 0 0 0 0 0 0 0 0 0 0 0 1 0 0 0 0 0 0 0 0 0 0]
[7023297202456346480103413510691595965779845455848620076830717647263797671910314384341720105553028644436904386524063546975801930872498808185173391335156882818530806661193484492398673144875689818593639980141319293504403601675202924462930590210205088215630802831615188566760244763804536776474875640976288 0 0 0 0 0 0 0 0 0 0 0 0 0 0 0 0 0 0 0 0 0 0 0 0 0 0 0 0 0 0 0 0 0 0 0 0 0 0 0 0 0 0 0 0 0 0 0 0 0 0 0 0 0 0 0 0 0 0 0 0 0 0 0 0 0 0 0 0 0 0 0 0 0 0 0 0 0 0 0 0 0 0 0 0 0 0 0 0 0 1 0 0 0 0 0 0 0 0 0]
[6540308537440491931079705762434575583103432384429018069981085006581144633574188036771319771258457378493939821358754844892379124508740334286416738682373914241401751327068860133978108953973570248459983546108890658065622698240755346232661908960991093995212177313068128849142295762961484684896121843013470 0 0 0 0 0 0 0 0 0 0 0 0 0 0 0 0 0 0 0 0 0 0 0 0 0 0 0 0 0 0 0 0 0 0 0 0 0 0 0 0 0 0 0 0 0 0 0 0 0 0 0 0 0 0 0 0 0 0 0 0 0 0 0 0 0 0 0 0 0 0 0 0 0 0 0 0 0 0 0 0 0 0 0 0 0 0 0 0 0 0 1 0 0 0 0 0 0 0 0]
[1131743035565239239060378260831255371848785571133283919886416622220483897151757685118706768635084508311139990192553900254774626316531169695846318194644957422265982533049273447050615275094120171684122273258512954152383421386601335676254795867922337244231227781204109994839096341819583257132744956343354 0 0 0 0 0 0 0 0 0 0 0 0 0 0 0 0 0 0 0 0 0 0 0 0 0 0 0 0 0 0 0 0 0 0 0 0 0 0 0 0 0 0 0 0 0 0 0 0 0 0 0 0 0 0 0 0 0 0 0 0 0 0 0 0 0 0 0 0 0 0 0 0 0 0 0 0 0 0 0 0 0 0 0 0 0 0 0 0 0 0 0 1 0 0 0 0 0 0 0]
[2472399992475917633508992931792219257467226805651631962460869250810429773271627926296949737817147787986428728545469127388338223642119557278590762386335471654981400357799336261959170226225229432440882293199163595165825613981050166092952608243892614428838722890472409093992960088161634041013048260484266 0 0 0 0 0 0 0 0 0 0 0 0 0 0 0 0 0 0 0 0 0 0 0 0 0 0 0 0 0 0 0 0 0 0 0 0 0 0 0 0 0 0 0 0 0 0 0 0 0 0 0 0 0 0 0 0 0 0 0 0 0 0 0 0 0 0 0 0 0 0 0 0 0 0 0 0 0 0 0 0 0 0 0 0 0 0 0 0 0 0 0 0 1 0 0 0 0 0 0]
[4523856897512767955017179225144905817501488150009772055966993016088887753423189023418789729208706743286655770277907045976184142691934019245821274985927819565608971371612803548638204845111660955460752649511639776178672589146827278997310030161812627472536061018913193690303276681075733501172100009857998 0 0 0 0 0 0 0 0 0 0 0 0 0 0 0 0 0 0 0 0 0 0 0 0 0 0 0 0 0 0 0 0 0 0 0 0 0 0 0 0 0 0 0 0 0 0 0 0 0 0 0 0 0 0 0 0 0 0 0 0 0 0 0 0 0 0 0 0 0 0 0 0 0 0 0 0 0 0 0 0 0 0 0 0 0 0 0 0 0 0 0 0 0 1 0 0 0 0 0]
[8120642633626785865911199139486788496876237897536655613909353777207248902668747744146849428451002296585730793532579342790355906826955320380050543009126932159489651945902808578190752301922021149974339803349029060427217978251643727135484738911274423208426759538117591900807495703402844553405041225196929 0 0 0 0 0 0 0 0 0 0 0 0 0 0 0 0 0 0 0 0 0 0 0 0 0 0 0 0 0 0 0 0 0 0 0 0 0 0 0 0 0 0 0 0 0 0 0 0 0 0 0 0 0 0 0 0 0 0 0 0 0 0 0 0 0 0 0 0 0 0 0 0 0 0 0 0 0 0 0 0 0 0 0 0 0 0 0 0 0 0 0 0 0 0 1 0 0 0 0]
[6249174547222334984544655987899977529898538520270336401973840864670537648366758734191746167771787645890187645283835713963605022971658802239069501912212309414191804552421363304576895630862859012642818554242859140625454022998732751275945660403296671783975232144191962048594511678495315275464274221679279 0 0 0 0 0 0 0 0 0 0 0 0 0 0 0 0 0 0 0 0 0 0 0 0 0 0 0 0 0 0 0 0 0 0 0 0 0 0 0 0 0 0 0 0 0 0 0 0 0 0 0 0 0 0 0 0 0 0 0 0 0 0 0 0 0 0 0 0 0 0 0 0 0 0 0 0 0 0 0 0 0 0 0 0 0 0 0 0 0 0 0 0 0 0 0 1 0 0 0]
[6044292976000952008298780786539528338424590141539300678461682763300452899993894980933129035661875546159426320731683709309907090050448148676726398685033626197718663179096758161364297176403412269848781320999567170412178750340708969393577742087869532634487931688495239003076307769170377357411723357853599 0 0 0 0 0 0 0 0 0 0 0 0 0 0 0 0 0 0 0 0 0 0 0 0 0 0 0 0 0 0 0 0 0 0 0 0 0 0 0 0 0 0 0 0 0 0 0 0 0 0 0 0 0 0 0 0 0 0 0 0 0 0 0 0 0 0 0 0 0 0 0 0 0 0 0 0 0 0 0 0 0 0 0 0 0 0 0 0 0 0 0 0 0 0 0 0 1 0 0]
[1967086569343127081244787444757300129094698805003767034360626982329622207509254433587928742300120722979551443248006301281638566424850847193395361238358255613241871468278336849896246106504039002794545544584979992062557297758423658619007479392896773098211766876003431996630926156471358821525846858941964 0 0 0 0 0 0 0 0 0 0 0 0 0 0 0 0 0 0 0 0 0 0 0 0 0 0 0 0 0 0 0 0 0 0 0 0 0 0 0 0 0 0 0 0 0 0 0 0 0 0 0 0 0 0 0 0 0 0 0 0 0 0 0 0 0 0 0 0 0 0 0 0 0 0 0 0 0 0 0 0 0 0 0 0 0 0 0 0 0 0 0 0 0 0 0 0 0 1 0]
[701594943488392653455193660337571528331729403202545142945972186988217246201700647496824440594822345763298188867766157187537820410607416224947718624426468371212524246581220070116992137850680290539060615480684512823981943947812424330443650833709445483425767467658087764938841362582226110245777289178691 0 0 0 0 0 0 0 0 0 0 0 0 0 0 0 0 0 0 0 0 0 0 0 0 0 0 0 0 0 0 0 0 0 0 0 0 0 0 0 0 0 0 0 0 0 0 0 0 0 0 0 0 0 0 0 0 0 0 0 0 0 0 0 0 0 0 0 0 0 0 0 0 0 0 0 0 0 0 0 0 0 0 0 0 0 0 0 0 0 0 0 0 0 0 0 0 0 0 1]
]
