[[10597466371206753489198178304465460222053296148502459405087954410284775540983865932885378127623571577180234128582817205915797154646552296484784949312461182278470493234620492043335330921033222255089082458666640505235482465898131769908503815006248220522956737701651311941701412607322601124858918791346050115192949759912848464606995527 0 0 0 0 0 0 0 0 0 0 0 0 0 0 0 0 0 0 0 0 0 0 0 0 0 0 0 0 0 0 0 0 0 0 0 0 0 0 0 0 0 0 0 0 0 0 0 0 0 0 0 0 0 0 0 0 0 0 0 0 0 0 0 0 0 0 0 0 0 0 0 0 0 0 0 0 0 0 0 0 0 0 0 0 0 0 0 0 0 0 0 0 0 0 0 0 0 0 0 0 0 0 0 0 0 0 0 0 0]
[8930501745337847515669049031228410631536747819045833108411143122416867652730067987310111445178540767181125708253452693074517005338018660175127519930745314732671277832822757152780770378408627850103785351765016677963234602117592256960440570253928289911858747272963184507873665499577990420888920057432605052871558629464438263199738646 1 0 0 0 0 0 0 0 0 0 0 0 0 0 0 0 0 0 0 0 0 0 0 0 0 0 0 0 0 0 0 0 0 0 0 0 0 0 0 0 0 0 0 0 0 0 0 0 0 0 0 0 0 0 0 0 0 0 0 0 0 0 0 0 0 0 0 0 0 0 0 0 0 0 0 0 0 0 0 0 0 0 0 0 0 0 0 0 0 0 0 0 0 0 0 0 0 0 0 0 0 0 0 0 0 0 0 0 0]
[9177321378090225576832078462203545454461154979102776385294947213260354571662410151624897255305547809899639187288483716636526522971608069020388879265668302621967282676655431918688972734558929136243238535087847715363520902785706733518716958490539311506624141159493490140167426170476291965841597826948588571439985013490263481667514687 0 1 0 0 0 0 0 0 0 0 0 0 0 0 0 0 0 0 0 0 0 0 0 0 0 0 0 0 0 0 0 0 0 0 0 0 0 0 0 0 0 0 0 0 0 0 0 0 0 0 0 0 0 0 0 0 0 0 0 0 0 0 0 0 0 0 0 0 0 0 0 0 0 0 0 0 0 0 0 0 0 0 0 0 0 0 0 0 0 0 0 0 0 0 0 0 0 0 0 0 0 0 0 0 0 0 0 0 0]
[8056555890716403728071017377981628250468307057280703401513081537114015188722256539419815687569629816530706956295595340384481337820421060214010672450788347777358539772770037495473378722285726088094642244119645505646046923528129774037109895227548408018415654460052831234438717057647550753224424126321544476829202953199484174214004953 0 0 1 0 0 0 0 0 0 0 0 0 0 0 0 0 0 0 0 0 0 0 0 0 0 0 0 0 0 0 0 0 0 0 0 0 0 0 0 0 0 0 0 0 0 0 0 0 0 0 0 0 0 0 0 0 0 0 0 0 0 0 0 0 0 0 0 0 0 0 0 0 0 0 0 0 0 0 0 0 0 0 0 0 0 0 0 0 0 0 0 0 0 0 0 0 0 0 0 0 0 0 0 0 0 0 0 0 0]
[3496552414855396429321465066049377948447987706456885076523036670227560055409497804017849507073689286857637856922465182322516284994433902594306179455807085351213238708892063119792583536073052856795248889195400698609633330945674698834498394277417313455205932549051083049869255669587110443716161709916324708390564103404455252404508423 0 0 0 1 0 0 0 0 0 0 0 0 0 0 0 0 0 0 0 0 0 0 0 0 0 0 0 0 0 0 0 0 0 0 0 0 0 0 0 0 0 0 0 0 0 0 0 0 0 0 0 0 0 0 0 0 0 0 0 0 0 0 0 0 0 0 0 0 0 0 0 0 0 0 0 0 0 0 0 0 0 0 0 0 0 0 0 0 0 0 0 0 0 0 0 0 0 0 0 0 0 0 0 0 0 0 0 0 0]
[2508171982699352584113113491150329662630554170267462916055246515502978409265441250923154552276592247365438820278894324241730249750422894785272579240414493427637851577679687052236205992710063801744969169251019377486141007386591053807816239595157643096486124140580508776731874617590787851690889040786968560536248819828792518339136074 0 0 0 0 1 0 0 0 0 0 0 0 0 0 0 0 0 0 0 0 0 0 0 0 0 0 0 0 0 0 0 0 0 0 0 0 0 0 0 0 0 0 0 0 0 0 0 0 0 0 0 0 0 0 0 0 0 0 0 0 0 0 0 0 0 0 0 0 0 0 0 0 0 0 0 0 0 0 0 0 0 0 0 0 0 0 0 0 0 0 0 0 0 0 0 0 0 0 0 0 0 0 0 0 0 0 0 0 0]
[4107900140562800488652393394098514590746876179077614850700614684150548415147757068212621052379985403403494802918439617651955563735029644117357760680701230147916937454735612764250063963280402410023674489647191975757804543298859624464417033767536738316127448331860873820664291070726239258230525199202286876007207681470526331212917038 0 0 0 0 0 1 0 0 0 0 0 0 0 0 0 0 0 0 0 0 0 0 0 0 0 0 0 0 0 0 0 0 0 0 0 0 0 0 0 0 0 0 0 0 0 0 0 0 0 0 0 0 0 0 0 0 0 0 0 0 0 0 0 0 0 0 0 0 0 0 0 0 0 0 0 0 0 0 0 0 0 0 0 0 0 0 0 0 0 0 0 0 0 0 0 0 0 0 0 0 0 0 0 0 0 0 0 0 0]
[6209380989332443525972465765679839964000639547917816483644433706092382557215977150021079180146211653665812456903377326166254376454794591790526746977336684858131441048693351240684798343474044939159335987835574038414228616645995647097420287086280286919564989995888121767321791487031559374530534625369834577815761348638712714758826310 0 0 0 0 0 0 1 0 0 0 0 0 0 0 0 0 0 0 0 0 0 0 0 0 0 0 0 0 0 0 0 0 0 0 0 0 0 0 0 0 0 0 0 0 0 0 0 0 0 0 0 0 0 0 0 0 0 0 0 0 0 0 0 0 0 0 0 0 0 0 0 0 0 0 0 0 0 0 0 0 0 0 0 0 0 0 0 0 0 0 0 0 0 0 0 0 0 0 0 0 0 0 0 0 0 0 0 0 0]
[9916835271833075554224708769187979192386167795577439008876278282074236503719841477261535789070325544890461160434520250136251285000730392299053596289099989060659751407596506112492051017767716360773875844016936885214504960411653856216364005799948159362892161770883608637500309641288368101547360356098422970143027776175647655280221099 0 0 0 0 0 0 0 1 0 0 0 0 0 0 0 0 0 0 0 0 0 0 0 0 0 0 0 0 0 0 0 0 0 0 0 0 0 0 0 0 0 0 0 0 0 0 0 0 0 0 0 0 0 0 0 0 0 0 0 0 0 0 0 0 0 0 0 0 0 0 0 0 0 0 0 0 0 0 0 0 0 0 0 0 0 0 0 0 0 0 0 0 0 0 0 0 0 0 0 0 0 0 0 0 0 0 0 0 0]
[9497046294093273941164633074570903594185492749103865028008128988328970603781849471189025377033636433586291445133608559064851428583805985044756587176594520372572595747196553445358929608237028941954127994702352458749782095027975122704308372263257728271717354281566188691777374243364229103347447895127502625854379719945165492510245973 0 0 0 0 0 0 0 0 1 0 0 0 0 0 0 0 0 0 0 0 0 0 0 0 0 0 0 0 0 0 0 0 0 0 0 0 0 0 0 0 0 0 0 0 0 0 0 0 0 0 0 0 0 0 0 0 0 0 0 0 0 0 0 0 0 0 0 0 0 0 0 0 0 0 0 0 0 0 0 0 0 0 0 0 0 0 0 0 0 0 0 0 0 0 0 0 0 0 0 0 0 0 0 0 0 0 0 0 0]
[3221752086093711775733530601679742133174004328039890661003939835279858943688078177634349091805483565184144961884778181226029647036654228810025046584562132707800854427339929012783532388999612302578577087956582220107780250823296289275524293550716469340551742883151423032017829482091462274572058505383945420362477766583387804781029470 0 0 0 0 0 0 0 0 0 1 0 0 0 0 0 0 0 0 0 0 0 0 0 0 0 0 0 0 0 0 0 0 0 0 0 0 0 0 0 0 0 0 0 0 0 0 0 0 0 0 0 0 0 0 0 0 0 0 0 0 0 0 0 0 0 0 0 0 0 0 0 0 0 0 0 0 0 0 0 0 0 0 0 0 0 0 0 0 0 0 0 0 0 0 0 0 0 0 0 0 0 0 0 0 0 0 0 0 0]
[8406681460482547377335933123733929844709997342122058557366015294098999857544452706584926047051263830446252980556111447881338272039596020503033858097332142101541910236144138640577553283848848165765204800565857637830055599404962855056216582463089008393905416402406525682560175173514820619029389360141858592376738484920990867977779329 0 0 0 0 0 0 0 0 0 0 1 0 0 0 0 0 0 0 0 0 0 0 0 0 0 0 0 0 0 0 0 0 0 0 0 0 0 0 0 0 0 0 0 0 0 0 0 0 0 0 0 0 0 0 0 0 0 0 0 0 0 0 0 0 0 0 0 0 0 0 0 0 0 0 0 0 0 0 0 0 0 0 0 0 0 0 0 0 0 0 0 0 0 0 0 0 0 0 0 0 0 0 0 0 0 0 0 0 0]
[1877824536710262050670247805152613417565117132996464001436978856672513357544582418865539632532509447296548199229911491487536671153041714156469783457348503389766964218348530318971497454624489557730117153233572149927062571149382128750684664343870467906410890607014727183530501208721519989241025203165544590040468513902343015098999818 0 0 0 0 0 0 0 0 0 0 0 1 0 0 0 0 0 0 0 0 0 0 0 0 0 0 0 0 0 0 0 0 0 0 0 0 0 0 0 0 0 0 0 0 0 0 0 0 0 0 0 0 0 0 0 0 0 0 0 0 0 0 0 0 0 0 0 0 0 0 0 0 0 0 0 0 0 0 0 0 0 0 0 0 0 0 0 0 0 0 0 0 0 0 0 0 0 0 0 0 0 0 0 0 0 0 0 0 0]
[9142153345224586647985287425465806614032154632647427248698283956625341416134967614556779749051724291707242243583987093947425413047150019903195574420602946401012526892960497492575553033725005105080312359532459757130206661673573585480961322958286403986255441390900963516870913139707253469395582151352320542336250792678285919229263113 0 0 0 0 0 0 0 0 0 0 0 0 1 0 0 0 0 0 0 0 0 0 0 0 0 0 0 0 0 0 0 0 0 0 0 0 0 0 0 0 0 0 0 0 0 0 0 0 0 0 0 0 0 0 0 0 0 0 0 0 0 0 0 0 0 0 0 0 0 0 0 0 0 0 0 0 0 0 0 0 0 0 0 0 0 0 0 0 0 0 0 0 0 0 0 0 0 0 0 0 0 0 0 0 0 0 0 0 0]
[2736177865924803529386566136666367032296535264763227003122146405212940873257050787065522054902425062951357591173373815880911935277513676421324171623553954716874793717979914309534790779567297060160405936002063277018426939946793674563509590145100013364050996690499023214526463885392212520132642891033508417996363094005906665608651697 0 0 0 0 0 0 0 0 0 0 0 0 0 1 0 0 0 0 0 0 0 0 0 0 0 0 0 0 0 0 0 0 0 0 0 0 0 0 0 0 0 0 0 0 0 0 0 0 0 0 0 0 0 0 0 0 0 0 0 0 0 0 0 0 0 0 0 0 0 0 0 0 0 0 0 0 0 0 0 0 0 0 0 0 0 0 0 0 0 0 0 0 0 0 0 0 0 0 0 0 0 0 0 0 0 0 0 0 0]
[9181210477458662370669252535506567488018146407374255122033774836559449577279941558811479875567535975361406323073716231826802653022382066041868709494428561611152056436232934976016704997041507147645720872716388118633854581156213466984775114454998394465528918059357896868418400812698854708986440813211746880783562852690331549101695460 0 0 0 0 0 0 0 0 0 0 0 0 0 0 1 0 0 0 0 0 0 0 0 0 0 0 0 0 0 0 0 0 0 0 0 0 0 0 0 0 0 0 0 0 0 0 0 0 0 0 0 0 0 0 0 0 0 0 0 0 0 0 0 0 0 0 0 0 0 0 0 0 0 0 0 0 0 0 0 0 0 0 0 0 0 0 0 0 0 0 0 0 0 0 0 0 0 0 0 0 0 0 0 0 0 0 0 0 0]
[3228598075770869540479732693074704586541199591476799183330994210831061484589600456315048638106768658761177001034217650991511607236935870724314788874539873246580173403022434239459278220391602093000156029636399135950860650033143602949302857803326077360556586024110784791558420719131119349171003444354333700985295338680949164704713772 0 0 0 0 0 0 0 0 0 0 0 0 0 0 0 1 0 0 0 0 0 0 0 0 0 0 0 0 0 0 0 0 0 0 0 0 0 0 0 0 0 0 0 0 0 0 0 0 0 0 0 0 0 0 0 0 0 0 0 0 0 0 0 0 0 0 0 0 0 0 0 0 0 0 0 0 0 0 0 0 0 0 0 0 0 0 0 0 0 0 0 0 0 0 0 0 0 0 0 0 0 0 0 0 0 0 0 0 0]
[7123683011317763313219243578755692912290236638055498533128393592422724648248991313468514585857285929187364412751052559031419120121325031990266779531534803647476338968458101283351284323553057301730189174578207283571172015640069602820683044896268830460021001341612027137981974366172863072578152091867584867813359713412005578503263265 0 0 0 0 0 0 0 0 0 0 0 0 0 0 0 0 1 0 0 0 0 0 0 0 0 0 0 0 0 0 0 0 0 0 0 0 0 0 0 0 0 0 0 0 0 0 0 0 0 0 0 0 0 0 0 0 0 0 0 0 0 0 0 0 0 0 0 0 0 0 0 0 0 0 0 0 0 0 0 0 0 0 0 0 0 0 0 0 0 0 0 0 0 0 0 0 0 0 0 0 0 0 0 0 0 0 0 0 0]
[9381374242053718737263094608721520707488362188712120289942942784295143982254929113652121402216385945123019653925789494338314887045583424102515938402454154114629649357055085882916219864951733976391736687559084225218918767949236222771128003602644319825661938283217599688862121638807390324365270771182766489993806204785837032980464661 0 0 0 0 0 0 0 0 0 0 0 0 0 0 0 0 0 1 0 0 0 0 0 0 0 0 0 0 0 0 0 0 0 0 0 0 0 0 0 0 0 0 0 0 0 0 0 0 0 0 0 0 0 0 0 0 0 0 0 0 0 0 0 0 0 0 0 0 0 0 0 0 0 0 0 0 0 0 0 0 0 0 0 0 0 0 0 0 0 0 0 0 0 0 0 0 0 0 0 0 0 0 0 0 0 0 0 0 0]
[9274347853682850685020170856952269567723451134932814910722846249152156570937230996318154918821202033647372774241106224819153936510973658797052804342167971589798848135517020080473124668081914867778329828439614241636279069176123478677853383279047355657182368330035304402559649773572746109150518243306000129679675393429530842663528699 0 0 0 0 0 0 0 0 0 0 0 0 0 0 0 0 0 0 1 0 0 0 0 0 0 0 0 0 0 0 0 0 0 0 0 0 0 0 0 0 0 0 0 0 0 0 0 0 0 0 0 0 0 0 0 0 0 0 0 0 0 0 0 0 0 0 0 0 0 0 0 0 0 0 0 0 0 0 0 0 0 0 0 0 0 0 0 0 0 0 0 0 0 0 0 0 0 0 0 0 0 0 0 0 0 0 0 0 0]
[757359825196208786904914225578741089699813602407689752150206246049562533137166656721612628911664455518331219187654018095170658128298630567812536019230129071569338209453346266489334769811115857455099732970606143450375338491073284640723001254552902362837192901593931214955309409229555695059515424843488008963887577148922377828800845 0 0 0 0 0 0 0 0 0 0 0 0 0 0 0 0 0 0 0 1 0 0 0 0 0 0 0 0 0 0 0 0 0 0 0 0 0 0 0 0 0 0 0 0 0 0 0 0 0 0 0 0 0 0 0 0 0 0 0 0 0 0 0 0 0 0 0 0 0 0 0 0 0 0 0 0 0 0 0 0 0 0 0 0 0 0 0 0 0 0 0 0 0 0 0 0 0 0 0 0 0 0 0 0 0 0 0 0 0]
[4332950206149085303833186549982699541015259752788455067538705770141264963704179941156827169092944701098777067376207340189628311567010196068242818687723745643084343441970490818469338263445947142629255958193956782812163028693568781158900543170661915793518757624335894534643713841043706128101008727292310470987740897891451347761375605 0 0 0 0 0 0 0 0 0 0 0 0 0 0 0 0 0 0 0 0 1 0 0 0 0 0 0 0 0 0 0 0 0 0 0 0 0 0 0 0 0 0 0 0 0 0 0 0 0 0 0 0 0 0 0 0 0 0 0 0 0 0 0 0 0 0 0 0 0 0 0 0 0 0 0 0 0 0 0 0 0 0 0 0 0 0 0 0 0 0 0 0 0 0 0 0 0 0 0 0 0 0 0 0 0 0 0 0 0]
[6669826773006459582955407750653901324560199458924363707026407436138706035066596991020154812392787637990746054812946273508528111660360530707713510911750322180197703647671058201521755981640051587606378402517548436500346584819030864130443275885485878563948565202226285929443058683348047668219430465380309525918688127470449235086866111 0 0 0 0 0 0 0 0 0 0 0 0 0 0 0 0 0 0 0 0 0 1 0 0 0 0 0 0 0 0 0 0 0 0 0 0 0 0 0 0 0 0 0 0 0 0 0 0 0 0 0 0 0 0 0 0 0 0 0 0 0 0 0 0 0 0 0 0 0 0 0 0 0 0 0 0 0 0 0 0 0 0 0 0 0 0 0 0 0 0 0 0 0 0 0 0 0 0 0 0 0 0 0 0 0 0 0 0 0]
[6994163313406309677407112793896162347129524269230976542348095393094529212603289701185716058239242316494168006111283222999841298006407430395465690447619605822938284641941067038303474101269921341191509427375290546264676785442837072773189088703751705865814232214021387884105983296708626614960821571914808315101174989856497347804881704 0 0 0 0 0 0 0 0 0 0 0 0 0 0 0 0 0 0 0 0 0 0 1 0 0 0 0 0 0 0 0 0 0 0 0 0 0 0 0 0 0 0 0 0 0 0 0 0 0 0 0 0 0 0 0 0 0 0 0 0 0 0 0 0 0 0 0 0 0 0 0 0 0 0 0 0 0 0 0 0 0 0 0 0 0 0 0 0 0 0 0 0 0 0 0 0 0 0 0 0 0 0 0 0 0 0 0 0 0]
[5081911100596428067517350246088513720435914357343564056121065589926084975704784415186839148950257565168278291356215083484384362244046270033359617855599403281291626474571927180587089326678592188706728850356561059910273643829438093343656179004588624986019278104480637294724127251111004759571738549466425158356032791201232046630940347 0 0 0 0 0 0 0 0 0 0 0 0 0 0 0 0 0 0 0 0 0 0 0 1 0 0 0 0 0 0 0 0 0 0 0 0 0 0 0 0 0 0 0 0 0 0 0 0 0 0 0 0 0 0 0 0 0 0 0 0 0 0 0 0 0 0 0 0 0 0 0 0 0 0 0 0 0 0 0 0 0 0 0 0 0 0 0 0 0 0 0 0 0 0 0 0 0 0 0 0 0 0 0 0 0 0 0 0 0]
[9162546274516560029860395902322196720362118019943878397501230567790770168587726430862868112630087611856762464989089081058056261416809399913154210030231831983839504871840142916667555730254758056906868894495559583315625106623050561020517877433853275365171489634160391098391749345682325829310511075089795859955348789870602547390053654 0 0 0 0 0 0 0 0 0 0 0 0 0 0 0 0 0 0 0 0 0 0 0 0 1 0 0 0 0 0 0 0 0 0 0 0 0 0 0 0 0 0 0 0 0 0 0 0 0 0 0 0 0 0 0 0 0 0 0 0 0 0 0 0 0 0 0 0 0 0 0 0 0 0 0 0 0 0 0 0 0 0 0 0 0 0 0 0 0 0 0 0 0 0 0 0 0 0 0 0 0 0 0 0 0 0 0 0 0]
[927163178013183323542809827395466749913915924053780553180450427152373446849755869747249176776329602348213046626458323930228082623534839183975356909500503559396231809809654187069069850743009979276572262706623250202370346462245242506832207750645464317259666051652466839443351635680846116408816988976722379891645636755730160110699093 0 0 0 0 0 0 0 0 0 0 0 0 0 0 0 0 0 0 0 0 0 0 0 0 0 1 0 0 0 0 0 0 0 0 0 0 0 0 0 0 0 0 0 0 0 0 0 0 0 0 0 0 0 0 0 0 0 0 0 0 0 0 0 0 0 0 0 0 0 0 0 0 0 0 0 0 0 0 0 0 0 0 0 0 0 0 0 0 0 0 0 0 0 0 0 0 0 0 0 0 0 0 0 0 0 0 0 0 0]
[3863698859791332548851754452302625832936313740881178807078233512961502394740109641468253655975352495957564530774801134168321075614190862381595592320109476078325648165078779633154762285880665938423139602297665670386120108356541249624823091768130665468204402393589317797370608580270790516196597994547593521160914105728630985446214339 0 0 0 0 0 0 0 0 0 0 0 0 0 0 0 0 0 0 0 0 0 0 0 0 0 0 1 0 0 0 0 0 0 0 0 0 0 0 0 0 0 0 0 0 0 0 0 0 0 0 0 0 0 0 0 0 0 0 0 0 0 0 0 0 0 0 0 0 0 0 0 0 0 0 0 0 0 0 0 0 0 0 0 0 0 0 0 0 0 0 0 0 0 0 0 0 0 0 0 0 0 0 0 0 0 0 0 0 0]
[1853402499218255550039800343111335976362963026915168367480483618753266278695581361504158219973073003959685864457929240966267126631736547518853713679878024364083020571561290859729353601823347135752413441749950502347361901132870760284925362777998683150601721188635785686232783894028570743817677136583395008187521031021052550699604821 0 0 0 0 0 0 0 0 0 0 0 0 0 0 0 0 0 0 0 0 0 0 0 0 0 0 0 1 0 0 0 0 0 0 0 0 0 0 0 0 0 0 0 0 0 0 0 0 0 0 0 0 0 0 0 0 0 0 0 0 0 0 0 0 0 0 0 0 0 0 0 0 0 0 0 0 0 0 0 0 0 0 0 0 0 0 0 0 0 0 0 0 0 0 0 0 0 0 0 0 0 0 0 0 0 0 0 0 0]
[7508608083418411625591443402060813241032479773931281373731177402175631668454164155479668682863235479314437281551071561674927668666112379451071872782099742304124389586340738664466234899107018391019851983830773366130771418599788072794559134411512540130305764293885239272881570810985354050546901892281123945088511744492848579636103197 0 0 0 0 0 0 0 0 0 0 0 0 0 0 0 0 0 0 0 0 0 0 0 0 0 0 0 0 1 0 0 0 0 0 0 0 0 0 0 0 0 0 0 0 0 0 0 0 0 0 0 0 0 0 0 0 0 0 0 0 0 0 0 0 0 0 0 0 0 0 0 0 0 0 0 0 0 0 0 0 0 0 0 0 0 0 0 0 0 0 0 0 0 0 0 0 0 0 0 0 0 0 0 0 0 0 0 0 0]
[222784919341441584587344055795412372607197342252661908875556661593134074565266620549823157269496427156390697352012154321796154536451025201733401623701623418404984965602104569321206335853672029524576599864743360639611235179780078607582664601143764231481514931718524742834782526269284703096094855325084899873713105950675381427322673 0 0 0 0 0 0 0 0 0 0 0 0 0 0 0 0 0 0 0 0 0 0 0 0 0 0 0 0 0 1 0 0 0 0 0 0 0 0 0 0 0 0 0 0 0 0 0 0 0 0 0 0 0 0 0 0 0 0 0 0 0 0 0 0 0 0 0 0 0 0 0 0 0 0 0 0 0 0 0 0 0 0 0 0 0 0 0 0 0 0 0 0 0 0 0 0 0 0 0 0 0 0 0 0 0 0 0 0 0]
[107362678922755618116436233299224950925220764705310702032396130544151183623203743146127026871166104702654331262785706735049231317519228465428125538227027884027738757176551941353528030691145636140757960532473212018426586760456779318293878754282401099767146729455053710984710603062956525818577403622944399586830921766599159094203865 0 0 0 0 0 0 0 0 0 0 0 0 0 0 0 0 0 0 0 0 0 0 0 0 0 0 0 0 0 0 1 0 0 0 0 0 0 0 0 0 0 0 0 0 0 0 0 0 0 0 0 0 0 0 0 0 0 0 0 0 0 0 0 0 0 0 0 0 0 0 0 0 0 0 0 0 0 0 0 0 0 0 0 0 0 0 0 0 0 0 0 0 0 0 0 0 0 0 0 0 0 0 0 0 0 0 0 0 0]
[6852130057331352596258960934784224011748718975495147309083461833686909561547341513813706797616200852102241979970302047513781937132751124620708790539982933144534847370738283460553589464555922515003712332072955897637330453162626611303894211512425014028803180491402506755255697080460511500226631347212732610934322506152610320403451346 0 0 0 0 0 0 0 0 0 0 0 0 0 0 0 0 0 0 0 0 0 0 0 0 0 0 0 0 0 0 0 1 0 0 0 0 0 0 0 0 0 0 0 0 0 0 0 0 0 0 0 0 0 0 0 0 0 0 0 0 0 0 0 0 0 0 0 0 0 0 0 0 0 0 0 0 0 0 0 0 0 0 0 0 0 0 0 0 0 0 0 0 0 0 0 0 0 0 0 0 0 0 0 0 0 0 0 0 0]
[2994691079808120450009387051181232740726569793801216404746325554171411028382724188298712460544922221501743080398798637510805908305468154901912813182796261638249468201463715903892059600062562824386359873580360004562207269958811992784290290380307777873028170002951610536920021736960743983333910869586326382865673018687044705077832269 0 0 0 0 0 0 0 0 0 0 0 0 0 0 0 0 0 0 0 0 0 0 0 0 0 0 0 0 0 0 0 0 1 0 0 0 0 0 0 0 0 0 0 0 0 0 0 0 0 0 0 0 0 0 0 0 0 0 0 0 0 0 0 0 0 0 0 0 0 0 0 0 0 0 0 0 0 0 0 0 0 0 0 0 0 0 0 0 0 0 0 0 0 0 0 0 0 0 0 0 0 0 0 0 0 0 0 0 0]
[1668031262066410139830250748153512159923323470835639252190894680984606559215177496836295400419331642684018184804886288915393145211187928109867361345461860153368918829554969503834486810727259654914836829461279039499363691492005401193642929539305663249007191334164889903964716081076383452274271888623837143316373061307575054448357297 0 0 0 0 0 0 0 0 0 0 0 0 0 0 0 0 0 0 0 0 0 0 0 0 0 0 0 0 0 0 0 0 0 1 0 0 0 0 0 0 0 0 0 0 0 0 0 0 0 0 0 0 0 0 0 0 0 0 0 0 0 0 0 0 0 0 0 0 0 0 0 0 0 0 0 0 0 0 0 0 0 0 0 0 0 0 0 0 0 0 0 0 0 0 0 0 0 0 0 0 0 0 0 0 0 0 0 0 0]
[8222048801059088282368070230532010466417057914447214660891954708022946376386167759705711868160174338776280148418484130652888804420428073948146143871430114517806748126740005520783344676307005315564002908280085394981097014891714307486356145402787773494551572977874233235758385946460751026054500818259534805898266154424566631504044733 0 0 0 0 0 0 0 0 0 0 0 0 0 0 0 0 0 0 0 0 0 0 0 0 0 0 0 0 0 0 0 0 0 0 1 0 0 0 0 0 0 0 0 0 0 0 0 0 0 0 0 0 0 0 0 0 0 0 0 0 0 0 0 0 0 0 0 0 0 0 0 0 0 0 0 0 0 0 0 0 0 0 0 0 0 0 0 0 0 0 0 0 0 0 0 0 0 0 0 0 0 0 0 0 0 0 0 0 0]
[1931288533673836934727969306704439005692002338404889457360652128805492541047220674616767887916476934577228885670420477665198295148457433356595051302053495275020024529137187645922820193743462306019524850577222642715728652489207909274371730708077177908571623248015510150899665922746274117504339791923248118416735886295066103203642888 0 0 0 0 0 0 0 0 0 0 0 0 0 0 0 0 0 0 0 0 0 0 0 0 0 0 0 0 0 0 0 0 0 0 0 1 0 0 0 0 0 0 0 0 0 0 0 0 0 0 0 0 0 0 0 0 0 0 0 0 0 0 0 0 0 0 0 0 0 0 0 0 0 0 0 0 0 0 0 0 0 0 0 0 0 0 0 0 0 0 0 0 0 0 0 0 0 0 0 0 0 0 0 0 0 0 0 0 0]
[5594563130842078060964469269091223950956578572661036296251044707449522927203241941730140921714155331521167725639408959814744870523905399370014296329840750003391787483691457793096513514642398584711523097890778923357438200663810649544939091752233356296137755040992601904375805152105800781512286205166742660116252104330250789270565624 0 0 0 0 0 0 0 0 0 0 0 0 0 0 0 0 0 0 0 0 0 0 0 0 0 0 0 0 0 0 0 0 0 0 0 0 1 0 0 0 0 0 0 0 0 0 0 0 0 0 0 0 0 0 0 0 0 0 0 0 0 0 0 0 0 0 0 0 0 0 0 0 0 0 0 0 0 0 0 0 0 0 0 0 0 0 0 0 0 0 0 0 0 0 0 0 0 0 0 0 0 0 0 0 0 0 0 0 0]
[5334842573664680831430299398054851706022179865303639214531367305760268383609441403721175124897881197944389594491780378001491122637961416823482903931510686908024475629786199839571729792132831690014366521918200004456585998666391940453433153947255659540947421072479399137539954303606641628673162966900441651446782743379574422508886211 0 0 0 0 0 0 0 0 0 0 0 0 0 0 0 0 0 0 0 0 0 0 0 0 0 0 0 0 0 0 0 0 0 0 0 0 0 1 0 0 0 0 0 0 0 0 0 0 0 0 0 0 0 0 0 0 0 0 0 0 0 0 0 0 0 0 0 0 0 0 0 0 0 0 0 0 0 0 0 0 0 0 0 0 0 0 0 0 0 0 0 0 0 0 0 0 0 0 0 0 0 0 0 0 0 0 0 0 0]
[10501716256434975954936134639917361069495566679339854359349812650486798894462793880014880390639215870475492539554487669956130759822616746965264954666510010252730709956419796422594231003770290398151908236853921070872284525216946502406525622384268317123336679127496649721271476479765813063685007101446766389455184491977336443155384052 0 0 0 0 0 0 0 0 0 0 0 0 0 0 0 0 0 0 0 0 0 0 0 0 0 0 0 0 0 0 0 0 0 0 0 0 0 0 1 0 0 0 0 0 0 0 0 0 0 0 0 0 0 0 0 0 0 0 0 0 0 0 0 0 0 0 0 0 0 0 0 0 0 0 0 0 0 0 0 0 0 0 0 0 0 0 0 0 0 0 0 0 0 0 0 0 0 0 0 0 0 0 0 0 0 0 0 0 0]
[3945522636749176099589145389397996868201457261808026835764033400684662488259272502735085989697882172053811134720991919647271889868985627524021119535866075881669581262521837478294078029996521980759451373932552144909670018455120948930438309991131218556401159619804962428736024821614181505143944343416211764569297036496636005485171250 0 0 0 0 0 0 0 0 0 0 0 0 0 0 0 0 0 0 0 0 0 0 0 0 0 0 0 0 0 0 0 0 0 0 0 0 0 0 0 1 0 0 0 0 0 0 0 0 0 0 0 0 0 0 0 0 0 0 0 0 0 0 0 0 0 0 0 0 0 0 0 0 0 0 0 0 0 0 0 0 0 0 0 0 0 0 0 0 0 0 0 0 0 0 0 0 0 0 0 0 0 0 0 0 0 0 0 0 0]
[1865234504253186659155439615083280539577440293144275202493046899813033123685424836049593070481273939233188461632053567812255126734571471302658460486509752878334217488996526162969550422319514899671106645217246344982057017899990236869220531906034434685043281728136111597581213733194263404626612383339099514273229217826272325699372507 0 0 0 0 0 0 0 0 0 0 0 0 0 0 0 0 0 0 0 0 0 0 0 0 0 0 0 0 0 0 0 0 0 0 0 0 0 0 0 0 1 0 0 0 0 0 0 0 0 0 0 0 0 0 0 0 0 0 0 0 0 0 0 0 0 0 0 0 0 0 0 0 0 0 0 0 0 0 0 0 0 0 0 0 0 0 0 0 0 0 0 0 0 0 0 0 0 0 0 0 0 0 0 0 0 0 0 0 0]
[4022371647394416302599911123676680893406536356300671414623263605443884992256024750635006337296714455838150188933209570601738943316791137635286798206609405355685794872024358016976892060620404259519564480885929720375041428246098935781399297640741946193856690068570369691804877404315722007164433102217017941778660150363244208006685331 0 0 0 0 0 0 0 0 0 0 0 0 0 0 0 0 0 0 0 0 0 0 0 0 0 0 0 0 0 0 0 0 0 0 0 0 0 0 0 0 0 1 0 0 0 0 0 0 0 0 0 0 0 0 0 0 0 0 0 0 0 0 0 0 0 0 0 0 0 0 0 0 0 0 0 0 0 0 0 0 0 0 0 0 0 0 0 0 0 0 0 0 0 0 0 0 0 0 0 0 0 0 0 0 0 0 0 0 0]
[6895370362181650727239121643114791153783227799542518700205837152784745753498456583892992184483998516841488559448683446810893869124774783775377284935929797785282265387952492790797876530741808515631672241602367659997924684961399262844425701912607008488415036863747385268081211002718724240012910891879613680773371467114653649278471561 0 0 0 0 0 0 0 0 0 0 0 0 0 0 0 0 0 0 0 0 0 0 0 0 0 0 0 0 0 0 0 0 0 0 0 0 0 0 0 0 0 0 1 0 0 0 0 0 0 0 0 0 0 0 0 0 0 0 0 0 0 0 0 0 0 0 0 0 0 0 0 0 0 0 0 0 0 0 0 0 0 0 0 0 0 0 0 0 0 0 0 0 0 0 0 0 0 0 0 0 0 0 0 0 0 0 0 0 0]
[3476699755576876484580877117154147206564081506177862167408888449040245406950437760784955999196822106094263623455048850887123445561843818784118214018116576736212508068611857359508991557304431070837651400964505512363942343590569179123673136187349042292574832922845422389922178150799589085018305418169114622078880389515305797481034689 0 0 0 0 0 0 0 0 0 0 0 0 0 0 0 0 0 0 0 0 0 0 0 0 0 0 0 0 0 0 0 0 0 0 0 0 0 0 0 0 0 0 0 1 0 0 0 0 0 0 0 0 0 0 0 0 0 0 0 0 0 0 0 0 0 0 0 0 0 0 0 0 0 0 0 0 0 0 0 0 0 0 0 0 0 0 0 0 0 0 0 0 0 0 0 0 0 0 0 0 0 0 0 0 0 0 0 0 0]
[2012796498512448198055209950753367492572848522022003712383264883694609350480757007483963708435499705614531538332343095240230673744289046910141267472198346426749474913341258822395425551931133993917305768961655291093272792636990401491781251679739681948020700744395097863121793769447275975487315677672161138581406386292531726924010861 0 0 0 0 0 0 0 0 0 0 0 0 0 0 0 0 0 0 0 0 0 0 0 0 0 0 0 0 0 0 0 0 0 0 0 0 0 0 0 0 0 0 0 0 1 0 0 0 0 0 0 0 0 0 0 0 0 0 0 0 0 0 0 0 0 0 0 0 0 0 0 0 0 0 0 0 0 0 0 0 0 0 0 0 0 0 0 0 0 0 0 0 0 0 0 0 0 0 0 0 0 0 0 0 0 0 0 0 0]
[9253394962354089145289298137095859376180468248169828203428193169291287235749012107722599546400495234758982723716558102312846043351456424236550389727864147900727359908448911306762605143571363037084478947418618664454730659808098982016117612224617946300455329089115406857182990863133800678796739637682972278227766802811480669453918896 0 0 0 0 0 0 0 0 0 0 0 0 0 0 0 0 0 0 0 0 0 0 0 0 0 0 0 0 0 0 0 0 0 0 0 0 0 0 0 0 0 0 0 0 0 1 0 0 0 0 0 0 0 0 0 0 0 0 0 0 0 0 0 0 0 0 0 0 0 0 0 0 0 0 0 0 0 0 0 0 0 0 0 0 0 0 0 0 0 0 0 0 0 0 0 0 0 0 0 0 0 0 0 0 0 0 0 0 0]
[1289916251387137348469215825680850870438336642844715495908060599539763618742761720565142506457203950431895241269134237784146819462788696516797895073360378689460851955330542100470146564182516774102489444601539572529596478098852046516413792649972347191992345457692317936884236036992504452441933363352941942392266906617058650898152303 0 0 0 0 0 0 0 0 0 0 0 0 0 0 0 0 0 0 0 0 0 0 0 0 0 0 0 0 0 0 0 0 0 0 0 0 0 0 0 0 0 0 0 0 0 0 1 0 0 0 0 0 0 0 0 0 0 0 0 0 0 0 0 0 0 0 0 0 0 0 0 0 0 0 0 0 0 0 0 0 0 0 0 0 0 0 0 0 0 0 0 0 0 0 0 0 0 0 0 0 0 0 0 0 0 0 0 0 0]
[2500390736924538614119771084948001533998412340683104912385401719318672154020651935949945605027897864992599162307515433353248934159779426893674449587972410822590228754084494903871203632761065991929746441616555142430889390992521623613092780795736275773225611595672095234261681050286825615984414245043682155320853329544849482923407404 0 0 0 0 0 0 0 0 0 0 0 0 0 0 0 0 0 0 0 0 0 0 0 0 0 0 0 0 0 0 0 0 0 0 0 0 0 0 0 0 0 0 0 0 0 0 0 1 0 0 0 0 0 0 0 0 0 0 0 0 0 0 0 0 0 0 0 0 0 0 0 0 0 0 0 0 0 0 0 0 0 0 0 0 0 0 0 0 0 0 0 0 0 0 0 0 0 0 0 0 0 0 0 0 0 0 0 0 0]
[9981881699381711354434352069673206229450484025411430875581004211350872101081523729711054262127011708394843101243223223343411289313207393885635400712673844005491673830159406686766927721138014233350965795803602296579986609326928898117488492396473223695414058310008117207092921248547888637701899951435622393952855439999878882045045905 0 0 0 0 0 0 0 0 0 0 0 0 0 0 0 0 0 0 0 0 0 0 0 0 0 0 0 0 0 0 0 0 0 0 0 0 0 0 0 0 0 0 0 0 0 0 0 0 1 0 0 0 0 0 0 0 0 0 0 0 0 0 0 0 0 0 0 0 0 0 0 0 0 0 0 0 0 0 0 0 0 0 0 0 0 0 0 0 0 0 0 0 0 0 0 0 0 0 0 0 0 0 0 0 0 0 0 0 0]
[2693677599619905135157716855850210843605728724220512929326005851098976041605558938931194867672958403223835401096418119105897749900329081182738115801842634335569333793865522161419648623873421004830303119381459891577541236044580877541136432467063528377543291118800068062740512896093626898632647870537364693159047128685068044085051530 0 0 0 0 0 0 0 0 0 0 0 0 0 0 0 0 0 0 0 0 0 0 0 0 0 0 0 0 0 0 0 0 0 0 0 0 0 0 0 0 0 0 0 0 0 0 0 0 0 1 0 0 0 0 0 0 0 0 0 0 0 0 0 0 0 0 0 0 0 0 0 0 0 0 0 0 0 0 0 0 0 0 0 0 0 0 0 0 0 0 0 0 0 0 0 0 0 0 0 0 0 0 0 0 0 0 0 0 0]
[5352811075991731291208846673071996590104874268238710985690514424481530131367620091499954956578314712426154979971871388999085002401734579163782958348791445096747499400774332075697486246364956043770318180338204861300848370968382861226836203014165904485633205772331008430491922386646205972490881522577118051766770089090978492970075588 0 0 0 0 0 0 0 0 0 0 0 0 0 0 0 0 0 0 0 0 0 0 0 0 0 0 0 0 0 0 0 0 0 0 0 0 0 0 0 0 0 0 0 0 0 0 0 0 0 0 1 0 0 0 0 0 0 0 0 0 0 0 0 0 0 0 0 0 0 0 0 0 0 0 0 0 0 0 0 0 0 0 0 0 0 0 0 0 0 0 0 0 0 0 0 0 0 0 0 0 0 0 0 0 0 0 0 0 0]
[5872182174553677620780566180023901377976297086892015850007333805853013434071920079254719215486060417037867478510294276127917326493354027808063859045806245725487665365199232327447974417302413200491335297739059878868508975563683430264643346898241358745494514207673544480070941242649805745877254390340422162853082546532459966335844527 0 0 0 0 0 0 0 0 0 0 0 0 0 0 0 0 0 0 0 0 0 0 0 0 0 0 0 0 0 0 0 0 0 0 0 0 0 0 0 0 0 0 0 0 0 0 0 0 0 0 0 1 0 0 0 0 0 0 0 0 0 0 0 0 0 0 0 0 0 0 0 0 0 0 0 0 0 0 0 0 0 0 0 0 0 0 0 0 0 0 0 0 0 0 0 0 0 0 0 0 0 0 0 0 0 0 0 0 0]
[789024279483500315608245223877503948779345898534898927485831813510673903563299920388607408008030264918993824309189899271915624724750133617990570631842327211765938077617969523913873152086470173038445120539639908717027152419292778485538321545301731662063257701482049839801328066614705916697754145280090629792240003543326201256415424 0 0 0 0 0 0 0 0 0 0 0 0 0 0 0 0 0 0 0 0 0 0 0 0 0 0 0 0 0 0 0 0 0 0 0 0 0 0 0 0 0 0 0 0 0 0 0 0 0 0 0 0 1 0 0 0 0 0 0 0 0 0 0 0 0 0 0 0 0 0 0 0 0 0 0 0 0 0 0 0 0 0 0 0 0 0 0 0 0 0 0 0 0 0 0 0 0 0 0 0 0 0 0 0 0 0 0 0 0]
[2978106697886685154918548035962744180559086701198893044088793657425570762766504708108711705287090402039393621944035800941287493926397093778673037796063293749019883465563992221133987777080460803883544011561558447424260007629822913105202745424381602055360045750716656760347041546577467370265384462790301061266506349346861367258070124 0 0 0 0 0 0 0 0 0 0 0 0 0 0 0 0 0 0 0 0 0 0 0 0 0 0 0 0 0 0 0 0 0 0 0 0 0 0 0 0 0 0 0 0 0 0 0 0 0 0 0 0 0 1 0 0 0 0 0 0 0 0 0 0 0 0 0 0 0 0 0 0 0 0 0 0 0 0 0 0 0 0 0 0 0 0 0 0 0 0 0 0 0 0 0 0 0 0 0 0 0 0 0 0 0 0 0 0 0]
[9792886691985061756390499716027480632408141875958941755074395707302898237104571820469933766053008000097119775673128681418571149314857021476445279712687109753883762850981906788438981223434768672520820896232183579134802030004693740664649106531974468050739240472821612487758278816788747962818444440078087609595157714775257747462670504 0 0 0 0 0 0 0 0 0 0 0 0 0 0 0 0 0 0 0 0 0 0 0 0 0 0 0 0 0 0 0 0 0 0 0 0 0 0 0 0 0 0 0 0 0 0 0 0 0 0 0 0 0 0 1 0 0 0 0 0 0 0 0 0 0 0 0 0 0 0 0 0 0 0 0 0 0 0 0 0 0 0 0 0 0 0 0 0 0 0 0 0 0 0 0 0 0 0 0 0 0 0 0 0 0 0 0 0 0]
[1756205117607486996527642165236620268076724408590804700744636207976549171593728376652700161639031255801464051963287601729164326268633704417896185726531861378130178128012125854465114148462035728831111015568790613073236552243753341656400155479937069237705414344417524193937543963056970771964881662544295792449530253333887348931209497 0 0 0 0 0 0 0 0 0 0 0 0 0 0 0 0 0 0 0 0 0 0 0 0 0 0 0 0 0 0 0 0 0 0 0 0 0 0 0 0 0 0 0 0 0 0 0 0 0 0 0 0 0 0 0 1 0 0 0 0 0 0 0 0 0 0 0 0 0 0 0 0 0 0 0 0 0 0 0 0 0 0 0 0 0 0 0 0 0 0 0 0 0 0 0 0 0 0 0 0 0 0 0 0 0 0 0 0 0]
[416300544944672190722903974506781265574056051234809022710781279421575051188818333780611250824950786382990219447195619559664476065433650485037660736297398189067061117959668986395623159461775273837054578301452825234908155756289274076335132761599283336228787238545914463115194783947786443288091498356013986153515724203675206142316147 0 0 0 0 0 0 0 0 0 0 0 0 0 0 0 0 0 0 0 0 0 0 0 0 0 0 0 0 0 0 0 0 0 0 0 0 0 0 0 0 0 0 0 0 0 0 0 0 0 0 0 0 0 0 0 0 1 0 0 0 0 0 0 0 0 0 0 0 0 0 0 0 0 0 0 0 0 0 0 0 0 0 0 0 0 0 0 0 0 0 0 0 0 0 0 0 0 0 0 0 0 0 0 0 0 0 0 0 0]
[1444870465462839784071477293133309224074273280402091033049245377640990373691225587367984304359280430687785719763209873171972615586611462629977679737715842887455189297362824788406173729451499543819110609350668493683621893853938160614461424600029766451118815928539641401184447725807207564178876410552481906764976930375973094462168939 0 0 0 0 0 0 0 0 0 0 0 0 0 0 0 0 0 0 0 0 0 0 0 0 0 0 0 0 0 0 0 0 0 0 0 0 0 0 0 0 0 0 0 0 0 0 0 0 0 0 0 0 0 0 0 0 0 1 0 0 0 0 0 0 0 0 0 0 0 0 0 0 0 0 0 0 0 0 0 0 0 0 0 0 0 0 0 0 0 0 0 0 0 0 0 0 0 0 0 0 0 0 0 0 0 0 0 0 0]
[10386803066583460526869173094708779456457974713432099782399328251144778445161307006256642344617487685256398759128586317517751435950588692365809382823544012723633367344630245376065994636899513155296354765472564332289101012329157686771020452624829385883131933469040398182972170279073328308973437108724699586025115369533584553601924639 0 0 0 0 0 0 0 0 0 0 0 0 0 0 0 0 0 0 0 0 0 0 0 0 0 0 0 0 0 0 0 0 0 0 0 0 0 0 0 0 0 0 0 0 0 0 0 0 0 0 0 0 0 0 0 0 0 0 1 0 0 0 0 0 0 0 0 0 0 0 0 0 0 0 0 0 0 0 0 0 0 0 0 0 0 0 0 0 0 0 0 0 0 0 0 0 0 0 0 0 0 0 0 0 0 0 0 0 0]
[3343562337181259064443733751789092239443862023590062431580815729581177112046818956078444624053777705796718259925746325403369622565403762928271641123038622921124255294583465412386076612662903734341408367289308061352976506539181479022472157737408969613341009335053963192908688366097279819055931185525908920773543707224568798855286388 0 0 0 0 0 0 0 0 0 0 0 0 0 0 0 0 0 0 0 0 0 0 0 0 0 0 0 0 0 0 0 0 0 0 0 0 0 0 0 0 0 0 0 0 0 0 0 0 0 0 0 0 0 0 0 0 0 0 0 1 0 0 0 0 0 0 0 0 0 0 0 0 0 0 0 0 0 0 0 0 0 0 0 0 0 0 0 0 0 0 0 0 0 0 0 0 0 0 0 0 0 0 0 0 0 0 0 0 0]
[7573969192390757936992159339683523833438321894655181543952086582883253375166582457305997409120357063384192021967162140340571840778232318308105762055065044521050332470063211043176116724905788542149825706613229789960921294836125305454735877042614517179223808985391844196363293303237158111920011885887176723011858825560569147275869875 0 0 0 0 0 0 0 0 0 0 0 0 0 0 0 0 0 0 0 0 0 0 0 0 0 0 0 0 0 0 0 0 0 0 0 0 0 0 0 0 0 0 0 0 0 0 0 0 0 0 0 0 0 0 0 0 0 0 0 0 1 0 0 0 0 0 0 0 0 0 0 0 0 0 0 0 0 0 0 0 0 0 0 0 0 0 0 0 0 0 0 0 0 0 0 0 0 0 0 0 0 0 0 0 0 0 0 0 0]
[5782600289769185820047451208073490887758326653082753499003945880848442876192263575928420660898737485223529278791427973869156152271010351697270875575714480822314832214350740602137048160857463050988542791061419060485406430541336667511065063053024750932829650429330814383525902410022433926011718380474685838313214333526342096642972335 0 0 0 0 0 0 0 0 0 0 0 0 0 0 0 0 0 0 0 0 0 0 0 0 0 0 0 0 0 0 0 0 0 0 0 0 0 0 0 0 0 0 0 0 0 0 0 0 0 0 0 0 0 0 0 0 0 0 0 0 0 1 0 0 0 0 0 0 0 0 0 0 0 0 0 0 0 0 0 0 0 0 0 0 0 0 0 0 0 0 0 0 0 0 0 0 0 0 0 0 0 0 0 0 0 0 0 0 0]
[7267280585417890694862484909385483624326586846851071931426716049273414017202272577663548241251607639917671177942656440677093544752548026786542469581042777452878141791827503542250659550276964542419924740538140580696353544031686293284775032893805636167527387312885771366323066200342043869473000340628218151648170066580681232756860717 0 0 0 0 0 0 0 0 0 0 0 0 0 0 0 0 0 0 0 0 0 0 0 0 0 0 0 0 0 0 0 0 0 0 0 0 0 0 0 0 0 0 0 0 0 0 0 0 0 0 0 0 0 0 0 0 0 0 0 0 0 0 1 0 0 0 0 0 0 0 0 0 0 0 0 0 0 0 0 0 0 0 0 0 0 0 0 0 0 0 0 0 0 0 0 0 0 0 0 0 0 0 0 0 0 0 0 0 0]
[6339781197957445590556267408228551405283066639307166335585448480514441662661194210738206219806003614699881039130467735854612477813810390191863192833418386134371889523959291002675692079102928293063769926822581277072120361200280028833813310581762924661455175603202473865533675461214418450440579213705793972752680365917624736935995779 0 0 0 0 0 0 0 0 0 0 0 0 0 0 0 0 0 0 0 0 0 0 0 0 0 0 0 0 0 0 0 0 0 0 0 0 0 0 0 0 0 0 0 0 0 0 0 0 0 0 0 0 0 0 0 0 0 0 0 0 0 0 0 1 0 0 0 0 0 0 0 0 0 0 0 0 0 0 0 0 0 0 0 0 0 0 0 0 0 0 0 0 0 0 0 0 0 0 0 0 0 0 0 0 0 0 0 0 0]
[10500004458168855258818533027702291678936480812224185752128712879041733930433688724803327619000871624936802263403169783651347650219712598406232602550945991728378897047917616251727514479495448465831393823747590082266596479080060504681228928571396867708893736915019728782082360901593732119359757500256715912944759062012817835308334825 0 0 0 0 0 0 0 0 0 0 0 0 0 0 0 0 0 0 0 0 0 0 0 0 0 0 0 0 0 0 0 0 0 0 0 0 0 0 0 0 0 0 0 0 0 0 0 0 0 0 0 0 0 0 0 0 0 0 0 0 0 0 0 0 1 0 0 0 0 0 0 0 0 0 0 0 0 0 0 0 0 0 0 0 0 0 0 0 0 0 0 0 0 0 0 0 0 0 0 0 0 0 0 0 0 0 0 0 0]
[8043451003789657347027962368400279180230378964157033556863634178274811285869657631215459413948954233339036863634019772798282294262805525247949122046854422742136425505328478381847989119066066195223354650299228736824942852669948300018717262574762264520988842230508882128966562284213056202781963902300244299757777719109376130685793902 0 0 0 0 0 0 0 0 0 0 0 0 0 0 0 0 0 0 0 0 0 0 0 0 0 0 0 0 0 0 0 0 0 0 0 0 0 0 0 0 0 0 0 0 0 0 0 0 0 0 0 0 0 0 0 0 0 0 0 0 0 0 0 0 0 1 0 0 0 0 0 0 0 0 0 0 0 0 0 0 0 0 0 0 0 0 0 0 0 0 0 0 0 0 0 0 0 0 0 0 0 0 0 0 0 0 0 0 0]
[4543286870445684890148675335541548097850761865003845666303901779752560369440207153169696804934031958446402924878333903912824632581169651457324563943628727059801490685277540794486401377485684610063386104781242196988069309561011340141986770641736241192248829272299005666406086143643126741814031670805186988944661161695765472661301239 0 0 0 0 0 0 0 0 0 0 0 0 0 0 0 0 0 0 0 0 0 0 0 0 0 0 0 0 0 0 0 0 0 0 0 0 0 0 0 0 0 0 0 0 0 0 0 0 0 0 0 0 0 0 0 0 0 0 0 0 0 0 0 0 0 0 1 0 0 0 0 0 0 0 0 0 0 0 0 0 0 0 0 0 0 0 0 0 0 0 0 0 0 0 0 0 0 0 0 0 0 0 0 0 0 0 0 0 0]
[8221396358616120509468375778251758590154353068436592169601540081581047955187700662512366026307416548337994827611303239819337026043125852149516155854518411902196552756800589588156376177338949672069908654089567421563233648638965425930113016863344666482592361047631480149578230271975387041016172513862209259420540344796578409412900867 0 0 0 0 0 0 0 0 0 0 0 0 0 0 0 0 0 0 0 0 0 0 0 0 0 0 0 0 0 0 0 0 0 0 0 0 0 0 0 0 0 0 0 0 0 0 0 0 0 0 0 0 0 0 0 0 0 0 0 0 0 0 0 0 0 0 0 1 0 0 0 0 0 0 0 0 0 0 0 0 0 0 0 0 0 0 0 0 0 0 0 0 0 0 0 0 0 0 0 0 0 0 0 0 0 0 0 0 0]
[3386141530853721121801808148341087961914691928266590548000753092393525745118862182668298742519288446341761852210077362407807821132757284624556105690638867553162191695325616125940748866805962500753497766477647323145805108439548320454808491637696817503170489298387862190770045618726844070315613028556331908486602755994051260789839399 0 0 0 0 0 0 0 0 0 0 0 0 0 0 0 0 0 0 0 0 0 0 0 0 0 0 0 0 0 0 0 0 0 0 0 0 0 0 0 0 0 0 0 0 0 0 0 0 0 0 0 0 0 0 0 0 0 0 0 0 0 0 0 0 0 0 0 0 1 0 0 0 0 0 0 0 0 0 0 0 0 0 0 0 0 0 0 0 0 0 0 0 0 0 0 0 0 0 0 0 0 0 0 0 0 0 0 0 0]
[2221998459634511552043173854838746400973285921736471644187553502036963312190959560560557046720891021345004027208279118052269659993870212219701249356782290113263634484906225983842998212292165864989060740680411864170326234628014872689500956758883629405320935505916840797659048192194002544491137550556183432394103072700625314529283193 0 0 0 0 0 0 0 0 0 0 0 0 0 0 0 0 0 0 0 0 0 0 0 0 0 0 0 0 0 0 0 0 0 0 0 0 0 0 0 0 0 0 0 0 0 0 0 0 0 0 0 0 0 0 0 0 0 0 0 0 0 0 0 0 0 0 0 0 0 1 0 0 0 0 0 0 0 0 0 0 0 0 0 0 0 0 0 0 0 0 0 0 0 0 0 0 0 0 0 0 0 0 0 0 0 0 0 0 0]
[5048061624558596027221394922775168920645321928452302125003837541655552323176335039633659355787618410792175512535267938947949282143321992903923777779024940206541932806912342923422841952204189185604890939190477144167895592698360219623599375768046332295957504381258940677084322782370798279496686086846218183747342720800998969989816396 0 0 0 0 0 0 0 0 0 0 0 0 0 0 0 0 0 0 0 0 0 0 0 0 0 0 0 0 0 0 0 0 0 0 0 0 0 0 0 0 0 0 0 0 0 0 0 0 0 0 0 0 0 0 0 0 0 0 0 0 0 0 0 0 0 0 0 0 0 0 1 0 0 0 0 0 0 0 0 0 0 0 0 0 0 0 0 0 0 0 0 0 0 0 0 0 0 0 0 0 0 0 0 0 0 0 0 0 0]
[3753045830020744418765446296917671290659385695493127036416753096672927360466557608578297522781028352904393583611633955981449959274812404063159504619067988649084503299204649775884981380434273434084123697031615397422514456428459805775585563554211362962387832923449102525998109693109214686860790283124629426960819792076681048769301837 0 0 0 0 0 0 0 0 0 0 0 0 0 0 0 0 0 0 0 0 0 0 0 0 0 0 0 0 0 0 0 0 0 0 0 0 0 0 0 0 0 0 0 0 0 0 0 0 0 0 0 0 0 0 0 0 0 0 0 0 0 0 0 0 0 0 0 0 0 0 0 1 0 0 0 0 0 0 0 0 0 0 0 0 0 0 0 0 0 0 0 0 0 0 0 0 0 0 0 0 0 0 0 0 0 0 0 0 0]
[1215421312194465377525323206609450080779867973052937563191113949960664432515982893689245751619208499628782620418565923961098987836110697121247899679974948666347365158427201832142072045482693693366290125908258283985908228815518022400501961316475026660849191879968662932161777110986508408300164455180668691507055573766720744486197301 0 0 0 0 0 0 0 0 0 0 0 0 0 0 0 0 0 0 0 0 0 0 0 0 0 0 0 0 0 0 0 0 0 0 0 0 0 0 0 0 0 0 0 0 0 0 0 0 0 0 0 0 0 0 0 0 0 0 0 0 0 0 0 0 0 0 0 0 0 0 0 0 1 0 0 0 0 0 0 0 0 0 0 0 0 0 0 0 0 0 0 0 0 0 0 0 0 0 0 0 0 0 0 0 0 0 0 0 0]
[8508549956992408944025326109491703522382609329975654647782088972567824999608582629223151532186305400009662868103840580907775050274383521883749183078442278113859186040526234475103333431960846526519227536412546511257967701604262283090581433857723406616752699057377457404630991907915125688835412734423203115714204121022153672890058678 0 0 0 0 0 0 0 0 0 0 0 0 0 0 0 0 0 0 0 0 0 0 0 0 0 0 0 0 0 0 0 0 0 0 0 0 0 0 0 0 0 0 0 0 0 0 0 0 0 0 0 0 0 0 0 0 0 0 0 0 0 0 0 0 0 0 0 0 0 0 0 0 0 1 0 0 0 0 0 0 0 0 0 0 0 0 0 0 0 0 0 0 0 0 0 0 0 0 0 0 0 0 0 0 0 0 0 0 0]
[4017022361790572197368662718207948505417196945915669481444338442694535457138660469631993816130548806230089750692106183802385851348001521453184240326816585617695823273322499499753832848357732918802139848357381131852635692667760841064365102083562418757602177163542326629612867163054350990716982998884413172176989191732865915756096963 0 0 0 0 0 0 0 0 0 0 0 0 0 0 0 0 0 0 0 0 0 0 0 0 0 0 0 0 0 0 0 0 0 0 0 0 0 0 0 0 0 0 0 0 0 0 0 0 0 0 0 0 0 0 0 0 0 0 0 0 0 0 0 0 0 0 0 0 0 0 0 0 0 0 1 0 0 0 0 0 0 0 0 0 0 0 0 0 0 0 0 0 0 0 0 0 0 0 0 0 0 0 0 0 0 0 0 0 0]
[8154609913359991033830362614032482044695417536301166078177235431037210941757914325401562592698662025539628785804470683662326231501921485497574215998974033568715613975830265315923727493025742469187376679073215536245519240322281757346932255378533759316531269090637832294705150150281974824092382908098823460362834787086401780961820445 0 0 0 0 0 0 0 0 0 0 0 0 0 0 0 0 0 0 0 0 0 0 0 0 0 0 0 0 0 0 0 0 0 0 0 0 0 0 0 0 0 0 0 0 0 0 0 0 0 0 0 0 0 0 0 0 0 0 0 0 0 0 0 0 0 0 0 0 0 0 0 0 0 0 0 1 0 0 0 0 0 0 0 0 0 0 0 0 0 0 0 0 0 0 0 0 0 0 0 0 0 0 0 0 0 0 0 0 0]
[280538528493604676044792415353960328696235928756361513191637246169917717619724813494785839948949403674542201135376144190825377277446170166934121177165053381582797684542090692457967676620768421548245198310116432907755929315486147808442151060180928063018142549005722970799518951447839441838167225549938971704463687261541682570996857 0 0 0 0 0 0 0 0 0 0 0 0 0 0 0 0 0 0 0 0 0 0 0 0 0 0 0 0 0 0 0 0 0 0 0 0 0 0 0 0 0 0 0 0 0 0 0 0 0 0 0 0 0 0 0 0 0 0 0 0 0 0 0 0 0 0 0 0 0 0 0 0 0 0 0 0 1 0 0 0 0 0 0 0 0 0 0 0 0 0 0 0 0 0 0 0 0 0 0 0 0 0 0 0 0 0 0 0 0]
[5773963056668815716640443974660957997666946979515469455208087684110070144673378754768753119024417375962085727226921068222204999087323024307415706837621175722260953341747834003014866634427284672840159367638878843220057097054716682003921947357990085024016516456875434338656259333323799968464537398785495452408942589335245628080743117 0 0 0 0 0 0 0 0 0 0 0 0 0 0 0 0 0 0 0 0 0 0 0 0 0 0 0 0 0 0 0 0 0 0 0 0 0 0 0 0 0 0 0 0 0 0 0 0 0 0 0 0 0 0 0 0 0 0 0 0 0 0 0 0 0 0 0 0 0 0 0 0 0 0 0 0 0 1 0 0 0 0 0 0 0 0 0 0 0 0 0 0 0 0 0 0 0 0 0 0 0 0 0 0 0 0 0 0 0]
[1927218637381508406471735831878429161995930287602287180098794932096650328282076219702620267228313311027965677506304655138774579918711353355300397019528407284163172171194276792939122325920070785655473559530881478098643220585619952748973747937340378557550655160742200996079963693752376364077713076864402669828866278932241546399875672 0 0 0 0 0 0 0 0 0 0 0 0 0 0 0 0 0 0 0 0 0 0 0 0 0 0 0 0 0 0 0 0 0 0 0 0 0 0 0 0 0 0 0 0 0 0 0 0 0 0 0 0 0 0 0 0 0 0 0 0 0 0 0 0 0 0 0 0 0 0 0 0 0 0 0 0 0 0 1 0 0 0 0 0 0 0 0 0 0 0 0 0 0 0 0 0 0 0 0 0 0 0 0 0 0 0 0 0 0]
[3724560958824078613661098881349496272675384035171952993770202683732792837831645841645163837612905505491990723506618798010123313198318507810298986757451945702012302904680353264769283770687479630065483607655780108021647636124673774740304942779637755632520612066094887642355821567124022169629027531226119263850537691917398885240584650 0 0 0 0 0 0 0 0 0 0 0 0 0 0 0 0 0 0 0 0 0 0 0 0 0 0 0 0 0 0 0 0 0 0 0 0 0 0 0 0 0 0 0 0 0 0 0 0 0 0 0 0 0 0 0 0 0 0 0 0 0 0 0 0 0 0 0 0 0 0 0 0 0 0 0 0 0 0 0 1 0 0 0 0 0 0 0 0 0 0 0 0 0 0 0 0 0 0 0 0 0 0 0 0 0 0 0 0 0]
[6830832654265348164463235995341675628903188583406257921325818051539081158541903694948571961186059708686866048186841464909376608121519135885612146566622268624358382782733253396243966359841967822461896863722054446107139627641295827171876333634686703446379514278214322835092028678564253828205869844811762609809928461264561816394419611 0 0 0 0 0 0 0 0 0 0 0 0 0 0 0 0 0 0 0 0 0 0 0 0 0 0 0 0 0 0 0 0 0 0 0 0 0 0 0 0 0 0 0 0 0 0 0 0 0 0 0 0 0 0 0 0 0 0 0 0 0 0 0 0 0 0 0 0 0 0 0 0 0 0 0 0 0 0 0 0 1 0 0 0 0 0 0 0 0 0 0 0 0 0 0 0 0 0 0 0 0 0 0 0 0 0 0 0 0]
[2147970286374163678334946997585468933089558963422378204038985220024556915858031314905713401198110965909424802446136976725851098130329746899983674260592384182596046574395976550410893671324709852514589636007173438809732588569225694373833155386979260253708740486990635003158892276942231231234998752448640536278516538110936138480889568 0 0 0 0 0 0 0 0 0 0 0 0 0 0 0 0 0 0 0 0 0 0 0 0 0 0 0 0 0 0 0 0 0 0 0 0 0 0 0 0 0 0 0 0 0 0 0 0 0 0 0 0 0 0 0 0 0 0 0 0 0 0 0 0 0 0 0 0 0 0 0 0 0 0 0 0 0 0 0 0 0 1 0 0 0 0 0 0 0 0 0 0 0 0 0 0 0 0 0 0 0 0 0 0 0 0 0 0 0]
[890729451661530722898429462903762885302288170472264417296229228145876932365977214541493958826820465795249218662551823315405660230311939642003878459735078212770900034588954875307429552806127628978971471534155790288608711183616159957195101019374999471242705137288397002828126533632519058855391665517554601436194069800707395622724104 0 0 0 0 0 0 0 0 0 0 0 0 0 0 0 0 0 0 0 0 0 0 0 0 0 0 0 0 0 0 0 0 0 0 0 0 0 0 0 0 0 0 0 0 0 0 0 0 0 0 0 0 0 0 0 0 0 0 0 0 0 0 0 0 0 0 0 0 0 0 0 0 0 0 0 0 0 0 0 0 0 0 1 0 0 0 0 0 0 0 0 0 0 0 0 0 0 0 0 0 0 0 0 0 0 0 0 0 0]
[9063028150810692828827715334198148233384635609833442942002390464511818257809326602934465195453524585313431056689575893490826815304167446341739776498648277116791151167752210663954658408172345447435641057946160402316621650666129687670647484593867190792278805323057068597420272722732041512068096784579815778387189142851177378924210912 0 0 0 0 0 0 0 0 0 0 0 0 0 0 0 0 0 0 0 0 0 0 0 0 0 0 0 0 0 0 0 0 0 0 0 0 0 0 0 0 0 0 0 0 0 0 0 0 0 0 0 0 0 0 0 0 0 0 0 0 0 0 0 0 0 0 0 0 0 0 0 0 0 0 0 0 0 0 0 0 0 0 0 1 0 0 0 0 0 0 0 0 0 0 0 0 0 0 0 0 0 0 0 0 0 0 0 0 0]
[1250170056178380639584002550180315238202834497884023474867287141403442555841760098905474670286279592921431012758930671489842928485059395293632105879420106219752689134735467649577270037225999391687997101577004775877799077619034094639787521260098797525639846049842513222517050423349460604379389068115209955082202532102972688583781249 0 0 0 0 0 0 0 0 0 0 0 0 0 0 0 0 0 0 0 0 0 0 0 0 0 0 0 0 0 0 0 0 0 0 0 0 0 0 0 0 0 0 0 0 0 0 0 0 0 0 0 0 0 0 0 0 0 0 0 0 0 0 0 0 0 0 0 0 0 0 0 0 0 0 0 0 0 0 0 0 0 0 0 0 1 0 0 0 0 0 0 0 0 0 0 0 0 0 0 0 0 0 0 0 0 0 0 0 0]
[8303779899940605077329306506936825943245144940117441570352280475041708667165642783774826954992656006512088634392004366213183235137341599653833562695883193649859310461558680254340377332222993213728058120562732145859026939948374820448081021748360493629120733466372281256083240615807065861256261493375869791191962271703692827387221357 0 0 0 0 0 0 0 0 0 0 0 0 0 0 0 0 0 0 0 0 0 0 0 0 0 0 0 0 0 0 0 0 0 0 0 0 0 0 0 0 0 0 0 0 0 0 0 0 0 0 0 0 0 0 0 0 0 0 0 0 0 0 0 0 0 0 0 0 0 0 0 0 0 0 0 0 0 0 0 0 0 0 0 0 0 1 0 0 0 0 0 0 0 0 0 0 0 0 0 0 0 0 0 0 0 0 0 0 0]
[7419911136463301802128365260866696353118985522061049647121303865653016858099506378743495503609922915816085172086836943400448609096123944246192286508540871051391569884613755314110170146333921227967123938080591514107258645507410514354300720837598816430907226961621138686238621538936084983714405050109209838359726226999681945945338071 0 0 0 0 0 0 0 0 0 0 0 0 0 0 0 0 0 0 0 0 0 0 0 0 0 0 0 0 0 0 0 0 0 0 0 0 0 0 0 0 0 0 0 0 0 0 0 0 0 0 0 0 0 0 0 0 0 0 0 0 0 0 0 0 0 0 0 0 0 0 0 0 0 0 0 0 0 0 0 0 0 0 0 0 0 0 1 0 0 0 0 0 0 0 0 0 0 0 0 0 0 0 0 0 0 0 0 0 0]
[6101979688047942383056005174221645955241540507505345240804678203727904034733533082711946619133317506915664342105823052728242572123494744683464543990623180788346569698042225945830893629934250839800618315118178793150142700653309401377108908493101968456507075718286824592168983532455682714747266669886527131008856064224148915396754890 0 0 0 0 0 0 0 0 0 0 0 0 0 0 0 0 0 0 0 0 0 0 0 0 0 0 0 0 0 0 0 0 0 0 0 0 0 0 0 0 0 0 0 0 0 0 0 0 0 0 0 0 0 0 0 0 0 0 0 0 0 0 0 0 0 0 0 0 0 0 0 0 0 0 0 0 0 0 0 0 0 0 0 0 0 0 0 1 0 0 0 0 0 0 0 0 0 0 0 0 0 0 0 0 0 0 0 0 0]
[2809484076292269803470961991487190608723115783965808252153055559644278519081277317197724577229122856394752682325300598993109399735893688291532453267984524008054923507990516274298934741434566570863351284902580469967341741838332504765122375498976844004015028432517504356974530071714170168609346703864607032505379842328509010914966111 0 0 0 0 0 0 0 0 0 0 0 0 0 0 0 0 0 0 0 0 0 0 0 0 0 0 0 0 0 0 0 0 0 0 0 0 0 0 0 0 0 0 0 0 0 0 0 0 0 0 0 0 0 0 0 0 0 0 0 0 0 0 0 0 0 0 0 0 0 0 0 0 0 0 0 0 0 0 0 0 0 0 0 0 0 0 0 0 1 0 0 0 0 0 0 0 0 0 0 0 0 0 0 0 0 0 0 0 0]
[8203366970501512244801679959812700395129982885054031610566970038132791606382596590280661991257605556648976919161557429410313113459319189497810885417982018930057836592659046215867291559676805993487935796918338331914547228181270813362559250019117643892841168877093046449751696080084288014906888468712030851388433335268435540894182326 0 0 0 0 0 0 0 0 0 0 0 0 0 0 0 0 0 0 0 0 0 0 0 0 0 0 0 0 0 0 0 0 0 0 0 0 0 0 0 0 0 0 0 0 0 0 0 0 0 0 0 0 0 0 0 0 0 0 0 0 0 0 0 0 0 0 0 0 0 0 0 0 0 0 0 0 0 0 0 0 0 0 0 0 0 0 0 0 0 1 0 0 0 0 0 0 0 0 0 0 0 0 0 0 0 0 0 0 0]
[1321697797400473886228383968581713243806229529367789552834015132743991998055204434256041589587988442431194591767274136854106806361904050931166189191745888014380201907905815442167190591188958499244435474461426453298012972618589289826184877458700935267142883080296960350540835160928168022465580947945952382415152747912467588338463098 0 0 0 0 0 0 0 0 0 0 0 0 0 0 0 0 0 0 0 0 0 0 0 0 0 0 0 0 0 0 0 0 0 0 0 0 0 0 0 0 0 0 0 0 0 0 0 0 0 0 0 0 0 0 0 0 0 0 0 0 0 0 0 0 0 0 0 0 0 0 0 0 0 0 0 0 0 0 0 0 0 0 0 0 0 0 0 0 0 0 1 0 0 0 0 0 0 0 0 0 0 0 0 0 0 0 0 0 0]
[10590087566388428628088613889230250127923572472500516229657219987057996495053424912151795503152365540058862189103519096927770658268549213723213051351618159507852691040386203126509544795455427210793555040117537541307812655003252613952884452020359634847459826712000594186232798018166703749009126462532495624135197750711953704151666641 0 0 0 0 0 0 0 0 0 0 0 0 0 0 0 0 0 0 0 0 0 0 0 0 0 0 0 0 0 0 0 0 0 0 0 0 0 0 0 0 0 0 0 0 0 0 0 0 0 0 0 0 0 0 0 0 0 0 0 0 0 0 0 0 0 0 0 0 0 0 0 0 0 0 0 0 0 0 0 0 0 0 0 0 0 0 0 0 0 0 0 1 0 0 0 0 0 0 0 0 0 0 0 0 0 0 0 0 0]
[3572893404357580620280709390544885293548009626251695201939698315850791842435725131389808264978471557981077170094375592359756276219975779317513133739770989657489808746856440752120215730074714401935805835564515411588863360784001519424325467171651023123816073712835363195225432988858311412905433423531077758851763849158721791078585514 0 0 0 0 0 0 0 0 0 0 0 0 0 0 0 0 0 0 0 0 0 0 0 0 0 0 0 0 0 0 0 0 0 0 0 0 0 0 0 0 0 0 0 0 0 0 0 0 0 0 0 0 0 0 0 0 0 0 0 0 0 0 0 0 0 0 0 0 0 0 0 0 0 0 0 0 0 0 0 0 0 0 0 0 0 0 0 0 0 0 0 0 1 0 0 0 0 0 0 0 0 0 0 0 0 0 0 0 0]
[7696626824305277915406198911810118538861483900169894873092170236434917656681339209993084194214905285752810726929535258915168616383153562580908754956871857038035521258111528410890368559650148331704526609282212388037519701906712938173163227691217533617048250500240702830420876312639153106367740104664037799842427596838087836762345807 0 0 0 0 0 0 0 0 0 0 0 0 0 0 0 0 0 0 0 0 0 0 0 0 0 0 0 0 0 0 0 0 0 0 0 0 0 0 0 0 0 0 0 0 0 0 0 0 0 0 0 0 0 0 0 0 0 0 0 0 0 0 0 0 0 0 0 0 0 0 0 0 0 0 0 0 0 0 0 0 0 0 0 0 0 0 0 0 0 0 0 0 0 1 0 0 0 0 0 0 0 0 0 0 0 0 0 0 0]
[4670777358531670668567013308544400764700979158814459924136947070564830287636997107651483393929277268441148360744289826017233381869426669650326964768972549237403462101777337375293636198174736044389722119928641997395592155252661509270478202596817223440091958310479332265283643006190059456927543658053940825109666094629780814274846393 0 0 0 0 0 0 0 0 0 0 0 0 0 0 0 0 0 0 0 0 0 0 0 0 0 0 0 0 0 0 0 0 0 0 0 0 0 0 0 0 0 0 0 0 0 0 0 0 0 0 0 0 0 0 0 0 0 0 0 0 0 0 0 0 0 0 0 0 0 0 0 0 0 0 0 0 0 0 0 0 0 0 0 0 0 0 0 0 0 0 0 0 0 0 1 0 0 0 0 0 0 0 0 0 0 0 0 0 0]
[7881442873393808407971261832772859287588531766533782913000463612950790448167456702135575868226666347188015597505058777119600536090785547812187751178753877544861180754770357949924915348570672751850412441606640677243424283795031297269883349432543559097771328655888639566756248024663073493285811599738433490846140701952214321270772545 0 0 0 0 0 0 0 0 0 0 0 0 0 0 0 0 0 0 0 0 0 0 0 0 0 0 0 0 0 0 0 0 0 0 0 0 0 0 0 0 0 0 0 0 0 0 0 0 0 0 0 0 0 0 0 0 0 0 0 0 0 0 0 0 0 0 0 0 0 0 0 0 0 0 0 0 0 0 0 0 0 0 0 0 0 0 0 0 0 0 0 0 0 0 0 1 0 0 0 0 0 0 0 0 0 0 0 0 0]
[510109601906375964954532802865548135940823071215540379137305132169510836649556564998472422282162553782501527289351166508364587428385184793513702255062785583619120543780762942265265193918347832895244625282387025040277693026756517893363611936783300281161837555054069845832883341972381724194128075700520984714782244430610485615181428 0 0 0 0 0 0 0 0 0 0 0 0 0 0 0 0 0 0 0 0 0 0 0 0 0 0 0 0 0 0 0 0 0 0 0 0 0 0 0 0 0 0 0 0 0 0 0 0 0 0 0 0 0 0 0 0 0 0 0 0 0 0 0 0 0 0 0 0 0 0 0 0 0 0 0 0 0 0 0 0 0 0 0 0 0 0 0 0 0 0 0 0 0 0 0 0 1 0 0 0 0 0 0 0 0 0 0 0 0]
[1004145119474270052435776191123198076966585650991535170104202645102472013120661007777360991951308486904660362417281452070434883771694479730713914559531483838926201376827404367077907645795698756621961497032934349090306648155071229528636473336506724311881166704197361477788629202881878690100589392534412242889042669606171165128173793 0 0 0 0 0 0 0 0 0 0 0 0 0 0 0 0 0 0 0 0 0 0 0 0 0 0 0 0 0 0 0 0 0 0 0 0 0 0 0 0 0 0 0 0 0 0 0 0 0 0 0 0 0 0 0 0 0 0 0 0 0 0 0 0 0 0 0 0 0 0 0 0 0 0 0 0 0 0 0 0 0 0 0 0 0 0 0 0 0 0 0 0 0 0 0 0 0 1 0 0 0 0 0 0 0 0 0 0 0]
[1168006246241815052842021362407505900885446191824274403585362128584803078080312979671969577948560123897223672769841468269979673828757727726737934437416210588709490572108361084314605596072640823074416216279709080436565908616151912500304031064158473083235784984657122206665787392989028392741275092264029368530134919860058521841098403 0 0 0 0 0 0 0 0 0 0 0 0 0 0 0 0 0 0 0 0 0 0 0 0 0 0 0 0 0 0 0 0 0 0 0 0 0 0 0 0 0 0 0 0 0 0 0 0 0 0 0 0 0 0 0 0 0 0 0 0 0 0 0 0 0 0 0 0 0 0 0 0 0 0 0 0 0 0 0 0 0 0 0 0 0 0 0 0 0 0 0 0 0 0 0 0 0 0 1 0 0 0 0 0 0 0 0 0 0]
[1956563283792539991847084271864849408245243346081315435708189946696819825564836863057127685223922219317132872276378470694182857214702731958757217114974452462748587356009959334502558974692103404005885860206434274805785358084027210196880965530352882427739135838340908749016361190647208473051426282615822045950778912773245030435938016 0 0 0 0 0 0 0 0 0 0 0 0 0 0 0 0 0 0 0 0 0 0 0 0 0 0 0 0 0 0 0 0 0 0 0 0 0 0 0 0 0 0 0 0 0 0 0 0 0 0 0 0 0 0 0 0 0 0 0 0 0 0 0 0 0 0 0 0 0 0 0 0 0 0 0 0 0 0 0 0 0 0 0 0 0 0 0 0 0 0 0 0 0 0 0 0 0 0 0 1 0 0 0 0 0 0 0 0 0]
[6203429842099924932502493762188130892904311714020373513913153287729855574111201665693655978220113047115527090696000571855215732218312539491926025563197595020701618722906394505647013927019350871978665098601250139748124703352944757883347296053718817123504567992300611073047895561807614313514161087585610097379993113334390753846256255 0 0 0 0 0 0 0 0 0 0 0 0 0 0 0 0 0 0 0 0 0 0 0 0 0 0 0 0 0 0 0 0 0 0 0 0 0 0 0 0 0 0 0 0 0 0 0 0 0 0 0 0 0 0 0 0 0 0 0 0 0 0 0 0 0 0 0 0 0 0 0 0 0 0 0 0 0 0 0 0 0 0 0 0 0 0 0 0 0 0 0 0 0 0 0 0 0 0 0 0 1 0 0 0 0 0 0 0 0]
[2162725413479301287750110008776536796833896819679256448208379509185747953631958086249256142931244875461980067441819073110182069120027608239043774931401174330961643774420180585267049859129296596220687938350251253854425871552197579312197189235714244755866690429782946463237693827525035473325861114627426423192889096499109076116472292 0 0 0 0 0 0 0 0 0 0 0 0 0 0 0 0 0 0 0 0 0 0 0 0 0 0 0 0 0 0 0 0 0 0 0 0 0 0 0 0 0 0 0 0 0 0 0 0 0 0 0 0 0 0 0 0 0 0 0 0 0 0 0 0 0 0 0 0 0 0 0 0 0 0 0 0 0 0 0 0 0 0 0 0 0 0 0 0 0 0 0 0 0 0 0 0 0 0 0 0 0 1 0 0 0 0 0 0 0]
[4946412595050181149754051066388603123154241489025608695887716293030593225331590482427130726426230002182696622241159829231684104369160249847558801644623870605767747257298217896475777836802754636261420161223129126701790364538639324379079982856245967227558438906967257897846830134299700444613489129678571480117037064581810510183837485 0 0 0 0 0 0 0 0 0 0 0 0 0 0 0 0 0 0 0 0 0 0 0 0 0 0 0 0 0 0 0 0 0 0 0 0 0 0 0 0 0 0 0 0 0 0 0 0 0 0 0 0 0 0 0 0 0 0 0 0 0 0 0 0 0 0 0 0 0 0 0 0 0 0 0 0 0 0 0 0 0 0 0 0 0 0 0 0 0 0 0 0 0 0 0 0 0 0 0 0 0 0 1 0 0 0 0 0 0]
[7034361580912057562364474382492700353893258629356289863812302006628217900636898594244733234450233694376969274214525674637221472049294475646546306045605122150540196939331887549785642520286831666329305716854674043058899021687329805045306154038932529534086138688680219295703111863695369340710955270492782963995817802798285709528606484 0 0 0 0 0 0 0 0 0 0 0 0 0 0 0 0 0 0 0 0 0 0 0 0 0 0 0 0 0 0 0 0 0 0 0 0 0 0 0 0 0 0 0 0 0 0 0 0 0 0 0 0 0 0 0 0 0 0 0 0 0 0 0 0 0 0 0 0 0 0 0 0 0 0 0 0 0 0 0 0 0 0 0 0 0 0 0 0 0 0 0 0 0 0 0 0 0 0 0 0 0 0 0 1 0 0 0 0 0]
[2539658744098245951360923985640597308416314809381589283587516368067626828200241743426910769832563410372722224134700277295605993277855495943411238740291768357398433629800585317358095954979226523140868050516129421220782784725809416473874530911521748398106718442639103896669000206863559260336243815379362858421359400029918045056736837 0 0 0 0 0 0 0 0 0 0 0 0 0 0 0 0 0 0 0 0 0 0 0 0 0 0 0 0 0 0 0 0 0 0 0 0 0 0 0 0 0 0 0 0 0 0 0 0 0 0 0 0 0 0 0 0 0 0 0 0 0 0 0 0 0 0 0 0 0 0 0 0 0 0 0 0 0 0 0 0 0 0 0 0 0 0 0 0 0 0 0 0 0 0 0 0 0 0 0 0 0 0 0 0 1 0 0 0 0]
[7808255809625299285790505320201670391760623726897041093997427895011078211146015376068361447111623253387302773444764057225910862765171738840859838254272011293928051512576216530787510484051165887447865878476012716685325022324096823023959439142066962421761807339050824563893692113368733960443184432065336027499107814579161334959343105 0 0 0 0 0 0 0 0 0 0 0 0 0 0 0 0 0 0 0 0 0 0 0 0 0 0 0 0 0 0 0 0 0 0 0 0 0 0 0 0 0 0 0 0 0 0 0 0 0 0 0 0 0 0 0 0 0 0 0 0 0 0 0 0 0 0 0 0 0 0 0 0 0 0 0 0 0 0 0 0 0 0 0 0 0 0 0 0 0 0 0 0 0 0 0 0 0 0 0 0 0 0 0 0 0 1 0 0 0]
[4139499611149960161415707519492096043889485576436848876672141388425157250466701525097501280778479099119876204154783615423077282190518280557829157115339243865050345033826196048305452817870045975922571236178272496280472365957626341842564632044780280351100985917274285256131943247303483529113800395114854177578522949799360705148611846 0 0 0 0 0 0 0 0 0 0 0 0 0 0 0 0 0 0 0 0 0 0 0 0 0 0 0 0 0 0 0 0 0 0 0 0 0 0 0 0 0 0 0 0 0 0 0 0 0 0 0 0 0 0 0 0 0 0 0 0 0 0 0 0 0 0 0 0 0 0 0 0 0 0 0 0 0 0 0 0 0 0 0 0 0 0 0 0 0 0 0 0 0 0 0 0 0 0 0 0 0 0 0 0 0 0 1 0 0]
[10278825292903124148758861732864868171200241770881406481925448000322146988823178817438393372075622715203996109494183150779161923173209212536684849454663206505685929164983861234841655104903708496633884119918325748172355351958939795848876924535791851102363655385894781218240412292069220654160086424206678140687905807297797411142852958 0 0 0 0 0 0 0 0 0 0 0 0 0 0 0 0 0 0 0 0 0 0 0 0 0 0 0 0 0 0 0 0 0 0 0 0 0 0 0 0 0 0 0 0 0 0 0 0 0 0 0 0 0 0 0 0 0 0 0 0 0 0 0 0 0 0 0 0 0 0 0 0 0 0 0 0 0 0 0 0 0 0 0 0 0 0 0 0 0 0 0 0 0 0 0 0 0 0 0 0 0 0 0 0 0 0 0 1 0]
[1740630278959260669887551905746930630180231020264218167746858668669362835076501698757599395599430376813286336136112029369381063751929991207583507975804907247592106513468149047915284290889802764212882627911957739064337879625718285626113166236194136237667955844889440003983651362966808636157509035183358751187168721669606145269917277 0 0 0 0 0 0 0 0 0 0 0 0 0 0 0 0 0 0 0 0 0 0 0 0 0 0 0 0 0 0 0 0 0 0 0 0 0 0 0 0 0 0 0 0 0 0 0 0 0 0 0 0 0 0 0 0 0 0 0 0 0 0 0 0 0 0 0 0 0 0 0 0 0 0 0 0 0 0 0 0 0 0 0 0 0 0 0 0 0 0 0 0 0 0 0 0 0 0 0 0 0 0 0 0 0 0 0 0 1]
]
