[[3287544251118327710436214693590187731614382552559693534960868123936226244792134063019320584649365422766682150113629071657748280125578800233908926806656702982563989891245407237778695563891273953132577388535190263 0 0 0 0 0 0 0 0 0 0 0 0 0 0 0 0 0 0 0 0 0 0 0 0 0 0 0 0 0 0 0 0 0 0 0 0 0 0 0 0 0 0 0 0 0 0 0 0 0 0 0 0 0 0 0 0 0 0 0 0 0 0 0 0 0 0 0 0 0]
[1258412882947548328561574854030411886764299849378770483009918978562432020247103748672571458631293598382436658026427465039525772871909037073823945480275971084382372462567534513238487810381544102444017807103706265 1 0 0 0 0 0 0 0 0 0 0 0 0 0 0 0 0 0 0 0 0 0 0 0 0 0 0 0 0 0 0 0 0 0 0 0 0 0 0 0 0 0 0 0 0 0 0 0 0 0 0 0 0 0 0 0 0 0 0 0 0 0 0 0 0 0 0 0 0]
[3007692495130905787091767834648811522022032314791047782750802941651112242763544066834230434420195723633971235787492216341258430322495678672874775350343674008094422725421201392109809419565234994028832840432977030 0 1 0 0 0 0 0 0 0 0 0 0 0 0 0 0 0 0 0 0 0 0 0 0 0 0 0 0 0 0 0 0 0 0 0 0 0 0 0 0 0 0 0 0 0 0 0 0 0 0 0 0 0 0 0 0 0 0 0 0 0 0 0 0 0 0 0 0 0]
[1217536883659407549098058955665953285921639498143585147842562621334970200043370362424545263670870869363277438467959278901995985216650171001953231738714424063630334910372804950424293811935769103154949131957628534 0 0 1 0 0 0 0 0 0 0 0 0 0 0 0 0 0 0 0 0 0 0 0 0 0 0 0 0 0 0 0 0 0 0 0 0 0 0 0 0 0 0 0 0 0 0 0 0 0 0 0 0 0 0 0 0 0 0 0 0 0 0 0 0 0 0 0 0 0]
[713094242387452053385987647482466434259827014369786259931088909860744493034548175198310446042557345061054681440027535841238370018896828618187691590510689263187305601158033089678788873470666729046094317575761685 0 0 0 1 0 0 0 0 0 0 0 0 0 0 0 0 0 0 0 0 0 0 0 0 0 0 0 0 0 0 0 0 0 0 0 0 0 0 0 0 0 0 0 0 0 0 0 0 0 0 0 0 0 0 0 0 0 0 0 0 0 0 0 0 0 0 0 0 0]
[781311468444136552356329042010036583577934668197661950968664898738828864583150952049633663975757156905070892247510401022730340906330018622232920933635105872336001157357034068152340040251889918267667030928891593 0 0 0 0 1 0 0 0 0 0 0 0 0 0 0 0 0 0 0 0 0 0 0 0 0 0 0 0 0 0 0 0 0 0 0 0 0 0 0 0 0 0 0 0 0 0 0 0 0 0 0 0 0 0 0 0 0 0 0 0 0 0 0 0 0 0 0 0 0]
[1190093096707360244138682805212270454253904102473766223038835577465428014243165099946353425389735404754416694503288281389044371191328600541177840056491673240007351810281880186207703470680324323219661777594970196 0 0 0 0 0 1 0 0 0 0 0 0 0 0 0 0 0 0 0 0 0 0 0 0 0 0 0 0 0 0 0 0 0 0 0 0 0 0 0 0 0 0 0 0 0 0 0 0 0 0 0 0 0 0 0 0 0 0 0 0 0 0 0 0 0 0 0 0 0]
[2177660004827688721012188555083573422172898384297650508428300857988918826649513133772963581327169811101979331942590569669588133104736718518958917347001782835847964378497906950832838107213647908326772263793184942 0 0 0 0 0 0 1 0 0 0 0 0 0 0 0 0 0 0 0 0 0 0 0 0 0 0 0 0 0 0 0 0 0 0 0 0 0 0 0 0 0 0 0 0 0 0 0 0 0 0 0 0 0 0 0 0 0 0 0 0 0 0 0 0 0 0 0 0 0]
[1038795801732342602297540682926415599350918004638186821060144200219928550382814636696254358684637488904835500215955375440415274308770484126509804429525618030763691695625831221067153656069560190110344551298591395 0 0 0 0 0 0 0 1 0 0 0 0 0 0 0 0 0 0 0 0 0 0 0 0 0 0 0 0 0 0 0 0 0 0 0 0 0 0 0 0 0 0 0 0 0 0 0 0 0 0 0 0 0 0 0 0 0 0 0 0 0 0 0 0 0 0 0 0 0]
[1006192682447794144476684432617301430239744088615241555836724419188724855872965315952291382181344429038832359762115908450325518347979222492740447568008116112216581459946520958770129746002307399054426544021772532 0 0 0 0 0 0 0 0 1 0 0 0 0 0 0 0 0 0 0 0 0 0 0 0 0 0 0 0 0 0 0 0 0 0 0 0 0 0 0 0 0 0 0 0 0 0 0 0 0 0 0 0 0 0 0 0 0 0 0 0 0 0 0 0 0 0 0 0 0]
[2588961265032088294614340049926527973371090975747313552578278576847754372381349722636927257972707900254084315793651199450440180419640175608606579134930846949817468517430892044244408494145424335180963488785077684 0 0 0 0 0 0 0 0 0 1 0 0 0 0 0 0 0 0 0 0 0 0 0 0 0 0 0 0 0 0 0 0 0 0 0 0 0 0 0 0 0 0 0 0 0 0 0 0 0 0 0 0 0 0 0 0 0 0 0 0 0 0 0 0 0 0 0 0 0]
[1586005217624254389339558597974344529898447387016953261787629967709856204018237190933677504068961846364330033832767847086992280071553052760282460778778352910302772625544990167996330981127812513335497701881108530 0 0 0 0 0 0 0 0 0 0 1 0 0 0 0 0 0 0 0 0 0 0 0 0 0 0 0 0 0 0 0 0 0 0 0 0 0 0 0 0 0 0 0 0 0 0 0 0 0 0 0 0 0 0 0 0 0 0 0 0 0 0 0 0 0 0 0 0 0]
[2110143491242065262583463502211382662358303591509004187624919814170446949010735932524897263054868953216466331171434578401494356055422002382446583871542550192890635263032273650317709679241645597924063577990857271 0 0 0 0 0 0 0 0 0 0 0 1 0 0 0 0 0 0 0 0 0 0 0 0 0 0 0 0 0 0 0 0 0 0 0 0 0 0 0 0 0 0 0 0 0 0 0 0 0 0 0 0 0 0 0 0 0 0 0 0 0 0 0 0 0 0 0 0 0]
[395858830795513429419880584085709725018949333092703168826259126686148793570861480709315579613314867017731528431730148556133394983566874062896430800184351912388517620062571911309269444335214472875761179964666331 0 0 0 0 0 0 0 0 0 0 0 0 1 0 0 0 0 0 0 0 0 0 0 0 0 0 0 0 0 0 0 0 0 0 0 0 0 0 0 0 0 0 0 0 0 0 0 0 0 0 0 0 0 0 0 0 0 0 0 0 0 0 0 0 0 0 0 0 0]
[2472236564505631226071551241236481482283021791795243442573133710536903766365013030576950720498168989432701013700795037282078507538998179248797380419936566441764688994519244141899543302448259931632504061659484674 0 0 0 0 0 0 0 0 0 0 0 0 0 1 0 0 0 0 0 0 0 0 0 0 0 0 0 0 0 0 0 0 0 0 0 0 0 0 0 0 0 0 0 0 0 0 0 0 0 0 0 0 0 0 0 0 0 0 0 0 0 0 0 0 0 0 0 0 0]
[675733137017477627336665372654331119111953688341308626638302030073008642854764390204428051026428697443159988297647833352870763443995268972982671104543830978066018428303339487772230970810759750668981468719554590 0 0 0 0 0 0 0 0 0 0 0 0 0 0 1 0 0 0 0 0 0 0 0 0 0 0 0 0 0 0 0 0 0 0 0 0 0 0 0 0 0 0 0 0 0 0 0 0 0 0 0 0 0 0 0 0 0 0 0 0 0 0 0 0 0 0 0 0 0]
[127128921138813768615687450134996263500425744881187063157160078654953084907874739806641474113784529163963875969238010488927611280758937026373256065819781200005199761855422537934335771856467798317392275444919985 0 0 0 0 0 0 0 0 0 0 0 0 0 0 0 1 0 0 0 0 0 0 0 0 0 0 0 0 0 0 0 0 0 0 0 0 0 0 0 0 0 0 0 0 0 0 0 0 0 0 0 0 0 0 0 0 0 0 0 0 0 0 0 0 0 0 0 0 0]
[732195227213558287402946864789727288273964011359158272162440241241817600019335720668705155591140698104257546846548684249495427180245606411157243128601727861051522094620954052896109229551714389074197007987228467 0 0 0 0 0 0 0 0 0 0 0 0 0 0 0 0 1 0 0 0 0 0 0 0 0 0 0 0 0 0 0 0 0 0 0 0 0 0 0 0 0 0 0 0 0 0 0 0 0 0 0 0 0 0 0 0 0 0 0 0 0 0 0 0 0 0 0 0 0]
[224259882135134523145715168834506417625574268464789836044628888177115439383260343219840810337710806773127496902266547847679500102706187931482797922371682471407772671517302471022990047033925231278684520603437958 0 0 0 0 0 0 0 0 0 0 0 0 0 0 0 0 0 1 0 0 0 0 0 0 0 0 0 0 0 0 0 0 0 0 0 0 0 0 0 0 0 0 0 0 0 0 0 0 0 0 0 0 0 0 0 0 0 0 0 0 0 0 0 0 0 0 0 0 0]
[1749345728840719243589964176622921261908121669378699992724671688906710810508765452432067173388656168693316122552300300376126734061739034958591711242868450208592454030527376034802353576307201692655429800915134724 0 0 0 0 0 0 0 0 0 0 0 0 0 0 0 0 0 0 1 0 0 0 0 0 0 0 0 0 0 0 0 0 0 0 0 0 0 0 0 0 0 0 0 0 0 0 0 0 0 0 0 0 0 0 0 0 0 0 0 0 0 0 0 0 0 0 0 0 0]
[2697378836311300459222085047446807131229695410065988946831215949109855608870261935398787634519227654075549008468210726983891302643746449107635975681517649940161535672774217376295879725127566387066734011244362462 0 0 0 0 0 0 0 0 0 0 0 0 0 0 0 0 0 0 0 1 0 0 0 0 0 0 0 0 0 0 0 0 0 0 0 0 0 0 0 0 0 0 0 0 0 0 0 0 0 0 0 0 0 0 0 0 0 0 0 0 0 0 0 0 0 0 0 0 0]
[2347296144265065460129391355425671402240812746463912044199242347798011051747553138401524795645149768034487767532835299632857987234140629794899096944159123977487277289369152375466533450746374683886924744680938415 0 0 0 0 0 0 0 0 0 0 0 0 0 0 0 0 0 0 0 0 1 0 0 0 0 0 0 0 0 0 0 0 0 0 0 0 0 0 0 0 0 0 0 0 0 0 0 0 0 0 0 0 0 0 0 0 0 0 0 0 0 0 0 0 0 0 0 0 0]
[2019024774135970467952478489596725233927112248398161243575043677946810528167141577993636069217655383175110988119680762952352657948531546037621934705710409511048105179539754705931466073744467805065819392539598573 0 0 0 0 0 0 0 0 0 0 0 0 0 0 0 0 0 0 0 0 0 1 0 0 0 0 0 0 0 0 0 0 0 0 0 0 0 0 0 0 0 0 0 0 0 0 0 0 0 0 0 0 0 0 0 0 0 0 0 0 0 0 0 0 0 0 0 0 0]
[2978446008221265841141282230452326312690793418228211210866607862031400607817080819041379605772643393995173249097727855002769475880367066521415545843543527200489511834776063577303362822347723583778181873967665603 0 0 0 0 0 0 0 0 0 0 0 0 0 0 0 0 0 0 0 0 0 0 1 0 0 0 0 0 0 0 0 0 0 0 0 0 0 0 0 0 0 0 0 0 0 0 0 0 0 0 0 0 0 0 0 0 0 0 0 0 0 0 0 0 0 0 0 0 0]
[2668342152349507496004985339471207563796843325054877738598430167440654614893384928023999798633614536899869461115468696630739057613053895941210884883133775189930380880995400979551170399396479311307298491727321887 0 0 0 0 0 0 0 0 0 0 0 0 0 0 0 0 0 0 0 0 0 0 0 1 0 0 0 0 0 0 0 0 0 0 0 0 0 0 0 0 0 0 0 0 0 0 0 0 0 0 0 0 0 0 0 0 0 0 0 0 0 0 0 0 0 0 0 0 0]
[1681681868848731214217976291722377858550613421802330757593865173657269796164025544218103263922295612881037555743181609627873407206839979832811781953751042402162884677032522522895753461043065699546354314481265351 0 0 0 0 0 0 0 0 0 0 0 0 0 0 0 0 0 0 0 0 0 0 0 0 1 0 0 0 0 0 0 0 0 0 0 0 0 0 0 0 0 0 0 0 0 0 0 0 0 0 0 0 0 0 0 0 0 0 0 0 0 0 0 0 0 0 0 0 0]
[1497491610401405318379487137111071992119746945295370735364823927088956755906433728082797747911538622991020508827004515658998453329991091509748380667618431100045120818653624067681021829318437321533563209643809631 0 0 0 0 0 0 0 0 0 0 0 0 0 0 0 0 0 0 0 0 0 0 0 0 0 1 0 0 0 0 0 0 0 0 0 0 0 0 0 0 0 0 0 0 0 0 0 0 0 0 0 0 0 0 0 0 0 0 0 0 0 0 0 0 0 0 0 0 0]
[543945444727920361197469400283209626165226811908901077238238998599450819359835433820446027206824044627145563680560562260921963328292522792869687165536192510038489373629065449754925119592546054887229616848532588 0 0 0 0 0 0 0 0 0 0 0 0 0 0 0 0 0 0 0 0 0 0 0 0 0 0 1 0 0 0 0 0 0 0 0 0 0 0 0 0 0 0 0 0 0 0 0 0 0 0 0 0 0 0 0 0 0 0 0 0 0 0 0 0 0 0 0 0 0]
[2824313647716662538719641610402521979539819049698883052376316379057822634985543666060225482936978022740724290966460607470542467543331869116902730515655762162689767560418921742386292320291100575561623926288122657 0 0 0 0 0 0 0 0 0 0 0 0 0 0 0 0 0 0 0 0 0 0 0 0 0 0 0 1 0 0 0 0 0 0 0 0 0 0 0 0 0 0 0 0 0 0 0 0 0 0 0 0 0 0 0 0 0 0 0 0 0 0 0 0 0 0 0 0 0]
[2094864159293845396464706791936656796459685282517949630728251703169487007108213177252784682485910766335167651976209274539900807785001926198013922852119004564066664276282043827512296260890986801425861840374864422 0 0 0 0 0 0 0 0 0 0 0 0 0 0 0 0 0 0 0 0 0 0 0 0 0 0 0 0 1 0 0 0 0 0 0 0 0 0 0 0 0 0 0 0 0 0 0 0 0 0 0 0 0 0 0 0 0 0 0 0 0 0 0 0 0 0 0 0 0]
[2452584895550124563605462301357737373532000713181964964312890693278654452878711339414903507035765163713554801721641404375927419919853231201189240565451896654280516836679928077099609425973004231354312970330273255 0 0 0 0 0 0 0 0 0 0 0 0 0 0 0 0 0 0 0 0 0 0 0 0 0 0 0 0 0 1 0 0 0 0 0 0 0 0 0 0 0 0 0 0 0 0 0 0 0 0 0 0 0 0 0 0 0 0 0 0 0 0 0 0 0 0 0 0 0]
[3061423084778294609441428131949993885287807768227662627565405258788062983231370815637749640467746837572576276161271567707776101836830896965294790915539493045349500055754177990343274063201797539337560793691526204 0 0 0 0 0 0 0 0 0 0 0 0 0 0 0 0 0 0 0 0 0 0 0 0 0 0 0 0 0 0 1 0 0 0 0 0 0 0 0 0 0 0 0 0 0 0 0 0 0 0 0 0 0 0 0 0 0 0 0 0 0 0 0 0 0 0 0 0 0]
[2864601842622181544193275022355904492936179627964926746467280927460006784415272187225757229479489246324608037217326928437499868101722627966707228683669972035063439598808428291849631984969308209509710081364637301 0 0 0 0 0 0 0 0 0 0 0 0 0 0 0 0 0 0 0 0 0 0 0 0 0 0 0 0 0 0 0 1 0 0 0 0 0 0 0 0 0 0 0 0 0 0 0 0 0 0 0 0 0 0 0 0 0 0 0 0 0 0 0 0 0 0 0 0 0]
[166906414039424450414185464197769888125985606654314053079464310497453817256969549897971324839668622058891004203356663506064993611235788556154490847081359802887072913483688845095781666732068944662199933736274127 0 0 0 0 0 0 0 0 0 0 0 0 0 0 0 0 0 0 0 0 0 0 0 0 0 0 0 0 0 0 0 0 1 0 0 0 0 0 0 0 0 0 0 0 0 0 0 0 0 0 0 0 0 0 0 0 0 0 0 0 0 0 0 0 0 0 0 0 0]
[1799134300336134974736039854885682687273491691493173355495073879759073962457880792540911390228377482310511308508045231670500840035016263285795420269672011718009064653859092307107061496090543800421935304588840030 0 0 0 0 0 0 0 0 0 0 0 0 0 0 0 0 0 0 0 0 0 0 0 0 0 0 0 0 0 0 0 0 0 1 0 0 0 0 0 0 0 0 0 0 0 0 0 0 0 0 0 0 0 0 0 0 0 0 0 0 0 0 0 0 0 0 0 0 0]
[2676047133237442001639345466908166922526460923224824988709557652947084227475828305781626114192476438360038118494723708762643701235639966226108220678129373693868878356863851105364393941259254604834610182191157770 0 0 0 0 0 0 0 0 0 0 0 0 0 0 0 0 0 0 0 0 0 0 0 0 0 0 0 0 0 0 0 0 0 0 1 0 0 0 0 0 0 0 0 0 0 0 0 0 0 0 0 0 0 0 0 0 0 0 0 0 0 0 0 0 0 0 0 0 0]
[116314378530108697172195577580766999333188468535724842683932618375469681125817339703218153824037514961276188584503109085778510809726108566799522690489986490463778189341663221976099545125332211497272648060833311 0 0 0 0 0 0 0 0 0 0 0 0 0 0 0 0 0 0 0 0 0 0 0 0 0 0 0 0 0 0 0 0 0 0 0 1 0 0 0 0 0 0 0 0 0 0 0 0 0 0 0 0 0 0 0 0 0 0 0 0 0 0 0 0 0 0 0 0 0]
[2624733348727486508243096382527762932582911104219291860321093163230570075179050099224829931834502389034119257304485334858008822581170869202687651832510911112955063393603901459488887582805535472411440793626400352 0 0 0 0 0 0 0 0 0 0 0 0 0 0 0 0 0 0 0 0 0 0 0 0 0 0 0 0 0 0 0 0 0 0 0 0 1 0 0 0 0 0 0 0 0 0 0 0 0 0 0 0 0 0 0 0 0 0 0 0 0 0 0 0 0 0 0 0 0]
[2598776293311932818554621156809562635595246795092295009842480376951041267083140810274269206407441989826423732381676969277700443733730591036649010680303670033382372590885835413642343405054469797002709900685756947 0 0 0 0 0 0 0 0 0 0 0 0 0 0 0 0 0 0 0 0 0 0 0 0 0 0 0 0 0 0 0 0 0 0 0 0 0 1 0 0 0 0 0 0 0 0 0 0 0 0 0 0 0 0 0 0 0 0 0 0 0 0 0 0 0 0 0 0 0]
[34976320765899701291898189975704327032250798348980591885207343218885549074025461373062278561592179737153734562188684639412715930718419293462040955480977109463658664974555411210986658979587187173037981608747752 0 0 0 0 0 0 0 0 0 0 0 0 0 0 0 0 0 0 0 0 0 0 0 0 0 0 0 0 0 0 0 0 0 0 0 0 0 0 1 0 0 0 0 0 0 0 0 0 0 0 0 0 0 0 0 0 0 0 0 0 0 0 0 0 0 0 0 0 0]
[1577782951868131500318972664446211893612644879835961849535718044245621548874545661115200503174392111516360247138880059553336173069725416992511277807686793072786025772705775437086625498936280046662608325118313045 0 0 0 0 0 0 0 0 0 0 0 0 0 0 0 0 0 0 0 0 0 0 0 0 0 0 0 0 0 0 0 0 0 0 0 0 0 0 0 1 0 0 0 0 0 0 0 0 0 0 0 0 0 0 0 0 0 0 0 0 0 0 0 0 0 0 0 0 0]
[267680391145795419366032742128880836819527064003832418535981553526092740895148781677487029124175823634151922658595543673632409796553119874251653448795440697072909984481694314753812138654451582011523251746764770 0 0 0 0 0 0 0 0 0 0 0 0 0 0 0 0 0 0 0 0 0 0 0 0 0 0 0 0 0 0 0 0 0 0 0 0 0 0 0 0 1 0 0 0 0 0 0 0 0 0 0 0 0 0 0 0 0 0 0 0 0 0 0 0 0 0 0 0 0]
[3190046325682424589583138398638865465659574084695926391150314153277106673422162382244363126540313016798844493724461248656290949117819310965986730648377611277455683210369879443497653688124791687363637198610562926 0 0 0 0 0 0 0 0 0 0 0 0 0 0 0 0 0 0 0 0 0 0 0 0 0 0 0 0 0 0 0 0 0 0 0 0 0 0 0 0 0 1 0 0 0 0 0 0 0 0 0 0 0 0 0 0 0 0 0 0 0 0 0 0 0 0 0 0 0]
[3040735537454143340678603888473432553394843655806133471849009881433432534414175380105506426833288969370624174815830897263674815924481835971242259401179776786208817994087161625790420847676908219126276634181780193 0 0 0 0 0 0 0 0 0 0 0 0 0 0 0 0 0 0 0 0 0 0 0 0 0 0 0 0 0 0 0 0 0 0 0 0 0 0 0 0 0 0 1 0 0 0 0 0 0 0 0 0 0 0 0 0 0 0 0 0 0 0 0 0 0 0 0 0 0]
[2765866478010341125599496054905605858585730805423966517538019205131267840592817227145637772559859237962547440925194086984035764980263658252413782009548615539623207671917374824894511156116074454418574837068541858 0 0 0 0 0 0 0 0 0 0 0 0 0 0 0 0 0 0 0 0 0 0 0 0 0 0 0 0 0 0 0 0 0 0 0 0 0 0 0 0 0 0 0 1 0 0 0 0 0 0 0 0 0 0 0 0 0 0 0 0 0 0 0 0 0 0 0 0 0]
[629130832252131589984802118394139551741080019518527709268083039070672809195913595712729386496422405311623625389371827724198731154063908173121034206639057899921907872723129922231108208785601630419867310565756010 0 0 0 0 0 0 0 0 0 0 0 0 0 0 0 0 0 0 0 0 0 0 0 0 0 0 0 0 0 0 0 0 0 0 0 0 0 0 0 0 0 0 0 0 1 0 0 0 0 0 0 0 0 0 0 0 0 0 0 0 0 0 0 0 0 0 0 0 0]
[3039605689507280825460208849298582731816020721135916851548569384266850817023444919472016382185094708693268972820969821619462093853816496148628056178172960832418600389160597638945536289040394073622285385087308525 0 0 0 0 0 0 0 0 0 0 0 0 0 0 0 0 0 0 0 0 0 0 0 0 0 0 0 0 0 0 0 0 0 0 0 0 0 0 0 0 0 0 0 0 0 1 0 0 0 0 0 0 0 0 0 0 0 0 0 0 0 0 0 0 0 0 0 0 0]
[482961104137512374893366665001239072377493274144081838944058513979152286235605217248523993860694924406800638640892594071991060866962763685150398522539844115045407061141094069625966942548515393865447063093880086 0 0 0 0 0 0 0 0 0 0 0 0 0 0 0 0 0 0 0 0 0 0 0 0 0 0 0 0 0 0 0 0 0 0 0 0 0 0 0 0 0 0 0 0 0 0 1 0 0 0 0 0 0 0 0 0 0 0 0 0 0 0 0 0 0 0 0 0 0]
[2161634293308124720833782342077928065865888924538070052369761553097188948393228216324839218815950135935373620287420877587051252430592762428291328209431859106542035096873226072681870641582658130315169249634954827 0 0 0 0 0 0 0 0 0 0 0 0 0 0 0 0 0 0 0 0 0 0 0 0 0 0 0 0 0 0 0 0 0 0 0 0 0 0 0 0 0 0 0 0 0 0 0 1 0 0 0 0 0 0 0 0 0 0 0 0 0 0 0 0 0 0 0 0 0]
[1344366410967502950175627731170655917676034401308425231809346939967310899386522502018356718285942976489723534687915926159391338675776555803885665471594665381360181112421700462642507402893472583754109189943213308 0 0 0 0 0 0 0 0 0 0 0 0 0 0 0 0 0 0 0 0 0 0 0 0 0 0 0 0 0 0 0 0 0 0 0 0 0 0 0 0 0 0 0 0 0 0 0 0 1 0 0 0 0 0 0 0 0 0 0 0 0 0 0 0 0 0 0 0 0]
[1922443041463740163546646171516950714005272444023098129120669295134873599737683002328254069579424250078293919334226772432219078753772057153036917433144539458117458617248935095808877857580431757429373942186101503 0 0 0 0 0 0 0 0 0 0 0 0 0 0 0 0 0 0 0 0 0 0 0 0 0 0 0 0 0 0 0 0 0 0 0 0 0 0 0 0 0 0 0 0 0 0 0 0 0 1 0 0 0 0 0 0 0 0 0 0 0 0 0 0 0 0 0 0 0]
[2411563532389801477839328705337087951799803455789461193454815706200245043891352082406488799380810252379448486353804419782170495012195940750915147429877420110724321264402610725201129353949908614588100627693690132 0 0 0 0 0 0 0 0 0 0 0 0 0 0 0 0 0 0 0 0 0 0 0 0 0 0 0 0 0 0 0 0 0 0 0 0 0 0 0 0 0 0 0 0 0 0 0 0 0 0 1 0 0 0 0 0 0 0 0 0 0 0 0 0 0 0 0 0 0]
[1707702163816187278274102017492910815924693648638073250108276397370533337424317530914002954655656618989523984450713272141608690601378846332869490330294482052692874540917823540639823689003264557954957850012900970 0 0 0 0 0 0 0 0 0 0 0 0 0 0 0 0 0 0 0 0 0 0 0 0 0 0 0 0 0 0 0 0 0 0 0 0 0 0 0 0 0 0 0 0 0 0 0 0 0 0 0 1 0 0 0 0 0 0 0 0 0 0 0 0 0 0 0 0 0]
[2264347688636702500731096969694010852494946165437313641147010037453951749600146014374385490895721929998156108863196322622686396160875120086062789304394935995870213339835720823914516769713000520991454355477883835 0 0 0 0 0 0 0 0 0 0 0 0 0 0 0 0 0 0 0 0 0 0 0 0 0 0 0 0 0 0 0 0 0 0 0 0 0 0 0 0 0 0 0 0 0 0 0 0 0 0 0 0 1 0 0 0 0 0 0 0 0 0 0 0 0 0 0 0 0]
[2125052122454424908112168674151975895524247591834662462724721794693919519288191051064507320278500544294709635181675238224564061072609658388894870077409958320611296231151131965345161786569321584978309513350898649 0 0 0 0 0 0 0 0 0 0 0 0 0 0 0 0 0 0 0 0 0 0 0 0 0 0 0 0 0 0 0 0 0 0 0 0 0 0 0 0 0 0 0 0 0 0 0 0 0 0 0 0 0 1 0 0 0 0 0 0 0 0 0 0 0 0 0 0 0]
[3225928554479446293556423256877155496918523789316282779817058314019976640252009820369374335620150277573086471518142675337784749642147773546297944029535655263379564963438323797600169495679130641081691319755029992 0 0 0 0 0 0 0 0 0 0 0 0 0 0 0 0 0 0 0 0 0 0 0 0 0 0 0 0 0 0 0 0 0 0 0 0 0 0 0 0 0 0 0 0 0 0 0 0 0 0 0 0 0 0 1 0 0 0 0 0 0 0 0 0 0 0 0 0 0]
[1393583750466065702101794269806179139337082937754063404544410182116681790716610187703054692772872948715783819130850168782588407560394829652626575138443976063188191757592587701233388209352075914408444444605878298 0 0 0 0 0 0 0 0 0 0 0 0 0 0 0 0 0 0 0 0 0 0 0 0 0 0 0 0 0 0 0 0 0 0 0 0 0 0 0 0 0 0 0 0 0 0 0 0 0 0 0 0 0 0 0 1 0 0 0 0 0 0 0 0 0 0 0 0 0]
[2076944285931289837355272547779126806573458596306866653733058880387064275110615056739048655585135459858929876881129730055977923790262096651431811292230675385387325977438146194690421432077662438317121529391322963 0 0 0 0 0 0 0 0 0 0 0 0 0 0 0 0 0 0 0 0 0 0 0 0 0 0 0 0 0 0 0 0 0 0 0 0 0 0 0 0 0 0 0 0 0 0 0 0 0 0 0 0 0 0 0 0 1 0 0 0 0 0 0 0 0 0 0 0 0]
[1443465174693265362257028449333184884310152635620790125754204557161452770062245430656688391416076538046529511156403418975141502638807362081864161719848442549100996703787145176860950455079014458208636229452063138 0 0 0 0 0 0 0 0 0 0 0 0 0 0 0 0 0 0 0 0 0 0 0 0 0 0 0 0 0 0 0 0 0 0 0 0 0 0 0 0 0 0 0 0 0 0 0 0 0 0 0 0 0 0 0 0 0 1 0 0 0 0 0 0 0 0 0 0 0]
[2239689664064053244095727954431886094973195291783752411386256378456427589036135120354745064091133629211971515995513421389182315108696974967782571958536097358672859177825522369863536975757962986764338912568812132 0 0 0 0 0 0 0 0 0 0 0 0 0 0 0 0 0 0 0 0 0 0 0 0 0 0 0 0 0 0 0 0 0 0 0 0 0 0 0 0 0 0 0 0 0 0 0 0 0 0 0 0 0 0 0 0 0 0 1 0 0 0 0 0 0 0 0 0 0]
[1328817936652283550068481778468639267610528716896405803620453998942030248048757875088002359960561911228690477386904503304681972582497680402006218018058777818128680449765946200209056157521597708765898456820674632 0 0 0 0 0 0 0 0 0 0 0 0 0 0 0 0 0 0 0 0 0 0 0 0 0 0 0 0 0 0 0 0 0 0 0 0 0 0 0 0 0 0 0 0 0 0 0 0 0 0 0 0 0 0 0 0 0 0 0 1 0 0 0 0 0 0 0 0 0]
[667421232248970048500424640602883162558559434234480366516513675920699730836956506267967812598994359432481892366828841286421028094472399102122224078421521584973964134169304771769690053443002724678720135491408775 0 0 0 0 0 0 0 0 0 0 0 0 0 0 0 0 0 0 0 0 0 0 0 0 0 0 0 0 0 0 0 0 0 0 0 0 0 0 0 0 0 0 0 0 0 0 0 0 0 0 0 0 0 0 0 0 0 0 0 0 1 0 0 0 0 0 0 0 0]
[2831766857788342821158185009301481772967652677503858898361762764960114932887008464771173677309877705499985229743918372021972852505400240746534826558595069718617418204594387319613052917149323168539572297183932538 0 0 0 0 0 0 0 0 0 0 0 0 0 0 0 0 0 0 0 0 0 0 0 0 0 0 0 0 0 0 0 0 0 0 0 0 0 0 0 0 0 0 0 0 0 0 0 0 0 0 0 0 0 0 0 0 0 0 0 0 0 1 0 0 0 0 0 0 0]
[2903048846748881856491202571283127888284192014450017993229954703176007267212247370863868638454276518599939045606764689465847371050211875623190935672646519273039027344229570943032448673522233012681797671700578702 0 0 0 0 0 0 0 0 0 0 0 0 0 0 0 0 0 0 0 0 0 0 0 0 0 0 0 0 0 0 0 0 0 0 0 0 0 0 0 0 0 0 0 0 0 0 0 0 0 0 0 0 0 0 0 0 0 0 0 0 0 0 1 0 0 0 0 0 0]
[352139830627861098433153652373813265054122255741211196660689673046693534011988804612363230668087651348840212811825233158165753834282956113227841638327988182200540076887253273941082149142191970288522550644732170 0 0 0 0 0 0 0 0 0 0 0 0 0 0 0 0 0 0 0 0 0 0 0 0 0 0 0 0 0 0 0 0 0 0 0 0 0 0 0 0 0 0 0 0 0 0 0 0 0 0 0 0 0 0 0 0 0 0 0 0 0 0 0 1 0 0 0 0 0]
[2763208485969692806515600635128965319152838006014121383875546834714716198277758058874274913960423271758572258133107632638990053288358202210882878964100325135027028449129834183642268795500110194345340804048853947 0 0 0 0 0 0 0 0 0 0 0 0 0 0 0 0 0 0 0 0 0 0 0 0 0 0 0 0 0 0 0 0 0 0 0 0 0 0 0 0 0 0 0 0 0 0 0 0 0 0 0 0 0 0 0 0 0 0 0 0 0 0 0 0 1 0 0 0 0]
[1432413255811346851425584131274688167109172514512757875227845435138549872547216550486326751589187103614442021571670520169600527494761929330751811073015665508709149519900194761810200059839586720806752005203917338 0 0 0 0 0 0 0 0 0 0 0 0 0 0 0 0 0 0 0 0 0 0 0 0 0 0 0 0 0 0 0 0 0 0 0 0 0 0 0 0 0 0 0 0 0 0 0 0 0 0 0 0 0 0 0 0 0 0 0 0 0 0 0 0 0 1 0 0 0]
[555455325201358833894456993430544847678491971507296490025786116165893635178687722232295083027948248415130769291418476104453008577017782402038470299741540948432589978167974202157882790568645040505053025268565864 0 0 0 0 0 0 0 0 0 0 0 0 0 0 0 0 0 0 0 0 0 0 0 0 0 0 0 0 0 0 0 0 0 0 0 0 0 0 0 0 0 0 0 0 0 0 0 0 0 0 0 0 0 0 0 0 0 0 0 0 0 0 0 0 0 0 1 0 0]
[646830580985730525673426671951493607339069924951886385798490329440523894134437666965749379201092887953380093064865942370711490843773811952422526364792917717191960826252171839126765983703218890699910093653066679 0 0 0 0 0 0 0 0 0 0 0 0 0 0 0 0 0 0 0 0 0 0 0 0 0 0 0 0 0 0 0 0 0 0 0 0 0 0 0 0 0 0 0 0 0 0 0 0 0 0 0 0 0 0 0 0 0 0 0 0 0 0 0 0 0 0 0 1 0]
[1792551644545167808835802244031576958042961707576456976300001696648821171190516262863916524903183520574258268710998106670593622320195328762753988893662713710167983342648194419394803139824755526658723433280021073 0 0 0 0 0 0 0 0 0 0 0 0 0 0 0 0 0 0 0 0 0 0 0 0 0 0 0 0 0 0 0 0 0 0 0 0 0 0 0 0 0 0 0 0 0 0 0 0 0 0 0 0 0 0 0 0 0 0 0 0 0 0 0 0 0 0 0 0 1]
]
