[[8640439398533708171708553553133034675112804758396250026339620036454952895240981753327075827574706880384427316448314096530607253206457845122296654531785991405069933024840825186873539867063935931788591541557219511852494601718453760661822735020734505601549361578695577540403607494917667524319953057319831124925707201745108723072780083 0 0 0 0 0 0 0 0 0 0 0 0 0 0 0 0 0 0 0 0 0 0 0 0 0 0 0 0 0 0 0 0 0 0 0 0 0 0 0 0 0 0 0 0 0 0 0 0 0 0 0 0 0 0 0 0 0 0 0 0 0 0 0 0 0 0 0 0 0 0 0 0 0 0 0 0 0 0 0 0 0 0 0 0 0 0 0 0 0 0 0 0 0 0 0 0 0 0 0 0 0 0 0 0 0 0 0 0 0]
[1728020602354675179481176667367110481473130665155140530013819052606952468621168452783042352663925454555941978423786208033685047383275483621508389856970454796219509859943370487426997844275536621806479845052780474549656769633767619478690807933327511247015750224048918187527597256620483844180675098515885638578854367328327707335508922 1 0 0 0 0 0 0 0 0 0 0 0 0 0 0 0 0 0 0 0 0 0 0 0 0 0 0 0 0 0 0 0 0 0 0 0 0 0 0 0 0 0 0 0 0 0 0 0 0 0 0 0 0 0 0 0 0 0 0 0 0 0 0 0 0 0 0 0 0 0 0 0 0 0 0 0 0 0 0 0 0 0 0 0 0 0 0 0 0 0 0 0 0 0 0 0 0 0 0 0 0 0 0 0 0 0 0 0 0]
[2514852055137492661437155189792740500096406423162727028508654152764520256009491926389918816299431955038783356883253478566092455472549187456813423690361055731392593223977249001295573807987472041914465845175207242176271972954049991055063166197879533033701270868828768989869187540798084640087081242148289141664959801524151324461323073 0 1 0 0 0 0 0 0 0 0 0 0 0 0 0 0 0 0 0 0 0 0 0 0 0 0 0 0 0 0 0 0 0 0 0 0 0 0 0 0 0 0 0 0 0 0 0 0 0 0 0 0 0 0 0 0 0 0 0 0 0 0 0 0 0 0 0 0 0 0 0 0 0 0 0 0 0 0 0 0 0 0 0 0 0 0 0 0 0 0 0 0 0 0 0 0 0 0 0 0 0 0 0 0 0 0 0 0 0]
[2704447250316740287441011014546182717998531708677720957943896238144311118365436945699556270074571108622522732752472197766597376125454171990345247367637598616382559175916591107833565275162518629062909933233149872836193694338160003937643949531716879900977722146889898442937894376742178087339344496542694623680159417506305684893977288 0 0 1 0 0 0 0 0 0 0 0 0 0 0 0 0 0 0 0 0 0 0 0 0 0 0 0 0 0 0 0 0 0 0 0 0 0 0 0 0 0 0 0 0 0 0 0 0 0 0 0 0 0 0 0 0 0 0 0 0 0 0 0 0 0 0 0 0 0 0 0 0 0 0 0 0 0 0 0 0 0 0 0 0 0 0 0 0 0 0 0 0 0 0 0 0 0 0 0 0 0 0 0 0 0 0 0 0 0]
[5906653767874611960043154873748203371293572273322855110813415655795473948054122621455827023577255077436325631929031643552989652312402243037337678374004577266011111213381895375723868642269479878319270414007425946061496347434789934854976802583066686229171231209246409505532943472984231170397164304431987402406805359617965554592895689 0 0 0 1 0 0 0 0 0 0 0 0 0 0 0 0 0 0 0 0 0 0 0 0 0 0 0 0 0 0 0 0 0 0 0 0 0 0 0 0 0 0 0 0 0 0 0 0 0 0 0 0 0 0 0 0 0 0 0 0 0 0 0 0 0 0 0 0 0 0 0 0 0 0 0 0 0 0 0 0 0 0 0 0 0 0 0 0 0 0 0 0 0 0 0 0 0 0 0 0 0 0 0 0 0 0 0 0 0]
[6029201862772940067437900882887736370089333686282968718249246947780972902675881822111068672786298401416061002032959802280354803160175982208482410007809792189815488802778398337997514169289479173256807213744598457354728083735182356551893931100206122793343576563600941542129123367162855953388197879601292866039826783231932938818578083 0 0 0 0 1 0 0 0 0 0 0 0 0 0 0 0 0 0 0 0 0 0 0 0 0 0 0 0 0 0 0 0 0 0 0 0 0 0 0 0 0 0 0 0 0 0 0 0 0 0 0 0 0 0 0 0 0 0 0 0 0 0 0 0 0 0 0 0 0 0 0 0 0 0 0 0 0 0 0 0 0 0 0 0 0 0 0 0 0 0 0 0 0 0 0 0 0 0 0 0 0 0 0 0 0 0 0 0 0]
[5045226959283922567692226110910555557212295086350779110312003719093460808437105970150507405467115170265421097385367617546092069047253019076102339763558232742868383786358086146531079863822908174055490811321052003552126192962820209295056441972214202145228490531097415769672053267008334476857942025246245674452294387757613069470929110 0 0 0 0 0 1 0 0 0 0 0 0 0 0 0 0 0 0 0 0 0 0 0 0 0 0 0 0 0 0 0 0 0 0 0 0 0 0 0 0 0 0 0 0 0 0 0 0 0 0 0 0 0 0 0 0 0 0 0 0 0 0 0 0 0 0 0 0 0 0 0 0 0 0 0 0 0 0 0 0 0 0 0 0 0 0 0 0 0 0 0 0 0 0 0 0 0 0 0 0 0 0 0 0 0 0 0 0 0]
[527628679514498544247245269203326636576901770309287093968810506329352085499602750913757383279858241963002635152309280220317643249801628516800586310794372057316601240597302323209661585197399780039521867268658612369378548250334179850065685605537927726907907241500763559291020037318342771207698622514881739755979825860059797676515879 0 0 0 0 0 0 1 0 0 0 0 0 0 0 0 0 0 0 0 0 0 0 0 0 0 0 0 0 0 0 0 0 0 0 0 0 0 0 0 0 0 0 0 0 0 0 0 0 0 0 0 0 0 0 0 0 0 0 0 0 0 0 0 0 0 0 0 0 0 0 0 0 0 0 0 0 0 0 0 0 0 0 0 0 0 0 0 0 0 0 0 0 0 0 0 0 0 0 0 0 0 0 0 0 0 0 0 0 0]
[6410171126229932395148027539504745172402426619925107285848772790903913792552690221447545322019616426429022906071889087673913314466747461206472561655068323987233488660435178729471475497512085921322194130434498772634144077542081871956508384294799096708012329850550710349418300103087878638029446666978071936204664575626373254897967336 0 0 0 0 0 0 0 1 0 0 0 0 0 0 0 0 0 0 0 0 0 0 0 0 0 0 0 0 0 0 0 0 0 0 0 0 0 0 0 0 0 0 0 0 0 0 0 0 0 0 0 0 0 0 0 0 0 0 0 0 0 0 0 0 0 0 0 0 0 0 0 0 0 0 0 0 0 0 0 0 0 0 0 0 0 0 0 0 0 0 0 0 0 0 0 0 0 0 0 0 0 0 0 0 0 0 0 0 0]
[5615724771037621447697820871869326973887256362555571142462164901880490024950979591765603262522574971762936629078410887011095203527952839022675142708261009182655436814318161295853952745879759545307116073563289666893857263519747239939743760404236802893782873304125651082554669374689815052030582209900382541311913697260388019923304498 0 0 0 0 0 0 0 0 1 0 0 0 0 0 0 0 0 0 0 0 0 0 0 0 0 0 0 0 0 0 0 0 0 0 0 0 0 0 0 0 0 0 0 0 0 0 0 0 0 0 0 0 0 0 0 0 0 0 0 0 0 0 0 0 0 0 0 0 0 0 0 0 0 0 0 0 0 0 0 0 0 0 0 0 0 0 0 0 0 0 0 0 0 0 0 0 0 0 0 0 0 0 0 0 0 0 0 0 0]
[6127367258668081742678357898214158242952242492324531824007483354220734207743307736776272003400829700707236055204648962777430031530346451863847241472529548170393680131016716947219188914148841381742568726509141826467384103735082261874095887170883959449152772549976305698787946743130562672017356138663217332095946120410839295135197426 0 0 0 0 0 0 0 0 0 1 0 0 0 0 0 0 0 0 0 0 0 0 0 0 0 0 0 0 0 0 0 0 0 0 0 0 0 0 0 0 0 0 0 0 0 0 0 0 0 0 0 0 0 0 0 0 0 0 0 0 0 0 0 0 0 0 0 0 0 0 0 0 0 0 0 0 0 0 0 0 0 0 0 0 0 0 0 0 0 0 0 0 0 0 0 0 0 0 0 0 0 0 0 0 0 0 0 0 0]
[1225448567863600082660455747716599249701189710159462376794268560311744140835238380363206183433226766330688204946278457736253784986151643823049108174768561797206253952835131305222943356262254344775923864599924555014681250124524039895989026055126729446706061115789284110413971342738335468064909849035179756695068095418185067201149656 0 0 0 0 0 0 0 0 0 0 1 0 0 0 0 0 0 0 0 0 0 0 0 0 0 0 0 0 0 0 0 0 0 0 0 0 0 0 0 0 0 0 0 0 0 0 0 0 0 0 0 0 0 0 0 0 0 0 0 0 0 0 0 0 0 0 0 0 0 0 0 0 0 0 0 0 0 0 0 0 0 0 0 0 0 0 0 0 0 0 0 0 0 0 0 0 0 0 0 0 0 0 0 0 0 0 0 0 0]
[8327363159335127860029351018327128177722948773212434567316323680294189841847624830826290781625800066105454038196219103193944452422693306296120762841484571956078959538695342063443389324461982007397865675257301058760586987479756171713888806809290348797310742051920134974548765825406111106308947999923117974598667345884733661140023817 0 0 0 0 0 0 0 0 0 0 0 1 0 0 0 0 0 0 0 0 0 0 0 0 0 0 0 0 0 0 0 0 0 0 0 0 0 0 0 0 0 0 0 0 0 0 0 0 0 0 0 0 0 0 0 0 0 0 0 0 0 0 0 0 0 0 0 0 0 0 0 0 0 0 0 0 0 0 0 0 0 0 0 0 0 0 0 0 0 0 0 0 0 0 0 0 0 0 0 0 0 0 0 0 0 0 0 0 0]
[396808506507868846367978057505430148123446008135501912798869415315345970941052430425096311178699283433893676034665741988505313965709519200158489177148642956450803287869826366652673555463251662639585608229980851563522778164175493012902359305826992403867324923689634833148316413627004153904981183308517492137984766833566154572383249 0 0 0 0 0 0 0 0 0 0 0 0 1 0 0 0 0 0 0 0 0 0 0 0 0 0 0 0 0 0 0 0 0 0 0 0 0 0 0 0 0 0 0 0 0 0 0 0 0 0 0 0 0 0 0 0 0 0 0 0 0 0 0 0 0 0 0 0 0 0 0 0 0 0 0 0 0 0 0 0 0 0 0 0 0 0 0 0 0 0 0 0 0 0 0 0 0 0 0 0 0 0 0 0 0 0 0 0 0]
[4197156399552821399323150909066316503477125449787382205635027278081297874570237056894365342558769697833718943162578530423440190037460442482548037123856295153417698971504208134458764395716378499792052395435668142003745104334800716592393118971047635157581950491879714493269235516004336984274889746636594643450381735781726583162463795 0 0 0 0 0 0 0 0 0 0 0 0 0 1 0 0 0 0 0 0 0 0 0 0 0 0 0 0 0 0 0 0 0 0 0 0 0 0 0 0 0 0 0 0 0 0 0 0 0 0 0 0 0 0 0 0 0 0 0 0 0 0 0 0 0 0 0 0 0 0 0 0 0 0 0 0 0 0 0 0 0 0 0 0 0 0 0 0 0 0 0 0 0 0 0 0 0 0 0 0 0 0 0 0 0 0 0 0 0]
[8201814580421426774684189881961070738703845293459653678092851759397803949244468489969619451899373046059792679436242805310340114614230362002306736126577178245487056225159298259353148165005608257520035387917928565745789762214359943598240388716599399007467337152526570516198916486579675982403595263000597269264235950426159397658889246 0 0 0 0 0 0 0 0 0 0 0 0 0 0 1 0 0 0 0 0 0 0 0 0 0 0 0 0 0 0 0 0 0 0 0 0 0 0 0 0 0 0 0 0 0 0 0 0 0 0 0 0 0 0 0 0 0 0 0 0 0 0 0 0 0 0 0 0 0 0 0 0 0 0 0 0 0 0 0 0 0 0 0 0 0 0 0 0 0 0 0 0 0 0 0 0 0 0 0 0 0 0 0 0 0 0 0 0 0]
[2071866068614470734256407730801061535530079161974280056926905184663999707107466193075655900981629462713166785050352350460099712184855084655569447641370676998216540702505005029517802203544234141837737417514077716447192971500268343390083123643301497120658448515779357807197544169917720459860190291623529895418074967311680455145261577 0 0 0 0 0 0 0 0 0 0 0 0 0 0 0 1 0 0 0 0 0 0 0 0 0 0 0 0 0 0 0 0 0 0 0 0 0 0 0 0 0 0 0 0 0 0 0 0 0 0 0 0 0 0 0 0 0 0 0 0 0 0 0 0 0 0 0 0 0 0 0 0 0 0 0 0 0 0 0 0 0 0 0 0 0 0 0 0 0 0 0 0 0 0 0 0 0 0 0 0 0 0 0 0 0 0 0 0 0]
[3274227933126392528951030531145197064252688665171944536570872016815098159135682064404036382020396567505542531031930834957405479610454521123266322607593902773542979713700792458363402871978904329428712731326470411859326045899186587514315633197909454192343814696255638270054006412436150283994588215834071412459419502237078841704527929 0 0 0 0 0 0 0 0 0 0 0 0 0 0 0 0 1 0 0 0 0 0 0 0 0 0 0 0 0 0 0 0 0 0 0 0 0 0 0 0 0 0 0 0 0 0 0 0 0 0 0 0 0 0 0 0 0 0 0 0 0 0 0 0 0 0 0 0 0 0 0 0 0 0 0 0 0 0 0 0 0 0 0 0 0 0 0 0 0 0 0 0 0 0 0 0 0 0 0 0 0 0 0 0 0 0 0 0 0]
[5932112683781561353765768312987136045011661485994190070150571790539894604570547875453731730964602495882383676162546887397085216328456906138696138050043817673258133399437317426532942180702709856006531350764457168555348044952063464946963837412887802501183648824971050907058586442869477183279636037659687414649798848439605951551615402 0 0 0 0 0 0 0 0 0 0 0 0 0 0 0 0 0 1 0 0 0 0 0 0 0 0 0 0 0 0 0 0 0 0 0 0 0 0 0 0 0 0 0 0 0 0 0 0 0 0 0 0 0 0 0 0 0 0 0 0 0 0 0 0 0 0 0 0 0 0 0 0 0 0 0 0 0 0 0 0 0 0 0 0 0 0 0 0 0 0 0 0 0 0 0 0 0 0 0 0 0 0 0 0 0 0 0 0 0]
[302511561887034357306599663385607357919263966475252069342997493226081605850448483953377276184337862301722680647895338937638255396011060777501731098969765248624750494852534348258807247001193772814393770568189943432479854274039085620337853382113568463018890744606788792120336966374592802777565343605927472073838354812406778388710537 0 0 0 0 0 0 0 0 0 0 0 0 0 0 0 0 0 0 1 0 0 0 0 0 0 0 0 0 0 0 0 0 0 0 0 0 0 0 0 0 0 0 0 0 0 0 0 0 0 0 0 0 0 0 0 0 0 0 0 0 0 0 0 0 0 0 0 0 0 0 0 0 0 0 0 0 0 0 0 0 0 0 0 0 0 0 0 0 0 0 0 0 0 0 0 0 0 0 0 0 0 0 0 0 0 0 0 0 0]
[5985688784882184419844017086737645473775660520340012853819872776855184580559805308682719788453053538994719960768982142405563969443341580227830691133108966972380879180490937539295125994624788350402976474955625157508255266328214324656444073241294178433736258619287821175523356869403667806741597780673890827986659135877924544542549308 0 0 0 0 0 0 0 0 0 0 0 0 0 0 0 0 0 0 0 1 0 0 0 0 0 0 0 0 0 0 0 0 0 0 0 0 0 0 0 0 0 0 0 0 0 0 0 0 0 0 0 0 0 0 0 0 0 0 0 0 0 0 0 0 0 0 0 0 0 0 0 0 0 0 0 0 0 0 0 0 0 0 0 0 0 0 0 0 0 0 0 0 0 0 0 0 0 0 0 0 0 0 0 0 0 0 0 0 0]
[980918878580953423462474504398667104280876329343323647997143148443083601253915850496059594772023187011695360711798293712080949800286210351325310828584022037950799127824450300972127307003157202915215950716769931512162600788066162621657730373203477552530374460780971778784423660094980746887877037442802736420556804278885394548087237 0 0 0 0 0 0 0 0 0 0 0 0 0 0 0 0 0 0 0 0 1 0 0 0 0 0 0 0 0 0 0 0 0 0 0 0 0 0 0 0 0 0 0 0 0 0 0 0 0 0 0 0 0 0 0 0 0 0 0 0 0 0 0 0 0 0 0 0 0 0 0 0 0 0 0 0 0 0 0 0 0 0 0 0 0 0 0 0 0 0 0 0 0 0 0 0 0 0 0 0 0 0 0 0 0 0 0 0 0]
[7850423750193293396847584136986145407502128824143843866486911601592378751524951575068679887141890548747990577321360029025491938519766688959320375289228426008318029241226814630798637049963960807844141139654980858942658799913990394552812480690435651421978914656909902118955487492094950955186227576061874982455167902572024097535426210 0 0 0 0 0 0 0 0 0 0 0 0 0 0 0 0 0 0 0 0 0 1 0 0 0 0 0 0 0 0 0 0 0 0 0 0 0 0 0 0 0 0 0 0 0 0 0 0 0 0 0 0 0 0 0 0 0 0 0 0 0 0 0 0 0 0 0 0 0 0 0 0 0 0 0 0 0 0 0 0 0 0 0 0 0 0 0 0 0 0 0 0 0 0 0 0 0 0 0 0 0 0 0 0 0 0 0 0 0]
[1111164401564315665602433695100766727994918753968497401628027455043012167147730190693535752513989171745199494252363022020282999931118579671853829988995541970389764531870274553591027138872751428954342920434841557262057215119142212889942137949497723445596314063143693710399844389013940097439853039884744957521071675985452959639872397 0 0 0 0 0 0 0 0 0 0 0 0 0 0 0 0 0 0 0 0 0 0 1 0 0 0 0 0 0 0 0 0 0 0 0 0 0 0 0 0 0 0 0 0 0 0 0 0 0 0 0 0 0 0 0 0 0 0 0 0 0 0 0 0 0 0 0 0 0 0 0 0 0 0 0 0 0 0 0 0 0 0 0 0 0 0 0 0 0 0 0 0 0 0 0 0 0 0 0 0 0 0 0 0 0 0 0 0 0]
[7260475000366352463060334498639134640385456101367782109360365412505819963461599488240854595218014475336978682624865944615347890545331434004972727264342049705523673311201904731937916646654092831966130855440306369618502027796253609991324775945146352647649197206073311809700602461508214472502447026972240456901095262221166453739095521 0 0 0 0 0 0 0 0 0 0 0 0 0 0 0 0 0 0 0 0 0 0 0 1 0 0 0 0 0 0 0 0 0 0 0 0 0 0 0 0 0 0 0 0 0 0 0 0 0 0 0 0 0 0 0 0 0 0 0 0 0 0 0 0 0 0 0 0 0 0 0 0 0 0 0 0 0 0 0 0 0 0 0 0 0 0 0 0 0 0 0 0 0 0 0 0 0 0 0 0 0 0 0 0 0 0 0 0 0]
[3236459118429793937031779080283272634658015144707606645589860269422120022819296526180293194287902919128350309195109632283177044634555479257454775440857138070310764764247122545025224349191582623813077047359128095515891246415599876424385148577571491815932600056503142884304187462836687064056592352421844331521402943905522057469394332 0 0 0 0 0 0 0 0 0 0 0 0 0 0 0 0 0 0 0 0 0 0 0 0 1 0 0 0 0 0 0 0 0 0 0 0 0 0 0 0 0 0 0 0 0 0 0 0 0 0 0 0 0 0 0 0 0 0 0 0 0 0 0 0 0 0 0 0 0 0 0 0 0 0 0 0 0 0 0 0 0 0 0 0 0 0 0 0 0 0 0 0 0 0 0 0 0 0 0 0 0 0 0 0 0 0 0 0 0]
[3611031771656890168076086196755730432499042931000807243850593828422066258187455423883266358214251214134368041225437527989291885731877245996994960068168055050089182334458796768465224100464233766895108117556104541774906429368786339857457458571594615064050859349383736062783247400447075765751824740625873393359614146927107589369767802 0 0 0 0 0 0 0 0 0 0 0 0 0 0 0 0 0 0 0 0 0 0 0 0 0 1 0 0 0 0 0 0 0 0 0 0 0 0 0 0 0 0 0 0 0 0 0 0 0 0 0 0 0 0 0 0 0 0 0 0 0 0 0 0 0 0 0 0 0 0 0 0 0 0 0 0 0 0 0 0 0 0 0 0 0 0 0 0 0 0 0 0 0 0 0 0 0 0 0 0 0 0 0 0 0 0 0 0 0]
[726925948589333782410725104296358318100970746781297524642039220559196453166626578758809788152301511959801007581430870778108551627803598368739593468935274221873255137924720425780538015406072451589841761029674093666485984063546813458647187429612072285652686361109895186734787778029566521117584368082699610018187348422357167940073323 0 0 0 0 0 0 0 0 0 0 0 0 0 0 0 0 0 0 0 0 0 0 0 0 0 0 1 0 0 0 0 0 0 0 0 0 0 0 0 0 0 0 0 0 0 0 0 0 0 0 0 0 0 0 0 0 0 0 0 0 0 0 0 0 0 0 0 0 0 0 0 0 0 0 0 0 0 0 0 0 0 0 0 0 0 0 0 0 0 0 0 0 0 0 0 0 0 0 0 0 0 0 0 0 0 0 0 0 0]
[1143954674162008799152050460875579075750321100559567338373779608023312612008601207783649517618758312553108500998860176315418921071910996737685707369451729689468139823093953601208058905358625217705204795267357806582895061549872754547912963179939448985754668541392997782589285854409004335063248254699237419078744337570912611901145248 0 0 0 0 0 0 0 0 0 0 0 0 0 0 0 0 0 0 0 0 0 0 0 0 0 0 0 1 0 0 0 0 0 0 0 0 0 0 0 0 0 0 0 0 0 0 0 0 0 0 0 0 0 0 0 0 0 0 0 0 0 0 0 0 0 0 0 0 0 0 0 0 0 0 0 0 0 0 0 0 0 0 0 0 0 0 0 0 0 0 0 0 0 0 0 0 0 0 0 0 0 0 0 0 0 0 0 0 0]
[6997163903495365063596488732103137970539232514508983155564610929138268328693453744066791615206047255782467973408863124767935205869669679264956245083311442015061171430078073591224217984708879356844303088740084981660703363203634953951998326784506548643694456476044009368964992316444938641843355556859837363320071691012120769351049662 0 0 0 0 0 0 0 0 0 0 0 0 0 0 0 0 0 0 0 0 0 0 0 0 0 0 0 0 1 0 0 0 0 0 0 0 0 0 0 0 0 0 0 0 0 0 0 0 0 0 0 0 0 0 0 0 0 0 0 0 0 0 0 0 0 0 0 0 0 0 0 0 0 0 0 0 0 0 0 0 0 0 0 0 0 0 0 0 0 0 0 0 0 0 0 0 0 0 0 0 0 0 0 0 0 0 0 0 0]
[5823192223671729214141903900985806458742912570834220518731928170650371736308343247633719471912327539477160817612462905701249023559132469371273183614014306960678485811970265660632735156959753641113655763636027172103329489810628077684184904401981528236526661136099676026341733718088154631978809063372650662721685397106801815169633918 0 0 0 0 0 0 0 0 0 0 0 0 0 0 0 0 0 0 0 0 0 0 0 0 0 0 0 0 0 1 0 0 0 0 0 0 0 0 0 0 0 0 0 0 0 0 0 0 0 0 0 0 0 0 0 0 0 0 0 0 0 0 0 0 0 0 0 0 0 0 0 0 0 0 0 0 0 0 0 0 0 0 0 0 0 0 0 0 0 0 0 0 0 0 0 0 0 0 0 0 0 0 0 0 0 0 0 0 0]
[2203030558475608266036884078255025099694432844528223312698341657182975070249199480112361434776119323825504658298582291337059573251657107607988971311527363062314432119224430879101919006526414205412491630270878923685578062777884607676579967173809427716224368704685159391089258931003162830440127078551759593570247802910401494696867989 0 0 0 0 0 0 0 0 0 0 0 0 0 0 0 0 0 0 0 0 0 0 0 0 0 0 0 0 0 0 1 0 0 0 0 0 0 0 0 0 0 0 0 0 0 0 0 0 0 0 0 0 0 0 0 0 0 0 0 0 0 0 0 0 0 0 0 0 0 0 0 0 0 0 0 0 0 0 0 0 0 0 0 0 0 0 0 0 0 0 0 0 0 0 0 0 0 0 0 0 0 0 0 0 0 0 0 0 0]
[3466916183904470382611278352979571447520762071321175798962025691757340089781644027963586424143403649037592702577535993633289342853487088443791701942249286460335623644413926380356281807010362219347477594800414454603029892115282790244251375080481715664643742339274219841314022596842768501219324974423506098923937169888668457060294712 0 0 0 0 0 0 0 0 0 0 0 0 0 0 0 0 0 0 0 0 0 0 0 0 0 0 0 0 0 0 0 1 0 0 0 0 0 0 0 0 0 0 0 0 0 0 0 0 0 0 0 0 0 0 0 0 0 0 0 0 0 0 0 0 0 0 0 0 0 0 0 0 0 0 0 0 0 0 0 0 0 0 0 0 0 0 0 0 0 0 0 0 0 0 0 0 0 0 0 0 0 0 0 0 0 0 0 0 0]
[6212760809319711198665890821364908692935981871105935604876508381239138838399873449400509194873058560071160166412962816140229067716839413954441538581045738705304054626913780124749717703005008969300579742283526721351089289675587873979547186682285242733162152110434235067706212178396922016051367218786623395561463646033963653518742807 0 0 0 0 0 0 0 0 0 0 0 0 0 0 0 0 0 0 0 0 0 0 0 0 0 0 0 0 0 0 0 0 1 0 0 0 0 0 0 0 0 0 0 0 0 0 0 0 0 0 0 0 0 0 0 0 0 0 0 0 0 0 0 0 0 0 0 0 0 0 0 0 0 0 0 0 0 0 0 0 0 0 0 0 0 0 0 0 0 0 0 0 0 0 0 0 0 0 0 0 0 0 0 0 0 0 0 0 0]
[5422834097607490168258533080347662535488589050910208799516311422138344804873957702782410359412240039525868833612154100398663801276075054731029027031021930842828234469498974883754368477165869577718795313909806760543825712195273669306307600859210536905541241434199674869602813722348471600861055282943075706871920284143678352688001235 0 0 0 0 0 0 0 0 0 0 0 0 0 0 0 0 0 0 0 0 0 0 0 0 0 0 0 0 0 0 0 0 0 1 0 0 0 0 0 0 0 0 0 0 0 0 0 0 0 0 0 0 0 0 0 0 0 0 0 0 0 0 0 0 0 0 0 0 0 0 0 0 0 0 0 0 0 0 0 0 0 0 0 0 0 0 0 0 0 0 0 0 0 0 0 0 0 0 0 0 0 0 0 0 0 0 0 0 0]
[7851576229374081847166024385312987224108682354707534039613727145082931511106662554126831684749422132127685362587452904599499883126480538694372271187792278845880365591158768441752105379916179888637774544179617306590902940146057516785829321599857199066789413943327231507903164294076232881714375670920973919816808419916625451199922100 0 0 0 0 0 0 0 0 0 0 0 0 0 0 0 0 0 0 0 0 0 0 0 0 0 0 0 0 0 0 0 0 0 0 1 0 0 0 0 0 0 0 0 0 0 0 0 0 0 0 0 0 0 0 0 0 0 0 0 0 0 0 0 0 0 0 0 0 0 0 0 0 0 0 0 0 0 0 0 0 0 0 0 0 0 0 0 0 0 0 0 0 0 0 0 0 0 0 0 0 0 0 0 0 0 0 0 0 0]
[1545622590383960668261357599220859725297115909424307012982765396915929605721194046581086052100992648082794528001633557381923663307301010598956279303137302041023378057178931974008297286115107495583538892618755033488888794754862271200137216180902582231152657282665117052085836355072535133001567244369138101584884921113349988871605003 0 0 0 0 0 0 0 0 0 0 0 0 0 0 0 0 0 0 0 0 0 0 0 0 0 0 0 0 0 0 0 0 0 0 0 1 0 0 0 0 0 0 0 0 0 0 0 0 0 0 0 0 0 0 0 0 0 0 0 0 0 0 0 0 0 0 0 0 0 0 0 0 0 0 0 0 0 0 0 0 0 0 0 0 0 0 0 0 0 0 0 0 0 0 0 0 0 0 0 0 0 0 0 0 0 0 0 0 0]
[6355117379421743744650700718137941382181513285821696166211509494211084726884760772344305562491674359850347262026328942575908906821077673152801237041101140170871296601704159897640586658297484449380824152409090411723752162977425988686371713128046563633132017954285285245530868320871794958916468802351531642538222469546420407958122178 0 0 0 0 0 0 0 0 0 0 0 0 0 0 0 0 0 0 0 0 0 0 0 0 0 0 0 0 0 0 0 0 0 0 0 0 1 0 0 0 0 0 0 0 0 0 0 0 0 0 0 0 0 0 0 0 0 0 0 0 0 0 0 0 0 0 0 0 0 0 0 0 0 0 0 0 0 0 0 0 0 0 0 0 0 0 0 0 0 0 0 0 0 0 0 0 0 0 0 0 0 0 0 0 0 0 0 0 0]
[4997341219944938721217365962509288008861149218698533515198096719654722718391730221066763595616576557102356224197122446916213945640957896564237150113309359847249475018512140799751162019856178489017600934875837865799383308870920665038429348870898724367260631246871720158689480271665978460674963255999312496543305747699601468589443964 0 0 0 0 0 0 0 0 0 0 0 0 0 0 0 0 0 0 0 0 0 0 0 0 0 0 0 0 0 0 0 0 0 0 0 0 0 1 0 0 0 0 0 0 0 0 0 0 0 0 0 0 0 0 0 0 0 0 0 0 0 0 0 0 0 0 0 0 0 0 0 0 0 0 0 0 0 0 0 0 0 0 0 0 0 0 0 0 0 0 0 0 0 0 0 0 0 0 0 0 0 0 0 0 0 0 0 0 0]
[195616821985790160599290531051620652398152963220119617049601406898536887919637182596678141886691475074837521776592352088492199126003714106027273407800109203542680891560717347801414519972114038689461086077554087385517555892190331317885588530412136706093041689100974862483517296350239535040416770391597508561994733570102069053141752 0 0 0 0 0 0 0 0 0 0 0 0 0 0 0 0 0 0 0 0 0 0 0 0 0 0 0 0 0 0 0 0 0 0 0 0 0 0 1 0 0 0 0 0 0 0 0 0 0 0 0 0 0 0 0 0 0 0 0 0 0 0 0 0 0 0 0 0 0 0 0 0 0 0 0 0 0 0 0 0 0 0 0 0 0 0 0 0 0 0 0 0 0 0 0 0 0 0 0 0 0 0 0 0 0 0 0 0 0]
[3049843037869295319891865920617457664436662076832556633896432435216437484955970981541724709703124682235866633294937501111315755793662789059472641841198394992753347256571806644996526693422399303678577672636765680137618539280487492569687585927987264789922495360606758854185596378632274340747191488558539844312227309566390702957453197 0 0 0 0 0 0 0 0 0 0 0 0 0 0 0 0 0 0 0 0 0 0 0 0 0 0 0 0 0 0 0 0 0 0 0 0 0 0 0 1 0 0 0 0 0 0 0 0 0 0 0 0 0 0 0 0 0 0 0 0 0 0 0 0 0 0 0 0 0 0 0 0 0 0 0 0 0 0 0 0 0 0 0 0 0 0 0 0 0 0 0 0 0 0 0 0 0 0 0 0 0 0 0 0 0 0 0 0 0]
[1918426646809494209638433556792318665625838854737967281437712611888394266328134496984165006720023854205449217150855533184881503656912271763213647213730156818824668346087879234308384153727793400993626776993169953008281157594771164594441449587750781751208545249554524609825294162107149731541984471938890747495933738745043480691329046 0 0 0 0 0 0 0 0 0 0 0 0 0 0 0 0 0 0 0 0 0 0 0 0 0 0 0 0 0 0 0 0 0 0 0 0 0 0 0 0 1 0 0 0 0 0 0 0 0 0 0 0 0 0 0 0 0 0 0 0 0 0 0 0 0 0 0 0 0 0 0 0 0 0 0 0 0 0 0 0 0 0 0 0 0 0 0 0 0 0 0 0 0 0 0 0 0 0 0 0 0 0 0 0 0 0 0 0 0]
[4776560150944205892239179931613459625846396117746684575619649354070041944193141587112807834489235725634259028490874516275170681852244174843843786966269992142575575136477360876204232434091837554976563034521813522652315261255409278044551722087430041812319680908065350957981701061038240969746177784383065078904446363427275332655841453 0 0 0 0 0 0 0 0 0 0 0 0 0 0 0 0 0 0 0 0 0 0 0 0 0 0 0 0 0 0 0 0 0 0 0 0 0 0 0 0 0 1 0 0 0 0 0 0 0 0 0 0 0 0 0 0 0 0 0 0 0 0 0 0 0 0 0 0 0 0 0 0 0 0 0 0 0 0 0 0 0 0 0 0 0 0 0 0 0 0 0 0 0 0 0 0 0 0 0 0 0 0 0 0 0 0 0 0 0]
[6720771245063399329016560837290067267407158465055151639522159203604942540893506830384425387766513519461869952658680326433948928863145148135777693831726185594375935811934164745882324986653987180334295407585075550751747169088220300151791946257740682658214735237444988370305021489739143373384980716180914000156429292922178360987551136 0 0 0 0 0 0 0 0 0 0 0 0 0 0 0 0 0 0 0 0 0 0 0 0 0 0 0 0 0 0 0 0 0 0 0 0 0 0 0 0 0 0 1 0 0 0 0 0 0 0 0 0 0 0 0 0 0 0 0 0 0 0 0 0 0 0 0 0 0 0 0 0 0 0 0 0 0 0 0 0 0 0 0 0 0 0 0 0 0 0 0 0 0 0 0 0 0 0 0 0 0 0 0 0 0 0 0 0 0]
[3513632404570442273682172222390019660296535135329969715048783336662986555028038143473553836917730759528951789092943100140250787998183030657938497423146560536609897591032727492200088968050737681091652637621640458343790432868528236702584230730327780214913345193222134762987822334192100957631615781432983865219135180407810886514571709 0 0 0 0 0 0 0 0 0 0 0 0 0 0 0 0 0 0 0 0 0 0 0 0 0 0 0 0 0 0 0 0 0 0 0 0 0 0 0 0 0 0 0 1 0 0 0 0 0 0 0 0 0 0 0 0 0 0 0 0 0 0 0 0 0 0 0 0 0 0 0 0 0 0 0 0 0 0 0 0 0 0 0 0 0 0 0 0 0 0 0 0 0 0 0 0 0 0 0 0 0 0 0 0 0 0 0 0 0]
[5675135467174360657586781535627701433861158799496625202466011467951781978953157701177640527132843694119917946955913943827151405643524169657990485536668555146526299422988950151120764787025001441561685938976520356004974006430488075419791285939314799428012083220716678291338435111713632848407991639105520961557153908693629276615982427 0 0 0 0 0 0 0 0 0 0 0 0 0 0 0 0 0 0 0 0 0 0 0 0 0 0 0 0 0 0 0 0 0 0 0 0 0 0 0 0 0 0 0 0 1 0 0 0 0 0 0 0 0 0 0 0 0 0 0 0 0 0 0 0 0 0 0 0 0 0 0 0 0 0 0 0 0 0 0 0 0 0 0 0 0 0 0 0 0 0 0 0 0 0 0 0 0 0 0 0 0 0 0 0 0 0 0 0 0]
[5072614881333116730069588958297640560904593381880431679730122728516459266959153726809838214245691110391302341727500724458769703239298544933259741653222729974447971509278981315838351289343339316205085757918649736869540060934052273300263766666187365574783032749289177888212682775253887124682845821377539605053728882751388921350169264 0 0 0 0 0 0 0 0 0 0 0 0 0 0 0 0 0 0 0 0 0 0 0 0 0 0 0 0 0 0 0 0 0 0 0 0 0 0 0 0 0 0 0 0 0 1 0 0 0 0 0 0 0 0 0 0 0 0 0 0 0 0 0 0 0 0 0 0 0 0 0 0 0 0 0 0 0 0 0 0 0 0 0 0 0 0 0 0 0 0 0 0 0 0 0 0 0 0 0 0 0 0 0 0 0 0 0 0 0]
[7361620357013014236456822380365055125673647048912860490633031247569511861433901382712486053767410292935716868246398181873203929252520199939582517024153990728484692725169197963857169453087333212427575401522632696030720451195831232461465404325583375321434396721717090040495763362257649600853352320202823485837296053547175890723907281 0 0 0 0 0 0 0 0 0 0 0 0 0 0 0 0 0 0 0 0 0 0 0 0 0 0 0 0 0 0 0 0 0 0 0 0 0 0 0 0 0 0 0 0 0 0 1 0 0 0 0 0 0 0 0 0 0 0 0 0 0 0 0 0 0 0 0 0 0 0 0 0 0 0 0 0 0 0 0 0 0 0 0 0 0 0 0 0 0 0 0 0 0 0 0 0 0 0 0 0 0 0 0 0 0 0 0 0 0]
[2881273181123862889111957353585371878811352125959077439886959968105945555849829057395449626465146692752494494143996163633547973034290960978083997657360630837052527918371693637372244324093281633398076292712095288868623314344215810224031352397408456858754422203645469895876108351633631294634264097810775647281642570575183113614261420 0 0 0 0 0 0 0 0 0 0 0 0 0 0 0 0 0 0 0 0 0 0 0 0 0 0 0 0 0 0 0 0 0 0 0 0 0 0 0 0 0 0 0 0 0 0 0 1 0 0 0 0 0 0 0 0 0 0 0 0 0 0 0 0 0 0 0 0 0 0 0 0 0 0 0 0 0 0 0 0 0 0 0 0 0 0 0 0 0 0 0 0 0 0 0 0 0 0 0 0 0 0 0 0 0 0 0 0 0]
[235572598651826658481206207894769823172229583857716773126799723034555326522443060671497077109409219152282839867088197558856832645431670940656972040695126026581542384321003805393266724947104657756002977507924368594854562507009167749077964159901685145312905014677560910620251440063983796714838413639784737045085086482008581283842330 0 0 0 0 0 0 0 0 0 0 0 0 0 0 0 0 0 0 0 0 0 0 0 0 0 0 0 0 0 0 0 0 0 0 0 0 0 0 0 0 0 0 0 0 0 0 0 0 1 0 0 0 0 0 0 0 0 0 0 0 0 0 0 0 0 0 0 0 0 0 0 0 0 0 0 0 0 0 0 0 0 0 0 0 0 0 0 0 0 0 0 0 0 0 0 0 0 0 0 0 0 0 0 0 0 0 0 0 0]
[671123403363513544652718186370888460431373717066598513658439122792450116305674197008892772201690548453593907520493999894238365805767600119237198090596805821173247595877927819594267766682657023855923834715907805351533252026139169295541462776443968749235725547115969591870943366512910371911613843749011272852353524692386241572669208 0 0 0 0 0 0 0 0 0 0 0 0 0 0 0 0 0 0 0 0 0 0 0 0 0 0 0 0 0 0 0 0 0 0 0 0 0 0 0 0 0 0 0 0 0 0 0 0 0 1 0 0 0 0 0 0 0 0 0 0 0 0 0 0 0 0 0 0 0 0 0 0 0 0 0 0 0 0 0 0 0 0 0 0 0 0 0 0 0 0 0 0 0 0 0 0 0 0 0 0 0 0 0 0 0 0 0 0 0]
[6791795138877363693937096917513875131828459436146881714191999963559124981102934642834762378400184345792971614869816476353087671427091701830696743028353967191223839985179352564396378447668343823780005606776534712746801198073905653593893090930787249849796819138602123231588350032174540529353190434987321735573532158570776798581065191 0 0 0 0 0 0 0 0 0 0 0 0 0 0 0 0 0 0 0 0 0 0 0 0 0 0 0 0 0 0 0 0 0 0 0 0 0 0 0 0 0 0 0 0 0 0 0 0 0 0 1 0 0 0 0 0 0 0 0 0 0 0 0 0 0 0 0 0 0 0 0 0 0 0 0 0 0 0 0 0 0 0 0 0 0 0 0 0 0 0 0 0 0 0 0 0 0 0 0 0 0 0 0 0 0 0 0 0 0]
[813517441528958796233894308022477550487821027726862004298382069337664040328405083004570497199959823175035184738157251630258353265439424982514381356170644674999161950417989043540221466785454968365442168456212778707908000266130442798586517770088769599318026288474545326249319057390568161484621418553194311696523060259446558937477400 0 0 0 0 0 0 0 0 0 0 0 0 0 0 0 0 0 0 0 0 0 0 0 0 0 0 0 0 0 0 0 0 0 0 0 0 0 0 0 0 0 0 0 0 0 0 0 0 0 0 0 1 0 0 0 0 0 0 0 0 0 0 0 0 0 0 0 0 0 0 0 0 0 0 0 0 0 0 0 0 0 0 0 0 0 0 0 0 0 0 0 0 0 0 0 0 0 0 0 0 0 0 0 0 0 0 0 0 0]
[2974771162840769358736001628249977766394778590833885324643686178680837178907685658008594678409837281149141010688298189695758381075262930942483274971577545451919543202105405624230587609330262725023752929215591860211266917068872396468924814064653148879964206180523895632345016493703558023719988730636346383163577199655657386623813809 0 0 0 0 0 0 0 0 0 0 0 0 0 0 0 0 0 0 0 0 0 0 0 0 0 0 0 0 0 0 0 0 0 0 0 0 0 0 0 0 0 0 0 0 0 0 0 0 0 0 0 0 1 0 0 0 0 0 0 0 0 0 0 0 0 0 0 0 0 0 0 0 0 0 0 0 0 0 0 0 0 0 0 0 0 0 0 0 0 0 0 0 0 0 0 0 0 0 0 0 0 0 0 0 0 0 0 0 0]
[26259157621885277485288708741769511097890220987961756286279500312967075518900928825459753290020506655930581276636172894444161962488595901334345487052635635942625638972183688350103779626173921095163889304028108104766652897241701750197260921933093079093401244222945244261917498640183038496191577216922451331014026740156244125278539 0 0 0 0 0 0 0 0 0 0 0 0 0 0 0 0 0 0 0 0 0 0 0 0 0 0 0 0 0 0 0 0 0 0 0 0 0 0 0 0 0 0 0 0 0 0 0 0 0 0 0 0 0 1 0 0 0 0 0 0 0 0 0 0 0 0 0 0 0 0 0 0 0 0 0 0 0 0 0 0 0 0 0 0 0 0 0 0 0 0 0 0 0 0 0 0 0 0 0 0 0 0 0 0 0 0 0 0 0]
[7556104331298039302754679254564946164188932700055269265796530987763350000866019399229989367844685814823071280027713971010537661845198177770614937299157012535711024368950420730953630185748747666198382720490885571643539822487862191878593964358598043757370337269996168932187769072443434190918197312981211036234741288832664728789019992 0 0 0 0 0 0 0 0 0 0 0 0 0 0 0 0 0 0 0 0 0 0 0 0 0 0 0 0 0 0 0 0 0 0 0 0 0 0 0 0 0 0 0 0 0 0 0 0 0 0 0 0 0 0 1 0 0 0 0 0 0 0 0 0 0 0 0 0 0 0 0 0 0 0 0 0 0 0 0 0 0 0 0 0 0 0 0 0 0 0 0 0 0 0 0 0 0 0 0 0 0 0 0 0 0 0 0 0 0]
[1260094690290236405030171707728699516229364768931400363538370763158180323831389779329201317002302951144382952192149591633884045676185924889565416218440078692985107601130328605490115112653791491176974261964060486020971908884900289014638430298741937335822850274027571156436555067866220940903762205907830001749284598358983580126733920 0 0 0 0 0 0 0 0 0 0 0 0 0 0 0 0 0 0 0 0 0 0 0 0 0 0 0 0 0 0 0 0 0 0 0 0 0 0 0 0 0 0 0 0 0 0 0 0 0 0 0 0 0 0 0 1 0 0 0 0 0 0 0 0 0 0 0 0 0 0 0 0 0 0 0 0 0 0 0 0 0 0 0 0 0 0 0 0 0 0 0 0 0 0 0 0 0 0 0 0 0 0 0 0 0 0 0 0 0]
[4575752624167153808225937632517709753931789598658305609107921331884777390497912284620239408260846495467097230991356045027920964399728035377884372346263264583886966815817396964489073634282785347163862857516137568472994780514265963273970154164198220436425070911033955848363034197593068593991421795598191498757687753756526803770717440 0 0 0 0 0 0 0 0 0 0 0 0 0 0 0 0 0 0 0 0 0 0 0 0 0 0 0 0 0 0 0 0 0 0 0 0 0 0 0 0 0 0 0 0 0 0 0 0 0 0 0 0 0 0 0 0 1 0 0 0 0 0 0 0 0 0 0 0 0 0 0 0 0 0 0 0 0 0 0 0 0 0 0 0 0 0 0 0 0 0 0 0 0 0 0 0 0 0 0 0 0 0 0 0 0 0 0 0 0]
[5480135976731819318733537418988919478408489566761625097876828628161312994641305019447631677895640384266604793781402652095363429278577980787844702303812328616019747147456421814054627290239171970137301062624194915514135348725291175425722542012641421439510436208208248312291017777384937386581510242551497069253127421180580457236968322 0 0 0 0 0 0 0 0 0 0 0 0 0 0 0 0 0 0 0 0 0 0 0 0 0 0 0 0 0 0 0 0 0 0 0 0 0 0 0 0 0 0 0 0 0 0 0 0 0 0 0 0 0 0 0 0 0 1 0 0 0 0 0 0 0 0 0 0 0 0 0 0 0 0 0 0 0 0 0 0 0 0 0 0 0 0 0 0 0 0 0 0 0 0 0 0 0 0 0 0 0 0 0 0 0 0 0 0 0]
[4782965208142908337999306785764753096940219641109577142793621194896855514425136912861471442145323924039797133035963378374957659451413168738769946375895414030195222779367663079491125922308298182082119550775898118154823491530097821400014097617880234056974446198865143642039997699304271239419871539185333418758566852883641120163754689 0 0 0 0 0 0 0 0 0 0 0 0 0 0 0 0 0 0 0 0 0 0 0 0 0 0 0 0 0 0 0 0 0 0 0 0 0 0 0 0 0 0 0 0 0 0 0 0 0 0 0 0 0 0 0 0 0 0 1 0 0 0 0 0 0 0 0 0 0 0 0 0 0 0 0 0 0 0 0 0 0 0 0 0 0 0 0 0 0 0 0 0 0 0 0 0 0 0 0 0 0 0 0 0 0 0 0 0 0]
[5696025390714124599878817849659139819739689105646029513281425311391859344269037464846108198049144235283148185987563468197644072600100064317892826970095406623621168072513629233109605157853175749055473172220381037684430803535250708324585953099872317370949602999884292381895834578864866967537790951583446436989716056561021221379541588 0 0 0 0 0 0 0 0 0 0 0 0 0 0 0 0 0 0 0 0 0 0 0 0 0 0 0 0 0 0 0 0 0 0 0 0 0 0 0 0 0 0 0 0 0 0 0 0 0 0 0 0 0 0 0 0 0 0 0 1 0 0 0 0 0 0 0 0 0 0 0 0 0 0 0 0 0 0 0 0 0 0 0 0 0 0 0 0 0 0 0 0 0 0 0 0 0 0 0 0 0 0 0 0 0 0 0 0 0]
[1238129619801892861859418888456932984693725834124369174454341470448405109221565063925941964235435479994063870409264446730811342673508732777149156936266184744779961599827172191428599373786372805522005709853873632962825541233084168051544391515915152922788538427220793609636215070122439741097998583034344231407053886989176316109711158 0 0 0 0 0 0 0 0 0 0 0 0 0 0 0 0 0 0 0 0 0 0 0 0 0 0 0 0 0 0 0 0 0 0 0 0 0 0 0 0 0 0 0 0 0 0 0 0 0 0 0 0 0 0 0 0 0 0 0 0 1 0 0 0 0 0 0 0 0 0 0 0 0 0 0 0 0 0 0 0 0 0 0 0 0 0 0 0 0 0 0 0 0 0 0 0 0 0 0 0 0 0 0 0 0 0 0 0 0]
[266981189239503779520322338445590676738497429004465243630400738303932364027948430369209870043884350211483750331252484934241949338884194388099752794229477884202316423563500614337455707787605065554117935633861094857839507410578568267702010577791854248727992329330213714769239471821157577839478738873351928979466967332623564855571494 0 0 0 0 0 0 0 0 0 0 0 0 0 0 0 0 0 0 0 0 0 0 0 0 0 0 0 0 0 0 0 0 0 0 0 0 0 0 0 0 0 0 0 0 0 0 0 0 0 0 0 0 0 0 0 0 0 0 0 0 0 1 0 0 0 0 0 0 0 0 0 0 0 0 0 0 0 0 0 0 0 0 0 0 0 0 0 0 0 0 0 0 0 0 0 0 0 0 0 0 0 0 0 0 0 0 0 0 0]
[7695066641318065665987364876951534621688051922385113602090777971424129534903290432428187806548162277751965533045808066279331223362719047733067399017930758380910155659120061688609380129669909032133675573779048727089555932259701698613108576234983239810396688930613902051596891746820787347755784302235421997795581383459161182754450453 0 0 0 0 0 0 0 0 0 0 0 0 0 0 0 0 0 0 0 0 0 0 0 0 0 0 0 0 0 0 0 0 0 0 0 0 0 0 0 0 0 0 0 0 0 0 0 0 0 0 0 0 0 0 0 0 0 0 0 0 0 0 1 0 0 0 0 0 0 0 0 0 0 0 0 0 0 0 0 0 0 0 0 0 0 0 0 0 0 0 0 0 0 0 0 0 0 0 0 0 0 0 0 0 0 0 0 0 0]
[7852529015500641980853000156944203454151959783154033294604961711561174105978539880790125475421829287033690207554388645292161633804991896271740658054831307536203140596193700169367663249261640463839240942348515189172453380405723704666670443271026722760987076562344828026293668922929071891709059667357821401053318868660668207992884838 0 0 0 0 0 0 0 0 0 0 0 0 0 0 0 0 0 0 0 0 0 0 0 0 0 0 0 0 0 0 0 0 0 0 0 0 0 0 0 0 0 0 0 0 0 0 0 0 0 0 0 0 0 0 0 0 0 0 0 0 0 0 0 1 0 0 0 0 0 0 0 0 0 0 0 0 0 0 0 0 0 0 0 0 0 0 0 0 0 0 0 0 0 0 0 0 0 0 0 0 0 0 0 0 0 0 0 0 0]
[4410611832389551127576322645731724169973985838888978236145833534903043926086726337234058335905410104100219295093593254343073950751689737959614860589364784769702851449964073447013233205543690583385107510987040116050206096608815410388189695161826043869239737804758690827195983466825069846482588435710361465107111220524803277670436773 0 0 0 0 0 0 0 0 0 0 0 0 0 0 0 0 0 0 0 0 0 0 0 0 0 0 0 0 0 0 0 0 0 0 0 0 0 0 0 0 0 0 0 0 0 0 0 0 0 0 0 0 0 0 0 0 0 0 0 0 0 0 0 0 1 0 0 0 0 0 0 0 0 0 0 0 0 0 0 0 0 0 0 0 0 0 0 0 0 0 0 0 0 0 0 0 0 0 0 0 0 0 0 0 0 0 0 0 0]
[5907916179847972030817859899434263191911596858866531340990121580554084679178201527103426422964489104715162565786761032629419385999252031226245089819588596459793528897633746705237046127719724500686487941706550787949610430829824667917242840180160418297955929968959084487380876959858928474394157948534512593684015448520583228004955303 0 0 0 0 0 0 0 0 0 0 0 0 0 0 0 0 0 0 0 0 0 0 0 0 0 0 0 0 0 0 0 0 0 0 0 0 0 0 0 0 0 0 0 0 0 0 0 0 0 0 0 0 0 0 0 0 0 0 0 0 0 0 0 0 0 1 0 0 0 0 0 0 0 0 0 0 0 0 0 0 0 0 0 0 0 0 0 0 0 0 0 0 0 0 0 0 0 0 0 0 0 0 0 0 0 0 0 0 0]
[3880403465139415964366203412406051305755957692630873124679036057556182465737514852164867349308202877506887575679254281229433390416531086045776228892496672452945213981501629748968582996414112505424136947402233696884337925466033005005066362469917873193592991570953676067302697109935844678470279159766569363447849332059708571200175974 0 0 0 0 0 0 0 0 0 0 0 0 0 0 0 0 0 0 0 0 0 0 0 0 0 0 0 0 0 0 0 0 0 0 0 0 0 0 0 0 0 0 0 0 0 0 0 0 0 0 0 0 0 0 0 0 0 0 0 0 0 0 0 0 0 0 1 0 0 0 0 0 0 0 0 0 0 0 0 0 0 0 0 0 0 0 0 0 0 0 0 0 0 0 0 0 0 0 0 0 0 0 0 0 0 0 0 0 0]
[7919931726092489113769231130530326993725392140930273405861120000635115594631854865141409974732176845931129361522460716191397565034962387101315672447778079179998257623658186589300845688259770287217924129743353533539934707128555805184202213463505030057223681006640109498898705675094390680199287669064322097957655666900049029525400584 0 0 0 0 0 0 0 0 0 0 0 0 0 0 0 0 0 0 0 0 0 0 0 0 0 0 0 0 0 0 0 0 0 0 0 0 0 0 0 0 0 0 0 0 0 0 0 0 0 0 0 0 0 0 0 0 0 0 0 0 0 0 0 0 0 0 0 1 0 0 0 0 0 0 0 0 0 0 0 0 0 0 0 0 0 0 0 0 0 0 0 0 0 0 0 0 0 0 0 0 0 0 0 0 0 0 0 0 0]
[6054297939266441218784162882027485076367217396917153238870173766088752041869978593226289990325827047383771122625649189647790127370957060985495910811607737340271991563644772432138352115950104089222703671100436092344514251364270158819221752416889247017289352433120053814351587540275870378593074913014746740076965720987242198910647175 0 0 0 0 0 0 0 0 0 0 0 0 0 0 0 0 0 0 0 0 0 0 0 0 0 0 0 0 0 0 0 0 0 0 0 0 0 0 0 0 0 0 0 0 0 0 0 0 0 0 0 0 0 0 0 0 0 0 0 0 0 0 0 0 0 0 0 0 1 0 0 0 0 0 0 0 0 0 0 0 0 0 0 0 0 0 0 0 0 0 0 0 0 0 0 0 0 0 0 0 0 0 0 0 0 0 0 0 0]
[2726499336086208279433591809873498278228636732912359563981881141649843926247645235417074977101379758456646513793534274550174293238675955597489836176885063787768699422014072984168605993050601969301787554345418315013870127373635407816782935865157228614393728484865337485738446297722141085412239449072964144618134633508245059157586964 0 0 0 0 0 0 0 0 0 0 0 0 0 0 0 0 0 0 0 0 0 0 0 0 0 0 0 0 0 0 0 0 0 0 0 0 0 0 0 0 0 0 0 0 0 0 0 0 0 0 0 0 0 0 0 0 0 0 0 0 0 0 0 0 0 0 0 0 0 1 0 0 0 0 0 0 0 0 0 0 0 0 0 0 0 0 0 0 0 0 0 0 0 0 0 0 0 0 0 0 0 0 0 0 0 0 0 0 0]
[6098905837559758123850558951259325628105774180584701731806110173363417023638207870772502158634158043719189087943675961458204482584994560703346393286681744187073480347145422374828810024592449157653048858929546181535448917355820639836600701250658784631983399962318985007451357898663883551081414003963646829951349541098688486936423882 0 0 0 0 0 0 0 0 0 0 0 0 0 0 0 0 0 0 0 0 0 0 0 0 0 0 0 0 0 0 0 0 0 0 0 0 0 0 0 0 0 0 0 0 0 0 0 0 0 0 0 0 0 0 0 0 0 0 0 0 0 0 0 0 0 0 0 0 0 0 1 0 0 0 0 0 0 0 0 0 0 0 0 0 0 0 0 0 0 0 0 0 0 0 0 0 0 0 0 0 0 0 0 0 0 0 0 0 0]
[5415044970563488292413012324741617566879371507781093966775477207453927319812404570306707209350845981357138159516418975007872830336045275891419871748365814089666835387758322254160830882247928873011555834663724287233845316350400844930294232114619547222319537089168069566069664486042070235611207349824552665992556148648017461422109154 0 0 0 0 0 0 0 0 0 0 0 0 0 0 0 0 0 0 0 0 0 0 0 0 0 0 0 0 0 0 0 0 0 0 0 0 0 0 0 0 0 0 0 0 0 0 0 0 0 0 0 0 0 0 0 0 0 0 0 0 0 0 0 0 0 0 0 0 0 0 0 1 0 0 0 0 0 0 0 0 0 0 0 0 0 0 0 0 0 0 0 0 0 0 0 0 0 0 0 0 0 0 0 0 0 0 0 0 0]
[5232393282529048019508532473368234774214379850833474059483483386760905979405021577652718616472264560134420407653161046744585125271770652271017499685516134215873900241455261083300332091201720833011327305958247711702412036981768882575454828595056765629222950340269782782560535866139624792999064478695090769412805203871503309729881757 0 0 0 0 0 0 0 0 0 0 0 0 0 0 0 0 0 0 0 0 0 0 0 0 0 0 0 0 0 0 0 0 0 0 0 0 0 0 0 0 0 0 0 0 0 0 0 0 0 0 0 0 0 0 0 0 0 0 0 0 0 0 0 0 0 0 0 0 0 0 0 0 1 0 0 0 0 0 0 0 0 0 0 0 0 0 0 0 0 0 0 0 0 0 0 0 0 0 0 0 0 0 0 0 0 0 0 0 0]
[4741418515970539180111766952973881685351860151886101478405590045220068070386081463638778798709737155648265641756829178994690854878995327764053093756686795927529116313286990760533561001081657583551150436404635132134784619009734781646040056718737695000118189352128913009227695617835813779327407895150756202567001177683622027353845811 0 0 0 0 0 0 0 0 0 0 0 0 0 0 0 0 0 0 0 0 0 0 0 0 0 0 0 0 0 0 0 0 0 0 0 0 0 0 0 0 0 0 0 0 0 0 0 0 0 0 0 0 0 0 0 0 0 0 0 0 0 0 0 0 0 0 0 0 0 0 0 0 0 1 0 0 0 0 0 0 0 0 0 0 0 0 0 0 0 0 0 0 0 0 0 0 0 0 0 0 0 0 0 0 0 0 0 0 0]
[7406946486885753133558465142292915012526287576379096426492664926759455719649440666952820846321830846157008754518694096454327191804399293541905074632469468153008114894410225546302477835735107765554186228444154686327215503874523813688755298888619209396817028234760418006150464015232271025359674911145372194304677502714803231701518590 0 0 0 0 0 0 0 0 0 0 0 0 0 0 0 0 0 0 0 0 0 0 0 0 0 0 0 0 0 0 0 0 0 0 0 0 0 0 0 0 0 0 0 0 0 0 0 0 0 0 0 0 0 0 0 0 0 0 0 0 0 0 0 0 0 0 0 0 0 0 0 0 0 0 1 0 0 0 0 0 0 0 0 0 0 0 0 0 0 0 0 0 0 0 0 0 0 0 0 0 0 0 0 0 0 0 0 0 0]
[2984987862522736103362913148047242432155759309314018738218791370415037941892495394958246747513213047308178961421448139434820053728997792155028160940201329304703580475047566885549255860980828318555892238361973735261718511026793115357992817327089867729718551550435375601494642296478829135189242148686106743272247666575488160126303195 0 0 0 0 0 0 0 0 0 0 0 0 0 0 0 0 0 0 0 0 0 0 0 0 0 0 0 0 0 0 0 0 0 0 0 0 0 0 0 0 0 0 0 0 0 0 0 0 0 0 0 0 0 0 0 0 0 0 0 0 0 0 0 0 0 0 0 0 0 0 0 0 0 0 0 1 0 0 0 0 0 0 0 0 0 0 0 0 0 0 0 0 0 0 0 0 0 0 0 0 0 0 0 0 0 0 0 0 0]
[7765053623457365378388319412462626293727040411777874787916962465682080395301236424172785854231245634778141700221711454025036588123354139259116603121540916164760979003298246625191453810475636118177793259126795381375477528945932597505909762641261882751527057980016915667134796395316376545362613458109403296914786303752849104089771970 0 0 0 0 0 0 0 0 0 0 0 0 0 0 0 0 0 0 0 0 0 0 0 0 0 0 0 0 0 0 0 0 0 0 0 0 0 0 0 0 0 0 0 0 0 0 0 0 0 0 0 0 0 0 0 0 0 0 0 0 0 0 0 0 0 0 0 0 0 0 0 0 0 0 0 0 1 0 0 0 0 0 0 0 0 0 0 0 0 0 0 0 0 0 0 0 0 0 0 0 0 0 0 0 0 0 0 0 0]
[5618488635822118585640930732469376082780312166896923714100790899275997962597310965853055529663826304484577136870472834761125354690274853658816540488099112322293446005136171745848226472134350210761442338438024191964660614799794862748754930242083634696647592403122205595331164569182551680569283875230947526085352547411532352814945284 0 0 0 0 0 0 0 0 0 0 0 0 0 0 0 0 0 0 0 0 0 0 0 0 0 0 0 0 0 0 0 0 0 0 0 0 0 0 0 0 0 0 0 0 0 0 0 0 0 0 0 0 0 0 0 0 0 0 0 0 0 0 0 0 0 0 0 0 0 0 0 0 0 0 0 0 0 1 0 0 0 0 0 0 0 0 0 0 0 0 0 0 0 0 0 0 0 0 0 0 0 0 0 0 0 0 0 0 0]
[6766885156009867522938345728032751291645680234235842527499015308759821523069907012152432322740029812276583520700038241171443770856196278145828105230307966373701224317051795798751005308666006125931893378102788629732883785941297042605378228403557077539021232800654709240661283753235200723947187204988910673429819738465307798117426693 0 0 0 0 0 0 0 0 0 0 0 0 0 0 0 0 0 0 0 0 0 0 0 0 0 0 0 0 0 0 0 0 0 0 0 0 0 0 0 0 0 0 0 0 0 0 0 0 0 0 0 0 0 0 0 0 0 0 0 0 0 0 0 0 0 0 0 0 0 0 0 0 0 0 0 0 0 0 1 0 0 0 0 0 0 0 0 0 0 0 0 0 0 0 0 0 0 0 0 0 0 0 0 0 0 0 0 0 0]
[5862276719016372487234868189546158777986795634874526131634319252615658547749573564726412915786155791673566702687079678007998118092871525814264171148554443800510244866028634183750974829214507418617699416297107212626737114774357326415262891039032181584177394953690416813924946506296361826782447292768229614850791431638866682036505743 0 0 0 0 0 0 0 0 0 0 0 0 0 0 0 0 0 0 0 0 0 0 0 0 0 0 0 0 0 0 0 0 0 0 0 0 0 0 0 0 0 0 0 0 0 0 0 0 0 0 0 0 0 0 0 0 0 0 0 0 0 0 0 0 0 0 0 0 0 0 0 0 0 0 0 0 0 0 0 1 0 0 0 0 0 0 0 0 0 0 0 0 0 0 0 0 0 0 0 0 0 0 0 0 0 0 0 0 0]
[2333869605496132211946222026015860308294562666120793613966069704325224881416802506202880023822793887199277819855329197799160733305936851496980618677887985884004731674879850013826416559134891245945896650781046861201140258583158674892151285151264214895003582778998637352366547392866019513399878310666789729585241876328032835420853863 0 0 0 0 0 0 0 0 0 0 0 0 0 0 0 0 0 0 0 0 0 0 0 0 0 0 0 0 0 0 0 0 0 0 0 0 0 0 0 0 0 0 0 0 0 0 0 0 0 0 0 0 0 0 0 0 0 0 0 0 0 0 0 0 0 0 0 0 0 0 0 0 0 0 0 0 0 0 0 0 1 0 0 0 0 0 0 0 0 0 0 0 0 0 0 0 0 0 0 0 0 0 0 0 0 0 0 0 0]
[2900333440631555856949394755577408811463193356259936439771676196007257370332783660818230126638946664331761090007141135495853309168531775773266615334727095199293482837860679862918141947802780761862774283371613004709722935385398941434621516313573788438764210901164820486264908061834122109491121193367227722288533546241507478641155568 0 0 0 0 0 0 0 0 0 0 0 0 0 0 0 0 0 0 0 0 0 0 0 0 0 0 0 0 0 0 0 0 0 0 0 0 0 0 0 0 0 0 0 0 0 0 0 0 0 0 0 0 0 0 0 0 0 0 0 0 0 0 0 0 0 0 0 0 0 0 0 0 0 0 0 0 0 0 0 0 0 1 0 0 0 0 0 0 0 0 0 0 0 0 0 0 0 0 0 0 0 0 0 0 0 0 0 0 0]
[7674845597927997434847219587336980425524175430266765741787330262261038692029237830271605659309832514604867280002135142794149478133359240880215237168730026674273651899408755431651616470490040866529142187188424805405463405751481247881342315836648013406402284367861285237165901701630655670500455551315763099701231688858160596350052415 0 0 0 0 0 0 0 0 0 0 0 0 0 0 0 0 0 0 0 0 0 0 0 0 0 0 0 0 0 0 0 0 0 0 0 0 0 0 0 0 0 0 0 0 0 0 0 0 0 0 0 0 0 0 0 0 0 0 0 0 0 0 0 0 0 0 0 0 0 0 0 0 0 0 0 0 0 0 0 0 0 0 1 0 0 0 0 0 0 0 0 0 0 0 0 0 0 0 0 0 0 0 0 0 0 0 0 0 0]
[6064013128406342768945625701082116447570374833140418120075747628201534093335125949326025127233368282725818900135508970254104089135599765015560905122530567794141694510729458506805941318140383280158077149564300434720418857561636552087828471889886862176409359491158847653395248173992678827974010512539203584498940472441303617978021602 0 0 0 0 0 0 0 0 0 0 0 0 0 0 0 0 0 0 0 0 0 0 0 0 0 0 0 0 0 0 0 0 0 0 0 0 0 0 0 0 0 0 0 0 0 0 0 0 0 0 0 0 0 0 0 0 0 0 0 0 0 0 0 0 0 0 0 0 0 0 0 0 0 0 0 0 0 0 0 0 0 0 0 1 0 0 0 0 0 0 0 0 0 0 0 0 0 0 0 0 0 0 0 0 0 0 0 0 0]
[1177106648850102096856288676548412640850372336051714928430476378579498779749580636137718838911927061967978384244013262232357262315273583239426321783544190022359078157404871653769065105293761143940893886940951841051587073632733374007034893277075711558197860954612120451246288416974176704939612331920904975432377667929881294677800685 0 0 0 0 0 0 0 0 0 0 0 0 0 0 0 0 0 0 0 0 0 0 0 0 0 0 0 0 0 0 0 0 0 0 0 0 0 0 0 0 0 0 0 0 0 0 0 0 0 0 0 0 0 0 0 0 0 0 0 0 0 0 0 0 0 0 0 0 0 0 0 0 0 0 0 0 0 0 0 0 0 0 0 0 1 0 0 0 0 0 0 0 0 0 0 0 0 0 0 0 0 0 0 0 0 0 0 0 0]
[5736650442652009142112389529552892930266651019895828080544488464528526521298115653748081475654230577013101158140347435883802867664775599803562996879393734732983650102946812191310888508810698305974080597825514779786276101569830572345914087472085532764753988735732595149106572915119764905978969189754492466706657883498593426135711746 0 0 0 0 0 0 0 0 0 0 0 0 0 0 0 0 0 0 0 0 0 0 0 0 0 0 0 0 0 0 0 0 0 0 0 0 0 0 0 0 0 0 0 0 0 0 0 0 0 0 0 0 0 0 0 0 0 0 0 0 0 0 0 0 0 0 0 0 0 0 0 0 0 0 0 0 0 0 0 0 0 0 0 0 0 1 0 0 0 0 0 0 0 0 0 0 0 0 0 0 0 0 0 0 0 0 0 0 0]
[1753594983492420665568019473389995254626709574620264371964260985648828758170724833275483350234332087276266142076649810781249978152699712391525231662682361997607534546937094453880243593628449254370974391015255877125500776619379338477349772664491210474436846689073130252289233835986790721494242669472549895492384634373731342277493119 0 0 0 0 0 0 0 0 0 0 0 0 0 0 0 0 0 0 0 0 0 0 0 0 0 0 0 0 0 0 0 0 0 0 0 0 0 0 0 0 0 0 0 0 0 0 0 0 0 0 0 0 0 0 0 0 0 0 0 0 0 0 0 0 0 0 0 0 0 0 0 0 0 0 0 0 0 0 0 0 0 0 0 0 0 0 1 0 0 0 0 0 0 0 0 0 0 0 0 0 0 0 0 0 0 0 0 0 0]
[8296981375613093571110830590422202141927876811056404919365163696721127279705026707207898041306060988704103295911166381178727758212463498209511994399613369918686588636535079654050388145550232179323221559801670307248252849523831111841220306535214582715458121732216144250237075827530715816556216676489283311814537135951150196773952795 0 0 0 0 0 0 0 0 0 0 0 0 0 0 0 0 0 0 0 0 0 0 0 0 0 0 0 0 0 0 0 0 0 0 0 0 0 0 0 0 0 0 0 0 0 0 0 0 0 0 0 0 0 0 0 0 0 0 0 0 0 0 0 0 0 0 0 0 0 0 0 0 0 0 0 0 0 0 0 0 0 0 0 0 0 0 0 1 0 0 0 0 0 0 0 0 0 0 0 0 0 0 0 0 0 0 0 0 0]
[8094905864015326169560625189519680657497788761815005535059103152373906906549000344019449920276662044823154236846588526082912035694946503570577930744831789217947761066722880684362778579464593558424177676666437516989611114054632840883467731368500725236314287870239544188661961616213991412838654591878548642641855472079242278270406045 0 0 0 0 0 0 0 0 0 0 0 0 0 0 0 0 0 0 0 0 0 0 0 0 0 0 0 0 0 0 0 0 0 0 0 0 0 0 0 0 0 0 0 0 0 0 0 0 0 0 0 0 0 0 0 0 0 0 0 0 0 0 0 0 0 0 0 0 0 0 0 0 0 0 0 0 0 0 0 0 0 0 0 0 0 0 0 0 1 0 0 0 0 0 0 0 0 0 0 0 0 0 0 0 0 0 0 0 0]
[1819185091399664236217495759902836572934329577806317021220486606281258642961266119367305433256027324588178411200373654715050019199143499469367354164434220763894107399557838932191520599354602093963089111697018485598933112856088502899845437600679427937552299492907557159105883649133406215072089824648800508118135200603304340042625610 0 0 0 0 0 0 0 0 0 0 0 0 0 0 0 0 0 0 0 0 0 0 0 0 0 0 0 0 0 0 0 0 0 0 0 0 0 0 0 0 0 0 0 0 0 0 0 0 0 0 0 0 0 0 0 0 0 0 0 0 0 0 0 0 0 0 0 0 0 0 0 0 0 0 0 0 0 0 0 0 0 0 0 0 0 0 0 0 0 1 0 0 0 0 0 0 0 0 0 0 0 0 0 0 0 0 0 0 0]
[3838056430163851641624074539206711468288543067614122166532350286235588639441820132935587406378259698867981225661586449605675572769759169085280041578385665143587238270014001466344036448027318972038294244674884541778612398797593874088159326862018577041041195066869846917642733324626066232291249657844452723752531765710443015832321324 0 0 0 0 0 0 0 0 0 0 0 0 0 0 0 0 0 0 0 0 0 0 0 0 0 0 0 0 0 0 0 0 0 0 0 0 0 0 0 0 0 0 0 0 0 0 0 0 0 0 0 0 0 0 0 0 0 0 0 0 0 0 0 0 0 0 0 0 0 0 0 0 0 0 0 0 0 0 0 0 0 0 0 0 0 0 0 0 0 0 1 0 0 0 0 0 0 0 0 0 0 0 0 0 0 0 0 0 0]
[5088438220954589831344429634268367916193675267170023383735274062836169084688417342825524472660163500277220935221878251629954243487587431150160986473001868867621567929375152275116898038809699190074148116990233924378703553085265623127407495532887516574384284688065845298583089134762745631593798524287858090100563749606420984349564197 0 0 0 0 0 0 0 0 0 0 0 0 0 0 0 0 0 0 0 0 0 0 0 0 0 0 0 0 0 0 0 0 0 0 0 0 0 0 0 0 0 0 0 0 0 0 0 0 0 0 0 0 0 0 0 0 0 0 0 0 0 0 0 0 0 0 0 0 0 0 0 0 0 0 0 0 0 0 0 0 0 0 0 0 0 0 0 0 0 0 0 1 0 0 0 0 0 0 0 0 0 0 0 0 0 0 0 0 0]
[3418714804068653497469852913919867284902432560664474969532994191722682215877121891510116598217021507450690698943367357173543521452525061855973855038954928586798324955393805642987917454675391516581849222333322785022192577644971818561066341192713336050269025242050999887750332876406165282519563006909179548341216233716859160974408506 0 0 0 0 0 0 0 0 0 0 0 0 0 0 0 0 0 0 0 0 0 0 0 0 0 0 0 0 0 0 0 0 0 0 0 0 0 0 0 0 0 0 0 0 0 0 0 0 0 0 0 0 0 0 0 0 0 0 0 0 0 0 0 0 0 0 0 0 0 0 0 0 0 0 0 0 0 0 0 0 0 0 0 0 0 0 0 0 0 0 0 0 1 0 0 0 0 0 0 0 0 0 0 0 0 0 0 0 0]
[3360928625982495744433669816451523164708435733676093328755469135158251172373037200916380909552724367348226771549949420108791524695359858393330787335064411487443339048141233028469530467605304968938594881052051569245456274321104471493750226573871578073559256663279122812580396272197449512829242772313077934106481842234899883224213626 0 0 0 0 0 0 0 0 0 0 0 0 0 0 0 0 0 0 0 0 0 0 0 0 0 0 0 0 0 0 0 0 0 0 0 0 0 0 0 0 0 0 0 0 0 0 0 0 0 0 0 0 0 0 0 0 0 0 0 0 0 0 0 0 0 0 0 0 0 0 0 0 0 0 0 0 0 0 0 0 0 0 0 0 0 0 0 0 0 0 0 0 0 1 0 0 0 0 0 0 0 0 0 0 0 0 0 0 0]
[7654577504628852527979162396932428170108323702002678165381888608380597984871201022048297300525451017604219949449249349781643173483582847663618026628553603622504314940511231080988192045912708064878114475840500384610489406950765662361939662886058295395465514384781956974438638494216485383449819338858951571963008416489535916498299327 0 0 0 0 0 0 0 0 0 0 0 0 0 0 0 0 0 0 0 0 0 0 0 0 0 0 0 0 0 0 0 0 0 0 0 0 0 0 0 0 0 0 0 0 0 0 0 0 0 0 0 0 0 0 0 0 0 0 0 0 0 0 0 0 0 0 0 0 0 0 0 0 0 0 0 0 0 0 0 0 0 0 0 0 0 0 0 0 0 0 0 0 0 0 1 0 0 0 0 0 0 0 0 0 0 0 0 0 0]
[3279833623788054081040068120212048393261687337594039181603679542714151767248824706429381720787924722552289599678762806589790334805817146148496592601154457488223556614934460994250575546459713165879664661805162940073379566176749518441421029942841038724947209695475934912995292587745334901191573350005556719874039291720742813879871520 0 0 0 0 0 0 0 0 0 0 0 0 0 0 0 0 0 0 0 0 0 0 0 0 0 0 0 0 0 0 0 0 0 0 0 0 0 0 0 0 0 0 0 0 0 0 0 0 0 0 0 0 0 0 0 0 0 0 0 0 0 0 0 0 0 0 0 0 0 0 0 0 0 0 0 0 0 0 0 0 0 0 0 0 0 0 0 0 0 0 0 0 0 0 0 1 0 0 0 0 0 0 0 0 0 0 0 0 0]
[2280983731550628988244017070350828987551083444783111255329649284274755571396445981640774642728361657272347693596632402022535136985977442220656398353002644609973076610952250596495532245132867932221364990737613097197142660021805117766768443158639143481040678894858857764964909722449900783828276981895483597433426891359808596074276357 0 0 0 0 0 0 0 0 0 0 0 0 0 0 0 0 0 0 0 0 0 0 0 0 0 0 0 0 0 0 0 0 0 0 0 0 0 0 0 0 0 0 0 0 0 0 0 0 0 0 0 0 0 0 0 0 0 0 0 0 0 0 0 0 0 0 0 0 0 0 0 0 0 0 0 0 0 0 0 0 0 0 0 0 0 0 0 0 0 0 0 0 0 0 0 0 1 0 0 0 0 0 0 0 0 0 0 0 0]
[1041926810389543202231365065849286372844010138500942495951055001919365060811645543441035771933539715961816451847660702702912826033404048560496662634336889748708462307219189024730395444772908935754802539002049814643995564783726814547761616931374515998874505628035614908243736687750123059225898340700638715691433582137861528959052178 0 0 0 0 0 0 0 0 0 0 0 0 0 0 0 0 0 0 0 0 0 0 0 0 0 0 0 0 0 0 0 0 0 0 0 0 0 0 0 0 0 0 0 0 0 0 0 0 0 0 0 0 0 0 0 0 0 0 0 0 0 0 0 0 0 0 0 0 0 0 0 0 0 0 0 0 0 0 0 0 0 0 0 0 0 0 0 0 0 0 0 0 0 0 0 0 0 1 0 0 0 0 0 0 0 0 0 0 0]
[1211295401715472161619548641457660122132433083969561134208644255489055503515413643404163713483915960627261328962432692108132878278359059819390320816586029731974136368026741810266151821514087725079088324894056738327300984046156496171778078868314478678929418808369600930774362668835249397261980160283450981406326646565116585748062831 0 0 0 0 0 0 0 0 0 0 0 0 0 0 0 0 0 0 0 0 0 0 0 0 0 0 0 0 0 0 0 0 0 0 0 0 0 0 0 0 0 0 0 0 0 0 0 0 0 0 0 0 0 0 0 0 0 0 0 0 0 0 0 0 0 0 0 0 0 0 0 0 0 0 0 0 0 0 0 0 0 0 0 0 0 0 0 0 0 0 0 0 0 0 0 0 0 0 1 0 0 0 0 0 0 0 0 0 0]
[5984968163806131453491327724503845170412914119749874528385920494714995429881872716116636849262054427486961071939743581057265372987535525891312387226181340418723871134546015136736762139398235988345284173851123894908103992567911784500081467077954968349406583551890609848526936886552031931627159959694813390421791453646981049920749539 0 0 0 0 0 0 0 0 0 0 0 0 0 0 0 0 0 0 0 0 0 0 0 0 0 0 0 0 0 0 0 0 0 0 0 0 0 0 0 0 0 0 0 0 0 0 0 0 0 0 0 0 0 0 0 0 0 0 0 0 0 0 0 0 0 0 0 0 0 0 0 0 0 0 0 0 0 0 0 0 0 0 0 0 0 0 0 0 0 0 0 0 0 0 0 0 0 0 0 1 0 0 0 0 0 0 0 0 0]
[2609293098834990754258397280484796997094262882020244690661692015340472718644721517495637391223324481375212838518860551619759623445120844161544436750470186282087523775142459717784388825819699033730443191426402839254504126690313611083285564273220400310958696938585611707609121714931923634612854469960543719280032818689432332976714346 0 0 0 0 0 0 0 0 0 0 0 0 0 0 0 0 0 0 0 0 0 0 0 0 0 0 0 0 0 0 0 0 0 0 0 0 0 0 0 0 0 0 0 0 0 0 0 0 0 0 0 0 0 0 0 0 0 0 0 0 0 0 0 0 0 0 0 0 0 0 0 0 0 0 0 0 0 0 0 0 0 0 0 0 0 0 0 0 0 0 0 0 0 0 0 0 0 0 0 0 1 0 0 0 0 0 0 0 0]
[27122843353004652251950735855208756460392141397147115800592258440718502618682472175907731208406019529783341240423847921327465941470126617777808780371998312259198763023263010063657262815765015935456633001962949696366702527039820191929671884072672388366122432543510402316368688807358709356964735799160713005406642328108206833363695 0 0 0 0 0 0 0 0 0 0 0 0 0 0 0 0 0 0 0 0 0 0 0 0 0 0 0 0 0 0 0 0 0 0 0 0 0 0 0 0 0 0 0 0 0 0 0 0 0 0 0 0 0 0 0 0 0 0 0 0 0 0 0 0 0 0 0 0 0 0 0 0 0 0 0 0 0 0 0 0 0 0 0 0 0 0 0 0 0 0 0 0 0 0 0 0 0 0 0 0 0 1 0 0 0 0 0 0 0]
[5056720234181654039643171296194946568351847121813697859973646739994645930449902165592839792657477362009467331348992454322328429075020331774777882463091223069648768883685147828630554870998066577805965233592230040754418826785790758995710563787048369247637173785019457695695529498166486811188380505635083003504001133793269294125758947 0 0 0 0 0 0 0 0 0 0 0 0 0 0 0 0 0 0 0 0 0 0 0 0 0 0 0 0 0 0 0 0 0 0 0 0 0 0 0 0 0 0 0 0 0 0 0 0 0 0 0 0 0 0 0 0 0 0 0 0 0 0 0 0 0 0 0 0 0 0 0 0 0 0 0 0 0 0 0 0 0 0 0 0 0 0 0 0 0 0 0 0 0 0 0 0 0 0 0 0 0 0 1 0 0 0 0 0 0]
[7360711928720886896174540713738032630238953206299253274942132303493319952128133023891627336538358680284149079380664561819784549810226005587803101573883871093282957805882717605858508488824314673388215367698104784690259691261305196472776749335752438155467442674458399232810371680663175172713201523173701804336705424279052890261117353 0 0 0 0 0 0 0 0 0 0 0 0 0 0 0 0 0 0 0 0 0 0 0 0 0 0 0 0 0 0 0 0 0 0 0 0 0 0 0 0 0 0 0 0 0 0 0 0 0 0 0 0 0 0 0 0 0 0 0 0 0 0 0 0 0 0 0 0 0 0 0 0 0 0 0 0 0 0 0 0 0 0 0 0 0 0 0 0 0 0 0 0 0 0 0 0 0 0 0 0 0 0 0 1 0 0 0 0 0]
[7046848418840360631564163980351709851773564757526065946859339779647669616471324851240911488867142736317696837373333933634099302979596357338016070994199489951410495140748091105965078780968625687942978520950964262838199487396305648760996135138336458146562687489879852073091613616089936918191983746895386360644641879824508003910841394 0 0 0 0 0 0 0 0 0 0 0 0 0 0 0 0 0 0 0 0 0 0 0 0 0 0 0 0 0 0 0 0 0 0 0 0 0 0 0 0 0 0 0 0 0 0 0 0 0 0 0 0 0 0 0 0 0 0 0 0 0 0 0 0 0 0 0 0 0 0 0 0 0 0 0 0 0 0 0 0 0 0 0 0 0 0 0 0 0 0 0 0 0 0 0 0 0 0 0 0 0 0 0 0 1 0 0 0 0]
[4454516381477501148216524317953640401995576159255229057929284940018824900763191005034662592749398070014804950889701927230870397788017305055279144500560745109656570245077293389004733357253841075123140724775285185686182816304101485267986216428989812546835485315141844957801809169341336303317510688510840331834863376591867701712500480 0 0 0 0 0 0 0 0 0 0 0 0 0 0 0 0 0 0 0 0 0 0 0 0 0 0 0 0 0 0 0 0 0 0 0 0 0 0 0 0 0 0 0 0 0 0 0 0 0 0 0 0 0 0 0 0 0 0 0 0 0 0 0 0 0 0 0 0 0 0 0 0 0 0 0 0 0 0 0 0 0 0 0 0 0 0 0 0 0 0 0 0 0 0 0 0 0 0 0 0 0 0 0 0 0 1 0 0 0]
[4266057021204021679640717437387071227311513372273770311617329179552708821061946867330703845443868362531742585216626051717268271522954990454110813615643159134753004926566764164029529097429195696256789318198927926710855346203782194210623012348705929558218638243423168634469593029120819137211988201482036021628754451258283310343226789 0 0 0 0 0 0 0 0 0 0 0 0 0 0 0 0 0 0 0 0 0 0 0 0 0 0 0 0 0 0 0 0 0 0 0 0 0 0 0 0 0 0 0 0 0 0 0 0 0 0 0 0 0 0 0 0 0 0 0 0 0 0 0 0 0 0 0 0 0 0 0 0 0 0 0 0 0 0 0 0 0 0 0 0 0 0 0 0 0 0 0 0 0 0 0 0 0 0 0 0 0 0 0 0 0 0 1 0 0]
[2511599944292086459257440213705817336882296697767269353703652837779620467253361944412404403456548620663185616337100329952271058299766732979944467724041724341220043132351952729603581440607790827174004006588560848510340939800260525621633045610579303634206763011175956144857619256646197799956863594582803992176812315127682795190453442 0 0 0 0 0 0 0 0 0 0 0 0 0 0 0 0 0 0 0 0 0 0 0 0 0 0 0 0 0 0 0 0 0 0 0 0 0 0 0 0 0 0 0 0 0 0 0 0 0 0 0 0 0 0 0 0 0 0 0 0 0 0 0 0 0 0 0 0 0 0 0 0 0 0 0 0 0 0 0 0 0 0 0 0 0 0 0 0 0 0 0 0 0 0 0 0 0 0 0 0 0 0 0 0 0 0 0 1 0]
[2537375080935566232577529591313396549396611134370150902328066122006694363743933562139647243138932962395986573898400664193136037231892160287759222930096423987402603314201687720354464166080084321464812032011534313575756593096194790875822437643744317516039624091068138497633670322726188733019348740051550786984665833213524417556634808 0 0 0 0 0 0 0 0 0 0 0 0 0 0 0 0 0 0 0 0 0 0 0 0 0 0 0 0 0 0 0 0 0 0 0 0 0 0 0 0 0 0 0 0 0 0 0 0 0 0 0 0 0 0 0 0 0 0 0 0 0 0 0 0 0 0 0 0 0 0 0 0 0 0 0 0 0 0 0 0 0 0 0 0 0 0 0 0 0 0 0 0 0 0 0 0 0 0 0 0 0 0 0 0 0 0 0 0 1]
]
