[[1386857675518721925339502094275517791137638560149161368316911215823390794428848578217674768908736355251422605609475199091 0 0 0 0 0 0 0 0 0 0 0 0 0 0 0 0 0 0 0 0 0 0 0 0 0 0 0 0 0 0 0 0 0 0 0 0 0 0 0]
[1031603615276627046150706613603003050940456382281321775259903513749119837522594932062817437246657590758024119226733337267 1 0 0 0 0 0 0 0 0 0 0 0 0 0 0 0 0 0 0 0 0 0 0 0 0 0 0 0 0 0 0 0 0 0 0 0 0 0 0]
[350546914754332484414621108648041583055915823429527068977584068907618156255934030653865749977267275848142248513714832922 0 1 0 0 0 0 0 0 0 0 0 0 0 0 0 0 0 0 0 0 0 0 0 0 0 0 0 0 0 0 0 0 0 0 0 0 0 0 0]
[334526318370818538581665560155691309418434971147853378174285870789678367048689544542485594316550307024355494814393659550 0 0 1 0 0 0 0 0 0 0 0 0 0 0 0 0 0 0 0 0 0 0 0 0 0 0 0 0 0 0 0 0 0 0 0 0 0 0 0]
[729828540993667023088921786460928347395092155983703241143964104617055158181327660416283934426397454979529213825551989877 0 0 0 1 0 0 0 0 0 0 0 0 0 0 0 0 0 0 0 0 0 0 0 0 0 0 0 0 0 0 0 0 0 0 0 0 0 0 0]
[1058492087241280794055082210116203584695571312105279887556195623069239101324840810226340248514228863423399595657399284815 0 0 0 0 1 0 0 0 0 0 0 0 0 0 0 0 0 0 0 0 0 0 0 0 0 0 0 0 0 0 0 0 0 0 0 0 0 0 0]
[395179524229916687067012024055413395288805597532361852927120358343775831475959741910707485411468812070975015242055770873 0 0 0 0 0 1 0 0 0 0 0 0 0 0 0 0 0 0 0 0 0 0 0 0 0 0 0 0 0 0 0 0 0 0 0 0 0 0 0]
[487377606124057828361036969883019308632294933624216607104321834576222995154968041158610455088975125500329918508811923348 0 0 0 0 0 0 1 0 0 0 0 0 0 0 0 0 0 0 0 0 0 0 0 0 0 0 0 0 0 0 0 0 0 0 0 0 0 0 0]
[647988895691964318582583868408449515200989209108362011789600556844830000716959452873195879191412567441851576879469869715 0 0 0 0 0 0 0 1 0 0 0 0 0 0 0 0 0 0 0 0 0 0 0 0 0 0 0 0 0 0 0 0 0 0 0 0 0 0 0]
[1105006763118229411535587123250520389045106082144743119559796701546316191599546058751282043598224794728968229728290180341 0 0 0 0 0 0 0 0 1 0 0 0 0 0 0 0 0 0 0 0 0 0 0 0 0 0 0 0 0 0 0 0 0 0 0 0 0 0 0]
[550501613183057827441704509250329331466556843459131301894003178058354163133608432364153305221716926315493406586773978069 0 0 0 0 0 0 0 0 0 1 0 0 0 0 0 0 0 0 0 0 0 0 0 0 0 0 0 0 0 0 0 0 0 0 0 0 0 0 0]
[123356809452156608858219547322497066697082753313603454646250658655744390544096854726898855567737966818917568919896664621 0 0 0 0 0 0 0 0 0 0 1 0 0 0 0 0 0 0 0 0 0 0 0 0 0 0 0 0 0 0 0 0 0 0 0 0 0 0 0]
[363539226689773981055757920404644006578753932245450277690787662933472542579033638736329077859282707658573285356279573198 0 0 0 0 0 0 0 0 0 0 0 1 0 0 0 0 0 0 0 0 0 0 0 0 0 0 0 0 0 0 0 0 0 0 0 0 0 0 0]
[607534826721916984644725902264146991007540824413649848567892197250969947560845441716411838350774135876785556224507298584 0 0 0 0 0 0 0 0 0 0 0 0 1 0 0 0 0 0 0 0 0 0 0 0 0 0 0 0 0 0 0 0 0 0 0 0 0 0 0]
[337206584088704055822243358999796916248330494074938532449327463911165082922430820792568548341845221000149224308067360535 0 0 0 0 0 0 0 0 0 0 0 0 0 1 0 0 0 0 0 0 0 0 0 0 0 0 0 0 0 0 0 0 0 0 0 0 0 0 0]
[371977683831337238958702210221940239105495489402734712933591170296189569177021426497403695450917066623609173799558247863 0 0 0 0 0 0 0 0 0 0 0 0 0 0 1 0 0 0 0 0 0 0 0 0 0 0 0 0 0 0 0 0 0 0 0 0 0 0 0]
[809967300241112469455416546230632903238357825292269292935238909145816409880300342989615773765220784557710502123914846662 0 0 0 0 0 0 0 0 0 0 0 0 0 0 0 1 0 0 0 0 0 0 0 0 0 0 0 0 0 0 0 0 0 0 0 0 0 0 0]
[49241689842028041727617383746103717297951681893473793871464706439108516111610398505060112242716982557083318963358499988 0 0 0 0 0 0 0 0 0 0 0 0 0 0 0 0 1 0 0 0 0 0 0 0 0 0 0 0 0 0 0 0 0 0 0 0 0 0 0]
[267452026599551102929463893246255218365608890852113737353674005502909247080424363950186564573304262378618672170238865512 0 0 0 0 0 0 0 0 0 0 0 0 0 0 0 0 0 1 0 0 0 0 0 0 0 0 0 0 0 0 0 0 0 0 0 0 0 0 0]
[1021707465988839140779458088591223773465020813829887978665927293194142805044467046955664524807593866715071805922955682656 0 0 0 0 0 0 0 0 0 0 0 0 0 0 0 0 0 0 1 0 0 0 0 0 0 0 0 0 0 0 0 0 0 0 0 0 0 0 0]
[510954537891420074816816278381693541619655713959458050275571631484313408473352293243766418947590194413039818435231950405 0 0 0 0 0 0 0 0 0 0 0 0 0 0 0 0 0 0 0 1 0 0 0 0 0 0 0 0 0 0 0 0 0 0 0 0 0 0 0]
[29692394331192443494089922043284595354032660325836976878922439108836166015921780382600539001992817330489535603861209969 0 0 0 0 0 0 0 0 0 0 0 0 0 0 0 0 0 0 0 0 1 0 0 0 0 0 0 0 0 0 0 0 0 0 0 0 0 0 0]
[527787007155305708223412813916289679266052738976398222284643680677587588928997957067157008019435175401842167429242440273 0 0 0 0 0 0 0 0 0 0 0 0 0 0 0 0 0 0 0 0 0 1 0 0 0 0 0 0 0 0 0 0 0 0 0 0 0 0 0]
[92986085312205787403902602714780031207160915280782011913460866342977668623430913809535050261648567113404128363610615413 0 0 0 0 0 0 0 0 0 0 0 0 0 0 0 0 0 0 0 0 0 0 1 0 0 0 0 0 0 0 0 0 0 0 0 0 0 0 0]
[536029192719160396185876079130907867529473294369721130788350792176283546603153188315703425281971419421551708351522894360 0 0 0 0 0 0 0 0 0 0 0 0 0 0 0 0 0 0 0 0 0 0 0 1 0 0 0 0 0 0 0 0 0 0 0 0 0 0 0]
[1273760839706123169767358559181986953008768949902312931193593621729028646676470424998327844134522260832544882578415742552 0 0 0 0 0 0 0 0 0 0 0 0 0 0 0 0 0 0 0 0 0 0 0 0 1 0 0 0 0 0 0 0 0 0 0 0 0 0 0]
[642634912266839756759471456635218875754966808386357726066269494835158353224864281481465803912812684413219389386261942757 0 0 0 0 0 0 0 0 0 0 0 0 0 0 0 0 0 0 0 0 0 0 0 0 0 1 0 0 0 0 0 0 0 0 0 0 0 0 0]
[248879149498272354512541431210267570901899990080727851634532794575178079719428297985228311593139217929490618886815146992 0 0 0 0 0 0 0 0 0 0 0 0 0 0 0 0 0 0 0 0 0 0 0 0 0 0 1 0 0 0 0 0 0 0 0 0 0 0 0]
[37730684339285319906806470532346894390887304526498871812981410663862850849021013959629197594127249243940721271598520978 0 0 0 0 0 0 0 0 0 0 0 0 0 0 0 0 0 0 0 0 0 0 0 0 0 0 0 1 0 0 0 0 0 0 0 0 0 0 0]
[1370666581598361563005648616052608121646008784328503781244274925569301218909028842042995395488656698891144396008473730112 0 0 0 0 0 0 0 0 0 0 0 0 0 0 0 0 0 0 0 0 0 0 0 0 0 0 0 0 1 0 0 0 0 0 0 0 0 0 0]
[166752118718114545400282711008373890101790666870175192876549402878524273969175126207992987667577224747565160945550560010 0 0 0 0 0 0 0 0 0 0 0 0 0 0 0 0 0 0 0 0 0 0 0 0 0 0 0 0 0 1 0 0 0 0 0 0 0 0 0]
[1241184874688761407057504048094947777904697478491939265090183584231218220414073310019601618507601122423768391117206962694 0 0 0 0 0 0 0 0 0 0 0 0 0 0 0 0 0 0 0 0 0 0 0 0 0 0 0 0 0 0 1 0 0 0 0 0 0 0 0]
[1012053064088721052449462978943223724798893385430159442006924492996653134103692339449639938843721979063618049385645160530 0 0 0 0 0 0 0 0 0 0 0 0 0 0 0 0 0 0 0 0 0 0 0 0 0 0 0 0 0 0 0 1 0 0 0 0 0 0 0]
[308234083250682082829766493634842330325966360742953215473238953587228603034485209129357875311365516617358479567102193882 0 0 0 0 0 0 0 0 0 0 0 0 0 0 0 0 0 0 0 0 0 0 0 0 0 0 0 0 0 0 0 0 1 0 0 0 0 0 0]
[31671126738948168156484054583410777233326207992271996894232976716068198728242327668403111402120492855035437251276519850 0 0 0 0 0 0 0 0 0 0 0 0 0 0 0 0 0 0 0 0 0 0 0 0 0 0 0 0 0 0 0 0 0 1 0 0 0 0 0]
[822671856857717944501659333308385548590497951133425156576364985310553853803506716394632588628825838037407084492284878462 0 0 0 0 0 0 0 0 0 0 0 0 0 0 0 0 0 0 0 0 0 0 0 0 0 0 0 0 0 0 0 0 0 0 1 0 0 0 0]
[545872703840256859558323500837209061125541926934331470105368721842823426584020381872670453865393671515452035574725845662 0 0 0 0 0 0 0 0 0 0 0 0 0 0 0 0 0 0 0 0 0 0 0 0 0 0 0 0 0 0 0 0 0 0 0 1 0 0 0]
[643491638830908279865445572533187923567303096894558127706272613946319356184419638405268202590677017712157264904442443890 0 0 0 0 0 0 0 0 0 0 0 0 0 0 0 0 0 0 0 0 0 0 0 0 0 0 0 0 0 0 0 0 0 0 0 0 1 0 0]
[845411399596196340233683608427878295991697266136265059007361038558774450397484854218704894890208020081419324832782640436 0 0 0 0 0 0 0 0 0 0 0 0 0 0 0 0 0 0 0 0 0 0 0 0 0 0 0 0 0 0 0 0 0 0 0 0 0 1 0]
[1247529188203492338399861881380076497210830204169677221865661311625874768219380242682195033754951554930693786629651667195 0 0 0 0 0 0 0 0 0 0 0 0 0 0 0 0 0 0 0 0 0 0 0 0 0 0 0 0 0 0 0 0 0 0 0 0 0 0 1]
]
