[[4990599598080833005575478121435257377666013317416481509122022606127571653663931727659485564664090981808181594084258256024944170293524091024966646686418754051996939302646714275046842398884529672513597199197283807 0 0 0 0 0 0 0 0 0 0 0 0 0 0 0 0 0 0 0 0 0 0 0 0 0 0 0 0 0 0 0 0 0 0 0 0 0 0 0 0 0 0 0 0 0 0 0 0 0 0 0 0 0 0 0 0 0 0 0 0 0 0 0 0 0 0 0 0 0]
[2196880589407082181670717811961276001135910103318473196480730321983379515883031865011344251729708444309325298820812393870807563669259023508650508988913683000020161455723917806711402867523550713851905986310378669 1 0 0 0 0 0 0 0 0 0 0 0 0 0 0 0 0 0 0 0 0 0 0 0 0 0 0 0 0 0 0 0 0 0 0 0 0 0 0 0 0 0 0 0 0 0 0 0 0 0 0 0 0 0 0 0 0 0 0 0 0 0 0 0 0 0 0 0 0]
[4215219491907377293692742677351879623928220075854306089027071220957932758642372535413337874295123616665179957300932130373075868673896606904646313133540719950811232828079218373095867027760101614824824526989605607 0 1 0 0 0 0 0 0 0 0 0 0 0 0 0 0 0 0 0 0 0 0 0 0 0 0 0 0 0 0 0 0 0 0 0 0 0 0 0 0 0 0 0 0 0 0 0 0 0 0 0 0 0 0 0 0 0 0 0 0 0 0 0 0 0 0 0 0 0]
[410515404260744065175567787299715323361859069729117698064458315157629856777573485827231128047914159294265767403502150861576055550228844543705057264633934702192754865798249992019088708183929858628840211028487303 0 0 1 0 0 0 0 0 0 0 0 0 0 0 0 0 0 0 0 0 0 0 0 0 0 0 0 0 0 0 0 0 0 0 0 0 0 0 0 0 0 0 0 0 0 0 0 0 0 0 0 0 0 0 0 0 0 0 0 0 0 0 0 0 0 0 0 0 0]
[1840530727364358257204808186560304135345891750121369225666449441608011615422388646844068663340888845000110597209728208678745243304919834305051761383547848524571288079148480002498995364565027403754670341366047524 0 0 0 1 0 0 0 0 0 0 0 0 0 0 0 0 0 0 0 0 0 0 0 0 0 0 0 0 0 0 0 0 0 0 0 0 0 0 0 0 0 0 0 0 0 0 0 0 0 0 0 0 0 0 0 0 0 0 0 0 0 0 0 0 0 0 0 0 0]
[4717186328789153832639471604293239508914866130794318863911618675620422761781812621598834602559553095896690690566516511947807159976867453139305922167014717606587037114354122981404858759520945169393703845269663506 0 0 0 0 1 0 0 0 0 0 0 0 0 0 0 0 0 0 0 0 0 0 0 0 0 0 0 0 0 0 0 0 0 0 0 0 0 0 0 0 0 0 0 0 0 0 0 0 0 0 0 0 0 0 0 0 0 0 0 0 0 0 0 0 0 0 0 0 0]
[3205112728130843735260728428734462453864447895922358662992339129808365184142201993143649855805649052385575162395387332656457694450621251896447703057810451820455949576614463478061745598305983203813545683128421552 0 0 0 0 0 1 0 0 0 0 0 0 0 0 0 0 0 0 0 0 0 0 0 0 0 0 0 0 0 0 0 0 0 0 0 0 0 0 0 0 0 0 0 0 0 0 0 0 0 0 0 0 0 0 0 0 0 0 0 0 0 0 0 0 0 0 0 0 0]
[234629845281547529872115342074498489787636602090854552778825121047309273043151452064355059714260184044286872758630439961106422653250094299861322011402201256678374509388989573199404247973744891753297043201506948 0 0 0 0 0 0 1 0 0 0 0 0 0 0 0 0 0 0 0 0 0 0 0 0 0 0 0 0 0 0 0 0 0 0 0 0 0 0 0 0 0 0 0 0 0 0 0 0 0 0 0 0 0 0 0 0 0 0 0 0 0 0 0 0 0 0 0 0 0]
[1928975553099357518194778196199091958522963645532536403566224762156704820004570662343488089732759244326680873392167759216275507766137948776641495359305057176630724530447464826273202651618123697823700962308986126 0 0 0 0 0 0 0 1 0 0 0 0 0 0 0 0 0 0 0 0 0 0 0 0 0 0 0 0 0 0 0 0 0 0 0 0 0 0 0 0 0 0 0 0 0 0 0 0 0 0 0 0 0 0 0 0 0 0 0 0 0 0 0 0 0 0 0 0 0]
[1272256627501111688686938594470435989267187613325651833952331122411464207286960496465629221505173275286172256413884523774570195801037034254447413238291693526271079372413172692756960174731954038098980540382830062 0 0 0 0 0 0 0 0 1 0 0 0 0 0 0 0 0 0 0 0 0 0 0 0 0 0 0 0 0 0 0 0 0 0 0 0 0 0 0 0 0 0 0 0 0 0 0 0 0 0 0 0 0 0 0 0 0 0 0 0 0 0 0 0 0 0 0 0 0]
[4555955257239316541648960362721698786046348190780388159383008233664664850503620312101600110397234024924083410392513596620828056103709524430051913477927207220788638839489590774917742223806180657879227925942394315 0 0 0 0 0 0 0 0 0 1 0 0 0 0 0 0 0 0 0 0 0 0 0 0 0 0 0 0 0 0 0 0 0 0 0 0 0 0 0 0 0 0 0 0 0 0 0 0 0 0 0 0 0 0 0 0 0 0 0 0 0 0 0 0 0 0 0 0 0]
[532993716733314194914842311181301133435427230833785414409752089952312445341386370316846746447033494214536030500284637190016051452267209609165144131687562705233977562335829774471542820915527051201641986560787001 0 0 0 0 0 0 0 0 0 0 1 0 0 0 0 0 0 0 0 0 0 0 0 0 0 0 0 0 0 0 0 0 0 0 0 0 0 0 0 0 0 0 0 0 0 0 0 0 0 0 0 0 0 0 0 0 0 0 0 0 0 0 0 0 0 0 0 0 0]
[3394493959295631684940507003829383206841166664986786277925674687332167128383648317903432199335272423262816634969290242735843783139526468384725404222290788604166337644884672723696088505926934560762236170599037050 0 0 0 0 0 0 0 0 0 0 0 1 0 0 0 0 0 0 0 0 0 0 0 0 0 0 0 0 0 0 0 0 0 0 0 0 0 0 0 0 0 0 0 0 0 0 0 0 0 0 0 0 0 0 0 0 0 0 0 0 0 0 0 0 0 0 0 0 0]
[3642846551871897513439172402059485541431560674111847148112576787804660248944764325335676781358514017135795845260564402567227020132840202582647441898591799745216706472449925025423747288542842125212152928916484807 0 0 0 0 0 0 0 0 0 0 0 0 1 0 0 0 0 0 0 0 0 0 0 0 0 0 0 0 0 0 0 0 0 0 0 0 0 0 0 0 0 0 0 0 0 0 0 0 0 0 0 0 0 0 0 0 0 0 0 0 0 0 0 0 0 0 0 0 0]
[2059036818450948623411377262585590011642218006281040996205362284540500990893409016090223928317202122380456455287917000504940094018162808025241499855359284163866917479369200514345863019251454545871936384401711754 0 0 0 0 0 0 0 0 0 0 0 0 0 1 0 0 0 0 0 0 0 0 0 0 0 0 0 0 0 0 0 0 0 0 0 0 0 0 0 0 0 0 0 0 0 0 0 0 0 0 0 0 0 0 0 0 0 0 0 0 0 0 0 0 0 0 0 0 0]
[131489505333539867223303289372402948181033450633542883632906954761956563151235434794692255241038043214131224416240725189266640645248555368253679263077846564509657977666285391255024456129139439924275943331219081 0 0 0 0 0 0 0 0 0 0 0 0 0 0 1 0 0 0 0 0 0 0 0 0 0 0 0 0 0 0 0 0 0 0 0 0 0 0 0 0 0 0 0 0 0 0 0 0 0 0 0 0 0 0 0 0 0 0 0 0 0 0 0 0 0 0 0 0 0]
[2725125750560385476276498700657912388746667671552487086295433347710418341795773612833964254613582400511432906437450176017955859939374519183517868111817628610794758488030859868908996824136433018090003610689453439 0 0 0 0 0 0 0 0 0 0 0 0 0 0 0 1 0 0 0 0 0 0 0 0 0 0 0 0 0 0 0 0 0 0 0 0 0 0 0 0 0 0 0 0 0 0 0 0 0 0 0 0 0 0 0 0 0 0 0 0 0 0 0 0 0 0 0 0 0]
[4957197925794904268576689782471828302018576316743905213508131415690356592310491313648266684933980904525281998764583688112312470324622497736130410755098673023048295313235512474156841407352059327568722270428250787 0 0 0 0 0 0 0 0 0 0 0 0 0 0 0 0 1 0 0 0 0 0 0 0 0 0 0 0 0 0 0 0 0 0 0 0 0 0 0 0 0 0 0 0 0 0 0 0 0 0 0 0 0 0 0 0 0 0 0 0 0 0 0 0 0 0 0 0 0]
[4462743875689015412652046627842541692901917330798648945102767778001250264666456106316152413994339808232132543307588552686734367935431251736781368274291434455378957905066868785533036263458678565846136826733894967 0 0 0 0 0 0 0 0 0 0 0 0 0 0 0 0 0 1 0 0 0 0 0 0 0 0 0 0 0 0 0 0 0 0 0 0 0 0 0 0 0 0 0 0 0 0 0 0 0 0 0 0 0 0 0 0 0 0 0 0 0 0 0 0 0 0 0 0 0]
[4963487642609770621377651034595501125479628790482808475387113086626953566191261098221429760980396944140514027260620959335933100866130142332989144494120309826926734024714591461932422258320740039351297826289776719 0 0 0 0 0 0 0 0 0 0 0 0 0 0 0 0 0 0 1 0 0 0 0 0 0 0 0 0 0 0 0 0 0 0 0 0 0 0 0 0 0 0 0 0 0 0 0 0 0 0 0 0 0 0 0 0 0 0 0 0 0 0 0 0 0 0 0 0 0]
[2167334512126845542194022937395712957120639775442421903087878888486810293065222918029727949380588218828071169761500943506267396575071475083286951564547998522598094788715712780028134270746748748713376877262598193 0 0 0 0 0 0 0 0 0 0 0 0 0 0 0 0 0 0 0 1 0 0 0 0 0 0 0 0 0 0 0 0 0 0 0 0 0 0 0 0 0 0 0 0 0 0 0 0 0 0 0 0 0 0 0 0 0 0 0 0 0 0 0 0 0 0 0 0 0]
[4079512297976909894479669263916425624670026229428974660060421912210263164678268513555521688893010299265052981487306947091489381974507599366978083449610803570237155389067118465010252432203837274920799485647691203 0 0 0 0 0 0 0 0 0 0 0 0 0 0 0 0 0 0 0 0 1 0 0 0 0 0 0 0 0 0 0 0 0 0 0 0 0 0 0 0 0 0 0 0 0 0 0 0 0 0 0 0 0 0 0 0 0 0 0 0 0 0 0 0 0 0 0 0 0]
[3944199472834595319887398208392705811936122573421503650784327408702649699148801126545717401966400839830174407819297415026425010864004095063306501802114771210439385932724079166482756769883928039212763485982387017 0 0 0 0 0 0 0 0 0 0 0 0 0 0 0 0 0 0 0 0 0 1 0 0 0 0 0 0 0 0 0 0 0 0 0 0 0 0 0 0 0 0 0 0 0 0 0 0 0 0 0 0 0 0 0 0 0 0 0 0 0 0 0 0 0 0 0 0 0]
[3412959406130942834850880953822049641670393954614856285018931630813811181188245881396206448681237980332493618580186972162638643747105709659089626901008666397266290873021416557512794773471934393157025669538440778 0 0 0 0 0 0 0 0 0 0 0 0 0 0 0 0 0 0 0 0 0 0 1 0 0 0 0 0 0 0 0 0 0 0 0 0 0 0 0 0 0 0 0 0 0 0 0 0 0 0 0 0 0 0 0 0 0 0 0 0 0 0 0 0 0 0 0 0 0]
[1660434322692539591039363391282916072132639114423172522410580292470520800479069356563565023078004398959285275635000672281993992027903832598283903024454797202812228761181668066240728403459289867790767478545903755 0 0 0 0 0 0 0 0 0 0 0 0 0 0 0 0 0 0 0 0 0 0 0 1 0 0 0 0 0 0 0 0 0 0 0 0 0 0 0 0 0 0 0 0 0 0 0 0 0 0 0 0 0 0 0 0 0 0 0 0 0 0 0 0 0 0 0 0 0]
[1174778150512310653867649032592270937973086780951211902114586661091278191765122303450206023782005333236467398885834361805711217397695115805541136782432013096312862068671168026568709432698763181643652379320098897 0 0 0 0 0 0 0 0 0 0 0 0 0 0 0 0 0 0 0 0 0 0 0 0 1 0 0 0 0 0 0 0 0 0 0 0 0 0 0 0 0 0 0 0 0 0 0 0 0 0 0 0 0 0 0 0 0 0 0 0 0 0 0 0 0 0 0 0 0]
[1558905661194554562041487001180139452927230540270452071690691265175669038424192203892186564261358075200385611306829508635057403009585401019056883086944705260671343611223817542811792057584701531389356614696480096 0 0 0 0 0 0 0 0 0 0 0 0 0 0 0 0 0 0 0 0 0 0 0 0 0 1 0 0 0 0 0 0 0 0 0 0 0 0 0 0 0 0 0 0 0 0 0 0 0 0 0 0 0 0 0 0 0 0 0 0 0 0 0 0 0 0 0 0 0]
[296216274762152949939381407200259423157910971815735078650293875672571672280846964355956916995244215178361925704528620638886135642673918397249700207638947893011358802316669653526920925126344872340535226875802852 0 0 0 0 0 0 0 0 0 0 0 0 0 0 0 0 0 0 0 0 0 0 0 0 0 0 1 0 0 0 0 0 0 0 0 0 0 0 0 0 0 0 0 0 0 0 0 0 0 0 0 0 0 0 0 0 0 0 0 0 0 0 0 0 0 0 0 0 0]
[4931173194555912528847920878485705395391609062636664759109021527447364428697113394801833877629831267465738933513698214515532288968923071147132775656616049006216789924273360903026186255249499795208318561806388617 0 0 0 0 0 0 0 0 0 0 0 0 0 0 0 0 0 0 0 0 0 0 0 0 0 0 0 1 0 0 0 0 0 0 0 0 0 0 0 0 0 0 0 0 0 0 0 0 0 0 0 0 0 0 0 0 0 0 0 0 0 0 0 0 0 0 0 0 0]
[1496183377551754920629622617738671096912412911321748603783454815598600795865203121661802478797204554692933327719507567907512668016709714515107459018984570840732577452010578171366604986321754003520262546350376698 0 0 0 0 0 0 0 0 0 0 0 0 0 0 0 0 0 0 0 0 0 0 0 0 0 0 0 0 1 0 0 0 0 0 0 0 0 0 0 0 0 0 0 0 0 0 0 0 0 0 0 0 0 0 0 0 0 0 0 0 0 0 0 0 0 0 0 0 0]
[3024990485741158847539051931892414280698796772956491972007833689759535267936012803155678633722747310999029677396666629694052219253096712065786644066702929048543436574885392004958747268602148478015376673335668823 0 0 0 0 0 0 0 0 0 0 0 0 0 0 0 0 0 0 0 0 0 0 0 0 0 0 0 0 0 1 0 0 0 0 0 0 0 0 0 0 0 0 0 0 0 0 0 0 0 0 0 0 0 0 0 0 0 0 0 0 0 0 0 0 0 0 0 0 0]
[2810000219797019759851231083105665647513856687816619203933175876415731725987756491484193359114930892804172681259171039076371467903739683277278313910473965770965632618908588348574359137344842638341115191024197948 0 0 0 0 0 0 0 0 0 0 0 0 0 0 0 0 0 0 0 0 0 0 0 0 0 0 0 0 0 0 1 0 0 0 0 0 0 0 0 0 0 0 0 0 0 0 0 0 0 0 0 0 0 0 0 0 0 0 0 0 0 0 0 0 0 0 0 0 0]
[403123131990498426952450837630774400708943304231629791964874373025502019755613829747607502138989586032639719111516765189634501442197584357328248838781667656161654095178060280900552765099076341196546365786110436 0 0 0 0 0 0 0 0 0 0 0 0 0 0 0 0 0 0 0 0 0 0 0 0 0 0 0 0 0 0 0 1 0 0 0 0 0 0 0 0 0 0 0 0 0 0 0 0 0 0 0 0 0 0 0 0 0 0 0 0 0 0 0 0 0 0 0 0 0]
[3149511508411085131368206420420168352711324848991951082613375199169191899304017675089118037230968502775728197112212318316192470287272120529628751293359547642101178003247172212504909648980820602729665013902045537 0 0 0 0 0 0 0 0 0 0 0 0 0 0 0 0 0 0 0 0 0 0 0 0 0 0 0 0 0 0 0 0 1 0 0 0 0 0 0 0 0 0 0 0 0 0 0 0 0 0 0 0 0 0 0 0 0 0 0 0 0 0 0 0 0 0 0 0 0]
[2055560481587319627995931733207301405990675969617266689568813583201423752034106151657017889383435480453345487803634384005655133412522980341199476191334689630830649576532382901511736393185099631578460710923996540 0 0 0 0 0 0 0 0 0 0 0 0 0 0 0 0 0 0 0 0 0 0 0 0 0 0 0 0 0 0 0 0 0 1 0 0 0 0 0 0 0 0 0 0 0 0 0 0 0 0 0 0 0 0 0 0 0 0 0 0 0 0 0 0 0 0 0 0 0]
[4253725041011837496942632899503389355827517099473108309235678115892103661212465129650196124623347830188655041355753945703680385188938309254485736164563477187439707127673260605030009212589544487981513881237862669 0 0 0 0 0 0 0 0 0 0 0 0 0 0 0 0 0 0 0 0 0 0 0 0 0 0 0 0 0 0 0 0 0 0 1 0 0 0 0 0 0 0 0 0 0 0 0 0 0 0 0 0 0 0 0 0 0 0 0 0 0 0 0 0 0 0 0 0 0]
[4201648192470707153413943775271772312750967926352023720661136882033130354961735486644769177060302847829778877491105233894187247423947664166329067144853481084672845539039345804958583307329826798908280941356994857 0 0 0 0 0 0 0 0 0 0 0 0 0 0 0 0 0 0 0 0 0 0 0 0 0 0 0 0 0 0 0 0 0 0 0 1 0 0 0 0 0 0 0 0 0 0 0 0 0 0 0 0 0 0 0 0 0 0 0 0 0 0 0 0 0 0 0 0 0]
[2432968478419548822423481841112385681367720210952877643213233124603673766645635173699394065818211909373477559395822674255574131304302534784251891625957121541251997291465838250959325947445527833032099702144776448 0 0 0 0 0 0 0 0 0 0 0 0 0 0 0 0 0 0 0 0 0 0 0 0 0 0 0 0 0 0 0 0 0 0 0 0 1 0 0 0 0 0 0 0 0 0 0 0 0 0 0 0 0 0 0 0 0 0 0 0 0 0 0 0 0 0 0 0 0]
[1604355106796219976040022904502709965253620941373193669210645067608754760799446117638994704369854025119043348018434136075276940613944457143006930488442181764198817060535340367719838119040602333483930547656195725 0 0 0 0 0 0 0 0 0 0 0 0 0 0 0 0 0 0 0 0 0 0 0 0 0 0 0 0 0 0 0 0 0 0 0 0 0 1 0 0 0 0 0 0 0 0 0 0 0 0 0 0 0 0 0 0 0 0 0 0 0 0 0 0 0 0 0 0 0]
[3956500770256307409537115840696712963327558205068080293271272784171746044407885766661958495783808825709085784078769383145065064856023951207079783272560912740857224866739991768820543512042706435576003016564215806 0 0 0 0 0 0 0 0 0 0 0 0 0 0 0 0 0 0 0 0 0 0 0 0 0 0 0 0 0 0 0 0 0 0 0 0 0 0 1 0 0 0 0 0 0 0 0 0 0 0 0 0 0 0 0 0 0 0 0 0 0 0 0 0 0 0 0 0 0]
[2175664061549923690539508494568152308625195567314967335301212691446474960611906320984860387295515487898951846761210786076582132200885914117279435507846775077505513655061902665205525763915130723602571559421505815 0 0 0 0 0 0 0 0 0 0 0 0 0 0 0 0 0 0 0 0 0 0 0 0 0 0 0 0 0 0 0 0 0 0 0 0 0 0 0 1 0 0 0 0 0 0 0 0 0 0 0 0 0 0 0 0 0 0 0 0 0 0 0 0 0 0 0 0 0]
[4754881438378697053708405814679488937668790447988913497041582819117176169773653754649059062132581845512761849434084542247200541357243038193443045902744181606454324977404508999437890564809484792837692542463841087 0 0 0 0 0 0 0 0 0 0 0 0 0 0 0 0 0 0 0 0 0 0 0 0 0 0 0 0 0 0 0 0 0 0 0 0 0 0 0 0 1 0 0 0 0 0 0 0 0 0 0 0 0 0 0 0 0 0 0 0 0 0 0 0 0 0 0 0 0]
[2840941286879897352278769587700147373303298310886117775909062463957364461063968981144199778693511794215548565121337210539142876929928600268381413387631663949010861018360835352685708561383137646023375771057662500 0 0 0 0 0 0 0 0 0 0 0 0 0 0 0 0 0 0 0 0 0 0 0 0 0 0 0 0 0 0 0 0 0 0 0 0 0 0 0 0 0 1 0 0 0 0 0 0 0 0 0 0 0 0 0 0 0 0 0 0 0 0 0 0 0 0 0 0 0]
[4176868997912195887040477266179530897448155529246386438888048822148959885352367151189572755885980077130849400599917081694023807063250335059136895006625915897665230486953544786311308412577390583639662260959942955 0 0 0 0 0 0 0 0 0 0 0 0 0 0 0 0 0 0 0 0 0 0 0 0 0 0 0 0 0 0 0 0 0 0 0 0 0 0 0 0 0 0 1 0 0 0 0 0 0 0 0 0 0 0 0 0 0 0 0 0 0 0 0 0 0 0 0 0 0]
[3097487746843896488042565118010403674737030783315056868807443235574346043106739861726382381384965483288001633915499664667804643085147188858274943213239114150334969775241301773785036822206480216717085207601567174 0 0 0 0 0 0 0 0 0 0 0 0 0 0 0 0 0 0 0 0 0 0 0 0 0 0 0 0 0 0 0 0 0 0 0 0 0 0 0 0 0 0 0 1 0 0 0 0 0 0 0 0 0 0 0 0 0 0 0 0 0 0 0 0 0 0 0 0 0]
[2066239626420469375606659588074167917742201099463186945494202120443630428728267441541168272243808516488892458876993427698900155957497051763631070092917817744464853874115798755390223740245893269664940979722350720 0 0 0 0 0 0 0 0 0 0 0 0 0 0 0 0 0 0 0 0 0 0 0 0 0 0 0 0 0 0 0 0 0 0 0 0 0 0 0 0 0 0 0 0 1 0 0 0 0 0 0 0 0 0 0 0 0 0 0 0 0 0 0 0 0 0 0 0 0]
[740628611570379942097850117470414624744489798401249835831680382065153050739139631683474339768004717865866968393881948435154102749496523290524311475728348340800954637887784924693520053289745783664764886356398528 0 0 0 0 0 0 0 0 0 0 0 0 0 0 0 0 0 0 0 0 0 0 0 0 0 0 0 0 0 0 0 0 0 0 0 0 0 0 0 0 0 0 0 0 0 1 0 0 0 0 0 0 0 0 0 0 0 0 0 0 0 0 0 0 0 0 0 0 0]
[3179521678402774196564949606535549057653267100467376630453736445206190626315006167610569431972731782317972750293563201360392112355007038061418659213265325240065270050637274948880606570020194489047196570599323434 0 0 0 0 0 0 0 0 0 0 0 0 0 0 0 0 0 0 0 0 0 0 0 0 0 0 0 0 0 0 0 0 0 0 0 0 0 0 0 0 0 0 0 0 0 0 1 0 0 0 0 0 0 0 0 0 0 0 0 0 0 0 0 0 0 0 0 0 0]
[3941377730066723585008336278276903909632545409653756423250250567814523281590201443013787711626668560985770242343966003195401682805825465701167729028599018555247221445772209355894513850432133606176720362822639762 0 0 0 0 0 0 0 0 0 0 0 0 0 0 0 0 0 0 0 0 0 0 0 0 0 0 0 0 0 0 0 0 0 0 0 0 0 0 0 0 0 0 0 0 0 0 0 1 0 0 0 0 0 0 0 0 0 0 0 0 0 0 0 0 0 0 0 0 0]
[1173338345937641788287934499751077635960468972710042164549532560587445742154135948658270231943378953164376916798789832947969531604261182726682022048915145059183487317393677274806624624063692136861290981328911160 0 0 0 0 0 0 0 0 0 0 0 0 0 0 0 0 0 0 0 0 0 0 0 0 0 0 0 0 0 0 0 0 0 0 0 0 0 0 0 0 0 0 0 0 0 0 0 0 1 0 0 0 0 0 0 0 0 0 0 0 0 0 0 0 0 0 0 0 0]
[3585493542631382397823936284827664716123185881067716031540375418791616260187841680289516949005314213981903604541806165770564270133747583841454152843200348747709584838185206311904043387442344367608070693522580903 0 0 0 0 0 0 0 0 0 0 0 0 0 0 0 0 0 0 0 0 0 0 0 0 0 0 0 0 0 0 0 0 0 0 0 0 0 0 0 0 0 0 0 0 0 0 0 0 0 1 0 0 0 0 0 0 0 0 0 0 0 0 0 0 0 0 0 0 0]
[1966122388088592092958252262342529714786956435021632128332967231644064989604751913179105003049316759643603956783178779456945805369088794732036322577742119489318252325283217134579392561742320572641244220842310954 0 0 0 0 0 0 0 0 0 0 0 0 0 0 0 0 0 0 0 0 0 0 0 0 0 0 0 0 0 0 0 0 0 0 0 0 0 0 0 0 0 0 0 0 0 0 0 0 0 0 1 0 0 0 0 0 0 0 0 0 0 0 0 0 0 0 0 0 0]
[1219726820841145491426484717156672864226430159838655964938556499422400472665394165693265770954005190056431379884352178933932716124178882214073337832836398280093870849873937610295371676336145574897594129793894703 0 0 0 0 0 0 0 0 0 0 0 0 0 0 0 0 0 0 0 0 0 0 0 0 0 0 0 0 0 0 0 0 0 0 0 0 0 0 0 0 0 0 0 0 0 0 0 0 0 0 0 1 0 0 0 0 0 0 0 0 0 0 0 0 0 0 0 0 0]
[1349500953491420759801526652791338878976326994796427852026166923419353320664660546538950808700967592222540596880171649389740067504004323681319780290281699920380285775484121418947668421239556381980760107630433070 0 0 0 0 0 0 0 0 0 0 0 0 0 0 0 0 0 0 0 0 0 0 0 0 0 0 0 0 0 0 0 0 0 0 0 0 0 0 0 0 0 0 0 0 0 0 0 0 0 0 0 0 1 0 0 0 0 0 0 0 0 0 0 0 0 0 0 0 0]
[3481589469557739260032965435524735362794633288659712889046913643665471571461453183292745300560381514906653644296468957057756377488519109310936202112710381044492187624654081880931214211573725369598085404883351700 0 0 0 0 0 0 0 0 0 0 0 0 0 0 0 0 0 0 0 0 0 0 0 0 0 0 0 0 0 0 0 0 0 0 0 0 0 0 0 0 0 0 0 0 0 0 0 0 0 0 0 0 0 1 0 0 0 0 0 0 0 0 0 0 0 0 0 0 0]
[2377788547118569440365138301869877193918936396794801518614472609842741119671330460316972168557402817817437250719657674593419969221293814286565219307883200232471049415435328404699122167301480603601785342256677429 0 0 0 0 0 0 0 0 0 0 0 0 0 0 0 0 0 0 0 0 0 0 0 0 0 0 0 0 0 0 0 0 0 0 0 0 0 0 0 0 0 0 0 0 0 0 0 0 0 0 0 0 0 0 1 0 0 0 0 0 0 0 0 0 0 0 0 0 0]
[3992750695474307704319380160540326188939620005910568377078531462953371506330532566053921595242895477743335260385160165683150102456660106224993490499102065659414036690806481185661012431764234732022871359150768006 0 0 0 0 0 0 0 0 0 0 0 0 0 0 0 0 0 0 0 0 0 0 0 0 0 0 0 0 0 0 0 0 0 0 0 0 0 0 0 0 0 0 0 0 0 0 0 0 0 0 0 0 0 0 0 1 0 0 0 0 0 0 0 0 0 0 0 0 0]
[4651689624540363407749143054047363665126788717966737713200645883689038082507161058984232282350336210899591351154172733994347513159193803675491316429667165021853583582203595207850049194914112317188706991509223935 0 0 0 0 0 0 0 0 0 0 0 0 0 0 0 0 0 0 0 0 0 0 0 0 0 0 0 0 0 0 0 0 0 0 0 0 0 0 0 0 0 0 0 0 0 0 0 0 0 0 0 0 0 0 0 0 1 0 0 0 0 0 0 0 0 0 0 0 0]
[4077707621044687529093595029209936363466852808848800602958089763581009886777139756752130959251464910817698761639100683680113946758636427683392753106932647465002396779281721530624419164622242089705378344687387653 0 0 0 0 0 0 0 0 0 0 0 0 0 0 0 0 0 0 0 0 0 0 0 0 0 0 0 0 0 0 0 0 0 0 0 0 0 0 0 0 0 0 0 0 0 0 0 0 0 0 0 0 0 0 0 0 0 1 0 0 0 0 0 0 0 0 0 0 0]
[3057722241500835683842399835899488414369143595084065155828054368501226247513435145204421072250147785805824309524697315910405155423272149393124014746953663195582457396159803587665452232029529788691654141748281101 0 0 0 0 0 0 0 0 0 0 0 0 0 0 0 0 0 0 0 0 0 0 0 0 0 0 0 0 0 0 0 0 0 0 0 0 0 0 0 0 0 0 0 0 0 0 0 0 0 0 0 0 0 0 0 0 0 0 1 0 0 0 0 0 0 0 0 0 0]
[190740560370900889372052772376701019787893062440777847401950675410375384253151536504632494095712682930696435831127726548340155701372128782416474733093417539389720612472913444754102456406844122021258447100278982 0 0 0 0 0 0 0 0 0 0 0 0 0 0 0 0 0 0 0 0 0 0 0 0 0 0 0 0 0 0 0 0 0 0 0 0 0 0 0 0 0 0 0 0 0 0 0 0 0 0 0 0 0 0 0 0 0 0 0 1 0 0 0 0 0 0 0 0 0]
[4428878499212603594473235492359096388954660909166222984968766696050796449271276519098924082188226527830904869709411800934486685704569971185612851759984502262576373641428649979443512730005459643097030732327346454 0 0 0 0 0 0 0 0 0 0 0 0 0 0 0 0 0 0 0 0 0 0 0 0 0 0 0 0 0 0 0 0 0 0 0 0 0 0 0 0 0 0 0 0 0 0 0 0 0 0 0 0 0 0 0 0 0 0 0 0 1 0 0 0 0 0 0 0 0]
[4616049546402517094492373669895891037178690267750187775984565845676550469066078794450984076524517676749935318914816532587776397183066143763324107425102999456487943756312407090654430754913612866357116122323042313 0 0 0 0 0 0 0 0 0 0 0 0 0 0 0 0 0 0 0 0 0 0 0 0 0 0 0 0 0 0 0 0 0 0 0 0 0 0 0 0 0 0 0 0 0 0 0 0 0 0 0 0 0 0 0 0 0 0 0 0 0 1 0 0 0 0 0 0 0]
[2153185811946441916386777602855843003492691403051895966539249467249403476511484335546351338773540208342352286763323764709931295792872949149106684625082518423570854401692475153220814558798598224736266161985602825 0 0 0 0 0 0 0 0 0 0 0 0 0 0 0 0 0 0 0 0 0 0 0 0 0 0 0 0 0 0 0 0 0 0 0 0 0 0 0 0 0 0 0 0 0 0 0 0 0 0 0 0 0 0 0 0 0 0 0 0 0 0 1 0 0 0 0 0 0]
[1288259269271022550228590398003130277464120395159938425573895253385797951766535927858582863605521932683582937335812026908786377983198720694406429772573385136772285304614065514919945820723272110286842605498041221 0 0 0 0 0 0 0 0 0 0 0 0 0 0 0 0 0 0 0 0 0 0 0 0 0 0 0 0 0 0 0 0 0 0 0 0 0 0 0 0 0 0 0 0 0 0 0 0 0 0 0 0 0 0 0 0 0 0 0 0 0 0 0 1 0 0 0 0 0]
[4731387452891173811524340150496995556163570744163149711580948399136591078884773057017026227915589164251821355890383894069730336027455115651090556981667802136082959430403364100369213833960355027788425524663297708 0 0 0 0 0 0 0 0 0 0 0 0 0 0 0 0 0 0 0 0 0 0 0 0 0 0 0 0 0 0 0 0 0 0 0 0 0 0 0 0 0 0 0 0 0 0 0 0 0 0 0 0 0 0 0 0 0 0 0 0 0 0 0 0 1 0 0 0 0]
[4180526675370362962116452561875674669289707904530324382993652998933359725401390493593412624834157296809934716223096406447179704081040894774170889974323467550115901222402964475758628985469961494919423597248870296 0 0 0 0 0 0 0 0 0 0 0 0 0 0 0 0 0 0 0 0 0 0 0 0 0 0 0 0 0 0 0 0 0 0 0 0 0 0 0 0 0 0 0 0 0 0 0 0 0 0 0 0 0 0 0 0 0 0 0 0 0 0 0 0 0 1 0 0 0]
[1881532428059616783247695476091133629389758403999638532098127969877143293089137126639009647121759238109215293986974293785363403714086094000692855012102404124803754210128553658509450551874117292489957222834065182 0 0 0 0 0 0 0 0 0 0 0 0 0 0 0 0 0 0 0 0 0 0 0 0 0 0 0 0 0 0 0 0 0 0 0 0 0 0 0 0 0 0 0 0 0 0 0 0 0 0 0 0 0 0 0 0 0 0 0 0 0 0 0 0 0 0 1 0 0]
[4441130561494497157562043311241676408735447178947392356795192872599474784898060102897725705902258852459669737118170859265586097536167895782928805216013373023229501884171444222046213332092328665512198034858936840 0 0 0 0 0 0 0 0 0 0 0 0 0 0 0 0 0 0 0 0 0 0 0 0 0 0 0 0 0 0 0 0 0 0 0 0 0 0 0 0 0 0 0 0 0 0 0 0 0 0 0 0 0 0 0 0 0 0 0 0 0 0 0 0 0 0 0 1 0]
[1508490025315578340198458354944015574032028623360624014696466233117485018128666889006545223200411178064146536093485867487803650433234861590690702706519801334729484052907624699282928428409486056314271592138115020 0 0 0 0 0 0 0 0 0 0 0 0 0 0 0 0 0 0 0 0 0 0 0 0 0 0 0 0 0 0 0 0 0 0 0 0 0 0 0 0 0 0 0 0 0 0 0 0 0 0 0 0 0 0 0 0 0 0 0 0 0 0 0 0 0 0 0 0 1]
]
