[[1322724410062427559341902320760591019040460602648465263573042293944092073900968473448781753850401762434308255147017460651 0 0 0 0 0 0 0 0 0 0 0 0 0 0 0 0 0 0 0 0 0 0 0 0 0 0 0 0 0 0 0 0 0 0 0 0 0 0 0]
[1094428562524926107505309975493441503062837662643376724685726059188201537362630490398490400575140804535082511684462667629 1 0 0 0 0 0 0 0 0 0 0 0 0 0 0 0 0 0 0 0 0 0 0 0 0 0 0 0 0 0 0 0 0 0 0 0 0 0 0]
[847486420749834761888910861160516956146774979302130712998969830746681391541427488426214333551304831376294086958279210965 0 1 0 0 0 0 0 0 0 0 0 0 0 0 0 0 0 0 0 0 0 0 0 0 0 0 0 0 0 0 0 0 0 0 0 0 0 0 0]
[73643133522615455965521655250653162852450017427057075711455771207140245629442555749062616028782399739979545292029894770 0 0 1 0 0 0 0 0 0 0 0 0 0 0 0 0 0 0 0 0 0 0 0 0 0 0 0 0 0 0 0 0 0 0 0 0 0 0 0]
[304786858688418638005866551724938882540920591834320199136588628944682620319208894304847522371810557351496603627818381799 0 0 0 1 0 0 0 0 0 0 0 0 0 0 0 0 0 0 0 0 0 0 0 0 0 0 0 0 0 0 0 0 0 0 0 0 0 0 0]
[490558409077290173262780660403196795337458931617184083817807020741249409503288822798855823989882475241959439726691398800 0 0 0 0 1 0 0 0 0 0 0 0 0 0 0 0 0 0 0 0 0 0 0 0 0 0 0 0 0 0 0 0 0 0 0 0 0 0 0]
[257936289819759175271276615051262755777601181769296891046489002912087356611185561298983567734122929859440729086157025527 0 0 0 0 0 1 0 0 0 0 0 0 0 0 0 0 0 0 0 0 0 0 0 0 0 0 0 0 0 0 0 0 0 0 0 0 0 0 0]
[1074308763683760572703770673503456279171043674997897185995732101941530986130675796659988151716392522036421403601913816802 0 0 0 0 0 0 1 0 0 0 0 0 0 0 0 0 0 0 0 0 0 0 0 0 0 0 0 0 0 0 0 0 0 0 0 0 0 0 0]
[126813155593168428847878505014412530463632114833179932259868772870390313003661043915092309823248177998259334586156474865 0 0 0 0 0 0 0 1 0 0 0 0 0 0 0 0 0 0 0 0 0 0 0 0 0 0 0 0 0 0 0 0 0 0 0 0 0 0 0]
[998521973088928786830020560923114069078166022107861548019361745437463538863083087608001193704647198369119511802272229801 0 0 0 0 0 0 0 0 1 0 0 0 0 0 0 0 0 0 0 0 0 0 0 0 0 0 0 0 0 0 0 0 0 0 0 0 0 0 0]
[656035302496145269823188621013627543472597450332346520542698211873357910381355513256187799775496914136381276221205638034 0 0 0 0 0 0 0 0 0 1 0 0 0 0 0 0 0 0 0 0 0 0 0 0 0 0 0 0 0 0 0 0 0 0 0 0 0 0 0]
[890025566411776098237805240415150315097689303385249696779417747476936176273947110636685211563501597478264830792717973904 0 0 0 0 0 0 0 0 0 0 1 0 0 0 0 0 0 0 0 0 0 0 0 0 0 0 0 0 0 0 0 0 0 0 0 0 0 0 0]
[275042885749107229557322651150935462593651646190652177252955056241143608900305785516091498968299245920696453542152364987 0 0 0 0 0 0 0 0 0 0 0 1 0 0 0 0 0 0 0 0 0 0 0 0 0 0 0 0 0 0 0 0 0 0 0 0 0 0 0]
[1141166094556807583119595488494409672223188353268077061633201623059474188564257340680637491297884597336964331607302480562 0 0 0 0 0 0 0 0 0 0 0 0 1 0 0 0 0 0 0 0 0 0 0 0 0 0 0 0 0 0 0 0 0 0 0 0 0 0 0]
[413974345575009620527900210864460875471910201031207463849201475898815010621418198796128877808061669870214908407990176464 0 0 0 0 0 0 0 0 0 0 0 0 0 1 0 0 0 0 0 0 0 0 0 0 0 0 0 0 0 0 0 0 0 0 0 0 0 0 0]
[223521184903760512056919037977751617744760289654854606934442746261659118538592354632716175436534840809348023380547013377 0 0 0 0 0 0 0 0 0 0 0 0 0 0 1 0 0 0 0 0 0 0 0 0 0 0 0 0 0 0 0 0 0 0 0 0 0 0 0]
[636001408007790772626256130765208898823245310549177087037548476524516849607915008249623312399768270548922731961821124294 0 0 0 0 0 0 0 0 0 0 0 0 0 0 0 1 0 0 0 0 0 0 0 0 0 0 0 0 0 0 0 0 0 0 0 0 0 0 0]
[278763361083563656792047067253625712953755556874937418196702647284634299791930315914818167865630011534747546654294161056 0 0 0 0 0 0 0 0 0 0 0 0 0 0 0 0 1 0 0 0 0 0 0 0 0 0 0 0 0 0 0 0 0 0 0 0 0 0 0]
[254258730113830058645156863804441554424456067978350235795423420753017636917444371414666582425221094453433157226753929484 0 0 0 0 0 0 0 0 0 0 0 0 0 0 0 0 0 1 0 0 0 0 0 0 0 0 0 0 0 0 0 0 0 0 0 0 0 0 0]
[303503994964456045976366883787897168715224396710217932273012975708598898025439306667115610113760079829228689492778988701 0 0 0 0 0 0 0 0 0 0 0 0 0 0 0 0 0 0 1 0 0 0 0 0 0 0 0 0 0 0 0 0 0 0 0 0 0 0 0]
[94819940597442155579760973995537516700375944426324348251284338905995699436830421811773369651386597037872658448465994778 0 0 0 0 0 0 0 0 0 0 0 0 0 0 0 0 0 0 0 1 0 0 0 0 0 0 0 0 0 0 0 0 0 0 0 0 0 0 0]
[678852901342627667496576409981857523602227742678880089619684231266196725070389988632775787560047604154546509869987563054 0 0 0 0 0 0 0 0 0 0 0 0 0 0 0 0 0 0 0 0 1 0 0 0 0 0 0 0 0 0 0 0 0 0 0 0 0 0 0]
[614349069136516346211049903193434130291684040929604433650324035520677719699817042317812358227504386239010644673194432348 0 0 0 0 0 0 0 0 0 0 0 0 0 0 0 0 0 0 0 0 0 1 0 0 0 0 0 0 0 0 0 0 0 0 0 0 0 0 0]
[1018863757792512974288239782557646497941303576984551261080998964657744260226278374275618692594513472960894003104998917431 0 0 0 0 0 0 0 0 0 0 0 0 0 0 0 0 0 0 0 0 0 0 1 0 0 0 0 0 0 0 0 0 0 0 0 0 0 0 0]
[286693046973094843934263885055801488119884549955656384661038666414414089591639785379495963651302330228940294381149223485 0 0 0 0 0 0 0 0 0 0 0 0 0 0 0 0 0 0 0 0 0 0 0 1 0 0 0 0 0 0 0 0 0 0 0 0 0 0 0]
[819059987287399157523916922319833022709162344570152479440138330694582783392667415220747982162551089801605095795703979845 0 0 0 0 0 0 0 0 0 0 0 0 0 0 0 0 0 0 0 0 0 0 0 0 1 0 0 0 0 0 0 0 0 0 0 0 0 0 0]
[697902004208902184877476990337807574072203992902903138389344841541783350091244191261877070065403706134888077765349067162 0 0 0 0 0 0 0 0 0 0 0 0 0 0 0 0 0 0 0 0 0 0 0 0 0 1 0 0 0 0 0 0 0 0 0 0 0 0 0]
[395072063406976780678274873642818847819554148042472642135880849107553292402904750799205707124840764584292954678449936147 0 0 0 0 0 0 0 0 0 0 0 0 0 0 0 0 0 0 0 0 0 0 0 0 0 0 1 0 0 0 0 0 0 0 0 0 0 0 0]
[173188560196468164540043015482388717905896365442246123921226337482839009031827429146386837495775931607773899102923932516 0 0 0 0 0 0 0 0 0 0 0 0 0 0 0 0 0 0 0 0 0 0 0 0 0 0 0 1 0 0 0 0 0 0 0 0 0 0 0]
[760668386401337887177033144133858279958833794613376491247216065448163086662492388802875331271969356384032562259886203575 0 0 0 0 0 0 0 0 0 0 0 0 0 0 0 0 0 0 0 0 0 0 0 0 0 0 0 0 1 0 0 0 0 0 0 0 0 0 0]
[1067151887997325307573643195640075821525828515205376956575456645884610028862394151156086979627301318139963049101961169024 0 0 0 0 0 0 0 0 0 0 0 0 0 0 0 0 0 0 0 0 0 0 0 0 0 0 0 0 0 1 0 0 0 0 0 0 0 0 0]
[996092905369740593746541173831650076404947041606122195316003681484203031786472342900481507070487235989082788320480927464 0 0 0 0 0 0 0 0 0 0 0 0 0 0 0 0 0 0 0 0 0 0 0 0 0 0 0 0 0 0 1 0 0 0 0 0 0 0 0]
[611576589699415597862034721944198249800070061917056735303228478281521639609234484614957963122906338908726068454671078888 0 0 0 0 0 0 0 0 0 0 0 0 0 0 0 0 0 0 0 0 0 0 0 0 0 0 0 0 0 0 0 1 0 0 0 0 0 0 0]
[533356595431808172361618561643525889507322136883475779098188787233820226626427870524578336478812601141237808657856474427 0 0 0 0 0 0 0 0 0 0 0 0 0 0 0 0 0 0 0 0 0 0 0 0 0 0 0 0 0 0 0 0 1 0 0 0 0 0 0]
[145448355461710791462387100640943191046726251834520084463703284062110106287589286661476948810951012714781871258207956043 0 0 0 0 0 0 0 0 0 0 0 0 0 0 0 0 0 0 0 0 0 0 0 0 0 0 0 0 0 0 0 0 0 1 0 0 0 0 0]
[272486115234868051708349124710832890069471463734874674665221847424072195126204251816104407183437804659646970091991994031 0 0 0 0 0 0 0 0 0 0 0 0 0 0 0 0 0 0 0 0 0 0 0 0 0 0 0 0 0 0 0 0 0 0 1 0 0 0 0]
[856121052373228352820292252711895535098961987347001427857762445657249892608255887271813070177249781276406541848450019210 0 0 0 0 0 0 0 0 0 0 0 0 0 0 0 0 0 0 0 0 0 0 0 0 0 0 0 0 0 0 0 0 0 0 0 1 0 0 0]
[56580155431297974301176831205873835864246194649229645375058521378434974969513592230725213760932021237394164929344825100 0 0 0 0 0 0 0 0 0 0 0 0 0 0 0 0 0 0 0 0 0 0 0 0 0 0 0 0 0 0 0 0 0 0 0 0 1 0 0]
[1292054059867869193904079178907874631332077543387250054635594671535224883207005954121273485209732095656573876693137305611 0 0 0 0 0 0 0 0 0 0 0 0 0 0 0 0 0 0 0 0 0 0 0 0 0 0 0 0 0 0 0 0 0 0 0 0 0 1 0]
[240556415101567407699065785992994545363687801952608651939230738070350111264767816347431931686459976377217259616081113024 0 0 0 0 0 0 0 0 0 0 0 0 0 0 0 0 0 0 0 0 0 0 0 0 0 0 0 0 0 0 0 0 0 0 0 0 0 0 1]
]
