[[10252524966708047508981434528613872710761283553545619596537478313653167534237604924511675745732333096388296697839070469858374800414300596314366790522046370211189442907555699908132012000079842049657691781951111144450632282916105180143429576231151067066046086249729658655690701792228296483715929751415001 0 0 0 0 0 0 0 0 0 0 0 0 0 0 0 0 0 0 0 0 0 0 0 0 0 0 0 0 0 0 0 0 0 0 0 0 0 0 0 0 0 0 0 0 0 0 0 0 0 0 0 0 0 0 0 0 0 0 0 0 0 0 0 0 0 0 0 0 0 0 0 0 0 0 0 0 0 0 0 0 0 0 0 0 0 0 0 0 0 0 0 0 0 0 0 0 0 0 0]
[3878178901961274285095309739484046113756926014076189481105603780934800060387906433757607489246875870226255097553177420490542395904478860605341903887266253917121343363041842943569371521594870866825199251797748833330028511882043933275056232350698103911792514093008429243890888883836251846056351252417346 1 0 0 0 0 0 0 0 0 0 0 0 0 0 0 0 0 0 0 0 0 0 0 0 0 0 0 0 0 0 0 0 0 0 0 0 0 0 0 0 0 0 0 0 0 0 0 0 0 0 0 0 0 0 0 0 0 0 0 0 0 0 0 0 0 0 0 0 0 0 0 0 0 0 0 0 0 0 0 0 0 0 0 0 0 0 0 0 0 0 0 0 0 0 0 0 0 0 0]
[5971199228576741873191089744714160930643446065531789359525202882880136977905289464345051787864717989897241903316070527688119861289008653490292248222502025875666151277224306633728111176030550688636492202266648582905610510697632271415774761043391777909202722081677854764038550415122760533307625813479436 0 1 0 0 0 0 0 0 0 0 0 0 0 0 0 0 0 0 0 0 0 0 0 0 0 0 0 0 0 0 0 0 0 0 0 0 0 0 0 0 0 0 0 0 0 0 0 0 0 0 0 0 0 0 0 0 0 0 0 0 0 0 0 0 0 0 0 0 0 0 0 0 0 0 0 0 0 0 0 0 0 0 0 0 0 0 0 0 0 0 0 0 0 0 0 0 0 0 0]
[6136416419786654690476602918020304816534092091968293407653467682254330799003211125380858002912309617320280545847768627597901791061061411063925736946376478043385135839185043987770791639637098868143802509830581507410019629324051320115151487136419169339719223125918455489297733897816886296481871087415233 0 0 1 0 0 0 0 0 0 0 0 0 0 0 0 0 0 0 0 0 0 0 0 0 0 0 0 0 0 0 0 0 0 0 0 0 0 0 0 0 0 0 0 0 0 0 0 0 0 0 0 0 0 0 0 0 0 0 0 0 0 0 0 0 0 0 0 0 0 0 0 0 0 0 0 0 0 0 0 0 0 0 0 0 0 0 0 0 0 0 0 0 0 0 0 0 0 0 0]
[6985887073587412459146559858425805094205061340471747700948629223148697052338527228157967139834585371272637378023066036462380251738925123430105187296244270891840263816872153878387751597789345944169640383385553180343186973131862183358263372021815138234685276155124882706661826443935616986928092744834682 0 0 0 1 0 0 0 0 0 0 0 0 0 0 0 0 0 0 0 0 0 0 0 0 0 0 0 0 0 0 0 0 0 0 0 0 0 0 0 0 0 0 0 0 0 0 0 0 0 0 0 0 0 0 0 0 0 0 0 0 0 0 0 0 0 0 0 0 0 0 0 0 0 0 0 0 0 0 0 0 0 0 0 0 0 0 0 0 0 0 0 0 0 0 0 0 0 0 0]
[9994580135398549816045086053971089282390660925242604957316312211412125679288858662329130101383105450178940534432673068359907839433248567731441425068041125120241210334862125390689625798117847906465170120161432918741835139520570437178797882169823028476384498048161165220248587669625344635038774688550378 0 0 0 0 1 0 0 0 0 0 0 0 0 0 0 0 0 0 0 0 0 0 0 0 0 0 0 0 0 0 0 0 0 0 0 0 0 0 0 0 0 0 0 0 0 0 0 0 0 0 0 0 0 0 0 0 0 0 0 0 0 0 0 0 0 0 0 0 0 0 0 0 0 0 0 0 0 0 0 0 0 0 0 0 0 0 0 0 0 0 0 0 0 0 0 0 0 0 0]
[2232695163697583834640361012695160911105085106551396637287943212797278411723933606408301069797637739831412761063984280197972587673562370202606680357361853512798837509673543903512882750915306484351858229683409358546902000703574208940467620056477099171522304172210985803355892329325176800617264203034726 0 0 0 0 0 1 0 0 0 0 0 0 0 0 0 0 0 0 0 0 0 0 0 0 0 0 0 0 0 0 0 0 0 0 0 0 0 0 0 0 0 0 0 0 0 0 0 0 0 0 0 0 0 0 0 0 0 0 0 0 0 0 0 0 0 0 0 0 0 0 0 0 0 0 0 0 0 0 0 0 0 0 0 0 0 0 0 0 0 0 0 0 0 0 0 0 0 0 0]
[8498116043560707581731255973221519306981704963008540206623475139381983431898190653288324292082476196422049860723568271057887018508002165757660419289151828951112877293786896268629673319862517922137447303662515846645991488652549445496387102368603139001082360935491555288371289053179209135993585735008130 0 0 0 0 0 0 1 0 0 0 0 0 0 0 0 0 0 0 0 0 0 0 0 0 0 0 0 0 0 0 0 0 0 0 0 0 0 0 0 0 0 0 0 0 0 0 0 0 0 0 0 0 0 0 0 0 0 0 0 0 0 0 0 0 0 0 0 0 0 0 0 0 0 0 0 0 0 0 0 0 0 0 0 0 0 0 0 0 0 0 0 0 0 0 0 0 0 0 0]
[9596778057244312699737306605074063989893976319778859759357696412489592180950491605525416511015603236703511747238963540996160360940593323241349390517940276235415554852329784149029124646491271734531448310289915935035362523065388333487504792784263153617119458394533207437835276765994886592982727386801008 0 0 0 0 0 0 0 1 0 0 0 0 0 0 0 0 0 0 0 0 0 0 0 0 0 0 0 0 0 0 0 0 0 0 0 0 0 0 0 0 0 0 0 0 0 0 0 0 0 0 0 0 0 0 0 0 0 0 0 0 0 0 0 0 0 0 0 0 0 0 0 0 0 0 0 0 0 0 0 0 0 0 0 0 0 0 0 0 0 0 0 0 0 0 0 0 0 0 0]
[7592591933477488889872941513496565221459871237905205877931383305746979122869277301783231589825187446711637143371716137728118921241628633898338021332923644422955709637234909689278207362913224563398893483581628789906929610336695758222274537173748750357352567323786473527681247583736816546431949129661493 0 0 0 0 0 0 0 0 1 0 0 0 0 0 0 0 0 0 0 0 0 0 0 0 0 0 0 0 0 0 0 0 0 0 0 0 0 0 0 0 0 0 0 0 0 0 0 0 0 0 0 0 0 0 0 0 0 0 0 0 0 0 0 0 0 0 0 0 0 0 0 0 0 0 0 0 0 0 0 0 0 0 0 0 0 0 0 0 0 0 0 0 0 0 0 0 0 0 0]
[300644108253335042520118097166358762298325940785849184443953259779149132992976036550999715085283633186538066340303070739958259183230271594046458024018753105458731025318099632318790030814677882576935128875435891263470536644803629575865084256438724254948379193341025525028970806450271200398712976497943 0 0 0 0 0 0 0 0 0 1 0 0 0 0 0 0 0 0 0 0 0 0 0 0 0 0 0 0 0 0 0 0 0 0 0 0 0 0 0 0 0 0 0 0 0 0 0 0 0 0 0 0 0 0 0 0 0 0 0 0 0 0 0 0 0 0 0 0 0 0 0 0 0 0 0 0 0 0 0 0 0 0 0 0 0 0 0 0 0 0 0 0 0 0 0 0 0 0 0]
[7958136537205992736583350148565873720400172205517880569759793125943907624505091216021048412559424565482013592726642472127887875461434063448321989377708150989763885519795420597792465432522244789623992083856475754332183610946247907231607917996471347015637225106136368487923086024134099235648676750264643 0 0 0 0 0 0 0 0 0 0 1 0 0 0 0 0 0 0 0 0 0 0 0 0 0 0 0 0 0 0 0 0 0 0 0 0 0 0 0 0 0 0 0 0 0 0 0 0 0 0 0 0 0 0 0 0 0 0 0 0 0 0 0 0 0 0 0 0 0 0 0 0 0 0 0 0 0 0 0 0 0 0 0 0 0 0 0 0 0 0 0 0 0 0 0 0 0 0 0]
[1373531242807003499769872471793442044931935166462250283394217935778952355713390168647511190422850794000880278623925971973193061508710037843938612988500080621375581343582075506731572067831440913456112423587978870305819180366832613402606201373782662698010896368026272244551603481761864732335024079091865 0 0 0 0 0 0 0 0 0 0 0 1 0 0 0 0 0 0 0 0 0 0 0 0 0 0 0 0 0 0 0 0 0 0 0 0 0 0 0 0 0 0 0 0 0 0 0 0 0 0 0 0 0 0 0 0 0 0 0 0 0 0 0 0 0 0 0 0 0 0 0 0 0 0 0 0 0 0 0 0 0 0 0 0 0 0 0 0 0 0 0 0 0 0 0 0 0 0 0]
[4389926569028105588624637319453288827422986201796785974451799864857973242823364504908635163807962285033327124708527942422583270847234160997347682847892836788687870239854073412558434481676974636370854702819888678343089190125215033542146100862242727788648909097149743149752119754991255990453318654456408 0 0 0 0 0 0 0 0 0 0 0 0 1 0 0 0 0 0 0 0 0 0 0 0 0 0 0 0 0 0 0 0 0 0 0 0 0 0 0 0 0 0 0 0 0 0 0 0 0 0 0 0 0 0 0 0 0 0 0 0 0 0 0 0 0 0 0 0 0 0 0 0 0 0 0 0 0 0 0 0 0 0 0 0 0 0 0 0 0 0 0 0 0 0 0 0 0 0 0]
[8731422411777514187212018551787781900202520043856850466199541583054982982508735655868083744951229451992177232308173881689402497956732872737874666086094604161491629753638930250347502985768651010473460677765867506199165910992635500922959544272141372862097769805014557920857375496438150115316115827609374 0 0 0 0 0 0 0 0 0 0 0 0 0 1 0 0 0 0 0 0 0 0 0 0 0 0 0 0 0 0 0 0 0 0 0 0 0 0 0 0 0 0 0 0 0 0 0 0 0 0 0 0 0 0 0 0 0 0 0 0 0 0 0 0 0 0 0 0 0 0 0 0 0 0 0 0 0 0 0 0 0 0 0 0 0 0 0 0 0 0 0 0 0 0 0 0 0 0 0]
[4198369999995044441932131831325597961204307866176169083904748620305101127082837123660124028739296743641202862028414211044538853903455337988476429047521551786296482206220071567819340587808037582959914299789091227545006589613725100324359307651869542420687326694697783209285489442042835125465137080678406 0 0 0 0 0 0 0 0 0 0 0 0 0 0 1 0 0 0 0 0 0 0 0 0 0 0 0 0 0 0 0 0 0 0 0 0 0 0 0 0 0 0 0 0 0 0 0 0 0 0 0 0 0 0 0 0 0 0 0 0 0 0 0 0 0 0 0 0 0 0 0 0 0 0 0 0 0 0 0 0 0 0 0 0 0 0 0 0 0 0 0 0 0 0 0 0 0 0 0]
[2055292503767307977008737849460237062869292255670742710583746477241682276272862940712112739777725917403309775529789485710773627057956604128915793410337458123842953444881917318002316297593521161957715576700646711232633904044383559199301085021013721998074140102184951059639675103804946366099698907294766 0 0 0 0 0 0 0 0 0 0 0 0 0 0 0 1 0 0 0 0 0 0 0 0 0 0 0 0 0 0 0 0 0 0 0 0 0 0 0 0 0 0 0 0 0 0 0 0 0 0 0 0 0 0 0 0 0 0 0 0 0 0 0 0 0 0 0 0 0 0 0 0 0 0 0 0 0 0 0 0 0 0 0 0 0 0 0 0 0 0 0 0 0 0 0 0 0 0 0]
[6849801254014411057471626781478250749801128756988891544453661739683179105103382429431515664472417813237331140074629070960479293867601636839408515038797513729324244120832948772153421993185334295366154572895323928643564700265215833742853655419169479642945792342976912040215810626184152107947629189038010 0 0 0 0 0 0 0 0 0 0 0 0 0 0 0 0 1 0 0 0 0 0 0 0 0 0 0 0 0 0 0 0 0 0 0 0 0 0 0 0 0 0 0 0 0 0 0 0 0 0 0 0 0 0 0 0 0 0 0 0 0 0 0 0 0 0 0 0 0 0 0 0 0 0 0 0 0 0 0 0 0 0 0 0 0 0 0 0 0 0 0 0 0 0 0 0 0 0 0]
[311272968639587463026631977774406095896020446943942273940271961289227011470337527049456644818833605090903781423246937204028391826375838350625394323455673090837862995459792930278158913523867445484730388334641206357571766533699193823443945077847292857665665401298243865913272623175482217349203421671678 0 0 0 0 0 0 0 0 0 0 0 0 0 0 0 0 0 1 0 0 0 0 0 0 0 0 0 0 0 0 0 0 0 0 0 0 0 0 0 0 0 0 0 0 0 0 0 0 0 0 0 0 0 0 0 0 0 0 0 0 0 0 0 0 0 0 0 0 0 0 0 0 0 0 0 0 0 0 0 0 0 0 0 0 0 0 0 0 0 0 0 0 0 0 0 0 0 0 0]
[5928256812918458466199530224564703179856850658054808039552777853454714933469472252278441405610866724936273434106994911093188121428553233453869276556038333130163382818694661461082314060356331884508672431685186003572702919625426254702266667648605540405552484343182666370090172955374443348399369837911059 0 0 0 0 0 0 0 0 0 0 0 0 0 0 0 0 0 0 1 0 0 0 0 0 0 0 0 0 0 0 0 0 0 0 0 0 0 0 0 0 0 0 0 0 0 0 0 0 0 0 0 0 0 0 0 0 0 0 0 0 0 0 0 0 0 0 0 0 0 0 0 0 0 0 0 0 0 0 0 0 0 0 0 0 0 0 0 0 0 0 0 0 0 0 0 0 0 0 0]
[9688300241538904539850154689564038216500563563394747968282069483859385687914404831177416260432823203353835679203316085425486347971792709302413567563986909513101517498166724357029106402523385529933187348050432217731059235063601131438489432925291383517767775777511554057793195057437624239526307463086505 0 0 0 0 0 0 0 0 0 0 0 0 0 0 0 0 0 0 0 1 0 0 0 0 0 0 0 0 0 0 0 0 0 0 0 0 0 0 0 0 0 0 0 0 0 0 0 0 0 0 0 0 0 0 0 0 0 0 0 0 0 0 0 0 0 0 0 0 0 0 0 0 0 0 0 0 0 0 0 0 0 0 0 0 0 0 0 0 0 0 0 0 0 0 0 0 0 0 0]
[9697698243639241880279985155499888899297822379619215729661514132210013937926820039752028829719758893269898066586810486951804964947841738622684079269549438487310652168714442716946877285885827934176553285125914539070370204470709102539594211254683918716939471666521108470413479156277257887527525720360112 0 0 0 0 0 0 0 0 0 0 0 0 0 0 0 0 0 0 0 0 1 0 0 0 0 0 0 0 0 0 0 0 0 0 0 0 0 0 0 0 0 0 0 0 0 0 0 0 0 0 0 0 0 0 0 0 0 0 0 0 0 0 0 0 0 0 0 0 0 0 0 0 0 0 0 0 0 0 0 0 0 0 0 0 0 0 0 0 0 0 0 0 0 0 0 0 0 0 0]
[6308261870138617208086601862983677806441500307107318144827819989964871205334901194638479445957254943145428388680785872681376885387732532533283751109590983028035711877808840812588420810758983476185352080345191287226070862182286523708270559655123490919183701387999995959488901861989213715687910553187390 0 0 0 0 0 0 0 0 0 0 0 0 0 0 0 0 0 0 0 0 0 1 0 0 0 0 0 0 0 0 0 0 0 0 0 0 0 0 0 0 0 0 0 0 0 0 0 0 0 0 0 0 0 0 0 0 0 0 0 0 0 0 0 0 0 0 0 0 0 0 0 0 0 0 0 0 0 0 0 0 0 0 0 0 0 0 0 0 0 0 0 0 0 0 0 0 0 0 0]
[4618653299993474170327954693335104886774019431699574023078665512141959046921652198480962580976417912831902069207356809208802953946774420890851251183735465732290230958179434589175217105524366062420059111769188696571812244814563325656781244805031694438514651300222142784375163816387362872485493247833311 0 0 0 0 0 0 0 0 0 0 0 0 0 0 0 0 0 0 0 0 0 0 1 0 0 0 0 0 0 0 0 0 0 0 0 0 0 0 0 0 0 0 0 0 0 0 0 0 0 0 0 0 0 0 0 0 0 0 0 0 0 0 0 0 0 0 0 0 0 0 0 0 0 0 0 0 0 0 0 0 0 0 0 0 0 0 0 0 0 0 0 0 0 0 0 0 0 0 0]
[8702704253989046038989061119754449144505295526526468609776252962785498074515834894349700276098898325791004471476858709509340229369007954828666716497918737239852083957797435688946356267164250794756800303764831875891317253721790444532576931709674286732877863590854738412893457213697388074649026746964014 0 0 0 0 0 0 0 0 0 0 0 0 0 0 0 0 0 0 0 0 0 0 0 1 0 0 0 0 0 0 0 0 0 0 0 0 0 0 0 0 0 0 0 0 0 0 0 0 0 0 0 0 0 0 0 0 0 0 0 0 0 0 0 0 0 0 0 0 0 0 0 0 0 0 0 0 0 0 0 0 0 0 0 0 0 0 0 0 0 0 0 0 0 0 0 0 0 0 0]
[1578971846394744137681992397476554881806426126483200739394312038038663006298529331619516321255824615634631604290733356070240276338953897241695240042517449179909630242410834999652211964792676411296404430511027593508259086878130823351080638953286281010475451865769576872294619976712235348199832788939678 0 0 0 0 0 0 0 0 0 0 0 0 0 0 0 0 0 0 0 0 0 0 0 0 1 0 0 0 0 0 0 0 0 0 0 0 0 0 0 0 0 0 0 0 0 0 0 0 0 0 0 0 0 0 0 0 0 0 0 0 0 0 0 0 0 0 0 0 0 0 0 0 0 0 0 0 0 0 0 0 0 0 0 0 0 0 0 0 0 0 0 0 0 0 0 0 0 0 0]
[9799188034606615432646955903096434143088817425616364386903551735480938684259323953738947075426769203674344773593060829892301735468245121428471561702280797242037280377836039822131732825430029890897668239264181839828345964871648258719018259778807623129734619035706087050435351373221551154562719707016242 0 0 0 0 0 0 0 0 0 0 0 0 0 0 0 0 0 0 0 0 0 0 0 0 0 1 0 0 0 0 0 0 0 0 0 0 0 0 0 0 0 0 0 0 0 0 0 0 0 0 0 0 0 0 0 0 0 0 0 0 0 0 0 0 0 0 0 0 0 0 0 0 0 0 0 0 0 0 0 0 0 0 0 0 0 0 0 0 0 0 0 0 0 0 0 0 0 0 0]
[492895713138863565974130456302678036698613851978037118821732419467662538465378044248746886670620621658161850460425594976138257482505359764174332656626742431921509548210979063459104543890799840368813280687887241420672184180050428773713125089964220642566633063531094165784352165916194128555034217621108 0 0 0 0 0 0 0 0 0 0 0 0 0 0 0 0 0 0 0 0 0 0 0 0 0 0 1 0 0 0 0 0 0 0 0 0 0 0 0 0 0 0 0 0 0 0 0 0 0 0 0 0 0 0 0 0 0 0 0 0 0 0 0 0 0 0 0 0 0 0 0 0 0 0 0 0 0 0 0 0 0 0 0 0 0 0 0 0 0 0 0 0 0 0 0 0 0 0 0]
[7615655558035389013218245631657660247272323761861893114801265828784177136329261180772477031499939289296743770720430405076325935670325441617492165114865307122130217121150963771507083044972792419346446375944022362170847300929426392468857461210365146136626118672144660025183055139656562981289538036846994 0 0 0 0 0 0 0 0 0 0 0 0 0 0 0 0 0 0 0 0 0 0 0 0 0 0 0 1 0 0 0 0 0 0 0 0 0 0 0 0 0 0 0 0 0 0 0 0 0 0 0 0 0 0 0 0 0 0 0 0 0 0 0 0 0 0 0 0 0 0 0 0 0 0 0 0 0 0 0 0 0 0 0 0 0 0 0 0 0 0 0 0 0 0 0 0 0 0 0]
[1815580051203820073454643067414428928388879652737241351760377653796865795184838296469521245566789783856045136614529990915930051969323572037584619026872463275873850131982973640127098094124793096671645762068529145186651815103338569842256553683833733935858712149459936791666048715190133425661053610385130 0 0 0 0 0 0 0 0 0 0 0 0 0 0 0 0 0 0 0 0 0 0 0 0 0 0 0 0 1 0 0 0 0 0 0 0 0 0 0 0 0 0 0 0 0 0 0 0 0 0 0 0 0 0 0 0 0 0 0 0 0 0 0 0 0 0 0 0 0 0 0 0 0 0 0 0 0 0 0 0 0 0 0 0 0 0 0 0 0 0 0 0 0 0 0 0 0 0 0]
[6519492109072242470947427649454839353553241890829025060582497654576333826568111865896980869969520422614051439975577517716758637185552571048300596276121898635034177143278585169903402199867572392033263962623743000046097203353529963058894322935030993378147475946409069874894204115294025686826026313580579 0 0 0 0 0 0 0 0 0 0 0 0 0 0 0 0 0 0 0 0 0 0 0 0 0 0 0 0 0 1 0 0 0 0 0 0 0 0 0 0 0 0 0 0 0 0 0 0 0 0 0 0 0 0 0 0 0 0 0 0 0 0 0 0 0 0 0 0 0 0 0 0 0 0 0 0 0 0 0 0 0 0 0 0 0 0 0 0 0 0 0 0 0 0 0 0 0 0 0]
[2800166887688281192139588869500939230002359222123789944689616188051250214219068834310712517353473254581301013235538749340626705249795295627167148197610219967279429385168968191373276149846759012552524908158204377794465643154491232607151391011588201732187646101998932387225951234201750099418690293590919 0 0 0 0 0 0 0 0 0 0 0 0 0 0 0 0 0 0 0 0 0 0 0 0 0 0 0 0 0 0 1 0 0 0 0 0 0 0 0 0 0 0 0 0 0 0 0 0 0 0 0 0 0 0 0 0 0 0 0 0 0 0 0 0 0 0 0 0 0 0 0 0 0 0 0 0 0 0 0 0 0 0 0 0 0 0 0 0 0 0 0 0 0 0 0 0 0 0 0]
[1103616017647621484929099953121450088348936575511492533393209453518602107384381866509282601858282412379522997950436708524534149692039808969180893881317334033453430205516807810900784454112258289305684833903821439396212821550937461629548277913172699836372803349957687320590794746275005086036097488383004 0 0 0 0 0 0 0 0 0 0 0 0 0 0 0 0 0 0 0 0 0 0 0 0 0 0 0 0 0 0 0 1 0 0 0 0 0 0 0 0 0 0 0 0 0 0 0 0 0 0 0 0 0 0 0 0 0 0 0 0 0 0 0 0 0 0 0 0 0 0 0 0 0 0 0 0 0 0 0 0 0 0 0 0 0 0 0 0 0 0 0 0 0 0 0 0 0 0 0]
[2641990328681810980578826252253081725077105565318849581683771166175896170973895605858866466838409501125798575534097699715427996739962689684611971201634209873167259469591714143549330937658981371022338521468344392785854391581525768328475641394070452013981391991906858577285013513586777094929240459856254 0 0 0 0 0 0 0 0 0 0 0 0 0 0 0 0 0 0 0 0 0 0 0 0 0 0 0 0 0 0 0 0 1 0 0 0 0 0 0 0 0 0 0 0 0 0 0 0 0 0 0 0 0 0 0 0 0 0 0 0 0 0 0 0 0 0 0 0 0 0 0 0 0 0 0 0 0 0 0 0 0 0 0 0 0 0 0 0 0 0 0 0 0 0 0 0 0 0 0]
[2192477533465660763009538298056159821648064443097867748887972390793638091460331411419502383761063890223024770335259796218838246866394978645295168164742049475644020111742220602225113008403820816405373030996661712189471926732399653257999563634432235825814596077767837838528532807276817896397840672134793 0 0 0 0 0 0 0 0 0 0 0 0 0 0 0 0 0 0 0 0 0 0 0 0 0 0 0 0 0 0 0 0 0 1 0 0 0 0 0 0 0 0 0 0 0 0 0 0 0 0 0 0 0 0 0 0 0 0 0 0 0 0 0 0 0 0 0 0 0 0 0 0 0 0 0 0 0 0 0 0 0 0 0 0 0 0 0 0 0 0 0 0 0 0 0 0 0 0 0]
[1709582451658217955667213490688325547660379703457313514649608926904313661936133367917534000538435598789676223276071068039382356222391246346653215019118109751432705086554567138149185471361479563265416028647954247016877840979479047239680759846369645588317032342321767068790132007736363785305437199636450 0 0 0 0 0 0 0 0 0 0 0 0 0 0 0 0 0 0 0 0 0 0 0 0 0 0 0 0 0 0 0 0 0 0 1 0 0 0 0 0 0 0 0 0 0 0 0 0 0 0 0 0 0 0 0 0 0 0 0 0 0 0 0 0 0 0 0 0 0 0 0 0 0 0 0 0 0 0 0 0 0 0 0 0 0 0 0 0 0 0 0 0 0 0 0 0 0 0 0]
[6852047589565078401444187072480188332990977100466576166174790231384061543673272283718863323947819374142290301220870054857929398057468795077108727522135122968993839981583917070345180544727991836639509906094988011128081271407675912919068775209781194815680829130585072143194965590417646027466338880116630 0 0 0 0 0 0 0 0 0 0 0 0 0 0 0 0 0 0 0 0 0 0 0 0 0 0 0 0 0 0 0 0 0 0 0 1 0 0 0 0 0 0 0 0 0 0 0 0 0 0 0 0 0 0 0 0 0 0 0 0 0 0 0 0 0 0 0 0 0 0 0 0 0 0 0 0 0 0 0 0 0 0 0 0 0 0 0 0 0 0 0 0 0 0 0 0 0 0 0]
[2232917668066599511952165601723832373854240954527086639360005907688634496055101997628379521287974323912374166953683104383797842246458466772199985749143652662021089515597566890590252584297193323383920535730823276444279497835792154149304945827889422449399461743022362636265530318867065644864598906700863 0 0 0 0 0 0 0 0 0 0 0 0 0 0 0 0 0 0 0 0 0 0 0 0 0 0 0 0 0 0 0 0 0 0 0 0 1 0 0 0 0 0 0 0 0 0 0 0 0 0 0 0 0 0 0 0 0 0 0 0 0 0 0 0 0 0 0 0 0 0 0 0 0 0 0 0 0 0 0 0 0 0 0 0 0 0 0 0 0 0 0 0 0 0 0 0 0 0 0]
[3872410087966456349334841232002015988865954279309750272651305627182955313984885036842316023527126120803306110682964057304130136129126449547025977974482973317467295922782412841705674868903664187795845000652330829622703911550742650959848813812809451062961228380467538110905446046192535448192891701094649 0 0 0 0 0 0 0 0 0 0 0 0 0 0 0 0 0 0 0 0 0 0 0 0 0 0 0 0 0 0 0 0 0 0 0 0 0 1 0 0 0 0 0 0 0 0 0 0 0 0 0 0 0 0 0 0 0 0 0 0 0 0 0 0 0 0 0 0 0 0 0 0 0 0 0 0 0 0 0 0 0 0 0 0 0 0 0 0 0 0 0 0 0 0 0 0 0 0 0]
[5795633163405892630291394021338451049995803757385024288192686535954555616009440579830575171957154543022371068034013944715760955983376155358326886537069309769577700070381580563919178792521474585446972193389568930773816802365203136962119988769359776066821260701022230344914654887394942995503039226330675 0 0 0 0 0 0 0 0 0 0 0 0 0 0 0 0 0 0 0 0 0 0 0 0 0 0 0 0 0 0 0 0 0 0 0 0 0 0 1 0 0 0 0 0 0 0 0 0 0 0 0 0 0 0 0 0 0 0 0 0 0 0 0 0 0 0 0 0 0 0 0 0 0 0 0 0 0 0 0 0 0 0 0 0 0 0 0 0 0 0 0 0 0 0 0 0 0 0 0]
[3045626985723263691125851099976751012333458500116566037018449147158203794191270512590434999350797199190416196096717503531377121975121738327474685203446090849194857663299630617183772514647715840725201992501118289221038603363886160421849426522605289495533216837805465454169220439647871833192621462797699 0 0 0 0 0 0 0 0 0 0 0 0 0 0 0 0 0 0 0 0 0 0 0 0 0 0 0 0 0 0 0 0 0 0 0 0 0 0 0 1 0 0 0 0 0 0 0 0 0 0 0 0 0 0 0 0 0 0 0 0 0 0 0 0 0 0 0 0 0 0 0 0 0 0 0 0 0 0 0 0 0 0 0 0 0 0 0 0 0 0 0 0 0 0 0 0 0 0 0]
[7437872169208208666306716530562809394254294319033197990326854346831638830007892334436308988709866394997116661065320976268828562260006169476136571224114075669053030649715127427194265731534967594836526934073223961177730450556648999808462600046349792699131405315097537738053124103984398189034034022037373 0 0 0 0 0 0 0 0 0 0 0 0 0 0 0 0 0 0 0 0 0 0 0 0 0 0 0 0 0 0 0 0 0 0 0 0 0 0 0 0 1 0 0 0 0 0 0 0 0 0 0 0 0 0 0 0 0 0 0 0 0 0 0 0 0 0 0 0 0 0 0 0 0 0 0 0 0 0 0 0 0 0 0 0 0 0 0 0 0 0 0 0 0 0 0 0 0 0 0]
[9498324769203511444216729287779086311442603359816242709831984332763323977703333607324028117792477063651580077134731038002001556282506369956270154451919362286358286186955451953042142907485318477848929704005259112473337055434878574125213591605407141738037060345455396751361295574993878829618764537121859 0 0 0 0 0 0 0 0 0 0 0 0 0 0 0 0 0 0 0 0 0 0 0 0 0 0 0 0 0 0 0 0 0 0 0 0 0 0 0 0 0 1 0 0 0 0 0 0 0 0 0 0 0 0 0 0 0 0 0 0 0 0 0 0 0 0 0 0 0 0 0 0 0 0 0 0 0 0 0 0 0 0 0 0 0 0 0 0 0 0 0 0 0 0 0 0 0 0 0]
[5833758473127625357424460250278426362830786385359541395945403799162288172417195267994420228439876393770532155731324040103326326877768359978018363643706381692790971774819359869789895633347892298441643918755479483619793405189870471103914923517518465794371208792259006705546799993109725371318004839259814 0 0 0 0 0 0 0 0 0 0 0 0 0 0 0 0 0 0 0 0 0 0 0 0 0 0 0 0 0 0 0 0 0 0 0 0 0 0 0 0 0 0 1 0 0 0 0 0 0 0 0 0 0 0 0 0 0 0 0 0 0 0 0 0 0 0 0 0 0 0 0 0 0 0 0 0 0 0 0 0 0 0 0 0 0 0 0 0 0 0 0 0 0 0 0 0 0 0 0]
[64965630602653645569751022663650408425232177427855735498822965871493747774994995654678375489838578118891384630781605089197176939266547187953333731438009181998463008881560384812006622759064102794349270336473577734983821567260443318089781208659510889831355339420040019437214047554388504952154280294172 0 0 0 0 0 0 0 0 0 0 0 0 0 0 0 0 0 0 0 0 0 0 0 0 0 0 0 0 0 0 0 0 0 0 0 0 0 0 0 0 0 0 0 1 0 0 0 0 0 0 0 0 0 0 0 0 0 0 0 0 0 0 0 0 0 0 0 0 0 0 0 0 0 0 0 0 0 0 0 0 0 0 0 0 0 0 0 0 0 0 0 0 0 0 0 0 0 0 0]
[8637286268279979325283146489980173448666746117878068023084845921401175006658133824982722108950640182302238226528998765666970410241039098267479579436730538397396582245896171597363768557547061979002749649601982929744565901698976700360079908725823806697314435424029007648649208310109630083937794061321390 0 0 0 0 0 0 0 0 0 0 0 0 0 0 0 0 0 0 0 0 0 0 0 0 0 0 0 0 0 0 0 0 0 0 0 0 0 0 0 0 0 0 0 0 1 0 0 0 0 0 0 0 0 0 0 0 0 0 0 0 0 0 0 0 0 0 0 0 0 0 0 0 0 0 0 0 0 0 0 0 0 0 0 0 0 0 0 0 0 0 0 0 0 0 0 0 0 0 0]
[1832768336356670168946978919838450442149935340708325421474143070416733967574319048633424387327902814896808478787153312948451381001581484301305853180711957475581902613467698806459541062654919268566131038142162519941240573519020412422463362386200069975389750151000620297500989400445139466044451409818138 0 0 0 0 0 0 0 0 0 0 0 0 0 0 0 0 0 0 0 0 0 0 0 0 0 0 0 0 0 0 0 0 0 0 0 0 0 0 0 0 0 0 0 0 0 1 0 0 0 0 0 0 0 0 0 0 0 0 0 0 0 0 0 0 0 0 0 0 0 0 0 0 0 0 0 0 0 0 0 0 0 0 0 0 0 0 0 0 0 0 0 0 0 0 0 0 0 0 0]
[4406081920484746726638030159971744543707377972815509197382982462508222770651549282471637417058518478658211395571814387426958944705496031820405668974545009930825804794607365235675966421363667251847740470151419636074770500320244008935189623295502744314738006305975673687211332597962747211674237216048692 0 0 0 0 0 0 0 0 0 0 0 0 0 0 0 0 0 0 0 0 0 0 0 0 0 0 0 0 0 0 0 0 0 0 0 0 0 0 0 0 0 0 0 0 0 0 1 0 0 0 0 0 0 0 0 0 0 0 0 0 0 0 0 0 0 0 0 0 0 0 0 0 0 0 0 0 0 0 0 0 0 0 0 0 0 0 0 0 0 0 0 0 0 0 0 0 0 0 0]
[6692360876141079071745646009375862560300455882193962215374986138856053407523855055332716217875203074888078888724050962862090323510799381214485868575978402547435331948050659076381032350792109542212395824397834094496528211053336140944981488786408092657969600728080633226132325419855648804917212844925061 0 0 0 0 0 0 0 0 0 0 0 0 0 0 0 0 0 0 0 0 0 0 0 0 0 0 0 0 0 0 0 0 0 0 0 0 0 0 0 0 0 0 0 0 0 0 0 1 0 0 0 0 0 0 0 0 0 0 0 0 0 0 0 0 0 0 0 0 0 0 0 0 0 0 0 0 0 0 0 0 0 0 0 0 0 0 0 0 0 0 0 0 0 0 0 0 0 0 0]
[3668019462925915333564741787521118418369630124144745976154231358437102407166938891859315465404785761323002942420757254621189378196646134059842874862651511407041563940161112633304713466547008321206893557731267528945912412069628874889511186203446862375012676867503033029411500272797197854720714734666004 0 0 0 0 0 0 0 0 0 0 0 0 0 0 0 0 0 0 0 0 0 0 0 0 0 0 0 0 0 0 0 0 0 0 0 0 0 0 0 0 0 0 0 0 0 0 0 0 1 0 0 0 0 0 0 0 0 0 0 0 0 0 0 0 0 0 0 0 0 0 0 0 0 0 0 0 0 0 0 0 0 0 0 0 0 0 0 0 0 0 0 0 0 0 0 0 0 0 0]
[7103287122843564805231963649677792134319280148394114809393207513028490015896560203514847167802175320876709010117911414808443826007630803026960595147854625128473057225888066542145750692507577224263507271732344193329538846211727242081356748764383135637633347605459788701762224949694595320092962294468361 0 0 0 0 0 0 0 0 0 0 0 0 0 0 0 0 0 0 0 0 0 0 0 0 0 0 0 0 0 0 0 0 0 0 0 0 0 0 0 0 0 0 0 0 0 0 0 0 0 1 0 0 0 0 0 0 0 0 0 0 0 0 0 0 0 0 0 0 0 0 0 0 0 0 0 0 0 0 0 0 0 0 0 0 0 0 0 0 0 0 0 0 0 0 0 0 0 0 0]
[4824124102407515999954848062575084137235721291927445365678031039491649265935218835865200257101060798184290604301619169151384728019953865105065569660468504243723417956610503367201378942955234617225783704628425052294657257507313870898822333190831745800281415121234753754878342691108232608091637994448174 0 0 0 0 0 0 0 0 0 0 0 0 0 0 0 0 0 0 0 0 0 0 0 0 0 0 0 0 0 0 0 0 0 0 0 0 0 0 0 0 0 0 0 0 0 0 0 0 0 0 1 0 0 0 0 0 0 0 0 0 0 0 0 0 0 0 0 0 0 0 0 0 0 0 0 0 0 0 0 0 0 0 0 0 0 0 0 0 0 0 0 0 0 0 0 0 0 0 0]
[6069404582621070060875743533169503225697693308122108893575794679543441693678134069092574742709266084424789087830884062950410653758835892299695212266022476896349291660370312012096986736479242247069467592243103785012460489497482462778602315651901600673626810865355727538234201901748267062560464324852975 0 0 0 0 0 0 0 0 0 0 0 0 0 0 0 0 0 0 0 0 0 0 0 0 0 0 0 0 0 0 0 0 0 0 0 0 0 0 0 0 0 0 0 0 0 0 0 0 0 0 0 1 0 0 0 0 0 0 0 0 0 0 0 0 0 0 0 0 0 0 0 0 0 0 0 0 0 0 0 0 0 0 0 0 0 0 0 0 0 0 0 0 0 0 0 0 0 0 0]
[5902972104229856810447456275841853035884589200576810640748879196054402128047416680910064512862170033222745502278730859123688350521070565140474297787808033521249174779886129472507160794858811189334333652217655943264495158747805608606684865998169799526652770753430116501717158074746713870786704405462523 0 0 0 0 0 0 0 0 0 0 0 0 0 0 0 0 0 0 0 0 0 0 0 0 0 0 0 0 0 0 0 0 0 0 0 0 0 0 0 0 0 0 0 0 0 0 0 0 0 0 0 0 1 0 0 0 0 0 0 0 0 0 0 0 0 0 0 0 0 0 0 0 0 0 0 0 0 0 0 0 0 0 0 0 0 0 0 0 0 0 0 0 0 0 0 0 0 0 0]
[2282991875638478958728953316975598643775984695908145226501224600421095155016388349757217798521179274083857585051130164640284721020168501480940267930660570378115881548906745724122066092542931140193885260841929082845588820896323250364240418197622181117570569006385927157634656970923264987714506864912272 0 0 0 0 0 0 0 0 0 0 0 0 0 0 0 0 0 0 0 0 0 0 0 0 0 0 0 0 0 0 0 0 0 0 0 0 0 0 0 0 0 0 0 0 0 0 0 0 0 0 0 0 0 1 0 0 0 0 0 0 0 0 0 0 0 0 0 0 0 0 0 0 0 0 0 0 0 0 0 0 0 0 0 0 0 0 0 0 0 0 0 0 0 0 0 0 0 0 0]
[5814411641943399651404420260259008335315274997845168345876433593026540469820270052800996777273772407909073097815137010248212605054391524451314365473752133292331324847149511730967878195283892718397785782554927087926004728447055948649954201653061100825236268471830455908573444490605901475656333454780443 0 0 0 0 0 0 0 0 0 0 0 0 0 0 0 0 0 0 0 0 0 0 0 0 0 0 0 0 0 0 0 0 0 0 0 0 0 0 0 0 0 0 0 0 0 0 0 0 0 0 0 0 0 0 1 0 0 0 0 0 0 0 0 0 0 0 0 0 0 0 0 0 0 0 0 0 0 0 0 0 0 0 0 0 0 0 0 0 0 0 0 0 0 0 0 0 0 0 0]
[4901539904164056686886819669923399190730808894387531622686940331677502822248818622459605008443103165817222701903152320194005207670920808966812166673692246772267951443247030128996487091527660996013865613961518780959556603399395270841243029126061715959633969065938499522849663258697622256233018637946611 0 0 0 0 0 0 0 0 0 0 0 0 0 0 0 0 0 0 0 0 0 0 0 0 0 0 0 0 0 0 0 0 0 0 0 0 0 0 0 0 0 0 0 0 0 0 0 0 0 0 0 0 0 0 0 1 0 0 0 0 0 0 0 0 0 0 0 0 0 0 0 0 0 0 0 0 0 0 0 0 0 0 0 0 0 0 0 0 0 0 0 0 0 0 0 0 0 0 0]
[5827641314234047571759898910260494168689228657268882727910378516731388142292093270368275257914570808476307508246288019298574128703434741086702336330086192369302141683440114558820184100379168696315140713828546256009461816985404355621702369314627128362393650051440538929789279028028261394127807394378091 0 0 0 0 0 0 0 0 0 0 0 0 0 0 0 0 0 0 0 0 0 0 0 0 0 0 0 0 0 0 0 0 0 0 0 0 0 0 0 0 0 0 0 0 0 0 0 0 0 0 0 0 0 0 0 0 1 0 0 0 0 0 0 0 0 0 0 0 0 0 0 0 0 0 0 0 0 0 0 0 0 0 0 0 0 0 0 0 0 0 0 0 0 0 0 0 0 0 0]
[1988035074126222034153008782665918145211092119935265502023205432400706969987155466353290593308657328646871236318693044311057274178766601080469551418132651904852391211967572750161298702077669714187126410069293213874931584336394951022618273372316996586272412157475327779148122676192094699355649423909199 0 0 0 0 0 0 0 0 0 0 0 0 0 0 0 0 0 0 0 0 0 0 0 0 0 0 0 0 0 0 0 0 0 0 0 0 0 0 0 0 0 0 0 0 0 0 0 0 0 0 0 0 0 0 0 0 0 1 0 0 0 0 0 0 0 0 0 0 0 0 0 0 0 0 0 0 0 0 0 0 0 0 0 0 0 0 0 0 0 0 0 0 0 0 0 0 0 0 0]
[3871655212301695216217907160215066000880481153553112988513930304492567782636322940127183563726948724348733060479457190243704668169227937950778770472963709579318774981251457594366059333811247748145099028772883585598198257225892574682282320971494131296922589338353176598949412206990209754903061707804972 0 0 0 0 0 0 0 0 0 0 0 0 0 0 0 0 0 0 0 0 0 0 0 0 0 0 0 0 0 0 0 0 0 0 0 0 0 0 0 0 0 0 0 0 0 0 0 0 0 0 0 0 0 0 0 0 0 0 1 0 0 0 0 0 0 0 0 0 0 0 0 0 0 0 0 0 0 0 0 0 0 0 0 0 0 0 0 0 0 0 0 0 0 0 0 0 0 0 0]
[10072092355106158005360767721020293039487737998746246770533531612548234895931617611799707463097389032945660983389781731688123222963277298467985336725883721760392496087823311359583629705994534795072238765703702869029502939644641400552649040524656898539425622550991612081376297891595970787151690212370341 0 0 0 0 0 0 0 0 0 0 0 0 0 0 0 0 0 0 0 0 0 0 0 0 0 0 0 0 0 0 0 0 0 0 0 0 0 0 0 0 0 0 0 0 0 0 0 0 0 0 0 0 0 0 0 0 0 0 0 1 0 0 0 0 0 0 0 0 0 0 0 0 0 0 0 0 0 0 0 0 0 0 0 0 0 0 0 0 0 0 0 0 0 0 0 0 0 0 0]
[729397673248635293058648264393322649230740406451899281243649674943771371207105720197738927288054821639473418677255207747979914855631340406557499844222532694232074639244371963622361391157213563576216737191790137447672464265320442502549954314444092447118299409018139800436345663842087373527892638103750 0 0 0 0 0 0 0 0 0 0 0 0 0 0 0 0 0 0 0 0 0 0 0 0 0 0 0 0 0 0 0 0 0 0 0 0 0 0 0 0 0 0 0 0 0 0 0 0 0 0 0 0 0 0 0 0 0 0 0 0 1 0 0 0 0 0 0 0 0 0 0 0 0 0 0 0 0 0 0 0 0 0 0 0 0 0 0 0 0 0 0 0 0 0 0 0 0 0 0]
[8105765048407404905618344953890873776671660420069640284336407623352419890544027139058954266423843257910461863875027487079767673960682436057907718058403727891239436187752968229239699762220838983447352223767638946172218349817653371455194041621131343592196305050944146925467104194276598097096123819975592 0 0 0 0 0 0 0 0 0 0 0 0 0 0 0 0 0 0 0 0 0 0 0 0 0 0 0 0 0 0 0 0 0 0 0 0 0 0 0 0 0 0 0 0 0 0 0 0 0 0 0 0 0 0 0 0 0 0 0 0 0 1 0 0 0 0 0 0 0 0 0 0 0 0 0 0 0 0 0 0 0 0 0 0 0 0 0 0 0 0 0 0 0 0 0 0 0 0 0]
[7133189765458152542618917070872777294123053024017340245342424063294646697836686424468218134592002249090555284254700669869440708021886809157822389009101436513647760031224572759807550885863972290788985862237108295952354736193884298919876449209339652661518267770216271397004701403426442047669411313486918 0 0 0 0 0 0 0 0 0 0 0 0 0 0 0 0 0 0 0 0 0 0 0 0 0 0 0 0 0 0 0 0 0 0 0 0 0 0 0 0 0 0 0 0 0 0 0 0 0 0 0 0 0 0 0 0 0 0 0 0 0 0 1 0 0 0 0 0 0 0 0 0 0 0 0 0 0 0 0 0 0 0 0 0 0 0 0 0 0 0 0 0 0 0 0 0 0 0 0]
[1694495896596989962165499710753653384441316729640508481749060571576416832162379972889548525744095371115732381237083768048483687386497378547841472214576957775696031198309454949673560040070182285933386162320666608753368149340478480730226597388775924480871928467767539733682925934253472280290952126116838 0 0 0 0 0 0 0 0 0 0 0 0 0 0 0 0 0 0 0 0 0 0 0 0 0 0 0 0 0 0 0 0 0 0 0 0 0 0 0 0 0 0 0 0 0 0 0 0 0 0 0 0 0 0 0 0 0 0 0 0 0 0 0 1 0 0 0 0 0 0 0 0 0 0 0 0 0 0 0 0 0 0 0 0 0 0 0 0 0 0 0 0 0 0 0 0 0 0 0]
[9709775710845285314491980652136859773064001899260687331514445576230476431216156861926223336945965362263178893462044255783796626695185563567062151157384586026171997307544321987432469239394105589468920639383644754780393207838928335317262771890096125645745177126548626610719902583283388398693539919289170 0 0 0 0 0 0 0 0 0 0 0 0 0 0 0 0 0 0 0 0 0 0 0 0 0 0 0 0 0 0 0 0 0 0 0 0 0 0 0 0 0 0 0 0 0 0 0 0 0 0 0 0 0 0 0 0 0 0 0 0 0 0 0 0 1 0 0 0 0 0 0 0 0 0 0 0 0 0 0 0 0 0 0 0 0 0 0 0 0 0 0 0 0 0 0 0 0 0 0]
[8026927622243492041987847762983616229908434223615007621525505885135874113488949102454186568247813958481001673781751850216589220993895839199646121561627305109455138349523015868508623115545924497156240452287978349229000041173637691685030758146166990182975511521681622617467183798189504588348626074447147 0 0 0 0 0 0 0 0 0 0 0 0 0 0 0 0 0 0 0 0 0 0 0 0 0 0 0 0 0 0 0 0 0 0 0 0 0 0 0 0 0 0 0 0 0 0 0 0 0 0 0 0 0 0 0 0 0 0 0 0 0 0 0 0 0 1 0 0 0 0 0 0 0 0 0 0 0 0 0 0 0 0 0 0 0 0 0 0 0 0 0 0 0 0 0 0 0 0 0]
[9583303630932666565527146307548086446435310319946647445324255620831907592052236511529332305338977690978778398806983711429418143011989021910365992018215996371672822043148330615781638952199315116372158618734815737043448452706203072804372614403502862680612630850310583464704812439329535901959408579290127 0 0 0 0 0 0 0 0 0 0 0 0 0 0 0 0 0 0 0 0 0 0 0 0 0 0 0 0 0 0 0 0 0 0 0 0 0 0 0 0 0 0 0 0 0 0 0 0 0 0 0 0 0 0 0 0 0 0 0 0 0 0 0 0 0 0 1 0 0 0 0 0 0 0 0 0 0 0 0 0 0 0 0 0 0 0 0 0 0 0 0 0 0 0 0 0 0 0 0]
[7203539691941647631719007247106644005169976774011615560203280710248561759038108788467506342544704202703786301562459405472289419425391531524464651927472276218769158531553825299138202345765629689694518841474228722515955452915856635326133063837302808752085776801488467358346286500995313482252181099706724 0 0 0 0 0 0 0 0 0 0 0 0 0 0 0 0 0 0 0 0 0 0 0 0 0 0 0 0 0 0 0 0 0 0 0 0 0 0 0 0 0 0 0 0 0 0 0 0 0 0 0 0 0 0 0 0 0 0 0 0 0 0 0 0 0 0 0 1 0 0 0 0 0 0 0 0 0 0 0 0 0 0 0 0 0 0 0 0 0 0 0 0 0 0 0 0 0 0 0]
[4996889726833899489729829077795022030192710110996038590532658204334944484971200232457910688875839414258049471201976697524921794606710650966805393658364293583785061666766541931366571531765779222505656164186459130851739626655009405486326132358828560389115177810529354387901199274122632683854625778397758 0 0 0 0 0 0 0 0 0 0 0 0 0 0 0 0 0 0 0 0 0 0 0 0 0 0 0 0 0 0 0 0 0 0 0 0 0 0 0 0 0 0 0 0 0 0 0 0 0 0 0 0 0 0 0 0 0 0 0 0 0 0 0 0 0 0 0 0 1 0 0 0 0 0 0 0 0 0 0 0 0 0 0 0 0 0 0 0 0 0 0 0 0 0 0 0 0 0 0]
[4237621405349157830253583863458111870255968349886373037360412300065179820701868785553210981264446221619452253139208685880851097494427505721920247743251566860301057698689723271731432574305840008162713131541346460227956073144481348533086302910905158362711942352866751595780892030590219095435822315830425 0 0 0 0 0 0 0 0 0 0 0 0 0 0 0 0 0 0 0 0 0 0 0 0 0 0 0 0 0 0 0 0 0 0 0 0 0 0 0 0 0 0 0 0 0 0 0 0 0 0 0 0 0 0 0 0 0 0 0 0 0 0 0 0 0 0 0 0 0 1 0 0 0 0 0 0 0 0 0 0 0 0 0 0 0 0 0 0 0 0 0 0 0 0 0 0 0 0 0]
[9197479907560366866198815089461947620256642066612394844865575408572364942983643911721147433824580553924414492627965032508190666138701690826785673542729312247527965738979791857366141564546325348552974777119386489072024116848268296992735360573059085317547980499586350908259889072082897601483479404130017 0 0 0 0 0 0 0 0 0 0 0 0 0 0 0 0 0 0 0 0 0 0 0 0 0 0 0 0 0 0 0 0 0 0 0 0 0 0 0 0 0 0 0 0 0 0 0 0 0 0 0 0 0 0 0 0 0 0 0 0 0 0 0 0 0 0 0 0 0 0 1 0 0 0 0 0 0 0 0 0 0 0 0 0 0 0 0 0 0 0 0 0 0 0 0 0 0 0 0]
[8316235692352276695686733614707400697379829509592261635571840309545663904414604391411726102540487801110266930812783953295824429444844372241051361916121087227498903207533589488434886185936687986928905170430777757749401805902934381223399528285282823525358041282485948359058790708466287077039795784570471 0 0 0 0 0 0 0 0 0 0 0 0 0 0 0 0 0 0 0 0 0 0 0 0 0 0 0 0 0 0 0 0 0 0 0 0 0 0 0 0 0 0 0 0 0 0 0 0 0 0 0 0 0 0 0 0 0 0 0 0 0 0 0 0 0 0 0 0 0 0 0 1 0 0 0 0 0 0 0 0 0 0 0 0 0 0 0 0 0 0 0 0 0 0 0 0 0 0 0]
[8851516672288676099076017752478395922603584939386325329783143148924412917400856824787160453808794018098447663517948582712884240056954967333423016767934137061388876587729882948913348911633441049305354087107052756155993207758115552450683047159064613522455931948519143446971504166640894611540263967145715 0 0 0 0 0 0 0 0 0 0 0 0 0 0 0 0 0 0 0 0 0 0 0 0 0 0 0 0 0 0 0 0 0 0 0 0 0 0 0 0 0 0 0 0 0 0 0 0 0 0 0 0 0 0 0 0 0 0 0 0 0 0 0 0 0 0 0 0 0 0 0 0 1 0 0 0 0 0 0 0 0 0 0 0 0 0 0 0 0 0 0 0 0 0 0 0 0 0 0]
[5524150872041183199004505440118396232230751572668698879513185832781188595046109025915226014646591327126995508456100162183030324235824943575863928604542073831258885761164164579743675479858815608069079320926795525201048241816393716071954130704248360757235035450612858552047141164885910501221689898646565 0 0 0 0 0 0 0 0 0 0 0 0 0 0 0 0 0 0 0 0 0 0 0 0 0 0 0 0 0 0 0 0 0 0 0 0 0 0 0 0 0 0 0 0 0 0 0 0 0 0 0 0 0 0 0 0 0 0 0 0 0 0 0 0 0 0 0 0 0 0 0 0 0 1 0 0 0 0 0 0 0 0 0 0 0 0 0 0 0 0 0 0 0 0 0 0 0 0 0]
[8799415449511809165656977005310362761729211073158289617764473390153031976167618704456000365144709164416569258282581114105306161324926539542501238367944040626011594706001100388586468679937268301249445231588513175097210515361975353830469485416981102656756708974716834512340221715122469557771499400451238 0 0 0 0 0 0 0 0 0 0 0 0 0 0 0 0 0 0 0 0 0 0 0 0 0 0 0 0 0 0 0 0 0 0 0 0 0 0 0 0 0 0 0 0 0 0 0 0 0 0 0 0 0 0 0 0 0 0 0 0 0 0 0 0 0 0 0 0 0 0 0 0 0 0 1 0 0 0 0 0 0 0 0 0 0 0 0 0 0 0 0 0 0 0 0 0 0 0 0]
[7844766505745161073187399512311236710918719792366369977225746355212412593659313585232157371371736197533936277049529194954743214376137075733071027205406549525596974574407247967919880779229421098020132855261888365425050906216119089037479215956862457498423018969800326816465590598551813927428079679288318 0 0 0 0 0 0 0 0 0 0 0 0 0 0 0 0 0 0 0 0 0 0 0 0 0 0 0 0 0 0 0 0 0 0 0 0 0 0 0 0 0 0 0 0 0 0 0 0 0 0 0 0 0 0 0 0 0 0 0 0 0 0 0 0 0 0 0 0 0 0 0 0 0 0 0 1 0 0 0 0 0 0 0 0 0 0 0 0 0 0 0 0 0 0 0 0 0 0 0]
[2264884039251370059638981493769210851201046687815835221822673997780817316519409546467147894988607622162957951985557083315149555888799308341624237644721715175875416263236196118600804476144112776322559701485284006550312851335920041412050114027959315899736696865325486779546073725252912802410792224152675 0 0 0 0 0 0 0 0 0 0 0 0 0 0 0 0 0 0 0 0 0 0 0 0 0 0 0 0 0 0 0 0 0 0 0 0 0 0 0 0 0 0 0 0 0 0 0 0 0 0 0 0 0 0 0 0 0 0 0 0 0 0 0 0 0 0 0 0 0 0 0 0 0 0 0 0 1 0 0 0 0 0 0 0 0 0 0 0 0 0 0 0 0 0 0 0 0 0 0]
[6814493854513425090284859065198705403382853612692457344421004294616785267893128569821140787393808932659026300323416518055143220190656510183195128947085676696188661387823613553309151351291196697606901325712537784145269427356029412792375438018663500004481492402575301341665282280798682174486253066089979 0 0 0 0 0 0 0 0 0 0 0 0 0 0 0 0 0 0 0 0 0 0 0 0 0 0 0 0 0 0 0 0 0 0 0 0 0 0 0 0 0 0 0 0 0 0 0 0 0 0 0 0 0 0 0 0 0 0 0 0 0 0 0 0 0 0 0 0 0 0 0 0 0 0 0 0 0 1 0 0 0 0 0 0 0 0 0 0 0 0 0 0 0 0 0 0 0 0 0]
[7345178916296280898150795830227382899266461911866498556237197431819047066403307890405276529610365797099622561499127295306686482932240963950248311119227171747941954794598459434062742173553258642589106822166901467824993924173294464069527083664897067365146338045439884170268718057564406476058587485611619 0 0 0 0 0 0 0 0 0 0 0 0 0 0 0 0 0 0 0 0 0 0 0 0 0 0 0 0 0 0 0 0 0 0 0 0 0 0 0 0 0 0 0 0 0 0 0 0 0 0 0 0 0 0 0 0 0 0 0 0 0 0 0 0 0 0 0 0 0 0 0 0 0 0 0 0 0 0 1 0 0 0 0 0 0 0 0 0 0 0 0 0 0 0 0 0 0 0 0]
[504485430037410286845212071318735659024580889493766036023341587739043142337320761585117324639103241465490393087699244457824094530438399741064199213638191476099013295607306485976152827939209472527887177806981019984694095412514005160229665050102652920865011145403106602337655985039964931214611452174032 0 0 0 0 0 0 0 0 0 0 0 0 0 0 0 0 0 0 0 0 0 0 0 0 0 0 0 0 0 0 0 0 0 0 0 0 0 0 0 0 0 0 0 0 0 0 0 0 0 0 0 0 0 0 0 0 0 0 0 0 0 0 0 0 0 0 0 0 0 0 0 0 0 0 0 0 0 0 0 1 0 0 0 0 0 0 0 0 0 0 0 0 0 0 0 0 0 0 0]
[3314287365611694384136985236995545083381039208592442244791320390585477718418246123166247300180673714052758507610031295758407785787724533401686720338497748139490464301912012426572648352410644424836750305128930044382310474992648324594801332547455519768727398230284245169088632110885603966105022247162184 0 0 0 0 0 0 0 0 0 0 0 0 0 0 0 0 0 0 0 0 0 0 0 0 0 0 0 0 0 0 0 0 0 0 0 0 0 0 0 0 0 0 0 0 0 0 0 0 0 0 0 0 0 0 0 0 0 0 0 0 0 0 0 0 0 0 0 0 0 0 0 0 0 0 0 0 0 0 0 0 1 0 0 0 0 0 0 0 0 0 0 0 0 0 0 0 0 0 0]
[610164311756369962241991718580952339504735017847534075069199805586340817221940777719023324148051366942917089883089586905479218222477868918838913084957247798993615365841113852284545539149019753051104070326171692248116599020499040585984893350982775705724739689935755210289224569317563439926032143058924 0 0 0 0 0 0 0 0 0 0 0 0 0 0 0 0 0 0 0 0 0 0 0 0 0 0 0 0 0 0 0 0 0 0 0 0 0 0 0 0 0 0 0 0 0 0 0 0 0 0 0 0 0 0 0 0 0 0 0 0 0 0 0 0 0 0 0 0 0 0 0 0 0 0 0 0 0 0 0 0 0 1 0 0 0 0 0 0 0 0 0 0 0 0 0 0 0 0 0]
[2184483300770319502570787454509148452806091173950675136735987905093105142622902554994240558215420526488287923638434377139761907773088029943724057769780857458455372998267425405439014295741893547820506799739561299770143407371595476507318063728658873716029182028675808179418444183269728412487518785991793 0 0 0 0 0 0 0 0 0 0 0 0 0 0 0 0 0 0 0 0 0 0 0 0 0 0 0 0 0 0 0 0 0 0 0 0 0 0 0 0 0 0 0 0 0 0 0 0 0 0 0 0 0 0 0 0 0 0 0 0 0 0 0 0 0 0 0 0 0 0 0 0 0 0 0 0 0 0 0 0 0 0 1 0 0 0 0 0 0 0 0 0 0 0 0 0 0 0 0]
[4359186632709195631366681132267686972506251333815358492760978221975037504181229870282238873975682432891585070653008868835303581789454463008042873316887150443494880872762519631673314700288576720385734963477790890792888683614865862132130231591642221974226801713428261876049381296051953696382419543266324 0 0 0 0 0 0 0 0 0 0 0 0 0 0 0 0 0 0 0 0 0 0 0 0 0 0 0 0 0 0 0 0 0 0 0 0 0 0 0 0 0 0 0 0 0 0 0 0 0 0 0 0 0 0 0 0 0 0 0 0 0 0 0 0 0 0 0 0 0 0 0 0 0 0 0 0 0 0 0 0 0 0 0 1 0 0 0 0 0 0 0 0 0 0 0 0 0 0 0]
[7034418806406326334602069882684747426359463218131019472049561395279331712626510869742890199535506558814195052475611408596923145021371489284149049227162790307008122237184125745920724315477202393472954953868212029082699668490958097865573872709925713236618693451896865765232150553986494846491684690319886 0 0 0 0 0 0 0 0 0 0 0 0 0 0 0 0 0 0 0 0 0 0 0 0 0 0 0 0 0 0 0 0 0 0 0 0 0 0 0 0 0 0 0 0 0 0 0 0 0 0 0 0 0 0 0 0 0 0 0 0 0 0 0 0 0 0 0 0 0 0 0 0 0 0 0 0 0 0 0 0 0 0 0 0 1 0 0 0 0 0 0 0 0 0 0 0 0 0 0]
[744889215097411837564021122111812424692654015139759351817578468785043350096668820032587486698613286897085747459462585170208209244924227257890271517458736006915571062595333634943805458431317974264606003607359551343513825557727640511198713301307828023029947632415399614868069312756739288316402336170432 0 0 0 0 0 0 0 0 0 0 0 0 0 0 0 0 0 0 0 0 0 0 0 0 0 0 0 0 0 0 0 0 0 0 0 0 0 0 0 0 0 0 0 0 0 0 0 0 0 0 0 0 0 0 0 0 0 0 0 0 0 0 0 0 0 0 0 0 0 0 0 0 0 0 0 0 0 0 0 0 0 0 0 0 0 1 0 0 0 0 0 0 0 0 0 0 0 0 0]
[9730597849129892635551294199580366884992936717765042215438079002677660074681534097076703203487434464168587482418208835424015119799968892317143981315418194257209712392281432150784544384900135959178818680471784619216186922325444448166349947315098244069946817961520464783077414677055474652024092926587102 0 0 0 0 0 0 0 0 0 0 0 0 0 0 0 0 0 0 0 0 0 0 0 0 0 0 0 0 0 0 0 0 0 0 0 0 0 0 0 0 0 0 0 0 0 0 0 0 0 0 0 0 0 0 0 0 0 0 0 0 0 0 0 0 0 0 0 0 0 0 0 0 0 0 0 0 0 0 0 0 0 0 0 0 0 0 1 0 0 0 0 0 0 0 0 0 0 0 0]
[5101599061145551062365654709486981928956617177688750580770660498631265543339885947491537982688722155834637941091941693995353961580529868751093768981420181366746464913170515377001352275936856315942879142206548761724191514873923817345885342740236655679010191887499770929104611787512250653938289760503171 0 0 0 0 0 0 0 0 0 0 0 0 0 0 0 0 0 0 0 0 0 0 0 0 0 0 0 0 0 0 0 0 0 0 0 0 0 0 0 0 0 0 0 0 0 0 0 0 0 0 0 0 0 0 0 0 0 0 0 0 0 0 0 0 0 0 0 0 0 0 0 0 0 0 0 0 0 0 0 0 0 0 0 0 0 0 0 1 0 0 0 0 0 0 0 0 0 0 0]
[9318229310228464223822537707435486408094506858136882093750102568464995599483131600113721230404894043341053821316084927532242178128493222475375081981972556164447320871200021456573766219351705243142871588852668602353814498420757880286704288130025473536537604544050752092816478766473020317044382096472391 0 0 0 0 0 0 0 0 0 0 0 0 0 0 0 0 0 0 0 0 0 0 0 0 0 0 0 0 0 0 0 0 0 0 0 0 0 0 0 0 0 0 0 0 0 0 0 0 0 0 0 0 0 0 0 0 0 0 0 0 0 0 0 0 0 0 0 0 0 0 0 0 0 0 0 0 0 0 0 0 0 0 0 0 0 0 0 0 1 0 0 0 0 0 0 0 0 0 0]
[4533623364434363399773283811611743905480544319688268310967102027376783430997947884851654624347215291059696207368161824971965964745380954581708158707188908528131581021936341095751198234270879686683773511575741220305405650683885407905596781478304494981168838129577502461478512998307255410862382972196726 0 0 0 0 0 0 0 0 0 0 0 0 0 0 0 0 0 0 0 0 0 0 0 0 0 0 0 0 0 0 0 0 0 0 0 0 0 0 0 0 0 0 0 0 0 0 0 0 0 0 0 0 0 0 0 0 0 0 0 0 0 0 0 0 0 0 0 0 0 0 0 0 0 0 0 0 0 0 0 0 0 0 0 0 0 0 0 0 0 1 0 0 0 0 0 0 0 0 0]
[7552859611314076160526770974618930871536416788269302896397764560074479858902003532321549937744400428803995743169128408269555482578469186033875896149183906134507705611312262018421894071723755044495467870007654453724975629291306780948965391359371334746749836572262704097225566484399753689070561271655083 0 0 0 0 0 0 0 0 0 0 0 0 0 0 0 0 0 0 0 0 0 0 0 0 0 0 0 0 0 0 0 0 0 0 0 0 0 0 0 0 0 0 0 0 0 0 0 0 0 0 0 0 0 0 0 0 0 0 0 0 0 0 0 0 0 0 0 0 0 0 0 0 0 0 0 0 0 0 0 0 0 0 0 0 0 0 0 0 0 0 1 0 0 0 0 0 0 0 0]
[388857900427714762392792747720119551835338277314949198712665503063704133015534444425778100588007562214850159642447681435839770246136982426673065966012339480332661266114210040663822083269745428558657456456192370195627306199823250102381847174408372062679219684173982894678631433420747282399102856843487 0 0 0 0 0 0 0 0 0 0 0 0 0 0 0 0 0 0 0 0 0 0 0 0 0 0 0 0 0 0 0 0 0 0 0 0 0 0 0 0 0 0 0 0 0 0 0 0 0 0 0 0 0 0 0 0 0 0 0 0 0 0 0 0 0 0 0 0 0 0 0 0 0 0 0 0 0 0 0 0 0 0 0 0 0 0 0 0 0 0 0 1 0 0 0 0 0 0 0]
[3654630959256393267591626186932496052148027842092224297351371205926074025367346433574242987545637791982425640885981178936864672866653027838190007256117512052371017754470917864830614739183394669164472444365782261577538280242299579090172879587865162714813252102360147488279852860970071077949565471699001 0 0 0 0 0 0 0 0 0 0 0 0 0 0 0 0 0 0 0 0 0 0 0 0 0 0 0 0 0 0 0 0 0 0 0 0 0 0 0 0 0 0 0 0 0 0 0 0 0 0 0 0 0 0 0 0 0 0 0 0 0 0 0 0 0 0 0 0 0 0 0 0 0 0 0 0 0 0 0 0 0 0 0 0 0 0 0 0 0 0 0 0 1 0 0 0 0 0 0]
[4014837346078465509224136927799648607182607152208431842260054570199474703981183109069192138516599724536842942063206850801099735975836078930475151019535890069985913094897110729714481274971479273260906368234709302837084034976490350658250725742906887078786490590409701388283762744215036949599403630123696 0 0 0 0 0 0 0 0 0 0 0 0 0 0 0 0 0 0 0 0 0 0 0 0 0 0 0 0 0 0 0 0 0 0 0 0 0 0 0 0 0 0 0 0 0 0 0 0 0 0 0 0 0 0 0 0 0 0 0 0 0 0 0 0 0 0 0 0 0 0 0 0 0 0 0 0 0 0 0 0 0 0 0 0 0 0 0 0 0 0 0 0 0 1 0 0 0 0 0]
[3233198186371069562675569404868293184826151402314621223388841334515385153827532075357037261205138130720779478876051023003903750155026886164885068548612965377425559254819995925922997148317280239103234500343076801312228939840527282862186518019151987951601660988209574991264615741190521984315968980148483 0 0 0 0 0 0 0 0 0 0 0 0 0 0 0 0 0 0 0 0 0 0 0 0 0 0 0 0 0 0 0 0 0 0 0 0 0 0 0 0 0 0 0 0 0 0 0 0 0 0 0 0 0 0 0 0 0 0 0 0 0 0 0 0 0 0 0 0 0 0 0 0 0 0 0 0 0 0 0 0 0 0 0 0 0 0 0 0 0 0 0 0 0 0 1 0 0 0 0]
[6108919073390066600696763175934755172855730840656941390332899538332451979314405245584232795671211344110716307150880456552832359164308187242910105541038937593468921907117261007914848125658984435098374476836208956535371968683745196895058197033836168415316312656535038886366142171036246988600694987314518 0 0 0 0 0 0 0 0 0 0 0 0 0 0 0 0 0 0 0 0 0 0 0 0 0 0 0 0 0 0 0 0 0 0 0 0 0 0 0 0 0 0 0 0 0 0 0 0 0 0 0 0 0 0 0 0 0 0 0 0 0 0 0 0 0 0 0 0 0 0 0 0 0 0 0 0 0 0 0 0 0 0 0 0 0 0 0 0 0 0 0 0 0 0 0 1 0 0 0]
[6393313207971267327691219504999618391403557568272394475973571993863867488601119163810061365768175786059442514840802397615383491236604268268266740804215487771624918280178320826962682153237646622498731944520426554745464138414953924715415944120799494027329473796975980107994462481378038229152813767787186 0 0 0 0 0 0 0 0 0 0 0 0 0 0 0 0 0 0 0 0 0 0 0 0 0 0 0 0 0 0 0 0 0 0 0 0 0 0 0 0 0 0 0 0 0 0 0 0 0 0 0 0 0 0 0 0 0 0 0 0 0 0 0 0 0 0 0 0 0 0 0 0 0 0 0 0 0 0 0 0 0 0 0 0 0 0 0 0 0 0 0 0 0 0 0 0 1 0 0]
[9019876254337386613610543527364435832535561708393760067058841180908169971107269465374715099801860354047797949377993569286393296362388055363516423742903293915296149687368664543196835918627689409520223941307629468745851737988358002671114878126022149207462027345986362833577586642672908647808032896684406 0 0 0 0 0 0 0 0 0 0 0 0 0 0 0 0 0 0 0 0 0 0 0 0 0 0 0 0 0 0 0 0 0 0 0 0 0 0 0 0 0 0 0 0 0 0 0 0 0 0 0 0 0 0 0 0 0 0 0 0 0 0 0 0 0 0 0 0 0 0 0 0 0 0 0 0 0 0 0 0 0 0 0 0 0 0 0 0 0 0 0 0 0 0 0 0 0 1 0]
[8509002215945692053431942441616061005352654868258864077871224764501100992018116111533996447416637768312974050706317746848443307949887202929551550103289550128483875961348060146056592777226485254985504185388461777782210708236775429990677184280368825246527419506694268548612334844030032262979965242931046 0 0 0 0 0 0 0 0 0 0 0 0 0 0 0 0 0 0 0 0 0 0 0 0 0 0 0 0 0 0 0 0 0 0 0 0 0 0 0 0 0 0 0 0 0 0 0 0 0 0 0 0 0 0 0 0 0 0 0 0 0 0 0 0 0 0 0 0 0 0 0 0 0 0 0 0 0 0 0 0 0 0 0 0 0 0 0 0 0 0 0 0 0 0 0 0 0 0 1]
]
