[[6076528403295761257070694335139257770283914924023829012012992798592126697566753982777731196227315186432326144632928003360143009076157015106426168761601059291568285697918703693891361596325567128757417733595768801043349955157496454363328218278750321058747577607060786939549463483300780425276098497231613 0 0 0 0 0 0 0 0 0 0 0 0 0 0 0 0 0 0 0 0 0 0 0 0 0 0 0 0 0 0 0 0 0 0 0 0 0 0 0 0 0 0 0 0 0 0 0 0 0 0 0 0 0 0 0 0 0 0 0 0 0 0 0 0 0 0 0 0 0 0 0 0 0 0 0 0 0 0 0 0 0 0 0 0 0 0 0 0 0 0 0 0 0 0 0 0 0 0 0]
[3518193842526921127294388539124510723768188813666326665641549981536079530009388320051485335454714169653141053750737531902074065058096550800735556291783506634101693849331510629447092521493186724001293478773714977096241782346676901927816242730255873557649813551600677022260148464888753591567854562964716 1 0 0 0 0 0 0 0 0 0 0 0 0 0 0 0 0 0 0 0 0 0 0 0 0 0 0 0 0 0 0 0 0 0 0 0 0 0 0 0 0 0 0 0 0 0 0 0 0 0 0 0 0 0 0 0 0 0 0 0 0 0 0 0 0 0 0 0 0 0 0 0 0 0 0 0 0 0 0 0 0 0 0 0 0 0 0 0 0 0 0 0 0 0 0 0 0 0 0]
[81248558578752011453841982177958257560130496589728320531954222586047274267000263443131610978616108242177565023482637943198340268781915838187882725733500156076561962272210390956972202650809266049618064322647592998364652537856941321105056695631991804564994217286666877637781361549693519564160857344560 0 1 0 0 0 0 0 0 0 0 0 0 0 0 0 0 0 0 0 0 0 0 0 0 0 0 0 0 0 0 0 0 0 0 0 0 0 0 0 0 0 0 0 0 0 0 0 0 0 0 0 0 0 0 0 0 0 0 0 0 0 0 0 0 0 0 0 0 0 0 0 0 0 0 0 0 0 0 0 0 0 0 0 0 0 0 0 0 0 0 0 0 0 0 0 0 0 0 0]
[5107195136766223377387993003435108299673072516191780654990699873858886390752606848612665132505405093561827499581621033233104074483262040892138585037376808353839460815525043117161370654891606036618838553881186908225138046603627176017733111613055327665801283659452683161642016644295253255510717137111568 0 0 1 0 0 0 0 0 0 0 0 0 0 0 0 0 0 0 0 0 0 0 0 0 0 0 0 0 0 0 0 0 0 0 0 0 0 0 0 0 0 0 0 0 0 0 0 0 0 0 0 0 0 0 0 0 0 0 0 0 0 0 0 0 0 0 0 0 0 0 0 0 0 0 0 0 0 0 0 0 0 0 0 0 0 0 0 0 0 0 0 0 0 0 0 0 0 0 0]
[5838196861754723405571106483604516773541966754061167569647527875607402203484966385178283301972369960815834211061357729055573978594479425053291252217681692008706667817165228600849713066203732509234789392580706112795722955333049350029196128825480850901761940280885341901843110002233259316660002839103469 0 0 0 1 0 0 0 0 0 0 0 0 0 0 0 0 0 0 0 0 0 0 0 0 0 0 0 0 0 0 0 0 0 0 0 0 0 0 0 0 0 0 0 0 0 0 0 0 0 0 0 0 0 0 0 0 0 0 0 0 0 0 0 0 0 0 0 0 0 0 0 0 0 0 0 0 0 0 0 0 0 0 0 0 0 0 0 0 0 0 0 0 0 0 0 0 0 0 0]
[3523397175841648152621012119271958068922330875980578841469734970588817861589418658243053968044018071943909751113323525867047275977110719755013809110965079959494728980923146715515627795973827947843368400169462549388539610504207307041046713489826918212248665738406933682884282423177662639281018193384170 0 0 0 0 1 0 0 0 0 0 0 0 0 0 0 0 0 0 0 0 0 0 0 0 0 0 0 0 0 0 0 0 0 0 0 0 0 0 0 0 0 0 0 0 0 0 0 0 0 0 0 0 0 0 0 0 0 0 0 0 0 0 0 0 0 0 0 0 0 0 0 0 0 0 0 0 0 0 0 0 0 0 0 0 0 0 0 0 0 0 0 0 0 0 0 0 0 0 0]
[3207610737439107903146649176630350303341333680827815978436838025660094399439045482305606830638219224718320261716721563103835449123444754330196892176516803370670602908847530869299714123888172648293513119681568559058961776391961748647777336762290276716045996399828486429311050682176882578705446544184685 0 0 0 0 0 1 0 0 0 0 0 0 0 0 0 0 0 0 0 0 0 0 0 0 0 0 0 0 0 0 0 0 0 0 0 0 0 0 0 0 0 0 0 0 0 0 0 0 0 0 0 0 0 0 0 0 0 0 0 0 0 0 0 0 0 0 0 0 0 0 0 0 0 0 0 0 0 0 0 0 0 0 0 0 0 0 0 0 0 0 0 0 0 0 0 0 0 0 0]
[1925235109576038609439819301755529106281396649493938936894780318512060428077477760550840310880234717967176294750949399753788836588362128836144060064244703203547351897272319112953872337054069661220132756248493613787148370755879812008593565416663827124784631175089045984771113415706699066435369957920228 0 0 0 0 0 0 1 0 0 0 0 0 0 0 0 0 0 0 0 0 0 0 0 0 0 0 0 0 0 0 0 0 0 0 0 0 0 0 0 0 0 0 0 0 0 0 0 0 0 0 0 0 0 0 0 0 0 0 0 0 0 0 0 0 0 0 0 0 0 0 0 0 0 0 0 0 0 0 0 0 0 0 0 0 0 0 0 0 0 0 0 0 0 0 0 0 0 0 0]
[5433818306505524431491026236514101409570743890202323574020032682655825895578640385617155574512959973513556778640461373008210494043235823470804519865818896638086976619293186844693865325944793178000312769062259883160328366296485999932815196057037801987540691404598943958496612527323240121069047928096450 0 0 0 0 0 0 0 1 0 0 0 0 0 0 0 0 0 0 0 0 0 0 0 0 0 0 0 0 0 0 0 0 0 0 0 0 0 0 0 0 0 0 0 0 0 0 0 0 0 0 0 0 0 0 0 0 0 0 0 0 0 0 0 0 0 0 0 0 0 0 0 0 0 0 0 0 0 0 0 0 0 0 0 0 0 0 0 0 0 0 0 0 0 0 0 0 0 0 0]
[237898535276566088695775551024398816952695921887187996703661934120677246456550340103523186276852797621031363856624410543144369350042157618535753739295164163163358311182092129836981999242562285669807451003051922807397182775708923261171940907471883764693490850516439001410864487736744697407187988695174 0 0 0 0 0 0 0 0 1 0 0 0 0 0 0 0 0 0 0 0 0 0 0 0 0 0 0 0 0 0 0 0 0 0 0 0 0 0 0 0 0 0 0 0 0 0 0 0 0 0 0 0 0 0 0 0 0 0 0 0 0 0 0 0 0 0 0 0 0 0 0 0 0 0 0 0 0 0 0 0 0 0 0 0 0 0 0 0 0 0 0 0 0 0 0 0 0 0 0]
[2874792627003504986765354453914587769850618614287969449196064306813955915887659114281762773368759233197077079535590984975448016070616413341138466269580260126879978683559613910417756320468852158500206449687407348709783358618643187056141640871850409283379541703011022567799605896951810995608723059564113 0 0 0 0 0 0 0 0 0 1 0 0 0 0 0 0 0 0 0 0 0 0 0 0 0 0 0 0 0 0 0 0 0 0 0 0 0 0 0 0 0 0 0 0 0 0 0 0 0 0 0 0 0 0 0 0 0 0 0 0 0 0 0 0 0 0 0 0 0 0 0 0 0 0 0 0 0 0 0 0 0 0 0 0 0 0 0 0 0 0 0 0 0 0 0 0 0 0 0]
[4409034910581381742449999648654331648463313925200912352082255274237109756600768314462009909134051991811739414437954598771172513247188592049875783162005488258752203829908966852921223162876840417431030153809048778048685034542921687545863933721146155945562816960228676114808259803934325937813961149734204 0 0 0 0 0 0 0 0 0 0 1 0 0 0 0 0 0 0 0 0 0 0 0 0 0 0 0 0 0 0 0 0 0 0 0 0 0 0 0 0 0 0 0 0 0 0 0 0 0 0 0 0 0 0 0 0 0 0 0 0 0 0 0 0 0 0 0 0 0 0 0 0 0 0 0 0 0 0 0 0 0 0 0 0 0 0 0 0 0 0 0 0 0 0 0 0 0 0 0]
[148313884795593830735652121326321853580227696330637659569468002058145493500731712131636516580079075367541663726641214426591119967055337004881625739319547941689260256983516512526585185161763709284301391996708257706879273227664905988699994519370259361009824249786701124723871658373339436546503956040641 0 0 0 0 0 0 0 0 0 0 0 1 0 0 0 0 0 0 0 0 0 0 0 0 0 0 0 0 0 0 0 0 0 0 0 0 0 0 0 0 0 0 0 0 0 0 0 0 0 0 0 0 0 0 0 0 0 0 0 0 0 0 0 0 0 0 0 0 0 0 0 0 0 0 0 0 0 0 0 0 0 0 0 0 0 0 0 0 0 0 0 0 0 0 0 0 0 0 0]
[2691073722527058048306373904025249631687383241811639089798184696549313423583241266366455117170140285671584638272405460309847091603382983026561981596697194144786971157905988669792485597054358085924039351588225926025768035592665558084506229559539439003986280959634525464331448300752491118302526405935924 0 0 0 0 0 0 0 0 0 0 0 0 1 0 0 0 0 0 0 0 0 0 0 0 0 0 0 0 0 0 0 0 0 0 0 0 0 0 0 0 0 0 0 0 0 0 0 0 0 0 0 0 0 0 0 0 0 0 0 0 0 0 0 0 0 0 0 0 0 0 0 0 0 0 0 0 0 0 0 0 0 0 0 0 0 0 0 0 0 0 0 0 0 0 0 0 0 0 0]
[4942426201370689140317737835164080092512178816313149411353603563703967253059518801286261927611284654070587366289409727981157749027554926306456051197674659149897981302339436852852947450578527130512880537727469700952375992999857414084055406220431046584728621133277491891966019503386256000142400721251143 0 0 0 0 0 0 0 0 0 0 0 0 0 1 0 0 0 0 0 0 0 0 0 0 0 0 0 0 0 0 0 0 0 0 0 0 0 0 0 0 0 0 0 0 0 0 0 0 0 0 0 0 0 0 0 0 0 0 0 0 0 0 0 0 0 0 0 0 0 0 0 0 0 0 0 0 0 0 0 0 0 0 0 0 0 0 0 0 0 0 0 0 0 0 0 0 0 0 0]
[2824845352239374863473839127956623422721599361564251482980110567910280404889724498351031448225100883611593635612906338508031995747410762696181100799151820338607195801724862201781637489928642898003556518403601102494384328472589967975443145306782954625282905360903599910002310342798475247040169515915689 0 0 0 0 0 0 0 0 0 0 0 0 0 0 1 0 0 0 0 0 0 0 0 0 0 0 0 0 0 0 0 0 0 0 0 0 0 0 0 0 0 0 0 0 0 0 0 0 0 0 0 0 0 0 0 0 0 0 0 0 0 0 0 0 0 0 0 0 0 0 0 0 0 0 0 0 0 0 0 0 0 0 0 0 0 0 0 0 0 0 0 0 0 0 0 0 0 0 0]
[2237357573906415642539728796735968644638976293609233934648602584819156612962493939194640458920486708490652629911480916912309235505012611158633233874104380893936295240520362171498290598387930222585316929350625152620961600847663048614302709506568114925120673940769941595138321203130784823204983748779342 0 0 0 0 0 0 0 0 0 0 0 0 0 0 0 1 0 0 0 0 0 0 0 0 0 0 0 0 0 0 0 0 0 0 0 0 0 0 0 0 0 0 0 0 0 0 0 0 0 0 0 0 0 0 0 0 0 0 0 0 0 0 0 0 0 0 0 0 0 0 0 0 0 0 0 0 0 0 0 0 0 0 0 0 0 0 0 0 0 0 0 0 0 0 0 0 0 0 0]
[5711915484343332056112165364290539673226689967933451130622579532853187425709963941243452177698960234401263238812582129901644605661680932765637341014388988963145269065698567694411924784684062627245387831793992056394996510625044703493777965579558044825233191749007905042268185501133708913872597404522564 0 0 0 0 0 0 0 0 0 0 0 0 0 0 0 0 1 0 0 0 0 0 0 0 0 0 0 0 0 0 0 0 0 0 0 0 0 0 0 0 0 0 0 0 0 0 0 0 0 0 0 0 0 0 0 0 0 0 0 0 0 0 0 0 0 0 0 0 0 0 0 0 0 0 0 0 0 0 0 0 0 0 0 0 0 0 0 0 0 0 0 0 0 0 0 0 0 0 0]
[881616385254107409372865382714991511476032534612678454216991667677541610143611239931872897775343096861706912120684999031637792768542892815607410404487343415791557911336266155770565626700947062678015824417495718630134854481641769095365936678982697944578343894983366383627835257838728591405287461799536 0 0 0 0 0 0 0 0 0 0 0 0 0 0 0 0 0 1 0 0 0 0 0 0 0 0 0 0 0 0 0 0 0 0 0 0 0 0 0 0 0 0 0 0 0 0 0 0 0 0 0 0 0 0 0 0 0 0 0 0 0 0 0 0 0 0 0 0 0 0 0 0 0 0 0 0 0 0 0 0 0 0 0 0 0 0 0 0 0 0 0 0 0 0 0 0 0 0 0]
[3058424327742240262706399300210609086761002816792377750522829362018230591165709983919706349805161776200116651849911212416768741751996822751056705222568395400946475314372923729738303347074125792737507124233517244772714573802207907551088935128788992460991898397901340076515467322672559454086194069132459 0 0 0 0 0 0 0 0 0 0 0 0 0 0 0 0 0 0 1 0 0 0 0 0 0 0 0 0 0 0 0 0 0 0 0 0 0 0 0 0 0 0 0 0 0 0 0 0 0 0 0 0 0 0 0 0 0 0 0 0 0 0 0 0 0 0 0 0 0 0 0 0 0 0 0 0 0 0 0 0 0 0 0 0 0 0 0 0 0 0 0 0 0 0 0 0 0 0 0]
[5165535437827076963185716755949442861328243488379671274451317611087163284236349601828534429351539062772332468426665756437339963966814651567724407961854193942560046466367278994099708484605942792398255749064073255844699930806812401404045861525958010199794092159634701520725019255628892079940129457215715 0 0 0 0 0 0 0 0 0 0 0 0 0 0 0 0 0 0 0 1 0 0 0 0 0 0 0 0 0 0 0 0 0 0 0 0 0 0 0 0 0 0 0 0 0 0 0 0 0 0 0 0 0 0 0 0 0 0 0 0 0 0 0 0 0 0 0 0 0 0 0 0 0 0 0 0 0 0 0 0 0 0 0 0 0 0 0 0 0 0 0 0 0 0 0 0 0 0 0]
[4774252744279644032448175228059349915829283216996405126041866534929556477199998365522776111348030508619569953380260393771131751213065759615767121488219132962034821950505435688697775981101002981941862170549667663115613797221153830883140005306470321983160323479344804807791516500205646112754686985042260 0 0 0 0 0 0 0 0 0 0 0 0 0 0 0 0 0 0 0 0 1 0 0 0 0 0 0 0 0 0 0 0 0 0 0 0 0 0 0 0 0 0 0 0 0 0 0 0 0 0 0 0 0 0 0 0 0 0 0 0 0 0 0 0 0 0 0 0 0 0 0 0 0 0 0 0 0 0 0 0 0 0 0 0 0 0 0 0 0 0 0 0 0 0 0 0 0 0 0]
[699250031691442195526454748160907281502226121252737653610878094130465634403082535784422241707262029299409502219748200272522099063639936985822862556873584152054620134291407460843139706201203072033366152587863438800309665482000902448715397855217228309118477109585891175702301019190373560197269098970547 0 0 0 0 0 0 0 0 0 0 0 0 0 0 0 0 0 0 0 0 0 1 0 0 0 0 0 0 0 0 0 0 0 0 0 0 0 0 0 0 0 0 0 0 0 0 0 0 0 0 0 0 0 0 0 0 0 0 0 0 0 0 0 0 0 0 0 0 0 0 0 0 0 0 0 0 0 0 0 0 0 0 0 0 0 0 0 0 0 0 0 0 0 0 0 0 0 0 0]
[5141843835136381156358256047369609243368865244197424313161496520601284238571909302012906986009616540884780680223374774855194253338106325729833055850330058665554536739417270822373718447197458121820141841630780732244364987987950966771796855411681705522368441600958836789921213584119467037952796575210082 0 0 0 0 0 0 0 0 0 0 0 0 0 0 0 0 0 0 0 0 0 0 1 0 0 0 0 0 0 0 0 0 0 0 0 0 0 0 0 0 0 0 0 0 0 0 0 0 0 0 0 0 0 0 0 0 0 0 0 0 0 0 0 0 0 0 0 0 0 0 0 0 0 0 0 0 0 0 0 0 0 0 0 0 0 0 0 0 0 0 0 0 0 0 0 0 0 0 0]
[770591543689586881317679001519378726352338918813980486791488745672787427871907965142719516966014455637101197845615798336035921703779370353755999580921998634830725084548731402668607182180833789470290290643644389912937934053778049711460261375747917999877670370986770112690904069292976142171251090773709 0 0 0 0 0 0 0 0 0 0 0 0 0 0 0 0 0 0 0 0 0 0 0 1 0 0 0 0 0 0 0 0 0 0 0 0 0 0 0 0 0 0 0 0 0 0 0 0 0 0 0 0 0 0 0 0 0 0 0 0 0 0 0 0 0 0 0 0 0 0 0 0 0 0 0 0 0 0 0 0 0 0 0 0 0 0 0 0 0 0 0 0 0 0 0 0 0 0 0]
[3533941538691966188662213040870976029684133241916747360820017128279423256497276012848371269726615253359301541459407580157699041150082720692151745012786835365088489830235588906314627644226955142264943447402446432202847364012722066764966393178272197092305856074804230668853805464783924396532205213517283 0 0 0 0 0 0 0 0 0 0 0 0 0 0 0 0 0 0 0 0 0 0 0 0 1 0 0 0 0 0 0 0 0 0 0 0 0 0 0 0 0 0 0 0 0 0 0 0 0 0 0 0 0 0 0 0 0 0 0 0 0 0 0 0 0 0 0 0 0 0 0 0 0 0 0 0 0 0 0 0 0 0 0 0 0 0 0 0 0 0 0 0 0 0 0 0 0 0 0]
[4073134504681960128442563239764126548097464708557173687320224128928281962220547403026743042206908306859572792019914085158077065435371344868671139859373669821462093352256617130308905362139054605588732614587878232973046110974517720196194635602921335059659978473856448989029669700676228634674449076975512 0 0 0 0 0 0 0 0 0 0 0 0 0 0 0 0 0 0 0 0 0 0 0 0 0 1 0 0 0 0 0 0 0 0 0 0 0 0 0 0 0 0 0 0 0 0 0 0 0 0 0 0 0 0 0 0 0 0 0 0 0 0 0 0 0 0 0 0 0 0 0 0 0 0 0 0 0 0 0 0 0 0 0 0 0 0 0 0 0 0 0 0 0 0 0 0 0 0 0]
[4629663349474024405251355565754211659390371120607934253618221327327771474710630426566461566652547799677694620206121595317163929463187496957959285448479997357430884081120760700379269614856983094419571271283058693531122821846576171650712187893390398201430988508077079056960509620490616199023008239789866 0 0 0 0 0 0 0 0 0 0 0 0 0 0 0 0 0 0 0 0 0 0 0 0 0 0 1 0 0 0 0 0 0 0 0 0 0 0 0 0 0 0 0 0 0 0 0 0 0 0 0 0 0 0 0 0 0 0 0 0 0 0 0 0 0 0 0 0 0 0 0 0 0 0 0 0 0 0 0 0 0 0 0 0 0 0 0 0 0 0 0 0 0 0 0 0 0 0 0]
[2712331024551556315848953806269972898193424866999022436081377609070730664503771733021268552754243988893797385614146675932077962365148351647044242443900074168025996835061095148163708920516790439337943251483303762158431800150270825177316516825320433517084369399270475830667673557917289695256111773096511 0 0 0 0 0 0 0 0 0 0 0 0 0 0 0 0 0 0 0 0 0 0 0 0 0 0 0 1 0 0 0 0 0 0 0 0 0 0 0 0 0 0 0 0 0 0 0 0 0 0 0 0 0 0 0 0 0 0 0 0 0 0 0 0 0 0 0 0 0 0 0 0 0 0 0 0 0 0 0 0 0 0 0 0 0 0 0 0 0 0 0 0 0 0 0 0 0 0 0]
[2098976321929579731206098160967484055595040638595896365019159915414083094723862110503137771545156027338792170598750473545837301026443487644196568556084289402796807231280019578429687942821090221187088094597725166897867758612591452320920645081721118563292318333961946767592720469182946429583364413294597 0 0 0 0 0 0 0 0 0 0 0 0 0 0 0 0 0 0 0 0 0 0 0 0 0 0 0 0 1 0 0 0 0 0 0 0 0 0 0 0 0 0 0 0 0 0 0 0 0 0 0 0 0 0 0 0 0 0 0 0 0 0 0 0 0 0 0 0 0 0 0 0 0 0 0 0 0 0 0 0 0 0 0 0 0 0 0 0 0 0 0 0 0 0 0 0 0 0 0]
[1581932589225294318853181607059723636533912784913026207801800353234157331685116307832046178612357778528563241803476752001798338982575931947383125239118998090771772744145555158951797343037770366855803833345355336013850850818711566014758186166895743701334386929617972949282608665455031252483751765408814 0 0 0 0 0 0 0 0 0 0 0 0 0 0 0 0 0 0 0 0 0 0 0 0 0 0 0 0 0 1 0 0 0 0 0 0 0 0 0 0 0 0 0 0 0 0 0 0 0 0 0 0 0 0 0 0 0 0 0 0 0 0 0 0 0 0 0 0 0 0 0 0 0 0 0 0 0 0 0 0 0 0 0 0 0 0 0 0 0 0 0 0 0 0 0 0 0 0 0]
[5469212707022575134262788290542987892629574359001067340011996669854338283325191589874475634878772806304842848414440124086614780186869176659290174833978863568208262408289313485947602431468365292762216257972966666839386239201571130986499593330400445547794584136358382079607444039682622914119550595307712 0 0 0 0 0 0 0 0 0 0 0 0 0 0 0 0 0 0 0 0 0 0 0 0 0 0 0 0 0 0 1 0 0 0 0 0 0 0 0 0 0 0 0 0 0 0 0 0 0 0 0 0 0 0 0 0 0 0 0 0 0 0 0 0 0 0 0 0 0 0 0 0 0 0 0 0 0 0 0 0 0 0 0 0 0 0 0 0 0 0 0 0 0 0 0 0 0 0 0]
[31110899884336743267990753586431683662415400365960200461872120237707990498944921433770339229896866635885987951891811112075760442089689939431946917252578835468777802866907139876787944670210572830136387496177077069872994635426686695600829002227859771232676298225470032854997724037097886332119974732496 0 0 0 0 0 0 0 0 0 0 0 0 0 0 0 0 0 0 0 0 0 0 0 0 0 0 0 0 0 0 0 1 0 0 0 0 0 0 0 0 0 0 0 0 0 0 0 0 0 0 0 0 0 0 0 0 0 0 0 0 0 0 0 0 0 0 0 0 0 0 0 0 0 0 0 0 0 0 0 0 0 0 0 0 0 0 0 0 0 0 0 0 0 0 0 0 0 0 0]
[432019816531829836635528657390946686179351308977749980035559446172807582278877745484351301014694580913195732805577712137822406203865588969791113409920850987940993813509576330892415765397794683912884850887212548578368027368267376725673106642267686021163740579973684613491363974780558263314829150118137 0 0 0 0 0 0 0 0 0 0 0 0 0 0 0 0 0 0 0 0 0 0 0 0 0 0 0 0 0 0 0 0 1 0 0 0 0 0 0 0 0 0 0 0 0 0 0 0 0 0 0 0 0 0 0 0 0 0 0 0 0 0 0 0 0 0 0 0 0 0 0 0 0 0 0 0 0 0 0 0 0 0 0 0 0 0 0 0 0 0 0 0 0 0 0 0 0 0 0]
[2161423613269694108597666096458546719954279355362218483441019749022984528606728510494646856120806294374930898175309260573670928814242090446352474846817689044270709688388297641247759231991485437067896651745424229632704667104782306961386018431188186372880173087857180131943884921836370747561952359950053 0 0 0 0 0 0 0 0 0 0 0 0 0 0 0 0 0 0 0 0 0 0 0 0 0 0 0 0 0 0 0 0 0 1 0 0 0 0 0 0 0 0 0 0 0 0 0 0 0 0 0 0 0 0 0 0 0 0 0 0 0 0 0 0 0 0 0 0 0 0 0 0 0 0 0 0 0 0 0 0 0 0 0 0 0 0 0 0 0 0 0 0 0 0 0 0 0 0 0]
[1693183908236748511937356607647256552778212749624197415214712265736962798524010106217625835233541674815254155286092030886542089422801636667572099540958802336324863159747709587545655495940355694319319956359350237321289797613302052028609292013631187487489101876872856177244589690362999570327729377027936 0 0 0 0 0 0 0 0 0 0 0 0 0 0 0 0 0 0 0 0 0 0 0 0 0 0 0 0 0 0 0 0 0 0 1 0 0 0 0 0 0 0 0 0 0 0 0 0 0 0 0 0 0 0 0 0 0 0 0 0 0 0 0 0 0 0 0 0 0 0 0 0 0 0 0 0 0 0 0 0 0 0 0 0 0 0 0 0 0 0 0 0 0 0 0 0 0 0 0]
[3274935874862842976057239807499642503886473396969356105003672188771240331078353917896579113676240263663008462051965267499283584875437465173415868701806191106288885281998396736100431065737212295112833505343239024453226810927637825694976769869384655240188517574845650749316209446257354490900886488565014 0 0 0 0 0 0 0 0 0 0 0 0 0 0 0 0 0 0 0 0 0 0 0 0 0 0 0 0 0 0 0 0 0 0 0 1 0 0 0 0 0 0 0 0 0 0 0 0 0 0 0 0 0 0 0 0 0 0 0 0 0 0 0 0 0 0 0 0 0 0 0 0 0 0 0 0 0 0 0 0 0 0 0 0 0 0 0 0 0 0 0 0 0 0 0 0 0 0 0]
[4412234089235939335431157131297192394996467304331486482019996351894211532562734685407993858321916953828943106421683109759650916194227909330126633443806191734494129116123111012997404576551555632317085970960175142595405607290507063584814107756024780379991538805376079720640821408995293078534812286935266 0 0 0 0 0 0 0 0 0 0 0 0 0 0 0 0 0 0 0 0 0 0 0 0 0 0 0 0 0 0 0 0 0 0 0 0 1 0 0 0 0 0 0 0 0 0 0 0 0 0 0 0 0 0 0 0 0 0 0 0 0 0 0 0 0 0 0 0 0 0 0 0 0 0 0 0 0 0 0 0 0 0 0 0 0 0 0 0 0 0 0 0 0 0 0 0 0 0 0]
[817130388473343515064902913216625227163578639083246234459805291322955449174816524159762105568195691826884357079665563784693281823967812429576149160252099424215972468149804492089122948411354125714082482016714279390967125175322586112119771513699706378981804981355515083143256161253305381941436893883987 0 0 0 0 0 0 0 0 0 0 0 0 0 0 0 0 0 0 0 0 0 0 0 0 0 0 0 0 0 0 0 0 0 0 0 0 0 1 0 0 0 0 0 0 0 0 0 0 0 0 0 0 0 0 0 0 0 0 0 0 0 0 0 0 0 0 0 0 0 0 0 0 0 0 0 0 0 0 0 0 0 0 0 0 0 0 0 0 0 0 0 0 0 0 0 0 0 0 0]
[447629141470345604563857577839567564597049864196058824861051843915385677995983110878727888013722968360773972814390202509397992830482812054160476733777813561684220908566008478797878927685894215519095285979810603156938209983419016333129912685019964984251007711081440582935817114951558624918617738076942 0 0 0 0 0 0 0 0 0 0 0 0 0 0 0 0 0 0 0 0 0 0 0 0 0 0 0 0 0 0 0 0 0 0 0 0 0 0 1 0 0 0 0 0 0 0 0 0 0 0 0 0 0 0 0 0 0 0 0 0 0 0 0 0 0 0 0 0 0 0 0 0 0 0 0 0 0 0 0 0 0 0 0 0 0 0 0 0 0 0 0 0 0 0 0 0 0 0 0]
[3275196858868246258336916881920605564975715975641833500497623239674853719467598436823909898470489426738851027039491797114015936487466933169385214400188576905759361104200601412655618518722415327109014714024132716143067158000479197187236486033399014749207823667489076566342751185428996834905390665134335 0 0 0 0 0 0 0 0 0 0 0 0 0 0 0 0 0 0 0 0 0 0 0 0 0 0 0 0 0 0 0 0 0 0 0 0 0 0 0 1 0 0 0 0 0 0 0 0 0 0 0 0 0 0 0 0 0 0 0 0 0 0 0 0 0 0 0 0 0 0 0 0 0 0 0 0 0 0 0 0 0 0 0 0 0 0 0 0 0 0 0 0 0 0 0 0 0 0 0]
[1657942701645835934624911746592094101215118972276889855105929740807160785680081581939812210022915956876874464628604302267545761390789706712831568221520144137559215661955259555336957996560093304852409786815294322398589513286214837830517102141529767194403864574916949792966704011576339208871438765378955 0 0 0 0 0 0 0 0 0 0 0 0 0 0 0 0 0 0 0 0 0 0 0 0 0 0 0 0 0 0 0 0 0 0 0 0 0 0 0 0 1 0 0 0 0 0 0 0 0 0 0 0 0 0 0 0 0 0 0 0 0 0 0 0 0 0 0 0 0 0 0 0 0 0 0 0 0 0 0 0 0 0 0 0 0 0 0 0 0 0 0 0 0 0 0 0 0 0 0]
[3000307051757600247715983207722010354246707553487275566519250498526979366143644803803617096935032132091735370391849088048885988698292278672453904301201226985944298999525553161435425610583424633942180264788555674258956280345463111504249279386604881534444777438527993770486400613512945069891212893180077 0 0 0 0 0 0 0 0 0 0 0 0 0 0 0 0 0 0 0 0 0 0 0 0 0 0 0 0 0 0 0 0 0 0 0 0 0 0 0 0 0 1 0 0 0 0 0 0 0 0 0 0 0 0 0 0 0 0 0 0 0 0 0 0 0 0 0 0 0 0 0 0 0 0 0 0 0 0 0 0 0 0 0 0 0 0 0 0 0 0 0 0 0 0 0 0 0 0 0]
[3691939246571317713324165951814537735461204227456520847504646544754158144594419924994276181199990195549718816672653151103920667703817077515264215034622811639559961248636908991486167602945009382190881798877952689742763601548353477850594717345699821397328604008742118813548628158207414725335633062953068 0 0 0 0 0 0 0 0 0 0 0 0 0 0 0 0 0 0 0 0 0 0 0 0 0 0 0 0 0 0 0 0 0 0 0 0 0 0 0 0 0 0 1 0 0 0 0 0 0 0 0 0 0 0 0 0 0 0 0 0 0 0 0 0 0 0 0 0 0 0 0 0 0 0 0 0 0 0 0 0 0 0 0 0 0 0 0 0 0 0 0 0 0 0 0 0 0 0 0]
[4481340414555883026444955570284428359712165225554512963218491223476600794978657705681642519036990114261121208336744325376335489588992646306762504999765587016686527546478117939212106384586808683312591629918779872575221543251213084467909718978427348312027564960622141439944327843884441011528941760554517 0 0 0 0 0 0 0 0 0 0 0 0 0 0 0 0 0 0 0 0 0 0 0 0 0 0 0 0 0 0 0 0 0 0 0 0 0 0 0 0 0 0 0 1 0 0 0 0 0 0 0 0 0 0 0 0 0 0 0 0 0 0 0 0 0 0 0 0 0 0 0 0 0 0 0 0 0 0 0 0 0 0 0 0 0 0 0 0 0 0 0 0 0 0 0 0 0 0 0]
[574031878472409923070673021983861979231190964814209411921049094897930843626082873731863442834670713432339052518474050801210480331845340739579096365095675731357978304314284892418460504105140868454647832964323751737382076444766966181772781000654303886805918878239007341734891938883767693555103082379569 0 0 0 0 0 0 0 0 0 0 0 0 0 0 0 0 0 0 0 0 0 0 0 0 0 0 0 0 0 0 0 0 0 0 0 0 0 0 0 0 0 0 0 0 1 0 0 0 0 0 0 0 0 0 0 0 0 0 0 0 0 0 0 0 0 0 0 0 0 0 0 0 0 0 0 0 0 0 0 0 0 0 0 0 0 0 0 0 0 0 0 0 0 0 0 0 0 0 0]
[5553788946546452587615394127991335467951238067493428652155744524261238385256156255306713384332094222156476066235376987077207236532128798739031620660893026687674491183086677459109816115164572500619509871283635143193333448554085646406773989703117463678812289721269170449563748860962831532573870950014112 0 0 0 0 0 0 0 0 0 0 0 0 0 0 0 0 0 0 0 0 0 0 0 0 0 0 0 0 0 0 0 0 0 0 0 0 0 0 0 0 0 0 0 0 0 1 0 0 0 0 0 0 0 0 0 0 0 0 0 0 0 0 0 0 0 0 0 0 0 0 0 0 0 0 0 0 0 0 0 0 0 0 0 0 0 0 0 0 0 0 0 0 0 0 0 0 0 0 0]
[5248384312321467382030555088325488718182708818412601597579062704039317194495541570454586252552763877988660948057711628541189522572102927875386274224262509698416179918672523346168060595134072925357212734249680487919369913020575879852285803824769410597300550742877448665071721417200283372220997189677154 0 0 0 0 0 0 0 0 0 0 0 0 0 0 0 0 0 0 0 0 0 0 0 0 0 0 0 0 0 0 0 0 0 0 0 0 0 0 0 0 0 0 0 0 0 0 1 0 0 0 0 0 0 0 0 0 0 0 0 0 0 0 0 0 0 0 0 0 0 0 0 0 0 0 0 0 0 0 0 0 0 0 0 0 0 0 0 0 0 0 0 0 0 0 0 0 0 0 0]
[4249948479476918912694394528796760485813081110161449207749061233078425796536964936306724846251795591830111057887808526331342564287238360242054477988826666685481906857427019408805306877351725554473378674053206353640338174888985486822712230269653075060358178208664498701730509014385509006138724304764609 0 0 0 0 0 0 0 0 0 0 0 0 0 0 0 0 0 0 0 0 0 0 0 0 0 0 0 0 0 0 0 0 0 0 0 0 0 0 0 0 0 0 0 0 0 0 0 1 0 0 0 0 0 0 0 0 0 0 0 0 0 0 0 0 0 0 0 0 0 0 0 0 0 0 0 0 0 0 0 0 0 0 0 0 0 0 0 0 0 0 0 0 0 0 0 0 0 0 0]
[4870517014728863864149516526926384851260955991486705253362496543436099541916514848153995062663457980925598593150986300825953806801077765290606909547367570076613538383179409645089708550570842131330975812786468321345223963811426122369980434966902442772181119886898128421008039953664281071713863329886503 0 0 0 0 0 0 0 0 0 0 0 0 0 0 0 0 0 0 0 0 0 0 0 0 0 0 0 0 0 0 0 0 0 0 0 0 0 0 0 0 0 0 0 0 0 0 0 0 1 0 0 0 0 0 0 0 0 0 0 0 0 0 0 0 0 0 0 0 0 0 0 0 0 0 0 0 0 0 0 0 0 0 0 0 0 0 0 0 0 0 0 0 0 0 0 0 0 0 0]
[52708643793657290137095796861919488563505692943318091240411018581339184918493671726219824966459729541126258317379815875849371913693899959921963591305062497368765412169124720530720980101047115625758347113150805988257720782206292967919940391307310506588816164355311015165015123651638028736207823297872 0 0 0 0 0 0 0 0 0 0 0 0 0 0 0 0 0 0 0 0 0 0 0 0 0 0 0 0 0 0 0 0 0 0 0 0 0 0 0 0 0 0 0 0 0 0 0 0 0 1 0 0 0 0 0 0 0 0 0 0 0 0 0 0 0 0 0 0 0 0 0 0 0 0 0 0 0 0 0 0 0 0 0 0 0 0 0 0 0 0 0 0 0 0 0 0 0 0 0]
[3967605003097446811503169712266527711626841097251092644903303050146776961137616987394879013183354178866477729010878152188419339456479891085886653849793832971619930673622296003945740058733326622986059744147955226669786131695747044767035372570185290651635289638158726613649741560456664636413332842836955 0 0 0 0 0 0 0 0 0 0 0 0 0 0 0 0 0 0 0 0 0 0 0 0 0 0 0 0 0 0 0 0 0 0 0 0 0 0 0 0 0 0 0 0 0 0 0 0 0 0 1 0 0 0 0 0 0 0 0 0 0 0 0 0 0 0 0 0 0 0 0 0 0 0 0 0 0 0 0 0 0 0 0 0 0 0 0 0 0 0 0 0 0 0 0 0 0 0 0]
[762920244876432942646983420267283543881701766238924917125688831592546823998178163312635177579636972648190490488303619585967847793091546037873223474622417455379140415102838656884322663457970728529382337017258586687357543712285718788482788027515684658709754415026856511827719314466703795479282123158734 0 0 0 0 0 0 0 0 0 0 0 0 0 0 0 0 0 0 0 0 0 0 0 0 0 0 0 0 0 0 0 0 0 0 0 0 0 0 0 0 0 0 0 0 0 0 0 0 0 0 0 1 0 0 0 0 0 0 0 0 0 0 0 0 0 0 0 0 0 0 0 0 0 0 0 0 0 0 0 0 0 0 0 0 0 0 0 0 0 0 0 0 0 0 0 0 0 0 0]
[5614496234981586918405867618050972859887429308741538149658737171924748986654864974808043836210458120159974879580228146253376199356830449435191754623948575371405447153336222659657120876417365563017162854665916875486927222257848383027181932326193081766223862414055999381607120395196566621254026844353104 0 0 0 0 0 0 0 0 0 0 0 0 0 0 0 0 0 0 0 0 0 0 0 0 0 0 0 0 0 0 0 0 0 0 0 0 0 0 0 0 0 0 0 0 0 0 0 0 0 0 0 0 1 0 0 0 0 0 0 0 0 0 0 0 0 0 0 0 0 0 0 0 0 0 0 0 0 0 0 0 0 0 0 0 0 0 0 0 0 0 0 0 0 0 0 0 0 0 0]
[107307288050267733707793952379665756927946176797411432238504225188633142672755345377215951458719841651846561233087279026309448160812636607359909116113228766264958442670041571994383916904803348330995220067155530346726788506682499352905274754540045008925915775187802370606833249928180925082474957035380 0 0 0 0 0 0 0 0 0 0 0 0 0 0 0 0 0 0 0 0 0 0 0 0 0 0 0 0 0 0 0 0 0 0 0 0 0 0 0 0 0 0 0 0 0 0 0 0 0 0 0 0 0 1 0 0 0 0 0 0 0 0 0 0 0 0 0 0 0 0 0 0 0 0 0 0 0 0 0 0 0 0 0 0 0 0 0 0 0 0 0 0 0 0 0 0 0 0 0]
[5319205370338769051118506682405240190927058869158616521764656545507599279612862154734564986451434389446471157041576131669293536496258101857278075525255949304032598037426549268672031128556695026137074394145230412335926721695902818954154682853249221235752372348074512014923625816478017644542571432772173 0 0 0 0 0 0 0 0 0 0 0 0 0 0 0 0 0 0 0 0 0 0 0 0 0 0 0 0 0 0 0 0 0 0 0 0 0 0 0 0 0 0 0 0 0 0 0 0 0 0 0 0 0 0 1 0 0 0 0 0 0 0 0 0 0 0 0 0 0 0 0 0 0 0 0 0 0 0 0 0 0 0 0 0 0 0 0 0 0 0 0 0 0 0 0 0 0 0 0]
[3091878721851649442358796397385112184493077577931506088100554330014935216739251871953270238641119314856167585194652851690842327931742135995603188110321544398072702111219168832650512953537939436518455574641050070012682907040224498442273686415342475399934799230077697700392464077149795438878480908191310 0 0 0 0 0 0 0 0 0 0 0 0 0 0 0 0 0 0 0 0 0 0 0 0 0 0 0 0 0 0 0 0 0 0 0 0 0 0 0 0 0 0 0 0 0 0 0 0 0 0 0 0 0 0 0 1 0 0 0 0 0 0 0 0 0 0 0 0 0 0 0 0 0 0 0 0 0 0 0 0 0 0 0 0 0 0 0 0 0 0 0 0 0 0 0 0 0 0 0]
[2378238127084061700562907181970299074863870211278020654128016908948266744503174423650822940444280075444953619459965054361380571107368537661990261117742081535006014704385107381663299610933446901670975235206919167532462623489379133259220552094838351545237847967241511599116491041228218955744375905438408 0 0 0 0 0 0 0 0 0 0 0 0 0 0 0 0 0 0 0 0 0 0 0 0 0 0 0 0 0 0 0 0 0 0 0 0 0 0 0 0 0 0 0 0 0 0 0 0 0 0 0 0 0 0 0 0 1 0 0 0 0 0 0 0 0 0 0 0 0 0 0 0 0 0 0 0 0 0 0 0 0 0 0 0 0 0 0 0 0 0 0 0 0 0 0 0 0 0 0]
[4367934937351814875888876875554305541595776943102095651780752343599000820053340476668890132139543678270695297755154575156925571071364822331444420179587671382020360443036086333057667677736595039970801951969059927447586300537754945186360404912090688987556265668124986894545963069875617119992374427086852 0 0 0 0 0 0 0 0 0 0 0 0 0 0 0 0 0 0 0 0 0 0 0 0 0 0 0 0 0 0 0 0 0 0 0 0 0 0 0 0 0 0 0 0 0 0 0 0 0 0 0 0 0 0 0 0 0 1 0 0 0 0 0 0 0 0 0 0 0 0 0 0 0 0 0 0 0 0 0 0 0 0 0 0 0 0 0 0 0 0 0 0 0 0 0 0 0 0 0]
[3828654775936475590478310550714187676874670825180397512636576720145866831609609033014691348427889785622027218208249621581999921653821104634216638502889056068219679809462857451842861927159905726340773342146490940696559952213884257153702169676451890837747978121814147195366213751095634669652235619453697 0 0 0 0 0 0 0 0 0 0 0 0 0 0 0 0 0 0 0 0 0 0 0 0 0 0 0 0 0 0 0 0 0 0 0 0 0 0 0 0 0 0 0 0 0 0 0 0 0 0 0 0 0 0 0 0 0 0 1 0 0 0 0 0 0 0 0 0 0 0 0 0 0 0 0 0 0 0 0 0 0 0 0 0 0 0 0 0 0 0 0 0 0 0 0 0 0 0 0]
[2527607704099307895964872923149676338735432142774587135974780393305208619118175259804379577843545215448477475250485775043849200727034143037986188453320862274276986313616672898671472787027544551927006777855328349595145472963627067940225659994818301910627707110226473252579478726848389174428009904547600 0 0 0 0 0 0 0 0 0 0 0 0 0 0 0 0 0 0 0 0 0 0 0 0 0 0 0 0 0 0 0 0 0 0 0 0 0 0 0 0 0 0 0 0 0 0 0 0 0 0 0 0 0 0 0 0 0 0 0 1 0 0 0 0 0 0 0 0 0 0 0 0 0 0 0 0 0 0 0 0 0 0 0 0 0 0 0 0 0 0 0 0 0 0 0 0 0 0 0]
[5141210701643710321119339963002710526726697475114366735959860573261685461448240611279949442753664362210832362815683837659617285867355643402095434192307123312088835266299361916029418363242817645281544956863491281300287045554996167274293230994977913196252012789027992448467401583962166233161801577687414 0 0 0 0 0 0 0 0 0 0 0 0 0 0 0 0 0 0 0 0 0 0 0 0 0 0 0 0 0 0 0 0 0 0 0 0 0 0 0 0 0 0 0 0 0 0 0 0 0 0 0 0 0 0 0 0 0 0 0 0 1 0 0 0 0 0 0 0 0 0 0 0 0 0 0 0 0 0 0 0 0 0 0 0 0 0 0 0 0 0 0 0 0 0 0 0 0 0 0]
[1723352133559262172875317458754146407510134930709385313057574059529521004086686204113551717346049265517220756428457317419486671951941902916408593080832821522277957752822347106613024386114072088602642389347695629656659127511930196693196495020088872868899329944313111563616436454702758013185842915449428 0 0 0 0 0 0 0 0 0 0 0 0 0 0 0 0 0 0 0 0 0 0 0 0 0 0 0 0 0 0 0 0 0 0 0 0 0 0 0 0 0 0 0 0 0 0 0 0 0 0 0 0 0 0 0 0 0 0 0 0 0 1 0 0 0 0 0 0 0 0 0 0 0 0 0 0 0 0 0 0 0 0 0 0 0 0 0 0 0 0 0 0 0 0 0 0 0 0 0]
[2510143354014303607651490094095167034725169954393142283264167127776100788337777713285513370552407026713413846250990090747743776079939803305115312905534413959077075147076782746391402578179938600550929326764162047118339796278066323315740774090730677776266592489708980936190241661336667971588491958615976 0 0 0 0 0 0 0 0 0 0 0 0 0 0 0 0 0 0 0 0 0 0 0 0 0 0 0 0 0 0 0 0 0 0 0 0 0 0 0 0 0 0 0 0 0 0 0 0 0 0 0 0 0 0 0 0 0 0 0 0 0 0 1 0 0 0 0 0 0 0 0 0 0 0 0 0 0 0 0 0 0 0 0 0 0 0 0 0 0 0 0 0 0 0 0 0 0 0 0]
[4867838365719135513975127318744298947251349306872920946565917128673800315069593155390816995118259414732141532706832914018852754450482457019213023407394767530441921872238483452443989993970039558653773192614679220466836053379904863386517706727259674630610737791775268683900332951277888763534410779223064 0 0 0 0 0 0 0 0 0 0 0 0 0 0 0 0 0 0 0 0 0 0 0 0 0 0 0 0 0 0 0 0 0 0 0 0 0 0 0 0 0 0 0 0 0 0 0 0 0 0 0 0 0 0 0 0 0 0 0 0 0 0 0 1 0 0 0 0 0 0 0 0 0 0 0 0 0 0 0 0 0 0 0 0 0 0 0 0 0 0 0 0 0 0 0 0 0 0 0]
[4433773939309310686910472717054611937404084039356086067310920532161862591155623645988813449516118153215285300553985441648715460649604547631327387318856410875471777082281557881018158414009107450679320625545404964053406768532137684838424887217779922057727552582365971820911326258668380022161668413035979 0 0 0 0 0 0 0 0 0 0 0 0 0 0 0 0 0 0 0 0 0 0 0 0 0 0 0 0 0 0 0 0 0 0 0 0 0 0 0 0 0 0 0 0 0 0 0 0 0 0 0 0 0 0 0 0 0 0 0 0 0 0 0 0 1 0 0 0 0 0 0 0 0 0 0 0 0 0 0 0 0 0 0 0 0 0 0 0 0 0 0 0 0 0 0 0 0 0 0]
[2963086471175430195845364391619224841966822561360653285138571471105196760864770536660631190704119714659075920354557762906065660124432341246588286137532872291295072030551745628108958767123914177631735370542922157339798595206115675060792028898464923587356354278081516955030377411149196060661259013600250 0 0 0 0 0 0 0 0 0 0 0 0 0 0 0 0 0 0 0 0 0 0 0 0 0 0 0 0 0 0 0 0 0 0 0 0 0 0 0 0 0 0 0 0 0 0 0 0 0 0 0 0 0 0 0 0 0 0 0 0 0 0 0 0 0 1 0 0 0 0 0 0 0 0 0 0 0 0 0 0 0 0 0 0 0 0 0 0 0 0 0 0 0 0 0 0 0 0 0]
[5738116215434735371102839039295662131800926618462133187045361450257008904280211340435411789779735988378266871115545466864225087977972567227372544968478939816094627733726768247750882020087985657282123651236728663016436931068446342315359443228377757941109828507619214555058146315691585001229499839247377 0 0 0 0 0 0 0 0 0 0 0 0 0 0 0 0 0 0 0 0 0 0 0 0 0 0 0 0 0 0 0 0 0 0 0 0 0 0 0 0 0 0 0 0 0 0 0 0 0 0 0 0 0 0 0 0 0 0 0 0 0 0 0 0 0 0 1 0 0 0 0 0 0 0 0 0 0 0 0 0 0 0 0 0 0 0 0 0 0 0 0 0 0 0 0 0 0 0 0]
[1769083448080735735194596194875949252711948738170805763258632101446934756896105962535327214145993771211474961133572498725887502417221775475447004608230021715828157228881956008217917071222997149289060643236097945966412438233919366332458150174631857444500015687492368112453070039860172041995042018894366 0 0 0 0 0 0 0 0 0 0 0 0 0 0 0 0 0 0 0 0 0 0 0 0 0 0 0 0 0 0 0 0 0 0 0 0 0 0 0 0 0 0 0 0 0 0 0 0 0 0 0 0 0 0 0 0 0 0 0 0 0 0 0 0 0 0 0 1 0 0 0 0 0 0 0 0 0 0 0 0 0 0 0 0 0 0 0 0 0 0 0 0 0 0 0 0 0 0 0]
[2127225701357217850107252213201512179907633720176076928467949590379557173647657576398497346678626681683022379772416528211183552783826421690562405263762275505141265086867674985536021162326976481105080718866966313425133232957766217698162007919017185699255821303103188319847179204953004618538626881656747 0 0 0 0 0 0 0 0 0 0 0 0 0 0 0 0 0 0 0 0 0 0 0 0 0 0 0 0 0 0 0 0 0 0 0 0 0 0 0 0 0 0 0 0 0 0 0 0 0 0 0 0 0 0 0 0 0 0 0 0 0 0 0 0 0 0 0 0 1 0 0 0 0 0 0 0 0 0 0 0 0 0 0 0 0 0 0 0 0 0 0 0 0 0 0 0 0 0 0]
[3148130186631192307815857531586101923665042670972454970350734888869580656562731188539783866981669526903614294023742802898280724636197333407662027318656669793447519658126752980709523096246679613312652451899902438456964447678777138721583648925268487264168604685231345948069798352499523353535885119213596 0 0 0 0 0 0 0 0 0 0 0 0 0 0 0 0 0 0 0 0 0 0 0 0 0 0 0 0 0 0 0 0 0 0 0 0 0 0 0 0 0 0 0 0 0 0 0 0 0 0 0 0 0 0 0 0 0 0 0 0 0 0 0 0 0 0 0 0 0 1 0 0 0 0 0 0 0 0 0 0 0 0 0 0 0 0 0 0 0 0 0 0 0 0 0 0 0 0 0]
[5482990307136832173140823500713526339355848404151854954082401895016571171733200073251884174406485166278306336431030570774697502141440680246322688601912291810605033195191231317418088471842928770775401497224977690195694917571631705505553614625113959538496739640634992469480757193909625090432443679866519 0 0 0 0 0 0 0 0 0 0 0 0 0 0 0 0 0 0 0 0 0 0 0 0 0 0 0 0 0 0 0 0 0 0 0 0 0 0 0 0 0 0 0 0 0 0 0 0 0 0 0 0 0 0 0 0 0 0 0 0 0 0 0 0 0 0 0 0 0 0 1 0 0 0 0 0 0 0 0 0 0 0 0 0 0 0 0 0 0 0 0 0 0 0 0 0 0 0 0]
[4322653265818039895715364563283853516408080495025982201694858603658928041384502425447959786880659704728328138504038307950680987090088311897255467659196102473659596912622815924402503113224335176297035409015205201065457831579907494643237347503319868372658074404409609502541472412042965404974930161008088 0 0 0 0 0 0 0 0 0 0 0 0 0 0 0 0 0 0 0 0 0 0 0 0 0 0 0 0 0 0 0 0 0 0 0 0 0 0 0 0 0 0 0 0 0 0 0 0 0 0 0 0 0 0 0 0 0 0 0 0 0 0 0 0 0 0 0 0 0 0 0 1 0 0 0 0 0 0 0 0 0 0 0 0 0 0 0 0 0 0 0 0 0 0 0 0 0 0 0]
[654610690388870725415136336382513073608901248907511068246501613918132980891707933716702622837233822419367607087576587188467562406376517597832581326466455973454161321471322094474951500894534663727443682650655189227177111133232167829713541987249363899763511815650882505864994605427619813715876926722713 0 0 0 0 0 0 0 0 0 0 0 0 0 0 0 0 0 0 0 0 0 0 0 0 0 0 0 0 0 0 0 0 0 0 0 0 0 0 0 0 0 0 0 0 0 0 0 0 0 0 0 0 0 0 0 0 0 0 0 0 0 0 0 0 0 0 0 0 0 0 0 0 1 0 0 0 0 0 0 0 0 0 0 0 0 0 0 0 0 0 0 0 0 0 0 0 0 0 0]
[551611591993452429463799898101688233608891899642341474534494183349540305360968671070942359631696238871433562709081028461284863336156465157566473762717595433042701576827918172228502847276255539449203190699592501401033477939984102407269965020609972651831397038455566783260889291702598385676103580429480 0 0 0 0 0 0 0 0 0 0 0 0 0 0 0 0 0 0 0 0 0 0 0 0 0 0 0 0 0 0 0 0 0 0 0 0 0 0 0 0 0 0 0 0 0 0 0 0 0 0 0 0 0 0 0 0 0 0 0 0 0 0 0 0 0 0 0 0 0 0 0 0 0 1 0 0 0 0 0 0 0 0 0 0 0 0 0 0 0 0 0 0 0 0 0 0 0 0 0]
[1732101877001248510196249060850913616024633941335145547322004448954960621506463787666078678768194094809896244068117183503583285413416104373517637945705431377136872849058796102427502443260246151984180100689803346911623942288600349576762806369067171039790304195912347909148215086851393315893421444322755 0 0 0 0 0 0 0 0 0 0 0 0 0 0 0 0 0 0 0 0 0 0 0 0 0 0 0 0 0 0 0 0 0 0 0 0 0 0 0 0 0 0 0 0 0 0 0 0 0 0 0 0 0 0 0 0 0 0 0 0 0 0 0 0 0 0 0 0 0 0 0 0 0 0 1 0 0 0 0 0 0 0 0 0 0 0 0 0 0 0 0 0 0 0 0 0 0 0 0]
[3667083769316740809692781831718744570697641533684946698629657893977210845200293041887924713592759639402574303581973676889127688570508914706599819821490391544850016714902544733950198661731577682936224627182845978143911229388780272441804469482209220011549935389280520064264673113998415045544275772511380 0 0 0 0 0 0 0 0 0 0 0 0 0 0 0 0 0 0 0 0 0 0 0 0 0 0 0 0 0 0 0 0 0 0 0 0 0 0 0 0 0 0 0 0 0 0 0 0 0 0 0 0 0 0 0 0 0 0 0 0 0 0 0 0 0 0 0 0 0 0 0 0 0 0 0 1 0 0 0 0 0 0 0 0 0 0 0 0 0 0 0 0 0 0 0 0 0 0 0]
[961382883132340295505848354804481717736305104060512957372617715985708181212617452621455719088411753293846624752197807660228358633024222212577032814267155701631426788847007602092334641690623353622104230047732294494932155758578474816053963863801248289676080361301645633146150839026835281160240937219252 0 0 0 0 0 0 0 0 0 0 0 0 0 0 0 0 0 0 0 0 0 0 0 0 0 0 0 0 0 0 0 0 0 0 0 0 0 0 0 0 0 0 0 0 0 0 0 0 0 0 0 0 0 0 0 0 0 0 0 0 0 0 0 0 0 0 0 0 0 0 0 0 0 0 0 0 1 0 0 0 0 0 0 0 0 0 0 0 0 0 0 0 0 0 0 0 0 0 0]
[548608448829245275088707142821331536887026778351812011651091044004834796098405449112192964716729574314034352142721834119782954178364223443679538625074522188683691631660655157152625951153009797025265037646153237228207169215587397709169817454650639074156045642800125540456805785113773065179631436800711 0 0 0 0 0 0 0 0 0 0 0 0 0 0 0 0 0 0 0 0 0 0 0 0 0 0 0 0 0 0 0 0 0 0 0 0 0 0 0 0 0 0 0 0 0 0 0 0 0 0 0 0 0 0 0 0 0 0 0 0 0 0 0 0 0 0 0 0 0 0 0 0 0 0 0 0 0 1 0 0 0 0 0 0 0 0 0 0 0 0 0 0 0 0 0 0 0 0 0]
[3257616581234497429122977346102983650576401327719601100324540934048287832451878453698705724912638283402592694774298815972940254131933335904762006271378871000063093920312341117318977158312541868731499633569617359246717451706418677537995779217642310372133769108600142747380209201483998937329079871350285 0 0 0 0 0 0 0 0 0 0 0 0 0 0 0 0 0 0 0 0 0 0 0 0 0 0 0 0 0 0 0 0 0 0 0 0 0 0 0 0 0 0 0 0 0 0 0 0 0 0 0 0 0 0 0 0 0 0 0 0 0 0 0 0 0 0 0 0 0 0 0 0 0 0 0 0 0 0 1 0 0 0 0 0 0 0 0 0 0 0 0 0 0 0 0 0 0 0 0]
[2721328571051856327263757828271513742570555747863286721922541096769945301826392261582997924796689102168629940303285240433160904212317026085409868085132191402322513349973920194785879751553566429973772839769095219736926488352971010133121476193374226783670183002710232680457301352166560432655444157747620 0 0 0 0 0 0 0 0 0 0 0 0 0 0 0 0 0 0 0 0 0 0 0 0 0 0 0 0 0 0 0 0 0 0 0 0 0 0 0 0 0 0 0 0 0 0 0 0 0 0 0 0 0 0 0 0 0 0 0 0 0 0 0 0 0 0 0 0 0 0 0 0 0 0 0 0 0 0 0 1 0 0 0 0 0 0 0 0 0 0 0 0 0 0 0 0 0 0 0]
[4170231911103833148046229621968654990718516394976024716487451701978491519844621616245113565540392240168456676204419893195020170349270007995453162309101911234696806859211320907707951464068012731230851192979680892495630329811213312465119678599320855981408496967374064873043616166287544340842533269269294 0 0 0 0 0 0 0 0 0 0 0 0 0 0 0 0 0 0 0 0 0 0 0 0 0 0 0 0 0 0 0 0 0 0 0 0 0 0 0 0 0 0 0 0 0 0 0 0 0 0 0 0 0 0 0 0 0 0 0 0 0 0 0 0 0 0 0 0 0 0 0 0 0 0 0 0 0 0 0 0 1 0 0 0 0 0 0 0 0 0 0 0 0 0 0 0 0 0 0]
[3891574264158742545576550746013485132881758888106938676370252780454926235244727888895939829523697890893103874074149907860724448911795923279342557607739889615472709095987156233626363151774614247638842144794877121012342016559067145871279410804604835425242199680377644941151036976296803680179431322541696 0 0 0 0 0 0 0 0 0 0 0 0 0 0 0 0 0 0 0 0 0 0 0 0 0 0 0 0 0 0 0 0 0 0 0 0 0 0 0 0 0 0 0 0 0 0 0 0 0 0 0 0 0 0 0 0 0 0 0 0 0 0 0 0 0 0 0 0 0 0 0 0 0 0 0 0 0 0 0 0 0 1 0 0 0 0 0 0 0 0 0 0 0 0 0 0 0 0 0]
[2692069238794196347753757206742850775746581519629161483312678588865613627892536199626092459758778875805442023963648724308235651515167933822458066293971372098120205924347271404759306863867250773490829923320892373699321524449474548978408749057164283598520327587858659222965300332802847655860490963328145 0 0 0 0 0 0 0 0 0 0 0 0 0 0 0 0 0 0 0 0 0 0 0 0 0 0 0 0 0 0 0 0 0 0 0 0 0 0 0 0 0 0 0 0 0 0 0 0 0 0 0 0 0 0 0 0 0 0 0 0 0 0 0 0 0 0 0 0 0 0 0 0 0 0 0 0 0 0 0 0 0 0 1 0 0 0 0 0 0 0 0 0 0 0 0 0 0 0 0]
[56212835907231725987229539191036362291977225189912917046715881141384605203509638292873612503585177303670842310955313443838626098386468135697251435918076248195842274268536926098024709190168919092970908068475948940507256512827381494088897063564405199447779009243063742997130190560856598107902723794855 0 0 0 0 0 0 0 0 0 0 0 0 0 0 0 0 0 0 0 0 0 0 0 0 0 0 0 0 0 0 0 0 0 0 0 0 0 0 0 0 0 0 0 0 0 0 0 0 0 0 0 0 0 0 0 0 0 0 0 0 0 0 0 0 0 0 0 0 0 0 0 0 0 0 0 0 0 0 0 0 0 0 0 1 0 0 0 0 0 0 0 0 0 0 0 0 0 0 0]
[3495635317279148343165611791386173828442961925760200073780396603099390844064925710128841980782063688986839517446274062845585017887424541082886149054286764876010035754014579595444423906873257653879865414187605116336887775298407170513206738795203894709438281851425826519359530461617403648768256669353567 0 0 0 0 0 0 0 0 0 0 0 0 0 0 0 0 0 0 0 0 0 0 0 0 0 0 0 0 0 0 0 0 0 0 0 0 0 0 0 0 0 0 0 0 0 0 0 0 0 0 0 0 0 0 0 0 0 0 0 0 0 0 0 0 0 0 0 0 0 0 0 0 0 0 0 0 0 0 0 0 0 0 0 0 1 0 0 0 0 0 0 0 0 0 0 0 0 0 0]
[5092900986613901138206626819024242399642871789083097080156300834149623550168368054156215760499305066691175757218046944729147216128496219935982506071557715405742544602754534225780659823891603218869165550597044277719887744795876659898391787552386896581583315637795533895290477697034834658127515584055295 0 0 0 0 0 0 0 0 0 0 0 0 0 0 0 0 0 0 0 0 0 0 0 0 0 0 0 0 0 0 0 0 0 0 0 0 0 0 0 0 0 0 0 0 0 0 0 0 0 0 0 0 0 0 0 0 0 0 0 0 0 0 0 0 0 0 0 0 0 0 0 0 0 0 0 0 0 0 0 0 0 0 0 0 0 1 0 0 0 0 0 0 0 0 0 0 0 0 0]
[4672563138440931315665480460036851497423899200522117476057423408341112725941174641611511474216584167564920654978696436473123929565251022737561649020915901290714208447906488786382143473844157163852021986026889751432876686579350714326879393531357702916818574104839864119633387298561064799657389311854765 0 0 0 0 0 0 0 0 0 0 0 0 0 0 0 0 0 0 0 0 0 0 0 0 0 0 0 0 0 0 0 0 0 0 0 0 0 0 0 0 0 0 0 0 0 0 0 0 0 0 0 0 0 0 0 0 0 0 0 0 0 0 0 0 0 0 0 0 0 0 0 0 0 0 0 0 0 0 0 0 0 0 0 0 0 0 1 0 0 0 0 0 0 0 0 0 0 0 0]
[4689574887988932419674532615193910821412928918990511788310821447668147295713709057241312388108849717324575105745584593895074127751907686645764458579876039783425684158002796602427968035883097580962595823353697919285358551853939124715078229811508592017487154280599872201305011998124006516354846423055754 0 0 0 0 0 0 0 0 0 0 0 0 0 0 0 0 0 0 0 0 0 0 0 0 0 0 0 0 0 0 0 0 0 0 0 0 0 0 0 0 0 0 0 0 0 0 0 0 0 0 0 0 0 0 0 0 0 0 0 0 0 0 0 0 0 0 0 0 0 0 0 0 0 0 0 0 0 0 0 0 0 0 0 0 0 0 0 1 0 0 0 0 0 0 0 0 0 0 0]
[4167854280771720850647574503181915356741393500684810489062821041262507921173294388008513056402653315941654269875705732030959726726621686871419261396693660476639593872251819534663734653767035929351464177917162067510600838634915889437317333132275848574780840756095260891256013441174143324635678229444162 0 0 0 0 0 0 0 0 0 0 0 0 0 0 0 0 0 0 0 0 0 0 0 0 0 0 0 0 0 0 0 0 0 0 0 0 0 0 0 0 0 0 0 0 0 0 0 0 0 0 0 0 0 0 0 0 0 0 0 0 0 0 0 0 0 0 0 0 0 0 0 0 0 0 0 0 0 0 0 0 0 0 0 0 0 0 0 0 1 0 0 0 0 0 0 0 0 0 0]
[4656013755925114072237257633926618905631650310583159898404806560553179429510700197713373407172202866502060092111838703236344209802510765843876422569159366646501382822619680122157029006907284074755887725684820025062850387973520249762523782504613769014763824670075032296027031181213968368070537325573951 0 0 0 0 0 0 0 0 0 0 0 0 0 0 0 0 0 0 0 0 0 0 0 0 0 0 0 0 0 0 0 0 0 0 0 0 0 0 0 0 0 0 0 0 0 0 0 0 0 0 0 0 0 0 0 0 0 0 0 0 0 0 0 0 0 0 0 0 0 0 0 0 0 0 0 0 0 0 0 0 0 0 0 0 0 0 0 0 0 1 0 0 0 0 0 0 0 0 0]
[5234985169066521536268179132868107030169167758942147633202970055051556423676753672985935077338371552431692736170483315780641536509193218071634022626997271985409208348122372989591206721514918850928243586808346304182951928263488094415668711256544809492265187708606610417264795211824993419483636112100538 0 0 0 0 0 0 0 0 0 0 0 0 0 0 0 0 0 0 0 0 0 0 0 0 0 0 0 0 0 0 0 0 0 0 0 0 0 0 0 0 0 0 0 0 0 0 0 0 0 0 0 0 0 0 0 0 0 0 0 0 0 0 0 0 0 0 0 0 0 0 0 0 0 0 0 0 0 0 0 0 0 0 0 0 0 0 0 0 0 0 1 0 0 0 0 0 0 0 0]
[859004444878495974685922926583621434043867260341986489475972349319055112519776457989486921853520274913122996758367104177338584490370887449972333693842597606995112556029765917804214399541958783081920564183664084348278090003681471097342059051913173701302306891040494485132003484510565961211478214389547 0 0 0 0 0 0 0 0 0 0 0 0 0 0 0 0 0 0 0 0 0 0 0 0 0 0 0 0 0 0 0 0 0 0 0 0 0 0 0 0 0 0 0 0 0 0 0 0 0 0 0 0 0 0 0 0 0 0 0 0 0 0 0 0 0 0 0 0 0 0 0 0 0 0 0 0 0 0 0 0 0 0 0 0 0 0 0 0 0 0 0 1 0 0 0 0 0 0 0]
[4005646584923206967044478092184301937805094103429518260171731482558144493074301293962561433686439204246866730585756897615057637655322183772176991258790022619304298462110821197928345436818720582258463574756137512344819538934413348910891972122069004214070244270383092383447878202533108179179292849055641 0 0 0 0 0 0 0 0 0 0 0 0 0 0 0 0 0 0 0 0 0 0 0 0 0 0 0 0 0 0 0 0 0 0 0 0 0 0 0 0 0 0 0 0 0 0 0 0 0 0 0 0 0 0 0 0 0 0 0 0 0 0 0 0 0 0 0 0 0 0 0 0 0 0 0 0 0 0 0 0 0 0 0 0 0 0 0 0 0 0 0 0 1 0 0 0 0 0 0]
[493949471949207147247395836251227813929891512929443033236117327187457338681797738202711145137000845566497072584371919715848199988334642410560267739211939806430506321794235186308359973318416060487037217505915652540916273217138429444883359105251175695324044811468292169896443592930864192008657778088984 0 0 0 0 0 0 0 0 0 0 0 0 0 0 0 0 0 0 0 0 0 0 0 0 0 0 0 0 0 0 0 0 0 0 0 0 0 0 0 0 0 0 0 0 0 0 0 0 0 0 0 0 0 0 0 0 0 0 0 0 0 0 0 0 0 0 0 0 0 0 0 0 0 0 0 0 0 0 0 0 0 0 0 0 0 0 0 0 0 0 0 0 0 1 0 0 0 0 0]
[3973938795716837165516429767155395402480361817329819584989429173001508776266587260088141872371719374858719061965441342646985281932176287228300376226126610080164528426420248239569333032856727213100988602355915855302401229837417034547054425182774361079462990594098267331668292973099104273800340577870148 0 0 0 0 0 0 0 0 0 0 0 0 0 0 0 0 0 0 0 0 0 0 0 0 0 0 0 0 0 0 0 0 0 0 0 0 0 0 0 0 0 0 0 0 0 0 0 0 0 0 0 0 0 0 0 0 0 0 0 0 0 0 0 0 0 0 0 0 0 0 0 0 0 0 0 0 0 0 0 0 0 0 0 0 0 0 0 0 0 0 0 0 0 0 1 0 0 0 0]
[5384514831296158795048031902356032665454339470374722888206995856785471811921818759316009939349939683704914679012521672482534778270947443364697187157821787629904608932530116698614750479175591711902970852411416312698393535921783193376694859716182796198842230768184526509239798906228257293848043770186599 0 0 0 0 0 0 0 0 0 0 0 0 0 0 0 0 0 0 0 0 0 0 0 0 0 0 0 0 0 0 0 0 0 0 0 0 0 0 0 0 0 0 0 0 0 0 0 0 0 0 0 0 0 0 0 0 0 0 0 0 0 0 0 0 0 0 0 0 0 0 0 0 0 0 0 0 0 0 0 0 0 0 0 0 0 0 0 0 0 0 0 0 0 0 0 1 0 0 0]
[3567177051152919971691912192137928573289029012801158181040694426177620299038070265560331159535738162130011157158724290586652149136377945743334572678788071735282103429412483220306760622833578105986136338212173618403978234580423087945642099363767163970234003335548956835253524324271361114056288710808972 0 0 0 0 0 0 0 0 0 0 0 0 0 0 0 0 0 0 0 0 0 0 0 0 0 0 0 0 0 0 0 0 0 0 0 0 0 0 0 0 0 0 0 0 0 0 0 0 0 0 0 0 0 0 0 0 0 0 0 0 0 0 0 0 0 0 0 0 0 0 0 0 0 0 0 0 0 0 0 0 0 0 0 0 0 0 0 0 0 0 0 0 0 0 0 0 1 0 0]
[5477562693086932512211626291177816603082999542488915877635679997977816004211435164388182414180325355059794794001378545253629685126203337201181863598075072369400911276430323814420311511236454690013964865857222973489743544661366758724604350698674457082185094815339921979687237771607206869791601636177029 0 0 0 0 0 0 0 0 0 0 0 0 0 0 0 0 0 0 0 0 0 0 0 0 0 0 0 0 0 0 0 0 0 0 0 0 0 0 0 0 0 0 0 0 0 0 0 0 0 0 0 0 0 0 0 0 0 0 0 0 0 0 0 0 0 0 0 0 0 0 0 0 0 0 0 0 0 0 0 0 0 0 0 0 0 0 0 0 0 0 0 0 0 0 0 0 0 1 0]
[2770717708682723467102406361475759413729952643383812909945541668294679971107149250204575741808123269384013485193026785421819874958932992263682886134564611000489385076204486019538523838975695916709156014599688947208551056034275863601708760623291203914628126306200030876692535660045455085714054690203604 0 0 0 0 0 0 0 0 0 0 0 0 0 0 0 0 0 0 0 0 0 0 0 0 0 0 0 0 0 0 0 0 0 0 0 0 0 0 0 0 0 0 0 0 0 0 0 0 0 0 0 0 0 0 0 0 0 0 0 0 0 0 0 0 0 0 0 0 0 0 0 0 0 0 0 0 0 0 0 0 0 0 0 0 0 0 0 0 0 0 0 0 0 0 0 0 0 0 1]
]
