[[8776060296217946059022051544211705776151120948783157261764279166317740687239384838241183111278160283295240310964875149651376725736422954420360430636427917992133466455110271829983177973954732850812947238335587118827227072877872932878436335586443047149099279341168903246244890944553433319096324945286778876448660992634336352506754701 0 0 0 0 0 0 0 0 0 0 0 0 0 0 0 0 0 0 0 0 0 0 0 0 0 0 0 0 0 0 0 0 0 0 0 0 0 0 0 0 0 0 0 0 0 0 0 0 0 0 0 0 0 0 0 0 0 0 0 0 0 0 0 0 0 0 0 0 0 0 0 0 0 0 0 0 0 0 0 0 0 0 0 0 0 0 0 0 0 0 0 0 0 0 0 0 0 0 0 0 0 0 0 0 0 0 0 0 0]
[275995161105965226782586159001118057390688159234129973604295694689353095562360369647083177365219911554244210321376318607495953876276527422587738515191044304427367116918308151333580704383796203295280945578486622751810447028398984098140431217620378459667920604054555569994393741939047713223127966317288208777058425112584049573372190 1 0 0 0 0 0 0 0 0 0 0 0 0 0 0 0 0 0 0 0 0 0 0 0 0 0 0 0 0 0 0 0 0 0 0 0 0 0 0 0 0 0 0 0 0 0 0 0 0 0 0 0 0 0 0 0 0 0 0 0 0 0 0 0 0 0 0 0 0 0 0 0 0 0 0 0 0 0 0 0 0 0 0 0 0 0 0 0 0 0 0 0 0 0 0 0 0 0 0 0 0 0 0 0 0 0 0 0 0]
[4693105380750610826729438388412989562569111014760214916072036503667352275937302283148489761584482057174673697299587197720595275669322900941742305776208120276652323171523212058115683282414527404155245354468031937482183812807347516376839185201893813428055319549777451262244316081245782028825451860797959332645435454767809114856796486 0 1 0 0 0 0 0 0 0 0 0 0 0 0 0 0 0 0 0 0 0 0 0 0 0 0 0 0 0 0 0 0 0 0 0 0 0 0 0 0 0 0 0 0 0 0 0 0 0 0 0 0 0 0 0 0 0 0 0 0 0 0 0 0 0 0 0 0 0 0 0 0 0 0 0 0 0 0 0 0 0 0 0 0 0 0 0 0 0 0 0 0 0 0 0 0 0 0 0 0 0 0 0 0 0 0 0 0 0]
[8048680563658659581227246506617656818006758509101815698040788276265953990092796572573125268115202377219817036642852701158503762275262336007091702454848645492811400175417551849323099962991046068337384156466492763730004579080797334866767253444773769029711977347695753802952402382714535179032281976898651144393238530475583692893557366 0 0 1 0 0 0 0 0 0 0 0 0 0 0 0 0 0 0 0 0 0 0 0 0 0 0 0 0 0 0 0 0 0 0 0 0 0 0 0 0 0 0 0 0 0 0 0 0 0 0 0 0 0 0 0 0 0 0 0 0 0 0 0 0 0 0 0 0 0 0 0 0 0 0 0 0 0 0 0 0 0 0 0 0 0 0 0 0 0 0 0 0 0 0 0 0 0 0 0 0 0 0 0 0 0 0 0 0 0]
[5947951152232743475038651993014431971125684197002117732902864601909971070306536500153575060261165205021873042816395690212853670953443747331903537311315478663605343530661844294369773683414496258054518726247127468042231134761637962174166861383339226761832909994450260110615725776812074622185012136461514303168770564973471678246169458 0 0 0 1 0 0 0 0 0 0 0 0 0 0 0 0 0 0 0 0 0 0 0 0 0 0 0 0 0 0 0 0 0 0 0 0 0 0 0 0 0 0 0 0 0 0 0 0 0 0 0 0 0 0 0 0 0 0 0 0 0 0 0 0 0 0 0 0 0 0 0 0 0 0 0 0 0 0 0 0 0 0 0 0 0 0 0 0 0 0 0 0 0 0 0 0 0 0 0 0 0 0 0 0 0 0 0 0 0]
[1563151774971259496738339278222509254302482885691397758413493343251509396561703814193510153890406768364433557303438106010064527684108070842944594400186848021519155981461986870971270216745544888037323592121423787488648869741204636168680715983806091452012960841813085624532181699499497719511245465813296590069894825115515423243539293 0 0 0 0 1 0 0 0 0 0 0 0 0 0 0 0 0 0 0 0 0 0 0 0 0 0 0 0 0 0 0 0 0 0 0 0 0 0 0 0 0 0 0 0 0 0 0 0 0 0 0 0 0 0 0 0 0 0 0 0 0 0 0 0 0 0 0 0 0 0 0 0 0 0 0 0 0 0 0 0 0 0 0 0 0 0 0 0 0 0 0 0 0 0 0 0 0 0 0 0 0 0 0 0 0 0 0 0 0]
[5431887155569166014460574881896168621044434779180173858900927553915443881510124105105831244511887416987744453764555801674355987845496245283855988686773294695643040754879584573224575792349860585333336284584127419750033550462392993209761079717863572905761879434970600748801829539749267447714081550307075972586895969798592075917144346 0 0 0 0 0 1 0 0 0 0 0 0 0 0 0 0 0 0 0 0 0 0 0 0 0 0 0 0 0 0 0 0 0 0 0 0 0 0 0 0 0 0 0 0 0 0 0 0 0 0 0 0 0 0 0 0 0 0 0 0 0 0 0 0 0 0 0 0 0 0 0 0 0 0 0 0 0 0 0 0 0 0 0 0 0 0 0 0 0 0 0 0 0 0 0 0 0 0 0 0 0 0 0 0 0 0 0 0 0]
[506216354696888393400514828299369645550426241733698948626625385107622529835133947622778540968213332481884470545075969276154137921246729502925773133819008523919484038144517049475548154235741480170685530268085482926866855173947751598049544177341956539252503055953565253087073432807340467113469524979797432089982479252017631238117119 0 0 0 0 0 0 1 0 0 0 0 0 0 0 0 0 0 0 0 0 0 0 0 0 0 0 0 0 0 0 0 0 0 0 0 0 0 0 0 0 0 0 0 0 0 0 0 0 0 0 0 0 0 0 0 0 0 0 0 0 0 0 0 0 0 0 0 0 0 0 0 0 0 0 0 0 0 0 0 0 0 0 0 0 0 0 0 0 0 0 0 0 0 0 0 0 0 0 0 0 0 0 0 0 0 0 0 0 0]
[4845472265917216106870876661327149614190776932327690642668226686672617086936270675765946104985969665850173499843300326998532542035011988111762930702689033644838880001531404176007736780920176745523935048111067166350316957295566179777935638287720713080268062475510444298529657475967772525449432651923128099657981508289594062758352504 0 0 0 0 0 0 0 1 0 0 0 0 0 0 0 0 0 0 0 0 0 0 0 0 0 0 0 0 0 0 0 0 0 0 0 0 0 0 0 0 0 0 0 0 0 0 0 0 0 0 0 0 0 0 0 0 0 0 0 0 0 0 0 0 0 0 0 0 0 0 0 0 0 0 0 0 0 0 0 0 0 0 0 0 0 0 0 0 0 0 0 0 0 0 0 0 0 0 0 0 0 0 0 0 0 0 0 0 0]
[8287778477006323014402584738200094235663579081096923485938941752853578421850611130049440455541566021282037064713058787588818310386372940708041901801108035968753876202192909502153371400608702035617277804720566074927565679318972870524330162104086775825950833561026998195203914065296724507428442665899418062969377621590428105157871261 0 0 0 0 0 0 0 0 1 0 0 0 0 0 0 0 0 0 0 0 0 0 0 0 0 0 0 0 0 0 0 0 0 0 0 0 0 0 0 0 0 0 0 0 0 0 0 0 0 0 0 0 0 0 0 0 0 0 0 0 0 0 0 0 0 0 0 0 0 0 0 0 0 0 0 0 0 0 0 0 0 0 0 0 0 0 0 0 0 0 0 0 0 0 0 0 0 0 0 0 0 0 0 0 0 0 0 0 0]
[1816638568582854297769358548622339469400318717763779414405943817653280110602205780473500952436373632925653737002665304492734724719384419527989696159724090799888602288407414609793372761864558887421477007938944002124742551449401743275855465183324750317236252838010462939839542132599952130844706364112026125730826158242296802421962594 0 0 0 0 0 0 0 0 0 1 0 0 0 0 0 0 0 0 0 0 0 0 0 0 0 0 0 0 0 0 0 0 0 0 0 0 0 0 0 0 0 0 0 0 0 0 0 0 0 0 0 0 0 0 0 0 0 0 0 0 0 0 0 0 0 0 0 0 0 0 0 0 0 0 0 0 0 0 0 0 0 0 0 0 0 0 0 0 0 0 0 0 0 0 0 0 0 0 0 0 0 0 0 0 0 0 0 0 0]
[3540780477171686225599019091516294369015091038260522421198615735845030359833377686957002087570973000068819749503864826168296493535356654269633242797737576728641618114995058592947308694751251065172306141590338387883734711819391343978100822927828881722307075943565567126295536477661309887979399210254475234820339876167831303404284431 0 0 0 0 0 0 0 0 0 0 1 0 0 0 0 0 0 0 0 0 0 0 0 0 0 0 0 0 0 0 0 0 0 0 0 0 0 0 0 0 0 0 0 0 0 0 0 0 0 0 0 0 0 0 0 0 0 0 0 0 0 0 0 0 0 0 0 0 0 0 0 0 0 0 0 0 0 0 0 0 0 0 0 0 0 0 0 0 0 0 0 0 0 0 0 0 0 0 0 0 0 0 0 0 0 0 0 0 0]
[4995670543406954357034149043797555828765289500195386447611674279131836483663349013950577137106448022839520338325340114003190014062611339013290372670524474052381116800749966942494393864401903835217757981335488475048376276507775458932894722850654883333549734007087770199311777124400910509136524898113274401915255469925299885365822787 0 0 0 0 0 0 0 0 0 0 0 1 0 0 0 0 0 0 0 0 0 0 0 0 0 0 0 0 0 0 0 0 0 0 0 0 0 0 0 0 0 0 0 0 0 0 0 0 0 0 0 0 0 0 0 0 0 0 0 0 0 0 0 0 0 0 0 0 0 0 0 0 0 0 0 0 0 0 0 0 0 0 0 0 0 0 0 0 0 0 0 0 0 0 0 0 0 0 0 0 0 0 0 0 0 0 0 0 0]
[2020673504144754856668296700365260461832086226231106116883596698418837891020668332819604001868692831913867482597404600198551033444187025508462143474378253343647853984874464441111596502065134614747133199561422798097219969055747446811728795676975843180292847167511112874644060914252102413055343302658078280191742823340584893178206413 0 0 0 0 0 0 0 0 0 0 0 0 1 0 0 0 0 0 0 0 0 0 0 0 0 0 0 0 0 0 0 0 0 0 0 0 0 0 0 0 0 0 0 0 0 0 0 0 0 0 0 0 0 0 0 0 0 0 0 0 0 0 0 0 0 0 0 0 0 0 0 0 0 0 0 0 0 0 0 0 0 0 0 0 0 0 0 0 0 0 0 0 0 0 0 0 0 0 0 0 0 0 0 0 0 0 0 0 0]
[6139342771476128477841371685650404434662658467428710768136650906377344177239816361675222611248930914029435814969586432237379314037294323124416282493596491964476650239844824707940818455924634488841430751761444153666342167014696116681025594161517380268446230434205717289420183413056888309031470427414259935461788388972995478831197992 0 0 0 0 0 0 0 0 0 0 0 0 0 1 0 0 0 0 0 0 0 0 0 0 0 0 0 0 0 0 0 0 0 0 0 0 0 0 0 0 0 0 0 0 0 0 0 0 0 0 0 0 0 0 0 0 0 0 0 0 0 0 0 0 0 0 0 0 0 0 0 0 0 0 0 0 0 0 0 0 0 0 0 0 0 0 0 0 0 0 0 0 0 0 0 0 0 0 0 0 0 0 0 0 0 0 0 0 0]
[3990892562474566432594547619339872903883683802294423452009633590187581464597829946769235247623366662135014592683521271605364282921614571822406708880076778103469688420627506391276044011489423139747605179149804294414377124076208938900699373214414755214791657306878404041731883405397618002516142829307684274065656845497944990729962747 0 0 0 0 0 0 0 0 0 0 0 0 0 0 1 0 0 0 0 0 0 0 0 0 0 0 0 0 0 0 0 0 0 0 0 0 0 0 0 0 0 0 0 0 0 0 0 0 0 0 0 0 0 0 0 0 0 0 0 0 0 0 0 0 0 0 0 0 0 0 0 0 0 0 0 0 0 0 0 0 0 0 0 0 0 0 0 0 0 0 0 0 0 0 0 0 0 0 0 0 0 0 0 0 0 0 0 0 0]
[3769594315513635479195733036230239639075065669594183015895122605404204010493808257271670140923603311034566586820930523231969077757529814989729642292188115991771791198270487567420977257502217532988157155243471266961617695808024018721768584300984589382510260612881332928555746598842486851766181827934391554307247958151402493260466793 0 0 0 0 0 0 0 0 0 0 0 0 0 0 0 1 0 0 0 0 0 0 0 0 0 0 0 0 0 0 0 0 0 0 0 0 0 0 0 0 0 0 0 0 0 0 0 0 0 0 0 0 0 0 0 0 0 0 0 0 0 0 0 0 0 0 0 0 0 0 0 0 0 0 0 0 0 0 0 0 0 0 0 0 0 0 0 0 0 0 0 0 0 0 0 0 0 0 0 0 0 0 0 0 0 0 0 0 0]
[3370798095504110193428471914230056011726545554441865737852326150619068128506464856314414872794521700168517394866980494997333542638454797850994444615939787559769752551047162760972356828882657477855482236366285051983712159492056718859645073457617834361442091613223165903984141701869073949286871719924255032888399752873665756231235451 0 0 0 0 0 0 0 0 0 0 0 0 0 0 0 0 1 0 0 0 0 0 0 0 0 0 0 0 0 0 0 0 0 0 0 0 0 0 0 0 0 0 0 0 0 0 0 0 0 0 0 0 0 0 0 0 0 0 0 0 0 0 0 0 0 0 0 0 0 0 0 0 0 0 0 0 0 0 0 0 0 0 0 0 0 0 0 0 0 0 0 0 0 0 0 0 0 0 0 0 0 0 0 0 0 0 0 0 0]
[5735798818521740627546327856300568807229074044943520467194522228995570162627884138406381748835433539821173859874267256280330710146039547207921955240667091584417875047618494801157723193028711882450057104525678045293906246817962908681584104612742807228542126509125784139121491412169224475042040134219448778541049701927180159087697530 0 0 0 0 0 0 0 0 0 0 0 0 0 0 0 0 0 1 0 0 0 0 0 0 0 0 0 0 0 0 0 0 0 0 0 0 0 0 0 0 0 0 0 0 0 0 0 0 0 0 0 0 0 0 0 0 0 0 0 0 0 0 0 0 0 0 0 0 0 0 0 0 0 0 0 0 0 0 0 0 0 0 0 0 0 0 0 0 0 0 0 0 0 0 0 0 0 0 0 0 0 0 0 0 0 0 0 0 0]
[990113924655209899666320117133895121366154683300527490848750173131389529887424017835669373087045199473002736389771960649481611230813654258348020871074610726501471039154801827172479852537939906407273422550690912062014918905398964607252214452196237399025446563089701402833521972609668623021145074361674542461328544943734725140236090 0 0 0 0 0 0 0 0 0 0 0 0 0 0 0 0 0 0 1 0 0 0 0 0 0 0 0 0 0 0 0 0 0 0 0 0 0 0 0 0 0 0 0 0 0 0 0 0 0 0 0 0 0 0 0 0 0 0 0 0 0 0 0 0 0 0 0 0 0 0 0 0 0 0 0 0 0 0 0 0 0 0 0 0 0 0 0 0 0 0 0 0 0 0 0 0 0 0 0 0 0 0 0 0 0 0 0 0 0]
[4401093804198411659037200802150631980640407671938524565671299254506156807756988590843494028523230823669789685199341204943622680710640111123649286093719184207402427479638912434647798976942401225709346722174047406252999729243702549151861424693722059929662868386110052365044608502079536933740840467869135444903562943791504698385917057 0 0 0 0 0 0 0 0 0 0 0 0 0 0 0 0 0 0 0 1 0 0 0 0 0 0 0 0 0 0 0 0 0 0 0 0 0 0 0 0 0 0 0 0 0 0 0 0 0 0 0 0 0 0 0 0 0 0 0 0 0 0 0 0 0 0 0 0 0 0 0 0 0 0 0 0 0 0 0 0 0 0 0 0 0 0 0 0 0 0 0 0 0 0 0 0 0 0 0 0 0 0 0 0 0 0 0 0 0]
[7414054406382607676847377924860399560319986373273015150200656875751134795005592778810600416840650720426735731356503439306506317614069548063365953260207227406352785916155861756064855188896325805207728360170108300362093007600033731263887372828932232342686820111474588694147673624550317546833230593059132710779800981539014574602181628 0 0 0 0 0 0 0 0 0 0 0 0 0 0 0 0 0 0 0 0 1 0 0 0 0 0 0 0 0 0 0 0 0 0 0 0 0 0 0 0 0 0 0 0 0 0 0 0 0 0 0 0 0 0 0 0 0 0 0 0 0 0 0 0 0 0 0 0 0 0 0 0 0 0 0 0 0 0 0 0 0 0 0 0 0 0 0 0 0 0 0 0 0 0 0 0 0 0 0 0 0 0 0 0 0 0 0 0 0]
[5541716416293648308289993075538396509289484955694246521325988837643380576874359908614852400372218430164565595990202392583502797517630867657453348119700746418686711608616626156900716950078767856703159680071410035620606655360764847419430553585325686411352542233210204020645127562640125306119059127880847974466839235717457584969309917 0 0 0 0 0 0 0 0 0 0 0 0 0 0 0 0 0 0 0 0 0 1 0 0 0 0 0 0 0 0 0 0 0 0 0 0 0 0 0 0 0 0 0 0 0 0 0 0 0 0 0 0 0 0 0 0 0 0 0 0 0 0 0 0 0 0 0 0 0 0 0 0 0 0 0 0 0 0 0 0 0 0 0 0 0 0 0 0 0 0 0 0 0 0 0 0 0 0 0 0 0 0 0 0 0 0 0 0 0]
[708968150315784439247855019066074931004023137086494525340846237002314882133321547739917078850663712874623099005315934435946179701248160082754326733958855799783007842642915877460725659629613499165338314929124007244325547402508297610655320982827242648089953587872526533098255400255869968568008589250953848452730348118994083982931507 0 0 0 0 0 0 0 0 0 0 0 0 0 0 0 0 0 0 0 0 0 0 1 0 0 0 0 0 0 0 0 0 0 0 0 0 0 0 0 0 0 0 0 0 0 0 0 0 0 0 0 0 0 0 0 0 0 0 0 0 0 0 0 0 0 0 0 0 0 0 0 0 0 0 0 0 0 0 0 0 0 0 0 0 0 0 0 0 0 0 0 0 0 0 0 0 0 0 0 0 0 0 0 0 0 0 0 0 0]
[1048829983525661911780678196240620580710102141409485534442081949335059102425740571261031633119316773789715788844723233457137360613112395316063822206019766117962062715618140248698639393570256808548551375563397733188805413401050405967626027690781983933253950089997259794289069148407089018184441899535483154346636702735341757970866264 0 0 0 0 0 0 0 0 0 0 0 0 0 0 0 0 0 0 0 0 0 0 0 1 0 0 0 0 0 0 0 0 0 0 0 0 0 0 0 0 0 0 0 0 0 0 0 0 0 0 0 0 0 0 0 0 0 0 0 0 0 0 0 0 0 0 0 0 0 0 0 0 0 0 0 0 0 0 0 0 0 0 0 0 0 0 0 0 0 0 0 0 0 0 0 0 0 0 0 0 0 0 0 0 0 0 0 0 0]
[1546332458471586193275012969785927931009364402336669699535474211886293532671999831776149908172250542625200536943422769932440834532560156028437350172650167369659078323054754413050586869894195672610805054617108640497309986119369820486270673895057783499702901992094884473107902788400715498011557054410894467742955854214058843590898349 0 0 0 0 0 0 0 0 0 0 0 0 0 0 0 0 0 0 0 0 0 0 0 0 1 0 0 0 0 0 0 0 0 0 0 0 0 0 0 0 0 0 0 0 0 0 0 0 0 0 0 0 0 0 0 0 0 0 0 0 0 0 0 0 0 0 0 0 0 0 0 0 0 0 0 0 0 0 0 0 0 0 0 0 0 0 0 0 0 0 0 0 0 0 0 0 0 0 0 0 0 0 0 0 0 0 0 0 0]
[6489543823880577233621753356885856573313703084996729708023758064179171405675951510222422999373945067271531122561849857888964276002397792194184988214278699746135689101299344556177963277730297727459412174825987674592014952394865281927591982699784821168677453142455981023724480067334828159604831189098139500302976344487858717228303669 0 0 0 0 0 0 0 0 0 0 0 0 0 0 0 0 0 0 0 0 0 0 0 0 0 1 0 0 0 0 0 0 0 0 0 0 0 0 0 0 0 0 0 0 0 0 0 0 0 0 0 0 0 0 0 0 0 0 0 0 0 0 0 0 0 0 0 0 0 0 0 0 0 0 0 0 0 0 0 0 0 0 0 0 0 0 0 0 0 0 0 0 0 0 0 0 0 0 0 0 0 0 0 0 0 0 0 0 0]
[5118404455768428800611118108166036186039416248598168907838865815028126568853972036545584579031847261676741799162499548693663169871513718701176595723593760707533312105684630710670995996610441881711737865029628244278941222629485767282473794028055013760615862419214987058285339368901386787411778215328245549088211309849456182763658600 0 0 0 0 0 0 0 0 0 0 0 0 0 0 0 0 0 0 0 0 0 0 0 0 0 0 1 0 0 0 0 0 0 0 0 0 0 0 0 0 0 0 0 0 0 0 0 0 0 0 0 0 0 0 0 0 0 0 0 0 0 0 0 0 0 0 0 0 0 0 0 0 0 0 0 0 0 0 0 0 0 0 0 0 0 0 0 0 0 0 0 0 0 0 0 0 0 0 0 0 0 0 0 0 0 0 0 0 0]
[2107087869767598173526125860526318068675335964340080327766202947965273019638915298657996788267681321605584075169004001846104837728588814503282046677331566802537641747799300186479899785837089634905806078764670948443663571466097743802635261253792841689515018874841085540183979408002557489639762372758520197483916544659585678061607769 0 0 0 0 0 0 0 0 0 0 0 0 0 0 0 0 0 0 0 0 0 0 0 0 0 0 0 1 0 0 0 0 0 0 0 0 0 0 0 0 0 0 0 0 0 0 0 0 0 0 0 0 0 0 0 0 0 0 0 0 0 0 0 0 0 0 0 0 0 0 0 0 0 0 0 0 0 0 0 0 0 0 0 0 0 0 0 0 0 0 0 0 0 0 0 0 0 0 0 0 0 0 0 0 0 0 0 0 0]
[5974652460105403525526255759506733068094975711677775259385176706333963237898922172515127439368951901172039242291964025329065627375357840820155278843926158256976716795702851005432934805025146519201572385246212310076873807961511266398493620116526066845181698489645390156555275656679486982934958927296635880289175443209536987170076931 0 0 0 0 0 0 0 0 0 0 0 0 0 0 0 0 0 0 0 0 0 0 0 0 0 0 0 0 1 0 0 0 0 0 0 0 0 0 0 0 0 0 0 0 0 0 0 0 0 0 0 0 0 0 0 0 0 0 0 0 0 0 0 0 0 0 0 0 0 0 0 0 0 0 0 0 0 0 0 0 0 0 0 0 0 0 0 0 0 0 0 0 0 0 0 0 0 0 0 0 0 0 0 0 0 0 0 0 0]
[2296694590700371547592328530253213260562835635474267442353181047938306996847993029147657772292435715230106201046719981295299749918819918551163501607308753915181723568808553726713990090241946734497331439928141385389878131048407347301975701979165344208335645620364471916870966534234585107423573215181926907703292781896456055893586550 0 0 0 0 0 0 0 0 0 0 0 0 0 0 0 0 0 0 0 0 0 0 0 0 0 0 0 0 0 1 0 0 0 0 0 0 0 0 0 0 0 0 0 0 0 0 0 0 0 0 0 0 0 0 0 0 0 0 0 0 0 0 0 0 0 0 0 0 0 0 0 0 0 0 0 0 0 0 0 0 0 0 0 0 0 0 0 0 0 0 0 0 0 0 0 0 0 0 0 0 0 0 0 0 0 0 0 0 0]
[1938370222028832223351107477791565026206062955007006072361826528021287458150722029738006330528620166039207272513962150509269013201449453122665239918275749713375791330752900826635693365541342623957658662526410545161747902436472049169915373261730580419691845253576495267660798804812931763085620473228354572405786962321823676864875841 0 0 0 0 0 0 0 0 0 0 0 0 0 0 0 0 0 0 0 0 0 0 0 0 0 0 0 0 0 0 1 0 0 0 0 0 0 0 0 0 0 0 0 0 0 0 0 0 0 0 0 0 0 0 0 0 0 0 0 0 0 0 0 0 0 0 0 0 0 0 0 0 0 0 0 0 0 0 0 0 0 0 0 0 0 0 0 0 0 0 0 0 0 0 0 0 0 0 0 0 0 0 0 0 0 0 0 0 0]
[233321957903527020725589729506781499168426060626212151159669586461759214032233916669760680454845099216939810949645169922057351230618792882581662010828980581713175010668602359957381921293355999216204254598829181761451471683708417382050701397327662927998604374408792513312600773624582669830272528190438945057640108861731680278571782 0 0 0 0 0 0 0 0 0 0 0 0 0 0 0 0 0 0 0 0 0 0 0 0 0 0 0 0 0 0 0 1 0 0 0 0 0 0 0 0 0 0 0 0 0 0 0 0 0 0 0 0 0 0 0 0 0 0 0 0 0 0 0 0 0 0 0 0 0 0 0 0 0 0 0 0 0 0 0 0 0 0 0 0 0 0 0 0 0 0 0 0 0 0 0 0 0 0 0 0 0 0 0 0 0 0 0 0 0]
[8537797010136602719062625563719124172014237728653480699937779860021744035718974202068494487941623031547841414639054189004797101927068104496203319570454622746224638195411724903786216747706642476260221890355862177751427002667890429473732419781501689567814949819299261302568224870441998599013655599750446222171582531954811049525634035 0 0 0 0 0 0 0 0 0 0 0 0 0 0 0 0 0 0 0 0 0 0 0 0 0 0 0 0 0 0 0 0 1 0 0 0 0 0 0 0 0 0 0 0 0 0 0 0 0 0 0 0 0 0 0 0 0 0 0 0 0 0 0 0 0 0 0 0 0 0 0 0 0 0 0 0 0 0 0 0 0 0 0 0 0 0 0 0 0 0 0 0 0 0 0 0 0 0 0 0 0 0 0 0 0 0 0 0 0]
[6239141290033430314335786625315920013167372387479262187054469175081464796176799519476380153804357811072951655670698935447747287287845611658141774049237406264267886224758993047852378179341119536429906161233105927180235950103073170350213261093922581838324423849928190698231075566131401879656222318708122062425524696388553151081336628 0 0 0 0 0 0 0 0 0 0 0 0 0 0 0 0 0 0 0 0 0 0 0 0 0 0 0 0 0 0 0 0 0 1 0 0 0 0 0 0 0 0 0 0 0 0 0 0 0 0 0 0 0 0 0 0 0 0 0 0 0 0 0 0 0 0 0 0 0 0 0 0 0 0 0 0 0 0 0 0 0 0 0 0 0 0 0 0 0 0 0 0 0 0 0 0 0 0 0 0 0 0 0 0 0 0 0 0 0]
[3944288086859953930973178728294495849972745571313404751187406131259812765232513459204127995082506172002136361972026679998269445724921336975059915080698696253158744560297450398451615669499852599614580721740111530461312755131540226948059777188442133226228056776297860799917329799867585644279986075845791379087496450497471410256311321 0 0 0 0 0 0 0 0 0 0 0 0 0 0 0 0 0 0 0 0 0 0 0 0 0 0 0 0 0 0 0 0 0 0 1 0 0 0 0 0 0 0 0 0 0 0 0 0 0 0 0 0 0 0 0 0 0 0 0 0 0 0 0 0 0 0 0 0 0 0 0 0 0 0 0 0 0 0 0 0 0 0 0 0 0 0 0 0 0 0 0 0 0 0 0 0 0 0 0 0 0 0 0 0 0 0 0 0 0]
[6100476611104077094648095055973065549969345717698153033292661160733607653982534955944380740460324418380118361668774392375794621586027518527437002858129554314887878006948451830587944810760116866194934664250593312288981571024646008092000092195594798254533149358805878532749906231950787421767710968805233068024104887037429390497621312 0 0 0 0 0 0 0 0 0 0 0 0 0 0 0 0 0 0 0 0 0 0 0 0 0 0 0 0 0 0 0 0 0 0 0 1 0 0 0 0 0 0 0 0 0 0 0 0 0 0 0 0 0 0 0 0 0 0 0 0 0 0 0 0 0 0 0 0 0 0 0 0 0 0 0 0 0 0 0 0 0 0 0 0 0 0 0 0 0 0 0 0 0 0 0 0 0 0 0 0 0 0 0 0 0 0 0 0 0]
[7825687623749726128776033412570307205726376780748916223704589488720479055283320007891120080198100257209605830924003688575332613960773019491105341386888563697643746322892661797509790547522416527106282429051746685602819047324344042235557927216524473162356195323877840126073126500791231654418297401492361416634841302631021529985629845 0 0 0 0 0 0 0 0 0 0 0 0 0 0 0 0 0 0 0 0 0 0 0 0 0 0 0 0 0 0 0 0 0 0 0 0 1 0 0 0 0 0 0 0 0 0 0 0 0 0 0 0 0 0 0 0 0 0 0 0 0 0 0 0 0 0 0 0 0 0 0 0 0 0 0 0 0 0 0 0 0 0 0 0 0 0 0 0 0 0 0 0 0 0 0 0 0 0 0 0 0 0 0 0 0 0 0 0 0]
[8534624137015427404801840840529100680322759194182973732946281944105358895646171063292593422219813316424879098394454328869089976672233913133581739087646627518274473306428908579108703140719493831144114566157459589278121393855153188821057694534742337557045196743190592538760825637757325434252571849446616264143304242230005487757077115 0 0 0 0 0 0 0 0 0 0 0 0 0 0 0 0 0 0 0 0 0 0 0 0 0 0 0 0 0 0 0 0 0 0 0 0 0 1 0 0 0 0 0 0 0 0 0 0 0 0 0 0 0 0 0 0 0 0 0 0 0 0 0 0 0 0 0 0 0 0 0 0 0 0 0 0 0 0 0 0 0 0 0 0 0 0 0 0 0 0 0 0 0 0 0 0 0 0 0 0 0 0 0 0 0 0 0 0 0]
[2268501938726970545034041138945100175211263458908576178185119794055802015037750739606363279553674131686126043918470400566568830624766517527791686320764980203946823649483322118344276820524349383115041067287454595824027896091551058989057419177938189459260912541606286875587779635770681547400189699437821372630193270710865125889068658 0 0 0 0 0 0 0 0 0 0 0 0 0 0 0 0 0 0 0 0 0 0 0 0 0 0 0 0 0 0 0 0 0 0 0 0 0 0 1 0 0 0 0 0 0 0 0 0 0 0 0 0 0 0 0 0 0 0 0 0 0 0 0 0 0 0 0 0 0 0 0 0 0 0 0 0 0 0 0 0 0 0 0 0 0 0 0 0 0 0 0 0 0 0 0 0 0 0 0 0 0 0 0 0 0 0 0 0 0]
[7280683840124321731340470423157118615310702768352304935312619512622871286609180013061266242486653275735755626580915696453102872290767396776611366680867184409649212537741980740118657257952916618549843128182078400278554853262138346082950864131215783600540711863824251902879197654421614733078741810687189434504138399730111481185379627 0 0 0 0 0 0 0 0 0 0 0 0 0 0 0 0 0 0 0 0 0 0 0 0 0 0 0 0 0 0 0 0 0 0 0 0 0 0 0 1 0 0 0 0 0 0 0 0 0 0 0 0 0 0 0 0 0 0 0 0 0 0 0 0 0 0 0 0 0 0 0 0 0 0 0 0 0 0 0 0 0 0 0 0 0 0 0 0 0 0 0 0 0 0 0 0 0 0 0 0 0 0 0 0 0 0 0 0 0]
[8740619893935456812098288830532415483378733240596738714451315935489649269892434665299336108260891314428463191527560581453539621041475940393287579137121907522008291810680141317702398862726228441660184164625839462898874941241029223010700498280982147078550989332506946746841644757814462155295619777218695161813337429637497258242239809 0 0 0 0 0 0 0 0 0 0 0 0 0 0 0 0 0 0 0 0 0 0 0 0 0 0 0 0 0 0 0 0 0 0 0 0 0 0 0 0 1 0 0 0 0 0 0 0 0 0 0 0 0 0 0 0 0 0 0 0 0 0 0 0 0 0 0 0 0 0 0 0 0 0 0 0 0 0 0 0 0 0 0 0 0 0 0 0 0 0 0 0 0 0 0 0 0 0 0 0 0 0 0 0 0 0 0 0 0]
[7428482805466144612877134426297038016647280326708392174542718840552563839390791795255756001892759047368683152419688860821654293950624988531774424518945570872959515457598638076266649614778999185693394727542532062055677613576551045132638095774784905053656983804413748139168021812474174317569072185476173231321163656752291106791818754 0 0 0 0 0 0 0 0 0 0 0 0 0 0 0 0 0 0 0 0 0 0 0 0 0 0 0 0 0 0 0 0 0 0 0 0 0 0 0 0 0 1 0 0 0 0 0 0 0 0 0 0 0 0 0 0 0 0 0 0 0 0 0 0 0 0 0 0 0 0 0 0 0 0 0 0 0 0 0 0 0 0 0 0 0 0 0 0 0 0 0 0 0 0 0 0 0 0 0 0 0 0 0 0 0 0 0 0 0]
[8019341930843904834390459480949721361236647961545567804115251532699825984736324910626033446361194806375977281680978914000007253835354713541318543784583107407007614933269768593833772659309477298951672684275684404511210542011097129496668573188411012256893405418767622916655499729290913119227824072412870562116131051426838021799901062 0 0 0 0 0 0 0 0 0 0 0 0 0 0 0 0 0 0 0 0 0 0 0 0 0 0 0 0 0 0 0 0 0 0 0 0 0 0 0 0 0 0 1 0 0 0 0 0 0 0 0 0 0 0 0 0 0 0 0 0 0 0 0 0 0 0 0 0 0 0 0 0 0 0 0 0 0 0 0 0 0 0 0 0 0 0 0 0 0 0 0 0 0 0 0 0 0 0 0 0 0 0 0 0 0 0 0 0 0]
[6694915453615181467981489829743303333496634377222291134920927363345864127913671410620358464808956311590818815946289065836806281419480379211905873597003261285981644467549675407143519379802108269738935247899114174729141249856871377415699257031374863742320190189924962291590067331155449323537235453052331856152512147491230658620265016 0 0 0 0 0 0 0 0 0 0 0 0 0 0 0 0 0 0 0 0 0 0 0 0 0 0 0 0 0 0 0 0 0 0 0 0 0 0 0 0 0 0 0 1 0 0 0 0 0 0 0 0 0 0 0 0 0 0 0 0 0 0 0 0 0 0 0 0 0 0 0 0 0 0 0 0 0 0 0 0 0 0 0 0 0 0 0 0 0 0 0 0 0 0 0 0 0 0 0 0 0 0 0 0 0 0 0 0 0]
[2870756268952750686948311183491077946417212509228119707542358646956493834114921562245524525569917540281816105008808089357209940688225647275192021417361783523523886304567633984190322563417902950927364995248014026342091560151393521222523610434808277678602294794239769298860199624494140001959282564342973263644605265657935973457957038 0 0 0 0 0 0 0 0 0 0 0 0 0 0 0 0 0 0 0 0 0 0 0 0 0 0 0 0 0 0 0 0 0 0 0 0 0 0 0 0 0 0 0 0 1 0 0 0 0 0 0 0 0 0 0 0 0 0 0 0 0 0 0 0 0 0 0 0 0 0 0 0 0 0 0 0 0 0 0 0 0 0 0 0 0 0 0 0 0 0 0 0 0 0 0 0 0 0 0 0 0 0 0 0 0 0 0 0 0]
[656540153628970191368250897507675823013380670359599227415749179453099429210836558977649063071374517973497364573541288875602217211152430722905524020600350028399053430119315957398550209190545849437738340965724120233271871183683203676795125450836035289295344374091150398819881096711548875104001334714904714059914341382496397599961700 0 0 0 0 0 0 0 0 0 0 0 0 0 0 0 0 0 0 0 0 0 0 0 0 0 0 0 0 0 0 0 0 0 0 0 0 0 0 0 0 0 0 0 0 0 1 0 0 0 0 0 0 0 0 0 0 0 0 0 0 0 0 0 0 0 0 0 0 0 0 0 0 0 0 0 0 0 0 0 0 0 0 0 0 0 0 0 0 0 0 0 0 0 0 0 0 0 0 0 0 0 0 0 0 0 0 0 0 0]
[8131407090098462776705215274347712245761852559469799422726974488757313240841291230655610733303956762426966561849424701116000994982924624383723504497010228270957126019132084891543118929776599466894578884030940184413133506761324164359162976521851508960899943797974573607517622791092531823279799878803373178327585003884821529771383562 0 0 0 0 0 0 0 0 0 0 0 0 0 0 0 0 0 0 0 0 0 0 0 0 0 0 0 0 0 0 0 0 0 0 0 0 0 0 0 0 0 0 0 0 0 0 1 0 0 0 0 0 0 0 0 0 0 0 0 0 0 0 0 0 0 0 0 0 0 0 0 0 0 0 0 0 0 0 0 0 0 0 0 0 0 0 0 0 0 0 0 0 0 0 0 0 0 0 0 0 0 0 0 0 0 0 0 0 0]
[2967295474733721655426160658040520616098471747123856452006732286416267829216050376996115111184181621457926312824066386731391216616995030275794973165050404426267526463064580714600763999026553708071436065811189082539192739639541490588436947132182779438569139567645695063656025793218683899334196599878203870298688852787503822204765830 0 0 0 0 0 0 0 0 0 0 0 0 0 0 0 0 0 0 0 0 0 0 0 0 0 0 0 0 0 0 0 0 0 0 0 0 0 0 0 0 0 0 0 0 0 0 0 1 0 0 0 0 0 0 0 0 0 0 0 0 0 0 0 0 0 0 0 0 0 0 0 0 0 0 0 0 0 0 0 0 0 0 0 0 0 0 0 0 0 0 0 0 0 0 0 0 0 0 0 0 0 0 0 0 0 0 0 0 0]
[5881905973730786384077178006878326868598826359786071704047479409740955726239542885947364438396014844810715463863474112306298836423909065072250264692807095200908665638824947235930329983129294489673762843608634712632298852924162415286591776066503076789767232826604166913825175152043506230959902904982356849346389420473398249048263232 0 0 0 0 0 0 0 0 0 0 0 0 0 0 0 0 0 0 0 0 0 0 0 0 0 0 0 0 0 0 0 0 0 0 0 0 0 0 0 0 0 0 0 0 0 0 0 0 1 0 0 0 0 0 0 0 0 0 0 0 0 0 0 0 0 0 0 0 0 0 0 0 0 0 0 0 0 0 0 0 0 0 0 0 0 0 0 0 0 0 0 0 0 0 0 0 0 0 0 0 0 0 0 0 0 0 0 0 0]
[6680048956533552389415913092520939951722102399511215240645589714336521537642740621691015963399480875061502924256755459845311563088247500491377903522230763729387348141220264827892277530654006565111962875240622685426589092163022281726729266843752112878890339808456679233929999404179531078165294765720190123409839165168799358670959639 0 0 0 0 0 0 0 0 0 0 0 0 0 0 0 0 0 0 0 0 0 0 0 0 0 0 0 0 0 0 0 0 0 0 0 0 0 0 0 0 0 0 0 0 0 0 0 0 0 1 0 0 0 0 0 0 0 0 0 0 0 0 0 0 0 0 0 0 0 0 0 0 0 0 0 0 0 0 0 0 0 0 0 0 0 0 0 0 0 0 0 0 0 0 0 0 0 0 0 0 0 0 0 0 0 0 0 0 0]
[1631591495663984589970913922725823853009545992612172200579957460392400057881704078006623825393702610523346395826317329379129704468321322442056055555078183480777166397862197489863551892776685813672205099231956174669424862254006734114348327605808729377326127153342583184540947207432557442012270059711956925665819921982956857208076962 0 0 0 0 0 0 0 0 0 0 0 0 0 0 0 0 0 0 0 0 0 0 0 0 0 0 0 0 0 0 0 0 0 0 0 0 0 0 0 0 0 0 0 0 0 0 0 0 0 0 1 0 0 0 0 0 0 0 0 0 0 0 0 0 0 0 0 0 0 0 0 0 0 0 0 0 0 0 0 0 0 0 0 0 0 0 0 0 0 0 0 0 0 0 0 0 0 0 0 0 0 0 0 0 0 0 0 0 0]
[450361671364113110055695000794567128007432665222715470178407342441254674739579712526779235413224641048999557839724264572713328273690183848525840069606457712866292882054443574232150936582569374758968816712043682056007486825865762659957536223866888057620755823875228828159453734959571093581677704019176672197003851194376035179630349 0 0 0 0 0 0 0 0 0 0 0 0 0 0 0 0 0 0 0 0 0 0 0 0 0 0 0 0 0 0 0 0 0 0 0 0 0 0 0 0 0 0 0 0 0 0 0 0 0 0 0 1 0 0 0 0 0 0 0 0 0 0 0 0 0 0 0 0 0 0 0 0 0 0 0 0 0 0 0 0 0 0 0 0 0 0 0 0 0 0 0 0 0 0 0 0 0 0 0 0 0 0 0 0 0 0 0 0 0]
[6475030000699200260185640891552292376379546409944305724912408020609748151881048779514157011717748897952885192576830070731578636375696602044817489034169625421816107381808584530679195511532749403141394721273749687269938570203157828734387275718430947979562104863226125422799069762947029989745883618508047856311493388563819423329758997 0 0 0 0 0 0 0 0 0 0 0 0 0 0 0 0 0 0 0 0 0 0 0 0 0 0 0 0 0 0 0 0 0 0 0 0 0 0 0 0 0 0 0 0 0 0 0 0 0 0 0 0 1 0 0 0 0 0 0 0 0 0 0 0 0 0 0 0 0 0 0 0 0 0 0 0 0 0 0 0 0 0 0 0 0 0 0 0 0 0 0 0 0 0 0 0 0 0 0 0 0 0 0 0 0 0 0 0 0]
[5744920070618129059022595109607115139273144416221329074985168760236959241457020514319620592120677982092346875483830231265699041457465519516938241732079183220069299684822104545522025856306853983583539841539438884994315104098481637779853211707282572248321492768450317646042223771691319235552535354737323802091229883283357089026949575 0 0 0 0 0 0 0 0 0 0 0 0 0 0 0 0 0 0 0 0 0 0 0 0 0 0 0 0 0 0 0 0 0 0 0 0 0 0 0 0 0 0 0 0 0 0 0 0 0 0 0 0 0 1 0 0 0 0 0 0 0 0 0 0 0 0 0 0 0 0 0 0 0 0 0 0 0 0 0 0 0 0 0 0 0 0 0 0 0 0 0 0 0 0 0 0 0 0 0 0 0 0 0 0 0 0 0 0 0]
[4864246458510590742354485720483199236966654400496263250306448645305286652728628348858129072113053081775622438245375946029381150182160644593763608256361659377471997327767004143631657660265676418719990748879190261789335115000435546319449151510290867811865393044854367621746578449883416663761015033114266340082232873717648049151017677 0 0 0 0 0 0 0 0 0 0 0 0 0 0 0 0 0 0 0 0 0 0 0 0 0 0 0 0 0 0 0 0 0 0 0 0 0 0 0 0 0 0 0 0 0 0 0 0 0 0 0 0 0 0 1 0 0 0 0 0 0 0 0 0 0 0 0 0 0 0 0 0 0 0 0 0 0 0 0 0 0 0 0 0 0 0 0 0 0 0 0 0 0 0 0 0 0 0 0 0 0 0 0 0 0 0 0 0 0]
[4192043900652619792355837308552189271437710007435254690437453747320098648009085436020980361080668938142694490029692073078671616236606745873965140845462826090770526651920008382309106521675850890357903819978840380326180271289891653077193140124400678235620180683471894174949789212211916850777223502387406938907077398535816034556460752 0 0 0 0 0 0 0 0 0 0 0 0 0 0 0 0 0 0 0 0 0 0 0 0 0 0 0 0 0 0 0 0 0 0 0 0 0 0 0 0 0 0 0 0 0 0 0 0 0 0 0 0 0 0 0 1 0 0 0 0 0 0 0 0 0 0 0 0 0 0 0 0 0 0 0 0 0 0 0 0 0 0 0 0 0 0 0 0 0 0 0 0 0 0 0 0 0 0 0 0 0 0 0 0 0 0 0 0 0]
[662675260276616477621256811088497001984311397646590819951087690126008120355384384464600102134009803487600985930418036700613024274884796460633647363811322241813511095130049231754948247840535847442124730262517841919786758468192830093044239727413956385751257463653819336904276028574916612695910676904488873296670210033077929001209350 0 0 0 0 0 0 0 0 0 0 0 0 0 0 0 0 0 0 0 0 0 0 0 0 0 0 0 0 0 0 0 0 0 0 0 0 0 0 0 0 0 0 0 0 0 0 0 0 0 0 0 0 0 0 0 0 1 0 0 0 0 0 0 0 0 0 0 0 0 0 0 0 0 0 0 0 0 0 0 0 0 0 0 0 0 0 0 0 0 0 0 0 0 0 0 0 0 0 0 0 0 0 0 0 0 0 0 0 0]
[3651472559589779390542111008140991113745662706842214963658515592194094461033569369257771502687200332144996901924031062898683271992831358854023291031071601021362472333425310269646343189752954953441679831990316579149221369637475159975810550725104303114569967536459955546638919596848809747012584791315243874007156979688883338452997569 0 0 0 0 0 0 0 0 0 0 0 0 0 0 0 0 0 0 0 0 0 0 0 0 0 0 0 0 0 0 0 0 0 0 0 0 0 0 0 0 0 0 0 0 0 0 0 0 0 0 0 0 0 0 0 0 0 1 0 0 0 0 0 0 0 0 0 0 0 0 0 0 0 0 0 0 0 0 0 0 0 0 0 0 0 0 0 0 0 0 0 0 0 0 0 0 0 0 0 0 0 0 0 0 0 0 0 0 0]
[6308793546468313401149520778026492405782380148794967420176961701867574199427546582190615555237527596131583784450028140021090899337188069632437097101568308217649258999839507310596667258041251488920852641916005412279887101790083129291851182913364576955970946453861895048933411665328979665967981654971381535262879234936900913372628905 0 0 0 0 0 0 0 0 0 0 0 0 0 0 0 0 0 0 0 0 0 0 0 0 0 0 0 0 0 0 0 0 0 0 0 0 0 0 0 0 0 0 0 0 0 0 0 0 0 0 0 0 0 0 0 0 0 0 1 0 0 0 0 0 0 0 0 0 0 0 0 0 0 0 0 0 0 0 0 0 0 0 0 0 0 0 0 0 0 0 0 0 0 0 0 0 0 0 0 0 0 0 0 0 0 0 0 0 0]
[5965172170795252722042959828921678534991533557641195242861590500523238842197477775100452898870095653846454738325245240885038269074940814082588593725638618084816237471142766142977526401161702891495195784535624317299419125379988552538813760345743081065045243938753174066477920776629740952832512936372830013963095231563928930065850362 0 0 0 0 0 0 0 0 0 0 0 0 0 0 0 0 0 0 0 0 0 0 0 0 0 0 0 0 0 0 0 0 0 0 0 0 0 0 0 0 0 0 0 0 0 0 0 0 0 0 0 0 0 0 0 0 0 0 0 1 0 0 0 0 0 0 0 0 0 0 0 0 0 0 0 0 0 0 0 0 0 0 0 0 0 0 0 0 0 0 0 0 0 0 0 0 0 0 0 0 0 0 0 0 0 0 0 0 0]
[160605727895227490597258071294232551370213245547686519678474379598509997060520123817104068948875576936696379645651977325685308612132463294167901403055683879340117661831275741835980748098221982992764942600799365530767396441660050380352531236303287218449782995680984114310762460799887431600633998950552944621458231247687461988928128 0 0 0 0 0 0 0 0 0 0 0 0 0 0 0 0 0 0 0 0 0 0 0 0 0 0 0 0 0 0 0 0 0 0 0 0 0 0 0 0 0 0 0 0 0 0 0 0 0 0 0 0 0 0 0 0 0 0 0 0 1 0 0 0 0 0 0 0 0 0 0 0 0 0 0 0 0 0 0 0 0 0 0 0 0 0 0 0 0 0 0 0 0 0 0 0 0 0 0 0 0 0 0 0 0 0 0 0 0]
[4986442860296789747655578968658831160131850161007301790714154322119462339659184956882658033900879409457226249377478518517635638165518113647130765941619996478897444338151317532362329454556495931566435343705118712755532489561526986040145856083976887136246732834003014169135064665721316462917262042490565408515359006493081063673988999 0 0 0 0 0 0 0 0 0 0 0 0 0 0 0 0 0 0 0 0 0 0 0 0 0 0 0 0 0 0 0 0 0 0 0 0 0 0 0 0 0 0 0 0 0 0 0 0 0 0 0 0 0 0 0 0 0 0 0 0 0 1 0 0 0 0 0 0 0 0 0 0 0 0 0 0 0 0 0 0 0 0 0 0 0 0 0 0 0 0 0 0 0 0 0 0 0 0 0 0 0 0 0 0 0 0 0 0 0]
[4424141578722780349013484605022920304758720314574229401364329184285749479097656586179341193173719946085901596196884618995497755480659105340617235006501548607897727147405795441880123999779293838975275798924797501943755639610181341772344775579331351653710842482924237309060469698485620481797286914120255976371190680019567549592401192 0 0 0 0 0 0 0 0 0 0 0 0 0 0 0 0 0 0 0 0 0 0 0 0 0 0 0 0 0 0 0 0 0 0 0 0 0 0 0 0 0 0 0 0 0 0 0 0 0 0 0 0 0 0 0 0 0 0 0 0 0 0 1 0 0 0 0 0 0 0 0 0 0 0 0 0 0 0 0 0 0 0 0 0 0 0 0 0 0 0 0 0 0 0 0 0 0 0 0 0 0 0 0 0 0 0 0 0 0]
[4893007136921467399062765708553041729261375746244116227380268757356786122604883298440494048729344537803946306661695701097743719302614982770870019892583751116959634151381576438133664454370428417136194257172871895793885241797842294044078501288044569523307030052399409124450110321038285137547824575898503662201492297660278091694554228 0 0 0 0 0 0 0 0 0 0 0 0 0 0 0 0 0 0 0 0 0 0 0 0 0 0 0 0 0 0 0 0 0 0 0 0 0 0 0 0 0 0 0 0 0 0 0 0 0 0 0 0 0 0 0 0 0 0 0 0 0 0 0 1 0 0 0 0 0 0 0 0 0 0 0 0 0 0 0 0 0 0 0 0 0 0 0 0 0 0 0 0 0 0 0 0 0 0 0 0 0 0 0 0 0 0 0 0 0]
[5461601571712569424599878630368159648991752188562808387437491855298606285306638914799462502362113834999732748324791919513061844077382768873256460519953677787573893979610386300157650390434765066765572540636692693570473562740074090835609498070753602119816320555999596533318839181243727046828859992685622839707187351874132268222516674 0 0 0 0 0 0 0 0 0 0 0 0 0 0 0 0 0 0 0 0 0 0 0 0 0 0 0 0 0 0 0 0 0 0 0 0 0 0 0 0 0 0 0 0 0 0 0 0 0 0 0 0 0 0 0 0 0 0 0 0 0 0 0 0 1 0 0 0 0 0 0 0 0 0 0 0 0 0 0 0 0 0 0 0 0 0 0 0 0 0 0 0 0 0 0 0 0 0 0 0 0 0 0 0 0 0 0 0 0]
[5218808511766353764262236947742692542726908226865251250928129929320327450585893731580573506712128645064371957405632429840364434975791956698119757114064422452783694678458759359038789419947154968100842436893442140526728605033205450279509687045703435886672608707508281683633532194467780155459647651377363927146572335514932288005434035 0 0 0 0 0 0 0 0 0 0 0 0 0 0 0 0 0 0 0 0 0 0 0 0 0 0 0 0 0 0 0 0 0 0 0 0 0 0 0 0 0 0 0 0 0 0 0 0 0 0 0 0 0 0 0 0 0 0 0 0 0 0 0 0 0 1 0 0 0 0 0 0 0 0 0 0 0 0 0 0 0 0 0 0 0 0 0 0 0 0 0 0 0 0 0 0 0 0 0 0 0 0 0 0 0 0 0 0 0]
[3752405945151749463223575284726475429098769744615000156737301907520484207401577663444615712453986018921691463022086734372598037213732874440997954414627697921380006214172792982800597717476491602189657770184530071115913255691056750511154887381587999730264340869279974042016586778822788835101557203017658430148551822753041783113624093 0 0 0 0 0 0 0 0 0 0 0 0 0 0 0 0 0 0 0 0 0 0 0 0 0 0 0 0 0 0 0 0 0 0 0 0 0 0 0 0 0 0 0 0 0 0 0 0 0 0 0 0 0 0 0 0 0 0 0 0 0 0 0 0 0 0 1 0 0 0 0 0 0 0 0 0 0 0 0 0 0 0 0 0 0 0 0 0 0 0 0 0 0 0 0 0 0 0 0 0 0 0 0 0 0 0 0 0 0]
[3793317523390224750541251184049357281616156950205282107682477308989284263588520838594560727273699592298812829834237425146781487598660029813603656242168944775046063919090822385567891894031794281104214523322101431713513449851020743245784216856516928973483624456949296266370885729174945282387457332515397996157785033822907777700250740 0 0 0 0 0 0 0 0 0 0 0 0 0 0 0 0 0 0 0 0 0 0 0 0 0 0 0 0 0 0 0 0 0 0 0 0 0 0 0 0 0 0 0 0 0 0 0 0 0 0 0 0 0 0 0 0 0 0 0 0 0 0 0 0 0 0 0 1 0 0 0 0 0 0 0 0 0 0 0 0 0 0 0 0 0 0 0 0 0 0 0 0 0 0 0 0 0 0 0 0 0 0 0 0 0 0 0 0 0]
[5028813040681465720517432197374051526318567532521951752819349482282026983828574324281844534684271332672181323041623519160273152573238297125694339671587085235130653556291465774183195887107331503213150842020855898515750553701435037947703083465072237254239808713511468557214018374732201148676180373826824167691140016110305887684285660 0 0 0 0 0 0 0 0 0 0 0 0 0 0 0 0 0 0 0 0 0 0 0 0 0 0 0 0 0 0 0 0 0 0 0 0 0 0 0 0 0 0 0 0 0 0 0 0 0 0 0 0 0 0 0 0 0 0 0 0 0 0 0 0 0 0 0 0 1 0 0 0 0 0 0 0 0 0 0 0 0 0 0 0 0 0 0 0 0 0 0 0 0 0 0 0 0 0 0 0 0 0 0 0 0 0 0 0 0]
[6630021300390672686626459001847975986289642202804234324055529096636059268346171611403314903887400711041476899346111532364431376196045839361708288843615419863177418454589287826259631556667633451015705719167805708167579388017265038790688717192305658380689718351585439346400442390609291519057379216554895429886018961228660876835317001 0 0 0 0 0 0 0 0 0 0 0 0 0 0 0 0 0 0 0 0 0 0 0 0 0 0 0 0 0 0 0 0 0 0 0 0 0 0 0 0 0 0 0 0 0 0 0 0 0 0 0 0 0 0 0 0 0 0 0 0 0 0 0 0 0 0 0 0 0 1 0 0 0 0 0 0 0 0 0 0 0 0 0 0 0 0 0 0 0 0 0 0 0 0 0 0 0 0 0 0 0 0 0 0 0 0 0 0 0]
[8199459958396343661447848716443056281446997983356326512267691532439354027489421044910194719597372015421097672855748431433760342773966872071526911288307807558190866495783225295323408183743409941084079897598916033450845782707805946975681387593856261479832183226023541953705696603048869440426035806006901422268354660914842043221431144 0 0 0 0 0 0 0 0 0 0 0 0 0 0 0 0 0 0 0 0 0 0 0 0 0 0 0 0 0 0 0 0 0 0 0 0 0 0 0 0 0 0 0 0 0 0 0 0 0 0 0 0 0 0 0 0 0 0 0 0 0 0 0 0 0 0 0 0 0 0 1 0 0 0 0 0 0 0 0 0 0 0 0 0 0 0 0 0 0 0 0 0 0 0 0 0 0 0 0 0 0 0 0 0 0 0 0 0 0]
[7860568727960579729105771372944316259617824609708593943909967876047974504816132991449434961007769143909550274166664127982846351966014619043465753247332257263396508310517639979336778301332202062902285431819124210050415241298308516683047761165662429499580289078706607211774140676791014292615381139155242454399745801545941329035567705 0 0 0 0 0 0 0 0 0 0 0 0 0 0 0 0 0 0 0 0 0 0 0 0 0 0 0 0 0 0 0 0 0 0 0 0 0 0 0 0 0 0 0 0 0 0 0 0 0 0 0 0 0 0 0 0 0 0 0 0 0 0 0 0 0 0 0 0 0 0 0 1 0 0 0 0 0 0 0 0 0 0 0 0 0 0 0 0 0 0 0 0 0 0 0 0 0 0 0 0 0 0 0 0 0 0 0 0 0]
[1442417322366881508152929065311998617025536653060422601005818776040371499653750984033142554815136621886077624591163733948919215685810909243781465661652266503232647323249997814760994129500870753147466222451448402142820343540925673282302107135067636678543555069340767909541528781262199221275325483827964727302083429459470531408293852 0 0 0 0 0 0 0 0 0 0 0 0 0 0 0 0 0 0 0 0 0 0 0 0 0 0 0 0 0 0 0 0 0 0 0 0 0 0 0 0 0 0 0 0 0 0 0 0 0 0 0 0 0 0 0 0 0 0 0 0 0 0 0 0 0 0 0 0 0 0 0 0 1 0 0 0 0 0 0 0 0 0 0 0 0 0 0 0 0 0 0 0 0 0 0 0 0 0 0 0 0 0 0 0 0 0 0 0 0]
[3703793021487771610555564178237218175295496349119722600019931688871600937256859230372256233672088757866659385171252594547321857282743259039514880012461079236103996557920746560920035690355728671280518797472555063000213013797615516684638963682054597865797381161980753558541664044132959595841609270797636075847266009298839156178998264 0 0 0 0 0 0 0 0 0 0 0 0 0 0 0 0 0 0 0 0 0 0 0 0 0 0 0 0 0 0 0 0 0 0 0 0 0 0 0 0 0 0 0 0 0 0 0 0 0 0 0 0 0 0 0 0 0 0 0 0 0 0 0 0 0 0 0 0 0 0 0 0 0 1 0 0 0 0 0 0 0 0 0 0 0 0 0 0 0 0 0 0 0 0 0 0 0 0 0 0 0 0 0 0 0 0 0 0 0]
[1424466924641583669179531265135130608411825127696679823256566429932747024593072919997004068672074364714834049490501500119116660634292971332524773613722963709432822218446965577023415246424475446541882783963188013565826064006432692238855809182304864200121126727478585668556946503037750393794166437894479283648102723757861306686184201 0 0 0 0 0 0 0 0 0 0 0 0 0 0 0 0 0 0 0 0 0 0 0 0 0 0 0 0 0 0 0 0 0 0 0 0 0 0 0 0 0 0 0 0 0 0 0 0 0 0 0 0 0 0 0 0 0 0 0 0 0 0 0 0 0 0 0 0 0 0 0 0 0 0 1 0 0 0 0 0 0 0 0 0 0 0 0 0 0 0 0 0 0 0 0 0 0 0 0 0 0 0 0 0 0 0 0 0 0]
[6549340497025966267434350164878060435785505364962776898876540981775881562018969164817260891942059918367114525422230024132606463469802153973975521090898319436890085115148299661784908772656234333985811712267503791639989750157221479554158180046254311155149164946254074269148235085851443380846388517565775850384130615681336354167669512 0 0 0 0 0 0 0 0 0 0 0 0 0 0 0 0 0 0 0 0 0 0 0 0 0 0 0 0 0 0 0 0 0 0 0 0 0 0 0 0 0 0 0 0 0 0 0 0 0 0 0 0 0 0 0 0 0 0 0 0 0 0 0 0 0 0 0 0 0 0 0 0 0 0 0 1 0 0 0 0 0 0 0 0 0 0 0 0 0 0 0 0 0 0 0 0 0 0 0 0 0 0 0 0 0 0 0 0 0]
[6918511791737947078712149360340465192054575587330149102895455813471016064796606063609177035996784103985946897527117192559750983399870916151843924851102400648208970963023636898907467191880401130912562906134673876087098943019198519060068760139381631300252863406520345367267271292019524628318272869647416053545356710813242586940011643 0 0 0 0 0 0 0 0 0 0 0 0 0 0 0 0 0 0 0 0 0 0 0 0 0 0 0 0 0 0 0 0 0 0 0 0 0 0 0 0 0 0 0 0 0 0 0 0 0 0 0 0 0 0 0 0 0 0 0 0 0 0 0 0 0 0 0 0 0 0 0 0 0 0 0 0 1 0 0 0 0 0 0 0 0 0 0 0 0 0 0 0 0 0 0 0 0 0 0 0 0 0 0 0 0 0 0 0 0]
[1171321024688818785301611588369865369078494711445871689573161196589518172310992413784572772086049733035232795925203020042359323236467880295377785648024379212346984686185922613023394575036055837695652468388900162656882686847767207121581610470438841059762809918057734902789516123251092208490028442713755266419217692635294307549092453 0 0 0 0 0 0 0 0 0 0 0 0 0 0 0 0 0 0 0 0 0 0 0 0 0 0 0 0 0 0 0 0 0 0 0 0 0 0 0 0 0 0 0 0 0 0 0 0 0 0 0 0 0 0 0 0 0 0 0 0 0 0 0 0 0 0 0 0 0 0 0 0 0 0 0 0 0 1 0 0 0 0 0 0 0 0 0 0 0 0 0 0 0 0 0 0 0 0 0 0 0 0 0 0 0 0 0 0 0]
[6034189699432862999979695748535356114837786567562787636127547294770993609690124785993956242815464161458391738964518448019595483003396875787884809277011917341500022907899230311778789098765075484846562161628745003841568091204059270976078725285248502469248744282579291761713507587907725665696304491487561038553460900353230497897432416 0 0 0 0 0 0 0 0 0 0 0 0 0 0 0 0 0 0 0 0 0 0 0 0 0 0 0 0 0 0 0 0 0 0 0 0 0 0 0 0 0 0 0 0 0 0 0 0 0 0 0 0 0 0 0 0 0 0 0 0 0 0 0 0 0 0 0 0 0 0 0 0 0 0 0 0 0 0 1 0 0 0 0 0 0 0 0 0 0 0 0 0 0 0 0 0 0 0 0 0 0 0 0 0 0 0 0 0 0]
[4652406977333810600980313983542293775059378735912992146510635006766984072012405380350880587762084371030138941250426937469171987698312865595739649923445963880883278637555173075599932882235232017867008231064641373652987492062995067244338662782879775565369569014963132464534165475269141100862427652288712103952312553270838722073135542 0 0 0 0 0 0 0 0 0 0 0 0 0 0 0 0 0 0 0 0 0 0 0 0 0 0 0 0 0 0 0 0 0 0 0 0 0 0 0 0 0 0 0 0 0 0 0 0 0 0 0 0 0 0 0 0 0 0 0 0 0 0 0 0 0 0 0 0 0 0 0 0 0 0 0 0 0 0 0 1 0 0 0 0 0 0 0 0 0 0 0 0 0 0 0 0 0 0 0 0 0 0 0 0 0 0 0 0 0]
[4776112695973621845263631335541348189400618622740311356602677856814715919688468869839679802702949253277650308635260662255986081983070482058249025183437999554337504099779249800564620322917028726297894284536099307152601535712611294256617510032143110111450679915340478135758790395884260135310320053840515802056735762997314750419707369 0 0 0 0 0 0 0 0 0 0 0 0 0 0 0 0 0 0 0 0 0 0 0 0 0 0 0 0 0 0 0 0 0 0 0 0 0 0 0 0 0 0 0 0 0 0 0 0 0 0 0 0 0 0 0 0 0 0 0 0 0 0 0 0 0 0 0 0 0 0 0 0 0 0 0 0 0 0 0 0 1 0 0 0 0 0 0 0 0 0 0 0 0 0 0 0 0 0 0 0 0 0 0 0 0 0 0 0 0]
[2793790437656357134537051483908092494143967431121929758720748162102126721757659510729035530495362652902231763095564385368682647294234678107423304479505691723026110595549783122335899926526182529473518890777439975108104382807345349498458890141073819525320483371339816089190098541686656157124536579328407762029993224850672473423908005 0 0 0 0 0 0 0 0 0 0 0 0 0 0 0 0 0 0 0 0 0 0 0 0 0 0 0 0 0 0 0 0 0 0 0 0 0 0 0 0 0 0 0 0 0 0 0 0 0 0 0 0 0 0 0 0 0 0 0 0 0 0 0 0 0 0 0 0 0 0 0 0 0 0 0 0 0 0 0 0 0 1 0 0 0 0 0 0 0 0 0 0 0 0 0 0 0 0 0 0 0 0 0 0 0 0 0 0 0]
[7397677765842981941590472854932007910989986365566597916652399841499546149477907758487993154465883310326841072069910791965967226820674626450985888001740722020901097633680937505370856805665214455238027305136665481094244854361865551602251800572794355158609444759238467787095332039635234870623053876724325023539338938614834215147559477 0 0 0 0 0 0 0 0 0 0 0 0 0 0 0 0 0 0 0 0 0 0 0 0 0 0 0 0 0 0 0 0 0 0 0 0 0 0 0 0 0 0 0 0 0 0 0 0 0 0 0 0 0 0 0 0 0 0 0 0 0 0 0 0 0 0 0 0 0 0 0 0 0 0 0 0 0 0 0 0 0 0 1 0 0 0 0 0 0 0 0 0 0 0 0 0 0 0 0 0 0 0 0 0 0 0 0 0 0]
[487177535645710912547895391619890650058473453891443688825675314447606049575855929336215871195793502776070967639791972977534919814709782510589612498035750564637501880072199568247478411061337089052720146183613197133383631970559359393338735968592609432658723080371695717279908367274632043995872261508898184411498521033021355047940783 0 0 0 0 0 0 0 0 0 0 0 0 0 0 0 0 0 0 0 0 0 0 0 0 0 0 0 0 0 0 0 0 0 0 0 0 0 0 0 0 0 0 0 0 0 0 0 0 0 0 0 0 0 0 0 0 0 0 0 0 0 0 0 0 0 0 0 0 0 0 0 0 0 0 0 0 0 0 0 0 0 0 0 1 0 0 0 0 0 0 0 0 0 0 0 0 0 0 0 0 0 0 0 0 0 0 0 0 0]
[1733685087925998589256959129491203610562284856596919533352493756588302195854593461909281781718988941709405972898506891558122205576603467122286052657706029075410268400535156900024003864598068010777730333819730838045303032824165583587947091068368867854796158335626899434097876263917286844828090196255335651769052085224915760545046301 0 0 0 0 0 0 0 0 0 0 0 0 0 0 0 0 0 0 0 0 0 0 0 0 0 0 0 0 0 0 0 0 0 0 0 0 0 0 0 0 0 0 0 0 0 0 0 0 0 0 0 0 0 0 0 0 0 0 0 0 0 0 0 0 0 0 0 0 0 0 0 0 0 0 0 0 0 0 0 0 0 0 0 0 1 0 0 0 0 0 0 0 0 0 0 0 0 0 0 0 0 0 0 0 0 0 0 0 0]
[8601441007977631268342299967632493617783969445988829636169951102747657107625922935542214413110329754672763692401963338543796720350785816578943601923564823233478060143061852893307855368061402267856123849648787261503942294542753713042954601665752930947331380581377164863223123501689981462890497882350503713419076992268133262273128477 0 0 0 0 0 0 0 0 0 0 0 0 0 0 0 0 0 0 0 0 0 0 0 0 0 0 0 0 0 0 0 0 0 0 0 0 0 0 0 0 0 0 0 0 0 0 0 0 0 0 0 0 0 0 0 0 0 0 0 0 0 0 0 0 0 0 0 0 0 0 0 0 0 0 0 0 0 0 0 0 0 0 0 0 0 1 0 0 0 0 0 0 0 0 0 0 0 0 0 0 0 0 0 0 0 0 0 0 0]
[2894638787969893325954142344625479957116473917995526507668244907232112723051348662042875167195952723269779403948905739032304890303452235782130617569977244632651208363397532276178037354787953126960871255139075422133325264375886587467379898816272967155097355176132846132593532590955629964337553015972191032955968800857143126554026247 0 0 0 0 0 0 0 0 0 0 0 0 0 0 0 0 0 0 0 0 0 0 0 0 0 0 0 0 0 0 0 0 0 0 0 0 0 0 0 0 0 0 0 0 0 0 0 0 0 0 0 0 0 0 0 0 0 0 0 0 0 0 0 0 0 0 0 0 0 0 0 0 0 0 0 0 0 0 0 0 0 0 0 0 0 0 1 0 0 0 0 0 0 0 0 0 0 0 0 0 0 0 0 0 0 0 0 0 0]
[7852430479255091797275378767494479356419288003253430024611984415645112262841481132018756039377759465455443729214223900329856578478151489626250448093723016762971872004428025474973047145853197756361327517784426725873843231431271397751248897109688911469578102940367516944186146700030693194326791656361697744390465213795538942569346032 0 0 0 0 0 0 0 0 0 0 0 0 0 0 0 0 0 0 0 0 0 0 0 0 0 0 0 0 0 0 0 0 0 0 0 0 0 0 0 0 0 0 0 0 0 0 0 0 0 0 0 0 0 0 0 0 0 0 0 0 0 0 0 0 0 0 0 0 0 0 0 0 0 0 0 0 0 0 0 0 0 0 0 0 0 0 0 1 0 0 0 0 0 0 0 0 0 0 0 0 0 0 0 0 0 0 0 0 0]
[1317546188846135729957695641834885135276949950560443956539196566978409269031772089580697100128841734077924303531319390801819920780982804423695829454214307392577773638442301515691458440202247866505751912783264892109489519402869322383214390486295267294003871416407995784576875017655010672547641424814418289674695869277712908999121881 0 0 0 0 0 0 0 0 0 0 0 0 0 0 0 0 0 0 0 0 0 0 0 0 0 0 0 0 0 0 0 0 0 0 0 0 0 0 0 0 0 0 0 0 0 0 0 0 0 0 0 0 0 0 0 0 0 0 0 0 0 0 0 0 0 0 0 0 0 0 0 0 0 0 0 0 0 0 0 0 0 0 0 0 0 0 0 0 1 0 0 0 0 0 0 0 0 0 0 0 0 0 0 0 0 0 0 0 0]
[7766969591812101906978674311746437782860734590263088557456691561914915150668387441725043045755982771954593699092285675540385799774399391408856800229992967820129235475219359281657535880529117347201382788694106301959162460319053049892799020542535946225478542795386522536567459619480259223450412399195114064913015251936059338757432554 0 0 0 0 0 0 0 0 0 0 0 0 0 0 0 0 0 0 0 0 0 0 0 0 0 0 0 0 0 0 0 0 0 0 0 0 0 0 0 0 0 0 0 0 0 0 0 0 0 0 0 0 0 0 0 0 0 0 0 0 0 0 0 0 0 0 0 0 0 0 0 0 0 0 0 0 0 0 0 0 0 0 0 0 0 0 0 0 0 1 0 0 0 0 0 0 0 0 0 0 0 0 0 0 0 0 0 0 0]
[4449849278478700966221917760813137008748620528634091031481346850912405788657151232776522716706951226318449532889004134069687591528705061468750074360868993773475688630576097610956752282543541037083622677790233184000144921164167336949069766945151759910176801683888168634245650967815200128126612996837418557539437343876694015922735239 0 0 0 0 0 0 0 0 0 0 0 0 0 0 0 0 0 0 0 0 0 0 0 0 0 0 0 0 0 0 0 0 0 0 0 0 0 0 0 0 0 0 0 0 0 0 0 0 0 0 0 0 0 0 0 0 0 0 0 0 0 0 0 0 0 0 0 0 0 0 0 0 0 0 0 0 0 0 0 0 0 0 0 0 0 0 0 0 0 0 1 0 0 0 0 0 0 0 0 0 0 0 0 0 0 0 0 0 0]
[8121693865243547589740596018732314719806460243020453140749884234110287641614628823011034978672463545305577595796708962751834972297102891671741827629271810037437342211237349795739313835989649006266134749527647189675998211911824393897413944426558608221072217588363690742961531971871528592046559700124757621790468474901701377152694517 0 0 0 0 0 0 0 0 0 0 0 0 0 0 0 0 0 0 0 0 0 0 0 0 0 0 0 0 0 0 0 0 0 0 0 0 0 0 0 0 0 0 0 0 0 0 0 0 0 0 0 0 0 0 0 0 0 0 0 0 0 0 0 0 0 0 0 0 0 0 0 0 0 0 0 0 0 0 0 0 0 0 0 0 0 0 0 0 0 0 0 1 0 0 0 0 0 0 0 0 0 0 0 0 0 0 0 0 0]
[4380415613981556452632837766792324590594408816798336744420323374984660395399633208463663623926652595599807614309217402121100280735122555591935316408110419158926535213771402190365212765774280727591835741699742466422395069212401648018655297566308117538000950718845173683960348758084782663086191934685521757791732871261156514660422007 0 0 0 0 0 0 0 0 0 0 0 0 0 0 0 0 0 0 0 0 0 0 0 0 0 0 0 0 0 0 0 0 0 0 0 0 0 0 0 0 0 0 0 0 0 0 0 0 0 0 0 0 0 0 0 0 0 0 0 0 0 0 0 0 0 0 0 0 0 0 0 0 0 0 0 0 0 0 0 0 0 0 0 0 0 0 0 0 0 0 0 0 1 0 0 0 0 0 0 0 0 0 0 0 0 0 0 0 0]
[2767745902729956725402747082666307690970723845036953573813732659263408826352123964819178370934045591712451649900825047650973154416506219464737512428067074673814906576663762405041902898672380452683675462627603709958218925025433887981019750773288645597791937567037491380600574898491045740491180978703162236784151649401111387970632423 0 0 0 0 0 0 0 0 0 0 0 0 0 0 0 0 0 0 0 0 0 0 0 0 0 0 0 0 0 0 0 0 0 0 0 0 0 0 0 0 0 0 0 0 0 0 0 0 0 0 0 0 0 0 0 0 0 0 0 0 0 0 0 0 0 0 0 0 0 0 0 0 0 0 0 0 0 0 0 0 0 0 0 0 0 0 0 0 0 0 0 0 0 1 0 0 0 0 0 0 0 0 0 0 0 0 0 0 0]
[1233220905921544454814727537617268633505295551940280622917017321792829726503885409428613348669491746853229970698968818809508952326759073724549605919254357057565281708129241501274964951957391941435366161106543444567843840960365891557585395927770979987579414186272203099773404475005508663611620605559478866374322838883325825949246903 0 0 0 0 0 0 0 0 0 0 0 0 0 0 0 0 0 0 0 0 0 0 0 0 0 0 0 0 0 0 0 0 0 0 0 0 0 0 0 0 0 0 0 0 0 0 0 0 0 0 0 0 0 0 0 0 0 0 0 0 0 0 0 0 0 0 0 0 0 0 0 0 0 0 0 0 0 0 0 0 0 0 0 0 0 0 0 0 0 0 0 0 0 0 1 0 0 0 0 0 0 0 0 0 0 0 0 0 0]
[6028518198422654184220621024225259554078777422086520847080007104943679008623491864862495347916572493634691177610970624590909420508996821081324715245799753032955143499067470995713858377996395267600125714513623237733095396977123409937169202557055203459018712985932023979078378521169103183864160288820820160752240862889256618775602796 0 0 0 0 0 0 0 0 0 0 0 0 0 0 0 0 0 0 0 0 0 0 0 0 0 0 0 0 0 0 0 0 0 0 0 0 0 0 0 0 0 0 0 0 0 0 0 0 0 0 0 0 0 0 0 0 0 0 0 0 0 0 0 0 0 0 0 0 0 0 0 0 0 0 0 0 0 0 0 0 0 0 0 0 0 0 0 0 0 0 0 0 0 0 0 1 0 0 0 0 0 0 0 0 0 0 0 0 0]
[5310391826649409416881630094848969952203122997791761883233519700692875237650934799147543514009706423229835261839469615182252994898630659485887140267680644949450701309295190046789074014522297149369321522196856164565618916838898888545535355986276365548534242271162883290236314258207411190484577179106953006252625589722778383340282119 0 0 0 0 0 0 0 0 0 0 0 0 0 0 0 0 0 0 0 0 0 0 0 0 0 0 0 0 0 0 0 0 0 0 0 0 0 0 0 0 0 0 0 0 0 0 0 0 0 0 0 0 0 0 0 0 0 0 0 0 0 0 0 0 0 0 0 0 0 0 0 0 0 0 0 0 0 0 0 0 0 0 0 0 0 0 0 0 0 0 0 0 0 0 0 0 1 0 0 0 0 0 0 0 0 0 0 0 0]
[6502785910780859838526111966264846417255189005336310472742502751005397439577012571146953558838973589875684580299935854039702932604522242029474089299832868830102718674789019137167849093437550912201228152732231871691726771915253557046427124543243911738872267598254897811685966671252216517642266448627954160058218475065159861123441616 0 0 0 0 0 0 0 0 0 0 0 0 0 0 0 0 0 0 0 0 0 0 0 0 0 0 0 0 0 0 0 0 0 0 0 0 0 0 0 0 0 0 0 0 0 0 0 0 0 0 0 0 0 0 0 0 0 0 0 0 0 0 0 0 0 0 0 0 0 0 0 0 0 0 0 0 0 0 0 0 0 0 0 0 0 0 0 0 0 0 0 0 0 0 0 0 0 1 0 0 0 0 0 0 0 0 0 0 0]
[5080801052679009276986498288851628485930172996529314438188551961709010989132401648498534408703989868460740020191930047350384270387661130503911381468256721815275838602858104074647835311885515974616235624687894549704307812487707033537788520652908136233780463152442268406827582386813977519733058168544105748196460547807096298801183024 0 0 0 0 0 0 0 0 0 0 0 0 0 0 0 0 0 0 0 0 0 0 0 0 0 0 0 0 0 0 0 0 0 0 0 0 0 0 0 0 0 0 0 0 0 0 0 0 0 0 0 0 0 0 0 0 0 0 0 0 0 0 0 0 0 0 0 0 0 0 0 0 0 0 0 0 0 0 0 0 0 0 0 0 0 0 0 0 0 0 0 0 0 0 0 0 0 0 1 0 0 0 0 0 0 0 0 0 0]
[3282439280779822716589725423085894708594714917475972846739154657416413259361295741582384171915555366263524241916332802134355679822775385515602448842094260896335247649974559605345189331972428125942595893216233420811790052693662958149172530683834765738652767864165509480696517015538123493460054375346244721057101326230364365239685833 0 0 0 0 0 0 0 0 0 0 0 0 0 0 0 0 0 0 0 0 0 0 0 0 0 0 0 0 0 0 0 0 0 0 0 0 0 0 0 0 0 0 0 0 0 0 0 0 0 0 0 0 0 0 0 0 0 0 0 0 0 0 0 0 0 0 0 0 0 0 0 0 0 0 0 0 0 0 0 0 0 0 0 0 0 0 0 0 0 0 0 0 0 0 0 0 0 0 0 1 0 0 0 0 0 0 0 0 0]
[43051891823816891524629568475424640415413106281098953460848280419977332170241275068962086091195583174371082570185590500478134799011423042998649650135639769278356584361654628287238455249776156950830873090022801712097237156747003305928987300853702130236492735868243332008730787560767850917773405738265431681256077922327775801756364 0 0 0 0 0 0 0 0 0 0 0 0 0 0 0 0 0 0 0 0 0 0 0 0 0 0 0 0 0 0 0 0 0 0 0 0 0 0 0 0 0 0 0 0 0 0 0 0 0 0 0 0 0 0 0 0 0 0 0 0 0 0 0 0 0 0 0 0 0 0 0 0 0 0 0 0 0 0 0 0 0 0 0 0 0 0 0 0 0 0 0 0 0 0 0 0 0 0 0 0 1 0 0 0 0 0 0 0 0]
[5814077914831321571398805258008331526966713634262612961647066214126388006984231777238131792639183806723428479042008281945712300022730315596908007441527066214608149518106049142862179117289887007971136697220802563499002079608809382157623082741752089659276694306513889308340718512721521804834807028934422202105327943476066160329156360 0 0 0 0 0 0 0 0 0 0 0 0 0 0 0 0 0 0 0 0 0 0 0 0 0 0 0 0 0 0 0 0 0 0 0 0 0 0 0 0 0 0 0 0 0 0 0 0 0 0 0 0 0 0 0 0 0 0 0 0 0 0 0 0 0 0 0 0 0 0 0 0 0 0 0 0 0 0 0 0 0 0 0 0 0 0 0 0 0 0 0 0 0 0 0 0 0 0 0 0 0 1 0 0 0 0 0 0 0]
[5710736415643161547678055168695719961949188679506629511483674362827964704794982265463463979414136881397834207343433933048853984199696250855505315584135506487586522093262488289253574171052521558804309110781338096408310597094759779351087977593737918771678176601171459914488410573293069180708066720341619795590922244131503842840683422 0 0 0 0 0 0 0 0 0 0 0 0 0 0 0 0 0 0 0 0 0 0 0 0 0 0 0 0 0 0 0 0 0 0 0 0 0 0 0 0 0 0 0 0 0 0 0 0 0 0 0 0 0 0 0 0 0 0 0 0 0 0 0 0 0 0 0 0 0 0 0 0 0 0 0 0 0 0 0 0 0 0 0 0 0 0 0 0 0 0 0 0 0 0 0 0 0 0 0 0 0 0 1 0 0 0 0 0 0]
[1754341415240906730441243506164866739521911954140607085809151121730908429507690216122865167578086295241709291740084261003969116951480298271960405728718479361850096021483920722209898242008454270181430121432203196694311787351041624013113789747926970380966174187016325744430376784257024935255597268429339283934447628968985156822111196 0 0 0 0 0 0 0 0 0 0 0 0 0 0 0 0 0 0 0 0 0 0 0 0 0 0 0 0 0 0 0 0 0 0 0 0 0 0 0 0 0 0 0 0 0 0 0 0 0 0 0 0 0 0 0 0 0 0 0 0 0 0 0 0 0 0 0 0 0 0 0 0 0 0 0 0 0 0 0 0 0 0 0 0 0 0 0 0 0 0 0 0 0 0 0 0 0 0 0 0 0 0 0 1 0 0 0 0 0]
[7735828332642568680456544360657759656604434881426679745007096490748804887263660848794706251312298209006120107800940161575703615625557412418655988816662220209330805820649627847725717184423368153903950955047640882646323446176641314649132163387925588016773350610334947125048093053410195418194705860538469053924856649971074262729280760 0 0 0 0 0 0 0 0 0 0 0 0 0 0 0 0 0 0 0 0 0 0 0 0 0 0 0 0 0 0 0 0 0 0 0 0 0 0 0 0 0 0 0 0 0 0 0 0 0 0 0 0 0 0 0 0 0 0 0 0 0 0 0 0 0 0 0 0 0 0 0 0 0 0 0 0 0 0 0 0 0 0 0 0 0 0 0 0 0 0 0 0 0 0 0 0 0 0 0 0 0 0 0 0 1 0 0 0 0]
[5678032463238139002521598818956601294395360899485845430615869405207894179515281578563318253727011665209331141724837743813464378928807954874452215496670669752956869512186177578970275367065674083705298957888547236413564401982392962656412883197101882412848750127318466886237698230521361881012008184736182206099358354319369499677605734 0 0 0 0 0 0 0 0 0 0 0 0 0 0 0 0 0 0 0 0 0 0 0 0 0 0 0 0 0 0 0 0 0 0 0 0 0 0 0 0 0 0 0 0 0 0 0 0 0 0 0 0 0 0 0 0 0 0 0 0 0 0 0 0 0 0 0 0 0 0 0 0 0 0 0 0 0 0 0 0 0 0 0 0 0 0 0 0 0 0 0 0 0 0 0 0 0 0 0 0 0 0 0 0 0 1 0 0 0]
[6811086784896384047083578932212239056976859648022312995809025008585724461901834920232302724205511570226461045965907335202944680451402601658428790848562054051174197376925972150255682437096462090998856557426627812235686242988816826965391617248811948192600289899050359909477690289013462462476435463744036946992194811212969410437741120 0 0 0 0 0 0 0 0 0 0 0 0 0 0 0 0 0 0 0 0 0 0 0 0 0 0 0 0 0 0 0 0 0 0 0 0 0 0 0 0 0 0 0 0 0 0 0 0 0 0 0 0 0 0 0 0 0 0 0 0 0 0 0 0 0 0 0 0 0 0 0 0 0 0 0 0 0 0 0 0 0 0 0 0 0 0 0 0 0 0 0 0 0 0 0 0 0 0 0 0 0 0 0 0 0 0 1 0 0]
[5643877642102458004325376719274557745711497933090740632503195769347491001896495107400555436052186025348686167700330395964932869389720601091363701873372459754079493602039219240686145509089817828913067290346659646487708468811395193897142701728126056783322713708289332080406166132878172049091173580235754737874547522787810873933307611 0 0 0 0 0 0 0 0 0 0 0 0 0 0 0 0 0 0 0 0 0 0 0 0 0 0 0 0 0 0 0 0 0 0 0 0 0 0 0 0 0 0 0 0 0 0 0 0 0 0 0 0 0 0 0 0 0 0 0 0 0 0 0 0 0 0 0 0 0 0 0 0 0 0 0 0 0 0 0 0 0 0 0 0 0 0 0 0 0 0 0 0 0 0 0 0 0 0 0 0 0 0 0 0 0 0 0 1 0]
[7212728779469056233586142183569905187158717546306447199363845929746355680956649093299010692767037876100825151230782562209726694979261212634452428224633105836434386439195031783328602554480561193257191280274051995057614193811177001583445184425561732386088022526285098068753384422335605241777894937896942887238435750788655799562060785 0 0 0 0 0 0 0 0 0 0 0 0 0 0 0 0 0 0 0 0 0 0 0 0 0 0 0 0 0 0 0 0 0 0 0 0 0 0 0 0 0 0 0 0 0 0 0 0 0 0 0 0 0 0 0 0 0 0 0 0 0 0 0 0 0 0 0 0 0 0 0 0 0 0 0 0 0 0 0 0 0 0 0 0 0 0 0 0 0 0 0 0 0 0 0 0 0 0 0 0 0 0 0 0 0 0 0 0 1]
]
