[[8016986682024780761179205706185322897159392026248783878335124879301541205284351822399725874122820349166195669873653943375495889372264238685961423885381429410337075126441100098014333622695996883720656580579653321245844282935804111663972676694629331857544116433569760315094677504514813208010002327438497912551676762665902420280432601 0 0 0 0 0 0 0 0 0 0 0 0 0 0 0 0 0 0 0 0 0 0 0 0 0 0 0 0 0 0 0 0 0 0 0 0 0 0 0 0 0 0 0 0 0 0 0 0 0 0 0 0 0 0 0 0 0 0 0 0 0 0 0 0 0 0 0 0 0 0 0 0 0 0 0 0 0 0 0 0 0 0 0 0 0 0 0 0 0 0 0 0 0 0 0 0 0 0 0 0 0 0 0 0 0 0 0 0 0]
[4755183962107416520640255422484942442837365361838472360297327285483378554204849909524196376511805612889037316687138709399959265146765473125749854509750797165828351069849903920772794981159855821922588734065434446123818038493642970893355486582134829806429635260789619820311378529459367091509404343224118119658578593372427359569665465 1 0 0 0 0 0 0 0 0 0 0 0 0 0 0 0 0 0 0 0 0 0 0 0 0 0 0 0 0 0 0 0 0 0 0 0 0 0 0 0 0 0 0 0 0 0 0 0 0 0 0 0 0 0 0 0 0 0 0 0 0 0 0 0 0 0 0 0 0 0 0 0 0 0 0 0 0 0 0 0 0 0 0 0 0 0 0 0 0 0 0 0 0 0 0 0 0 0 0 0 0 0 0 0 0 0 0 0 0]
[6434827871086689611390986980248076845412011225880179766207945579193749044911598862001387301981555124741422979518980140956385739792296758507848834204169351465114910985771348587896588347653715200897689675052680105919215272832465877276443300932164051227519379050762153014748915390038735575572811055419473615228489408016089884092062309 0 1 0 0 0 0 0 0 0 0 0 0 0 0 0 0 0 0 0 0 0 0 0 0 0 0 0 0 0 0 0 0 0 0 0 0 0 0 0 0 0 0 0 0 0 0 0 0 0 0 0 0 0 0 0 0 0 0 0 0 0 0 0 0 0 0 0 0 0 0 0 0 0 0 0 0 0 0 0 0 0 0 0 0 0 0 0 0 0 0 0 0 0 0 0 0 0 0 0 0 0 0 0 0 0 0 0 0 0]
[3624080569436611364680931571286457191519566715870327871499414398371925957121862293871617626122048444279895078444522663501556419414400745531859181580699638318774038489093625608084832581659099368330489268798493170760310876934637926426452912295472434161287916652172359655342360901915748174692417517441634903351242425062064386335872849 0 0 1 0 0 0 0 0 0 0 0 0 0 0 0 0 0 0 0 0 0 0 0 0 0 0 0 0 0 0 0 0 0 0 0 0 0 0 0 0 0 0 0 0 0 0 0 0 0 0 0 0 0 0 0 0 0 0 0 0 0 0 0 0 0 0 0 0 0 0 0 0 0 0 0 0 0 0 0 0 0 0 0 0 0 0 0 0 0 0 0 0 0 0 0 0 0 0 0 0 0 0 0 0 0 0 0 0 0]
[4256241163283390795991763692231861322180190267524073558390696758356559167430836367308701741283859194497071102687500385303106472121084142969416386691876304831877840129569321468569239386837809365343805106473815004561324050794213039387383009147868638660047255900115022787761797997449842036358542310797573115686167927755021986834939330 0 0 0 1 0 0 0 0 0 0 0 0 0 0 0 0 0 0 0 0 0 0 0 0 0 0 0 0 0 0 0 0 0 0 0 0 0 0 0 0 0 0 0 0 0 0 0 0 0 0 0 0 0 0 0 0 0 0 0 0 0 0 0 0 0 0 0 0 0 0 0 0 0 0 0 0 0 0 0 0 0 0 0 0 0 0 0 0 0 0 0 0 0 0 0 0 0 0 0 0 0 0 0 0 0 0 0 0 0]
[7867660068806522437859407599201883380081149800055581551287811147356613620431055310839161718280512137409043175423742215956349616597850728678459663510014787266425978975964636827007340567774442478780297021335864304974711875185014612117758811818680838968045126871045728514243878073610856949864334490948727891616225507006754411002112888 0 0 0 0 1 0 0 0 0 0 0 0 0 0 0 0 0 0 0 0 0 0 0 0 0 0 0 0 0 0 0 0 0 0 0 0 0 0 0 0 0 0 0 0 0 0 0 0 0 0 0 0 0 0 0 0 0 0 0 0 0 0 0 0 0 0 0 0 0 0 0 0 0 0 0 0 0 0 0 0 0 0 0 0 0 0 0 0 0 0 0 0 0 0 0 0 0 0 0 0 0 0 0 0 0 0 0 0 0]
[963277557344969294406007032838872212795962496748754369760640499426219396464846858579007921822422386776788801871161130997853069134185927815962832924861229810177026143950035931289267192119968629713434546368641076431777358669264862092069002155046355230447634684381601899782875498204606087119637217289524447697316465858805912180524002 0 0 0 0 0 1 0 0 0 0 0 0 0 0 0 0 0 0 0 0 0 0 0 0 0 0 0 0 0 0 0 0 0 0 0 0 0 0 0 0 0 0 0 0 0 0 0 0 0 0 0 0 0 0 0 0 0 0 0 0 0 0 0 0 0 0 0 0 0 0 0 0 0 0 0 0 0 0 0 0 0 0 0 0 0 0 0 0 0 0 0 0 0 0 0 0 0 0 0 0 0 0 0 0 0 0 0 0 0]
[5023759607244475401642369841845083173776783328558082805581988251808018749356583500712991076398660805947316137649893247113037937204056500486849262972537280398189091267067578259588782589450584296914843953863822834390403003483028349138580474086869797932642520769395239474186076865841146653301109522300545878664040676765381322727081370 0 0 0 0 0 0 1 0 0 0 0 0 0 0 0 0 0 0 0 0 0 0 0 0 0 0 0 0 0 0 0 0 0 0 0 0 0 0 0 0 0 0 0 0 0 0 0 0 0 0 0 0 0 0 0 0 0 0 0 0 0 0 0 0 0 0 0 0 0 0 0 0 0 0 0 0 0 0 0 0 0 0 0 0 0 0 0 0 0 0 0 0 0 0 0 0 0 0 0 0 0 0 0 0 0 0 0 0 0]
[8003033304473473885287853657063514605509455935016198412885358882583749167733340442505142455293780842680007184160541990745699603020347121729266815112970094248348437851980979536697247746712827454923057768217277724980142073482057316271996671238072463325874028193627868831902402296271816440205270866081290727816510882819241714440714320 0 0 0 0 0 0 0 1 0 0 0 0 0 0 0 0 0 0 0 0 0 0 0 0 0 0 0 0 0 0 0 0 0 0 0 0 0 0 0 0 0 0 0 0 0 0 0 0 0 0 0 0 0 0 0 0 0 0 0 0 0 0 0 0 0 0 0 0 0 0 0 0 0 0 0 0 0 0 0 0 0 0 0 0 0 0 0 0 0 0 0 0 0 0 0 0 0 0 0 0 0 0 0 0 0 0 0 0 0]
[4575750734937055112696055697087146753149012670011965142725608716442700018825068463538870025372978586620645935126343805466794244058176614870741126524260628225240223968565312464835172684772655724726650516009092955676640950565563781099566121894694357636157044456363624544610867310785246506590171638176414544532097117072707558518844567 0 0 0 0 0 0 0 0 1 0 0 0 0 0 0 0 0 0 0 0 0 0 0 0 0 0 0 0 0 0 0 0 0 0 0 0 0 0 0 0 0 0 0 0 0 0 0 0 0 0 0 0 0 0 0 0 0 0 0 0 0 0 0 0 0 0 0 0 0 0 0 0 0 0 0 0 0 0 0 0 0 0 0 0 0 0 0 0 0 0 0 0 0 0 0 0 0 0 0 0 0 0 0 0 0 0 0 0 0]
[3854981551388676825097180410732771273293525274025781205515264859424318007910575734314499736816234011505586520541454007455578425989957635460517207079995869196048245426574452018741120864790299355166205222741606967403261872666146006457598328881225835330110262596390287024194967503840821288867452574616397024790306296778657189838043109 0 0 0 0 0 0 0 0 0 1 0 0 0 0 0 0 0 0 0 0 0 0 0 0 0 0 0 0 0 0 0 0 0 0 0 0 0 0 0 0 0 0 0 0 0 0 0 0 0 0 0 0 0 0 0 0 0 0 0 0 0 0 0 0 0 0 0 0 0 0 0 0 0 0 0 0 0 0 0 0 0 0 0 0 0 0 0 0 0 0 0 0 0 0 0 0 0 0 0 0 0 0 0 0 0 0 0 0 0]
[3686869111482369149457829834379160069521514270912132852129279222454482924132326941285264777390134212049830827264985918934752735120165639250475172905202587841053278382585230106033714262195704891005493158193367689871845483639452146825187416566148575291600620452400277815732548748726652647113686381403879168373612031076194981650796376 0 0 0 0 0 0 0 0 0 0 1 0 0 0 0 0 0 0 0 0 0 0 0 0 0 0 0 0 0 0 0 0 0 0 0 0 0 0 0 0 0 0 0 0 0 0 0 0 0 0 0 0 0 0 0 0 0 0 0 0 0 0 0 0 0 0 0 0 0 0 0 0 0 0 0 0 0 0 0 0 0 0 0 0 0 0 0 0 0 0 0 0 0 0 0 0 0 0 0 0 0 0 0 0 0 0 0 0 0]
[7813606848998112025938493292920778355214775815051199063203885704653042769609038560014401472590084309871163346530653644051242064525331090489557994880953003760835035723941647322382577312815439393922626043467287091690391436519484124202306222984229466925769156944580136911108766384899916902581392926910231645201084236013544635421784889 0 0 0 0 0 0 0 0 0 0 0 1 0 0 0 0 0 0 0 0 0 0 0 0 0 0 0 0 0 0 0 0 0 0 0 0 0 0 0 0 0 0 0 0 0 0 0 0 0 0 0 0 0 0 0 0 0 0 0 0 0 0 0 0 0 0 0 0 0 0 0 0 0 0 0 0 0 0 0 0 0 0 0 0 0 0 0 0 0 0 0 0 0 0 0 0 0 0 0 0 0 0 0 0 0 0 0 0 0]
[7456826834404336808972967706406249189656557551394793321627427093384126549695016993324275812187120095518550469002939732116969081619323846738768974656455762198850779583726150855801940948406311239810087470299999495770828603793474585497994980774326892654943441399852434324764773235573504376024138502879734843885598561553491667088011023 0 0 0 0 0 0 0 0 0 0 0 0 1 0 0 0 0 0 0 0 0 0 0 0 0 0 0 0 0 0 0 0 0 0 0 0 0 0 0 0 0 0 0 0 0 0 0 0 0 0 0 0 0 0 0 0 0 0 0 0 0 0 0 0 0 0 0 0 0 0 0 0 0 0 0 0 0 0 0 0 0 0 0 0 0 0 0 0 0 0 0 0 0 0 0 0 0 0 0 0 0 0 0 0 0 0 0 0 0]
[772115249232411470469216516648798308303564379685672054585617132543677623440841511227746857038439652324824228674785969722624687351425424851274725231917220836139375972107040080803762109054669062926387019492509609315703345981928828186446005333799842980271641805262605701188236894337823919061811708086522105307701539618333704498221917 0 0 0 0 0 0 0 0 0 0 0 0 0 1 0 0 0 0 0 0 0 0 0 0 0 0 0 0 0 0 0 0 0 0 0 0 0 0 0 0 0 0 0 0 0 0 0 0 0 0 0 0 0 0 0 0 0 0 0 0 0 0 0 0 0 0 0 0 0 0 0 0 0 0 0 0 0 0 0 0 0 0 0 0 0 0 0 0 0 0 0 0 0 0 0 0 0 0 0 0 0 0 0 0 0 0 0 0 0]
[2777950147211041725707453317799731827491182328184573207894097134756037100744007291974679148794538041539759926919684397402088741212457228808577482786022660315827450033792554065754932442911468536285207079822677951663273005642575806542693583767147335087792366293002001872776021764099472634979978365321515379458789164162503485160239363 0 0 0 0 0 0 0 0 0 0 0 0 0 0 1 0 0 0 0 0 0 0 0 0 0 0 0 0 0 0 0 0 0 0 0 0 0 0 0 0 0 0 0 0 0 0 0 0 0 0 0 0 0 0 0 0 0 0 0 0 0 0 0 0 0 0 0 0 0 0 0 0 0 0 0 0 0 0 0 0 0 0 0 0 0 0 0 0 0 0 0 0 0 0 0 0 0 0 0 0 0 0 0 0 0 0 0 0 0]
[7003616284243772778154306704532266357796098093018777506823961787645565051944415636790568111519876092560788842430596486851263647550029284163582847186606629657317558765478956168598718698170608200742090965166799732507950004448682210628047739669990316007523509257966507475860623602749529586948031829400716701164694030003892640419969849 0 0 0 0 0 0 0 0 0 0 0 0 0 0 0 1 0 0 0 0 0 0 0 0 0 0 0 0 0 0 0 0 0 0 0 0 0 0 0 0 0 0 0 0 0 0 0 0 0 0 0 0 0 0 0 0 0 0 0 0 0 0 0 0 0 0 0 0 0 0 0 0 0 0 0 0 0 0 0 0 0 0 0 0 0 0 0 0 0 0 0 0 0 0 0 0 0 0 0 0 0 0 0 0 0 0 0 0 0]
[6774214921793321872695176072745616729316125608920534202436207684214020134505917071258268172099103074480773473577845008677935319976088411265764661141784193553197254778369447432747797232004130379391949487514275749591727931003737974254889784941532597880458806893552575412945544219264417552624012619543574676554718246396353393845118450 0 0 0 0 0 0 0 0 0 0 0 0 0 0 0 0 1 0 0 0 0 0 0 0 0 0 0 0 0 0 0 0 0 0 0 0 0 0 0 0 0 0 0 0 0 0 0 0 0 0 0 0 0 0 0 0 0 0 0 0 0 0 0 0 0 0 0 0 0 0 0 0 0 0 0 0 0 0 0 0 0 0 0 0 0 0 0 0 0 0 0 0 0 0 0 0 0 0 0 0 0 0 0 0 0 0 0 0 0]
[2807818210504413597639484972037433783591549168334614290483362475458377295633073015178247851766248580721554235070800557280947719947047157571229644852532496264711411955016352118884965403180786695409471241629849936497064584974251323670865411743333706465310410603350399798388809171436068056818181795956306025364739498208176199166835137 0 0 0 0 0 0 0 0 0 0 0 0 0 0 0 0 0 1 0 0 0 0 0 0 0 0 0 0 0 0 0 0 0 0 0 0 0 0 0 0 0 0 0 0 0 0 0 0 0 0 0 0 0 0 0 0 0 0 0 0 0 0 0 0 0 0 0 0 0 0 0 0 0 0 0 0 0 0 0 0 0 0 0 0 0 0 0 0 0 0 0 0 0 0 0 0 0 0 0 0 0 0 0 0 0 0 0 0 0]
[6751346318911255819635292975049010505787365287497735318747762015310854990254755335521948662021386372218527913530272498091220809592207781888068904426683485115965189008090920198349936001630940005232182834789187779559631238617807571067164250277498083789364285234521477851106417256625504325460883003434946103220648477543655290054103459 0 0 0 0 0 0 0 0 0 0 0 0 0 0 0 0 0 0 1 0 0 0 0 0 0 0 0 0 0 0 0 0 0 0 0 0 0 0 0 0 0 0 0 0 0 0 0 0 0 0 0 0 0 0 0 0 0 0 0 0 0 0 0 0 0 0 0 0 0 0 0 0 0 0 0 0 0 0 0 0 0 0 0 0 0 0 0 0 0 0 0 0 0 0 0 0 0 0 0 0 0 0 0 0 0 0 0 0 0]
[4414323652763605655496681677260104694258911469490484911312042473308820463440230734624622046484500522059723305048172729513082625813958457791056035923171204961466272103967822122634039748630911798055146158241546757040250687308531258041314190823173323520406663259560668458816778345170595050885227552551401372936845377266644900295899662 0 0 0 0 0 0 0 0 0 0 0 0 0 0 0 0 0 0 0 1 0 0 0 0 0 0 0 0 0 0 0 0 0 0 0 0 0 0 0 0 0 0 0 0 0 0 0 0 0 0 0 0 0 0 0 0 0 0 0 0 0 0 0 0 0 0 0 0 0 0 0 0 0 0 0 0 0 0 0 0 0 0 0 0 0 0 0 0 0 0 0 0 0 0 0 0 0 0 0 0 0 0 0 0 0 0 0 0 0]
[5798014072292427572497923436459963134404968684967335484011034857247305389762186169071058606430912773350395610726060463946391826373858699704349587848943740563090960116410529275778008465947874958080402883891370421342514374194540700256545611711156370696978957767864655920836688540197382362996985225418998289214900547466772173767361783 0 0 0 0 0 0 0 0 0 0 0 0 0 0 0 0 0 0 0 0 1 0 0 0 0 0 0 0 0 0 0 0 0 0 0 0 0 0 0 0 0 0 0 0 0 0 0 0 0 0 0 0 0 0 0 0 0 0 0 0 0 0 0 0 0 0 0 0 0 0 0 0 0 0 0 0 0 0 0 0 0 0 0 0 0 0 0 0 0 0 0 0 0 0 0 0 0 0 0 0 0 0 0 0 0 0 0 0 0]
[2508429957272898907641369977860699692696343263294183096001488639919710969259001149873972827939745524900281262406483592662650894718677493942712598957267144878072799264373221808435951659376555472926549794867527933243795390422770730444298417866115289537995143181917389013730811631134820320177795158189679924389607732768829891793140658 0 0 0 0 0 0 0 0 0 0 0 0 0 0 0 0 0 0 0 0 0 1 0 0 0 0 0 0 0 0 0 0 0 0 0 0 0 0 0 0 0 0 0 0 0 0 0 0 0 0 0 0 0 0 0 0 0 0 0 0 0 0 0 0 0 0 0 0 0 0 0 0 0 0 0 0 0 0 0 0 0 0 0 0 0 0 0 0 0 0 0 0 0 0 0 0 0 0 0 0 0 0 0 0 0 0 0 0 0]
[5240107526266974857930042290888236633661512706345337160549647729807667473679710592008549213430195927880352995315165442106516821938643684728747634640167379589719887285770498735080778287099047319322860621655983239928780407108171112953290169420229337554878306130298246575798983065684432744335187805768090351876182868347728067121554039 0 0 0 0 0 0 0 0 0 0 0 0 0 0 0 0 0 0 0 0 0 0 1 0 0 0 0 0 0 0 0 0 0 0 0 0 0 0 0 0 0 0 0 0 0 0 0 0 0 0 0 0 0 0 0 0 0 0 0 0 0 0 0 0 0 0 0 0 0 0 0 0 0 0 0 0 0 0 0 0 0 0 0 0 0 0 0 0 0 0 0 0 0 0 0 0 0 0 0 0 0 0 0 0 0 0 0 0 0]
[2856327963885689973278194596666452442041942245219420335644745248919401586953941709228700366259902232647215011850439036692216988537939764290505861579512379934186178757343298073627258227899182159518957605162357947091521177514528043070251183729943777225898651820160400566685188921926890059893211430306691043448417249515581130844819975 0 0 0 0 0 0 0 0 0 0 0 0 0 0 0 0 0 0 0 0 0 0 0 1 0 0 0 0 0 0 0 0 0 0 0 0 0 0 0 0 0 0 0 0 0 0 0 0 0 0 0 0 0 0 0 0 0 0 0 0 0 0 0 0 0 0 0 0 0 0 0 0 0 0 0 0 0 0 0 0 0 0 0 0 0 0 0 0 0 0 0 0 0 0 0 0 0 0 0 0 0 0 0 0 0 0 0 0 0]
[2672866685834840564476702765975333735695259380860269428558401480609957867878743905415335577613123642056482422884782388247035596578729669871529799489069685421480102359029102376185742117474578134255011037881583708357123091379759008103474986315593780392204565842743532779687314617053210605288224451616669592750380065464695769715778403 0 0 0 0 0 0 0 0 0 0 0 0 0 0 0 0 0 0 0 0 0 0 0 0 1 0 0 0 0 0 0 0 0 0 0 0 0 0 0 0 0 0 0 0 0 0 0 0 0 0 0 0 0 0 0 0 0 0 0 0 0 0 0 0 0 0 0 0 0 0 0 0 0 0 0 0 0 0 0 0 0 0 0 0 0 0 0 0 0 0 0 0 0 0 0 0 0 0 0 0 0 0 0 0 0 0 0 0 0]
[3346860267157022473424678459237808548285307510692939420405414143842434328593493503772148817415432949458900276026353789941634122622953581555297276150674643147614168699298103914554077721107832424671909711483420478762999211399846487458971389850077012690379734949467758036792848981154261755951838065506957345442941718084144103359271737 0 0 0 0 0 0 0 0 0 0 0 0 0 0 0 0 0 0 0 0 0 0 0 0 0 1 0 0 0 0 0 0 0 0 0 0 0 0 0 0 0 0 0 0 0 0 0 0 0 0 0 0 0 0 0 0 0 0 0 0 0 0 0 0 0 0 0 0 0 0 0 0 0 0 0 0 0 0 0 0 0 0 0 0 0 0 0 0 0 0 0 0 0 0 0 0 0 0 0 0 0 0 0 0 0 0 0 0 0]
[1384303207345575079574919697444941764993602871267029139809156021123049273724979526708387564924164608421751142156311020050900060206590804308696255873715272541494225557300366398062070833219822278761504885952802473003210262234994663549034311344025187948236116355045895154386542968503588781896152554694145076221084343138043998078640611 0 0 0 0 0 0 0 0 0 0 0 0 0 0 0 0 0 0 0 0 0 0 0 0 0 0 1 0 0 0 0 0 0 0 0 0 0 0 0 0 0 0 0 0 0 0 0 0 0 0 0 0 0 0 0 0 0 0 0 0 0 0 0 0 0 0 0 0 0 0 0 0 0 0 0 0 0 0 0 0 0 0 0 0 0 0 0 0 0 0 0 0 0 0 0 0 0 0 0 0 0 0 0 0 0 0 0 0 0]
[1771185929308382281791735894054032324241513102222840303956564280796788159715182379208975467450242447085699486581705577584814994706603750753711924231199880253834672720249423231089080129008508004762478398810728593400825769946627824739647507347549097058325165473960275455827185001315791186230919347096372112684235836294345254916752575 0 0 0 0 0 0 0 0 0 0 0 0 0 0 0 0 0 0 0 0 0 0 0 0 0 0 0 1 0 0 0 0 0 0 0 0 0 0 0 0 0 0 0 0 0 0 0 0 0 0 0 0 0 0 0 0 0 0 0 0 0 0 0 0 0 0 0 0 0 0 0 0 0 0 0 0 0 0 0 0 0 0 0 0 0 0 0 0 0 0 0 0 0 0 0 0 0 0 0 0 0 0 0 0 0 0 0 0 0]
[712806896384469809505307074816418563999127055846919856105616682577663405364180029470301051555548736988821473336804938376824680210504621062576014166540170755844724085620137984060851358498800671358461522671429197307168336316081894033699161226773940020989592064655675583721721461524288216968430664372555646999324715868105788012132920 0 0 0 0 0 0 0 0 0 0 0 0 0 0 0 0 0 0 0 0 0 0 0 0 0 0 0 0 1 0 0 0 0 0 0 0 0 0 0 0 0 0 0 0 0 0 0 0 0 0 0 0 0 0 0 0 0 0 0 0 0 0 0 0 0 0 0 0 0 0 0 0 0 0 0 0 0 0 0 0 0 0 0 0 0 0 0 0 0 0 0 0 0 0 0 0 0 0 0 0 0 0 0 0 0 0 0 0 0]
[33655718524930904101649630107173216132941648135342174116503742869679218839257360607817382396953185079704536200599419078550517082469610777531923880187477985178872026913783189285142875522909762539378334264264158449443827485754818395413590649725907145097082287785558949551787558548708311565505104758296688264616643240617555161233729 0 0 0 0 0 0 0 0 0 0 0 0 0 0 0 0 0 0 0 0 0 0 0 0 0 0 0 0 0 1 0 0 0 0 0 0 0 0 0 0 0 0 0 0 0 0 0 0 0 0 0 0 0 0 0 0 0 0 0 0 0 0 0 0 0 0 0 0 0 0 0 0 0 0 0 0 0 0 0 0 0 0 0 0 0 0 0 0 0 0 0 0 0 0 0 0 0 0 0 0 0 0 0 0 0 0 0 0 0]
[5669224417779570295068801630710607078457140190146091453062315014200058852032868908644570200272960984008318940831720625265345730198938384008959454410839147515588891779053466795930411102864892985138733169639683497083786830070572146436303701752801704825725708827615298388279898380316832667782176511567841057939136095785711769440170433 0 0 0 0 0 0 0 0 0 0 0 0 0 0 0 0 0 0 0 0 0 0 0 0 0 0 0 0 0 0 1 0 0 0 0 0 0 0 0 0 0 0 0 0 0 0 0 0 0 0 0 0 0 0 0 0 0 0 0 0 0 0 0 0 0 0 0 0 0 0 0 0 0 0 0 0 0 0 0 0 0 0 0 0 0 0 0 0 0 0 0 0 0 0 0 0 0 0 0 0 0 0 0 0 0 0 0 0 0]
[578420310863701803493799795763805820135765025802648917451226901065417023402103650590726388598955210258805539342484509462608375353873640554814670976167226460734932948780208600742033751921244738572377093893237104819879686834525997652565073985794860596316329444640533505902748780453976637820372293267536859539891420824354743486964725 0 0 0 0 0 0 0 0 0 0 0 0 0 0 0 0 0 0 0 0 0 0 0 0 0 0 0 0 0 0 0 1 0 0 0 0 0 0 0 0 0 0 0 0 0 0 0 0 0 0 0 0 0 0 0 0 0 0 0 0 0 0 0 0 0 0 0 0 0 0 0 0 0 0 0 0 0 0 0 0 0 0 0 0 0 0 0 0 0 0 0 0 0 0 0 0 0 0 0 0 0 0 0 0 0 0 0 0 0]
[3729538047776802359104591071279416585971742638273223909947531885074174335450942181448446864511784235827613435349916643640652515740822788042595681593637723499296920244081281948122780803077316781293929618802364447912788536410987903100782146106244955859438669029535981664574107080168194890781753307926164319393053758534563563615897887 0 0 0 0 0 0 0 0 0 0 0 0 0 0 0 0 0 0 0 0 0 0 0 0 0 0 0 0 0 0 0 0 1 0 0 0 0 0 0 0 0 0 0 0 0 0 0 0 0 0 0 0 0 0 0 0 0 0 0 0 0 0 0 0 0 0 0 0 0 0 0 0 0 0 0 0 0 0 0 0 0 0 0 0 0 0 0 0 0 0 0 0 0 0 0 0 0 0 0 0 0 0 0 0 0 0 0 0 0]
[4552742392746402132731614368617803949171760847123921509581760809114504281898061719171653627233637530769508935197035113500900313056660746313390198850827543417358938231376578738636550454098832101073013298041655800503519820853015843618190622141730209770330628849336168460518614627776223146167927032015936731938710270841642525102447004 0 0 0 0 0 0 0 0 0 0 0 0 0 0 0 0 0 0 0 0 0 0 0 0 0 0 0 0 0 0 0 0 0 1 0 0 0 0 0 0 0 0 0 0 0 0 0 0 0 0 0 0 0 0 0 0 0 0 0 0 0 0 0 0 0 0 0 0 0 0 0 0 0 0 0 0 0 0 0 0 0 0 0 0 0 0 0 0 0 0 0 0 0 0 0 0 0 0 0 0 0 0 0 0 0 0 0 0 0]
[2820910031708703633980903896818369198749229010767237020936896968729459997709062730005112050147422767148929231742607103007652957168693036648679709698826991791885780285794422131734566366696210586409345138210821696113101265264371716207264693001305058359107680075299713731266192374887483926130448194331403864237453578269996729297452608 0 0 0 0 0 0 0 0 0 0 0 0 0 0 0 0 0 0 0 0 0 0 0 0 0 0 0 0 0 0 0 0 0 0 1 0 0 0 0 0 0 0 0 0 0 0 0 0 0 0 0 0 0 0 0 0 0 0 0 0 0 0 0 0 0 0 0 0 0 0 0 0 0 0 0 0 0 0 0 0 0 0 0 0 0 0 0 0 0 0 0 0 0 0 0 0 0 0 0 0 0 0 0 0 0 0 0 0 0]
[1084529291231098433091209943237300253151341760124426968787150164800254125079235988087901127220153067350104822576992540998837043049839974408521245342840526553257244081171057815665197662430612356387523465777237981444564856606763294177768473367462243004630983344538684228321536839250964423033967467627818822631356654416777974747698037 0 0 0 0 0 0 0 0 0 0 0 0 0 0 0 0 0 0 0 0 0 0 0 0 0 0 0 0 0 0 0 0 0 0 0 1 0 0 0 0 0 0 0 0 0 0 0 0 0 0 0 0 0 0 0 0 0 0 0 0 0 0 0 0 0 0 0 0 0 0 0 0 0 0 0 0 0 0 0 0 0 0 0 0 0 0 0 0 0 0 0 0 0 0 0 0 0 0 0 0 0 0 0 0 0 0 0 0 0]
[4972320830975874508636059906080189336667891676361223377349992541551195591684085176324240284228550099601864815925407588755040202204572508829968012065535652518050360741668726944251671858753365044325124289745720216727155387077421087592775743503669989359992320446937773317008621997902182368196194539785602985086438586675167623302986193 0 0 0 0 0 0 0 0 0 0 0 0 0 0 0 0 0 0 0 0 0 0 0 0 0 0 0 0 0 0 0 0 0 0 0 0 1 0 0 0 0 0 0 0 0 0 0 0 0 0 0 0 0 0 0 0 0 0 0 0 0 0 0 0 0 0 0 0 0 0 0 0 0 0 0 0 0 0 0 0 0 0 0 0 0 0 0 0 0 0 0 0 0 0 0 0 0 0 0 0 0 0 0 0 0 0 0 0 0]
[4726513055394164674716203359276609551149606124257389109541759221110936425496075012787974068334697985713572662115060504178501280076925903449897503405353025681045425405681975981834553845864368769082051408477245432206881207623420389887987971103084627068392075005658367099512976669343182490289722588703544431372749099749737992134118346 0 0 0 0 0 0 0 0 0 0 0 0 0 0 0 0 0 0 0 0 0 0 0 0 0 0 0 0 0 0 0 0 0 0 0 0 0 1 0 0 0 0 0 0 0 0 0 0 0 0 0 0 0 0 0 0 0 0 0 0 0 0 0 0 0 0 0 0 0 0 0 0 0 0 0 0 0 0 0 0 0 0 0 0 0 0 0 0 0 0 0 0 0 0 0 0 0 0 0 0 0 0 0 0 0 0 0 0 0]
[4795896631997640496013921684533479130673945130203630668755326531991881847876913302614904444810802135093470518324311510546117277830769205538022268860397638261573949075304852836827115304800848987004210749849424233780521161824362389202936141690477442036206374657802863711734487786457263498015481085499328030369053135178585608228246554 0 0 0 0 0 0 0 0 0 0 0 0 0 0 0 0 0 0 0 0 0 0 0 0 0 0 0 0 0 0 0 0 0 0 0 0 0 0 1 0 0 0 0 0 0 0 0 0 0 0 0 0 0 0 0 0 0 0 0 0 0 0 0 0 0 0 0 0 0 0 0 0 0 0 0 0 0 0 0 0 0 0 0 0 0 0 0 0 0 0 0 0 0 0 0 0 0 0 0 0 0 0 0 0 0 0 0 0 0]
[4690358837051753359888325064823996979096019326614054644010661234282460790339899774299149075265169720137889232659197914522597894170447059571516021847699733440929186678838460874993410162488337748950100405703458595283483429276828018902323333221446249697947588625131269844410451492725481440005982273063927818864130241607906447811015874 0 0 0 0 0 0 0 0 0 0 0 0 0 0 0 0 0 0 0 0 0 0 0 0 0 0 0 0 0 0 0 0 0 0 0 0 0 0 0 1 0 0 0 0 0 0 0 0 0 0 0 0 0 0 0 0 0 0 0 0 0 0 0 0 0 0 0 0 0 0 0 0 0 0 0 0 0 0 0 0 0 0 0 0 0 0 0 0 0 0 0 0 0 0 0 0 0 0 0 0 0 0 0 0 0 0 0 0 0]
[1896396749743453905315688372892922451428205679737147513566717648184887768392905119252551251093672573349965384778295780895277797044541348419434555577824701918160156894201422895517057294120812291108135534937358135360373168573840315793870371817454524987382771045375648303798869174028475205445124544696806463368685000519832810653094501 0 0 0 0 0 0 0 0 0 0 0 0 0 0 0 0 0 0 0 0 0 0 0 0 0 0 0 0 0 0 0 0 0 0 0 0 0 0 0 0 1 0 0 0 0 0 0 0 0 0 0 0 0 0 0 0 0 0 0 0 0 0 0 0 0 0 0 0 0 0 0 0 0 0 0 0 0 0 0 0 0 0 0 0 0 0 0 0 0 0 0 0 0 0 0 0 0 0 0 0 0 0 0 0 0 0 0 0 0]
[5680851460180930882476570631028657240747490912713103709517850666018416608717159329310592552876219435116611866304660105455447839733569551608415926812206632096649912447118859050394304787887812968635811615945895717156492940306698949215401398110803848594922179807545669626345511515723021851963137215192927568683869513668408275833379813 0 0 0 0 0 0 0 0 0 0 0 0 0 0 0 0 0 0 0 0 0 0 0 0 0 0 0 0 0 0 0 0 0 0 0 0 0 0 0 0 0 1 0 0 0 0 0 0 0 0 0 0 0 0 0 0 0 0 0 0 0 0 0 0 0 0 0 0 0 0 0 0 0 0 0 0 0 0 0 0 0 0 0 0 0 0 0 0 0 0 0 0 0 0 0 0 0 0 0 0 0 0 0 0 0 0 0 0 0]
[7840395691320317503348302008629515440684303489273729084907425489483112988812843475602617107927442044658137938133964364679391667217212661291274040677974874004717061883355966960333246567379678413926906900862190907560980480907026459423688026553268387436072914839766707034326869775181314290892681246011600501884508049022963646685209725 0 0 0 0 0 0 0 0 0 0 0 0 0 0 0 0 0 0 0 0 0 0 0 0 0 0 0 0 0 0 0 0 0 0 0 0 0 0 0 0 0 0 1 0 0 0 0 0 0 0 0 0 0 0 0 0 0 0 0 0 0 0 0 0 0 0 0 0 0 0 0 0 0 0 0 0 0 0 0 0 0 0 0 0 0 0 0 0 0 0 0 0 0 0 0 0 0 0 0 0 0 0 0 0 0 0 0 0 0]
[4901743382036684761545523722859705393562786113989402099534221672257918335884378745198411941157758089877059120859434381796135250959763543207386773741911017575199242569121059555644906825286681509060882126238743450145746727915585726802634793381761219105670435725221185677467399235495206312505646234745957112994420982577212785650600912 0 0 0 0 0 0 0 0 0 0 0 0 0 0 0 0 0 0 0 0 0 0 0 0 0 0 0 0 0 0 0 0 0 0 0 0 0 0 0 0 0 0 0 1 0 0 0 0 0 0 0 0 0 0 0 0 0 0 0 0 0 0 0 0 0 0 0 0 0 0 0 0 0 0 0 0 0 0 0 0 0 0 0 0 0 0 0 0 0 0 0 0 0 0 0 0 0 0 0 0 0 0 0 0 0 0 0 0 0]
[3368139492934638678926505815667210659687611610187018967452141014848284606824463955807280199232367844043531148573464441071261637651748507729001997852547828931596694936559659218083627716008407788698814869277218071008047395290356117930039520735306847814408713844580442674207826019448610935943274648849142437714720691487980238032160173 0 0 0 0 0 0 0 0 0 0 0 0 0 0 0 0 0 0 0 0 0 0 0 0 0 0 0 0 0 0 0 0 0 0 0 0 0 0 0 0 0 0 0 0 1 0 0 0 0 0 0 0 0 0 0 0 0 0 0 0 0 0 0 0 0 0 0 0 0 0 0 0 0 0 0 0 0 0 0 0 0 0 0 0 0 0 0 0 0 0 0 0 0 0 0 0 0 0 0 0 0 0 0 0 0 0 0 0 0]
[517677057528549268452072578397886965591038338878907378067089924990369430176953216351612754068909687840514486212121284467173623907006039847206373865885422976530386479392759742846309566808960611055681498300912468417234830551010752332314074421134847844123529824892338221626960537827450813902711046230354841896666019956457969696951442 0 0 0 0 0 0 0 0 0 0 0 0 0 0 0 0 0 0 0 0 0 0 0 0 0 0 0 0 0 0 0 0 0 0 0 0 0 0 0 0 0 0 0 0 0 1 0 0 0 0 0 0 0 0 0 0 0 0 0 0 0 0 0 0 0 0 0 0 0 0 0 0 0 0 0 0 0 0 0 0 0 0 0 0 0 0 0 0 0 0 0 0 0 0 0 0 0 0 0 0 0 0 0 0 0 0 0 0 0]
[4844146570512992968762129529657488973885690410186116242654465837156654772600136725604039219043767156206383647061139927746179564677538067780142819880559585618602756719410652780099804173421041454672603957882167342977233738613350308614995252550692425620107386600402408872720834627479598895456127311808162083583846977265983839142173869 0 0 0 0 0 0 0 0 0 0 0 0 0 0 0 0 0 0 0 0 0 0 0 0 0 0 0 0 0 0 0 0 0 0 0 0 0 0 0 0 0 0 0 0 0 0 1 0 0 0 0 0 0 0 0 0 0 0 0 0 0 0 0 0 0 0 0 0 0 0 0 0 0 0 0 0 0 0 0 0 0 0 0 0 0 0 0 0 0 0 0 0 0 0 0 0 0 0 0 0 0 0 0 0 0 0 0 0 0]
[4795264806367717681185496488601194344360185128793321148741221584072205819789000942793340806737100233916355419329250975382827948948811179261102933928681475916849677828293203813232802664107862307447131191351561755922867190215242438668167587435852608340024028474475911530882641521411094276007557905117390401095760283639341700512697840 0 0 0 0 0 0 0 0 0 0 0 0 0 0 0 0 0 0 0 0 0 0 0 0 0 0 0 0 0 0 0 0 0 0 0 0 0 0 0 0 0 0 0 0 0 0 0 1 0 0 0 0 0 0 0 0 0 0 0 0 0 0 0 0 0 0 0 0 0 0 0 0 0 0 0 0 0 0 0 0 0 0 0 0 0 0 0 0 0 0 0 0 0 0 0 0 0 0 0 0 0 0 0 0 0 0 0 0 0]
[924569020437926949302325498629779921726760778104748393233737367974800273350737598217168849116194356794647779183277025065716508443755856647003929688240777163794742775634842251791109763541829806229603164303255236292213581582793091419243212882481007921313623189396538434604065033320114548499957526255624880097219476718979162490537087 0 0 0 0 0 0 0 0 0 0 0 0 0 0 0 0 0 0 0 0 0 0 0 0 0 0 0 0 0 0 0 0 0 0 0 0 0 0 0 0 0 0 0 0 0 0 0 0 1 0 0 0 0 0 0 0 0 0 0 0 0 0 0 0 0 0 0 0 0 0 0 0 0 0 0 0 0 0 0 0 0 0 0 0 0 0 0 0 0 0 0 0 0 0 0 0 0 0 0 0 0 0 0 0 0 0 0 0 0]
[12573715792207199404649259782618448329481318484963846216887214035917622599244179100765491531294398653752634923297544398617785312850735134503710520531765758187209396877406645145222593178293954147284580642106066112413899864697353434834167976913453608493651638147697463014086829663778881735848108723432904828298061446848753725923857 0 0 0 0 0 0 0 0 0 0 0 0 0 0 0 0 0 0 0 0 0 0 0 0 0 0 0 0 0 0 0 0 0 0 0 0 0 0 0 0 0 0 0 0 0 0 0 0 0 1 0 0 0 0 0 0 0 0 0 0 0 0 0 0 0 0 0 0 0 0 0 0 0 0 0 0 0 0 0 0 0 0 0 0 0 0 0 0 0 0 0 0 0 0 0 0 0 0 0 0 0 0 0 0 0 0 0 0 0]
[2619828694484479926298430813508936977081347978540452284973347718023924002738147279940228634630236037510312752686179378631015087123435187057320913862145157593533777733569644052108435579070435005645955642868969360878546036638004432937602725227580522234479411699917609904637532347006118229954182042855129171393804389066022365221300619 0 0 0 0 0 0 0 0 0 0 0 0 0 0 0 0 0 0 0 0 0 0 0 0 0 0 0 0 0 0 0 0 0 0 0 0 0 0 0 0 0 0 0 0 0 0 0 0 0 0 1 0 0 0 0 0 0 0 0 0 0 0 0 0 0 0 0 0 0 0 0 0 0 0 0 0 0 0 0 0 0 0 0 0 0 0 0 0 0 0 0 0 0 0 0 0 0 0 0 0 0 0 0 0 0 0 0 0 0]
[7384035619785506526117055291093690208513462504220152774696113749262206283196883432807969971994009586875471480459183816264499760898925501698983559041838228666405704004787990485731192591508096061258212662481628531760317577207222648420486081397606150247592138579069481744948612984428914375602059255158089799644966763895436320311978780 0 0 0 0 0 0 0 0 0 0 0 0 0 0 0 0 0 0 0 0 0 0 0 0 0 0 0 0 0 0 0 0 0 0 0 0 0 0 0 0 0 0 0 0 0 0 0 0 0 0 0 1 0 0 0 0 0 0 0 0 0 0 0 0 0 0 0 0 0 0 0 0 0 0 0 0 0 0 0 0 0 0 0 0 0 0 0 0 0 0 0 0 0 0 0 0 0 0 0 0 0 0 0 0 0 0 0 0 0]
[2731145501970104355957684814165093672356005096637336062075837117703972997423512772612176900694961194315950053933930154034694544097120533546408515242492793311468650734028930817113425309272721171223585951013109820739632237911234307897800724178767238412884511086965021562936768045002025497249662691484230133441565445399580067052634266 0 0 0 0 0 0 0 0 0 0 0 0 0 0 0 0 0 0 0 0 0 0 0 0 0 0 0 0 0 0 0 0 0 0 0 0 0 0 0 0 0 0 0 0 0 0 0 0 0 0 0 0 1 0 0 0 0 0 0 0 0 0 0 0 0 0 0 0 0 0 0 0 0 0 0 0 0 0 0 0 0 0 0 0 0 0 0 0 0 0 0 0 0 0 0 0 0 0 0 0 0 0 0 0 0 0 0 0 0]
[3605976036813944894478952934125204666435431630546262022985493017348233113922123950406095450975870985570160390328665952728205067136218622746740458102186058998471205301009084358330621814218539174945585237906682863281980804008631127222333606499954897554579341390472312699214160563012888595889170472690021102984176913181368497586532628 0 0 0 0 0 0 0 0 0 0 0 0 0 0 0 0 0 0 0 0 0 0 0 0 0 0 0 0 0 0 0 0 0 0 0 0 0 0 0 0 0 0 0 0 0 0 0 0 0 0 0 0 0 1 0 0 0 0 0 0 0 0 0 0 0 0 0 0 0 0 0 0 0 0 0 0 0 0 0 0 0 0 0 0 0 0 0 0 0 0 0 0 0 0 0 0 0 0 0 0 0 0 0 0 0 0 0 0 0]
[503589492721107150385880858624079803012093970916183965109608931723463499930285023155803308816315582993296653991326997135845262743162607354254836565727793017136047697733103492386739263279104016976872444573250193474484537251050417177703294817394257297982996177596111770866800741527097574471475929801381438669926473338389830800221118 0 0 0 0 0 0 0 0 0 0 0 0 0 0 0 0 0 0 0 0 0 0 0 0 0 0 0 0 0 0 0 0 0 0 0 0 0 0 0 0 0 0 0 0 0 0 0 0 0 0 0 0 0 0 1 0 0 0 0 0 0 0 0 0 0 0 0 0 0 0 0 0 0 0 0 0 0 0 0 0 0 0 0 0 0 0 0 0 0 0 0 0 0 0 0 0 0 0 0 0 0 0 0 0 0 0 0 0 0]
[5564382248707204303476987211829761233554390944880149470640369645590850679388182962195181428079631321859043428190992857978487090224704726481281667768448428664496402247157977801413122590118311599954371148874356786125835010991038342564383718881099542644203870535981556334986758080926514152309420236719084926640730960781321153806756943 0 0 0 0 0 0 0 0 0 0 0 0 0 0 0 0 0 0 0 0 0 0 0 0 0 0 0 0 0 0 0 0 0 0 0 0 0 0 0 0 0 0 0 0 0 0 0 0 0 0 0 0 0 0 0 1 0 0 0 0 0 0 0 0 0 0 0 0 0 0 0 0 0 0 0 0 0 0 0 0 0 0 0 0 0 0 0 0 0 0 0 0 0 0 0 0 0 0 0 0 0 0 0 0 0 0 0 0 0]
[5546980190876424370942403180862089616003812628252848273132866316719689010105084769960240591883182916262663296988489209725693061937284858831137827959046018168480767287433459398814670560171476992234926742815962904689278700401314113355315237906786918061170800099629271251256941457678493096215235125062640480431284998356041791367252817 0 0 0 0 0 0 0 0 0 0 0 0 0 0 0 0 0 0 0 0 0 0 0 0 0 0 0 0 0 0 0 0 0 0 0 0 0 0 0 0 0 0 0 0 0 0 0 0 0 0 0 0 0 0 0 0 1 0 0 0 0 0 0 0 0 0 0 0 0 0 0 0 0 0 0 0 0 0 0 0 0 0 0 0 0 0 0 0 0 0 0 0 0 0 0 0 0 0 0 0 0 0 0 0 0 0 0 0 0]
[6174296790246781853215559554680734174232586138485871518724056652910435084545403993365768370110424268945361436712542650153736840707034300924627729424928356468486733203070357184703796577999148641131095676495226019155402176461537783294481063197723858570395578427894340520996707800316086505551207917927255956725355191894124955898552486 0 0 0 0 0 0 0 0 0 0 0 0 0 0 0 0 0 0 0 0 0 0 0 0 0 0 0 0 0 0 0 0 0 0 0 0 0 0 0 0 0 0 0 0 0 0 0 0 0 0 0 0 0 0 0 0 0 1 0 0 0 0 0 0 0 0 0 0 0 0 0 0 0 0 0 0 0 0 0 0 0 0 0 0 0 0 0 0 0 0 0 0 0 0 0 0 0 0 0 0 0 0 0 0 0 0 0 0 0]
[487807073737834781776030523026914406987503996356148975698418121191342788212063671773851561227921514479200602173436298201759237945004385201428397003798456866676783223827984692137939889382969650238979842092501540596684762206126850023952561842462554884961297440527622153151906108182882631795936901538384829957259194667614850691008640 0 0 0 0 0 0 0 0 0 0 0 0 0 0 0 0 0 0 0 0 0 0 0 0 0 0 0 0 0 0 0 0 0 0 0 0 0 0 0 0 0 0 0 0 0 0 0 0 0 0 0 0 0 0 0 0 0 0 1 0 0 0 0 0 0 0 0 0 0 0 0 0 0 0 0 0 0 0 0 0 0 0 0 0 0 0 0 0 0 0 0 0 0 0 0 0 0 0 0 0 0 0 0 0 0 0 0 0 0]
[6187576067232354101798379197379957880822148990501309964496628278928442932316126166358157145354580372600941808174788438624714557997852111028679366766053482589586521999689415389540095923776382528720879626343019433385400288838796182312524492191358875168813673168495414544560828853395306807150014529305161794080269185306504711860750197 0 0 0 0 0 0 0 0 0 0 0 0 0 0 0 0 0 0 0 0 0 0 0 0 0 0 0 0 0 0 0 0 0 0 0 0 0 0 0 0 0 0 0 0 0 0 0 0 0 0 0 0 0 0 0 0 0 0 0 1 0 0 0 0 0 0 0 0 0 0 0 0 0 0 0 0 0 0 0 0 0 0 0 0 0 0 0 0 0 0 0 0 0 0 0 0 0 0 0 0 0 0 0 0 0 0 0 0 0]
[722376964535255153084843719554235896195864245357328688259736655224798669349574474141122605707124715909964261544350169597682112096803055693132999615733716762727601002060714514055039139397597771535179827210155023322338607081585578714488245804972649923030005361091081835111077282277858472208756350633177331661333637138342917858086011 0 0 0 0 0 0 0 0 0 0 0 0 0 0 0 0 0 0 0 0 0 0 0 0 0 0 0 0 0 0 0 0 0 0 0 0 0 0 0 0 0 0 0 0 0 0 0 0 0 0 0 0 0 0 0 0 0 0 0 0 1 0 0 0 0 0 0 0 0 0 0 0 0 0 0 0 0 0 0 0 0 0 0 0 0 0 0 0 0 0 0 0 0 0 0 0 0 0 0 0 0 0 0 0 0 0 0 0 0]
[2114747112374007631316930008359115172782307398158136165239035303894282167818513251348934086361582324617370650011451203984436217078517558545003002867480328133921642562722960966090167385657991332807439088987535018428194738234257901104532374662288318247103954869256463286343480830335403072201308671758553108346390346084414388429727882 0 0 0 0 0 0 0 0 0 0 0 0 0 0 0 0 0 0 0 0 0 0 0 0 0 0 0 0 0 0 0 0 0 0 0 0 0 0 0 0 0 0 0 0 0 0 0 0 0 0 0 0 0 0 0 0 0 0 0 0 0 1 0 0 0 0 0 0 0 0 0 0 0 0 0 0 0 0 0 0 0 0 0 0 0 0 0 0 0 0 0 0 0 0 0 0 0 0 0 0 0 0 0 0 0 0 0 0 0]
[2728022607895051177345682584539542930217742086136799248614553309550095684053053005791684985672815674912928670014678959815981880519037610300295100932188532579493760262899385690317052695443452560293945812383642026858748429462819501919005698122536461446127284751319576476992783741136893173502961195290517613103045758519787416581233579 0 0 0 0 0 0 0 0 0 0 0 0 0 0 0 0 0 0 0 0 0 0 0 0 0 0 0 0 0 0 0 0 0 0 0 0 0 0 0 0 0 0 0 0 0 0 0 0 0 0 0 0 0 0 0 0 0 0 0 0 0 0 1 0 0 0 0 0 0 0 0 0 0 0 0 0 0 0 0 0 0 0 0 0 0 0 0 0 0 0 0 0 0 0 0 0 0 0 0 0 0 0 0 0 0 0 0 0 0]
[3255487182065625045199376768777042451024815592453962194029282896687801548870704394889075473218738395435498194976401150130960819840917239744498072984821165458929267524904788729191381097688463792356287116059965536816959840041350787901586372274107437632051382292161724261511290971331678923238036226608990978473723341098037428010459039 0 0 0 0 0 0 0 0 0 0 0 0 0 0 0 0 0 0 0 0 0 0 0 0 0 0 0 0 0 0 0 0 0 0 0 0 0 0 0 0 0 0 0 0 0 0 0 0 0 0 0 0 0 0 0 0 0 0 0 0 0 0 0 1 0 0 0 0 0 0 0 0 0 0 0 0 0 0 0 0 0 0 0 0 0 0 0 0 0 0 0 0 0 0 0 0 0 0 0 0 0 0 0 0 0 0 0 0 0]
[7061185297880951595451966339989044869329554641278979242727577284390842899488217034244384164382222573151400145094665453696849077804535078116564546090618665338012580354445334363771872277286725189738930992191887302718345470317853578622682215981641669181190555894865934075145663147126316238427437882097855024550376934348045760026771090 0 0 0 0 0 0 0 0 0 0 0 0 0 0 0 0 0 0 0 0 0 0 0 0 0 0 0 0 0 0 0 0 0 0 0 0 0 0 0 0 0 0 0 0 0 0 0 0 0 0 0 0 0 0 0 0 0 0 0 0 0 0 0 0 1 0 0 0 0 0 0 0 0 0 0 0 0 0 0 0 0 0 0 0 0 0 0 0 0 0 0 0 0 0 0 0 0 0 0 0 0 0 0 0 0 0 0 0 0]
[7574156897023876779807840751014391267558166212954793893010120630216898622219398754679348862744468771366769483420835573948462321105299634711844873254676513015584677025081474402291155889077226938436342252666177803533447445319952035062589297651159745068317300446288960038787509520574003727978154550939667559574298248708674356561510834 0 0 0 0 0 0 0 0 0 0 0 0 0 0 0 0 0 0 0 0 0 0 0 0 0 0 0 0 0 0 0 0 0 0 0 0 0 0 0 0 0 0 0 0 0 0 0 0 0 0 0 0 0 0 0 0 0 0 0 0 0 0 0 0 0 1 0 0 0 0 0 0 0 0 0 0 0 0 0 0 0 0 0 0 0 0 0 0 0 0 0 0 0 0 0 0 0 0 0 0 0 0 0 0 0 0 0 0 0]
[4906187325728751321053826341278789448843139737289638140818145461755601534168948426432702733052354385773997900102712160440660514746246068735674978279951924460728914329554561472841492337578867861736665636332681741228318950363863373573022590317576209780250343845603210428797229012712808308153401990290302399979095597398273873819714501 0 0 0 0 0 0 0 0 0 0 0 0 0 0 0 0 0 0 0 0 0 0 0 0 0 0 0 0 0 0 0 0 0 0 0 0 0 0 0 0 0 0 0 0 0 0 0 0 0 0 0 0 0 0 0 0 0 0 0 0 0 0 0 0 0 0 1 0 0 0 0 0 0 0 0 0 0 0 0 0 0 0 0 0 0 0 0 0 0 0 0 0 0 0 0 0 0 0 0 0 0 0 0 0 0 0 0 0 0]
[5295798253170869469783628464280121276630020506862746280759746983253235087559363956248946130913594353423640848537699397918039709140229269134978873075832406552526163255898772618736004763289993910497665669921967209055939257118495955184854952777425088089787895365721679117775397379590394160181306885887159799074621563900282490213288878 0 0 0 0 0 0 0 0 0 0 0 0 0 0 0 0 0 0 0 0 0 0 0 0 0 0 0 0 0 0 0 0 0 0 0 0 0 0 0 0 0 0 0 0 0 0 0 0 0 0 0 0 0 0 0 0 0 0 0 0 0 0 0 0 0 0 0 1 0 0 0 0 0 0 0 0 0 0 0 0 0 0 0 0 0 0 0 0 0 0 0 0 0 0 0 0 0 0 0 0 0 0 0 0 0 0 0 0 0]
[3128095513143505579791959006675281379172990139544708876945035311141753697954654252265369385897192490881182024723331476177922037408729425934763665857238486015394196344539975380465482308956909239851335359300631099396122648161506428538792109963569068116127935655756709249463200627869275396540916105893832537500468020427749239172199836 0 0 0 0 0 0 0 0 0 0 0 0 0 0 0 0 0 0 0 0 0 0 0 0 0 0 0 0 0 0 0 0 0 0 0 0 0 0 0 0 0 0 0 0 0 0 0 0 0 0 0 0 0 0 0 0 0 0 0 0 0 0 0 0 0 0 0 0 1 0 0 0 0 0 0 0 0 0 0 0 0 0 0 0 0 0 0 0 0 0 0 0 0 0 0 0 0 0 0 0 0 0 0 0 0 0 0 0 0]
[3096703550172312599829679708710733178683998658475645052669423974335844937711690077473237475788052395016661825163484479980721303431689159408036290740706766375929971363888521399326323575020422096432955008850086703648557817192045579280524845513729557732129677476436943716437458702281184247162631966469946402051478105277223635875122092 0 0 0 0 0 0 0 0 0 0 0 0 0 0 0 0 0 0 0 0 0 0 0 0 0 0 0 0 0 0 0 0 0 0 0 0 0 0 0 0 0 0 0 0 0 0 0 0 0 0 0 0 0 0 0 0 0 0 0 0 0 0 0 0 0 0 0 0 0 1 0 0 0 0 0 0 0 0 0 0 0 0 0 0 0 0 0 0 0 0 0 0 0 0 0 0 0 0 0 0 0 0 0 0 0 0 0 0 0]
[5720663687953111236236225545636471862279561831016107867370212939303853093420132122520119311447069829291087929521392962171108133948177051341060411933335177721320025715902328234278827682081762182532603614585487531828675560935640239078267783034707884932978055284021357108580038734322692100863000233378273344305809429621768427452565932 0 0 0 0 0 0 0 0 0 0 0 0 0 0 0 0 0 0 0 0 0 0 0 0 0 0 0 0 0 0 0 0 0 0 0 0 0 0 0 0 0 0 0 0 0 0 0 0 0 0 0 0 0 0 0 0 0 0 0 0 0 0 0 0 0 0 0 0 0 0 1 0 0 0 0 0 0 0 0 0 0 0 0 0 0 0 0 0 0 0 0 0 0 0 0 0 0 0 0 0 0 0 0 0 0 0 0 0 0]
[1341123465512512639918806020519137718391965772669118919468173891980437489089480230321357858108001699001726253436810145207277942850689727596819855633689980213705100247959742393294538669587772575036055134476792496356445609002464855680837967225183725422772813148184450612480462994785306527282653716335348790306128407178819458973114383 0 0 0 0 0 0 0 0 0 0 0 0 0 0 0 0 0 0 0 0 0 0 0 0 0 0 0 0 0 0 0 0 0 0 0 0 0 0 0 0 0 0 0 0 0 0 0 0 0 0 0 0 0 0 0 0 0 0 0 0 0 0 0 0 0 0 0 0 0 0 0 1 0 0 0 0 0 0 0 0 0 0 0 0 0 0 0 0 0 0 0 0 0 0 0 0 0 0 0 0 0 0 0 0 0 0 0 0 0]
[1983862872004856152554579905256443225924736443695733573478297990581439694960336626235067533284920024753509075477488012615955787402179037952545885213969184609963319916506038520914031776211770291318822591669697006705142330190932017975050608402199927157288575448690202909956242481321819635127420050312006865347624023150683391774649856 0 0 0 0 0 0 0 0 0 0 0 0 0 0 0 0 0 0 0 0 0 0 0 0 0 0 0 0 0 0 0 0 0 0 0 0 0 0 0 0 0 0 0 0 0 0 0 0 0 0 0 0 0 0 0 0 0 0 0 0 0 0 0 0 0 0 0 0 0 0 0 0 1 0 0 0 0 0 0 0 0 0 0 0 0 0 0 0 0 0 0 0 0 0 0 0 0 0 0 0 0 0 0 0 0 0 0 0 0]
[6909914963885418321982972982952991443830962914546142826692279903161171662957921327342005390805968878256597921237730521390363503710023830050091923698852874822310588443481686664746932088955070540827098688760500444981895721951185117295613795070557621955968837781022508225249544586066469076029692627995980732355304925156934270965044900 0 0 0 0 0 0 0 0 0 0 0 0 0 0 0 0 0 0 0 0 0 0 0 0 0 0 0 0 0 0 0 0 0 0 0 0 0 0 0 0 0 0 0 0 0 0 0 0 0 0 0 0 0 0 0 0 0 0 0 0 0 0 0 0 0 0 0 0 0 0 0 0 0 1 0 0 0 0 0 0 0 0 0 0 0 0 0 0 0 0 0 0 0 0 0 0 0 0 0 0 0 0 0 0 0 0 0 0 0]
[6650552565761007195267529389683471787166405880338095484227157863339574694871296558647412541547731731747030851067217481461957951397823307510710581659159403942115044520738473290225789226031721458639929450153112992508978998555935507522097338875488808509700634194412302519122804647035326190001666885110319675090711238881095610142625982 0 0 0 0 0 0 0 0 0 0 0 0 0 0 0 0 0 0 0 0 0 0 0 0 0 0 0 0 0 0 0 0 0 0 0 0 0 0 0 0 0 0 0 0 0 0 0 0 0 0 0 0 0 0 0 0 0 0 0 0 0 0 0 0 0 0 0 0 0 0 0 0 0 0 1 0 0 0 0 0 0 0 0 0 0 0 0 0 0 0 0 0 0 0 0 0 0 0 0 0 0 0 0 0 0 0 0 0 0]
[2665298821263752793948124367429715793965444995917864949936165975497945743212646782877087903080935795922590403116290078127097880437502128867008124274196298547564876051065186857810652880675349491079315806401439608358722965132174817625472928686535706125609151397052488207615390623059683336118481190193188918968505079857314289053647683 0 0 0 0 0 0 0 0 0 0 0 0 0 0 0 0 0 0 0 0 0 0 0 0 0 0 0 0 0 0 0 0 0 0 0 0 0 0 0 0 0 0 0 0 0 0 0 0 0 0 0 0 0 0 0 0 0 0 0 0 0 0 0 0 0 0 0 0 0 0 0 0 0 0 0 1 0 0 0 0 0 0 0 0 0 0 0 0 0 0 0 0 0 0 0 0 0 0 0 0 0 0 0 0 0 0 0 0 0]
[5580272717007942065075849801586504035594856236421847965175654647160802558466361258459861622560306913023390422785804801503516403613486221710356408794055001980864658929129717275923163405371413405140303724325401737574473573237593202280263800786573304256774563189931172575049754811941287573330197133428131721942008594396701129542242193 0 0 0 0 0 0 0 0 0 0 0 0 0 0 0 0 0 0 0 0 0 0 0 0 0 0 0 0 0 0 0 0 0 0 0 0 0 0 0 0 0 0 0 0 0 0 0 0 0 0 0 0 0 0 0 0 0 0 0 0 0 0 0 0 0 0 0 0 0 0 0 0 0 0 0 0 1 0 0 0 0 0 0 0 0 0 0 0 0 0 0 0 0 0 0 0 0 0 0 0 0 0 0 0 0 0 0 0 0]
[6801814364679800918380224036297453940809758067147174572047592868474856214236938227582024244850141665837954686435409350754998728422762549981258058623527401490165966043616972320327171258960199763739688199176439400496828658236967668585001659622116359681760120478047560704517624738752625740694512048855440212000820672568871074899386473 0 0 0 0 0 0 0 0 0 0 0 0 0 0 0 0 0 0 0 0 0 0 0 0 0 0 0 0 0 0 0 0 0 0 0 0 0 0 0 0 0 0 0 0 0 0 0 0 0 0 0 0 0 0 0 0 0 0 0 0 0 0 0 0 0 0 0 0 0 0 0 0 0 0 0 0 0 1 0 0 0 0 0 0 0 0 0 0 0 0 0 0 0 0 0 0 0 0 0 0 0 0 0 0 0 0 0 0 0]
[2062450203060320812142651864387392538582737153443985495069261839108344405822035845992182610914391909253533435445131845673593748789109102779203096175902968536099689326856252383026740257988190005833200020918878702944287906630142205278852382607748206582095973282911191079718999025421947003898419072143382041141871477104964821699271516 0 0 0 0 0 0 0 0 0 0 0 0 0 0 0 0 0 0 0 0 0 0 0 0 0 0 0 0 0 0 0 0 0 0 0 0 0 0 0 0 0 0 0 0 0 0 0 0 0 0 0 0 0 0 0 0 0 0 0 0 0 0 0 0 0 0 0 0 0 0 0 0 0 0 0 0 0 0 1 0 0 0 0 0 0 0 0 0 0 0 0 0 0 0 0 0 0 0 0 0 0 0 0 0 0 0 0 0 0]
[4866680385906488124624510109570379100955168213219246082070675533782196467015792531397598410516741578135742803333453826945502304267940914692560308727514467409628792299597749218925269941931134078022303915611363667340063884530590605147674394669783757439560088452805330367271323159686000560587392203648302779790279840149042504575148967 0 0 0 0 0 0 0 0 0 0 0 0 0 0 0 0 0 0 0 0 0 0 0 0 0 0 0 0 0 0 0 0 0 0 0 0 0 0 0 0 0 0 0 0 0 0 0 0 0 0 0 0 0 0 0 0 0 0 0 0 0 0 0 0 0 0 0 0 0 0 0 0 0 0 0 0 0 0 0 1 0 0 0 0 0 0 0 0 0 0 0 0 0 0 0 0 0 0 0 0 0 0 0 0 0 0 0 0 0]
[2350717929407470915034923169950314595385481583272370140384257273649869786571295966023148810193913312768532386212988833931166988365558786500053138283502108059426732229122062921997518603089765423488873922096737268160622268223879982244051027248367957696030496631731665193800646060090404479701254686637437566066480088363831048719410771 0 0 0 0 0 0 0 0 0 0 0 0 0 0 0 0 0 0 0 0 0 0 0 0 0 0 0 0 0 0 0 0 0 0 0 0 0 0 0 0 0 0 0 0 0 0 0 0 0 0 0 0 0 0 0 0 0 0 0 0 0 0 0 0 0 0 0 0 0 0 0 0 0 0 0 0 0 0 0 0 1 0 0 0 0 0 0 0 0 0 0 0 0 0 0 0 0 0 0 0 0 0 0 0 0 0 0 0 0]
[1225009612258354062543119855694403650130983977582901060498469646274319840123167944360943605282556997147716152151072089243150082319451910221370387622814667216188875659626396564437652813066349468002589003946364889834849745154176409925132868749147842663646033261736364688972055735403238015388028446513079000222237624354520833314999806 0 0 0 0 0 0 0 0 0 0 0 0 0 0 0 0 0 0 0 0 0 0 0 0 0 0 0 0 0 0 0 0 0 0 0 0 0 0 0 0 0 0 0 0 0 0 0 0 0 0 0 0 0 0 0 0 0 0 0 0 0 0 0 0 0 0 0 0 0 0 0 0 0 0 0 0 0 0 0 0 0 1 0 0 0 0 0 0 0 0 0 0 0 0 0 0 0 0 0 0 0 0 0 0 0 0 0 0 0]
[2137598224194227593333887464604288358674449683771212173628475050895724921714370246186470840808304999628372078649505443631320542574349227169683742655766184885970353774301967575367143402326418538012153243119352074601207400278807603028404980565250468281159239283449843045376502784360707229585627499065570204060389646461121943039648360 0 0 0 0 0 0 0 0 0 0 0 0 0 0 0 0 0 0 0 0 0 0 0 0 0 0 0 0 0 0 0 0 0 0 0 0 0 0 0 0 0 0 0 0 0 0 0 0 0 0 0 0 0 0 0 0 0 0 0 0 0 0 0 0 0 0 0 0 0 0 0 0 0 0 0 0 0 0 0 0 0 0 1 0 0 0 0 0 0 0 0 0 0 0 0 0 0 0 0 0 0 0 0 0 0 0 0 0 0]
[2108818271882367819297306315719693404995953003830546389974999666573055643340884298257115307001882794441645314048211401529130327338639850097427284114192373348219430673252172205451282320741304002604225353688301639564993623472986494308369543696044593412921396860816430445406422994925378884358276611568145059557211627438144593677957649 0 0 0 0 0 0 0 0 0 0 0 0 0 0 0 0 0 0 0 0 0 0 0 0 0 0 0 0 0 0 0 0 0 0 0 0 0 0 0 0 0 0 0 0 0 0 0 0 0 0 0 0 0 0 0 0 0 0 0 0 0 0 0 0 0 0 0 0 0 0 0 0 0 0 0 0 0 0 0 0 0 0 0 1 0 0 0 0 0 0 0 0 0 0 0 0 0 0 0 0 0 0 0 0 0 0 0 0 0]
[7457646446031761537540678129462630656546516196743041119489791405960796534674928806486497895272425262673228190339445349802819719528544931738582317852252520475644014294316050708174798992396234304927132263436187258003780175697408934553831209156013473809515620824479406444713784899420646722521018689639087284135760432549835031076486473 0 0 0 0 0 0 0 0 0 0 0 0 0 0 0 0 0 0 0 0 0 0 0 0 0 0 0 0 0 0 0 0 0 0 0 0 0 0 0 0 0 0 0 0 0 0 0 0 0 0 0 0 0 0 0 0 0 0 0 0 0 0 0 0 0 0 0 0 0 0 0 0 0 0 0 0 0 0 0 0 0 0 0 0 1 0 0 0 0 0 0 0 0 0 0 0 0 0 0 0 0 0 0 0 0 0 0 0 0]
[4127210738594951418901558857276082873313207816607276034968674709044533290929959880984950510521060934213246812169361454133081810910799294411827909874942933441777787937372738077664802295983297489036443065714721515584690472511297742426756559014242203767630888186117831265368990936781860511411244896515323686016568607759270218952473963 0 0 0 0 0 0 0 0 0 0 0 0 0 0 0 0 0 0 0 0 0 0 0 0 0 0 0 0 0 0 0 0 0 0 0 0 0 0 0 0 0 0 0 0 0 0 0 0 0 0 0 0 0 0 0 0 0 0 0 0 0 0 0 0 0 0 0 0 0 0 0 0 0 0 0 0 0 0 0 0 0 0 0 0 0 1 0 0 0 0 0 0 0 0 0 0 0 0 0 0 0 0 0 0 0 0 0 0 0]
[3969741863005476596166339417434763825161517974078720893945139830055132961470423470017002731686699071371605395862344388159700362102985163708487156368487201117059818995959829111237105711242653714173249043307123537085804081089351382314867270911745284081252071982736878384433046426901091422469820138185592144413339796942629942221227560 0 0 0 0 0 0 0 0 0 0 0 0 0 0 0 0 0 0 0 0 0 0 0 0 0 0 0 0 0 0 0 0 0 0 0 0 0 0 0 0 0 0 0 0 0 0 0 0 0 0 0 0 0 0 0 0 0 0 0 0 0 0 0 0 0 0 0 0 0 0 0 0 0 0 0 0 0 0 0 0 0 0 0 0 0 0 1 0 0 0 0 0 0 0 0 0 0 0 0 0 0 0 0 0 0 0 0 0 0]
[3179613719377621508410395379537526177376449551855163809416887613661883388754075093750792925347378296740414785230541585054960878044824748792006717445922896234817998344714372760457718219421080781550130953079612998509080481787839817106177537999668556991770512362320671659068442403900386952107714004897974657048204325729518867357995792 0 0 0 0 0 0 0 0 0 0 0 0 0 0 0 0 0 0 0 0 0 0 0 0 0 0 0 0 0 0 0 0 0 0 0 0 0 0 0 0 0 0 0 0 0 0 0 0 0 0 0 0 0 0 0 0 0 0 0 0 0 0 0 0 0 0 0 0 0 0 0 0 0 0 0 0 0 0 0 0 0 0 0 0 0 0 0 1 0 0 0 0 0 0 0 0 0 0 0 0 0 0 0 0 0 0 0 0 0]
[6084585956553114269292708860698940905720833155706243885670656830887599952547144791114187482198534140462297999247778234563925188789719467772769642276818599398752346294395348034509553361459690369808994898083569965044547278955842793839455932541038425152099018787322744421530429543597017903485970768220848943341049440856443045151758217 0 0 0 0 0 0 0 0 0 0 0 0 0 0 0 0 0 0 0 0 0 0 0 0 0 0 0 0 0 0 0 0 0 0 0 0 0 0 0 0 0 0 0 0 0 0 0 0 0 0 0 0 0 0 0 0 0 0 0 0 0 0 0 0 0 0 0 0 0 0 0 0 0 0 0 0 0 0 0 0 0 0 0 0 0 0 0 0 1 0 0 0 0 0 0 0 0 0 0 0 0 0 0 0 0 0 0 0 0]
[2354355087144077599135273511753009687753726640850015945418867378180120686343757610642221230485019924025357046582341790453059363555885448116175342223337855474726713565095073598718797524253587481964936198902832164705767590735623729399296897518219668591351861646956033621031971410311415542487983044000220863137325772928678892796893803 0 0 0 0 0 0 0 0 0 0 0 0 0 0 0 0 0 0 0 0 0 0 0 0 0 0 0 0 0 0 0 0 0 0 0 0 0 0 0 0 0 0 0 0 0 0 0 0 0 0 0 0 0 0 0 0 0 0 0 0 0 0 0 0 0 0 0 0 0 0 0 0 0 0 0 0 0 0 0 0 0 0 0 0 0 0 0 0 0 1 0 0 0 0 0 0 0 0 0 0 0 0 0 0 0 0 0 0 0]
[647638372653332218351588336166100129207002799474548338670165573370384384788376391669935507867105424103460692654396216124249910864163048741660569592923956982876148494310176488068130881319539997184702718915430554808535442816197733143129598798646098704875756534937807694829154596798472963166834338715082468522639581418059417186653057 0 0 0 0 0 0 0 0 0 0 0 0 0 0 0 0 0 0 0 0 0 0 0 0 0 0 0 0 0 0 0 0 0 0 0 0 0 0 0 0 0 0 0 0 0 0 0 0 0 0 0 0 0 0 0 0 0 0 0 0 0 0 0 0 0 0 0 0 0 0 0 0 0 0 0 0 0 0 0 0 0 0 0 0 0 0 0 0 0 0 1 0 0 0 0 0 0 0 0 0 0 0 0 0 0 0 0 0 0]
[1197176003918477521886349252733454701587470606794205871587877827189901022615061501281414311921665796237134578124170425080463496257045087467501552953737663010632302237789353311448842649328263354242139862259799130644240363776015610599844427537275359552526399875366265682948331504980589391804311738835124207541926749723894119184095435 0 0 0 0 0 0 0 0 0 0 0 0 0 0 0 0 0 0 0 0 0 0 0 0 0 0 0 0 0 0 0 0 0 0 0 0 0 0 0 0 0 0 0 0 0 0 0 0 0 0 0 0 0 0 0 0 0 0 0 0 0 0 0 0 0 0 0 0 0 0 0 0 0 0 0 0 0 0 0 0 0 0 0 0 0 0 0 0 0 0 0 1 0 0 0 0 0 0 0 0 0 0 0 0 0 0 0 0 0]
[3108126533118593207986247716832509995810413147014262609214211055053563397353764334565407108652529289137286101373181816127141869188395944725911582826649804677835126850643197090691499996723914259569722482736802392512859612162137860354681531481091843191509093577901588115298887001686826221670028075557963198439563347340631875927235099 0 0 0 0 0 0 0 0 0 0 0 0 0 0 0 0 0 0 0 0 0 0 0 0 0 0 0 0 0 0 0 0 0 0 0 0 0 0 0 0 0 0 0 0 0 0 0 0 0 0 0 0 0 0 0 0 0 0 0 0 0 0 0 0 0 0 0 0 0 0 0 0 0 0 0 0 0 0 0 0 0 0 0 0 0 0 0 0 0 0 0 0 1 0 0 0 0 0 0 0 0 0 0 0 0 0 0 0 0]
[6668245156760928899513301069928602433316972461807346210418513736090387275834912631795719144248065885763268942274409719458535635889222193924703692058392582520569318838123150907856590863755995550986111245242212416840391841338934228617522814609726044661271960264344411092141884382501995804910292981564257902021822277871831872705286200 0 0 0 0 0 0 0 0 0 0 0 0 0 0 0 0 0 0 0 0 0 0 0 0 0 0 0 0 0 0 0 0 0 0 0 0 0 0 0 0 0 0 0 0 0 0 0 0 0 0 0 0 0 0 0 0 0 0 0 0 0 0 0 0 0 0 0 0 0 0 0 0 0 0 0 0 0 0 0 0 0 0 0 0 0 0 0 0 0 0 0 0 0 1 0 0 0 0 0 0 0 0 0 0 0 0 0 0 0]
[7215525465109063867103784551973040718387337368167420091625172529201304566928902844059904409415116562065598599220894854760082338900653941469691947608203878931725810604452837808787328678605941335493565066670399586705562981387231414700066084428711586537204173056606264912208402282791488536197881347820510534993634900551480165689948996 0 0 0 0 0 0 0 0 0 0 0 0 0 0 0 0 0 0 0 0 0 0 0 0 0 0 0 0 0 0 0 0 0 0 0 0 0 0 0 0 0 0 0 0 0 0 0 0 0 0 0 0 0 0 0 0 0 0 0 0 0 0 0 0 0 0 0 0 0 0 0 0 0 0 0 0 0 0 0 0 0 0 0 0 0 0 0 0 0 0 0 0 0 0 1 0 0 0 0 0 0 0 0 0 0 0 0 0 0]
[6634048722568243006141104358910865998431946570357761219529443285401429747198212074521473865592362865254892602867040333034151164031514224076877112421985728265030091412768612339304974148140571866859014602213885895734147036299080425674830228455211762094074816830780683102750803133016270223632859907818165505670296306933780628081020621 0 0 0 0 0 0 0 0 0 0 0 0 0 0 0 0 0 0 0 0 0 0 0 0 0 0 0 0 0 0 0 0 0 0 0 0 0 0 0 0 0 0 0 0 0 0 0 0 0 0 0 0 0 0 0 0 0 0 0 0 0 0 0 0 0 0 0 0 0 0 0 0 0 0 0 0 0 0 0 0 0 0 0 0 0 0 0 0 0 0 0 0 0 0 0 1 0 0 0 0 0 0 0 0 0 0 0 0 0]
[5021407141916780195288071671184484498406682356687834813275529429536523493863686701655215038163147324742265809171579070506288106586227912243033639829116595464841262684466665204087092451731357831313532005733186757430018015349158900170495737543754219550905925427691326627131692025362338351853654127371394394478605311278799157962348532 0 0 0 0 0 0 0 0 0 0 0 0 0 0 0 0 0 0 0 0 0 0 0 0 0 0 0 0 0 0 0 0 0 0 0 0 0 0 0 0 0 0 0 0 0 0 0 0 0 0 0 0 0 0 0 0 0 0 0 0 0 0 0 0 0 0 0 0 0 0 0 0 0 0 0 0 0 0 0 0 0 0 0 0 0 0 0 0 0 0 0 0 0 0 0 0 1 0 0 0 0 0 0 0 0 0 0 0 0]
[3438305020695214834933632339403812804899663561618191485025574792304706074521961355572127567182030564404978032823269578543864817407066782273867783437393101658628297446983866849972478058864993564049066248247994815269381100850833529385045039205938628489031314838540650444151757679956981001327997112509193671134327352641687002346033309 0 0 0 0 0 0 0 0 0 0 0 0 0 0 0 0 0 0 0 0 0 0 0 0 0 0 0 0 0 0 0 0 0 0 0 0 0 0 0 0 0 0 0 0 0 0 0 0 0 0 0 0 0 0 0 0 0 0 0 0 0 0 0 0 0 0 0 0 0 0 0 0 0 0 0 0 0 0 0 0 0 0 0 0 0 0 0 0 0 0 0 0 0 0 0 0 0 1 0 0 0 0 0 0 0 0 0 0 0]
[6156232614814624878795951155874825385357768598577773214997659130128768364163091243515210350903992892822912955311098274145070102919997205514704247956478707368556446087254197096715180454625298408514283435568083288637500976024895326202678959285419464634186765133090646556908958398653514798091624126746146066922852573825432991716104596 0 0 0 0 0 0 0 0 0 0 0 0 0 0 0 0 0 0 0 0 0 0 0 0 0 0 0 0 0 0 0 0 0 0 0 0 0 0 0 0 0 0 0 0 0 0 0 0 0 0 0 0 0 0 0 0 0 0 0 0 0 0 0 0 0 0 0 0 0 0 0 0 0 0 0 0 0 0 0 0 0 0 0 0 0 0 0 0 0 0 0 0 0 0 0 0 0 0 1 0 0 0 0 0 0 0 0 0 0]
[5562581738741935133338769757996407663395966543806580533451766352358739290068098383313472674551417536153819831896381615168622515941827776816670367888216647472397752970785963746174124438184143079313080309591968413480744715125853838332981452900403945216691326904930184547546865055360782764244371440434897204684664289402631733478424550 0 0 0 0 0 0 0 0 0 0 0 0 0 0 0 0 0 0 0 0 0 0 0 0 0 0 0 0 0 0 0 0 0 0 0 0 0 0 0 0 0 0 0 0 0 0 0 0 0 0 0 0 0 0 0 0 0 0 0 0 0 0 0 0 0 0 0 0 0 0 0 0 0 0 0 0 0 0 0 0 0 0 0 0 0 0 0 0 0 0 0 0 0 0 0 0 0 0 0 1 0 0 0 0 0 0 0 0 0]
[4866493017789154638149643939070561613580062581200311533779805244774553950586377457174794489963271956172648249155314364888854716718873466749589530180116205558997980206519345487194171527590253457079837218812619738309245256159645210141946168917709401368524672949297328876894945158690390456038535751210328874612282763411347723731750456 0 0 0 0 0 0 0 0 0 0 0 0 0 0 0 0 0 0 0 0 0 0 0 0 0 0 0 0 0 0 0 0 0 0 0 0 0 0 0 0 0 0 0 0 0 0 0 0 0 0 0 0 0 0 0 0 0 0 0 0 0 0 0 0 0 0 0 0 0 0 0 0 0 0 0 0 0 0 0 0 0 0 0 0 0 0 0 0 0 0 0 0 0 0 0 0 0 0 0 0 1 0 0 0 0 0 0 0 0]
[2449332598670305670092951280130888831219328236171076518399328265024830993750211189463326349104223088949281613517372072667938945756799015065003080093200022587905533952855795401479053275742433622682879139766765480871404105575396318802690384897541552533498381145686515682017051471138405729952769462885527158980857581220028904291765572 0 0 0 0 0 0 0 0 0 0 0 0 0 0 0 0 0 0 0 0 0 0 0 0 0 0 0 0 0 0 0 0 0 0 0 0 0 0 0 0 0 0 0 0 0 0 0 0 0 0 0 0 0 0 0 0 0 0 0 0 0 0 0 0 0 0 0 0 0 0 0 0 0 0 0 0 0 0 0 0 0 0 0 0 0 0 0 0 0 0 0 0 0 0 0 0 0 0 0 0 0 1 0 0 0 0 0 0 0]
[6313050097882761625000364211892374028047677656111072775364824841475411045972189471695633965965997808863321115566504723625227867836481167379597492087973602583447536200456791854369353225034874857809973189624713012286520808815031738359747479913623746535246481234643671232566383267601615324236734961229750102842991655167050673625156509 0 0 0 0 0 0 0 0 0 0 0 0 0 0 0 0 0 0 0 0 0 0 0 0 0 0 0 0 0 0 0 0 0 0 0 0 0 0 0 0 0 0 0 0 0 0 0 0 0 0 0 0 0 0 0 0 0 0 0 0 0 0 0 0 0 0 0 0 0 0 0 0 0 0 0 0 0 0 0 0 0 0 0 0 0 0 0 0 0 0 0 0 0 0 0 0 0 0 0 0 0 0 1 0 0 0 0 0 0]
[7662034049553549420433574364210614665191858975313319352773844310637407367697203932014228229168527842203855030761614216405195973469423682752113017665791145006783877503444453000454257433829955701544884812366943603810002975109909306128458935347768625842048114476308011751794693187267346120345818141865424056366034482042456395175276602 0 0 0 0 0 0 0 0 0 0 0 0 0 0 0 0 0 0 0 0 0 0 0 0 0 0 0 0 0 0 0 0 0 0 0 0 0 0 0 0 0 0 0 0 0 0 0 0 0 0 0 0 0 0 0 0 0 0 0 0 0 0 0 0 0 0 0 0 0 0 0 0 0 0 0 0 0 0 0 0 0 0 0 0 0 0 0 0 0 0 0 0 0 0 0 0 0 0 0 0 0 0 0 1 0 0 0 0 0]
[44131499869170591546616546860897708784787059313088928920045793415577116946919456957681989116649561692916921308734145174143636877879266492847330231267430966262058528380747831714396409309744242162705773105322857078508332063711670231292287722305639777727468350078012530940507539512088975950904227476751451797280626961862009956689416 0 0 0 0 0 0 0 0 0 0 0 0 0 0 0 0 0 0 0 0 0 0 0 0 0 0 0 0 0 0 0 0 0 0 0 0 0 0 0 0 0 0 0 0 0 0 0 0 0 0 0 0 0 0 0 0 0 0 0 0 0 0 0 0 0 0 0 0 0 0 0 0 0 0 0 0 0 0 0 0 0 0 0 0 0 0 0 0 0 0 0 0 0 0 0 0 0 0 0 0 0 0 0 0 1 0 0 0 0]
[2637958823357943187960314894881737697421364123515924682711679415547274786050222403973498569331192380275850586098736924495835890456997245930410443274546782558942388824337609329856457876721923480759392955669792969417753283134268523853294276247453120460622681834392533403765178143529013527402914027696667958360964504019935832321298989 0 0 0 0 0 0 0 0 0 0 0 0 0 0 0 0 0 0 0 0 0 0 0 0 0 0 0 0 0 0 0 0 0 0 0 0 0 0 0 0 0 0 0 0 0 0 0 0 0 0 0 0 0 0 0 0 0 0 0 0 0 0 0 0 0 0 0 0 0 0 0 0 0 0 0 0 0 0 0 0 0 0 0 0 0 0 0 0 0 0 0 0 0 0 0 0 0 0 0 0 0 0 0 0 0 1 0 0 0]
[4475122731502667194484066108459036834683422305623316415360310647957589330140178526145508821956497539037960724670573252715247727938765799848665510739566227018876643755785191235947338155543884506187411022758090809126254189135930272701177951945322931487258064377579385653763352603598639317612036114650433202120826775602201326060620423 0 0 0 0 0 0 0 0 0 0 0 0 0 0 0 0 0 0 0 0 0 0 0 0 0 0 0 0 0 0 0 0 0 0 0 0 0 0 0 0 0 0 0 0 0 0 0 0 0 0 0 0 0 0 0 0 0 0 0 0 0 0 0 0 0 0 0 0 0 0 0 0 0 0 0 0 0 0 0 0 0 0 0 0 0 0 0 0 0 0 0 0 0 0 0 0 0 0 0 0 0 0 0 0 0 0 1 0 0]
[4176461538229921788957683807814547807777988699118640678516236988970475180264134872247183788268376002674701283335173995578847513840676585903828715508400005519022629594197209835004583141236914070240565553289804111815887351253015112495910878926958940116974520458776443986257575833327589726658554258598339184763711292020027390516862047 0 0 0 0 0 0 0 0 0 0 0 0 0 0 0 0 0 0 0 0 0 0 0 0 0 0 0 0 0 0 0 0 0 0 0 0 0 0 0 0 0 0 0 0 0 0 0 0 0 0 0 0 0 0 0 0 0 0 0 0 0 0 0 0 0 0 0 0 0 0 0 0 0 0 0 0 0 0 0 0 0 0 0 0 0 0 0 0 0 0 0 0 0 0 0 0 0 0 0 0 0 0 0 0 0 0 0 1 0]
[4377441272924354661762799151593338476252526377176516358268768802356521700810898109406463189516747140805622033866551884294789995118879577581075810445008933993542976312191441924100563111087275340594835909976749519774389070584054730196575089393969847403286557709872787103169114647725415050373877904939834043276682882273600015537572408 0 0 0 0 0 0 0 0 0 0 0 0 0 0 0 0 0 0 0 0 0 0 0 0 0 0 0 0 0 0 0 0 0 0 0 0 0 0 0 0 0 0 0 0 0 0 0 0 0 0 0 0 0 0 0 0 0 0 0 0 0 0 0 0 0 0 0 0 0 0 0 0 0 0 0 0 0 0 0 0 0 0 0 0 0 0 0 0 0 0 0 0 0 0 0 0 0 0 0 0 0 0 0 0 0 0 0 0 1]
]
