[[7154939038436037345803151162915582788187780067847536831162405623374303714645215184404170767048763521170842126020803633906873014851386780442761289048550207200028522413976079635976719563686481338027981198993073341573603145040218288234130532952852391522219405463885528114134151384164881186148597274953451540479798580719436903621069919 0 0 0 0 0 0 0 0 0 0 0 0 0 0 0 0 0 0 0 0 0 0 0 0 0 0 0 0 0 0 0 0 0 0 0 0 0 0 0 0 0 0 0 0 0 0 0 0 0 0 0 0 0 0 0 0 0 0 0 0 0 0 0 0 0 0 0 0 0 0 0 0 0 0 0 0 0 0 0 0 0 0 0 0 0 0 0 0 0 0 0 0 0 0 0 0 0 0 0 0 0 0 0 0 0 0 0 0 0]
[5478383626278592709577530851414797810184441619739066456985979288886466098127595378786242605686655814950728746703016847357740522105569753278534314419685435930032813469251100352564125934990121961197416987724187773344092027210534998414859217165787284458234096934815777437817095805746917110316911417584244066484013762369507925003203443 1 0 0 0 0 0 0 0 0 0 0 0 0 0 0 0 0 0 0 0 0 0 0 0 0 0 0 0 0 0 0 0 0 0 0 0 0 0 0 0 0 0 0 0 0 0 0 0 0 0 0 0 0 0 0 0 0 0 0 0 0 0 0 0 0 0 0 0 0 0 0 0 0 0 0 0 0 0 0 0 0 0 0 0 0 0 0 0 0 0 0 0 0 0 0 0 0 0 0 0 0 0 0 0 0 0 0 0 0]
[3323973089448235778577898131219065563472896142947632566570851934215430492091599939306741767022223291695890526121973550374409225578371032826391568302496630000877175999526993566427302444798764962448364280173234991142683074710038811514253056161091159118853389019619865223539232093747961541851494159221659242473704032398458690770166092 0 1 0 0 0 0 0 0 0 0 0 0 0 0 0 0 0 0 0 0 0 0 0 0 0 0 0 0 0 0 0 0 0 0 0 0 0 0 0 0 0 0 0 0 0 0 0 0 0 0 0 0 0 0 0 0 0 0 0 0 0 0 0 0 0 0 0 0 0 0 0 0 0 0 0 0 0 0 0 0 0 0 0 0 0 0 0 0 0 0 0 0 0 0 0 0 0 0 0 0 0 0 0 0 0 0 0 0 0]
[6820670862115133221435065892376953710912517265977994887315814082437869709431732992956611679860009849099859318868042740798087631338384314826027135097655541589414172241631368381889068039242801281053860077223966603871559837278663051218059118377423044151631414218974815332395025623925617349760066262297855657805324368216718742763667452 0 0 1 0 0 0 0 0 0 0 0 0 0 0 0 0 0 0 0 0 0 0 0 0 0 0 0 0 0 0 0 0 0 0 0 0 0 0 0 0 0 0 0 0 0 0 0 0 0 0 0 0 0 0 0 0 0 0 0 0 0 0 0 0 0 0 0 0 0 0 0 0 0 0 0 0 0 0 0 0 0 0 0 0 0 0 0 0 0 0 0 0 0 0 0 0 0 0 0 0 0 0 0 0 0 0 0 0 0]
[5941430769345164923386370633249421986778564861884603486857431328458133581481468757276433617968705310902143512816917573608386681972687733099323205942630454405831423624652673083576277058227371745584841729362399440024955733377873408177664752552690674581235137742134422236473175648350734372539523926625998056822242958306449949422002216 0 0 0 1 0 0 0 0 0 0 0 0 0 0 0 0 0 0 0 0 0 0 0 0 0 0 0 0 0 0 0 0 0 0 0 0 0 0 0 0 0 0 0 0 0 0 0 0 0 0 0 0 0 0 0 0 0 0 0 0 0 0 0 0 0 0 0 0 0 0 0 0 0 0 0 0 0 0 0 0 0 0 0 0 0 0 0 0 0 0 0 0 0 0 0 0 0 0 0 0 0 0 0 0 0 0 0 0 0]
[2971341339790661447215808729303048045296826816194971877611775377670596111765085758198278740503704718183287960821141926342197145303847686131635341260836965234919947948949637428682775179408701435818940285910247138994190952018369672457205731194375480935603160064089166344208331265497630860521648227914307103893579230142025514844467141 0 0 0 0 1 0 0 0 0 0 0 0 0 0 0 0 0 0 0 0 0 0 0 0 0 0 0 0 0 0 0 0 0 0 0 0 0 0 0 0 0 0 0 0 0 0 0 0 0 0 0 0 0 0 0 0 0 0 0 0 0 0 0 0 0 0 0 0 0 0 0 0 0 0 0 0 0 0 0 0 0 0 0 0 0 0 0 0 0 0 0 0 0 0 0 0 0 0 0 0 0 0 0 0 0 0 0 0 0]
[3460165186157981994304686580325496920825007037378482836993770057313795169556219890124707490781542630037882117577992932277036958361111708798327529969940576477902328424432268509422607002410490178218250291132334482930123293894230749828689872298437062598361627921673611919513064139253333924399828223812962492287324813249632611227809947 0 0 0 0 0 1 0 0 0 0 0 0 0 0 0 0 0 0 0 0 0 0 0 0 0 0 0 0 0 0 0 0 0 0 0 0 0 0 0 0 0 0 0 0 0 0 0 0 0 0 0 0 0 0 0 0 0 0 0 0 0 0 0 0 0 0 0 0 0 0 0 0 0 0 0 0 0 0 0 0 0 0 0 0 0 0 0 0 0 0 0 0 0 0 0 0 0 0 0 0 0 0 0 0 0 0 0 0 0]
[5008458165745711463029419835776996646072848254556732789998819696326629156249909831080235228054326111403360504877541651935922451073536936618464848773806998036903466733985797360163214701259560274360433742308503835165963285234003904710007372695155106883215058461730495409448487414080979030184250568359236790952737481998357185741114543 0 0 0 0 0 0 1 0 0 0 0 0 0 0 0 0 0 0 0 0 0 0 0 0 0 0 0 0 0 0 0 0 0 0 0 0 0 0 0 0 0 0 0 0 0 0 0 0 0 0 0 0 0 0 0 0 0 0 0 0 0 0 0 0 0 0 0 0 0 0 0 0 0 0 0 0 0 0 0 0 0 0 0 0 0 0 0 0 0 0 0 0 0 0 0 0 0 0 0 0 0 0 0 0 0 0 0 0 0]
[4839333049637613564966829533613163978289464820046964004875460278083282458020317877252929989733977077457239892745150350765409854571575200686822651660530476678699829958182540151416353812880587641583447108633685462839540451881442186814575949090295338576618414627764927386343819191250560270899828759520663109635161130572137510010622534 0 0 0 0 0 0 0 1 0 0 0 0 0 0 0 0 0 0 0 0 0 0 0 0 0 0 0 0 0 0 0 0 0 0 0 0 0 0 0 0 0 0 0 0 0 0 0 0 0 0 0 0 0 0 0 0 0 0 0 0 0 0 0 0 0 0 0 0 0 0 0 0 0 0 0 0 0 0 0 0 0 0 0 0 0 0 0 0 0 0 0 0 0 0 0 0 0 0 0 0 0 0 0 0 0 0 0 0 0]
[5989093589274340046253710049739248572912083592206236934736753571353278837865387553900705550433013588478944313926941852776975202661869329787425666243357674148492616939733348363764105505365025662215566829550467482329544529401191687025307465183780546048667271238340529053638578806994909436102862022948114976454353960450771556621024725 0 0 0 0 0 0 0 0 1 0 0 0 0 0 0 0 0 0 0 0 0 0 0 0 0 0 0 0 0 0 0 0 0 0 0 0 0 0 0 0 0 0 0 0 0 0 0 0 0 0 0 0 0 0 0 0 0 0 0 0 0 0 0 0 0 0 0 0 0 0 0 0 0 0 0 0 0 0 0 0 0 0 0 0 0 0 0 0 0 0 0 0 0 0 0 0 0 0 0 0 0 0 0 0 0 0 0 0 0]
[1464077285153669579465659594209060109265394146708679631967178045499382210073582134638401431235028605182789983022533815012390690191424114772381400692253936978377276980778499225778205314092252193391988367035509110597654126975732100978031812071413100107865855390828903147431187217302534649244322217360035777735971228241612508526259674 0 0 0 0 0 0 0 0 0 1 0 0 0 0 0 0 0 0 0 0 0 0 0 0 0 0 0 0 0 0 0 0 0 0 0 0 0 0 0 0 0 0 0 0 0 0 0 0 0 0 0 0 0 0 0 0 0 0 0 0 0 0 0 0 0 0 0 0 0 0 0 0 0 0 0 0 0 0 0 0 0 0 0 0 0 0 0 0 0 0 0 0 0 0 0 0 0 0 0 0 0 0 0 0 0 0 0 0 0]
[4069210537135242361277660413263486851622623038930729601634597054559623133715946295139311877833126268966077050868096278956047878165106394142598528256173770190220781802471539108618051022100293464816015053623294470370273314909059466259344619355001395178819731111099679026006071375762668137372414100790161823499851068160350403917657395 0 0 0 0 0 0 0 0 0 0 1 0 0 0 0 0 0 0 0 0 0 0 0 0 0 0 0 0 0 0 0 0 0 0 0 0 0 0 0 0 0 0 0 0 0 0 0 0 0 0 0 0 0 0 0 0 0 0 0 0 0 0 0 0 0 0 0 0 0 0 0 0 0 0 0 0 0 0 0 0 0 0 0 0 0 0 0 0 0 0 0 0 0 0 0 0 0 0 0 0 0 0 0 0 0 0 0 0 0]
[365720404700239867717062814822053993142106472598214927226555286631461061581684240360528260659946267983005601487364610316260689847118046491849736671214837636499258709179259171287814684868778822558663872234592143451935557030610094226306413242962532931843216557116192637369532674165909906798218633054471547776681376101759505703344280 0 0 0 0 0 0 0 0 0 0 0 1 0 0 0 0 0 0 0 0 0 0 0 0 0 0 0 0 0 0 0 0 0 0 0 0 0 0 0 0 0 0 0 0 0 0 0 0 0 0 0 0 0 0 0 0 0 0 0 0 0 0 0 0 0 0 0 0 0 0 0 0 0 0 0 0 0 0 0 0 0 0 0 0 0 0 0 0 0 0 0 0 0 0 0 0 0 0 0 0 0 0 0 0 0 0 0 0 0]
[5062060154528195069595595072691261800985165082513114771873107810472140219933082073210596576466138678776514474660419039542099891560740105732472965298067927544101245195621691213456166740283791608526821445856859956150070561279296820985207571644990333346460492632111686063268247478628385280194280092379048223176264666272436124152692281 0 0 0 0 0 0 0 0 0 0 0 0 1 0 0 0 0 0 0 0 0 0 0 0 0 0 0 0 0 0 0 0 0 0 0 0 0 0 0 0 0 0 0 0 0 0 0 0 0 0 0 0 0 0 0 0 0 0 0 0 0 0 0 0 0 0 0 0 0 0 0 0 0 0 0 0 0 0 0 0 0 0 0 0 0 0 0 0 0 0 0 0 0 0 0 0 0 0 0 0 0 0 0 0 0 0 0 0 0]
[4497495606249212502070160394189179042268440864835471660817030423083298050325783507618720179504940649702530418832222698967494236820402721592865619628409754057015403443650708043251203264855597109591518350586987104407836514428390420778419746999952949991956514565169486087736853842067519449188832398038774187272788149912954548971523940 0 0 0 0 0 0 0 0 0 0 0 0 0 1 0 0 0 0 0 0 0 0 0 0 0 0 0 0 0 0 0 0 0 0 0 0 0 0 0 0 0 0 0 0 0 0 0 0 0 0 0 0 0 0 0 0 0 0 0 0 0 0 0 0 0 0 0 0 0 0 0 0 0 0 0 0 0 0 0 0 0 0 0 0 0 0 0 0 0 0 0 0 0 0 0 0 0 0 0 0 0 0 0 0 0 0 0 0 0]
[4863052934452935169437389440375891413385835135454385381551861948828644290862609437277763626756833594189000724987020924977628430924473161937871253656223485853532674384351918098577739469102289246922952136267256925658703662254031562241307297236521342115455659316193858816634388161054115819725069084718469529981183101239107528276137428 0 0 0 0 0 0 0 0 0 0 0 0 0 0 1 0 0 0 0 0 0 0 0 0 0 0 0 0 0 0 0 0 0 0 0 0 0 0 0 0 0 0 0 0 0 0 0 0 0 0 0 0 0 0 0 0 0 0 0 0 0 0 0 0 0 0 0 0 0 0 0 0 0 0 0 0 0 0 0 0 0 0 0 0 0 0 0 0 0 0 0 0 0 0 0 0 0 0 0 0 0 0 0 0 0 0 0 0 0]
[3238703779462797418782254213074792669666279827404071132767209137012636737549391378273058753042442979741030737513606439520889704600368547141219446286586088564104038216912075740547766991779220846178263584095426394741454254989218038309161996360038423644340970132644920845213282942295373850567434087406305263046645343735007665654247493 0 0 0 0 0 0 0 0 0 0 0 0 0 0 0 1 0 0 0 0 0 0 0 0 0 0 0 0 0 0 0 0 0 0 0 0 0 0 0 0 0 0 0 0 0 0 0 0 0 0 0 0 0 0 0 0 0 0 0 0 0 0 0 0 0 0 0 0 0 0 0 0 0 0 0 0 0 0 0 0 0 0 0 0 0 0 0 0 0 0 0 0 0 0 0 0 0 0 0 0 0 0 0 0 0 0 0 0 0]
[4694581863584305134550318727798941017581448520472100819768250012118856336036806862913147009400369949556338069732078886421899475335008634839991811819393803588092439324827257691666737732267904566331437668930383622894236181385349909078561325674722753534354694135855698952943943347495342631488614836117830388307946253941836680816374278 0 0 0 0 0 0 0 0 0 0 0 0 0 0 0 0 1 0 0 0 0 0 0 0 0 0 0 0 0 0 0 0 0 0 0 0 0 0 0 0 0 0 0 0 0 0 0 0 0 0 0 0 0 0 0 0 0 0 0 0 0 0 0 0 0 0 0 0 0 0 0 0 0 0 0 0 0 0 0 0 0 0 0 0 0 0 0 0 0 0 0 0 0 0 0 0 0 0 0 0 0 0 0 0 0 0 0 0 0]
[2347601630597902898748867139395800072786052725718744483179937650303395924357659366938226868443992514134817239787314281158896845097735373303098198934191131549532933415755946326743242012246214798429085085443701566234572810469150608163617909268820560028647914607911403189129727330703314216346996326753347129452978531907893572018099072 0 0 0 0 0 0 0 0 0 0 0 0 0 0 0 0 0 1 0 0 0 0 0 0 0 0 0 0 0 0 0 0 0 0 0 0 0 0 0 0 0 0 0 0 0 0 0 0 0 0 0 0 0 0 0 0 0 0 0 0 0 0 0 0 0 0 0 0 0 0 0 0 0 0 0 0 0 0 0 0 0 0 0 0 0 0 0 0 0 0 0 0 0 0 0 0 0 0 0 0 0 0 0 0 0 0 0 0 0]
[3638981915345526231923585553064245606908818251653336357496189974942912734214792937719187726872195876459270070242935138187824735474626538265293038324279249070534996348046284793317315117933440580339542575505967201055939707123660966436318895865320417924536687635849828384026887321031137053798168270036077433525076858409593259253330343 0 0 0 0 0 0 0 0 0 0 0 0 0 0 0 0 0 0 1 0 0 0 0 0 0 0 0 0 0 0 0 0 0 0 0 0 0 0 0 0 0 0 0 0 0 0 0 0 0 0 0 0 0 0 0 0 0 0 0 0 0 0 0 0 0 0 0 0 0 0 0 0 0 0 0 0 0 0 0 0 0 0 0 0 0 0 0 0 0 0 0 0 0 0 0 0 0 0 0 0 0 0 0 0 0 0 0 0 0]
[371230793052705603926610930998382585842983780073302968675980272263953493342731739236539368977185167753068243507414382277448470907796821660081091461193453592251094066711532355592460962345880897949652638339155410048977050222160664179940301114461634468723017966790345369488605279022736605201669328652620821132420984665004733363614281 0 0 0 0 0 0 0 0 0 0 0 0 0 0 0 0 0 0 0 1 0 0 0 0 0 0 0 0 0 0 0 0 0 0 0 0 0 0 0 0 0 0 0 0 0 0 0 0 0 0 0 0 0 0 0 0 0 0 0 0 0 0 0 0 0 0 0 0 0 0 0 0 0 0 0 0 0 0 0 0 0 0 0 0 0 0 0 0 0 0 0 0 0 0 0 0 0 0 0 0 0 0 0 0 0 0 0 0 0]
[5244817701364248648233998231466276343297200157680634530534406641203180950906551677766538663955702108636906732646382910706238740837454641526393006738432551263018748727858922865147642906351276849565981099433507152436944101315370452620588024735307202618666739309046975876736597191714173429377836378015547303278391217124851878555746839 0 0 0 0 0 0 0 0 0 0 0 0 0 0 0 0 0 0 0 0 1 0 0 0 0 0 0 0 0 0 0 0 0 0 0 0 0 0 0 0 0 0 0 0 0 0 0 0 0 0 0 0 0 0 0 0 0 0 0 0 0 0 0 0 0 0 0 0 0 0 0 0 0 0 0 0 0 0 0 0 0 0 0 0 0 0 0 0 0 0 0 0 0 0 0 0 0 0 0 0 0 0 0 0 0 0 0 0 0]
[394124230749744445091231422902307081662525861547497054192521821424690756512742768006088194945233532035513278078549276107440201096906926389916238627682124695414707678784531433072326152702153552252591658490670695324703221035549838724517180213085076229870980012871319096019997384259520370942964332002840202410121986622243368640730315 0 0 0 0 0 0 0 0 0 0 0 0 0 0 0 0 0 0 0 0 0 1 0 0 0 0 0 0 0 0 0 0 0 0 0 0 0 0 0 0 0 0 0 0 0 0 0 0 0 0 0 0 0 0 0 0 0 0 0 0 0 0 0 0 0 0 0 0 0 0 0 0 0 0 0 0 0 0 0 0 0 0 0 0 0 0 0 0 0 0 0 0 0 0 0 0 0 0 0 0 0 0 0 0 0 0 0 0 0]
[1572774556278564489615671934868479133946549723429390432773442009759783747427943705783566131194923991722297041880374214886867526873510728107888099143103214437495398578277511215870526116183296981300537711271283820669748053614403026998594409582596314944895788513961903235842618225872965224158487591550443592943520592404733520101158699 0 0 0 0 0 0 0 0 0 0 0 0 0 0 0 0 0 0 0 0 0 0 1 0 0 0 0 0 0 0 0 0 0 0 0 0 0 0 0 0 0 0 0 0 0 0 0 0 0 0 0 0 0 0 0 0 0 0 0 0 0 0 0 0 0 0 0 0 0 0 0 0 0 0 0 0 0 0 0 0 0 0 0 0 0 0 0 0 0 0 0 0 0 0 0 0 0 0 0 0 0 0 0 0 0 0 0 0 0]
[6147626315171050005839568050868457670871795159128100577299894463317157578710341198969806991008196591427163215125672257547039528947021265248471265566607453159992239840263238918132185361447533161786938132098821376499085157139973639280260973154084007459413039465340364265249885697515905828090975990372309792472358349081387380511521368 0 0 0 0 0 0 0 0 0 0 0 0 0 0 0 0 0 0 0 0 0 0 0 1 0 0 0 0 0 0 0 0 0 0 0 0 0 0 0 0 0 0 0 0 0 0 0 0 0 0 0 0 0 0 0 0 0 0 0 0 0 0 0 0 0 0 0 0 0 0 0 0 0 0 0 0 0 0 0 0 0 0 0 0 0 0 0 0 0 0 0 0 0 0 0 0 0 0 0 0 0 0 0 0 0 0 0 0 0]
[5019618844948106139867799204137386592172492017300249460280200619062289110658441732189838236911932604929219231656810766114955311579737869435623816102790232833903513467088992118404979702580340212216540337514241420138905667411931965685794360069667380468149728432353846892326133792287966234056272254144967007426431645918045040415868790 0 0 0 0 0 0 0 0 0 0 0 0 0 0 0 0 0 0 0 0 0 0 0 0 1 0 0 0 0 0 0 0 0 0 0 0 0 0 0 0 0 0 0 0 0 0 0 0 0 0 0 0 0 0 0 0 0 0 0 0 0 0 0 0 0 0 0 0 0 0 0 0 0 0 0 0 0 0 0 0 0 0 0 0 0 0 0 0 0 0 0 0 0 0 0 0 0 0 0 0 0 0 0 0 0 0 0 0 0]
[4772776456318491619874292256107740760086659378876914859346119529096936148637217558801370782195724901124150840449405308708786545903481965306094459610606172948009330613281561175184633684214773612695260051893073841806842752123016332472725315363769491648116849833601661198863592531727074176214960296074848219007993108781236152280361649 0 0 0 0 0 0 0 0 0 0 0 0 0 0 0 0 0 0 0 0 0 0 0 0 0 1 0 0 0 0 0 0 0 0 0 0 0 0 0 0 0 0 0 0 0 0 0 0 0 0 0 0 0 0 0 0 0 0 0 0 0 0 0 0 0 0 0 0 0 0 0 0 0 0 0 0 0 0 0 0 0 0 0 0 0 0 0 0 0 0 0 0 0 0 0 0 0 0 0 0 0 0 0 0 0 0 0 0 0]
[7121395366848181791916172560432505591234927777118699139317407954909496616897085566696359306976320879585961162944935209864456311785605035983643879321106941558561778729107701998449016324691105360618106355022709734740561584069162361935480091241240537893286018661302811739248239490384733669089324183911606177716054358782127052353869677 0 0 0 0 0 0 0 0 0 0 0 0 0 0 0 0 0 0 0 0 0 0 0 0 0 0 1 0 0 0 0 0 0 0 0 0 0 0 0 0 0 0 0 0 0 0 0 0 0 0 0 0 0 0 0 0 0 0 0 0 0 0 0 0 0 0 0 0 0 0 0 0 0 0 0 0 0 0 0 0 0 0 0 0 0 0 0 0 0 0 0 0 0 0 0 0 0 0 0 0 0 0 0 0 0 0 0 0 0]
[2702642458032744969400974197484111846439027417702285949651533912200394781663633705686008221940685812949453162874105541481722171343291829173971762053655636447297171466000624420786629247999949491441097330619846539878528813288247341314682307625957947661684700744466708774878185827286350811227878386693549890610139122015664966165573628 0 0 0 0 0 0 0 0 0 0 0 0 0 0 0 0 0 0 0 0 0 0 0 0 0 0 0 1 0 0 0 0 0 0 0 0 0 0 0 0 0 0 0 0 0 0 0 0 0 0 0 0 0 0 0 0 0 0 0 0 0 0 0 0 0 0 0 0 0 0 0 0 0 0 0 0 0 0 0 0 0 0 0 0 0 0 0 0 0 0 0 0 0 0 0 0 0 0 0 0 0 0 0 0 0 0 0 0 0]
[2994344017787880066630370102624807800313875564339701384184643975868125149066287651883114755457999837195855684589762341466334871240368189447898634749973641129825638977633726836134049635944259930763784725838763026807152021053037810654906989415019491123668502142385732585261202923488800431122679027037398794688917573023275418446021477 0 0 0 0 0 0 0 0 0 0 0 0 0 0 0 0 0 0 0 0 0 0 0 0 0 0 0 0 1 0 0 0 0 0 0 0 0 0 0 0 0 0 0 0 0 0 0 0 0 0 0 0 0 0 0 0 0 0 0 0 0 0 0 0 0 0 0 0 0 0 0 0 0 0 0 0 0 0 0 0 0 0 0 0 0 0 0 0 0 0 0 0 0 0 0 0 0 0 0 0 0 0 0 0 0 0 0 0 0]
[4522099531016100967824805841968297891754116350374011144096274766075596780410525159507039348311794064685216709146922680237662696551111380565120382110786132844963745846576221356768403771487925477502094087841916643226540700472860916751797110412105856655084640685526517229480275387934644111951160828129549893317145343324194827716818264 0 0 0 0 0 0 0 0 0 0 0 0 0 0 0 0 0 0 0 0 0 0 0 0 0 0 0 0 0 1 0 0 0 0 0 0 0 0 0 0 0 0 0 0 0 0 0 0 0 0 0 0 0 0 0 0 0 0 0 0 0 0 0 0 0 0 0 0 0 0 0 0 0 0 0 0 0 0 0 0 0 0 0 0 0 0 0 0 0 0 0 0 0 0 0 0 0 0 0 0 0 0 0 0 0 0 0 0 0]
[4197210336402259475359106587907836812920592176905423253474840264745543692633605449509728116738674252085794551358619794947105271958706734429480114363981471070820885129463823283341600114299406284905344278952898578609250171413949245666596821046015665150357381490376758398532393114637205127546314724690392786518526655537342879797832175 0 0 0 0 0 0 0 0 0 0 0 0 0 0 0 0 0 0 0 0 0 0 0 0 0 0 0 0 0 0 1 0 0 0 0 0 0 0 0 0 0 0 0 0 0 0 0 0 0 0 0 0 0 0 0 0 0 0 0 0 0 0 0 0 0 0 0 0 0 0 0 0 0 0 0 0 0 0 0 0 0 0 0 0 0 0 0 0 0 0 0 0 0 0 0 0 0 0 0 0 0 0 0 0 0 0 0 0 0]
[6373408817910471532872697159553166030100399164349681234214171944233034059205187174814154518786201433908060536737147615111334266370309082837064124570489107239639397304399825533555777292379578359228927483276610138377824372093406332495564892861087294019263243268248879516232964806134079762153855285972040648258775536730497593201355366 0 0 0 0 0 0 0 0 0 0 0 0 0 0 0 0 0 0 0 0 0 0 0 0 0 0 0 0 0 0 0 1 0 0 0 0 0 0 0 0 0 0 0 0 0 0 0 0 0 0 0 0 0 0 0 0 0 0 0 0 0 0 0 0 0 0 0 0 0 0 0 0 0 0 0 0 0 0 0 0 0 0 0 0 0 0 0 0 0 0 0 0 0 0 0 0 0 0 0 0 0 0 0 0 0 0 0 0 0]
[6954711890284699690510330688849731719222181774619137157364515232988063969347806913440788043158720302258262820096949215990536067882693266137115475716534988600380081486227852231406725808641721756850109941940328596641323449441904905341606066988123057422837514293195057243074168980692562092103549797656009829365002974128254285576262461 0 0 0 0 0 0 0 0 0 0 0 0 0 0 0 0 0 0 0 0 0 0 0 0 0 0 0 0 0 0 0 0 1 0 0 0 0 0 0 0 0 0 0 0 0 0 0 0 0 0 0 0 0 0 0 0 0 0 0 0 0 0 0 0 0 0 0 0 0 0 0 0 0 0 0 0 0 0 0 0 0 0 0 0 0 0 0 0 0 0 0 0 0 0 0 0 0 0 0 0 0 0 0 0 0 0 0 0 0]
[6466203089904684624522262699449788599041094938467767902416961203491931200311928298111222221354551932786169618505341922205311390260621343506117484545780863444864723415818086089916354140486378213913618532028114530509484269020084813472474983992163854999336764891650265194891006875802865260210169194681542369831788560941952229775762054 0 0 0 0 0 0 0 0 0 0 0 0 0 0 0 0 0 0 0 0 0 0 0 0 0 0 0 0 0 0 0 0 0 1 0 0 0 0 0 0 0 0 0 0 0 0 0 0 0 0 0 0 0 0 0 0 0 0 0 0 0 0 0 0 0 0 0 0 0 0 0 0 0 0 0 0 0 0 0 0 0 0 0 0 0 0 0 0 0 0 0 0 0 0 0 0 0 0 0 0 0 0 0 0 0 0 0 0 0]
[959089643639031144200427052219760854585060982638486692948024774274156320565058219034815159934240959642103665963177434815950378942369160859805248584412248367119304537676469010588394379720936693327460657324728968815082224769896652159147022311765662317983814649459475829984282420569906252600704289008377402116200170484624187796937271 0 0 0 0 0 0 0 0 0 0 0 0 0 0 0 0 0 0 0 0 0 0 0 0 0 0 0 0 0 0 0 0 0 0 1 0 0 0 0 0 0 0 0 0 0 0 0 0 0 0 0 0 0 0 0 0 0 0 0 0 0 0 0 0 0 0 0 0 0 0 0 0 0 0 0 0 0 0 0 0 0 0 0 0 0 0 0 0 0 0 0 0 0 0 0 0 0 0 0 0 0 0 0 0 0 0 0 0 0]
[4336534663852992729039112551989946648900270385692096876158365392245805045082609581713550582017742010692427971976336319285325888458565967264423071515374828869937028352727177853260009199048440563217944873617552413713296748443541541044041289439519204991412931861136426556103104376509209100417740800558500707051751116466862048011526117 0 0 0 0 0 0 0 0 0 0 0 0 0 0 0 0 0 0 0 0 0 0 0 0 0 0 0 0 0 0 0 0 0 0 0 1 0 0 0 0 0 0 0 0 0 0 0 0 0 0 0 0 0 0 0 0 0 0 0 0 0 0 0 0 0 0 0 0 0 0 0 0 0 0 0 0 0 0 0 0 0 0 0 0 0 0 0 0 0 0 0 0 0 0 0 0 0 0 0 0 0 0 0 0 0 0 0 0 0]
[1441299993380515092793118837245250873148706891889075256945362309972347308086894839785463834222819882678787487026614840084015794767503915573063664897298293333579716783624355070125980178000050110573867481809304912746239977049340519492318807146030207080407363985768100019129267527001399403640203969316281536267365550054050462719968712 0 0 0 0 0 0 0 0 0 0 0 0 0 0 0 0 0 0 0 0 0 0 0 0 0 0 0 0 0 0 0 0 0 0 0 0 1 0 0 0 0 0 0 0 0 0 0 0 0 0 0 0 0 0 0 0 0 0 0 0 0 0 0 0 0 0 0 0 0 0 0 0 0 0 0 0 0 0 0 0 0 0 0 0 0 0 0 0 0 0 0 0 0 0 0 0 0 0 0 0 0 0 0 0 0 0 0 0 0]
[5204475294698261902077074756152425682647064174463510192370804146439693976403127775016376122657494893842279027661072347038949176794355675732375802954149971622268255127166513963661863571682693720563759778323946729586092875066775040864032596950077813389098380739498488225118554874663342677872505973507064121200045789680464897150592428 0 0 0 0 0 0 0 0 0 0 0 0 0 0 0 0 0 0 0 0 0 0 0 0 0 0 0 0 0 0 0 0 0 0 0 0 0 1 0 0 0 0 0 0 0 0 0 0 0 0 0 0 0 0 0 0 0 0 0 0 0 0 0 0 0 0 0 0 0 0 0 0 0 0 0 0 0 0 0 0 0 0 0 0 0 0 0 0 0 0 0 0 0 0 0 0 0 0 0 0 0 0 0 0 0 0 0 0 0]
[1157467264102534721335631280662931057386162337192670154510625875365929844085125242696872260782513371453629741453265426758262403370239199469977217557575523496538847906302107048680542514589232340184786974538073297184035984225793284960899831952407776258676276428185363168526308446386948060634050609743639960610378713433112824575255973 0 0 0 0 0 0 0 0 0 0 0 0 0 0 0 0 0 0 0 0 0 0 0 0 0 0 0 0 0 0 0 0 0 0 0 0 0 0 1 0 0 0 0 0 0 0 0 0 0 0 0 0 0 0 0 0 0 0 0 0 0 0 0 0 0 0 0 0 0 0 0 0 0 0 0 0 0 0 0 0 0 0 0 0 0 0 0 0 0 0 0 0 0 0 0 0 0 0 0 0 0 0 0 0 0 0 0 0 0]
[5814329355335324357738730658810660813786878318677030929309685915193010370523170207709973083458466527167529176267654892288218456991680505151055449718573728837961770939965432938888270851194870382074850538380225027641069804254183633681670807281122189018668615115956522700375294611223293227005667956244190048570394374906178036653000700 0 0 0 0 0 0 0 0 0 0 0 0 0 0 0 0 0 0 0 0 0 0 0 0 0 0 0 0 0 0 0 0 0 0 0 0 0 0 0 1 0 0 0 0 0 0 0 0 0 0 0 0 0 0 0 0 0 0 0 0 0 0 0 0 0 0 0 0 0 0 0 0 0 0 0 0 0 0 0 0 0 0 0 0 0 0 0 0 0 0 0 0 0 0 0 0 0 0 0 0 0 0 0 0 0 0 0 0 0]
[2341850795650037516373086975264468565595722549267690646017196342284078373379998780678698704140118286034001231630173499129902785597390266222793518753187544480887567816789180722514659212401821588926020305959953284904685025265748481674193815770147202057112603017892140160080122667811706082097499053570358120182160730036094376979863472 0 0 0 0 0 0 0 0 0 0 0 0 0 0 0 0 0 0 0 0 0 0 0 0 0 0 0 0 0 0 0 0 0 0 0 0 0 0 0 0 1 0 0 0 0 0 0 0 0 0 0 0 0 0 0 0 0 0 0 0 0 0 0 0 0 0 0 0 0 0 0 0 0 0 0 0 0 0 0 0 0 0 0 0 0 0 0 0 0 0 0 0 0 0 0 0 0 0 0 0 0 0 0 0 0 0 0 0 0]
[1018851579871443022213159470624186943600293747929652472578134992756995997842220613294902080794070338068121575332924822007142672095598779711685806857269456779343321816354757704082769914027837834329101573844804875184542954078431237062013054397188438997462994193249709572406987579904352439083663142555656550818043235514020351464303012 0 0 0 0 0 0 0 0 0 0 0 0 0 0 0 0 0 0 0 0 0 0 0 0 0 0 0 0 0 0 0 0 0 0 0 0 0 0 0 0 0 1 0 0 0 0 0 0 0 0 0 0 0 0 0 0 0 0 0 0 0 0 0 0 0 0 0 0 0 0 0 0 0 0 0 0 0 0 0 0 0 0 0 0 0 0 0 0 0 0 0 0 0 0 0 0 0 0 0 0 0 0 0 0 0 0 0 0 0]
[6660700654684452369257022503183797395680287367732612353537336189529086510308899361867691569588925749293378748340561263993875159858282876272829885202579094771930360959971567040028566142614144250593267494218104263911108667058687968391949990999617700994086393285091262947098063346826188274925353085084156194948423017510221960158111506 0 0 0 0 0 0 0 0 0 0 0 0 0 0 0 0 0 0 0 0 0 0 0 0 0 0 0 0 0 0 0 0 0 0 0 0 0 0 0 0 0 0 1 0 0 0 0 0 0 0 0 0 0 0 0 0 0 0 0 0 0 0 0 0 0 0 0 0 0 0 0 0 0 0 0 0 0 0 0 0 0 0 0 0 0 0 0 0 0 0 0 0 0 0 0 0 0 0 0 0 0 0 0 0 0 0 0 0 0]
[1953361401967566571857910885196682859854975861205306842539672204515942755264479134553697781239173516463493485665056622175341688136540521420786616042105999096399027669412931927873322419366677999260706124593992233655616353666850105628158012717130098886333440159800933479120829893724962113887235346476353639285005107687391522787208654 0 0 0 0 0 0 0 0 0 0 0 0 0 0 0 0 0 0 0 0 0 0 0 0 0 0 0 0 0 0 0 0 0 0 0 0 0 0 0 0 0 0 0 1 0 0 0 0 0 0 0 0 0 0 0 0 0 0 0 0 0 0 0 0 0 0 0 0 0 0 0 0 0 0 0 0 0 0 0 0 0 0 0 0 0 0 0 0 0 0 0 0 0 0 0 0 0 0 0 0 0 0 0 0 0 0 0 0 0]
[5433425200994854757895452851784193587313771050315275581088536424773155365490938540010511648158516020465657968861556831273013085953915259651214111368549832032185111184081935072588769180867278241908068312401551456904824286252506560372696302598101856281257269690263709193508900327001213125715511853630991013148158990827485001555218293 0 0 0 0 0 0 0 0 0 0 0 0 0 0 0 0 0 0 0 0 0 0 0 0 0 0 0 0 0 0 0 0 0 0 0 0 0 0 0 0 0 0 0 0 1 0 0 0 0 0 0 0 0 0 0 0 0 0 0 0 0 0 0 0 0 0 0 0 0 0 0 0 0 0 0 0 0 0 0 0 0 0 0 0 0 0 0 0 0 0 0 0 0 0 0 0 0 0 0 0 0 0 0 0 0 0 0 0 0]
[191433343829677161200622217631491858118596715382079294951023154709534484858967905213740381811787927574838204472369890373286122528389204083581553293912676017422511092390841493852522807582638176029807608832581373847299193132657786462528258828143536807796468672114124516082220139226022544571008832668560036698594194399160717433751613 0 0 0 0 0 0 0 0 0 0 0 0 0 0 0 0 0 0 0 0 0 0 0 0 0 0 0 0 0 0 0 0 0 0 0 0 0 0 0 0 0 0 0 0 0 1 0 0 0 0 0 0 0 0 0 0 0 0 0 0 0 0 0 0 0 0 0 0 0 0 0 0 0 0 0 0 0 0 0 0 0 0 0 0 0 0 0 0 0 0 0 0 0 0 0 0 0 0 0 0 0 0 0 0 0 0 0 0 0]
[5625992381813689772528223875799837500339031005720204770319704775284280555393368803270071820079890464668236175009463780128854548200658148436587680216134066396473736123443427043745731451858191319563990535363605470926563586795824671954191732490999748895537946233765195578381082467065039065618092421709879532636601584690727496055697463 0 0 0 0 0 0 0 0 0 0 0 0 0 0 0 0 0 0 0 0 0 0 0 0 0 0 0 0 0 0 0 0 0 0 0 0 0 0 0 0 0 0 0 0 0 0 1 0 0 0 0 0 0 0 0 0 0 0 0 0 0 0 0 0 0 0 0 0 0 0 0 0 0 0 0 0 0 0 0 0 0 0 0 0 0 0 0 0 0 0 0 0 0 0 0 0 0 0 0 0 0 0 0 0 0 0 0 0 0]
[6710331922466592524326722879153224513281973815922573589865440571569607253637890604204967356645027303444899814133117617596962091431051642255873697985719935971459356428836898689576239686386186193561895201492343619747361395253869450835831261817551351590359568356326726306059792197149651936649775762393200928173539940988487160115405011 0 0 0 0 0 0 0 0 0 0 0 0 0 0 0 0 0 0 0 0 0 0 0 0 0 0 0 0 0 0 0 0 0 0 0 0 0 0 0 0 0 0 0 0 0 0 0 1 0 0 0 0 0 0 0 0 0 0 0 0 0 0 0 0 0 0 0 0 0 0 0 0 0 0 0 0 0 0 0 0 0 0 0 0 0 0 0 0 0 0 0 0 0 0 0 0 0 0 0 0 0 0 0 0 0 0 0 0 0]
[5554700893560048258898670136080711894186993118776541639596448797441396180982287727825548895966578672878002531595578852460619107428163893940709794367235204642679879721762884269112682878939227889127819993359037022500490457222178282690724582838649550320933110554797518042054729987016372559107726596335058501206934367003437813255221559 0 0 0 0 0 0 0 0 0 0 0 0 0 0 0 0 0 0 0 0 0 0 0 0 0 0 0 0 0 0 0 0 0 0 0 0 0 0 0 0 0 0 0 0 0 0 0 0 1 0 0 0 0 0 0 0 0 0 0 0 0 0 0 0 0 0 0 0 0 0 0 0 0 0 0 0 0 0 0 0 0 0 0 0 0 0 0 0 0 0 0 0 0 0 0 0 0 0 0 0 0 0 0 0 0 0 0 0 0]
[1073980939151930625954757477195494500335264500606508396255137546225747228428717630983020374798114588754040066778098532282082698165556772349204937774828415821152074035774717898645392928048396420334279963566249817698524118127926104175315603448769548896754363524546786980908985663326092037753533681365954943657532460920317346206231792 0 0 0 0 0 0 0 0 0 0 0 0 0 0 0 0 0 0 0 0 0 0 0 0 0 0 0 0 0 0 0 0 0 0 0 0 0 0 0 0 0 0 0 0 0 0 0 0 0 1 0 0 0 0 0 0 0 0 0 0 0 0 0 0 0 0 0 0 0 0 0 0 0 0 0 0 0 0 0 0 0 0 0 0 0 0 0 0 0 0 0 0 0 0 0 0 0 0 0 0 0 0 0 0 0 0 0 0 0]
[2927472361559905818483642955696385668653461751535952494496937871637188774894609179651063811895080894467093221822405222610553892616731880418185169369537502373174979627140498086502787327232742530052954275050498997530575394241162294104887189898578985702202424429012686590408793761246922871243236091944142315244485518889976672262852153 0 0 0 0 0 0 0 0 0 0 0 0 0 0 0 0 0 0 0 0 0 0 0 0 0 0 0 0 0 0 0 0 0 0 0 0 0 0 0 0 0 0 0 0 0 0 0 0 0 0 1 0 0 0 0 0 0 0 0 0 0 0 0 0 0 0 0 0 0 0 0 0 0 0 0 0 0 0 0 0 0 0 0 0 0 0 0 0 0 0 0 0 0 0 0 0 0 0 0 0 0 0 0 0 0 0 0 0 0]
[4630629967675737708486103248813581338755411375052959907942793843266734011027945617715694003493449754045062901968510622274998387512812579834513265053582972593880003775126183187703352096367462699691245765670910426139043178232162094341335815868771996451510690754533213499966187425370331298276558277607957947516830072848340831470983632 0 0 0 0 0 0 0 0 0 0 0 0 0 0 0 0 0 0 0 0 0 0 0 0 0 0 0 0 0 0 0 0 0 0 0 0 0 0 0 0 0 0 0 0 0 0 0 0 0 0 0 1 0 0 0 0 0 0 0 0 0 0 0 0 0 0 0 0 0 0 0 0 0 0 0 0 0 0 0 0 0 0 0 0 0 0 0 0 0 0 0 0 0 0 0 0 0 0 0 0 0 0 0 0 0 0 0 0 0]
[6433628664134502013935892123607104404613361446068547840092630427018035439416828005333591469527202742579253451066257643884951397862346000221999314604304534902173754812664657236311378865778803708605051429130134901989817392698585988270874950733099091220914266036890738049696229104318012969169535819772220277227908452071346662944544322 0 0 0 0 0 0 0 0 0 0 0 0 0 0 0 0 0 0 0 0 0 0 0 0 0 0 0 0 0 0 0 0 0 0 0 0 0 0 0 0 0 0 0 0 0 0 0 0 0 0 0 0 1 0 0 0 0 0 0 0 0 0 0 0 0 0 0 0 0 0 0 0 0 0 0 0 0 0 0 0 0 0 0 0 0 0 0 0 0 0 0 0 0 0 0 0 0 0 0 0 0 0 0 0 0 0 0 0 0]
[5421432364472320399675612290081047983780740260141954757123825810835422598671197016279794618043481315978728974199098087511783931591074749778361525845417945158451483461613246121966498606092315177748816921866398299134857325498076200062107584173902425226105978844570718087624477335296547285016492848413070161160133290857518848519142487 0 0 0 0 0 0 0 0 0 0 0 0 0 0 0 0 0 0 0 0 0 0 0 0 0 0 0 0 0 0 0 0 0 0 0 0 0 0 0 0 0 0 0 0 0 0 0 0 0 0 0 0 0 1 0 0 0 0 0 0 0 0 0 0 0 0 0 0 0 0 0 0 0 0 0 0 0 0 0 0 0 0 0 0 0 0 0 0 0 0 0 0 0 0 0 0 0 0 0 0 0 0 0 0 0 0 0 0 0]
[4419719643132652399785158859745107534511686632060200267606913235873223477597908355697078557189467577447308819644367419507725689241612852675131281703512941033293114318352512251995902934885746718660985951057004740349672511555302396635017754684428565563527781898064815390943969374520063275685400467915696444395432237982053413208781996 0 0 0 0 0 0 0 0 0 0 0 0 0 0 0 0 0 0 0 0 0 0 0 0 0 0 0 0 0 0 0 0 0 0 0 0 0 0 0 0 0 0 0 0 0 0 0 0 0 0 0 0 0 0 1 0 0 0 0 0 0 0 0 0 0 0 0 0 0 0 0 0 0 0 0 0 0 0 0 0 0 0 0 0 0 0 0 0 0 0 0 0 0 0 0 0 0 0 0 0 0 0 0 0 0 0 0 0 0]
[1273076448380429253624925310348542228815292972649086343860994836541782933718847852586920523976534849335694737687948633521951781329134542612754952651751136820580300966649557151078457415937305285309424780706074869932113316240944759784183210217638713291608708168039291496282746632960818426090093902154355661266478922650514149253889618 0 0 0 0 0 0 0 0 0 0 0 0 0 0 0 0 0 0 0 0 0 0 0 0 0 0 0 0 0 0 0 0 0 0 0 0 0 0 0 0 0 0 0 0 0 0 0 0 0 0 0 0 0 0 0 1 0 0 0 0 0 0 0 0 0 0 0 0 0 0 0 0 0 0 0 0 0 0 0 0 0 0 0 0 0 0 0 0 0 0 0 0 0 0 0 0 0 0 0 0 0 0 0 0 0 0 0 0 0]
[1556687775615432656689025960575486914670560657582357476640292658159704090452717101869315213125085629123033064104514220437015611017303915317139075429017996860854961763225992318501124445716985385556565326286389528542696355067907589764830497386639975474474036211343023027667689311583636800489589027135233099357271184934657385947801231 0 0 0 0 0 0 0 0 0 0 0 0 0 0 0 0 0 0 0 0 0 0 0 0 0 0 0 0 0 0 0 0 0 0 0 0 0 0 0 0 0 0 0 0 0 0 0 0 0 0 0 0 0 0 0 0 1 0 0 0 0 0 0 0 0 0 0 0 0 0 0 0 0 0 0 0 0 0 0 0 0 0 0 0 0 0 0 0 0 0 0 0 0 0 0 0 0 0 0 0 0 0 0 0 0 0 0 0 0]
[2684114596644816218400071937086743901941933605665937720265268108178365448090729293391214753179264478392061931657877698394589401083373283825394943294286976197184539975413160512597372672038841243231797416030873481731450516812232068369414442334341967610260075821070598825159469116166401814688105840519787386948128256660143787932923220 0 0 0 0 0 0 0 0 0 0 0 0 0 0 0 0 0 0 0 0 0 0 0 0 0 0 0 0 0 0 0 0 0 0 0 0 0 0 0 0 0 0 0 0 0 0 0 0 0 0 0 0 0 0 0 0 0 1 0 0 0 0 0 0 0 0 0 0 0 0 0 0 0 0 0 0 0 0 0 0 0 0 0 0 0 0 0 0 0 0 0 0 0 0 0 0 0 0 0 0 0 0 0 0 0 0 0 0 0]
[3559455434609236477889283159500863535028212447240240004916931541450379762733012346956806135577336504157534329198713882655528647329294610058284337333736144876480927196052676073025004993025342842481388542969938205562817476040787802080293323981690598127324049279447756520864284349231681299423592594822773312896657320142382193328887896 0 0 0 0 0 0 0 0 0 0 0 0 0 0 0 0 0 0 0 0 0 0 0 0 0 0 0 0 0 0 0 0 0 0 0 0 0 0 0 0 0 0 0 0 0 0 0 0 0 0 0 0 0 0 0 0 0 0 1 0 0 0 0 0 0 0 0 0 0 0 0 0 0 0 0 0 0 0 0 0 0 0 0 0 0 0 0 0 0 0 0 0 0 0 0 0 0 0 0 0 0 0 0 0 0 0 0 0 0]
[2308208701137947666558822681785023469078542489439811324489207320315103913034912275673960229023767619217262077925606815846653632930429679625808388311497211847114445519805831698356142444494345975753383268764525889355082809084075629008249351208881066673769564792861616988672366235264378231654542128272065078439328766220192296131032907 0 0 0 0 0 0 0 0 0 0 0 0 0 0 0 0 0 0 0 0 0 0 0 0 0 0 0 0 0 0 0 0 0 0 0 0 0 0 0 0 0 0 0 0 0 0 0 0 0 0 0 0 0 0 0 0 0 0 0 1 0 0 0 0 0 0 0 0 0 0 0 0 0 0 0 0 0 0 0 0 0 0 0 0 0 0 0 0 0 0 0 0 0 0 0 0 0 0 0 0 0 0 0 0 0 0 0 0 0]
[557540848529920670247725095194961480751386006581307515634260094939660033550371582004770781418532205293504248859991712460514997183914717832341764972830950593114804891752715122795804304524154296103493276600973658924700146956499514656226295873420321741774941513804335870140891946869088860614977795625203093493046427975569523906350289 0 0 0 0 0 0 0 0 0 0 0 0 0 0 0 0 0 0 0 0 0 0 0 0 0 0 0 0 0 0 0 0 0 0 0 0 0 0 0 0 0 0 0 0 0 0 0 0 0 0 0 0 0 0 0 0 0 0 0 0 1 0 0 0 0 0 0 0 0 0 0 0 0 0 0 0 0 0 0 0 0 0 0 0 0 0 0 0 0 0 0 0 0 0 0 0 0 0 0 0 0 0 0 0 0 0 0 0 0]
[2263334958370864893800187385348274983130450129114304808835074019334548097241142552603320205656759470530199799013492644341755768714782487879072469036980468562324863935587021733685642648720723785124391543318469228631410870144359507481611586193774250036111204114619853104159550101269129699065245201243745866568999899061334823581645766 0 0 0 0 0 0 0 0 0 0 0 0 0 0 0 0 0 0 0 0 0 0 0 0 0 0 0 0 0 0 0 0 0 0 0 0 0 0 0 0 0 0 0 0 0 0 0 0 0 0 0 0 0 0 0 0 0 0 0 0 0 1 0 0 0 0 0 0 0 0 0 0 0 0 0 0 0 0 0 0 0 0 0 0 0 0 0 0 0 0 0 0 0 0 0 0 0 0 0 0 0 0 0 0 0 0 0 0 0]
[668892887387473351922503418269663290814262969535928025536776267477929651195676959484720594395091569164723133325158477267271106268970169646105687022740226168702126788980799235298508118333884956324825357171305965905809532525519545941980693114522650934479541200727876188134369470311514968426582098053890502101142737444254646652830670 0 0 0 0 0 0 0 0 0 0 0 0 0 0 0 0 0 0 0 0 0 0 0 0 0 0 0 0 0 0 0 0 0 0 0 0 0 0 0 0 0 0 0 0 0 0 0 0 0 0 0 0 0 0 0 0 0 0 0 0 0 0 1 0 0 0 0 0 0 0 0 0 0 0 0 0 0 0 0 0 0 0 0 0 0 0 0 0 0 0 0 0 0 0 0 0 0 0 0 0 0 0 0 0 0 0 0 0 0]
[4731028254264974862582527862417421590799276823455756965224695579963207593062591916585528016549389129877947100169296648436158557586136200107703378607103709720943523237090105157871185171723120810971708231783476729444126825483423903084593461073519290962091061775919403191447647258319516099783714231423739746725017891959826958253596830 0 0 0 0 0 0 0 0 0 0 0 0 0 0 0 0 0 0 0 0 0 0 0 0 0 0 0 0 0 0 0 0 0 0 0 0 0 0 0 0 0 0 0 0 0 0 0 0 0 0 0 0 0 0 0 0 0 0 0 0 0 0 0 1 0 0 0 0 0 0 0 0 0 0 0 0 0 0 0 0 0 0 0 0 0 0 0 0 0 0 0 0 0 0 0 0 0 0 0 0 0 0 0 0 0 0 0 0 0]
[3742694902750832665255217283833209313373223312179099888157939546823713128612015167155739023847336508874001951170796384766528854716561633303446246378996832472331579620331995511495891867219002384148350476858768139686549888046196803417151502140101948385800493957962129117523192102318758119630602716510292340289917342955633997095558538 0 0 0 0 0 0 0 0 0 0 0 0 0 0 0 0 0 0 0 0 0 0 0 0 0 0 0 0 0 0 0 0 0 0 0 0 0 0 0 0 0 0 0 0 0 0 0 0 0 0 0 0 0 0 0 0 0 0 0 0 0 0 0 0 1 0 0 0 0 0 0 0 0 0 0 0 0 0 0 0 0 0 0 0 0 0 0 0 0 0 0 0 0 0 0 0 0 0 0 0 0 0 0 0 0 0 0 0 0]
[5020342388474340442057943553658406388269680803049444189600754116961982376122210906589235499886725029551947143247256872165988122753921701306301916189123999477452217971926918414818588554454524734104887285170096868785782260627428008165887239159830073256745030261798103627211573389269668242243111911752597111251028762624491701851722484 0 0 0 0 0 0 0 0 0 0 0 0 0 0 0 0 0 0 0 0 0 0 0 0 0 0 0 0 0 0 0 0 0 0 0 0 0 0 0 0 0 0 0 0 0 0 0 0 0 0 0 0 0 0 0 0 0 0 0 0 0 0 0 0 0 1 0 0 0 0 0 0 0 0 0 0 0 0 0 0 0 0 0 0 0 0 0 0 0 0 0 0 0 0 0 0 0 0 0 0 0 0 0 0 0 0 0 0 0]
[2790827640918013353564286301513072815451166854007703037076340920382767957632732420524845255994490009683321255292825135280348949790133955142210601704708116881651928416217471519780014679159441048932198492606352996553672807943819780594458077874414550813283804449599987805737700362791814836925143279355463117085215541330422907248911884 0 0 0 0 0 0 0 0 0 0 0 0 0 0 0 0 0 0 0 0 0 0 0 0 0 0 0 0 0 0 0 0 0 0 0 0 0 0 0 0 0 0 0 0 0 0 0 0 0 0 0 0 0 0 0 0 0 0 0 0 0 0 0 0 0 0 1 0 0 0 0 0 0 0 0 0 0 0 0 0 0 0 0 0 0 0 0 0 0 0 0 0 0 0 0 0 0 0 0 0 0 0 0 0 0 0 0 0 0]
[3288390980278162277329906140544585927839137981898458452601358948297970621658147852052772080697303576210487166844007434237217982225017316381941110869912948224585899099060245278494515927340322609926346589465853586975857919917496234769373062577674502585085835578602896238213387361724480702903869952484877006969236974416532025986920803 0 0 0 0 0 0 0 0 0 0 0 0 0 0 0 0 0 0 0 0 0 0 0 0 0 0 0 0 0 0 0 0 0 0 0 0 0 0 0 0 0 0 0 0 0 0 0 0 0 0 0 0 0 0 0 0 0 0 0 0 0 0 0 0 0 0 0 1 0 0 0 0 0 0 0 0 0 0 0 0 0 0 0 0 0 0 0 0 0 0 0 0 0 0 0 0 0 0 0 0 0 0 0 0 0 0 0 0 0]
[3892423902236976883100586121615409020012772225578454023083821944415060329772677682490181630139353071649145773769401178828964770716926715373998382866046923919805449293961924510408359557488488050326365139077236709994671357729150025777310020883483809663166434260209579705634498912717824528743851008573564688690552002907442807274268083 0 0 0 0 0 0 0 0 0 0 0 0 0 0 0 0 0 0 0 0 0 0 0 0 0 0 0 0 0 0 0 0 0 0 0 0 0 0 0 0 0 0 0 0 0 0 0 0 0 0 0 0 0 0 0 0 0 0 0 0 0 0 0 0 0 0 0 0 1 0 0 0 0 0 0 0 0 0 0 0 0 0 0 0 0 0 0 0 0 0 0 0 0 0 0 0 0 0 0 0 0 0 0 0 0 0 0 0 0]
[5013603300445751519770201209907578122932166788882342439212004313447360044175298481199490985728017956317167841616327320061853299761910298186224916089494421881194321879405083346285880025370262753982690648315002532921978418313120049079841280710093758325406952778570675540296581256717350182297035813646079679781688341782128795256638659 0 0 0 0 0 0 0 0 0 0 0 0 0 0 0 0 0 0 0 0 0 0 0 0 0 0 0 0 0 0 0 0 0 0 0 0 0 0 0 0 0 0 0 0 0 0 0 0 0 0 0 0 0 0 0 0 0 0 0 0 0 0 0 0 0 0 0 0 0 1 0 0 0 0 0 0 0 0 0 0 0 0 0 0 0 0 0 0 0 0 0 0 0 0 0 0 0 0 0 0 0 0 0 0 0 0 0 0 0]
[5541516936410059495067471541324873739535043030534730321772184465499976792975397047890217800242110807584415500985534259105255024127948462976155301484330044903782623126188071683161975410991134147248996341493990832372684338250366833683927268218400308348619398419607271294082094259990668986477403108552906721712964163497902302694523952 0 0 0 0 0 0 0 0 0 0 0 0 0 0 0 0 0 0 0 0 0 0 0 0 0 0 0 0 0 0 0 0 0 0 0 0 0 0 0 0 0 0 0 0 0 0 0 0 0 0 0 0 0 0 0 0 0 0 0 0 0 0 0 0 0 0 0 0 0 0 1 0 0 0 0 0 0 0 0 0 0 0 0 0 0 0 0 0 0 0 0 0 0 0 0 0 0 0 0 0 0 0 0 0 0 0 0 0 0]
[2910214622017347939038282363011922563406560331921730330755755470017770398712838497481375183890758815951439657292747856456984446572055087958435812673352996078147055205252698300445068726492647595205761215418401255846809013356661492187288892759607582313760627974694305971818990322952800590734990290205583821735513200401883447366197594 0 0 0 0 0 0 0 0 0 0 0 0 0 0 0 0 0 0 0 0 0 0 0 0 0 0 0 0 0 0 0 0 0 0 0 0 0 0 0 0 0 0 0 0 0 0 0 0 0 0 0 0 0 0 0 0 0 0 0 0 0 0 0 0 0 0 0 0 0 0 0 1 0 0 0 0 0 0 0 0 0 0 0 0 0 0 0 0 0 0 0 0 0 0 0 0 0 0 0 0 0 0 0 0 0 0 0 0 0]
[3240659972913691578141077037497525645831232759658552432740669065612646940036662531636556690477141280229464780303138150277191660970690464742841277480176521349591513917768128946582290398884669047852299034282291830702728745365049304609830474481816412441656461349988478143625787576270852968885436114638773815269530007287134770224181296 0 0 0 0 0 0 0 0 0 0 0 0 0 0 0 0 0 0 0 0 0 0 0 0 0 0 0 0 0 0 0 0 0 0 0 0 0 0 0 0 0 0 0 0 0 0 0 0 0 0 0 0 0 0 0 0 0 0 0 0 0 0 0 0 0 0 0 0 0 0 0 0 1 0 0 0 0 0 0 0 0 0 0 0 0 0 0 0 0 0 0 0 0 0 0 0 0 0 0 0 0 0 0 0 0 0 0 0 0]
[2671834004657410939007006696575160987246913596985545813427523857992552805694514859989502646610268375820413376601066019416991141412315280892761689323709299159128717087733316580625911772975215451820734378510454609749034593740109250309275472245155468381496774860404941871164179179862148525475616816691470761521985890787683853925874336 0 0 0 0 0 0 0 0 0 0 0 0 0 0 0 0 0 0 0 0 0 0 0 0 0 0 0 0 0 0 0 0 0 0 0 0 0 0 0 0 0 0 0 0 0 0 0 0 0 0 0 0 0 0 0 0 0 0 0 0 0 0 0 0 0 0 0 0 0 0 0 0 0 1 0 0 0 0 0 0 0 0 0 0 0 0 0 0 0 0 0 0 0 0 0 0 0 0 0 0 0 0 0 0 0 0 0 0 0]
[7037039128399911555460944458344209925093545769280881565146993753861191227502893728530155143914073017767898619919883270909089795223234919287029555646456386494551139810866343748200944501110898979339084445223083297090928415503014796448694178558159416945296807613195832417316522492644976274596571079184467280637423270359297563133921939 0 0 0 0 0 0 0 0 0 0 0 0 0 0 0 0 0 0 0 0 0 0 0 0 0 0 0 0 0 0 0 0 0 0 0 0 0 0 0 0 0 0 0 0 0 0 0 0 0 0 0 0 0 0 0 0 0 0 0 0 0 0 0 0 0 0 0 0 0 0 0 0 0 0 1 0 0 0 0 0 0 0 0 0 0 0 0 0 0 0 0 0 0 0 0 0 0 0 0 0 0 0 0 0 0 0 0 0 0]
[4190864660484881437041629883870468900706566598419529757407536567886671410512618432865426758973208245890732372084207887849102333494331626820530772181244589542425672258979566445976975513856921425322444867854810869667226108243112873565129909793107846907359587316092238551856908903099135476520256355864945278638373593974805547599251614 0 0 0 0 0 0 0 0 0 0 0 0 0 0 0 0 0 0 0 0 0 0 0 0 0 0 0 0 0 0 0 0 0 0 0 0 0 0 0 0 0 0 0 0 0 0 0 0 0 0 0 0 0 0 0 0 0 0 0 0 0 0 0 0 0 0 0 0 0 0 0 0 0 0 0 1 0 0 0 0 0 0 0 0 0 0 0 0 0 0 0 0 0 0 0 0 0 0 0 0 0 0 0 0 0 0 0 0 0]
[3978102667987092002969250904611877316960941760307943036426924478762145247598431863224905118063314593995670035078554859063681195667273242777639638253639388308288903340906906559107336954519559398017160038597145790033500511595051501144752028911879664339107548904779341269775820779382560991104344073249145130052905652667221799331133726 0 0 0 0 0 0 0 0 0 0 0 0 0 0 0 0 0 0 0 0 0 0 0 0 0 0 0 0 0 0 0 0 0 0 0 0 0 0 0 0 0 0 0 0 0 0 0 0 0 0 0 0 0 0 0 0 0 0 0 0 0 0 0 0 0 0 0 0 0 0 0 0 0 0 0 0 1 0 0 0 0 0 0 0 0 0 0 0 0 0 0 0 0 0 0 0 0 0 0 0 0 0 0 0 0 0 0 0 0]
[6162089557576585257246751676261058440250417733533779613037628227950583821454001417876052827361466989555838555282839513933532887498776588465178141560174780012374087059002693822982454572934888646187262457099140893319670948799040087950234367140957860364478136491638345639549103746625424204341987138779734566659552838251327220281362970 0 0 0 0 0 0 0 0 0 0 0 0 0 0 0 0 0 0 0 0 0 0 0 0 0 0 0 0 0 0 0 0 0 0 0 0 0 0 0 0 0 0 0 0 0 0 0 0 0 0 0 0 0 0 0 0 0 0 0 0 0 0 0 0 0 0 0 0 0 0 0 0 0 0 0 0 0 1 0 0 0 0 0 0 0 0 0 0 0 0 0 0 0 0 0 0 0 0 0 0 0 0 0 0 0 0 0 0 0]
[6396589402355578341372104310179273139331720448027789896528629012307025211781370655983719566776025045953345527439669956648737578842701327935108131371308929218935442233877895142705261430213702251170814057954711872349618938130731270384265662421340345820530379282940375170292031241848446020560278752428758097392476515637584829556572675 0 0 0 0 0 0 0 0 0 0 0 0 0 0 0 0 0 0 0 0 0 0 0 0 0 0 0 0 0 0 0 0 0 0 0 0 0 0 0 0 0 0 0 0 0 0 0 0 0 0 0 0 0 0 0 0 0 0 0 0 0 0 0 0 0 0 0 0 0 0 0 0 0 0 0 0 0 0 1 0 0 0 0 0 0 0 0 0 0 0 0 0 0 0 0 0 0 0 0 0 0 0 0 0 0 0 0 0 0]
[6620772925725797696795538633660369789238129590870714579862208469887194001511026358575661593855119033093582113631942979692815689433038809495013697502157275785285196614353049887104759726484598692729855527316771685635479853215719973690091225494005293493432157379976371045534265194269171734797136140258798080125577000235819604580920075 0 0 0 0 0 0 0 0 0 0 0 0 0 0 0 0 0 0 0 0 0 0 0 0 0 0 0 0 0 0 0 0 0 0 0 0 0 0 0 0 0 0 0 0 0 0 0 0 0 0 0 0 0 0 0 0 0 0 0 0 0 0 0 0 0 0 0 0 0 0 0 0 0 0 0 0 0 0 0 1 0 0 0 0 0 0 0 0 0 0 0 0 0 0 0 0 0 0 0 0 0 0 0 0 0 0 0 0 0]
[2765396891637795623479816097293621237496309561236683409378857277903479383834090472823919508444203738574925566831810095732422816902365355909167814588713056001473433140937033614053187212363825867504585566960608729674394822434252327088319722702834521739822113163838176128217807379014250420316278531566770062143495394406026471248168866 0 0 0 0 0 0 0 0 0 0 0 0 0 0 0 0 0 0 0 0 0 0 0 0 0 0 0 0 0 0 0 0 0 0 0 0 0 0 0 0 0 0 0 0 0 0 0 0 0 0 0 0 0 0 0 0 0 0 0 0 0 0 0 0 0 0 0 0 0 0 0 0 0 0 0 0 0 0 0 0 1 0 0 0 0 0 0 0 0 0 0 0 0 0 0 0 0 0 0 0 0 0 0 0 0 0 0 0 0]
[4819020296957216686205976599745182753155258982058700559057750663185517908611168637637051789976686104609610394889667499641325947011198812454718454270627484446420005613299537657295903862566041158337414984950798670027843757747359474920283697400497291224597014938466183753522058626230905054513668886110798505191103353972292547116971888 0 0 0 0 0 0 0 0 0 0 0 0 0 0 0 0 0 0 0 0 0 0 0 0 0 0 0 0 0 0 0 0 0 0 0 0 0 0 0 0 0 0 0 0 0 0 0 0 0 0 0 0 0 0 0 0 0 0 0 0 0 0 0 0 0 0 0 0 0 0 0 0 0 0 0 0 0 0 0 0 0 1 0 0 0 0 0 0 0 0 0 0 0 0 0 0 0 0 0 0 0 0 0 0 0 0 0 0 0]
[4358977308102784301259916674340852416148915262450900970322049328120480806497276090479409552545806656369253637341837571018553346295513353196434368322233261084071210245981545497643461103234596331565814058339044965841659020665625638513727680222810112586165724311460506886736122812102577265899063520769802226028856233295211198231328836 0 0 0 0 0 0 0 0 0 0 0 0 0 0 0 0 0 0 0 0 0 0 0 0 0 0 0 0 0 0 0 0 0 0 0 0 0 0 0 0 0 0 0 0 0 0 0 0 0 0 0 0 0 0 0 0 0 0 0 0 0 0 0 0 0 0 0 0 0 0 0 0 0 0 0 0 0 0 0 0 0 0 1 0 0 0 0 0 0 0 0 0 0 0 0 0 0 0 0 0 0 0 0 0 0 0 0 0 0]
[6566271272623581349205624612735443831958967070613461274395062499752347298359549859878641832544451477678128454008000394529910233726923125492581446035259142130446465639633729612640981403722727853911292130982022026862437522290916247281552235897820209096171863814241608013026601668595067713319813824145773509876424545652852168203068417 0 0 0 0 0 0 0 0 0 0 0 0 0 0 0 0 0 0 0 0 0 0 0 0 0 0 0 0 0 0 0 0 0 0 0 0 0 0 0 0 0 0 0 0 0 0 0 0 0 0 0 0 0 0 0 0 0 0 0 0 0 0 0 0 0 0 0 0 0 0 0 0 0 0 0 0 0 0 0 0 0 0 0 1 0 0 0 0 0 0 0 0 0 0 0 0 0 0 0 0 0 0 0 0 0 0 0 0 0]
[2224927702050592601296032556467737086249633709673343560359737960584488128133011598899439253931227036054901745944375954121249573074973805377187752423455878799647288705460432205856588357419091487588706389342191289293170455985868317285280630486180723516448756922586237392241131769644185409866932167519686408140893978974077683204951328 0 0 0 0 0 0 0 0 0 0 0 0 0 0 0 0 0 0 0 0 0 0 0 0 0 0 0 0 0 0 0 0 0 0 0 0 0 0 0 0 0 0 0 0 0 0 0 0 0 0 0 0 0 0 0 0 0 0 0 0 0 0 0 0 0 0 0 0 0 0 0 0 0 0 0 0 0 0 0 0 0 0 0 0 1 0 0 0 0 0 0 0 0 0 0 0 0 0 0 0 0 0 0 0 0 0 0 0 0]
[639144791968293211907174441755969368129824573781860031766738560963314127713348483612963216710087722812579382575814640988033882590738104927144327151503000381013819666199740614761139578015955873692721722516700069096351973453075325975026535776662057479924799391284704136992563460753168389190109588657843239120564141138301866373934941 0 0 0 0 0 0 0 0 0 0 0 0 0 0 0 0 0 0 0 0 0 0 0 0 0 0 0 0 0 0 0 0 0 0 0 0 0 0 0 0 0 0 0 0 0 0 0 0 0 0 0 0 0 0 0 0 0 0 0 0 0 0 0 0 0 0 0 0 0 0 0 0 0 0 0 0 0 0 0 0 0 0 0 0 0 1 0 0 0 0 0 0 0 0 0 0 0 0 0 0 0 0 0 0 0 0 0 0 0]
[3762903393318166879194124907085731087447420815530799029991066150180685643145820006540761898539385104320381207427678879319443242609115627410259075900168735814661521594873914303253003608452129328370223316444534262183549535591938359207944026540927822718230951540862957683770153994008035747187488844964827645024819410354394275595503332 0 0 0 0 0 0 0 0 0 0 0 0 0 0 0 0 0 0 0 0 0 0 0 0 0 0 0 0 0 0 0 0 0 0 0 0 0 0 0 0 0 0 0 0 0 0 0 0 0 0 0 0 0 0 0 0 0 0 0 0 0 0 0 0 0 0 0 0 0 0 0 0 0 0 0 0 0 0 0 0 0 0 0 0 0 0 1 0 0 0 0 0 0 0 0 0 0 0 0 0 0 0 0 0 0 0 0 0 0]
[3195872380700537664891843639643046014411609535729599153659661164280098633780975463205268083014135849710354563033306107345344925288262531200263018002641859778103985510804020340929545895509833380120571904929932859734398129667871946266555763591714598415778616536614288596084076605752853353892944167200261012608749554505788037548886011 0 0 0 0 0 0 0 0 0 0 0 0 0 0 0 0 0 0 0 0 0 0 0 0 0 0 0 0 0 0 0 0 0 0 0 0 0 0 0 0 0 0 0 0 0 0 0 0 0 0 0 0 0 0 0 0 0 0 0 0 0 0 0 0 0 0 0 0 0 0 0 0 0 0 0 0 0 0 0 0 0 0 0 0 0 0 0 1 0 0 0 0 0 0 0 0 0 0 0 0 0 0 0 0 0 0 0 0 0]
[291440073854002965028583141691917272950163522610028394153079063466243934536943895970959840232782963404292141897020601872695882546287616356062519869604645531731412019702671328599668723371228201139095472454379006954043815241952876072356585424069952299812698243234698499399254957936899064834362380354341774113298453038844557140002601 0 0 0 0 0 0 0 0 0 0 0 0 0 0 0 0 0 0 0 0 0 0 0 0 0 0 0 0 0 0 0 0 0 0 0 0 0 0 0 0 0 0 0 0 0 0 0 0 0 0 0 0 0 0 0 0 0 0 0 0 0 0 0 0 0 0 0 0 0 0 0 0 0 0 0 0 0 0 0 0 0 0 0 0 0 0 0 0 1 0 0 0 0 0 0 0 0 0 0 0 0 0 0 0 0 0 0 0 0]
[611814714636124193588879462481697309199847833692520081732762839795038838181151010091809624025232809506675065494797285164755596999097080548561063159122460764733696573012009995416163113195359787837183948985418976536553575382673349370202579138442005129008281512395991787492091694073048311161832388197913728232608090912876287466789189 0 0 0 0 0 0 0 0 0 0 0 0 0 0 0 0 0 0 0 0 0 0 0 0 0 0 0 0 0 0 0 0 0 0 0 0 0 0 0 0 0 0 0 0 0 0 0 0 0 0 0 0 0 0 0 0 0 0 0 0 0 0 0 0 0 0 0 0 0 0 0 0 0 0 0 0 0 0 0 0 0 0 0 0 0 0 0 0 0 1 0 0 0 0 0 0 0 0 0 0 0 0 0 0 0 0 0 0 0]
[1092656666519694888429543569824750978446974569443813723409120324595289754070659521036063938109364631229176838231331705727462825535503888864218180481266285016423879792912144919952017345431875583856599315293615922320959827222842575241579112772655727660545345780630322851759648021621419328586073583119616017240035753031989097421989564 0 0 0 0 0 0 0 0 0 0 0 0 0 0 0 0 0 0 0 0 0 0 0 0 0 0 0 0 0 0 0 0 0 0 0 0 0 0 0 0 0 0 0 0 0 0 0 0 0 0 0 0 0 0 0 0 0 0 0 0 0 0 0 0 0 0 0 0 0 0 0 0 0 0 0 0 0 0 0 0 0 0 0 0 0 0 0 0 0 0 1 0 0 0 0 0 0 0 0 0 0 0 0 0 0 0 0 0 0]
[2304725283904986813208572627171071219318641204029041082892429388245572769278968816375696978558681622241521790969192444572396059214928442709265051630596382227584682807986543552454761033274337893774504845249968296213985835844054859443760412299300992833636485934325557872060231461134600712932318868573997749148776950795477831712880461 0 0 0 0 0 0 0 0 0 0 0 0 0 0 0 0 0 0 0 0 0 0 0 0 0 0 0 0 0 0 0 0 0 0 0 0 0 0 0 0 0 0 0 0 0 0 0 0 0 0 0 0 0 0 0 0 0 0 0 0 0 0 0 0 0 0 0 0 0 0 0 0 0 0 0 0 0 0 0 0 0 0 0 0 0 0 0 0 0 0 0 1 0 0 0 0 0 0 0 0 0 0 0 0 0 0 0 0 0]
[583750773158823448731010812942685941973013994859939394229604053324139177788340181972066572565966728844440895198162973341549732290658442825918812131227363204235833344387714443569393922216271019123564684408103752825109077842106897366623750955752737506285723292635100935318110093415040758387635923030604589173947721416612654632240591 0 0 0 0 0 0 0 0 0 0 0 0 0 0 0 0 0 0 0 0 0 0 0 0 0 0 0 0 0 0 0 0 0 0 0 0 0 0 0 0 0 0 0 0 0 0 0 0 0 0 0 0 0 0 0 0 0 0 0 0 0 0 0 0 0 0 0 0 0 0 0 0 0 0 0 0 0 0 0 0 0 0 0 0 0 0 0 0 0 0 0 0 1 0 0 0 0 0 0 0 0 0 0 0 0 0 0 0 0]
[6487504586248827294651381678778154987046398026307172352933353832470681476466911894541768171523171569521142735928230569804140905602940369604649908984824567538246789300806257343529240815826776281884880034518387730896699115328314620382491419466967085413534225831074798397747002768241440539813325190148428251996617125980163838944838953 0 0 0 0 0 0 0 0 0 0 0 0 0 0 0 0 0 0 0 0 0 0 0 0 0 0 0 0 0 0 0 0 0 0 0 0 0 0 0 0 0 0 0 0 0 0 0 0 0 0 0 0 0 0 0 0 0 0 0 0 0 0 0 0 0 0 0 0 0 0 0 0 0 0 0 0 0 0 0 0 0 0 0 0 0 0 0 0 0 0 0 0 0 1 0 0 0 0 0 0 0 0 0 0 0 0 0 0 0]
[2869157573732225855300647416117647799377512996409530360264351626059593278057011809926211662842873721762543663470102995269196024014724192144780076797598723941061279845392880084994295241255786776577967606821431084025826616243739187781818782046553884693860405599364513250771048264817397583220040431566823966787861422729681315589772176 0 0 0 0 0 0 0 0 0 0 0 0 0 0 0 0 0 0 0 0 0 0 0 0 0 0 0 0 0 0 0 0 0 0 0 0 0 0 0 0 0 0 0 0 0 0 0 0 0 0 0 0 0 0 0 0 0 0 0 0 0 0 0 0 0 0 0 0 0 0 0 0 0 0 0 0 0 0 0 0 0 0 0 0 0 0 0 0 0 0 0 0 0 0 1 0 0 0 0 0 0 0 0 0 0 0 0 0 0]
[2248686872850210541655927471804139041677837463546497667356850764194907045059868259355113359558812695338017131390120867979599140116069893362498368324816567094051962916444043904236024943446496719085016126189645873943280805788707363767213007775690504166385809131467166961831040682762632332821157326737625531537790259770718860037627264 0 0 0 0 0 0 0 0 0 0 0 0 0 0 0 0 0 0 0 0 0 0 0 0 0 0 0 0 0 0 0 0 0 0 0 0 0 0 0 0 0 0 0 0 0 0 0 0 0 0 0 0 0 0 0 0 0 0 0 0 0 0 0 0 0 0 0 0 0 0 0 0 0 0 0 0 0 0 0 0 0 0 0 0 0 0 0 0 0 0 0 0 0 0 0 1 0 0 0 0 0 0 0 0 0 0 0 0 0]
[2343343937771559431252595910119073755049684529687049288637984302741205205801581817619335827978540249647014507258780696164603136053281968078463240539185440291480411727092120830448079871702571054900478479210249953509306977699777923388470095426375789910100124476847172842538466300673807420287950348732588862846943201393630135805208231 0 0 0 0 0 0 0 0 0 0 0 0 0 0 0 0 0 0 0 0 0 0 0 0 0 0 0 0 0 0 0 0 0 0 0 0 0 0 0 0 0 0 0 0 0 0 0 0 0 0 0 0 0 0 0 0 0 0 0 0 0 0 0 0 0 0 0 0 0 0 0 0 0 0 0 0 0 0 0 0 0 0 0 0 0 0 0 0 0 0 0 0 0 0 0 0 1 0 0 0 0 0 0 0 0 0 0 0 0]
[4571732292145263526549120707340998643271589997207212327522274111440287383930161154186357414690838723897411300124658691917446478975455297635934476232876436424060634227691312097112585782075795356515433597218912885306555474577319029751164725922492480098251148236571658265549064417217079962860972775873714165431653977862014687395710529 0 0 0 0 0 0 0 0 0 0 0 0 0 0 0 0 0 0 0 0 0 0 0 0 0 0 0 0 0 0 0 0 0 0 0 0 0 0 0 0 0 0 0 0 0 0 0 0 0 0 0 0 0 0 0 0 0 0 0 0 0 0 0 0 0 0 0 0 0 0 0 0 0 0 0 0 0 0 0 0 0 0 0 0 0 0 0 0 0 0 0 0 0 0 0 0 0 1 0 0 0 0 0 0 0 0 0 0 0]
[7100053835087162934284908834553104107645042294662780532145858991148113261009640043760060270616461233256544695664392089370721306467039809156044980776810760949877731613304310031079642417029316489678384252808393248692536176565284133565767793687410207250840895314897308495429785368983522466106307674831119433246478412308886412603573236 0 0 0 0 0 0 0 0 0 0 0 0 0 0 0 0 0 0 0 0 0 0 0 0 0 0 0 0 0 0 0 0 0 0 0 0 0 0 0 0 0 0 0 0 0 0 0 0 0 0 0 0 0 0 0 0 0 0 0 0 0 0 0 0 0 0 0 0 0 0 0 0 0 0 0 0 0 0 0 0 0 0 0 0 0 0 0 0 0 0 0 0 0 0 0 0 0 0 1 0 0 0 0 0 0 0 0 0 0]
[7130146657188746705609986403007474127063666359041417801200423478597386796464872848297027384200352408561493386254107780068510180269078521535409819786018355592917974960436047893230429831786207378584067142018190276063670020102688177283527496426534000841212903226133205336070501605442021818338956294444920944794693558872058672823605252 0 0 0 0 0 0 0 0 0 0 0 0 0 0 0 0 0 0 0 0 0 0 0 0 0 0 0 0 0 0 0 0 0 0 0 0 0 0 0 0 0 0 0 0 0 0 0 0 0 0 0 0 0 0 0 0 0 0 0 0 0 0 0 0 0 0 0 0 0 0 0 0 0 0 0 0 0 0 0 0 0 0 0 0 0 0 0 0 0 0 0 0 0 0 0 0 0 0 0 1 0 0 0 0 0 0 0 0 0]
[2424846065819769902545560545122713423697663878251961558637698375263127066598124478556475703239786591337593767894235403825302862681616916833532187710377623562589830899292395581960472376544526878709324224207342403251029012725726060481527336762889135094397883221762355294221280971569342188028051259016037844346001644248405978439526564 0 0 0 0 0 0 0 0 0 0 0 0 0 0 0 0 0 0 0 0 0 0 0 0 0 0 0 0 0 0 0 0 0 0 0 0 0 0 0 0 0 0 0 0 0 0 0 0 0 0 0 0 0 0 0 0 0 0 0 0 0 0 0 0 0 0 0 0 0 0 0 0 0 0 0 0 0 0 0 0 0 0 0 0 0 0 0 0 0 0 0 0 0 0 0 0 0 0 0 0 1 0 0 0 0 0 0 0 0]
[607773466132778021502381127023565124566085285645983822671869094422793189746589843015568732481218177822597077894985574409569840380785472832678563271164436820325830113653620551729165438990585464507928306264959549241355113421891175850132029663381161155808775645471646118317429785916013566328026430175690521358012826343566757455186649 0 0 0 0 0 0 0 0 0 0 0 0 0 0 0 0 0 0 0 0 0 0 0 0 0 0 0 0 0 0 0 0 0 0 0 0 0 0 0 0 0 0 0 0 0 0 0 0 0 0 0 0 0 0 0 0 0 0 0 0 0 0 0 0 0 0 0 0 0 0 0 0 0 0 0 0 0 0 0 0 0 0 0 0 0 0 0 0 0 0 0 0 0 0 0 0 0 0 0 0 0 1 0 0 0 0 0 0 0]
[5791835597279049304383854101052006644731360752413359417950223623572395593230140215824856352647614666476762086958765838173750163461288063587355883607222000542932839306527018722904164313978609510565411721269579013050633842969677065125195200193706522822975269040553456171211165322822585262195825507673916702773283922671398129372551877 0 0 0 0 0 0 0 0 0 0 0 0 0 0 0 0 0 0 0 0 0 0 0 0 0 0 0 0 0 0 0 0 0 0 0 0 0 0 0 0 0 0 0 0 0 0 0 0 0 0 0 0 0 0 0 0 0 0 0 0 0 0 0 0 0 0 0 0 0 0 0 0 0 0 0 0 0 0 0 0 0 0 0 0 0 0 0 0 0 0 0 0 0 0 0 0 0 0 0 0 0 0 1 0 0 0 0 0 0]
[2686527026215453105468358969541719175312606715695946469095838937093351590870925828397455658429532118861540406403881919192953838931730522062290643648233754207201750028263761760354319856629488184067954526053436600199821033074636803892562696581625229189651218447539741653516939628492097043329859795281955484698841292186372520387620128 0 0 0 0 0 0 0 0 0 0 0 0 0 0 0 0 0 0 0 0 0 0 0 0 0 0 0 0 0 0 0 0 0 0 0 0 0 0 0 0 0 0 0 0 0 0 0 0 0 0 0 0 0 0 0 0 0 0 0 0 0 0 0 0 0 0 0 0 0 0 0 0 0 0 0 0 0 0 0 0 0 0 0 0 0 0 0 0 0 0 0 0 0 0 0 0 0 0 0 0 0 0 0 1 0 0 0 0 0]
[5165502823666646923075492503885643596018589542592830518649791631854302404590740434353702591895834250070216901848315816217112382930792313923777791241586355414015021560269572604746844972194726785876799642549617086927045941340403510075770912232979664770479958043506991085786619683452285805370504038547124090082856651507406570627781826 0 0 0 0 0 0 0 0 0 0 0 0 0 0 0 0 0 0 0 0 0 0 0 0 0 0 0 0 0 0 0 0 0 0 0 0 0 0 0 0 0 0 0 0 0 0 0 0 0 0 0 0 0 0 0 0 0 0 0 0 0 0 0 0 0 0 0 0 0 0 0 0 0 0 0 0 0 0 0 0 0 0 0 0 0 0 0 0 0 0 0 0 0 0 0 0 0 0 0 0 0 0 0 0 1 0 0 0 0]
[1290844291685911487642823873830899005135386173495703481115263683144094725809247754230490460831901965673128793725516850202457439289186954508448744406703627928353323351490787122367308800667684749074573222797991287723679586873911152600750805165615520608278765142039657576333151658084927086033985593535015186446212467916605805155112088 0 0 0 0 0 0 0 0 0 0 0 0 0 0 0 0 0 0 0 0 0 0 0 0 0 0 0 0 0 0 0 0 0 0 0 0 0 0 0 0 0 0 0 0 0 0 0 0 0 0 0 0 0 0 0 0 0 0 0 0 0 0 0 0 0 0 0 0 0 0 0 0 0 0 0 0 0 0 0 0 0 0 0 0 0 0 0 0 0 0 0 0 0 0 0 0 0 0 0 0 0 0 0 0 0 1 0 0 0]
[1571801797885415000303753649746771605542439898807883105340476178459273367103168017579063450583183137093381233943900201846909167559140941267371981396929733175981906689540902681960910184337707104168772065056540760336153961260292792461420286489153876431395921246039678941565320344627427980506883089561498994392434583876942412694461244 0 0 0 0 0 0 0 0 0 0 0 0 0 0 0 0 0 0 0 0 0 0 0 0 0 0 0 0 0 0 0 0 0 0 0 0 0 0 0 0 0 0 0 0 0 0 0 0 0 0 0 0 0 0 0 0 0 0 0 0 0 0 0 0 0 0 0 0 0 0 0 0 0 0 0 0 0 0 0 0 0 0 0 0 0 0 0 0 0 0 0 0 0 0 0 0 0 0 0 0 0 0 0 0 0 0 1 0 0]
[4863562905414927751532424071110275088847746086529169208854727700277841287810372802083027729942535408261603817956935594079754605168260033450823848965508496040510615739915231133744736404886840512154065324464949242651222674376751807683799415961899155169966912536890014164638236438120539831610578501303657021613506962550434488979381617 0 0 0 0 0 0 0 0 0 0 0 0 0 0 0 0 0 0 0 0 0 0 0 0 0 0 0 0 0 0 0 0 0 0 0 0 0 0 0 0 0 0 0 0 0 0 0 0 0 0 0 0 0 0 0 0 0 0 0 0 0 0 0 0 0 0 0 0 0 0 0 0 0 0 0 0 0 0 0 0 0 0 0 0 0 0 0 0 0 0 0 0 0 0 0 0 0 0 0 0 0 0 0 0 0 0 0 1 0]
[1731186457984586947527393989626911884030898482739555371525810404668162061393736693916828587370480829569611148029483746608302667966278937749653866434952332299709242373374207465761840215621692955666369202541880909130556673508662624883548034132510199026315770626356619778795242866046135975262984690544848999851141297844188258282440686 0 0 0 0 0 0 0 0 0 0 0 0 0 0 0 0 0 0 0 0 0 0 0 0 0 0 0 0 0 0 0 0 0 0 0 0 0 0 0 0 0 0 0 0 0 0 0 0 0 0 0 0 0 0 0 0 0 0 0 0 0 0 0 0 0 0 0 0 0 0 0 0 0 0 0 0 0 0 0 0 0 0 0 0 0 0 0 0 0 0 0 0 0 0 0 0 0 0 0 0 0 0 0 0 0 0 0 0 1]
]
