[[2052859710838101200990232000827327594543384537610842649233458522181671117522222988136299066356345269130439948038390956263 0 0 0 0 0 0 0 0 0 0 0 0 0 0 0 0 0 0 0 0 0 0 0 0 0 0 0 0 0 0 0 0 0 0 0 0 0 0 0]
[2174619075082084707215789023915669320279140894240823681542238176000280982433460412507015326566444544998201595189521773 1 0 0 0 0 0 0 0 0 0 0 0 0 0 0 0 0 0 0 0 0 0 0 0 0 0 0 0 0 0 0 0 0 0 0 0 0 0 0]
[758949664530431345339035065056535051903080816081353707352928213323283016846803125482318931441910684047669081004308150053 0 1 0 0 0 0 0 0 0 0 0 0 0 0 0 0 0 0 0 0 0 0 0 0 0 0 0 0 0 0 0 0 0 0 0 0 0 0 0]
[1927307043667090947025678253519668165148712041815681533979623353908425738255924832433040134745108801765130270953418755601 0 0 1 0 0 0 0 0 0 0 0 0 0 0 0 0 0 0 0 0 0 0 0 0 0 0 0 0 0 0 0 0 0 0 0 0 0 0 0]
[1906216427294761098100346892181864231778276188281755580713264821842105790442749402108969238670702800959192284884066059093 0 0 0 1 0 0 0 0 0 0 0 0 0 0 0 0 0 0 0 0 0 0 0 0 0 0 0 0 0 0 0 0 0 0 0 0 0 0 0]
[1038262595896324040854788621519154195021339880065961326123701387482338122981751080674040639850967795847602533145185362254 0 0 0 0 1 0 0 0 0 0 0 0 0 0 0 0 0 0 0 0 0 0 0 0 0 0 0 0 0 0 0 0 0 0 0 0 0 0 0]
[245263004991698684934179817637264792289928045597556893193014690168342216592252595118521535569786409177029291690236000715 0 0 0 0 0 1 0 0 0 0 0 0 0 0 0 0 0 0 0 0 0 0 0 0 0 0 0 0 0 0 0 0 0 0 0 0 0 0 0]
[781358126622864708455559758950225550542590019761633652023647914182240086607188212377645343580329283662809220356511284024 0 0 0 0 0 0 1 0 0 0 0 0 0 0 0 0 0 0 0 0 0 0 0 0 0 0 0 0 0 0 0 0 0 0 0 0 0 0 0]
[686333645294193300527018896488966526450005949387280177406074034831214541285195173557130553361656415962269092693533526466 0 0 0 0 0 0 0 1 0 0 0 0 0 0 0 0 0 0 0 0 0 0 0 0 0 0 0 0 0 0 0 0 0 0 0 0 0 0 0]
[289784231820031765171582849836136926457940363415584423381625827448066022102415620448815733330938969883038094892560807410 0 0 0 0 0 0 0 0 1 0 0 0 0 0 0 0 0 0 0 0 0 0 0 0 0 0 0 0 0 0 0 0 0 0 0 0 0 0 0]
[1516018939412384408295184638186737807401638201578468529582150466487993456433331275969476734448528333335716340037896631887 0 0 0 0 0 0 0 0 0 1 0 0 0 0 0 0 0 0 0 0 0 0 0 0 0 0 0 0 0 0 0 0 0 0 0 0 0 0 0]
[136290490200092596502692345443659584521126901141480614736990968167892017818771379145222098612966704024509737521085806150 0 0 0 0 0 0 0 0 0 0 1 0 0 0 0 0 0 0 0 0 0 0 0 0 0 0 0 0 0 0 0 0 0 0 0 0 0 0 0]
[1229929150313418554316033461363870551455288320381423035262030673886575284118016387231234664215001042362843546408902346216 0 0 0 0 0 0 0 0 0 0 0 1 0 0 0 0 0 0 0 0 0 0 0 0 0 0 0 0 0 0 0 0 0 0 0 0 0 0 0]
[1040291388664886879929791265444980680082383082210824541614238787551150552638374859365140803367045181226041180580556528018 0 0 0 0 0 0 0 0 0 0 0 0 1 0 0 0 0 0 0 0 0 0 0 0 0 0 0 0 0 0 0 0 0 0 0 0 0 0 0]
[835456930579686545791359097974719309765647780921265451606749203567713460527126725760045168273808873114220073525659434858 0 0 0 0 0 0 0 0 0 0 0 0 0 1 0 0 0 0 0 0 0 0 0 0 0 0 0 0 0 0 0 0 0 0 0 0 0 0 0]
[592251563891201868915535643695814145891506157943354645697559475631316879975325453162589308361467220885717761059417131706 0 0 0 0 0 0 0 0 0 0 0 0 0 0 1 0 0 0 0 0 0 0 0 0 0 0 0 0 0 0 0 0 0 0 0 0 0 0 0]
[1276675891596958531627248171097641242889227700781108315748398527454932288757535878181884347647474491667492580839581904100 0 0 0 0 0 0 0 0 0 0 0 0 0 0 0 1 0 0 0 0 0 0 0 0 0 0 0 0 0 0 0 0 0 0 0 0 0 0 0]
[1663515935261515834537137568184383876711972143265329728758907552549956587637655668771881415978534722719222601529206654779 0 0 0 0 0 0 0 0 0 0 0 0 0 0 0 0 1 0 0 0 0 0 0 0 0 0 0 0 0 0 0 0 0 0 0 0 0 0 0]
[491714537014337798427461556467982950940539067476936971251150661096480608385251772943866066839764289016758813620604689392 0 0 0 0 0 0 0 0 0 0 0 0 0 0 0 0 0 1 0 0 0 0 0 0 0 0 0 0 0 0 0 0 0 0 0 0 0 0 0]
[1915674049324386376390669234700556866491501615281321172394960922686602582104947476379355713486032937453388751872540727819 0 0 0 0 0 0 0 0 0 0 0 0 0 0 0 0 0 0 1 0 0 0 0 0 0 0 0 0 0 0 0 0 0 0 0 0 0 0 0]
[85936459281902176151179297594576936157314680200352509673969031650830288713490090604873002787339225711342236041671900294 0 0 0 0 0 0 0 0 0 0 0 0 0 0 0 0 0 0 0 1 0 0 0 0 0 0 0 0 0 0 0 0 0 0 0 0 0 0 0]
[367552575391303429915699892033146483216325130301295741316309718803442160280632891170708499988044225543752441491717415709 0 0 0 0 0 0 0 0 0 0 0 0 0 0 0 0 0 0 0 0 1 0 0 0 0 0 0 0 0 0 0 0 0 0 0 0 0 0 0]
[1479126090405439176991863631232074159791497011632692958956626774038597624893562525917992675170376811924221409628632083211 0 0 0 0 0 0 0 0 0 0 0 0 0 0 0 0 0 0 0 0 0 1 0 0 0 0 0 0 0 0 0 0 0 0 0 0 0 0 0]
[446866025822869798979228533160208056721251950182319485101496202180380062689020095004723610191872473243652127540482911058 0 0 0 0 0 0 0 0 0 0 0 0 0 0 0 0 0 0 0 0 0 0 1 0 0 0 0 0 0 0 0 0 0 0 0 0 0 0 0]
[29159353464459972435921206503171103461524709897291270862662005488888917830516127984331987748019261654761544203186396394 0 0 0 0 0 0 0 0 0 0 0 0 0 0 0 0 0 0 0 0 0 0 0 1 0 0 0 0 0 0 0 0 0 0 0 0 0 0 0]
[237516157567727037430569189628647713328483321200219698788194569555099758843704226996793416462882057932385479448161880170 0 0 0 0 0 0 0 0 0 0 0 0 0 0 0 0 0 0 0 0 0 0 0 0 1 0 0 0 0 0 0 0 0 0 0 0 0 0 0]
[501291183490290661123405599634166643516218624694448455248893051829995501817022718226188414809894878455136200250288973618 0 0 0 0 0 0 0 0 0 0 0 0 0 0 0 0 0 0 0 0 0 0 0 0 0 1 0 0 0 0 0 0 0 0 0 0 0 0 0]
[1785318476824746531757904510114794006538779667613449106865369659045409251280042485135953871334800297337035101982753987245 0 0 0 0 0 0 0 0 0 0 0 0 0 0 0 0 0 0 0 0 0 0 0 0 0 0 1 0 0 0 0 0 0 0 0 0 0 0 0]
[812731953076291571623788906727987003841858505708334343079486891020852503562871806454393338310761274880266163053286593288 0 0 0 0 0 0 0 0 0 0 0 0 0 0 0 0 0 0 0 0 0 0 0 0 0 0 0 1 0 0 0 0 0 0 0 0 0 0 0]
[1097318942830223254962159124691520833281369309939853032179359105207712661563666519709286029662150251958963720621112953380 0 0 0 0 0 0 0 0 0 0 0 0 0 0 0 0 0 0 0 0 0 0 0 0 0 0 0 0 1 0 0 0 0 0 0 0 0 0 0]
[580780712213695765314167609199705925169551135018376271002625797679092959269816427839699092784160181564548599153170997301 0 0 0 0 0 0 0 0 0 0 0 0 0 0 0 0 0 0 0 0 0 0 0 0 0 0 0 0 0 1 0 0 0 0 0 0 0 0 0]
[214346368955672455951067667521544484620502402824919898786232003839034442670452429291852715780478923906005213857038571851 0 0 0 0 0 0 0 0 0 0 0 0 0 0 0 0 0 0 0 0 0 0 0 0 0 0 0 0 0 0 1 0 0 0 0 0 0 0 0]
[315594807507437393869243237512972598542143828593330022137856591346546962154611404448979567632324734897037372346705487883 0 0 0 0 0 0 0 0 0 0 0 0 0 0 0 0 0 0 0 0 0 0 0 0 0 0 0 0 0 0 0 1 0 0 0 0 0 0 0]
[1913749092861645985889606513201309431069727268147305516162135551001920171517327807618336823757801980943212281565974987714 0 0 0 0 0 0 0 0 0 0 0 0 0 0 0 0 0 0 0 0 0 0 0 0 0 0 0 0 0 0 0 0 1 0 0 0 0 0 0]
[998021092234781802361600972313477693766837652890685525566629712741212822851035942747615312413290478260977409860583654819 0 0 0 0 0 0 0 0 0 0 0 0 0 0 0 0 0 0 0 0 0 0 0 0 0 0 0 0 0 0 0 0 0 1 0 0 0 0 0]
[747179489872310401416920399974175251266989192319336005581398745739246642464279845640908949774112568212967663845419688743 0 0 0 0 0 0 0 0 0 0 0 0 0 0 0 0 0 0 0 0 0 0 0 0 0 0 0 0 0 0 0 0 0 0 1 0 0 0 0]
[468643573135694552710942781703370697408966037311873957585829170969982098440972499483536737738252150404988924724387915764 0 0 0 0 0 0 0 0 0 0 0 0 0 0 0 0 0 0 0 0 0 0 0 0 0 0 0 0 0 0 0 0 0 0 0 1 0 0 0]
[1628631087574604837485949606207754168975418544048091406229276337589831246818679620225750357250710886778017662505625846409 0 0 0 0 0 0 0 0 0 0 0 0 0 0 0 0 0 0 0 0 0 0 0 0 0 0 0 0 0 0 0 0 0 0 0 0 1 0 0]
[1227291010572534057630030026226274712545356054376337938890265820110218106468754925277875326538759419591987537891591352551 0 0 0 0 0 0 0 0 0 0 0 0 0 0 0 0 0 0 0 0 0 0 0 0 0 0 0 0 0 0 0 0 0 0 0 0 0 1 0]
[451232033830640200689596008419910204135366046896793553753646413244452141285361061722959449417005892105902042347806060620 0 0 0 0 0 0 0 0 0 0 0 0 0 0 0 0 0 0 0 0 0 0 0 0 0 0 0 0 0 0 0 0 0 0 0 0 0 0 1]
]
