[[11503625432748548107254656146105607544670226106864435540211614058007960345420947032190314267797299562271356026616520084552257285496258844302849967488201136252837411158066466606216296080718113612886842388847020236748324991042952219018995476488382819737431542016790737059720229628928226411972532029609305822897138545268535654177824517 0 0 0 0 0 0 0 0 0 0 0 0 0 0 0 0 0 0 0 0 0 0 0 0 0 0 0 0 0 0 0 0 0 0 0 0 0 0 0 0 0 0 0 0 0 0 0 0 0 0 0 0 0 0 0 0 0 0 0 0 0 0 0 0 0 0 0 0 0 0 0 0 0 0 0 0 0 0 0 0 0 0 0 0 0 0 0 0 0 0 0 0 0 0 0 0 0 0 0 0 0 0 0 0 0 0 0 0 0]
[5899562703872811847992640332038590175852973381941619283719221907610670895427222343724109215252923810708101495991272798704102942892376501961102444633683244586510783798024373165208169921281745598665169846904625431780357668856906864274375775586774067659271014716405622714038950871083741632539024814230972326897839925807561229238025901 1 0 0 0 0 0 0 0 0 0 0 0 0 0 0 0 0 0 0 0 0 0 0 0 0 0 0 0 0 0 0 0 0 0 0 0 0 0 0 0 0 0 0 0 0 0 0 0 0 0 0 0 0 0 0 0 0 0 0 0 0 0 0 0 0 0 0 0 0 0 0 0 0 0 0 0 0 0 0 0 0 0 0 0 0 0 0 0 0 0 0 0 0 0 0 0 0 0 0 0 0 0 0 0 0 0 0 0 0]
[11445078306853601673021334405132962207718022485112296651526780844287316516826674394454048146755565716882072385674879386459144850852988000211228705290084049979230308664192320981135374784113338552678274801091352371615589952058897574461525515398848860593457708238373726480005434250109342468208547035657710700807807929920561627089651397 0 1 0 0 0 0 0 0 0 0 0 0 0 0 0 0 0 0 0 0 0 0 0 0 0 0 0 0 0 0 0 0 0 0 0 0 0 0 0 0 0 0 0 0 0 0 0 0 0 0 0 0 0 0 0 0 0 0 0 0 0 0 0 0 0 0 0 0 0 0 0 0 0 0 0 0 0 0 0 0 0 0 0 0 0 0 0 0 0 0 0 0 0 0 0 0 0 0 0 0 0 0 0 0 0 0 0 0 0]
[910699358656939401897973032262412642926523579650893481184411870410367304489865009789936715442873896519333916688230527689910827992902300253045875658232385906282899371340792374120149804142245741573139496541193004036521170779413682654026699718909332281761347849826100133619591238214868948777147642493191128790950092751818956555858480 0 0 1 0 0 0 0 0 0 0 0 0 0 0 0 0 0 0 0 0 0 0 0 0 0 0 0 0 0 0 0 0 0 0 0 0 0 0 0 0 0 0 0 0 0 0 0 0 0 0 0 0 0 0 0 0 0 0 0 0 0 0 0 0 0 0 0 0 0 0 0 0 0 0 0 0 0 0 0 0 0 0 0 0 0 0 0 0 0 0 0 0 0 0 0 0 0 0 0 0 0 0 0 0 0 0 0 0 0]
[4752013399871832632138682152888627681599082793886125430865639647902973352947624486171582949846885901380641058327949163210644303063936649246224303648697602820399862710699863787678483414996882560029570496940806573585310046132415003093419930516131675748323288444992232807016596760022888855293270987235993407384319891294954530355532985 0 0 0 1 0 0 0 0 0 0 0 0 0 0 0 0 0 0 0 0 0 0 0 0 0 0 0 0 0 0 0 0 0 0 0 0 0 0 0 0 0 0 0 0 0 0 0 0 0 0 0 0 0 0 0 0 0 0 0 0 0 0 0 0 0 0 0 0 0 0 0 0 0 0 0 0 0 0 0 0 0 0 0 0 0 0 0 0 0 0 0 0 0 0 0 0 0 0 0 0 0 0 0 0 0 0 0 0 0]
[8329718931585136290307154259520750145041642382188902257894554208809715777657987285368251085426807121771252464743976457991553594245861656096418775022984275200534857608534344261147985381902282212423607165930883558339092662238164983531593587683477116486467266358482105113601599544615432348509895088355010262656738711700818595272280662 0 0 0 0 1 0 0 0 0 0 0 0 0 0 0 0 0 0 0 0 0 0 0 0 0 0 0 0 0 0 0 0 0 0 0 0 0 0 0 0 0 0 0 0 0 0 0 0 0 0 0 0 0 0 0 0 0 0 0 0 0 0 0 0 0 0 0 0 0 0 0 0 0 0 0 0 0 0 0 0 0 0 0 0 0 0 0 0 0 0 0 0 0 0 0 0 0 0 0 0 0 0 0 0 0 0 0 0 0]
[3009884376336156297369112099286080806518917284085633683729353341168824274525802032344099555193057458307797817655579316032545702087805565603564751481289182360622883920717623270701257024313922969850714739431422515674738720070097277072296666614281197014189650335836703189654228304429840015749915663416683582323597312144335010261643486 0 0 0 0 0 1 0 0 0 0 0 0 0 0 0 0 0 0 0 0 0 0 0 0 0 0 0 0 0 0 0 0 0 0 0 0 0 0 0 0 0 0 0 0 0 0 0 0 0 0 0 0 0 0 0 0 0 0 0 0 0 0 0 0 0 0 0 0 0 0 0 0 0 0 0 0 0 0 0 0 0 0 0 0 0 0 0 0 0 0 0 0 0 0 0 0 0 0 0 0 0 0 0 0 0 0 0 0 0]
[801111417443747695693650093622127039132661532616591496054372802299810616714683213631448192641131256934255471700301363594793895646700024285691663625698618956612777825436373538146741552144630054013351768919981842874249488679922466392907707133437558712655433331376057752726275764764171047073710678839523490178900301595525196894530082 0 0 0 0 0 0 1 0 0 0 0 0 0 0 0 0 0 0 0 0 0 0 0 0 0 0 0 0 0 0 0 0 0 0 0 0 0 0 0 0 0 0 0 0 0 0 0 0 0 0 0 0 0 0 0 0 0 0 0 0 0 0 0 0 0 0 0 0 0 0 0 0 0 0 0 0 0 0 0 0 0 0 0 0 0 0 0 0 0 0 0 0 0 0 0 0 0 0 0 0 0 0 0 0 0 0 0 0 0]
[7436089570952634674029638416075423810614305055384118357831537148637282238452678461600499118246488149166774373757437033151320286824827668843276001116899682783728551642304404682717967398535253045612776150287126894321724089519179168257135171273749421907606581211177050898511997669044501166628171096514137845035461682311431170218984155 0 0 0 0 0 0 0 1 0 0 0 0 0 0 0 0 0 0 0 0 0 0 0 0 0 0 0 0 0 0 0 0 0 0 0 0 0 0 0 0 0 0 0 0 0 0 0 0 0 0 0 0 0 0 0 0 0 0 0 0 0 0 0 0 0 0 0 0 0 0 0 0 0 0 0 0 0 0 0 0 0 0 0 0 0 0 0 0 0 0 0 0 0 0 0 0 0 0 0 0 0 0 0 0 0 0 0 0 0]
[539200457926346034061596532604302978192767106842010154871792600635543307839915202593630361840517987409169871071502190362825752895413672465063340259636889092296266079680613193786954992207733887318368602142679025476384463041091686008926432592453796926957291662801314802636616708840864242382864426749761611813083131582019450169841894 0 0 0 0 0 0 0 0 1 0 0 0 0 0 0 0 0 0 0 0 0 0 0 0 0 0 0 0 0 0 0 0 0 0 0 0 0 0 0 0 0 0 0 0 0 0 0 0 0 0 0 0 0 0 0 0 0 0 0 0 0 0 0 0 0 0 0 0 0 0 0 0 0 0 0 0 0 0 0 0 0 0 0 0 0 0 0 0 0 0 0 0 0 0 0 0 0 0 0 0 0 0 0 0 0 0 0 0 0]
[8592814383013714321260716855540211919853609964183525474398313516835483924036898294569450150318537570548114175184350411146298712671984721020381932880150533784080086221811351541796881323395528153068615730719247943301752622445653987701490968230822348720436286047335052261122343331883273591058202491382988323368287532595075382922339840 0 0 0 0 0 0 0 0 0 1 0 0 0 0 0 0 0 0 0 0 0 0 0 0 0 0 0 0 0 0 0 0 0 0 0 0 0 0 0 0 0 0 0 0 0 0 0 0 0 0 0 0 0 0 0 0 0 0 0 0 0 0 0 0 0 0 0 0 0 0 0 0 0 0 0 0 0 0 0 0 0 0 0 0 0 0 0 0 0 0 0 0 0 0 0 0 0 0 0 0 0 0 0 0 0 0 0 0 0]
[10637078016386427229103595753950288688174859238811210439593798415116865562041739392487976121859434489430381007532245421670371949219418876678857995525662948976197775848272712732047499403649219125272118759968095612092178633953703464314160010544442163814845047475633754838216956265438311072090166286779299701580161884546549256073754328 0 0 0 0 0 0 0 0 0 0 1 0 0 0 0 0 0 0 0 0 0 0 0 0 0 0 0 0 0 0 0 0 0 0 0 0 0 0 0 0 0 0 0 0 0 0 0 0 0 0 0 0 0 0 0 0 0 0 0 0 0 0 0 0 0 0 0 0 0 0 0 0 0 0 0 0 0 0 0 0 0 0 0 0 0 0 0 0 0 0 0 0 0 0 0 0 0 0 0 0 0 0 0 0 0 0 0 0 0]
[11275945649738967795394819791527098032450523297638466282334542600982824341625257997324167362443119610102102396600898346775530351832726664876353623203477299117898544563554135200640427152843767880314293953998187464916375448127856566110900681622495656710458583293984045448117692641592427091390863827441016684833866458494010183855088957 0 0 0 0 0 0 0 0 0 0 0 1 0 0 0 0 0 0 0 0 0 0 0 0 0 0 0 0 0 0 0 0 0 0 0 0 0 0 0 0 0 0 0 0 0 0 0 0 0 0 0 0 0 0 0 0 0 0 0 0 0 0 0 0 0 0 0 0 0 0 0 0 0 0 0 0 0 0 0 0 0 0 0 0 0 0 0 0 0 0 0 0 0 0 0 0 0 0 0 0 0 0 0 0 0 0 0 0 0]
[8517458571024054730062252161574270919270402428017612697390315503153309943630779739629454042717836592169912109449254408777987370788619802094553100948871599109968780598541167145720395453358501369413898891775555722064286468065765167200190568125764480831157119774264800729970741725591831817721212616880752010613768182330473619859771222 0 0 0 0 0 0 0 0 0 0 0 0 1 0 0 0 0 0 0 0 0 0 0 0 0 0 0 0 0 0 0 0 0 0 0 0 0 0 0 0 0 0 0 0 0 0 0 0 0 0 0 0 0 0 0 0 0 0 0 0 0 0 0 0 0 0 0 0 0 0 0 0 0 0 0 0 0 0 0 0 0 0 0 0 0 0 0 0 0 0 0 0 0 0 0 0 0 0 0 0 0 0 0 0 0 0 0 0 0]
[2305460372395010772928436698370605891949875938577506873832514856670333771574729837530472353079694794014682357014872220110510110499113757237477724449776774897406361973597387384552831432078276696045957841212337855295992339038771192392816249728001830131495054523000429793807054465991485492186505179978151251781944508046606493147985696 0 0 0 0 0 0 0 0 0 0 0 0 0 1 0 0 0 0 0 0 0 0 0 0 0 0 0 0 0 0 0 0 0 0 0 0 0 0 0 0 0 0 0 0 0 0 0 0 0 0 0 0 0 0 0 0 0 0 0 0 0 0 0 0 0 0 0 0 0 0 0 0 0 0 0 0 0 0 0 0 0 0 0 0 0 0 0 0 0 0 0 0 0 0 0 0 0 0 0 0 0 0 0 0 0 0 0 0 0]
[685394997444431302389701196072454397937887785994335313419508860835061211527497969177096780426365602560834590239022544718490785566227156205333217409621939632417402911475878420517828160345372253816562337713885230020507512916902286939035056886689201531365373999809245766737478318464767485530393872043801741641117708340497434822231652 0 0 0 0 0 0 0 0 0 0 0 0 0 0 1 0 0 0 0 0 0 0 0 0 0 0 0 0 0 0 0 0 0 0 0 0 0 0 0 0 0 0 0 0 0 0 0 0 0 0 0 0 0 0 0 0 0 0 0 0 0 0 0 0 0 0 0 0 0 0 0 0 0 0 0 0 0 0 0 0 0 0 0 0 0 0 0 0 0 0 0 0 0 0 0 0 0 0 0 0 0 0 0 0 0 0 0 0 0]
[9024979182203855324803831873840726606810603435837801992426636648100423717456665578206815592670655399136343155519958824542853791155237642753766265492434855526460144443947292062326932106831490328645995487187055656936847304676774474706948526555653102837480883233122797851995584060312306766872305290736400671753572589662296564246811253 0 0 0 0 0 0 0 0 0 0 0 0 0 0 0 1 0 0 0 0 0 0 0 0 0 0 0 0 0 0 0 0 0 0 0 0 0 0 0 0 0 0 0 0 0 0 0 0 0 0 0 0 0 0 0 0 0 0 0 0 0 0 0 0 0 0 0 0 0 0 0 0 0 0 0 0 0 0 0 0 0 0 0 0 0 0 0 0 0 0 0 0 0 0 0 0 0 0 0 0 0 0 0 0 0 0 0 0 0]
[4951426037181694506246061729732661085399803703787654659257500015754119746424873159126947383160271004785384169604438520988371821031825469685654002697367942964992201079812770618649472667085417569210026907743842883090950742700689812554322549120115468104382910979686964041887185771907489599547382973261439476626344669698538066327659169 0 0 0 0 0 0 0 0 0 0 0 0 0 0 0 0 1 0 0 0 0 0 0 0 0 0 0 0 0 0 0 0 0 0 0 0 0 0 0 0 0 0 0 0 0 0 0 0 0 0 0 0 0 0 0 0 0 0 0 0 0 0 0 0 0 0 0 0 0 0 0 0 0 0 0 0 0 0 0 0 0 0 0 0 0 0 0 0 0 0 0 0 0 0 0 0 0 0 0 0 0 0 0 0 0 0 0 0 0]
[9375762590013060713145666953523992081600370184399560389372581140075516874208751649615105075552047789335305194115706942242473361323839646300772844387463612314005800591376696869558925298072126527449720990399010623760700463730808572863685869373335263447763976077479430025193782096070819606080663073714610896636848341603286157870062920 0 0 0 0 0 0 0 0 0 0 0 0 0 0 0 0 0 1 0 0 0 0 0 0 0 0 0 0 0 0 0 0 0 0 0 0 0 0 0 0 0 0 0 0 0 0 0 0 0 0 0 0 0 0 0 0 0 0 0 0 0 0 0 0 0 0 0 0 0 0 0 0 0 0 0 0 0 0 0 0 0 0 0 0 0 0 0 0 0 0 0 0 0 0 0 0 0 0 0 0 0 0 0 0 0 0 0 0 0]
[2040974386631007263315157116030423032241924036137799488946672047934199105023049351983671333419069728865320535811220044450142532893170889165371860477240960364301975131909026846217322919889151468397168600601277832543821597501328678486656711629397646490047032135219395919227489398532536692848101175435099455368987307380472294512328359 0 0 0 0 0 0 0 0 0 0 0 0 0 0 0 0 0 0 1 0 0 0 0 0 0 0 0 0 0 0 0 0 0 0 0 0 0 0 0 0 0 0 0 0 0 0 0 0 0 0 0 0 0 0 0 0 0 0 0 0 0 0 0 0 0 0 0 0 0 0 0 0 0 0 0 0 0 0 0 0 0 0 0 0 0 0 0 0 0 0 0 0 0 0 0 0 0 0 0 0 0 0 0 0 0 0 0 0 0]
[5220752589943173272758815600848750374244388775700131295755260095866608821831300126871670859518920070448577494887956259371341290845830092283687986664584855044291554388491223390761595613207231079368563559874785432780280849565116413474776791822864006559175379178353984484021021393373796366279460551737258285948369343863017693958478301 0 0 0 0 0 0 0 0 0 0 0 0 0 0 0 0 0 0 0 1 0 0 0 0 0 0 0 0 0 0 0 0 0 0 0 0 0 0 0 0 0 0 0 0 0 0 0 0 0 0 0 0 0 0 0 0 0 0 0 0 0 0 0 0 0 0 0 0 0 0 0 0 0 0 0 0 0 0 0 0 0 0 0 0 0 0 0 0 0 0 0 0 0 0 0 0 0 0 0 0 0 0 0 0 0 0 0 0 0]
[9353906153661777638935130607984497872649993250458769391661532215991061983639897863867472881536300112313919179910217481838400242852095685595944288848741894955766538101227612897304761449049259658400232359770943340874848940408769141619836894027766208469951197549075999547862329194517217405720414615591800293299261643329358718779095828 0 0 0 0 0 0 0 0 0 0 0 0 0 0 0 0 0 0 0 0 1 0 0 0 0 0 0 0 0 0 0 0 0 0 0 0 0 0 0 0 0 0 0 0 0 0 0 0 0 0 0 0 0 0 0 0 0 0 0 0 0 0 0 0 0 0 0 0 0 0 0 0 0 0 0 0 0 0 0 0 0 0 0 0 0 0 0 0 0 0 0 0 0 0 0 0 0 0 0 0 0 0 0 0 0 0 0 0 0]
[2619277542363383037586313726702684836751964751049323524746816184403728397148516442763732882386399644655127576213127991620982089740472891033297510120378446810574050200320966238848756131235366234810872511775428383576211804828530398690584328455487091460431456288682662737739481146678955567604705826596287275396776002937068157253967162 0 0 0 0 0 0 0 0 0 0 0 0 0 0 0 0 0 0 0 0 0 1 0 0 0 0 0 0 0 0 0 0 0 0 0 0 0 0 0 0 0 0 0 0 0 0 0 0 0 0 0 0 0 0 0 0 0 0 0 0 0 0 0 0 0 0 0 0 0 0 0 0 0 0 0 0 0 0 0 0 0 0 0 0 0 0 0 0 0 0 0 0 0 0 0 0 0 0 0 0 0 0 0 0 0 0 0 0 0]
[6424471290438078056496750173043064515785195763193956779627883043915592388766015267210853975831381824750979888694930690644959622661721243012929930227813895007449600953955455064714707937711078453730655924021123936650142591923376766811446436429153031363965097181010020874699164198441665374303064669666934911549618965573205439396584539 0 0 0 0 0 0 0 0 0 0 0 0 0 0 0 0 0 0 0 0 0 0 1 0 0 0 0 0 0 0 0 0 0 0 0 0 0 0 0 0 0 0 0 0 0 0 0 0 0 0 0 0 0 0 0 0 0 0 0 0 0 0 0 0 0 0 0 0 0 0 0 0 0 0 0 0 0 0 0 0 0 0 0 0 0 0 0 0 0 0 0 0 0 0 0 0 0 0 0 0 0 0 0 0 0 0 0 0 0]
[4264880781099117661527611521454743247258278800895939507264305237745911944168989713326816778939381355732845002458340852067004340652200732149241278119776373986778039770809331750312134724192339045509012883831063715846724615209354117853645234811803681036617008725230925855052437557953660250670376387720262879388234964028084550952908347 0 0 0 0 0 0 0 0 0 0 0 0 0 0 0 0 0 0 0 0 0 0 0 1 0 0 0 0 0 0 0 0 0 0 0 0 0 0 0 0 0 0 0 0 0 0 0 0 0 0 0 0 0 0 0 0 0 0 0 0 0 0 0 0 0 0 0 0 0 0 0 0 0 0 0 0 0 0 0 0 0 0 0 0 0 0 0 0 0 0 0 0 0 0 0 0 0 0 0 0 0 0 0 0 0 0 0 0 0]
[6688277735288659820426125495519620354673121966363770554285434018897553031503677121693439745564635638653082880131446922987532171842980472931764235520338633552075114523727656183595089743089644462322343953403896640406705714874285551838129842362600872011091900798359467538084008633683263050170353309176775113901249863974936331968938490 0 0 0 0 0 0 0 0 0 0 0 0 0 0 0 0 0 0 0 0 0 0 0 0 1 0 0 0 0 0 0 0 0 0 0 0 0 0 0 0 0 0 0 0 0 0 0 0 0 0 0 0 0 0 0 0 0 0 0 0 0 0 0 0 0 0 0 0 0 0 0 0 0 0 0 0 0 0 0 0 0 0 0 0 0 0 0 0 0 0 0 0 0 0 0 0 0 0 0 0 0 0 0 0 0 0 0 0 0]
[4753527620308294136837973492049660351217205143007336878191700222241870240424991583221438856294669695240318739871104012133398216521583890751740942451897876202034364597616655397229873474605685860543923973188087386207057051417695450020531616031432058355395471174550952601328400797584613299268173759591002776469343453968550553828330852 0 0 0 0 0 0 0 0 0 0 0 0 0 0 0 0 0 0 0 0 0 0 0 0 0 1 0 0 0 0 0 0 0 0 0 0 0 0 0 0 0 0 0 0 0 0 0 0 0 0 0 0 0 0 0 0 0 0 0 0 0 0 0 0 0 0 0 0 0 0 0 0 0 0 0 0 0 0 0 0 0 0 0 0 0 0 0 0 0 0 0 0 0 0 0 0 0 0 0 0 0 0 0 0 0 0 0 0 0]
[4980225487974231293168864602041550890545879424088380675074452628224385453819452282671520190400893832679063005648555720228116199177903218599597721284322359311371237860552689068242734665257475472681907880528184991220989074373056042679239052892492258268222264752497427307595867839208587936234622684575766441836315973237370750581363846 0 0 0 0 0 0 0 0 0 0 0 0 0 0 0 0 0 0 0 0 0 0 0 0 0 0 1 0 0 0 0 0 0 0 0 0 0 0 0 0 0 0 0 0 0 0 0 0 0 0 0 0 0 0 0 0 0 0 0 0 0 0 0 0 0 0 0 0 0 0 0 0 0 0 0 0 0 0 0 0 0 0 0 0 0 0 0 0 0 0 0 0 0 0 0 0 0 0 0 0 0 0 0 0 0 0 0 0 0]
[3617005918912006509219094645727578961138418200754157246807094809951726066061190632839487568316612397263443185246349132954961585428638937775365137006376876573257510557077799705121806532221592586210261381264152364216756583862876682211073151560370062992414827695016661896140742035818032978686429272703490007526650967211037299985926644 0 0 0 0 0 0 0 0 0 0 0 0 0 0 0 0 0 0 0 0 0 0 0 0 0 0 0 1 0 0 0 0 0 0 0 0 0 0 0 0 0 0 0 0 0 0 0 0 0 0 0 0 0 0 0 0 0 0 0 0 0 0 0 0 0 0 0 0 0 0 0 0 0 0 0 0 0 0 0 0 0 0 0 0 0 0 0 0 0 0 0 0 0 0 0 0 0 0 0 0 0 0 0 0 0 0 0 0 0]
[11158520928118999990402626738008807217993262851386454396500526030822222806486822334785086502959888108501325924332251798864547615773558437505331421660505523818191842820771734468903659670028448739303681276750969876866249062548965480096181281382506726556017067384739877253860411428901728178618238289873146826197164954573534532864483077 0 0 0 0 0 0 0 0 0 0 0 0 0 0 0 0 0 0 0 0 0 0 0 0 0 0 0 0 1 0 0 0 0 0 0 0 0 0 0 0 0 0 0 0 0 0 0 0 0 0 0 0 0 0 0 0 0 0 0 0 0 0 0 0 0 0 0 0 0 0 0 0 0 0 0 0 0 0 0 0 0 0 0 0 0 0 0 0 0 0 0 0 0 0 0 0 0 0 0 0 0 0 0 0 0 0 0 0 0]
[3475980315949910632789256554348502561742008356477954412527475834561041017635626510825382735364704919349614031799187349242325209768883874881915107085171820953732317268711542038972984557589133753693467222799048191994029325792544962933395985946616269621674070657525129590520464595255236582291054238712783477331592220107629272698840641 0 0 0 0 0 0 0 0 0 0 0 0 0 0 0 0 0 0 0 0 0 0 0 0 0 0 0 0 0 1 0 0 0 0 0 0 0 0 0 0 0 0 0 0 0 0 0 0 0 0 0 0 0 0 0 0 0 0 0 0 0 0 0 0 0 0 0 0 0 0 0 0 0 0 0 0 0 0 0 0 0 0 0 0 0 0 0 0 0 0 0 0 0 0 0 0 0 0 0 0 0 0 0 0 0 0 0 0 0]
[2599221948470285404922603699345057168597728360577975373513935752774773804992582739599009332742195362531896353980336687578516193097385366090032676122459179290793250040323245398308108406891796095138608355050213537694287890105501573960519971374758994925298700823955291279020655230128682454580554033612294241572866956217838291208285427 0 0 0 0 0 0 0 0 0 0 0 0 0 0 0 0 0 0 0 0 0 0 0 0 0 0 0 0 0 0 1 0 0 0 0 0 0 0 0 0 0 0 0 0 0 0 0 0 0 0 0 0 0 0 0 0 0 0 0 0 0 0 0 0 0 0 0 0 0 0 0 0 0 0 0 0 0 0 0 0 0 0 0 0 0 0 0 0 0 0 0 0 0 0 0 0 0 0 0 0 0 0 0 0 0 0 0 0 0]
[1152617160808807412923149890520456228514552936974586648752169160202461895239759660224765646209958595542981085443230869339349062614493902947230774119910016511164279167918174181731159801943061873845589029696814112073041468209834518778374911824922519191562311419840342172758140387889493554652348645924495555976203325868629004906335262 0 0 0 0 0 0 0 0 0 0 0 0 0 0 0 0 0 0 0 0 0 0 0 0 0 0 0 0 0 0 0 1 0 0 0 0 0 0 0 0 0 0 0 0 0 0 0 0 0 0 0 0 0 0 0 0 0 0 0 0 0 0 0 0 0 0 0 0 0 0 0 0 0 0 0 0 0 0 0 0 0 0 0 0 0 0 0 0 0 0 0 0 0 0 0 0 0 0 0 0 0 0 0 0 0 0 0 0 0]
[8306888461266871364187469447066101899597310009111493729039868585879659018760474912860090579778089251612791909176355570135061434994323386717821606104680611287055299853660841057413826324314967319202061135834684444674917076679877444896109683373891278364915440066228725691567346325287609153772276780062403775149751819596742446428512243 0 0 0 0 0 0 0 0 0 0 0 0 0 0 0 0 0 0 0 0 0 0 0 0 0 0 0 0 0 0 0 0 1 0 0 0 0 0 0 0 0 0 0 0 0 0 0 0 0 0 0 0 0 0 0 0 0 0 0 0 0 0 0 0 0 0 0 0 0 0 0 0 0 0 0 0 0 0 0 0 0 0 0 0 0 0 0 0 0 0 0 0 0 0 0 0 0 0 0 0 0 0 0 0 0 0 0 0 0]
[6389738232475863403849907227314649658590373742632027878766626389512045132393635030001162073794061237490947726897649292935092099463166444820975133951575367254271109740323190118406402716133403015536597290481897289135759639449829045627230828820137243771786065597956798408876585560299945360354744383496994420280035744978644122040114997 0 0 0 0 0 0 0 0 0 0 0 0 0 0 0 0 0 0 0 0 0 0 0 0 0 0 0 0 0 0 0 0 0 1 0 0 0 0 0 0 0 0 0 0 0 0 0 0 0 0 0 0 0 0 0 0 0 0 0 0 0 0 0 0 0 0 0 0 0 0 0 0 0 0 0 0 0 0 0 0 0 0 0 0 0 0 0 0 0 0 0 0 0 0 0 0 0 0 0 0 0 0 0 0 0 0 0 0 0]
[10679388384324081730698576128152065375844040368584964789954592242065984745067727843239610045259968828496284939682336688245598037283383264777098932669872735956435850562642219677292284772918713633524786323820371490998947743961989843464851891325441174233464313638862572517893437813029219814426112507353617443136739369492572520017698561 0 0 0 0 0 0 0 0 0 0 0 0 0 0 0 0 0 0 0 0 0 0 0 0 0 0 0 0 0 0 0 0 0 0 1 0 0 0 0 0 0 0 0 0 0 0 0 0 0 0 0 0 0 0 0 0 0 0 0 0 0 0 0 0 0 0 0 0 0 0 0 0 0 0 0 0 0 0 0 0 0 0 0 0 0 0 0 0 0 0 0 0 0 0 0 0 0 0 0 0 0 0 0 0 0 0 0 0 0]
[5059763460648712465695232624473848844665846033840009194691641489842253105633019446418230022475061713724886263161338640096442230221846208448415642825726913366082165513972287559176629772572679573248316697643434710387779209950073050096696536705354234035659381483084613650476082968322757647494048216501460780655731125568580565332016808 0 0 0 0 0 0 0 0 0 0 0 0 0 0 0 0 0 0 0 0 0 0 0 0 0 0 0 0 0 0 0 0 0 0 0 1 0 0 0 0 0 0 0 0 0 0 0 0 0 0 0 0 0 0 0 0 0 0 0 0 0 0 0 0 0 0 0 0 0 0 0 0 0 0 0 0 0 0 0 0 0 0 0 0 0 0 0 0 0 0 0 0 0 0 0 0 0 0 0 0 0 0 0 0 0 0 0 0 0]
[1437044834009208656596752156529334890438482895966841184468404791742232092176100764498890467097065697141171762260741223744360767633550001877813194212341478689787611275021112304745805893171233329386304981305013073977498425443903242447117680471536011702015354793031431613228677964137725600772071464680543710968736845045248759986012447 0 0 0 0 0 0 0 0 0 0 0 0 0 0 0 0 0 0 0 0 0 0 0 0 0 0 0 0 0 0 0 0 0 0 0 0 1 0 0 0 0 0 0 0 0 0 0 0 0 0 0 0 0 0 0 0 0 0 0 0 0 0 0 0 0 0 0 0 0 0 0 0 0 0 0 0 0 0 0 0 0 0 0 0 0 0 0 0 0 0 0 0 0 0 0 0 0 0 0 0 0 0 0 0 0 0 0 0 0]
[10083974869272069210688563746935962323640675809055395125768629484432968466477689262985978347935676412572540449819950522223198903018603393933476865711943074309535209364954209246605468340319772189013198553947874108578962790747379290013297212444479188312188675504677622615124093958607140770894129560489207247986886439779871299019199603 0 0 0 0 0 0 0 0 0 0 0 0 0 0 0 0 0 0 0 0 0 0 0 0 0 0 0 0 0 0 0 0 0 0 0 0 0 1 0 0 0 0 0 0 0 0 0 0 0 0 0 0 0 0 0 0 0 0 0 0 0 0 0 0 0 0 0 0 0 0 0 0 0 0 0 0 0 0 0 0 0 0 0 0 0 0 0 0 0 0 0 0 0 0 0 0 0 0 0 0 0 0 0 0 0 0 0 0 0]
[10507332557522416652073272313782021672150860494944655612742303378445920770517182337295940577250520640114084601700339609241003243696140787351811709126019183828351770070785112160931938794272141944220117847262653906537993023580111019357300246715958772505922877117989972456003516332048790796047273914073330813904483996822835454216865405 0 0 0 0 0 0 0 0 0 0 0 0 0 0 0 0 0 0 0 0 0 0 0 0 0 0 0 0 0 0 0 0 0 0 0 0 0 0 1 0 0 0 0 0 0 0 0 0 0 0 0 0 0 0 0 0 0 0 0 0 0 0 0 0 0 0 0 0 0 0 0 0 0 0 0 0 0 0 0 0 0 0 0 0 0 0 0 0 0 0 0 0 0 0 0 0 0 0 0 0 0 0 0 0 0 0 0 0 0]
[9024851914610032783949636470116739494463084091718178200633703419064254505446216127213394114601021210265941261530332301422795889369388307476484051992698206497717875282399697094772018455664181653683888654344452474775051442197272767096668091685227243127522943263177193135459171978221618860479356010212979011330711112253092483155763391 0 0 0 0 0 0 0 0 0 0 0 0 0 0 0 0 0 0 0 0 0 0 0 0 0 0 0 0 0 0 0 0 0 0 0 0 0 0 0 1 0 0 0 0 0 0 0 0 0 0 0 0 0 0 0 0 0 0 0 0 0 0 0 0 0 0 0 0 0 0 0 0 0 0 0 0 0 0 0 0 0 0 0 0 0 0 0 0 0 0 0 0 0 0 0 0 0 0 0 0 0 0 0 0 0 0 0 0 0]
[290551562570261850623202096224097974413357978353457847414532494393931779683163928856952577390248631073468628865874730717679404276456478874298122317706317559682122089584761266394956287321470784739542142485176984697886992276857174484769256374142682288951548347709108114189648420791737510313446782306599837256167328796457104635823066 0 0 0 0 0 0 0 0 0 0 0 0 0 0 0 0 0 0 0 0 0 0 0 0 0 0 0 0 0 0 0 0 0 0 0 0 0 0 0 0 1 0 0 0 0 0 0 0 0 0 0 0 0 0 0 0 0 0 0 0 0 0 0 0 0 0 0 0 0 0 0 0 0 0 0 0 0 0 0 0 0 0 0 0 0 0 0 0 0 0 0 0 0 0 0 0 0 0 0 0 0 0 0 0 0 0 0 0 0]
[11413339900960374155336456694996407520157901649030923680681659309776786552112288703247422888765911240653732660826106778050038069786832336395793503023244753943365844037222825295434232338306381845704999557055298790578852075677825249368551323804041724994365696184887307054382587385120520294183026243190744207755701707276729200971030209 0 0 0 0 0 0 0 0 0 0 0 0 0 0 0 0 0 0 0 0 0 0 0 0 0 0 0 0 0 0 0 0 0 0 0 0 0 0 0 0 0 1 0 0 0 0 0 0 0 0 0 0 0 0 0 0 0 0 0 0 0 0 0 0 0 0 0 0 0 0 0 0 0 0 0 0 0 0 0 0 0 0 0 0 0 0 0 0 0 0 0 0 0 0 0 0 0 0 0 0 0 0 0 0 0 0 0 0 0]
[2087015342604474908824673540603675670339464310380268494203258242678643002436615459957926511924191897520807435228936797516624004909706159825977613111285738595122962462255846241231975934166261605956728150478005243095433187326255823877440607080272523210961042833102270926688373134306915918622520877707818228532597757898046211163874754 0 0 0 0 0 0 0 0 0 0 0 0 0 0 0 0 0 0 0 0 0 0 0 0 0 0 0 0 0 0 0 0 0 0 0 0 0 0 0 0 0 0 1 0 0 0 0 0 0 0 0 0 0 0 0 0 0 0 0 0 0 0 0 0 0 0 0 0 0 0 0 0 0 0 0 0 0 0 0 0 0 0 0 0 0 0 0 0 0 0 0 0 0 0 0 0 0 0 0 0 0 0 0 0 0 0 0 0 0]
[9225247223098602755051116016913527549348627777405025021862150442896952875563418759927356968171306548668705455917826674782903421023695277809842849716607291664475856421708768182709156635811780680739298936681098456589536311565648747790303747668838909565005862325367465234928903978582307454484978819083565685463065189417325106693420284 0 0 0 0 0 0 0 0 0 0 0 0 0 0 0 0 0 0 0 0 0 0 0 0 0 0 0 0 0 0 0 0 0 0 0 0 0 0 0 0 0 0 0 1 0 0 0 0 0 0 0 0 0 0 0 0 0 0 0 0 0 0 0 0 0 0 0 0 0 0 0 0 0 0 0 0 0 0 0 0 0 0 0 0 0 0 0 0 0 0 0 0 0 0 0 0 0 0 0 0 0 0 0 0 0 0 0 0 0]
[11486688119210675934602219274520653602754305277403288416687629635310781896831442193078973506330244931140571450320677555145888403403994771884891985871901751787467651293447754015517952173023733770755002694137904938273596251239351759158917406833020809430532223959736874865597070026797889673047500440575057920287638225164930284335408658 0 0 0 0 0 0 0 0 0 0 0 0 0 0 0 0 0 0 0 0 0 0 0 0 0 0 0 0 0 0 0 0 0 0 0 0 0 0 0 0 0 0 0 0 1 0 0 0 0 0 0 0 0 0 0 0 0 0 0 0 0 0 0 0 0 0 0 0 0 0 0 0 0 0 0 0 0 0 0 0 0 0 0 0 0 0 0 0 0 0 0 0 0 0 0 0 0 0 0 0 0 0 0 0 0 0 0 0 0]
[8635320521727247500585381583454370298830150103567081989689389011599803674485394831148457143242899934044312288851855557782988623027009441760719174757755853395028240703182219049227092612633345461471268588938306723196523506932067536828900510617300693174361616968897437037440021497197813969574046859739863621744784689753670825513810909 0 0 0 0 0 0 0 0 0 0 0 0 0 0 0 0 0 0 0 0 0 0 0 0 0 0 0 0 0 0 0 0 0 0 0 0 0 0 0 0 0 0 0 0 0 1 0 0 0 0 0 0 0 0 0 0 0 0 0 0 0 0 0 0 0 0 0 0 0 0 0 0 0 0 0 0 0 0 0 0 0 0 0 0 0 0 0 0 0 0 0 0 0 0 0 0 0 0 0 0 0 0 0 0 0 0 0 0 0]
[8753334313175780045417227408795875044850660452925582622682724205607022395657758958159953592585719734721458315115346709929218774374754373720250469842850185548206471892195833171109502184715810311697926513221195008162898420367855216014637487077106225988705846787873043993902987954661302472160722429121860088123749374678998938693068085 0 0 0 0 0 0 0 0 0 0 0 0 0 0 0 0 0 0 0 0 0 0 0 0 0 0 0 0 0 0 0 0 0 0 0 0 0 0 0 0 0 0 0 0 0 0 1 0 0 0 0 0 0 0 0 0 0 0 0 0 0 0 0 0 0 0 0 0 0 0 0 0 0 0 0 0 0 0 0 0 0 0 0 0 0 0 0 0 0 0 0 0 0 0 0 0 0 0 0 0 0 0 0 0 0 0 0 0 0]
[10028077091164532592031504485799556034435096775031943652333006718315213388433400021995913640986505129948208898230825599659988460571649008933371335103475784113243821362388943381416185431793637068910145866392839421621331884841386092040083669756099868684599513186520754137619891537871423591477884245807306685703149324773848593912410889 0 0 0 0 0 0 0 0 0 0 0 0 0 0 0 0 0 0 0 0 0 0 0 0 0 0 0 0 0 0 0 0 0 0 0 0 0 0 0 0 0 0 0 0 0 0 0 1 0 0 0 0 0 0 0 0 0 0 0 0 0 0 0 0 0 0 0 0 0 0 0 0 0 0 0 0 0 0 0 0 0 0 0 0 0 0 0 0 0 0 0 0 0 0 0 0 0 0 0 0 0 0 0 0 0 0 0 0 0]
[3306239800051436904144646241702317203808568412541119766412053342981772241448578452371086720858316937770985861933179209762758634146031340318212017239046743810452506282986253226113441281119393824959728080203774518890993779950348108751537468716006460854577306223275159661187519849003924648890858709733939270571104886765698918308582946 0 0 0 0 0 0 0 0 0 0 0 0 0 0 0 0 0 0 0 0 0 0 0 0 0 0 0 0 0 0 0 0 0 0 0 0 0 0 0 0 0 0 0 0 0 0 0 0 1 0 0 0 0 0 0 0 0 0 0 0 0 0 0 0 0 0 0 0 0 0 0 0 0 0 0 0 0 0 0 0 0 0 0 0 0 0 0 0 0 0 0 0 0 0 0 0 0 0 0 0 0 0 0 0 0 0 0 0 0]
[8998019499926763772930048227345449492031877389377263483179879401943008007816979661180619949635605443118496552914262800152303138934799195751472721350233230932480404121535717823838003532258900918441942900521206154955990041551857084343048617132978287432766005638112722878720653423355151707933558218303505458584678875705567354427711709 0 0 0 0 0 0 0 0 0 0 0 0 0 0 0 0 0 0 0 0 0 0 0 0 0 0 0 0 0 0 0 0 0 0 0 0 0 0 0 0 0 0 0 0 0 0 0 0 0 1 0 0 0 0 0 0 0 0 0 0 0 0 0 0 0 0 0 0 0 0 0 0 0 0 0 0 0 0 0 0 0 0 0 0 0 0 0 0 0 0 0 0 0 0 0 0 0 0 0 0 0 0 0 0 0 0 0 0 0]
[10098907676027547532599822259701912169381893206076913958832832404215813519064212875110092285107812431594513576565341235830312761648973397052940597097772487975469082253965882880228233896375949647474542338166083823026106955575184217452956817095578690830893023169689797201344259721639281114268260074856735240353130127864315399954085679 0 0 0 0 0 0 0 0 0 0 0 0 0 0 0 0 0 0 0 0 0 0 0 0 0 0 0 0 0 0 0 0 0 0 0 0 0 0 0 0 0 0 0 0 0 0 0 0 0 0 1 0 0 0 0 0 0 0 0 0 0 0 0 0 0 0 0 0 0 0 0 0 0 0 0 0 0 0 0 0 0 0 0 0 0 0 0 0 0 0 0 0 0 0 0 0 0 0 0 0 0 0 0 0 0 0 0 0 0]
[1568722179795878585781661286822338487859259315211311548437242742243575611753657769114550370927171027405883920552143110498620741560510032664301738033782262303558757536916432244932051993544084365248056472158333532378529607995270098499521206699941673667132368481695157657642541312610991383828679496545180695375013262360072850420168388 0 0 0 0 0 0 0 0 0 0 0 0 0 0 0 0 0 0 0 0 0 0 0 0 0 0 0 0 0 0 0 0 0 0 0 0 0 0 0 0 0 0 0 0 0 0 0 0 0 0 0 1 0 0 0 0 0 0 0 0 0 0 0 0 0 0 0 0 0 0 0 0 0 0 0 0 0 0 0 0 0 0 0 0 0 0 0 0 0 0 0 0 0 0 0 0 0 0 0 0 0 0 0 0 0 0 0 0 0]
[9394705602487942833661361168367577773191963094488578549152321043749868699420077223588737368139452303523305030088706462114571278910651105652597973109508072879443608820869593276386749749316071361776881966817685882359257254765953683558856268326993932613431608655898530503756654435007151532768297534832961613706536144969748746670407287 0 0 0 0 0 0 0 0 0 0 0 0 0 0 0 0 0 0 0 0 0 0 0 0 0 0 0 0 0 0 0 0 0 0 0 0 0 0 0 0 0 0 0 0 0 0 0 0 0 0 0 0 1 0 0 0 0 0 0 0 0 0 0 0 0 0 0 0 0 0 0 0 0 0 0 0 0 0 0 0 0 0 0 0 0 0 0 0 0 0 0 0 0 0 0 0 0 0 0 0 0 0 0 0 0 0 0 0 0]
[2002802393882973428383770711791728645879326300456548742849320021128854141368543897605832092832670767439504576412927137233026790559256768829980664573086488803532205324243868550453456098089699520303373881138626737365566971415651378123672598315625680791682703352612406482691325187905514930116435089388927959440421640455554781687434854 0 0 0 0 0 0 0 0 0 0 0 0 0 0 0 0 0 0 0 0 0 0 0 0 0 0 0 0 0 0 0 0 0 0 0 0 0 0 0 0 0 0 0 0 0 0 0 0 0 0 0 0 0 1 0 0 0 0 0 0 0 0 0 0 0 0 0 0 0 0 0 0 0 0 0 0 0 0 0 0 0 0 0 0 0 0 0 0 0 0 0 0 0 0 0 0 0 0 0 0 0 0 0 0 0 0 0 0 0]
[9948517769820958777186904411572050094038942772664333519052505966997078734991118111553958259256494342893549183243261733027409970579915227111834409229258450549719139930395835365450621253021984330988168031637174536656368655924479925286137868945797356004141327742270188576068138539505636584435983359352009284530850300249976451057798450 0 0 0 0 0 0 0 0 0 0 0 0 0 0 0 0 0 0 0 0 0 0 0 0 0 0 0 0 0 0 0 0 0 0 0 0 0 0 0 0 0 0 0 0 0 0 0 0 0 0 0 0 0 0 1 0 0 0 0 0 0 0 0 0 0 0 0 0 0 0 0 0 0 0 0 0 0 0 0 0 0 0 0 0 0 0 0 0 0 0 0 0 0 0 0 0 0 0 0 0 0 0 0 0 0 0 0 0 0]
[8418358109942490509376606011374059018076115433199546148922867008113610616131060072630528492396882986560070537798052280801186610379160534670229792028400661642182717772662750845533298532858920095882009248113079850152687427812547379300816146107658482253122659864412984752933055850359290114573358551711435594082431920378848308059233479 0 0 0 0 0 0 0 0 0 0 0 0 0 0 0 0 0 0 0 0 0 0 0 0 0 0 0 0 0 0 0 0 0 0 0 0 0 0 0 0 0 0 0 0 0 0 0 0 0 0 0 0 0 0 0 1 0 0 0 0 0 0 0 0 0 0 0 0 0 0 0 0 0 0 0 0 0 0 0 0 0 0 0 0 0 0 0 0 0 0 0 0 0 0 0 0 0 0 0 0 0 0 0 0 0 0 0 0 0]
[3976969085585086014582860000343780585796546287229569688270582418409349414022843545354094969262261339144979034802271378899418093460725135714488632867943860492979630086870462032417487785907629222240865358701016603612786225721965928987378389738024930481834384731026794436726061360966469459554288073357904357682767622983748967957472166 0 0 0 0 0 0 0 0 0 0 0 0 0 0 0 0 0 0 0 0 0 0 0 0 0 0 0 0 0 0 0 0 0 0 0 0 0 0 0 0 0 0 0 0 0 0 0 0 0 0 0 0 0 0 0 0 1 0 0 0 0 0 0 0 0 0 0 0 0 0 0 0 0 0 0 0 0 0 0 0 0 0 0 0 0 0 0 0 0 0 0 0 0 0 0 0 0 0 0 0 0 0 0 0 0 0 0 0 0]
[248121184577883368228111865246229646570179686075280910090530847914074009888259629319311645201756936068003963479203260996702076352012145376441141273318308715557810876255678567245486736758738142068230472286358329729910833691671327832381405375379263227462635084507639693731662607693569146299251909152288579457373096628822102292349387 0 0 0 0 0 0 0 0 0 0 0 0 0 0 0 0 0 0 0 0 0 0 0 0 0 0 0 0 0 0 0 0 0 0 0 0 0 0 0 0 0 0 0 0 0 0 0 0 0 0 0 0 0 0 0 0 0 1 0 0 0 0 0 0 0 0 0 0 0 0 0 0 0 0 0 0 0 0 0 0 0 0 0 0 0 0 0 0 0 0 0 0 0 0 0 0 0 0 0 0 0 0 0 0 0 0 0 0 0]
[5457572511445135937951306816662957939315396278001761900004530700422585650560074739140716225079823527589325881612747561120261588706468134904184556385425450778051340174377597609217271485420368697291286654222217722670487232394682345434288028293836097019053996126938716164593784452665113601450669923217022096082437497817808736815533053 0 0 0 0 0 0 0 0 0 0 0 0 0 0 0 0 0 0 0 0 0 0 0 0 0 0 0 0 0 0 0 0 0 0 0 0 0 0 0 0 0 0 0 0 0 0 0 0 0 0 0 0 0 0 0 0 0 0 1 0 0 0 0 0 0 0 0 0 0 0 0 0 0 0 0 0 0 0 0 0 0 0 0 0 0 0 0 0 0 0 0 0 0 0 0 0 0 0 0 0 0 0 0 0 0 0 0 0 0]
[3144312090959332395523167597347188710788908395550210220541360970354073898799190179815494777103709432468144601731411773933102015933530233502324411962174519408237986617931332299887198018380183854452127128796293583864942666458359208100949343735128930502404693474067607990466592232181342778454030657847758511338393938146418874384673244 0 0 0 0 0 0 0 0 0 0 0 0 0 0 0 0 0 0 0 0 0 0 0 0 0 0 0 0 0 0 0 0 0 0 0 0 0 0 0 0 0 0 0 0 0 0 0 0 0 0 0 0 0 0 0 0 0 0 0 1 0 0 0 0 0 0 0 0 0 0 0 0 0 0 0 0 0 0 0 0 0 0 0 0 0 0 0 0 0 0 0 0 0 0 0 0 0 0 0 0 0 0 0 0 0 0 0 0 0]
[1970991649205635108234676532927055687167206065766069101816650162362809061381799307515118575718668311133781201146361863786152226620835643124703391802694874533889112724865049160259950907506481423713347850525427961221276474474363038280596900400626614867859158036980966551190981336097835982041513706631232627348193821164672718691198834 0 0 0 0 0 0 0 0 0 0 0 0 0 0 0 0 0 0 0 0 0 0 0 0 0 0 0 0 0 0 0 0 0 0 0 0 0 0 0 0 0 0 0 0 0 0 0 0 0 0 0 0 0 0 0 0 0 0 0 0 1 0 0 0 0 0 0 0 0 0 0 0 0 0 0 0 0 0 0 0 0 0 0 0 0 0 0 0 0 0 0 0 0 0 0 0 0 0 0 0 0 0 0 0 0 0 0 0 0]
[10586395095812112370330499535140632546811681370628729204859549560817389144675012718844569421627041829320978354346897279711813946869335545758037205375068439867434874809848842269981512623124430852811771521599167706139976036455410699828742191143439160831843239179005250889850413287037864255337200016503834471956450072356145767444368911 0 0 0 0 0 0 0 0 0 0 0 0 0 0 0 0 0 0 0 0 0 0 0 0 0 0 0 0 0 0 0 0 0 0 0 0 0 0 0 0 0 0 0 0 0 0 0 0 0 0 0 0 0 0 0 0 0 0 0 0 0 1 0 0 0 0 0 0 0 0 0 0 0 0 0 0 0 0 0 0 0 0 0 0 0 0 0 0 0 0 0 0 0 0 0 0 0 0 0 0 0 0 0 0 0 0 0 0 0]
[9202011471479410226036486256461003442302483059694207491744192730258569063271299223341615783712218139366430162914353564009995386430103327797241397285261353253645625871320715203570091732979187188213981731926703426860407560112828280974430834439537584718188980418145171459875483994239745560843361958280216846005046027348418376412602942 0 0 0 0 0 0 0 0 0 0 0 0 0 0 0 0 0 0 0 0 0 0 0 0 0 0 0 0 0 0 0 0 0 0 0 0 0 0 0 0 0 0 0 0 0 0 0 0 0 0 0 0 0 0 0 0 0 0 0 0 0 0 1 0 0 0 0 0 0 0 0 0 0 0 0 0 0 0 0 0 0 0 0 0 0 0 0 0 0 0 0 0 0 0 0 0 0 0 0 0 0 0 0 0 0 0 0 0 0]
[8772215312464348276778300687195933079463051810906773078881679105231524729072678768010605687209570207918022759502271270483136741870975554227928323309093306086518397050756329755661629563074789620274538693475302830199707931829068198683366397753506242344183577298055352750448026146007682020541305424930083243235880647213433249258704886 0 0 0 0 0 0 0 0 0 0 0 0 0 0 0 0 0 0 0 0 0 0 0 0 0 0 0 0 0 0 0 0 0 0 0 0 0 0 0 0 0 0 0 0 0 0 0 0 0 0 0 0 0 0 0 0 0 0 0 0 0 0 0 1 0 0 0 0 0 0 0 0 0 0 0 0 0 0 0 0 0 0 0 0 0 0 0 0 0 0 0 0 0 0 0 0 0 0 0 0 0 0 0 0 0 0 0 0 0]
[2537247682969418934461375287883446957516468823451862146831512993528016429901078964372691282710486171194539271427065455440016950059286420416341416711643923202319930563344107155956728929957674776078824842220319583485445726248064810339789336606575963902723893412356422593915229089137848859907599244488663621483094109648605941277688706 0 0 0 0 0 0 0 0 0 0 0 0 0 0 0 0 0 0 0 0 0 0 0 0 0 0 0 0 0 0 0 0 0 0 0 0 0 0 0 0 0 0 0 0 0 0 0 0 0 0 0 0 0 0 0 0 0 0 0 0 0 0 0 0 1 0 0 0 0 0 0 0 0 0 0 0 0 0 0 0 0 0 0 0 0 0 0 0 0 0 0 0 0 0 0 0 0 0 0 0 0 0 0 0 0 0 0 0 0]
[6468223184448683494249523664871809051380842874185016382414947145475545531588980943563161874909837421113902110607285199482828292759983644594589448370707098987239498248226060056620658105711039710875412614397871754671739128331512527543491107529223682969588806229717138745365499057940938557509611195761599042150753324239261904468905396 0 0 0 0 0 0 0 0 0 0 0 0 0 0 0 0 0 0 0 0 0 0 0 0 0 0 0 0 0 0 0 0 0 0 0 0 0 0 0 0 0 0 0 0 0 0 0 0 0 0 0 0 0 0 0 0 0 0 0 0 0 0 0 0 0 1 0 0 0 0 0 0 0 0 0 0 0 0 0 0 0 0 0 0 0 0 0 0 0 0 0 0 0 0 0 0 0 0 0 0 0 0 0 0 0 0 0 0 0]
[3980030798997980752955318909074389385997473880798858805172913350470438498249410491722176261678000554650116233928351132390953862100842209419169319195880909551798182630129621038733180116792385990718868621507503029659202834084020381879719820153421256808150027763159203887002201209987476004429177449711645766490769277691249034204847257 0 0 0 0 0 0 0 0 0 0 0 0 0 0 0 0 0 0 0 0 0 0 0 0 0 0 0 0 0 0 0 0 0 0 0 0 0 0 0 0 0 0 0 0 0 0 0 0 0 0 0 0 0 0 0 0 0 0 0 0 0 0 0 0 0 0 1 0 0 0 0 0 0 0 0 0 0 0 0 0 0 0 0 0 0 0 0 0 0 0 0 0 0 0 0 0 0 0 0 0 0 0 0 0 0 0 0 0 0]
[3100676224516798190999150680807547294799289395454858344909793201650600538897656530367892595164650537339348068102703648812554486937275132052505399368134401115661751018962198752061124983377287132563104070243478436436784832328927091367995371290482253762074170340086492151056675317122611302735598485256979282483926304013463882688015775 0 0 0 0 0 0 0 0 0 0 0 0 0 0 0 0 0 0 0 0 0 0 0 0 0 0 0 0 0 0 0 0 0 0 0 0 0 0 0 0 0 0 0 0 0 0 0 0 0 0 0 0 0 0 0 0 0 0 0 0 0 0 0 0 0 0 0 1 0 0 0 0 0 0 0 0 0 0 0 0 0 0 0 0 0 0 0 0 0 0 0 0 0 0 0 0 0 0 0 0 0 0 0 0 0 0 0 0 0]
[4124695840036113543635190793410804673399657046998045342534273889367660970401376948082566684168214629623304937761863121367571957900970602336264932497908563623951918838561351862234405286214111522747320355631965449226032876403409721067708264438347146425478909158450690127644569117936376818313127196831569597563955928884120150153046625 0 0 0 0 0 0 0 0 0 0 0 0 0 0 0 0 0 0 0 0 0 0 0 0 0 0 0 0 0 0 0 0 0 0 0 0 0 0 0 0 0 0 0 0 0 0 0 0 0 0 0 0 0 0 0 0 0 0 0 0 0 0 0 0 0 0 0 0 1 0 0 0 0 0 0 0 0 0 0 0 0 0 0 0 0 0 0 0 0 0 0 0 0 0 0 0 0 0 0 0 0 0 0 0 0 0 0 0 0]
[9621530694533764972923728795260481193976481138757889254832806905169277611043149681558019969948075686830242915103341687953049403836408513608481187665683128982713118392228863290937932117369225792417276473801504235915039671292081524949221501320159018328633928121352479063758124222565441010022061537596396031705080468790103343399529813 0 0 0 0 0 0 0 0 0 0 0 0 0 0 0 0 0 0 0 0 0 0 0 0 0 0 0 0 0 0 0 0 0 0 0 0 0 0 0 0 0 0 0 0 0 0 0 0 0 0 0 0 0 0 0 0 0 0 0 0 0 0 0 0 0 0 0 0 0 1 0 0 0 0 0 0 0 0 0 0 0 0 0 0 0 0 0 0 0 0 0 0 0 0 0 0 0 0 0 0 0 0 0 0 0 0 0 0 0]
[2264761810692709287157750662980402211594977761546850896058225960550496645728413510817957633557867863783437832193518963524628982056474731167440197293153782517536709421146705782586843802260669336321458329517790244052126149275134227169565686573477432599397101843604843380333230132131538920304937483028091035933884944311092734304033250 0 0 0 0 0 0 0 0 0 0 0 0 0 0 0 0 0 0 0 0 0 0 0 0 0 0 0 0 0 0 0 0 0 0 0 0 0 0 0 0 0 0 0 0 0 0 0 0 0 0 0 0 0 0 0 0 0 0 0 0 0 0 0 0 0 0 0 0 0 0 1 0 0 0 0 0 0 0 0 0 0 0 0 0 0 0 0 0 0 0 0 0 0 0 0 0 0 0 0 0 0 0 0 0 0 0 0 0 0]
[6922658207705951821055883521968522773467656184798759457642094355355553471088028355408136867790701235729178931936544023005240670097883253678694102169516268982278441650709047219232647695114385171507706269527331752648616623517912279374709009069883638648549719767161746301114202896290394847641149113696088316372444467766306061144487703 0 0 0 0 0 0 0 0 0 0 0 0 0 0 0 0 0 0 0 0 0 0 0 0 0 0 0 0 0 0 0 0 0 0 0 0 0 0 0 0 0 0 0 0 0 0 0 0 0 0 0 0 0 0 0 0 0 0 0 0 0 0 0 0 0 0 0 0 0 0 0 1 0 0 0 0 0 0 0 0 0 0 0 0 0 0 0 0 0 0 0 0 0 0 0 0 0 0 0 0 0 0 0 0 0 0 0 0 0]
[8451370983023676506938773561387278483381668527109524901375855340399153977605559247028913878320214627725397531437816819901892792783157981684940305295281800834241335770476383983510571919425619793957223721244501195946192458334742363792558388410617594720160991914672353619071704750716964684677329248297494558385364420239718186899704093 0 0 0 0 0 0 0 0 0 0 0 0 0 0 0 0 0 0 0 0 0 0 0 0 0 0 0 0 0 0 0 0 0 0 0 0 0 0 0 0 0 0 0 0 0 0 0 0 0 0 0 0 0 0 0 0 0 0 0 0 0 0 0 0 0 0 0 0 0 0 0 0 1 0 0 0 0 0 0 0 0 0 0 0 0 0 0 0 0 0 0 0 0 0 0 0 0 0 0 0 0 0 0 0 0 0 0 0 0]
[420731379896046304995557781082294429246269997279555248648575650553815559749952658907274181515977568170262071117279304194935388677772314090290418306990284305475736375490235079260192155069996445497990411112603324381862309236957175076789156900537844791090250350978990630069217241093266483594372448063520545611870805854739146913136481 0 0 0 0 0 0 0 0 0 0 0 0 0 0 0 0 0 0 0 0 0 0 0 0 0 0 0 0 0 0 0 0 0 0 0 0 0 0 0 0 0 0 0 0 0 0 0 0 0 0 0 0 0 0 0 0 0 0 0 0 0 0 0 0 0 0 0 0 0 0 0 0 0 1 0 0 0 0 0 0 0 0 0 0 0 0 0 0 0 0 0 0 0 0 0 0 0 0 0 0 0 0 0 0 0 0 0 0 0]
[5305392095391657671847273366203903118608894891211368715999034719036784530999794448686342115638642240189325038841151280019070203230459414535237183084326188892866233268189474339058967867432211823237403189187765863331055694831837014244641120519529682343145772004611145668669577825853293638466607003037117666735615193456931688836792319 0 0 0 0 0 0 0 0 0 0 0 0 0 0 0 0 0 0 0 0 0 0 0 0 0 0 0 0 0 0 0 0 0 0 0 0 0 0 0 0 0 0 0 0 0 0 0 0 0 0 0 0 0 0 0 0 0 0 0 0 0 0 0 0 0 0 0 0 0 0 0 0 0 0 1 0 0 0 0 0 0 0 0 0 0 0 0 0 0 0 0 0 0 0 0 0 0 0 0 0 0 0 0 0 0 0 0 0 0]
[4508568779567722258900868232721507122049313096661676790456428936598645085806917213184175774943665632401264908856252632246583888604142216937638768492372437434230775851189364846166972300829832878112871036844438356996093130468193995744008463795700007124086745963971326450260007340126292549147171385643123380746698268508474892378741924 0 0 0 0 0 0 0 0 0 0 0 0 0 0 0 0 0 0 0 0 0 0 0 0 0 0 0 0 0 0 0 0 0 0 0 0 0 0 0 0 0 0 0 0 0 0 0 0 0 0 0 0 0 0 0 0 0 0 0 0 0 0 0 0 0 0 0 0 0 0 0 0 0 0 0 1 0 0 0 0 0 0 0 0 0 0 0 0 0 0 0 0 0 0 0 0 0 0 0 0 0 0 0 0 0 0 0 0 0]
[5662696961995264414088994253288449370712597856392791805248859158638292228060991719881850956529891925910282547214400725063432538055578000965091516342747895742929077416546676390139244675141028756103347517540374558457088488700721039558918634312660693786838931091546251674292357449913953992012719197379643251806956028479203572894022187 0 0 0 0 0 0 0 0 0 0 0 0 0 0 0 0 0 0 0 0 0 0 0 0 0 0 0 0 0 0 0 0 0 0 0 0 0 0 0 0 0 0 0 0 0 0 0 0 0 0 0 0 0 0 0 0 0 0 0 0 0 0 0 0 0 0 0 0 0 0 0 0 0 0 0 0 1 0 0 0 0 0 0 0 0 0 0 0 0 0 0 0 0 0 0 0 0 0 0 0 0 0 0 0 0 0 0 0 0]
[10952607504755621296928104035904976690700562127241300198711713390091328528055522073842615279119974299438893546302446372599745269625872442762406441653945533509039249841304369256155756924399621081000849777108748564021566026642740229258366893700172416028941177396777140187609461154434255009618026895518941031099103583245694494403280304 0 0 0 0 0 0 0 0 0 0 0 0 0 0 0 0 0 0 0 0 0 0 0 0 0 0 0 0 0 0 0 0 0 0 0 0 0 0 0 0 0 0 0 0 0 0 0 0 0 0 0 0 0 0 0 0 0 0 0 0 0 0 0 0 0 0 0 0 0 0 0 0 0 0 0 0 0 1 0 0 0 0 0 0 0 0 0 0 0 0 0 0 0 0 0 0 0 0 0 0 0 0 0 0 0 0 0 0 0]
[7366119867004593902439445137405504567879480471183462969040194530187250062321473794957848016225529149948112055834531873477670591887321428169898895653089620540863565446241514540760378516872318362877729991900601718253984268969396526400683116740896115765700167608880326886464795062474271129890658941540892304945291121182940508609439281 0 0 0 0 0 0 0 0 0 0 0 0 0 0 0 0 0 0 0 0 0 0 0 0 0 0 0 0 0 0 0 0 0 0 0 0 0 0 0 0 0 0 0 0 0 0 0 0 0 0 0 0 0 0 0 0 0 0 0 0 0 0 0 0 0 0 0 0 0 0 0 0 0 0 0 0 0 0 1 0 0 0 0 0 0 0 0 0 0 0 0 0 0 0 0 0 0 0 0 0 0 0 0 0 0 0 0 0 0]
[6878016975699153353978040537692153267678019463097464074092073966166217870675484407891699885415342807709342971528793719925011565589968459010855166679679987061532211956069663329268171674515828367301500415599524594737311638572258506131846435816459301508710067981761489313100917512518105490259311578611120721905061677232074544563573068 0 0 0 0 0 0 0 0 0 0 0 0 0 0 0 0 0 0 0 0 0 0 0 0 0 0 0 0 0 0 0 0 0 0 0 0 0 0 0 0 0 0 0 0 0 0 0 0 0 0 0 0 0 0 0 0 0 0 0 0 0 0 0 0 0 0 0 0 0 0 0 0 0 0 0 0 0 0 0 1 0 0 0 0 0 0 0 0 0 0 0 0 0 0 0 0 0 0 0 0 0 0 0 0 0 0 0 0 0]
[10623651459880767984920228817820284277338875132959470554395387851661674188172199012404368468304761232282976253881545003856607451324183888339252079059185472512753075525069362879790431463356394271638975127279527341182165404783560067934436052790394829533838372850832615552734871051276513371932032168482286877315779920488531860017882741 0 0 0 0 0 0 0 0 0 0 0 0 0 0 0 0 0 0 0 0 0 0 0 0 0 0 0 0 0 0 0 0 0 0 0 0 0 0 0 0 0 0 0 0 0 0 0 0 0 0 0 0 0 0 0 0 0 0 0 0 0 0 0 0 0 0 0 0 0 0 0 0 0 0 0 0 0 0 0 0 1 0 0 0 0 0 0 0 0 0 0 0 0 0 0 0 0 0 0 0 0 0 0 0 0 0 0 0 0]
[5955669751883884637954774215800045206457927258783025393496349100318429904259467085307520859720165507638646892858478126794663360601425200425439531769633360634751108832952568463464200478503527951589934622030790521509380307785708441782305422368509732313561991477795244779815745512934422736580317975390880757396579873243210254054646403 0 0 0 0 0 0 0 0 0 0 0 0 0 0 0 0 0 0 0 0 0 0 0 0 0 0 0 0 0 0 0 0 0 0 0 0 0 0 0 0 0 0 0 0 0 0 0 0 0 0 0 0 0 0 0 0 0 0 0 0 0 0 0 0 0 0 0 0 0 0 0 0 0 0 0 0 0 0 0 0 0 1 0 0 0 0 0 0 0 0 0 0 0 0 0 0 0 0 0 0 0 0 0 0 0 0 0 0 0]
[3007839533895566744684979788351727587504020620394105293643993754164452675447442308184014058258425647571913110287066933463866053013414892431279659322241126679454265691526267178022329900757588528881514087766028546506170870857249636665559836072237280356089299287894626680196702145995619892661030041649740202582492979934296168042357952 0 0 0 0 0 0 0 0 0 0 0 0 0 0 0 0 0 0 0 0 0 0 0 0 0 0 0 0 0 0 0 0 0 0 0 0 0 0 0 0 0 0 0 0 0 0 0 0 0 0 0 0 0 0 0 0 0 0 0 0 0 0 0 0 0 0 0 0 0 0 0 0 0 0 0 0 0 0 0 0 0 0 1 0 0 0 0 0 0 0 0 0 0 0 0 0 0 0 0 0 0 0 0 0 0 0 0 0 0]
[10640186870239503230275330190285160926547428471847755879222515283439729276893435518756651428242864170620801749359461510820199431448524352610959618062027671510514475403437961332364977069309215368670651407333157444414728818435697578581934486738604852015122663793354006745024597949770878499925258944859763025826049454869985031149459098 0 0 0 0 0 0 0 0 0 0 0 0 0 0 0 0 0 0 0 0 0 0 0 0 0 0 0 0 0 0 0 0 0 0 0 0 0 0 0 0 0 0 0 0 0 0 0 0 0 0 0 0 0 0 0 0 0 0 0 0 0 0 0 0 0 0 0 0 0 0 0 0 0 0 0 0 0 0 0 0 0 0 0 1 0 0 0 0 0 0 0 0 0 0 0 0 0 0 0 0 0 0 0 0 0 0 0 0 0]
[9982536733181319954288385866601178868038066973584956532998426390291053651345974335391434574907357024918194268755525109825748788882994552449471767915825377926305120613624990289580824927827432923315356655837086729683447197374507373296138251211076189825982708211847786523680501597074814689472285959378961089563676339555263869471950612 0 0 0 0 0 0 0 0 0 0 0 0 0 0 0 0 0 0 0 0 0 0 0 0 0 0 0 0 0 0 0 0 0 0 0 0 0 0 0 0 0 0 0 0 0 0 0 0 0 0 0 0 0 0 0 0 0 0 0 0 0 0 0 0 0 0 0 0 0 0 0 0 0 0 0 0 0 0 0 0 0 0 0 0 1 0 0 0 0 0 0 0 0 0 0 0 0 0 0 0 0 0 0 0 0 0 0 0 0]
[8848614495764571910593951702032828830572043803228717002435732637897871188480760304691424531115515637489681090423433888774023022221196600827330943336415611282275806382493186497955250314643672938667394046930456069807965936779848826267994178066063629345033990395887963793778175631780119579569034128838728812255750209230028875105619255 0 0 0 0 0 0 0 0 0 0 0 0 0 0 0 0 0 0 0 0 0 0 0 0 0 0 0 0 0 0 0 0 0 0 0 0 0 0 0 0 0 0 0 0 0 0 0 0 0 0 0 0 0 0 0 0 0 0 0 0 0 0 0 0 0 0 0 0 0 0 0 0 0 0 0 0 0 0 0 0 0 0 0 0 0 1 0 0 0 0 0 0 0 0 0 0 0 0 0 0 0 0 0 0 0 0 0 0 0]
[9821900038279338721319264766697777362737418860610621191817575536535408910170953017615679687629542880093325972873944324749716460104942304078326579631698084653016736471621488309475607344500747582725508565748308563821552352448113793517097623776607959231884650170267105605219397438080025304758015180882005838968942220789216964702872409 0 0 0 0 0 0 0 0 0 0 0 0 0 0 0 0 0 0 0 0 0 0 0 0 0 0 0 0 0 0 0 0 0 0 0 0 0 0 0 0 0 0 0 0 0 0 0 0 0 0 0 0 0 0 0 0 0 0 0 0 0 0 0 0 0 0 0 0 0 0 0 0 0 0 0 0 0 0 0 0 0 0 0 0 0 0 1 0 0 0 0 0 0 0 0 0 0 0 0 0 0 0 0 0 0 0 0 0 0]
[9649515469806190695145494215854462156657489818018999016698389798672281238475992749129743169578269903752920672888574459157018912889128025154296256974147823139472317744053735564630995399851112933384201670818999756486956546077002614131959449650408601518935722864068812396610978353078314827561480720229277531754884558513368001188439167 0 0 0 0 0 0 0 0 0 0 0 0 0 0 0 0 0 0 0 0 0 0 0 0 0 0 0 0 0 0 0 0 0 0 0 0 0 0 0 0 0 0 0 0 0 0 0 0 0 0 0 0 0 0 0 0 0 0 0 0 0 0 0 0 0 0 0 0 0 0 0 0 0 0 0 0 0 0 0 0 0 0 0 0 0 0 0 1 0 0 0 0 0 0 0 0 0 0 0 0 0 0 0 0 0 0 0 0 0]
[10540317187122895234711741829669626204663458844952824153648743144703624465487446285123641231025415639498088012224926258976839712485474183481528793332169915859609880617089349875454345859798074554869787337475108731916868914611852417234294780224650812181693197529234463367176830765938732893412751086240309282486351211760206363804421813 0 0 0 0 0 0 0 0 0 0 0 0 0 0 0 0 0 0 0 0 0 0 0 0 0 0 0 0 0 0 0 0 0 0 0 0 0 0 0 0 0 0 0 0 0 0 0 0 0 0 0 0 0 0 0 0 0 0 0 0 0 0 0 0 0 0 0 0 0 0 0 0 0 0 0 0 0 0 0 0 0 0 0 0 0 0 0 0 1 0 0 0 0 0 0 0 0 0 0 0 0 0 0 0 0 0 0 0 0]
[5136268676778406144532462960166153272897690489013261994524657511547770736346168378048005013750183421278590359752400185022050662494616631106373886450082527273184810612995369484821585842753605854354768725475460250784145481681380660912441161969875792624889444694605885292423599461053795795192203657760276758268690618463596693241809668 0 0 0 0 0 0 0 0 0 0 0 0 0 0 0 0 0 0 0 0 0 0 0 0 0 0 0 0 0 0 0 0 0 0 0 0 0 0 0 0 0 0 0 0 0 0 0 0 0 0 0 0 0 0 0 0 0 0 0 0 0 0 0 0 0 0 0 0 0 0 0 0 0 0 0 0 0 0 0 0 0 0 0 0 0 0 0 0 0 1 0 0 0 0 0 0 0 0 0 0 0 0 0 0 0 0 0 0 0]
[6636414602176597836087500422281119237004783864689903341229560783678440719434108108776157029728445136680967157830573981887384579963858127323751803713155731378137277536681605001533725130631654861051547696866150417976867604104266958548883077320019732178526508985453830058607650122073849844342314877497558313270104852955537874315026800 0 0 0 0 0 0 0 0 0 0 0 0 0 0 0 0 0 0 0 0 0 0 0 0 0 0 0 0 0 0 0 0 0 0 0 0 0 0 0 0 0 0 0 0 0 0 0 0 0 0 0 0 0 0 0 0 0 0 0 0 0 0 0 0 0 0 0 0 0 0 0 0 0 0 0 0 0 0 0 0 0 0 0 0 0 0 0 0 0 0 1 0 0 0 0 0 0 0 0 0 0 0 0 0 0 0 0 0 0]
[9939469295415648364492802285850601752733699710299604384339437534684889586588137596504447066830474417986518641373002194543374619723617734707538870976495836344729015903929225098780652954348772472066065350994903618250602823021350192177036033096339445747021456439902941798792890355955215767865433426119459946061172835375464780321161833 0 0 0 0 0 0 0 0 0 0 0 0 0 0 0 0 0 0 0 0 0 0 0 0 0 0 0 0 0 0 0 0 0 0 0 0 0 0 0 0 0 0 0 0 0 0 0 0 0 0 0 0 0 0 0 0 0 0 0 0 0 0 0 0 0 0 0 0 0 0 0 0 0 0 0 0 0 0 0 0 0 0 0 0 0 0 0 0 0 0 0 1 0 0 0 0 0 0 0 0 0 0 0 0 0 0 0 0 0]
[7719943936093483382375102926085855188960434088936238878885093703113924989997979565552843048303994219644643941644836730089438443529147316533713415176576324156217663558725570169065974963774950294783399556552651680901851750114342372584621800420312491416657746196919022242785681959605486795038538225850538400356362835747824813079381950 0 0 0 0 0 0 0 0 0 0 0 0 0 0 0 0 0 0 0 0 0 0 0 0 0 0 0 0 0 0 0 0 0 0 0 0 0 0 0 0 0 0 0 0 0 0 0 0 0 0 0 0 0 0 0 0 0 0 0 0 0 0 0 0 0 0 0 0 0 0 0 0 0 0 0 0 0 0 0 0 0 0 0 0 0 0 0 0 0 0 0 0 1 0 0 0 0 0 0 0 0 0 0 0 0 0 0 0 0]
[10406702460625106686145304969885820796215698643927433460030872282290913635170965668445116007915985068698402893797167345760441193954483623687336164950993408887486254955744072516441510706483197706489303711813299127140364179603730429050444347193058171797059043287837539401038739195982221579215030323038354837462889831332738647683874698 0 0 0 0 0 0 0 0 0 0 0 0 0 0 0 0 0 0 0 0 0 0 0 0 0 0 0 0 0 0 0 0 0 0 0 0 0 0 0 0 0 0 0 0 0 0 0 0 0 0 0 0 0 0 0 0 0 0 0 0 0 0 0 0 0 0 0 0 0 0 0 0 0 0 0 0 0 0 0 0 0 0 0 0 0 0 0 0 0 0 0 0 0 1 0 0 0 0 0 0 0 0 0 0 0 0 0 0 0]
[7583993376739041221355636867555561500658129519867605770561021039837050448121466072473595103593755112323001555356298529616944700276898315914416315432459049424175966290114229452084273012989317734104597933066504520048358518261529420885750595598392474261779752720031575224516206809045178137537374959110250971992352995127892377109203457 0 0 0 0 0 0 0 0 0 0 0 0 0 0 0 0 0 0 0 0 0 0 0 0 0 0 0 0 0 0 0 0 0 0 0 0 0 0 0 0 0 0 0 0 0 0 0 0 0 0 0 0 0 0 0 0 0 0 0 0 0 0 0 0 0 0 0 0 0 0 0 0 0 0 0 0 0 0 0 0 0 0 0 0 0 0 0 0 0 0 0 0 0 0 1 0 0 0 0 0 0 0 0 0 0 0 0 0 0]
[513469098944108379814750599392234492030773296350713337312590141743202041614118538656148973770734111859587535504130250739557939566388109211622070577797199688751169403795602002801357576346556389245029524304293802893763632744518337876007820483260875192414850911243011176923420769465832260020628568399286574698157419772338310320739051 0 0 0 0 0 0 0 0 0 0 0 0 0 0 0 0 0 0 0 0 0 0 0 0 0 0 0 0 0 0 0 0 0 0 0 0 0 0 0 0 0 0 0 0 0 0 0 0 0 0 0 0 0 0 0 0 0 0 0 0 0 0 0 0 0 0 0 0 0 0 0 0 0 0 0 0 0 0 0 0 0 0 0 0 0 0 0 0 0 0 0 0 0 0 0 1 0 0 0 0 0 0 0 0 0 0 0 0 0]
[10691127004833853640301274180059282093504376247715645772386895659434210778080957278131892387663969481095055960199209383143785176735393258561249513138651955913234321958579515452334837855624940415752640157364254307379517439684621025892395708106010263226525719520419427126923491549931030039084539827406847026651928602841245251700260338 0 0 0 0 0 0 0 0 0 0 0 0 0 0 0 0 0 0 0 0 0 0 0 0 0 0 0 0 0 0 0 0 0 0 0 0 0 0 0 0 0 0 0 0 0 0 0 0 0 0 0 0 0 0 0 0 0 0 0 0 0 0 0 0 0 0 0 0 0 0 0 0 0 0 0 0 0 0 0 0 0 0 0 0 0 0 0 0 0 0 0 0 0 0 0 0 1 0 0 0 0 0 0 0 0 0 0 0 0]
[419203402927179751331178520719520850447285281892484799405478792824747770530405091782862563457809485888620503372931446737204872757113811812315378555264696750193485452718795077334470206443199971645895705976312433649682204779132302239701118932281823267963821751109858436581134646313606996219353895344505572828977631392547029691787420 0 0 0 0 0 0 0 0 0 0 0 0 0 0 0 0 0 0 0 0 0 0 0 0 0 0 0 0 0 0 0 0 0 0 0 0 0 0 0 0 0 0 0 0 0 0 0 0 0 0 0 0 0 0 0 0 0 0 0 0 0 0 0 0 0 0 0 0 0 0 0 0 0 0 0 0 0 0 0 0 0 0 0 0 0 0 0 0 0 0 0 0 0 0 0 0 0 1 0 0 0 0 0 0 0 0 0 0 0]
[2628253806696681170722848678810491906370383503592238048115360322224193435408216551363965759037431036829419528862949636105013362452310769396436946491498782571510594320903671553831421700727228087841972561442390840823765282451216478853980978742101315422509931098535801873588513384105985493414177346113027557044351694275238603468050423 0 0 0 0 0 0 0 0 0 0 0 0 0 0 0 0 0 0 0 0 0 0 0 0 0 0 0 0 0 0 0 0 0 0 0 0 0 0 0 0 0 0 0 0 0 0 0 0 0 0 0 0 0 0 0 0 0 0 0 0 0 0 0 0 0 0 0 0 0 0 0 0 0 0 0 0 0 0 0 0 0 0 0 0 0 0 0 0 0 0 0 0 0 0 0 0 0 0 1 0 0 0 0 0 0 0 0 0 0]
[4053443225305691532599861419833287037329778544200143467374083219698821976610931717132559252698158222019869594788628056268418238947120033176825432637761938294599492659838122493026451709311954651951702091652259996849628401918056460719261538217351760165026646263232874960507313580980642315872276681521616453061851465825833166438262985 0 0 0 0 0 0 0 0 0 0 0 0 0 0 0 0 0 0 0 0 0 0 0 0 0 0 0 0 0 0 0 0 0 0 0 0 0 0 0 0 0 0 0 0 0 0 0 0 0 0 0 0 0 0 0 0 0 0 0 0 0 0 0 0 0 0 0 0 0 0 0 0 0 0 0 0 0 0 0 0 0 0 0 0 0 0 0 0 0 0 0 0 0 0 0 0 0 0 0 1 0 0 0 0 0 0 0 0 0]
[6068898212055013016477165442985149219299267324469104155909981233396452412829707548230945044901760926115876562400819690922361967225835433376721396303701326696925122191704562976510004799192269455541005257401660758989270113065742714832408678308899532360043912089012982456415250343357336781653345933098920624683275551197758398630745798 0 0 0 0 0 0 0 0 0 0 0 0 0 0 0 0 0 0 0 0 0 0 0 0 0 0 0 0 0 0 0 0 0 0 0 0 0 0 0 0 0 0 0 0 0 0 0 0 0 0 0 0 0 0 0 0 0 0 0 0 0 0 0 0 0 0 0 0 0 0 0 0 0 0 0 0 0 0 0 0 0 0 0 0 0 0 0 0 0 0 0 0 0 0 0 0 0 0 0 0 1 0 0 0 0 0 0 0 0]
[132664669264339254212639574517312049334406160386258128737390069288838399064660512286324829539397365200755091683301749192886681107143440446874430130859900752384287574183727911293299172859627948769563232356929120863739685501489113722232931261611914152607820658509419671173065320429487869664314181773263440687246024724754186784988336 0 0 0 0 0 0 0 0 0 0 0 0 0 0 0 0 0 0 0 0 0 0 0 0 0 0 0 0 0 0 0 0 0 0 0 0 0 0 0 0 0 0 0 0 0 0 0 0 0 0 0 0 0 0 0 0 0 0 0 0 0 0 0 0 0 0 0 0 0 0 0 0 0 0 0 0 0 0 0 0 0 0 0 0 0 0 0 0 0 0 0 0 0 0 0 0 0 0 0 0 0 1 0 0 0 0 0 0 0]
[11301964436436699032245326212442279218097247673429020284343150801658887699242391282216131172769878576286191552612685239891185360079241304064874889781864514902235902988378926259957093965148102766933713907995221600431682954242420431790263385052871321223168757079415764779649135636402901138841018384731836734467090601571691638848323615 0 0 0 0 0 0 0 0 0 0 0 0 0 0 0 0 0 0 0 0 0 0 0 0 0 0 0 0 0 0 0 0 0 0 0 0 0 0 0 0 0 0 0 0 0 0 0 0 0 0 0 0 0 0 0 0 0 0 0 0 0 0 0 0 0 0 0 0 0 0 0 0 0 0 0 0 0 0 0 0 0 0 0 0 0 0 0 0 0 0 0 0 0 0 0 0 0 0 0 0 0 0 1 0 0 0 0 0 0]
[9623955248879068912048658337574055245359841393467423103241199314337255510127101520820656024177174042305184792953098225259485440455351803399178578331392014771878195882505161058270345462263917263067359233818741500666133481156510996737025402756833197527344912731733333069064005302847737532598708769466253941652565611260449367291610992 0 0 0 0 0 0 0 0 0 0 0 0 0 0 0 0 0 0 0 0 0 0 0 0 0 0 0 0 0 0 0 0 0 0 0 0 0 0 0 0 0 0 0 0 0 0 0 0 0 0 0 0 0 0 0 0 0 0 0 0 0 0 0 0 0 0 0 0 0 0 0 0 0 0 0 0 0 0 0 0 0 0 0 0 0 0 0 0 0 0 0 0 0 0 0 0 0 0 0 0 0 0 0 1 0 0 0 0 0]
[9228478718987236730376850226952703321820783639678611482959213098920656037832619718140484023326385629506871522174998158700877913513328932581498521710048031504957824500074176157062423244753785219025069540430151706899922113521306589865999326478795935681508850935490421164649970692789061528733174819611208135884933993305805683807032542 0 0 0 0 0 0 0 0 0 0 0 0 0 0 0 0 0 0 0 0 0 0 0 0 0 0 0 0 0 0 0 0 0 0 0 0 0 0 0 0 0 0 0 0 0 0 0 0 0 0 0 0 0 0 0 0 0 0 0 0 0 0 0 0 0 0 0 0 0 0 0 0 0 0 0 0 0 0 0 0 0 0 0 0 0 0 0 0 0 0 0 0 0 0 0 0 0 0 0 0 0 0 0 0 1 0 0 0 0]
[10679277675461227613611167842181921404792339779579223898826968906729709658567367010403997679555686607907192255160454606432825608835055472076505304197337471939807138856430520613493849406783401093667345649660064357871049701812086562454035266217266726798476760212130322952183419614391783846669249363339906240133467349437643553675112503 0 0 0 0 0 0 0 0 0 0 0 0 0 0 0 0 0 0 0 0 0 0 0 0 0 0 0 0 0 0 0 0 0 0 0 0 0 0 0 0 0 0 0 0 0 0 0 0 0 0 0 0 0 0 0 0 0 0 0 0 0 0 0 0 0 0 0 0 0 0 0 0 0 0 0 0 0 0 0 0 0 0 0 0 0 0 0 0 0 0 0 0 0 0 0 0 0 0 0 0 0 0 0 0 0 1 0 0 0]
[6280644145098172696198455935984734019088287788840784693407893174360453060278021087881258615146105447553836952819497074436628595404634047123084954337814923892720574225680375951689448198550470438772120435014765843478301042439118715932635299039410001528466437344532565757466685499727970825074849660327725180659728337174072211925009541 0 0 0 0 0 0 0 0 0 0 0 0 0 0 0 0 0 0 0 0 0 0 0 0 0 0 0 0 0 0 0 0 0 0 0 0 0 0 0 0 0 0 0 0 0 0 0 0 0 0 0 0 0 0 0 0 0 0 0 0 0 0 0 0 0 0 0 0 0 0 0 0 0 0 0 0 0 0 0 0 0 0 0 0 0 0 0 0 0 0 0 0 0 0 0 0 0 0 0 0 0 0 0 0 0 0 1 0 0]
[6578007172165105657218817559920755628744257374401629952822573093406998820515295972990805235074674163712831995938049152631502810359980622642915508166928656882923568621831984851369767968113040425071383044403577859723609730690675381061835524458403520537725176214554745168215334720063571542961118225546383699865366878676696803197398041 0 0 0 0 0 0 0 0 0 0 0 0 0 0 0 0 0 0 0 0 0 0 0 0 0 0 0 0 0 0 0 0 0 0 0 0 0 0 0 0 0 0 0 0 0 0 0 0 0 0 0 0 0 0 0 0 0 0 0 0 0 0 0 0 0 0 0 0 0 0 0 0 0 0 0 0 0 0 0 0 0 0 0 0 0 0 0 0 0 0 0 0 0 0 0 0 0 0 0 0 0 0 0 0 0 0 0 1 0]
[1056608607935199116643863083782069044124750926946400439266724546909242236698025514356667483581354378583871324872128156542264063855242920741688702815174817350152446767003712509949157980960311818058542638998931424525132279249468695887205618903064798800849606091812106661361086490964688018346242540853899724130477526160223931199237522 0 0 0 0 0 0 0 0 0 0 0 0 0 0 0 0 0 0 0 0 0 0 0 0 0 0 0 0 0 0 0 0 0 0 0 0 0 0 0 0 0 0 0 0 0 0 0 0 0 0 0 0 0 0 0 0 0 0 0 0 0 0 0 0 0 0 0 0 0 0 0 0 0 0 0 0 0 0 0 0 0 0 0 0 0 0 0 0 0 0 0 0 0 0 0 0 0 0 0 0 0 0 0 0 0 0 0 0 1]
]
