[[2856318342855539379931151891580695192366390582125256083383648247890933095894196904327172131431555176548765974467917508441875502611123109872270813250276060533838146076891339298412759 0 0 0 0 0 0 0 0 0 0 0 0 0 0 0 0 0 0 0 0 0 0 0 0 0 0 0 0 0 0 0 0 0 0 0 0 0 0 0 0 0 0 0 0 0 0 0 0 0 0 0 0 0 0 0 0 0 0 0]
[1464664707404198987291428985103211522637275196282539297858453241955918252456372609573992457169649938922618661302907270266941598970872431962610360368209673748735426903667986102509068 1 0 0 0 0 0 0 0 0 0 0 0 0 0 0 0 0 0 0 0 0 0 0 0 0 0 0 0 0 0 0 0 0 0 0 0 0 0 0 0 0 0 0 0 0 0 0 0 0 0 0 0 0 0 0 0 0 0 0]
[2277042041481026584794429121682114332637904541280646287853634629820351779789920609440778052609913877816519882658850692791985164057122574045682165737689012916240545067314936435342243 0 1 0 0 0 0 0 0 0 0 0 0 0 0 0 0 0 0 0 0 0 0 0 0 0 0 0 0 0 0 0 0 0 0 0 0 0 0 0 0 0 0 0 0 0 0 0 0 0 0 0 0 0 0 0 0 0 0 0]
[698051205525163795761654574477202197618245895395503653055332507127551798641292415591803829646561523076279148071523800903656518171880634831750072563634683599759581372196072900493133 0 0 1 0 0 0 0 0 0 0 0 0 0 0 0 0 0 0 0 0 0 0 0 0 0 0 0 0 0 0 0 0 0 0 0 0 0 0 0 0 0 0 0 0 0 0 0 0 0 0 0 0 0 0 0 0 0 0 0]
[1891613390431611422980415523621788312642114609700005727534092619856996207419579760416202212502279772293865728664333167892895670340348928906014876199782010694906852353417183057810567 0 0 0 1 0 0 0 0 0 0 0 0 0 0 0 0 0 0 0 0 0 0 0 0 0 0 0 0 0 0 0 0 0 0 0 0 0 0 0 0 0 0 0 0 0 0 0 0 0 0 0 0 0 0 0 0 0 0 0]
[120275020080718458337205007989517327211260632289416791619139482890655258234278335017474506644731106254268506225754105802981452835359832123334701660609019618040249443746874837960126 0 0 0 0 1 0 0 0 0 0 0 0 0 0 0 0 0 0 0 0 0 0 0 0 0 0 0 0 0 0 0 0 0 0 0 0 0 0 0 0 0 0 0 0 0 0 0 0 0 0 0 0 0 0 0 0 0 0 0]
[1675927441103190179228180468848626304630545031376627941710574949256731448115396055929075207853664775618550526823653751555683561179543531620182341150596192957252214849507713842298343 0 0 0 0 0 1 0 0 0 0 0 0 0 0 0 0 0 0 0 0 0 0 0 0 0 0 0 0 0 0 0 0 0 0 0 0 0 0 0 0 0 0 0 0 0 0 0 0 0 0 0 0 0 0 0 0 0 0 0]
[1538891389972244100265931467826178414469840156358948809605699262720698963082902480953129735203782810749056532887944203206207493481216732220027477091767695521160031569541244403022544 0 0 0 0 0 0 1 0 0 0 0 0 0 0 0 0 0 0 0 0 0 0 0 0 0 0 0 0 0 0 0 0 0 0 0 0 0 0 0 0 0 0 0 0 0 0 0 0 0 0 0 0 0 0 0 0 0 0 0]
[1154201806799721554478236460489217512825745117212500220241812864131985569471160629665923816424336079321320034579307555583160260142635235440819722661797840442376785423741198827023556 0 0 0 0 0 0 0 1 0 0 0 0 0 0 0 0 0 0 0 0 0 0 0 0 0 0 0 0 0 0 0 0 0 0 0 0 0 0 0 0 0 0 0 0 0 0 0 0 0 0 0 0 0 0 0 0 0 0 0]
[2662623523069647395121531452484308968670839188794577262065392192474000225967835126337134363766675404242025459269512506563913666366088832082265424653906233721234738235858751852074784 0 0 0 0 0 0 0 0 1 0 0 0 0 0 0 0 0 0 0 0 0 0 0 0 0 0 0 0 0 0 0 0 0 0 0 0 0 0 0 0 0 0 0 0 0 0 0 0 0 0 0 0 0 0 0 0 0 0 0]
[944122547868247031205435501204549190983681151957359205265555125280270974637524080617561944079430119669909261295213153976217643118500592160376524847457560718692884463967358218015959 0 0 0 0 0 0 0 0 0 1 0 0 0 0 0 0 0 0 0 0 0 0 0 0 0 0 0 0 0 0 0 0 0 0 0 0 0 0 0 0 0 0 0 0 0 0 0 0 0 0 0 0 0 0 0 0 0 0 0]
[1125678112149788883906164615899147001253718495278562552624221818697871871804255264470733503375688046346038164132143770688875270325000147637558057287180133874680604287524145849185374 0 0 0 0 0 0 0 0 0 0 1 0 0 0 0 0 0 0 0 0 0 0 0 0 0 0 0 0 0 0 0 0 0 0 0 0 0 0 0 0 0 0 0 0 0 0 0 0 0 0 0 0 0 0 0 0 0 0 0]
[2652732877960008570823831490937758671294460989159017721619698848546250613414247359457326088575739874240463307623622303107697724535513642672243753370046101235545492712481382197999819 0 0 0 0 0 0 0 0 0 0 0 1 0 0 0 0 0 0 0 0 0 0 0 0 0 0 0 0 0 0 0 0 0 0 0 0 0 0 0 0 0 0 0 0 0 0 0 0 0 0 0 0 0 0 0 0 0 0 0]
[752612387863827421469957631947513680779111878393546216524185988697004380370377586741050106038901378615027501128640104433764990817893796783145987847915323476540203900055522913097349 0 0 0 0 0 0 0 0 0 0 0 0 1 0 0 0 0 0 0 0 0 0 0 0 0 0 0 0 0 0 0 0 0 0 0 0 0 0 0 0 0 0 0 0 0 0 0 0 0 0 0 0 0 0 0 0 0 0 0]
[2349081441918193021084285273259776703270876379722782857668262413011955422032131650725696785271519260408983765243980601437250918807430260042669910728098309461379527947044761461750651 0 0 0 0 0 0 0 0 0 0 0 0 0 1 0 0 0 0 0 0 0 0 0 0 0 0 0 0 0 0 0 0 0 0 0 0 0 0 0 0 0 0 0 0 0 0 0 0 0 0 0 0 0 0 0 0 0 0 0]
[515323853615365796550087307513685011665664320500238732894640729007532809763838653275369370918413940088048291377045118924889802578316617674649694068897614875041313875235653090298826 0 0 0 0 0 0 0 0 0 0 0 0 0 0 1 0 0 0 0 0 0 0 0 0 0 0 0 0 0 0 0 0 0 0 0 0 0 0 0 0 0 0 0 0 0 0 0 0 0 0 0 0 0 0 0 0 0 0 0]
[2327653186812703454821726178477647012535503439499302934263770466924557589653900314291469825783170136003058668598692242249451300528884556704236830729332478737349521619131162121501059 0 0 0 0 0 0 0 0 0 0 0 0 0 0 0 1 0 0 0 0 0 0 0 0 0 0 0 0 0 0 0 0 0 0 0 0 0 0 0 0 0 0 0 0 0 0 0 0 0 0 0 0 0 0 0 0 0 0 0]
[1609185195744978852829178539668978075689756494507044512653122318797430361551464741228399323062400547633269517551910660838607942261249789155912714666861671421293736424570951519349746 0 0 0 0 0 0 0 0 0 0 0 0 0 0 0 0 1 0 0 0 0 0 0 0 0 0 0 0 0 0 0 0 0 0 0 0 0 0 0 0 0 0 0 0 0 0 0 0 0 0 0 0 0 0 0 0 0 0 0]
[898738678451701111734817685636324564629826762127997648980930693066802002885617902195843446549970041413639630258837999670089017010973644016369127688603073586531925358960766132695049 0 0 0 0 0 0 0 0 0 0 0 0 0 0 0 0 0 1 0 0 0 0 0 0 0 0 0 0 0 0 0 0 0 0 0 0 0 0 0 0 0 0 0 0 0 0 0 0 0 0 0 0 0 0 0 0 0 0 0]
[343638851171538240408591755482422024162037929758521228233605145664177317816678895364479059915455132839460127921299222854952258046131057179437673355374675000617591741134028517747090 0 0 0 0 0 0 0 0 0 0 0 0 0 0 0 0 0 0 1 0 0 0 0 0 0 0 0 0 0 0 0 0 0 0 0 0 0 0 0 0 0 0 0 0 0 0 0 0 0 0 0 0 0 0 0 0 0 0 0]
[783072327074735516991562495477721843998671294052595236015876751002589724685071601087471079343808720086381452612328116053640338388092119530325577448034133455667673102249862784696022 0 0 0 0 0 0 0 0 0 0 0 0 0 0 0 0 0 0 0 1 0 0 0 0 0 0 0 0 0 0 0 0 0 0 0 0 0 0 0 0 0 0 0 0 0 0 0 0 0 0 0 0 0 0 0 0 0 0 0]
[2663973162593915835829861055799845149100336083877549781005391288608526127338945090655661733620571363834384546412810588732305264641146047339794500296367651403841219410920056874689216 0 0 0 0 0 0 0 0 0 0 0 0 0 0 0 0 0 0 0 0 1 0 0 0 0 0 0 0 0 0 0 0 0 0 0 0 0 0 0 0 0 0 0 0 0 0 0 0 0 0 0 0 0 0 0 0 0 0 0]
[764029382217186369011562087518951133589933334256106204643800269131530475177081219936563709184183076664345436169123537358317395740701457861200740909853349022630103661193751502589280 0 0 0 0 0 0 0 0 0 0 0 0 0 0 0 0 0 0 0 0 0 1 0 0 0 0 0 0 0 0 0 0 0 0 0 0 0 0 0 0 0 0 0 0 0 0 0 0 0 0 0 0 0 0 0 0 0 0 0]
[1701385934612966927070963486975214268615886609274847573726437498096341501556126675771412420312213031328150632985681780916710948257701689190338573585137532836492897692735606037575710 0 0 0 0 0 0 0 0 0 0 0 0 0 0 0 0 0 0 0 0 0 0 1 0 0 0 0 0 0 0 0 0 0 0 0 0 0 0 0 0 0 0 0 0 0 0 0 0 0 0 0 0 0 0 0 0 0 0 0]
[2832096308719628698358431075812752715570174066013336324591772512015185013745577771749594513526380527496361584777003854072402473538800760079258188666056245136925535400659952402024926 0 0 0 0 0 0 0 0 0 0 0 0 0 0 0 0 0 0 0 0 0 0 0 1 0 0 0 0 0 0 0 0 0 0 0 0 0 0 0 0 0 0 0 0 0 0 0 0 0 0 0 0 0 0 0 0 0 0 0]
[153912599138575631734994985872287488522626133720252275632695457782460080765454047648012744925774413119296386456171389969625177259177896976535131600091877217476506017660320772593019 0 0 0 0 0 0 0 0 0 0 0 0 0 0 0 0 0 0 0 0 0 0 0 0 1 0 0 0 0 0 0 0 0 0 0 0 0 0 0 0 0 0 0 0 0 0 0 0 0 0 0 0 0 0 0 0 0 0 0]
[437889017163423524226471707395924818552294861032830895933180382400848423332812751013397471796034531100442409105321319879793156247436934274655526950923731909984910675132501779537289 0 0 0 0 0 0 0 0 0 0 0 0 0 0 0 0 0 0 0 0 0 0 0 0 0 1 0 0 0 0 0 0 0 0 0 0 0 0 0 0 0 0 0 0 0 0 0 0 0 0 0 0 0 0 0 0 0 0 0]
[701415305262447282194119333751188871457623423395056059555560516439409281726661106020057163341426603002052882854470488698326093759812421960610000558423870572320506227203215679813400 0 0 0 0 0 0 0 0 0 0 0 0 0 0 0 0 0 0 0 0 0 0 0 0 0 0 1 0 0 0 0 0 0 0 0 0 0 0 0 0 0 0 0 0 0 0 0 0 0 0 0 0 0 0 0 0 0 0 0]
[2220177335144721955059766425209323638020413235429466672671870879000217106826257027376279990430760207187534945833144594728091813524061459833310307769300816380168079107240726721373925 0 0 0 0 0 0 0 0 0 0 0 0 0 0 0 0 0 0 0 0 0 0 0 0 0 0 0 1 0 0 0 0 0 0 0 0 0 0 0 0 0 0 0 0 0 0 0 0 0 0 0 0 0 0 0 0 0 0 0]
[1452665893343473777637512632444984786158369740946833700828163909752529723337010411295452608423881902061800322984677681043390735411645281290259177632376346941812708543994563832280051 0 0 0 0 0 0 0 0 0 0 0 0 0 0 0 0 0 0 0 0 0 0 0 0 0 0 0 0 1 0 0 0 0 0 0 0 0 0 0 0 0 0 0 0 0 0 0 0 0 0 0 0 0 0 0 0 0 0 0]
[753250069439541550073890925827387179947903020664106865615904057714712990060597685037278886341863295938017881516017313531068962911100672347840249635865269236048533219447321317134748 0 0 0 0 0 0 0 0 0 0 0 0 0 0 0 0 0 0 0 0 0 0 0 0 0 0 0 0 0 1 0 0 0 0 0 0 0 0 0 0 0 0 0 0 0 0 0 0 0 0 0 0 0 0 0 0 0 0 0]
[2059239603474461485618388343817124160399931463446093860144083359462195121042191582443245515230378099149671760679154539220168872334967459404052674521310751283271141752017269141166265 0 0 0 0 0 0 0 0 0 0 0 0 0 0 0 0 0 0 0 0 0 0 0 0 0 0 0 0 0 0 1 0 0 0 0 0 0 0 0 0 0 0 0 0 0 0 0 0 0 0 0 0 0 0 0 0 0 0 0]
[1626580403697825613366226879189395066398547224703001823820223307646051279836332246721905279503377898286063964954592074299697024479005911969751925911528076111428029958312626721924542 0 0 0 0 0 0 0 0 0 0 0 0 0 0 0 0 0 0 0 0 0 0 0 0 0 0 0 0 0 0 0 1 0 0 0 0 0 0 0 0 0 0 0 0 0 0 0 0 0 0 0 0 0 0 0 0 0 0 0]
[1098253386414062174884464743746918285384917647207733451109875834284964736571254061841487330221330500376559514264860949281176127217217150374511794447630125796035584419132551815224760 0 0 0 0 0 0 0 0 0 0 0 0 0 0 0 0 0 0 0 0 0 0 0 0 0 0 0 0 0 0 0 0 1 0 0 0 0 0 0 0 0 0 0 0 0 0 0 0 0 0 0 0 0 0 0 0 0 0 0]
[2159935662294829465696880768766864494276192930977792356849299671212223021936468484995142753587210452976499379397581357964839874425031726498143298973294747852704540762466671853146434 0 0 0 0 0 0 0 0 0 0 0 0 0 0 0 0 0 0 0 0 0 0 0 0 0 0 0 0 0 0 0 0 0 1 0 0 0 0 0 0 0 0 0 0 0 0 0 0 0 0 0 0 0 0 0 0 0 0 0]
[2841203110285870355936575163310773988787619248424567757116405889376171224520635623423808969139932774729884019241805065536691037428510276459532624478805960407703428119161522037494263 0 0 0 0 0 0 0 0 0 0 0 0 0 0 0 0 0 0 0 0 0 0 0 0 0 0 0 0 0 0 0 0 0 0 1 0 0 0 0 0 0 0 0 0 0 0 0 0 0 0 0 0 0 0 0 0 0 0 0]
[1706392498547164561604566760509439786035687765501128174083156568678675520028944031011762514853992053572542809002113954052599902682294050985641158369447393310426548742037147322418225 0 0 0 0 0 0 0 0 0 0 0 0 0 0 0 0 0 0 0 0 0 0 0 0 0 0 0 0 0 0 0 0 0 0 0 1 0 0 0 0 0 0 0 0 0 0 0 0 0 0 0 0 0 0 0 0 0 0 0]
[650783375996534584931787143082501562246513657761281004556267240095097377283316336949088677862006644370981052752184751361384470913238162780483476427761047377938649262030177701312634 0 0 0 0 0 0 0 0 0 0 0 0 0 0 0 0 0 0 0 0 0 0 0 0 0 0 0 0 0 0 0 0 0 0 0 0 1 0 0 0 0 0 0 0 0 0 0 0 0 0 0 0 0 0 0 0 0 0 0]
[1573092758506177003681788936189660895082477403179432671791227151055656770802628275037803963857609962184507177825106692956635692393291321687527472398653197534629324900051793432007431 0 0 0 0 0 0 0 0 0 0 0 0 0 0 0 0 0 0 0 0 0 0 0 0 0 0 0 0 0 0 0 0 0 0 0 0 0 1 0 0 0 0 0 0 0 0 0 0 0 0 0 0 0 0 0 0 0 0 0]
[144115805943444928644512016673231655451543082277986678920506464849095381445221631817232423386827936043483842316550433292222813676977139367678045533893252422156538458823958671604401 0 0 0 0 0 0 0 0 0 0 0 0 0 0 0 0 0 0 0 0 0 0 0 0 0 0 0 0 0 0 0 0 0 0 0 0 0 0 1 0 0 0 0 0 0 0 0 0 0 0 0 0 0 0 0 0 0 0 0]
[1438957303111157747360426711191803283075646917611620955719007567749227094345018016091872905218583719980303029819783944061474863738406157618140464308963529169617667022972264345113902 0 0 0 0 0 0 0 0 0 0 0 0 0 0 0 0 0 0 0 0 0 0 0 0 0 0 0 0 0 0 0 0 0 0 0 0 0 0 0 1 0 0 0 0 0 0 0 0 0 0 0 0 0 0 0 0 0 0 0]
[2063598444595666903819972212510975040032201100168895194066599793531613365943981746921742453889300034159458504485101174924294721387952985905382309430705050237054058474695502156656869 0 0 0 0 0 0 0 0 0 0 0 0 0 0 0 0 0 0 0 0 0 0 0 0 0 0 0 0 0 0 0 0 0 0 0 0 0 0 0 0 1 0 0 0 0 0 0 0 0 0 0 0 0 0 0 0 0 0 0]
[1612210918118136818384509240448015453129713836342230508974865295580389010466518865528815744665152130002005644707933103341303531080531323215909189720071920408447198240721192187296896 0 0 0 0 0 0 0 0 0 0 0 0 0 0 0 0 0 0 0 0 0 0 0 0 0 0 0 0 0 0 0 0 0 0 0 0 0 0 0 0 0 1 0 0 0 0 0 0 0 0 0 0 0 0 0 0 0 0 0]
[1920985523792289060095064669033099953031786205541578252803861383481014127205547483645755287381757929980161431625501473050909523674504244275425333932295828168433404734315983048433103 0 0 0 0 0 0 0 0 0 0 0 0 0 0 0 0 0 0 0 0 0 0 0 0 0 0 0 0 0 0 0 0 0 0 0 0 0 0 0 0 0 0 1 0 0 0 0 0 0 0 0 0 0 0 0 0 0 0 0]
[433584354902701351282189564413991153584848539750941450761746594338904432009117089558429686840108253616193311292521164362318627299123968247595882463807630288879159018042061576351125 0 0 0 0 0 0 0 0 0 0 0 0 0 0 0 0 0 0 0 0 0 0 0 0 0 0 0 0 0 0 0 0 0 0 0 0 0 0 0 0 0 0 0 1 0 0 0 0 0 0 0 0 0 0 0 0 0 0 0]
[2824719968361905568814775469746195123129558388143864684780936310713814663366545825864680177566882405134601753101254485708367223625197899389702479530662650359610852888537630036461517 0 0 0 0 0 0 0 0 0 0 0 0 0 0 0 0 0 0 0 0 0 0 0 0 0 0 0 0 0 0 0 0 0 0 0 0 0 0 0 0 0 0 0 0 1 0 0 0 0 0 0 0 0 0 0 0 0 0 0]
[1270387856901155112397326978070640519317678091908138790401296463416335758058995447548545282309486482280128014087304710623064756262239455916531368310197240745215203504895140814612703 0 0 0 0 0 0 0 0 0 0 0 0 0 0 0 0 0 0 0 0 0 0 0 0 0 0 0 0 0 0 0 0 0 0 0 0 0 0 0 0 0 0 0 0 0 1 0 0 0 0 0 0 0 0 0 0 0 0 0]
[1122487864817728162772753728435185870110190127415628859139866908433864080888373593452634032046265004257448860393547492145823748667945265905509160423039532935453078821841254977822250 0 0 0 0 0 0 0 0 0 0 0 0 0 0 0 0 0 0 0 0 0 0 0 0 0 0 0 0 0 0 0 0 0 0 0 0 0 0 0 0 0 0 0 0 0 0 1 0 0 0 0 0 0 0 0 0 0 0 0]
[1361017006652879852220083970870215279688991115219745322665116307794711221414701385763972471640827831306469784852403006380411213389110514513720213294619692173275754418158000563640528 0 0 0 0 0 0 0 0 0 0 0 0 0 0 0 0 0 0 0 0 0 0 0 0 0 0 0 0 0 0 0 0 0 0 0 0 0 0 0 0 0 0 0 0 0 0 0 1 0 0 0 0 0 0 0 0 0 0 0]
[408506814798564671428555433074357865359065461193640904396678318118545609780882514959200749608924324914281711306800995532968684191916804390256733883167035906772677920867558643033463 0 0 0 0 0 0 0 0 0 0 0 0 0 0 0 0 0 0 0 0 0 0 0 0 0 0 0 0 0 0 0 0 0 0 0 0 0 0 0 0 0 0 0 0 0 0 0 0 1 0 0 0 0 0 0 0 0 0 0]
[2002585771602967594838432514236136904563192229165989608533108554475491605989641766250243137769269351847299068846819062347374375202983870582286788990666877579055990002641381111353255 0 0 0 0 0 0 0 0 0 0 0 0 0 0 0 0 0 0 0 0 0 0 0 0 0 0 0 0 0 0 0 0 0 0 0 0 0 0 0 0 0 0 0 0 0 0 0 0 0 1 0 0 0 0 0 0 0 0 0]
[804971030522284254458048827860899625923649854638435554983478741843224509803583993588707308555032425442181787045998975329493868467401007565712477128240512110849027748247320624688122 0 0 0 0 0 0 0 0 0 0 0 0 0 0 0 0 0 0 0 0 0 0 0 0 0 0 0 0 0 0 0 0 0 0 0 0 0 0 0 0 0 0 0 0 0 0 0 0 0 0 1 0 0 0 0 0 0 0 0]
[2204207852620054031790653752758041041158663125091153588271603163961758482368766865349838822825369182859799282689288076778555848230952164394592368593097376516892258734011041461446345 0 0 0 0 0 0 0 0 0 0 0 0 0 0 0 0 0 0 0 0 0 0 0 0 0 0 0 0 0 0 0 0 0 0 0 0 0 0 0 0 0 0 0 0 0 0 0 0 0 0 0 1 0 0 0 0 0 0 0]
[468974085753901532064346408675528474713755653539971876181237762366793565885310356838242628202910491449786395220915471051639662900068555614954710877536808419483717605903940990146464 0 0 0 0 0 0 0 0 0 0 0 0 0 0 0 0 0 0 0 0 0 0 0 0 0 0 0 0 0 0 0 0 0 0 0 0 0 0 0 0 0 0 0 0 0 0 0 0 0 0 0 0 1 0 0 0 0 0 0]
[1871973763165955396512444649448850870179080405523386468413652114180951944722560938083457780335326556796635410747340419489546719701276814737487533375610333487617631333285888041835463 0 0 0 0 0 0 0 0 0 0 0 0 0 0 0 0 0 0 0 0 0 0 0 0 0 0 0 0 0 0 0 0 0 0 0 0 0 0 0 0 0 0 0 0 0 0 0 0 0 0 0 0 0 1 0 0 0 0 0]
[2607878460645980720679673225543378372254131804034629598386016436178609964294882183289552124101641419488740367593525618833804859749023655603071406670880050754908298182986408548228171 0 0 0 0 0 0 0 0 0 0 0 0 0 0 0 0 0 0 0 0 0 0 0 0 0 0 0 0 0 0 0 0 0 0 0 0 0 0 0 0 0 0 0 0 0 0 0 0 0 0 0 0 0 0 1 0 0 0 0]
[217767775345093209159502534615725770211939269902575829133980932599489856306593576316210513069882052331716483300164248470311706287655707745703822013287441202909867661695740085557575 0 0 0 0 0 0 0 0 0 0 0 0 0 0 0 0 0 0 0 0 0 0 0 0 0 0 0 0 0 0 0 0 0 0 0 0 0 0 0 0 0 0 0 0 0 0 0 0 0 0 0 0 0 0 0 1 0 0 0]
[1018805880589595443291841843476142359722060792395930683397165770936124092768246104626686674642043164680292715152999267299311765937399074223945547097676311516293791771381022644265535 0 0 0 0 0 0 0 0 0 0 0 0 0 0 0 0 0 0 0 0 0 0 0 0 0 0 0 0 0 0 0 0 0 0 0 0 0 0 0 0 0 0 0 0 0 0 0 0 0 0 0 0 0 0 0 0 1 0 0]
[1223543772005844599400088602726336470239032248694830521721768482272411444548885618980106418965851038972594545191917468846012140059576020534609307619744738703469050642942089882048637 0 0 0 0 0 0 0 0 0 0 0 0 0 0 0 0 0 0 0 0 0 0 0 0 0 0 0 0 0 0 0 0 0 0 0 0 0 0 0 0 0 0 0 0 0 0 0 0 0 0 0 0 0 0 0 0 0 1 0]
[718689834565738979142882355971407273094995350636650665341295610482680456391046976854303889865503627196178489961261414954889805962669941521058929336153243225901299855645744705066852 0 0 0 0 0 0 0 0 0 0 0 0 0 0 0 0 0 0 0 0 0 0 0 0 0 0 0 0 0 0 0 0 0 0 0 0 0 0 0 0 0 0 0 0 0 0 0 0 0 0 0 0 0 0 0 0 0 0 1]
]
