[[4247856588543536948694637018400923692994796327551571069561002707265306822699713814344922455303967460487805487229069185864493255885311817434935512730961059620725414813516283452614009657513518905513349634873425807627416049279855271286141298439521347518075369746448443811961 0 0 0 0 0 0 0 0 0 0 0 0 0 0 0 0 0 0 0 0 0 0 0 0 0 0 0 0 0 0 0 0 0 0 0 0 0 0 0 0 0 0 0 0 0 0 0 0 0 0 0 0 0 0 0 0 0 0 0 0 0 0 0 0 0 0 0 0 0 0 0 0 0 0 0 0 0 0 0 0 0 0 0 0 0 0 0 0 0]
[947533149425659783207710813671593423901283277510295265065765363693134825235533534898706058026589232193027512607317040505738577238337374985756159462005214454642842267757902626835604253628601647166819581393770944751207364594999627998841822008385603024366453392152121496409 1 0 0 0 0 0 0 0 0 0 0 0 0 0 0 0 0 0 0 0 0 0 0 0 0 0 0 0 0 0 0 0 0 0 0 0 0 0 0 0 0 0 0 0 0 0 0 0 0 0 0 0 0 0 0 0 0 0 0 0 0 0 0 0 0 0 0 0 0 0 0 0 0 0 0 0 0 0 0 0 0 0 0 0 0 0 0 0 0]
[2647503808115828947736547519541205529396375669268037618251227884578720202946541252222825726875604413363243647964818795043761471717581576215079890497824268375361278482340727394384949894221350095294346729374173604800814048086563521336542013250616243902657061295389164247519 0 1 0 0 0 0 0 0 0 0 0 0 0 0 0 0 0 0 0 0 0 0 0 0 0 0 0 0 0 0 0 0 0 0 0 0 0 0 0 0 0 0 0 0 0 0 0 0 0 0 0 0 0 0 0 0 0 0 0 0 0 0 0 0 0 0 0 0 0 0 0 0 0 0 0 0 0 0 0 0 0 0 0 0 0 0 0 0 0]
[3068196819008734462149637055511071043030062088196301783689129404986448481799971903039833202442592541552735522885136833368327836823018935453851709500192775735026561912643710325829980075632378306351957193453149637087026931524522903910581362155205133789303938456788652146560 0 0 1 0 0 0 0 0 0 0 0 0 0 0 0 0 0 0 0 0 0 0 0 0 0 0 0 0 0 0 0 0 0 0 0 0 0 0 0 0 0 0 0 0 0 0 0 0 0 0 0 0 0 0 0 0 0 0 0 0 0 0 0 0 0 0 0 0 0 0 0 0 0 0 0 0 0 0 0 0 0 0 0 0 0 0 0 0 0]
[176053580203865959114625763488713718137827810768470061847456134510445029589359533970293047948174205936758595377636375314121971119565318889796931696810848638390070305067689461276188408266199057438066065626560961467009569032821707779042447578263574252694732068690965066083 0 0 0 1 0 0 0 0 0 0 0 0 0 0 0 0 0 0 0 0 0 0 0 0 0 0 0 0 0 0 0 0 0 0 0 0 0 0 0 0 0 0 0 0 0 0 0 0 0 0 0 0 0 0 0 0 0 0 0 0 0 0 0 0 0 0 0 0 0 0 0 0 0 0 0 0 0 0 0 0 0 0 0 0 0 0 0 0 0]
[128654407748554666262063768347800634610331646882903131229662344366174874524286810225383808203540613415786725106876423606898761515749010494308354828470568678253666116109258308364164520667898055168047625964301560586757418038304762340324794722682466399567024813061923168449 0 0 0 0 1 0 0 0 0 0 0 0 0 0 0 0 0 0 0 0 0 0 0 0 0 0 0 0 0 0 0 0 0 0 0 0 0 0 0 0 0 0 0 0 0 0 0 0 0 0 0 0 0 0 0 0 0 0 0 0 0 0 0 0 0 0 0 0 0 0 0 0 0 0 0 0 0 0 0 0 0 0 0 0 0 0 0 0 0]
[518469827032193811953579780283939379950426239831351753869024804364989473937406066957080819382109369013128334593195944245158054749202549045724165558994430996313754238848875576121984854003316305758990079831745625911192633746530696717388964587886196769498760966267564334535 0 0 0 0 0 1 0 0 0 0 0 0 0 0 0 0 0 0 0 0 0 0 0 0 0 0 0 0 0 0 0 0 0 0 0 0 0 0 0 0 0 0 0 0 0 0 0 0 0 0 0 0 0 0 0 0 0 0 0 0 0 0 0 0 0 0 0 0 0 0 0 0 0 0 0 0 0 0 0 0 0 0 0 0 0 0 0 0 0]
[4217856828104602723397191057712722801749526586567936354700342138061752389731657130803886341991241026202638887767029146177844647560996779069463189590008016499030048803890566944179784831409570571101077021785077728504817917876619166655204437473249223818486854683083576173249 0 0 0 0 0 0 1 0 0 0 0 0 0 0 0 0 0 0 0 0 0 0 0 0 0 0 0 0 0 0 0 0 0 0 0 0 0 0 0 0 0 0 0 0 0 0 0 0 0 0 0 0 0 0 0 0 0 0 0 0 0 0 0 0 0 0 0 0 0 0 0 0 0 0 0 0 0 0 0 0 0 0 0 0 0 0 0 0 0]
[197738227113330492226952087517839215583952266266427477443238465958721345145480420979441465260048926344055229861395250491583924636100893782190974458181595897728357351958075816029082003919305607083407352858089364753422613747999990821929433182498710151976618510522476499861 0 0 0 0 0 0 0 1 0 0 0 0 0 0 0 0 0 0 0 0 0 0 0 0 0 0 0 0 0 0 0 0 0 0 0 0 0 0 0 0 0 0 0 0 0 0 0 0 0 0 0 0 0 0 0 0 0 0 0 0 0 0 0 0 0 0 0 0 0 0 0 0 0 0 0 0 0 0 0 0 0 0 0 0 0 0 0 0 0]
[820891735095348495408785984700552738071187958152605944082258659329640805673446652016899122039569287474215531806074988609179532259517894646260031596123311596566356714219377111710520497086942628980359461043931699984062369628969871575850505687695211615501084403709322529871 0 0 0 0 0 0 0 0 1 0 0 0 0 0 0 0 0 0 0 0 0 0 0 0 0 0 0 0 0 0 0 0 0 0 0 0 0 0 0 0 0 0 0 0 0 0 0 0 0 0 0 0 0 0 0 0 0 0 0 0 0 0 0 0 0 0 0 0 0 0 0 0 0 0 0 0 0 0 0 0 0 0 0 0 0 0 0 0 0]
[3241106451980721245229788109402371763407161180235654337104938736061066204381417523096085924483615611283326753364698052069746449690052216077190607239916502464241686138200421617146899402361960159784700017020408824588297933306666315813856690572952300382484334849155163182087 0 0 0 0 0 0 0 0 0 1 0 0 0 0 0 0 0 0 0 0 0 0 0 0 0 0 0 0 0 0 0 0 0 0 0 0 0 0 0 0 0 0 0 0 0 0 0 0 0 0 0 0 0 0 0 0 0 0 0 0 0 0 0 0 0 0 0 0 0 0 0 0 0 0 0 0 0 0 0 0 0 0 0 0 0 0 0 0 0]
[3277720392789872959660554169666264631979823757675081234127581734062159943857298310995341087120242625368797772227692917944961985481042547156730017407674023911586715728650775594615875788433826784661592663068432692287840615538013653429044150479285164409806537159914413899818 0 0 0 0 0 0 0 0 0 0 1 0 0 0 0 0 0 0 0 0 0 0 0 0 0 0 0 0 0 0 0 0 0 0 0 0 0 0 0 0 0 0 0 0 0 0 0 0 0 0 0 0 0 0 0 0 0 0 0 0 0 0 0 0 0 0 0 0 0 0 0 0 0 0 0 0 0 0 0 0 0 0 0 0 0 0 0 0 0]
[3766210664809431006506812429986087937768433494669129751232747956332616732328093560601545746177589412112538484646821151416072429645204064879982301856826323994362688727831367451397431675217823531313933267623594079486287452785503285282219585224170019936366417049826082459618 0 0 0 0 0 0 0 0 0 0 0 1 0 0 0 0 0 0 0 0 0 0 0 0 0 0 0 0 0 0 0 0 0 0 0 0 0 0 0 0 0 0 0 0 0 0 0 0 0 0 0 0 0 0 0 0 0 0 0 0 0 0 0 0 0 0 0 0 0 0 0 0 0 0 0 0 0 0 0 0 0 0 0 0 0 0 0 0 0]
[537327979804285016615405616592330329307654932863959631905628726900480701851102390562673704679358219724916539947723300350647306686101724433719002232239149652984518663570159226974150361660904134795174345508172183843506912389426753188932007870350778876501968397036925281782 0 0 0 0 0 0 0 0 0 0 0 0 1 0 0 0 0 0 0 0 0 0 0 0 0 0 0 0 0 0 0 0 0 0 0 0 0 0 0 0 0 0 0 0 0 0 0 0 0 0 0 0 0 0 0 0 0 0 0 0 0 0 0 0 0 0 0 0 0 0 0 0 0 0 0 0 0 0 0 0 0 0 0 0 0 0 0 0 0]
[3782075200500609919750656740970522759304286206156372377230843865471106905441729208074436485107710357497367432724218768073818593324685284484362676411376114652781961883006509126619536629543761668857288202945381713681611596528563004059307680498977947894174751071799457056430 0 0 0 0 0 0 0 0 0 0 0 0 0 1 0 0 0 0 0 0 0 0 0 0 0 0 0 0 0 0 0 0 0 0 0 0 0 0 0 0 0 0 0 0 0 0 0 0 0 0 0 0 0 0 0 0 0 0 0 0 0 0 0 0 0 0 0 0 0 0 0 0 0 0 0 0 0 0 0 0 0 0 0 0 0 0 0 0 0]
[1500725589554318589530687734943971982905693163959098107819951573941505260105817332542039951061724804149253629213313214295127313185708932032497181362446350378742088543884825280325700532769058296465571489743258140816062637304381057815486233500858419425181087334433314933217 0 0 0 0 0 0 0 0 0 0 0 0 0 0 1 0 0 0 0 0 0 0 0 0 0 0 0 0 0 0 0 0 0 0 0 0 0 0 0 0 0 0 0 0 0 0 0 0 0 0 0 0 0 0 0 0 0 0 0 0 0 0 0 0 0 0 0 0 0 0 0 0 0 0 0 0 0 0 0 0 0 0 0 0 0 0 0 0 0]
[3862886732033000575216446424604944542935642599538513547701853608262924391262392923488949202846192323820296851121426243750245522831029298668431210486900587555830118936275821275815794602625325965722324122696826866139767078549068945453211862026038718705943699796657472347275 0 0 0 0 0 0 0 0 0 0 0 0 0 0 0 1 0 0 0 0 0 0 0 0 0 0 0 0 0 0 0 0 0 0 0 0 0 0 0 0 0 0 0 0 0 0 0 0 0 0 0 0 0 0 0 0 0 0 0 0 0 0 0 0 0 0 0 0 0 0 0 0 0 0 0 0 0 0 0 0 0 0 0 0 0 0 0 0 0]
[3636441720095038944164456291639995798855329543141706235788150296285826257804764547433323952258462680316588210491246134662253777727201100922881375695677828236781983474785275388983886201557681371938974309489993657319867799475508042322304494710636044117996458268904655828907 0 0 0 0 0 0 0 0 0 0 0 0 0 0 0 0 1 0 0 0 0 0 0 0 0 0 0 0 0 0 0 0 0 0 0 0 0 0 0 0 0 0 0 0 0 0 0 0 0 0 0 0 0 0 0 0 0 0 0 0 0 0 0 0 0 0 0 0 0 0 0 0 0 0 0 0 0 0 0 0 0 0 0 0 0 0 0 0 0]
[855457020382728802334351454462439739930431390952320167545186808396184801992333538789318380049968933391886156950855056182231579267024624637908679369662232598645686634546507251621824828338814046669940311027270004732735077790241394169840509373286134455746887270755408102995 0 0 0 0 0 0 0 0 0 0 0 0 0 0 0 0 0 1 0 0 0 0 0 0 0 0 0 0 0 0 0 0 0 0 0 0 0 0 0 0 0 0 0 0 0 0 0 0 0 0 0 0 0 0 0 0 0 0 0 0 0 0 0 0 0 0 0 0 0 0 0 0 0 0 0 0 0 0 0 0 0 0 0 0 0 0 0 0 0]
[2279722547079326289193831073634461913745202505150096370026275460168826282937717641221341417432153159621354407840044442784615217665734165470727062338979153442476160727596813329098759212304893547724388069307190746829027711205845373635858620446100121659727790712080759153278 0 0 0 0 0 0 0 0 0 0 0 0 0 0 0 0 0 0 1 0 0 0 0 0 0 0 0 0 0 0 0 0 0 0 0 0 0 0 0 0 0 0 0 0 0 0 0 0 0 0 0 0 0 0 0 0 0 0 0 0 0 0 0 0 0 0 0 0 0 0 0 0 0 0 0 0 0 0 0 0 0 0 0 0 0 0 0 0 0]
[2932434899509036998416147824868425598496589605362451956880867910005701730211682123565581361486243044716219289097386100056920809721108926877501003051008844579644352701137325655482968971305413384830579011254184354374402692933540625228915186193283658517675205232621366574678 0 0 0 0 0 0 0 0 0 0 0 0 0 0 0 0 0 0 0 1 0 0 0 0 0 0 0 0 0 0 0 0 0 0 0 0 0 0 0 0 0 0 0 0 0 0 0 0 0 0 0 0 0 0 0 0 0 0 0 0 0 0 0 0 0 0 0 0 0 0 0 0 0 0 0 0 0 0 0 0 0 0 0 0 0 0 0 0 0]
[1014408797175427345531823139234722489939778627533114181020989688907586252182636906055986667409063365920313408532038471231527122072817575965340106154519480542175479519124037787630081765204860353012235831622317801549766906525517316368245669665909767406935782223018235097224 0 0 0 0 0 0 0 0 0 0 0 0 0 0 0 0 0 0 0 0 1 0 0 0 0 0 0 0 0 0 0 0 0 0 0 0 0 0 0 0 0 0 0 0 0 0 0 0 0 0 0 0 0 0 0 0 0 0 0 0 0 0 0 0 0 0 0 0 0 0 0 0 0 0 0 0 0 0 0 0 0 0 0 0 0 0 0 0 0]
[3416699546471137449492829699486401794954171268748345007715463912455679954257788568773534126603350630149192493863206859612398895387167437790996531441937762660615371067364324329570233306929465592036637864416771720739758597969823589586170068306469731729701308679559351940838 0 0 0 0 0 0 0 0 0 0 0 0 0 0 0 0 0 0 0 0 0 1 0 0 0 0 0 0 0 0 0 0 0 0 0 0 0 0 0 0 0 0 0 0 0 0 0 0 0 0 0 0 0 0 0 0 0 0 0 0 0 0 0 0 0 0 0 0 0 0 0 0 0 0 0 0 0 0 0 0 0 0 0 0 0 0 0 0 0]
[2435094195578973190232949217521652748555953464856451403139921130767215121904551697372540673973717316824132741225029793137862501596939109994519958787670862491999427689681838752859459933431245002481483632222549307345200457168186308391959241715550994818884310108312272297816 0 0 0 0 0 0 0 0 0 0 0 0 0 0 0 0 0 0 0 0 0 0 1 0 0 0 0 0 0 0 0 0 0 0 0 0 0 0 0 0 0 0 0 0 0 0 0 0 0 0 0 0 0 0 0 0 0 0 0 0 0 0 0 0 0 0 0 0 0 0 0 0 0 0 0 0 0 0 0 0 0 0 0 0 0 0 0 0 0]
[4230657299956751368759472500792579432290910662564355608906805783911759819522597352692549311203522978253131934244602853386044454486416176812087699896592431015557113406451720394227386119581918630299644028485512694955597901318074736887743706176915001825707349378744309949909 0 0 0 0 0 0 0 0 0 0 0 0 0 0 0 0 0 0 0 0 0 0 0 1 0 0 0 0 0 0 0 0 0 0 0 0 0 0 0 0 0 0 0 0 0 0 0 0 0 0 0 0 0 0 0 0 0 0 0 0 0 0 0 0 0 0 0 0 0 0 0 0 0 0 0 0 0 0 0 0 0 0 0 0 0 0 0 0 0]
[2886207905857305828716074904760045606218970205792825913428346988376641368190266929152153692198408401864256991892174428595505110701438581107647737961473959136169907799314571805662063471177538033817998949602950844959247277775070481958523656411185156660613791885344605708313 0 0 0 0 0 0 0 0 0 0 0 0 0 0 0 0 0 0 0 0 0 0 0 0 1 0 0 0 0 0 0 0 0 0 0 0 0 0 0 0 0 0 0 0 0 0 0 0 0 0 0 0 0 0 0 0 0 0 0 0 0 0 0 0 0 0 0 0 0 0 0 0 0 0 0 0 0 0 0 0 0 0 0 0 0 0 0 0 0]
[3527768425348137637113835989463818614500819808068427513740924428597926719590305697585232174859945539970815083311635453602674967206782287569728166584733733926040831097101568269358746401278824387238261321424511077778544738592602214973437872175556013449205813031603846356631 0 0 0 0 0 0 0 0 0 0 0 0 0 0 0 0 0 0 0 0 0 0 0 0 0 1 0 0 0 0 0 0 0 0 0 0 0 0 0 0 0 0 0 0 0 0 0 0 0 0 0 0 0 0 0 0 0 0 0 0 0 0 0 0 0 0 0 0 0 0 0 0 0 0 0 0 0 0 0 0 0 0 0 0 0 0 0 0 0]
[1853412876853315171503587367582853137213046704122307690963408803099262991536598223928445214530963056110288749085055806091064822856519372684002083484664610866077890611322424836099852725219363682113820051816842608483072042616094083249336469976318606155289268201787670816961 0 0 0 0 0 0 0 0 0 0 0 0 0 0 0 0 0 0 0 0 0 0 0 0 0 0 1 0 0 0 0 0 0 0 0 0 0 0 0 0 0 0 0 0 0 0 0 0 0 0 0 0 0 0 0 0 0 0 0 0 0 0 0 0 0 0 0 0 0 0 0 0 0 0 0 0 0 0 0 0 0 0 0 0 0 0 0 0 0]
[1148149448142066768404022606258582070188138759720996435266876786280937943013486887990074753799185357749577199762107509012838506694684452254598707873347943267961822984438529583166423850688078877049443585285367111031039001549331785256274294615674654983035529508134469808607 0 0 0 0 0 0 0 0 0 0 0 0 0 0 0 0 0 0 0 0 0 0 0 0 0 0 0 1 0 0 0 0 0 0 0 0 0 0 0 0 0 0 0 0 0 0 0 0 0 0 0 0 0 0 0 0 0 0 0 0 0 0 0 0 0 0 0 0 0 0 0 0 0 0 0 0 0 0 0 0 0 0 0 0 0 0 0 0 0]
[1132649313538701909302387041305173956302002000211561113924695908571158830368634771145085064445745776519750985315837428517602092887834204272294168895272557973160229896984172417642648226677215052158716169786168187359098256147029826915446535782924042244566041396215169467701 0 0 0 0 0 0 0 0 0 0 0 0 0 0 0 0 0 0 0 0 0 0 0 0 0 0 0 0 1 0 0 0 0 0 0 0 0 0 0 0 0 0 0 0 0 0 0 0 0 0 0 0 0 0 0 0 0 0 0 0 0 0 0 0 0 0 0 0 0 0 0 0 0 0 0 0 0 0 0 0 0 0 0 0 0 0 0 0 0]
[2927763624759925540412210744596400857667197438726254017381252239548043409960338444529691958522016897549451578064401659445057417512890417172407027902394021277001634815909022867420421892184828598886563899357423192737085131332378454956829524943140285718756413466991917544118 0 0 0 0 0 0 0 0 0 0 0 0 0 0 0 0 0 0 0 0 0 0 0 0 0 0 0 0 0 1 0 0 0 0 0 0 0 0 0 0 0 0 0 0 0 0 0 0 0 0 0 0 0 0 0 0 0 0 0 0 0 0 0 0 0 0 0 0 0 0 0 0 0 0 0 0 0 0 0 0 0 0 0 0 0 0 0 0 0]
[1736254155573815410589433543456891312075297027954313721025792288297243593474986526878448074315438764857491513126131660950259435354262762757456141713933942454541206862649272238364914165380027145295240922231923429983829492116219923893274240257494545008661504514163097285143 0 0 0 0 0 0 0 0 0 0 0 0 0 0 0 0 0 0 0 0 0 0 0 0 0 0 0 0 0 0 1 0 0 0 0 0 0 0 0 0 0 0 0 0 0 0 0 0 0 0 0 0 0 0 0 0 0 0 0 0 0 0 0 0 0 0 0 0 0 0 0 0 0 0 0 0 0 0 0 0 0 0 0 0 0 0 0 0 0]
[2551129116105640255494611971165631748210784207996040795688770910463748576835060687156167896826358392442681377911221412116237204187200739641316590773248676956621318609220849687665984059900324193380168962668137135556000316406800373297787721541901263299161682045543819965710 0 0 0 0 0 0 0 0 0 0 0 0 0 0 0 0 0 0 0 0 0 0 0 0 0 0 0 0 0 0 0 1 0 0 0 0 0 0 0 0 0 0 0 0 0 0 0 0 0 0 0 0 0 0 0 0 0 0 0 0 0 0 0 0 0 0 0 0 0 0 0 0 0 0 0 0 0 0 0 0 0 0 0 0 0 0 0 0 0]
[1485542612481946394418311810450372541245133124884776170108675202226039443760617546089237843428841344732915791334595659227930269233023957606894760295783937570342175134865982370412226927914836755649701607010514684823751611951873461433295519018245219377778529313935496797869 0 0 0 0 0 0 0 0 0 0 0 0 0 0 0 0 0 0 0 0 0 0 0 0 0 0 0 0 0 0 0 0 1 0 0 0 0 0 0 0 0 0 0 0 0 0 0 0 0 0 0 0 0 0 0 0 0 0 0 0 0 0 0 0 0 0 0 0 0 0 0 0 0 0 0 0 0 0 0 0 0 0 0 0 0 0 0 0 0]
[3727246576420318949865833480503950327444091833828122711053741370136050897085346840004781659203645327089728316448322347683509262351278966603720302518490788940160253029970462776078720921809760039199598400004237683986743482489012632507963149991343200331065417441611719851574 0 0 0 0 0 0 0 0 0 0 0 0 0 0 0 0 0 0 0 0 0 0 0 0 0 0 0 0 0 0 0 0 0 1 0 0 0 0 0 0 0 0 0 0 0 0 0 0 0 0 0 0 0 0 0 0 0 0 0 0 0 0 0 0 0 0 0 0 0 0 0 0 0 0 0 0 0 0 0 0 0 0 0 0 0 0 0 0 0]
[536212378903922556066884009187913565205887398549229599707236030351831386751528011505554407718551188224616722378434170442673922046271003593767128104048075050708102206916734059562818868596070417429473813983072240431506152575414194361979833204697622052448791676847546527469 0 0 0 0 0 0 0 0 0 0 0 0 0 0 0 0 0 0 0 0 0 0 0 0 0 0 0 0 0 0 0 0 0 0 1 0 0 0 0 0 0 0 0 0 0 0 0 0 0 0 0 0 0 0 0 0 0 0 0 0 0 0 0 0 0 0 0 0 0 0 0 0 0 0 0 0 0 0 0 0 0 0 0 0 0 0 0 0 0]
[4049976897896545141676995985418971095612274250388428133812875557547230460933256111730869135584255666282431349737002073559229079703215727183834182627818367593005406678875299874670163677365690065336905981945999431238883989172338307699988519943631138598149962733103411519457 0 0 0 0 0 0 0 0 0 0 0 0 0 0 0 0 0 0 0 0 0 0 0 0 0 0 0 0 0 0 0 0 0 0 0 1 0 0 0 0 0 0 0 0 0 0 0 0 0 0 0 0 0 0 0 0 0 0 0 0 0 0 0 0 0 0 0 0 0 0 0 0 0 0 0 0 0 0 0 0 0 0 0 0 0 0 0 0 0]
[3976659785282087357605649547590003862318353114855301352587150399617122673580498442942011931143273122456650350820544488825197585121065626371261917310806157597967486199267477400442475392331825612449115001002251974324021383561589492609245398965310041892778026060745112494061 0 0 0 0 0 0 0 0 0 0 0 0 0 0 0 0 0 0 0 0 0 0 0 0 0 0 0 0 0 0 0 0 0 0 0 0 1 0 0 0 0 0 0 0 0 0 0 0 0 0 0 0 0 0 0 0 0 0 0 0 0 0 0 0 0 0 0 0 0 0 0 0 0 0 0 0 0 0 0 0 0 0 0 0 0 0 0 0 0]
[2155132612518296186497351276668033094543499737313549543073477846633674697932123095975799898200527157845453583930799915126004789700810607157057676012209910047359503678260563987460855886073507578052712659898616047945568970590265815479402254706070039086844639596897669787004 0 0 0 0 0 0 0 0 0 0 0 0 0 0 0 0 0 0 0 0 0 0 0 0 0 0 0 0 0 0 0 0 0 0 0 0 0 1 0 0 0 0 0 0 0 0 0 0 0 0 0 0 0 0 0 0 0 0 0 0 0 0 0 0 0 0 0 0 0 0 0 0 0 0 0 0 0 0 0 0 0 0 0 0 0 0 0 0 0]
[3819066449089135852859922001905244982961970756588785728798688135205724571580881977627168498041666572548661808818969351144070038678583601586319890788202440002866684671656770235349486868724467257159138816115495810702275364953133294829487492363242447561549854546541614964448 0 0 0 0 0 0 0 0 0 0 0 0 0 0 0 0 0 0 0 0 0 0 0 0 0 0 0 0 0 0 0 0 0 0 0 0 0 0 1 0 0 0 0 0 0 0 0 0 0 0 0 0 0 0 0 0 0 0 0 0 0 0 0 0 0 0 0 0 0 0 0 0 0 0 0 0 0 0 0 0 0 0 0 0 0 0 0 0 0]
[2455140040912607697081208693036568044937056393884230529052901297937249960467327655316270747996569821202299552762586541470388969632011121974836322025201957872852182147364934038785425842849755755013819953439162635242677770735760157584270709895853720889112449687797876091145 0 0 0 0 0 0 0 0 0 0 0 0 0 0 0 0 0 0 0 0 0 0 0 0 0 0 0 0 0 0 0 0 0 0 0 0 0 0 0 1 0 0 0 0 0 0 0 0 0 0 0 0 0 0 0 0 0 0 0 0 0 0 0 0 0 0 0 0 0 0 0 0 0 0 0 0 0 0 0 0 0 0 0 0 0 0 0 0 0]
[1525663280910406759370350625503213358384573281986720619374300590362741458980937412560417343497894669076558062051905348951521288721668274743858819940024282423249045906003831883162396465766591360682890365839035432524222393320566213193621824605750579663742508418115467912363 0 0 0 0 0 0 0 0 0 0 0 0 0 0 0 0 0 0 0 0 0 0 0 0 0 0 0 0 0 0 0 0 0 0 0 0 0 0 0 0 1 0 0 0 0 0 0 0 0 0 0 0 0 0 0 0 0 0 0 0 0 0 0 0 0 0 0 0 0 0 0 0 0 0 0 0 0 0 0 0 0 0 0 0 0 0 0 0 0]
[1017884811321464160641117084198596283422684611891797057272698695898998365987335572188841741202310408471480489787745731623424897430062588557371566660692504474975274271695607668448898868212259231769759425139375844535267481897513365625735346526210340041268134382325564989096 0 0 0 0 0 0 0 0 0 0 0 0 0 0 0 0 0 0 0 0 0 0 0 0 0 0 0 0 0 0 0 0 0 0 0 0 0 0 0 0 0 1 0 0 0 0 0 0 0 0 0 0 0 0 0 0 0 0 0 0 0 0 0 0 0 0 0 0 0 0 0 0 0 0 0 0 0 0 0 0 0 0 0 0 0 0 0 0 0]
[41854951679534892098409016472931857569165016977757134895589467777740867878109366444801615010263965803804170822599156596119118954113801483498567195455000303154684359855480196450465957955851839804100458832642658990477655288841008851280703323812795630021876516849843023885 0 0 0 0 0 0 0 0 0 0 0 0 0 0 0 0 0 0 0 0 0 0 0 0 0 0 0 0 0 0 0 0 0 0 0 0 0 0 0 0 0 0 1 0 0 0 0 0 0 0 0 0 0 0 0 0 0 0 0 0 0 0 0 0 0 0 0 0 0 0 0 0 0 0 0 0 0 0 0 0 0 0 0 0 0 0 0 0 0]
[3370820725181767739397871030852540231428280804807606785185256634084197548883925549463546875382588272388656869541619284086367059433787896270556288768676104400565769892340009389687616910109090737276483618223100897812501251390825325924662206331508580119169802868029593561422 0 0 0 0 0 0 0 0 0 0 0 0 0 0 0 0 0 0 0 0 0 0 0 0 0 0 0 0 0 0 0 0 0 0 0 0 0 0 0 0 0 0 0 1 0 0 0 0 0 0 0 0 0 0 0 0 0 0 0 0 0 0 0 0 0 0 0 0 0 0 0 0 0 0 0 0 0 0 0 0 0 0 0 0 0 0 0 0 0]
[179770151157750772433889063157471436695462421314614276487821691478273955854214285739161515785258963071196308363313370399789301489796434357878627919546124519898249353642581097419850515223681881700697874895797070227122161878201770500839652558237139286988385657526169484757 0 0 0 0 0 0 0 0 0 0 0 0 0 0 0 0 0 0 0 0 0 0 0 0 0 0 0 0 0 0 0 0 0 0 0 0 0 0 0 0 0 0 0 0 1 0 0 0 0 0 0 0 0 0 0 0 0 0 0 0 0 0 0 0 0 0 0 0 0 0 0 0 0 0 0 0 0 0 0 0 0 0 0 0 0 0 0 0 0]
[1118796829678006331757504020704515493202218055124487635679052696436030038205972598785210038939283487092485628120069812784423681863103234405655417406557646543233740811041851489492059961111111478469194439079145238260856744577535327947044816387392346347087554884363016512469 0 0 0 0 0 0 0 0 0 0 0 0 0 0 0 0 0 0 0 0 0 0 0 0 0 0 0 0 0 0 0 0 0 0 0 0 0 0 0 0 0 0 0 0 0 1 0 0 0 0 0 0 0 0 0 0 0 0 0 0 0 0 0 0 0 0 0 0 0 0 0 0 0 0 0 0 0 0 0 0 0 0 0 0 0 0 0 0 0]
[2972500256449872161754414181771463498611420231313416411734944248692268546990885752752780060264068329051202384556920395703140850951087248552714852261638954825316925457961635449788696003333696671949003387119367624023130587928389532938934503932364421504626927839071194179565 0 0 0 0 0 0 0 0 0 0 0 0 0 0 0 0 0 0 0 0 0 0 0 0 0 0 0 0 0 0 0 0 0 0 0 0 0 0 0 0 0 0 0 0 0 0 1 0 0 0 0 0 0 0 0 0 0 0 0 0 0 0 0 0 0 0 0 0 0 0 0 0 0 0 0 0 0 0 0 0 0 0 0 0 0 0 0 0 0]
[2116656265708977311477420772295570141930595992797036046481741136954209647805339201210408790362407012293246299892679870937545514853284774027057477914818185037981019127052613484826807847638241145272588523167568980138351812844343254880604960182838564104298827201526435456152 0 0 0 0 0 0 0 0 0 0 0 0 0 0 0 0 0 0 0 0 0 0 0 0 0 0 0 0 0 0 0 0 0 0 0 0 0 0 0 0 0 0 0 0 0 0 0 1 0 0 0 0 0 0 0 0 0 0 0 0 0 0 0 0 0 0 0 0 0 0 0 0 0 0 0 0 0 0 0 0 0 0 0 0 0 0 0 0 0]
[2189056635535292968056076489014644791687572114251660515872919574429822880499898003100797000002864153274142920398069862276924412509700821412687039522103852269968259865540445493309859798650861954938062987857120611896896091844221283944871596757644839322741863478869998328772 0 0 0 0 0 0 0 0 0 0 0 0 0 0 0 0 0 0 0 0 0 0 0 0 0 0 0 0 0 0 0 0 0 0 0 0 0 0 0 0 0 0 0 0 0 0 0 0 1 0 0 0 0 0 0 0 0 0 0 0 0 0 0 0 0 0 0 0 0 0 0 0 0 0 0 0 0 0 0 0 0 0 0 0 0 0 0 0 0]
[854822952586234030837720841944085033757362245339461410542996086018543521896288541941772614056987391806904604738228249165763518740274214497185160753501102475968973874359534626969839663703137556931443407951955458439583153859571422180831371034179029878351005785638582410082 0 0 0 0 0 0 0 0 0 0 0 0 0 0 0 0 0 0 0 0 0 0 0 0 0 0 0 0 0 0 0 0 0 0 0 0 0 0 0 0 0 0 0 0 0 0 0 0 0 1 0 0 0 0 0 0 0 0 0 0 0 0 0 0 0 0 0 0 0 0 0 0 0 0 0 0 0 0 0 0 0 0 0 0 0 0 0 0 0]
[2281654159961216262872919495932929762851883940470837851537317192940189870346094072105222314236533879740500976201104643144571666906645336531128526752156491257135721416971549824301632827687132968229969241212854072258255850164441320102366075246163339793722452597749532101258 0 0 0 0 0 0 0 0 0 0 0 0 0 0 0 0 0 0 0 0 0 0 0 0 0 0 0 0 0 0 0 0 0 0 0 0 0 0 0 0 0 0 0 0 0 0 0 0 0 0 1 0 0 0 0 0 0 0 0 0 0 0 0 0 0 0 0 0 0 0 0 0 0 0 0 0 0 0 0 0 0 0 0 0 0 0 0 0 0]
[1119682766623883561562639438817140608849186626634546001031609466970879762373770019265997040155395565774725696086722870805895646969208480127227309346377139237305317241707057295518972592488026586368222108889345746173881235571675400451757122190536510092232768564297561687597 0 0 0 0 0 0 0 0 0 0 0 0 0 0 0 0 0 0 0 0 0 0 0 0 0 0 0 0 0 0 0 0 0 0 0 0 0 0 0 0 0 0 0 0 0 0 0 0 0 0 0 1 0 0 0 0 0 0 0 0 0 0 0 0 0 0 0 0 0 0 0 0 0 0 0 0 0 0 0 0 0 0 0 0 0 0 0 0 0]
[3290219735470394108674913645143369217234927038282002964962549194566366850276519536950482282128638382394186734918860035232164499062911434677913091328055425214197516204852622830896731892392893748701058606272073659117707656595433141298572295407812513312659215897857154793895 0 0 0 0 0 0 0 0 0 0 0 0 0 0 0 0 0 0 0 0 0 0 0 0 0 0 0 0 0 0 0 0 0 0 0 0 0 0 0 0 0 0 0 0 0 0 0 0 0 0 0 0 1 0 0 0 0 0 0 0 0 0 0 0 0 0 0 0 0 0 0 0 0 0 0 0 0 0 0 0 0 0 0 0 0 0 0 0 0]
[1948270785197616019344070545531470714678742981641313979668220266234489044400690484229803733018710383293551908892716444101587582174280249123730322866908828313946121986670625166552676526514705846771574089815589418747935029278702855265619522663602975756051616091023216514470 0 0 0 0 0 0 0 0 0 0 0 0 0 0 0 0 0 0 0 0 0 0 0 0 0 0 0 0 0 0 0 0 0 0 0 0 0 0 0 0 0 0 0 0 0 0 0 0 0 0 0 0 0 1 0 0 0 0 0 0 0 0 0 0 0 0 0 0 0 0 0 0 0 0 0 0 0 0 0 0 0 0 0 0 0 0 0 0 0]
[3623268027633375389653539292539210939517828845969874029340306478112064184966117325951889221302264022595969516786571859355133472490590629480256724840532387691761177882149182338643758140126868856909740075342802474544393443491959205795284595494893778643551837384238985208926 0 0 0 0 0 0 0 0 0 0 0 0 0 0 0 0 0 0 0 0 0 0 0 0 0 0 0 0 0 0 0 0 0 0 0 0 0 0 0 0 0 0 0 0 0 0 0 0 0 0 0 0 0 0 1 0 0 0 0 0 0 0 0 0 0 0 0 0 0 0 0 0 0 0 0 0 0 0 0 0 0 0 0 0 0 0 0 0 0]
[1708617832482682284793527974137300360100791587468578566849358981866220771910566091111882626433422490524336633139348582604387503071195903316282764256493971351356132396818425977675210426326604191387192718673881175092827643985443499651655881947940286451808654379450103568395 0 0 0 0 0 0 0 0 0 0 0 0 0 0 0 0 0 0 0 0 0 0 0 0 0 0 0 0 0 0 0 0 0 0 0 0 0 0 0 0 0 0 0 0 0 0 0 0 0 0 0 0 0 0 0 1 0 0 0 0 0 0 0 0 0 0 0 0 0 0 0 0 0 0 0 0 0 0 0 0 0 0 0 0 0 0 0 0 0]
[695833895938141048782921826540189130118987394484478788666767397857309073060878410674594733776187584948221777146739196142639857356737805088133602922156087310219064993403223198995600897727368915421865100834915876324250906880300817586344353337625204225449935352706190174908 0 0 0 0 0 0 0 0 0 0 0 0 0 0 0 0 0 0 0 0 0 0 0 0 0 0 0 0 0 0 0 0 0 0 0 0 0 0 0 0 0 0 0 0 0 0 0 0 0 0 0 0 0 0 0 0 1 0 0 0 0 0 0 0 0 0 0 0 0 0 0 0 0 0 0 0 0 0 0 0 0 0 0 0 0 0 0 0 0]
[1812505308681992226433891090847226415523867406587638344201287095844093029743915910909275682768853691554235610523319814326393950982109636571065294199173246193257436065963146922676103801048516840104375489018383068570940675220418472485803929950125518847744421961503718838408 0 0 0 0 0 0 0 0 0 0 0 0 0 0 0 0 0 0 0 0 0 0 0 0 0 0 0 0 0 0 0 0 0 0 0 0 0 0 0 0 0 0 0 0 0 0 0 0 0 0 0 0 0 0 0 0 0 1 0 0 0 0 0 0 0 0 0 0 0 0 0 0 0 0 0 0 0 0 0 0 0 0 0 0 0 0 0 0 0]
[3954787836733057036462675668574332959036710581204865023874348117452604706735748789476541767353304912318098422938760662053095950834774447072514168714353003170628739513822807879514698734531981833425629978105035138714892137079787900358682716074061212764910518395964773117429 0 0 0 0 0 0 0 0 0 0 0 0 0 0 0 0 0 0 0 0 0 0 0 0 0 0 0 0 0 0 0 0 0 0 0 0 0 0 0 0 0 0 0 0 0 0 0 0 0 0 0 0 0 0 0 0 0 0 1 0 0 0 0 0 0 0 0 0 0 0 0 0 0 0 0 0 0 0 0 0 0 0 0 0 0 0 0 0 0]
[1402902515252352076982343364620851040396215323979018856423438955053419879320642617390652957651463814875513807907056605462709837614942247672797208648388029455153135183197568121702465979272494983049036492661267023839698949484576316729396935251677191592981908591066154716333 0 0 0 0 0 0 0 0 0 0 0 0 0 0 0 0 0 0 0 0 0 0 0 0 0 0 0 0 0 0 0 0 0 0 0 0 0 0 0 0 0 0 0 0 0 0 0 0 0 0 0 0 0 0 0 0 0 0 0 1 0 0 0 0 0 0 0 0 0 0 0 0 0 0 0 0 0 0 0 0 0 0 0 0 0 0 0 0 0]
[2218650805631565135403860073531483398050141282685226551614320316027202838502034942396617984154479331316390041974548697719390933443301189926709195960668699702293484496765107794160465614331866754785855401515835473553312626501414779010555762067448728295479797121975152537550 0 0 0 0 0 0 0 0 0 0 0 0 0 0 0 0 0 0 0 0 0 0 0 0 0 0 0 0 0 0 0 0 0 0 0 0 0 0 0 0 0 0 0 0 0 0 0 0 0 0 0 0 0 0 0 0 0 0 0 0 1 0 0 0 0 0 0 0 0 0 0 0 0 0 0 0 0 0 0 0 0 0 0 0 0 0 0 0 0]
[3304031743122012240256267581646696051323833753425219102748532680422110153894978734617851282103883352168754214304843966356439656077429165671406488559726362423459738116338873121638864239741328015137618215513979872597622934761294481358739951928619784828330282246086096738115 0 0 0 0 0 0 0 0 0 0 0 0 0 0 0 0 0 0 0 0 0 0 0 0 0 0 0 0 0 0 0 0 0 0 0 0 0 0 0 0 0 0 0 0 0 0 0 0 0 0 0 0 0 0 0 0 0 0 0 0 0 1 0 0 0 0 0 0 0 0 0 0 0 0 0 0 0 0 0 0 0 0 0 0 0 0 0 0 0]
[2056821243635829910034662980659000625309206077626895468756758292696906338419370233402589406944709235908010223314293503222208932373031189720778343409094089976755267898392751557991759960959003013377205232229742082274968932547554969754197984976409985890228576897634108192295 0 0 0 0 0 0 0 0 0 0 0 0 0 0 0 0 0 0 0 0 0 0 0 0 0 0 0 0 0 0 0 0 0 0 0 0 0 0 0 0 0 0 0 0 0 0 0 0 0 0 0 0 0 0 0 0 0 0 0 0 0 0 1 0 0 0 0 0 0 0 0 0 0 0 0 0 0 0 0 0 0 0 0 0 0 0 0 0 0]
[2971528682474023050912254585468264324336915923626070921201680084899038371483494825625419807831692899352404403398446299322673674527936142082496381117672894616115889435552807752804975000652618041799555490385872112301505838078001356969305927322879670423782727769705254738448 0 0 0 0 0 0 0 0 0 0 0 0 0 0 0 0 0 0 0 0 0 0 0 0 0 0 0 0 0 0 0 0 0 0 0 0 0 0 0 0 0 0 0 0 0 0 0 0 0 0 0 0 0 0 0 0 0 0 0 0 0 0 0 1 0 0 0 0 0 0 0 0 0 0 0 0 0 0 0 0 0 0 0 0 0 0 0 0 0]
[2290681486323997661032261690537612357728820878219469277703499912665860344250546442371162207525500278947900549850555169793471091396830165265038220502957703836534990091813442472449907855954374673369026870238825160928725035909175649023127020866183046847111032780866247352697 0 0 0 0 0 0 0 0 0 0 0 0 0 0 0 0 0 0 0 0 0 0 0 0 0 0 0 0 0 0 0 0 0 0 0 0 0 0 0 0 0 0 0 0 0 0 0 0 0 0 0 0 0 0 0 0 0 0 0 0 0 0 0 0 1 0 0 0 0 0 0 0 0 0 0 0 0 0 0 0 0 0 0 0 0 0 0 0 0]
[4011564373149132067470619419013069780265509340368637701756215641202668272360364978916976674869716037257214997561945490707857367094197211992258423695832182672206581364315678707239184205542666561860097361786243001154202829706057955361410010816085598546581480257166123876637 0 0 0 0 0 0 0 0 0 0 0 0 0 0 0 0 0 0 0 0 0 0 0 0 0 0 0 0 0 0 0 0 0 0 0 0 0 0 0 0 0 0 0 0 0 0 0 0 0 0 0 0 0 0 0 0 0 0 0 0 0 0 0 0 0 1 0 0 0 0 0 0 0 0 0 0 0 0 0 0 0 0 0 0 0 0 0 0 0]
[1938628236301660533117661709985627819189499646627380737105370304265212020131571227357668742870332105617881045501926385139741801612114182178020630018347176431412746071676687064255471525219567760219331777751550366991321076386951906663978207289202865211056573605390307046015 0 0 0 0 0 0 0 0 0 0 0 0 0 0 0 0 0 0 0 0 0 0 0 0 0 0 0 0 0 0 0 0 0 0 0 0 0 0 0 0 0 0 0 0 0 0 0 0 0 0 0 0 0 0 0 0 0 0 0 0 0 0 0 0 0 0 1 0 0 0 0 0 0 0 0 0 0 0 0 0 0 0 0 0 0 0 0 0 0]
[2916003317890872924812699103437066509933842737231905438695431605408979398082843670580695926349753852167878612351030471174541548338777196183301758150003187541611060765961990506800324493383429194015454475311553804822023469408110444288789948100834252071849137554898356536879 0 0 0 0 0 0 0 0 0 0 0 0 0 0 0 0 0 0 0 0 0 0 0 0 0 0 0 0 0 0 0 0 0 0 0 0 0 0 0 0 0 0 0 0 0 0 0 0 0 0 0 0 0 0 0 0 0 0 0 0 0 0 0 0 0 0 0 1 0 0 0 0 0 0 0 0 0 0 0 0 0 0 0 0 0 0 0 0 0]
[55433506587520116947079782379645112082764947543994139436631829382619728588233217724248776024500317894714372760213036826999924910420093097708775760234348187728979302746170494676213780755042575644991461567371783682433367215606495329291793532751337983184859132397504353661 0 0 0 0 0 0 0 0 0 0 0 0 0 0 0 0 0 0 0 0 0 0 0 0 0 0 0 0 0 0 0 0 0 0 0 0 0 0 0 0 0 0 0 0 0 0 0 0 0 0 0 0 0 0 0 0 0 0 0 0 0 0 0 0 0 0 0 0 1 0 0 0 0 0 0 0 0 0 0 0 0 0 0 0 0 0 0 0 0]
[3851721186580493499121103733370695613474126845288303495648110287847547573412136841570845569956436198695445625794116822617732419876068911292003188184478536121258308155693051439784152656356225811463144683833710858179218985261849198082196025341924137967073792447992258869983 0 0 0 0 0 0 0 0 0 0 0 0 0 0 0 0 0 0 0 0 0 0 0 0 0 0 0 0 0 0 0 0 0 0 0 0 0 0 0 0 0 0 0 0 0 0 0 0 0 0 0 0 0 0 0 0 0 0 0 0 0 0 0 0 0 0 0 0 0 1 0 0 0 0 0 0 0 0 0 0 0 0 0 0 0 0 0 0 0]
[3776904869380672377123860926353110747278769624438510704423859785146259149227689566727470357540018819613665123727602559629605792830510584993463564390316820309703135811285920262955652039627014013762032910711677657061289631563275347802216063636883137158501733478306896081804 0 0 0 0 0 0 0 0 0 0 0 0 0 0 0 0 0 0 0 0 0 0 0 0 0 0 0 0 0 0 0 0 0 0 0 0 0 0 0 0 0 0 0 0 0 0 0 0 0 0 0 0 0 0 0 0 0 0 0 0 0 0 0 0 0 0 0 0 0 0 1 0 0 0 0 0 0 0 0 0 0 0 0 0 0 0 0 0 0]
[2683682843502027807436183644996761541268841439508739718765186537143818603208381418641915393450308386842518169390035795601285720144094818495363860183212930517904273353094080372301229327114498254430688760932241174312853457965269512542336303284472890554036274334520114772244 0 0 0 0 0 0 0 0 0 0 0 0 0 0 0 0 0 0 0 0 0 0 0 0 0 0 0 0 0 0 0 0 0 0 0 0 0 0 0 0 0 0 0 0 0 0 0 0 0 0 0 0 0 0 0 0 0 0 0 0 0 0 0 0 0 0 0 0 0 0 0 1 0 0 0 0 0 0 0 0 0 0 0 0 0 0 0 0 0]
[2531288229823581795243119418756993790050817446935665710455604054329415664902699910484988103518061784477682337361332620007702995712821245229701303936087239423698192623140362005060425501979112181153940147473604456492748063422535436364873436404532279503844955330400604330820 0 0 0 0 0 0 0 0 0 0 0 0 0 0 0 0 0 0 0 0 0 0 0 0 0 0 0 0 0 0 0 0 0 0 0 0 0 0 0 0 0 0 0 0 0 0 0 0 0 0 0 0 0 0 0 0 0 0 0 0 0 0 0 0 0 0 0 0 0 0 0 0 1 0 0 0 0 0 0 0 0 0 0 0 0 0 0 0 0]
[1668644580923180812843009838893702654628664884315839468501222768285820220563851715120026722924435453915396617470839968606293977079929567366059483886840945543074345560621085457411096198760255636533255304744859380426672219950481300057657580768440068384129621393866822716960 0 0 0 0 0 0 0 0 0 0 0 0 0 0 0 0 0 0 0 0 0 0 0 0 0 0 0 0 0 0 0 0 0 0 0 0 0 0 0 0 0 0 0 0 0 0 0 0 0 0 0 0 0 0 0 0 0 0 0 0 0 0 0 0 0 0 0 0 0 0 0 0 0 1 0 0 0 0 0 0 0 0 0 0 0 0 0 0 0]
[4168838238045094815013297125067583546781512636023445322056087688678172504837052371417690539674733207605563287421100394861070122437804425949265443833867703483149658093320933455816281081805760219123299196822952370889220081132865068493582970331583622030814062111902083324798 0 0 0 0 0 0 0 0 0 0 0 0 0 0 0 0 0 0 0 0 0 0 0 0 0 0 0 0 0 0 0 0 0 0 0 0 0 0 0 0 0 0 0 0 0 0 0 0 0 0 0 0 0 0 0 0 0 0 0 0 0 0 0 0 0 0 0 0 0 0 0 0 0 0 1 0 0 0 0 0 0 0 0 0 0 0 0 0 0]
[3442839437619543354913165292690882815708017941167497984447036278152064642097773600839909138775922844020031454138559282584739435603526875017414170159224971261482770444902642689694039747224020304262309650720719210580512488384872122559652950655216940617577064911202105361822 0 0 0 0 0 0 0 0 0 0 0 0 0 0 0 0 0 0 0 0 0 0 0 0 0 0 0 0 0 0 0 0 0 0 0 0 0 0 0 0 0 0 0 0 0 0 0 0 0 0 0 0 0 0 0 0 0 0 0 0 0 0 0 0 0 0 0 0 0 0 0 0 0 0 0 1 0 0 0 0 0 0 0 0 0 0 0 0 0]
[1720105651393023965576693004372534500009920966536582299914772900603473516288541310486545309602317017675438999235713167739472358551184348605078589778848460639597435533964684985388941845957343291012897941810285828473177979556084511017108103705334424361374702748151853552762 0 0 0 0 0 0 0 0 0 0 0 0 0 0 0 0 0 0 0 0 0 0 0 0 0 0 0 0 0 0 0 0 0 0 0 0 0 0 0 0 0 0 0 0 0 0 0 0 0 0 0 0 0 0 0 0 0 0 0 0 0 0 0 0 0 0 0 0 0 0 0 0 0 0 0 0 1 0 0 0 0 0 0 0 0 0 0 0 0]
[1587261452796079490345450429772378599450627131481446846905763748948280623105712640960628289169025859997380191488745815555999992013150883219170017721257905711227903894492169733146620640006161311233630786661583561937305448536713005908729016898960847688618040482300806587541 0 0 0 0 0 0 0 0 0 0 0 0 0 0 0 0 0 0 0 0 0 0 0 0 0 0 0 0 0 0 0 0 0 0 0 0 0 0 0 0 0 0 0 0 0 0 0 0 0 0 0 0 0 0 0 0 0 0 0 0 0 0 0 0 0 0 0 0 0 0 0 0 0 0 0 0 0 1 0 0 0 0 0 0 0 0 0 0 0]
[362947410737141548680680552935750827721120022822474563771605395056553367451452774394285998550250677266278621930540143777490135728153331552738575096991558873188550963844425030256669899071267002066163464931863558762709980737677838634046959662929788356952820804904965557804 0 0 0 0 0 0 0 0 0 0 0 0 0 0 0 0 0 0 0 0 0 0 0 0 0 0 0 0 0 0 0 0 0 0 0 0 0 0 0 0 0 0 0 0 0 0 0 0 0 0 0 0 0 0 0 0 0 0 0 0 0 0 0 0 0 0 0 0 0 0 0 0 0 0 0 0 0 0 1 0 0 0 0 0 0 0 0 0 0]
[3577460937203026123841515422475195356312167175909611902408279947709136928538031745359762185613925981691885017513393046812498541699414553338338771803776723287528269882504349645139307983862449163874776888773207636103047110022424453755507439937459564402534395722736493269639 0 0 0 0 0 0 0 0 0 0 0 0 0 0 0 0 0 0 0 0 0 0 0 0 0 0 0 0 0 0 0 0 0 0 0 0 0 0 0 0 0 0 0 0 0 0 0 0 0 0 0 0 0 0 0 0 0 0 0 0 0 0 0 0 0 0 0 0 0 0 0 0 0 0 0 0 0 0 0 1 0 0 0 0 0 0 0 0 0]
[1791259244630974252541528202255775873861535421606040642743714740656295523935315075527831968498790445494419435066364414154452980632555653745926276333450842089823553303107486395386454455954656093784915915316922340682078599875183893503189741562079541181909276184352391077920 0 0 0 0 0 0 0 0 0 0 0 0 0 0 0 0 0 0 0 0 0 0 0 0 0 0 0 0 0 0 0 0 0 0 0 0 0 0 0 0 0 0 0 0 0 0 0 0 0 0 0 0 0 0 0 0 0 0 0 0 0 0 0 0 0 0 0 0 0 0 0 0 0 0 0 0 0 0 0 0 1 0 0 0 0 0 0 0 0]
[1337282065052578720216215659905545680928653361451212274453024212157263250087058776320468402437919963744934662432569937131069150247140888003082146524294651176722715671207115691566427435542568929463562607583504053442787713456735005424032032548538663570972328085907433646790 0 0 0 0 0 0 0 0 0 0 0 0 0 0 0 0 0 0 0 0 0 0 0 0 0 0 0 0 0 0 0 0 0 0 0 0 0 0 0 0 0 0 0 0 0 0 0 0 0 0 0 0 0 0 0 0 0 0 0 0 0 0 0 0 0 0 0 0 0 0 0 0 0 0 0 0 0 0 0 0 0 1 0 0 0 0 0 0 0]
[516515408101961741245795582981818546506384590985231251992861989948349379089847541936846631140540758950955205088127509955436132651397019951621110701551857955435577029426678234941675804825838009223872848187904490267021853863794559926564944841519346392763518236970739357542 0 0 0 0 0 0 0 0 0 0 0 0 0 0 0 0 0 0 0 0 0 0 0 0 0 0 0 0 0 0 0 0 0 0 0 0 0 0 0 0 0 0 0 0 0 0 0 0 0 0 0 0 0 0 0 0 0 0 0 0 0 0 0 0 0 0 0 0 0 0 0 0 0 0 0 0 0 0 0 0 0 0 1 0 0 0 0 0 0]
[332444061902463561670356876142638611330912907696842499435247218403685770396876972487641975956898585253739292526364519766355294035599279285179860502375121042659257077034703947555249867664742548895768955535857621328696116329648185295548652157036189773215527602698885942325 0 0 0 0 0 0 0 0 0 0 0 0 0 0 0 0 0 0 0 0 0 0 0 0 0 0 0 0 0 0 0 0 0 0 0 0 0 0 0 0 0 0 0 0 0 0 0 0 0 0 0 0 0 0 0 0 0 0 0 0 0 0 0 0 0 0 0 0 0 0 0 0 0 0 0 0 0 0 0 0 0 0 0 1 0 0 0 0 0]
[820859479168593816458681999696811104937489429800029960182564146817047297554663116160649443728333757274645457242274994042310711682246475489452305742080206204040093941058035201157014966360281480453454204059589917721109008803971052539173313956174071120995522235112583303598 0 0 0 0 0 0 0 0 0 0 0 0 0 0 0 0 0 0 0 0 0 0 0 0 0 0 0 0 0 0 0 0 0 0 0 0 0 0 0 0 0 0 0 0 0 0 0 0 0 0 0 0 0 0 0 0 0 0 0 0 0 0 0 0 0 0 0 0 0 0 0 0 0 0 0 0 0 0 0 0 0 0 0 0 1 0 0 0 0]
[2419350848091510695729411223819430441283512551498567848365573946495095038840111487341656036928204821272145472136036249906289503706272660545089769183682520055424072713034391229744380432529306999592253660309121501910680737868198519443162888416995846450988410822120504330775 0 0 0 0 0 0 0 0 0 0 0 0 0 0 0 0 0 0 0 0 0 0 0 0 0 0 0 0 0 0 0 0 0 0 0 0 0 0 0 0 0 0 0 0 0 0 0 0 0 0 0 0 0 0 0 0 0 0 0 0 0 0 0 0 0 0 0 0 0 0 0 0 0 0 0 0 0 0 0 0 0 0 0 0 0 1 0 0 0]
[2746353269680095917196047035491917532797568898002105284166813791512543271231124781939740876996800399317442074078453946471166633481276944959793821467350490847691198000946057972632942954083793402527817109855608772011179991126527649678153348027809734901315053881053129557242 0 0 0 0 0 0 0 0 0 0 0 0 0 0 0 0 0 0 0 0 0 0 0 0 0 0 0 0 0 0 0 0 0 0 0 0 0 0 0 0 0 0 0 0 0 0 0 0 0 0 0 0 0 0 0 0 0 0 0 0 0 0 0 0 0 0 0 0 0 0 0 0 0 0 0 0 0 0 0 0 0 0 0 0 0 0 1 0 0]
[2879478238022508697583828312165366353729929604819714054725499022447257684690913790221816590950656579124201445046695830553019073571796128899129966800575082940936424421157933406013403590088772374864054702982139538234642762745763008778048283208129744010687445981555871875024 0 0 0 0 0 0 0 0 0 0 0 0 0 0 0 0 0 0 0 0 0 0 0 0 0 0 0 0 0 0 0 0 0 0 0 0 0 0 0 0 0 0 0 0 0 0 0 0 0 0 0 0 0 0 0 0 0 0 0 0 0 0 0 0 0 0 0 0 0 0 0 0 0 0 0 0 0 0 0 0 0 0 0 0 0 0 0 1 0]
[2805024094520518798711287776041848376874985551634839601208785550260499478627788238505027563149004792786255772170787592795004883188033659454460907317009106092491313700259568187836359105266542235072678709774095011710594023541009315950370995516446359402773492197735244619489 0 0 0 0 0 0 0 0 0 0 0 0 0 0 0 0 0 0 0 0 0 0 0 0 0 0 0 0 0 0 0 0 0 0 0 0 0 0 0 0 0 0 0 0 0 0 0 0 0 0 0 0 0 0 0 0 0 0 0 0 0 0 0 0 0 0 0 0 0 0 0 0 0 0 0 0 0 0 0 0 0 0 0 0 0 0 0 0 1]
]
