[[2658041035890159688060445374106727400682800824520860606453908375064993874069306881320945255137637012263833615396709958459169011204651441095185824092441 0 0 0 0 0 0 0 0 0 0 0 0 0 0 0 0 0 0 0 0 0 0 0 0 0 0 0 0 0 0 0 0 0 0 0 0 0 0 0 0 0 0 0 0 0 0 0 0 0]
[2456360261730541989230365005043921194888530031730737289287727268551631578745545301076031535644118183407467312938119764507996396593854541681912528077953 1 0 0 0 0 0 0 0 0 0 0 0 0 0 0 0 0 0 0 0 0 0 0 0 0 0 0 0 0 0 0 0 0 0 0 0 0 0 0 0 0 0 0 0 0 0 0 0 0]
[422343234154455472798791926485733418558206189481427669873352472884536043470442887895737420739132978180070671846923096351734529334771708799732762001366 0 1 0 0 0 0 0 0 0 0 0 0 0 0 0 0 0 0 0 0 0 0 0 0 0 0 0 0 0 0 0 0 0 0 0 0 0 0 0 0 0 0 0 0 0 0 0 0 0]
[1227986582758707306642518312020247599500403481352525450506747363016673491596228439419006438976761001222710061024556496448791915468499962298930062385371 0 0 1 0 0 0 0 0 0 0 0 0 0 0 0 0 0 0 0 0 0 0 0 0 0 0 0 0 0 0 0 0 0 0 0 0 0 0 0 0 0 0 0 0 0 0 0 0 0]
[1400132033608205283014366529905792034173354820410774972226899401066691696956639739983059802061215141107910297938665777841962756785209583409143729756498 0 0 0 1 0 0 0 0 0 0 0 0 0 0 0 0 0 0 0 0 0 0 0 0 0 0 0 0 0 0 0 0 0 0 0 0 0 0 0 0 0 0 0 0 0 0 0 0 0]
[1677756091300444915088791138305593554678514218129722167562594527570524699355201787332941303698503103630027353429767154246775953199534476730848991429201 0 0 0 0 1 0 0 0 0 0 0 0 0 0 0 0 0 0 0 0 0 0 0 0 0 0 0 0 0 0 0 0 0 0 0 0 0 0 0 0 0 0 0 0 0 0 0 0 0]
[2289582415764560811510785728514383031153797727427439316548134741069828607279329956153420558071001160276877823626721485387274672353900468597036378015947 0 0 0 0 0 1 0 0 0 0 0 0 0 0 0 0 0 0 0 0 0 0 0 0 0 0 0 0 0 0 0 0 0 0 0 0 0 0 0 0 0 0 0 0 0 0 0 0 0]
[2524145986445228911558763723731481952113440025745667332009176900252063162406235325119478980670052142750886004866080224843557278567049970649932257223954 0 0 0 0 0 0 1 0 0 0 0 0 0 0 0 0 0 0 0 0 0 0 0 0 0 0 0 0 0 0 0 0 0 0 0 0 0 0 0 0 0 0 0 0 0 0 0 0 0]
[2032093967202259191962930088211272719767896815238470090551491232676795469448109652182422272476956692581548072375057338452927743607610046904947077486612 0 0 0 0 0 0 0 1 0 0 0 0 0 0 0 0 0 0 0 0 0 0 0 0 0 0 0 0 0 0 0 0 0 0 0 0 0 0 0 0 0 0 0 0 0 0 0 0 0]
[2477746417499405536674604274701567029950289825204405961217037045115074462349287710986752172931012167258655972403018274006650355564159107349994016049926 0 0 0 0 0 0 0 0 1 0 0 0 0 0 0 0 0 0 0 0 0 0 0 0 0 0 0 0 0 0 0 0 0 0 0 0 0 0 0 0 0 0 0 0 0 0 0 0 0]
[851292812990640889683855766954289150560807348766183870663016292572773584962775523278379450041726443427420778795529562834450567944250814481552424854873 0 0 0 0 0 0 0 0 0 1 0 0 0 0 0 0 0 0 0 0 0 0 0 0 0 0 0 0 0 0 0 0 0 0 0 0 0 0 0 0 0 0 0 0 0 0 0 0 0]
[925768753264465613543822213372547537516227849967916650240329276046716207153231909404659143705492224106814878888487117153091941968934457340794288853968 0 0 0 0 0 0 0 0 0 0 1 0 0 0 0 0 0 0 0 0 0 0 0 0 0 0 0 0 0 0 0 0 0 0 0 0 0 0 0 0 0 0 0 0 0 0 0 0 0]
[526257860896944567526597715620318887191802635293802799371464929240373753660169774193651080156978857163153287530402684584171699533749146431900260456469 0 0 0 0 0 0 0 0 0 0 0 1 0 0 0 0 0 0 0 0 0 0 0 0 0 0 0 0 0 0 0 0 0 0 0 0 0 0 0 0 0 0 0 0 0 0 0 0 0]
[2055746904304875146962255846724393964447191239474556655035831051632797173039254393274745532248764369980490154223714690627157956052817615986440630980642 0 0 0 0 0 0 0 0 0 0 0 0 1 0 0 0 0 0 0 0 0 0 0 0 0 0 0 0 0 0 0 0 0 0 0 0 0 0 0 0 0 0 0 0 0 0 0 0 0]
[2646286870122463289915590671685401154329019105389761487770559002006933425282798726642667939860750469462428042839649038274695898121562723149287191846130 0 0 0 0 0 0 0 0 0 0 0 0 0 1 0 0 0 0 0 0 0 0 0 0 0 0 0 0 0 0 0 0 0 0 0 0 0 0 0 0 0 0 0 0 0 0 0 0 0]
[2619773274493369627232136139881814138059176526020714906238303060654185042447285127307289688289694230335658457334562261660179468305330320746352103654917 0 0 0 0 0 0 0 0 0 0 0 0 0 0 1 0 0 0 0 0 0 0 0 0 0 0 0 0 0 0 0 0 0 0 0 0 0 0 0 0 0 0 0 0 0 0 0 0 0]
[1379082472265466605645057474799906068612183356492205055780504695362907627587230778803943513464426511343044050775552166438244633995685532185459014186274 0 0 0 0 0 0 0 0 0 0 0 0 0 0 0 1 0 0 0 0 0 0 0 0 0 0 0 0 0 0 0 0 0 0 0 0 0 0 0 0 0 0 0 0 0 0 0 0 0]
[1005038389951404732293974178460770746681126115901420813399457540183434873724436126493358472785737765674902450278914642073122313225698735508073882540177 0 0 0 0 0 0 0 0 0 0 0 0 0 0 0 0 1 0 0 0 0 0 0 0 0 0 0 0 0 0 0 0 0 0 0 0 0 0 0 0 0 0 0 0 0 0 0 0 0]
[1307178616936134606505803410867515926591218368436543616152033687037238060561517601301179939577576859746810887548522892245348866101978335973558227874276 0 0 0 0 0 0 0 0 0 0 0 0 0 0 0 0 0 1 0 0 0 0 0 0 0 0 0 0 0 0 0 0 0 0 0 0 0 0 0 0 0 0 0 0 0 0 0 0 0]
[974016702948478981453525280011679141840319173392076920747669487680735855147595576605953292524129514378668840363693392263336131662103081784441633047898 0 0 0 0 0 0 0 0 0 0 0 0 0 0 0 0 0 0 1 0 0 0 0 0 0 0 0 0 0 0 0 0 0 0 0 0 0 0 0 0 0 0 0 0 0 0 0 0 0]
[1854824790359232092116239665234175361542830972115904334893793684511848201966802189569562949961237421152263435813284781394440450156602885270293440082437 0 0 0 0 0 0 0 0 0 0 0 0 0 0 0 0 0 0 0 1 0 0 0 0 0 0 0 0 0 0 0 0 0 0 0 0 0 0 0 0 0 0 0 0 0 0 0 0 0]
[1482922070372644970006995211174829713444948903670334432618729301173050279780314881142820971767208543971556083815255040231336124826480249597735564831018 0 0 0 0 0 0 0 0 0 0 0 0 0 0 0 0 0 0 0 0 1 0 0 0 0 0 0 0 0 0 0 0 0 0 0 0 0 0 0 0 0 0 0 0 0 0 0 0 0]
[1200591406443344615699252860629860792161424300603864458036963827498868350406234645610159661631590812527123617413547184526895643777723932303563062341795 0 0 0 0 0 0 0 0 0 0 0 0 0 0 0 0 0 0 0 0 0 1 0 0 0 0 0 0 0 0 0 0 0 0 0 0 0 0 0 0 0 0 0 0 0 0 0 0 0]
[997458778573220018383540241192459573372290844691505222781943875484656871380131306453994998590288875039966407141629864330793193890424245768882165885808 0 0 0 0 0 0 0 0 0 0 0 0 0 0 0 0 0 0 0 0 0 0 1 0 0 0 0 0 0 0 0 0 0 0 0 0 0 0 0 0 0 0 0 0 0 0 0 0 0]
[1209914292598481364945521145674432471807940247055417050840158939654886275201000145779757947848985692916606050118034410571860142140729950931007694468877 0 0 0 0 0 0 0 0 0 0 0 0 0 0 0 0 0 0 0 0 0 0 0 1 0 0 0 0 0 0 0 0 0 0 0 0 0 0 0 0 0 0 0 0 0 0 0 0 0]
[1508713291991113763974934155088631811284031689981544329730363238263369592830891741312235797651083495597168565143669128058426798591010112823606373719109 0 0 0 0 0 0 0 0 0 0 0 0 0 0 0 0 0 0 0 0 0 0 0 0 1 0 0 0 0 0 0 0 0 0 0 0 0 0 0 0 0 0 0 0 0 0 0 0 0]
[2568887398602043369545786388565223897149292269137790725997796813738937501221091250215481040602889398279561144433897620976211697935217792053952601659148 0 0 0 0 0 0 0 0 0 0 0 0 0 0 0 0 0 0 0 0 0 0 0 0 0 1 0 0 0 0 0 0 0 0 0 0 0 0 0 0 0 0 0 0 0 0 0 0 0]
[501821134014408647455086817491074997999425322449454850076874921141659624290931768054374472107761483126312268110609537177194521170351564691330510034633 0 0 0 0 0 0 0 0 0 0 0 0 0 0 0 0 0 0 0 0 0 0 0 0 0 0 1 0 0 0 0 0 0 0 0 0 0 0 0 0 0 0 0 0 0 0 0 0 0]
[2281730695114502353174474566026785304387901100864676460932405059082212098984526506969871539092827363251439284746439601228003261452389364757910511614146 0 0 0 0 0 0 0 0 0 0 0 0 0 0 0 0 0 0 0 0 0 0 0 0 0 0 0 1 0 0 0 0 0 0 0 0 0 0 0 0 0 0 0 0 0 0 0 0 0]
[1548097659447986876294320969414317084327202108415014538927587271275999315461259613998398068871749061139750801903292364854531131558640109056903298553662 0 0 0 0 0 0 0 0 0 0 0 0 0 0 0 0 0 0 0 0 0 0 0 0 0 0 0 0 1 0 0 0 0 0 0 0 0 0 0 0 0 0 0 0 0 0 0 0 0]
[1472122236547165957529443826744956284450398171810849494752584515626673658159974768180673572238038154745248257288631744837569182346583104940769185556982 0 0 0 0 0 0 0 0 0 0 0 0 0 0 0 0 0 0 0 0 0 0 0 0 0 0 0 0 0 1 0 0 0 0 0 0 0 0 0 0 0 0 0 0 0 0 0 0 0]
[2085392251350964818438666563041185530729529973507796039773675102616518538267843604452722813197317106925716521528215196499981905274004166021158447776208 0 0 0 0 0 0 0 0 0 0 0 0 0 0 0 0 0 0 0 0 0 0 0 0 0 0 0 0 0 0 1 0 0 0 0 0 0 0 0 0 0 0 0 0 0 0 0 0 0]
[1131520331611772984384250277589888966588060359266474364667495602286681666195048233787487219036674290046661758508912518131494966028260577759208124139437 0 0 0 0 0 0 0 0 0 0 0 0 0 0 0 0 0 0 0 0 0 0 0 0 0 0 0 0 0 0 0 1 0 0 0 0 0 0 0 0 0 0 0 0 0 0 0 0 0]
[123344917644537673192437607812153778654843585529668857295012142583343332530433037326504758544003370920294473511626106580893728516011153466635058046299 0 0 0 0 0 0 0 0 0 0 0 0 0 0 0 0 0 0 0 0 0 0 0 0 0 0 0 0 0 0 0 0 1 0 0 0 0 0 0 0 0 0 0 0 0 0 0 0 0]
[2309465101346318463118804344447580752164100034243123880879925088977150356686760601285323722021568185171968438805486067119377566924884523588367075788598 0 0 0 0 0 0 0 0 0 0 0 0 0 0 0 0 0 0 0 0 0 0 0 0 0 0 0 0 0 0 0 0 0 1 0 0 0 0 0 0 0 0 0 0 0 0 0 0 0]
[868677153428006263700954916315680390533698993197396240830145412534004362828908246469436883799591785898112492774570755826775957572635030980120210480148 0 0 0 0 0 0 0 0 0 0 0 0 0 0 0 0 0 0 0 0 0 0 0 0 0 0 0 0 0 0 0 0 0 0 1 0 0 0 0 0 0 0 0 0 0 0 0 0 0]
[2275615628426822280261582333231832864331342870992697387265571518669697157237736415815358800916011258035746567216951482032438389596815615983542110793622 0 0 0 0 0 0 0 0 0 0 0 0 0 0 0 0 0 0 0 0 0 0 0 0 0 0 0 0 0 0 0 0 0 0 0 1 0 0 0 0 0 0 0 0 0 0 0 0 0]
[1484561313262905491801328893626142284107958943427319014454206466335703996241412461881651265076868235509762869215591713271615495667985820583287593166120 0 0 0 0 0 0 0 0 0 0 0 0 0 0 0 0 0 0 0 0 0 0 0 0 0 0 0 0 0 0 0 0 0 0 0 0 1 0 0 0 0 0 0 0 0 0 0 0 0]
[1105557449421811548983715761961503434215546476453461303677556484759639207660233630630606767021546093196395242548131170188654951090113029577604923272582 0 0 0 0 0 0 0 0 0 0 0 0 0 0 0 0 0 0 0 0 0 0 0 0 0 0 0 0 0 0 0 0 0 0 0 0 0 1 0 0 0 0 0 0 0 0 0 0 0]
[848771080016332859505447993257998709098841430535370066758228276692298271079003363259428607283976777830068815617310297566111665928717462451539729899570 0 0 0 0 0 0 0 0 0 0 0 0 0 0 0 0 0 0 0 0 0 0 0 0 0 0 0 0 0 0 0 0 0 0 0 0 0 0 1 0 0 0 0 0 0 0 0 0 0]
[2517162907470452652627800517098529588811588529063129043632592622180858711587186679440140650334567964965483820879333005893179584800945279998769846480129 0 0 0 0 0 0 0 0 0 0 0 0 0 0 0 0 0 0 0 0 0 0 0 0 0 0 0 0 0 0 0 0 0 0 0 0 0 0 0 1 0 0 0 0 0 0 0 0 0]
[2471862706190147444200633826353347617481518043451880812478378930898198663471565770284495323928774842679190033326312909638639898567404954276333495797578 0 0 0 0 0 0 0 0 0 0 0 0 0 0 0 0 0 0 0 0 0 0 0 0 0 0 0 0 0 0 0 0 0 0 0 0 0 0 0 0 1 0 0 0 0 0 0 0 0]
[1586391621578272626983677659465540839718496616813908282202757753359601937454919504338302118766591070329810925308808764368402571498048505357881918352040 0 0 0 0 0 0 0 0 0 0 0 0 0 0 0 0 0 0 0 0 0 0 0 0 0 0 0 0 0 0 0 0 0 0 0 0 0 0 0 0 0 1 0 0 0 0 0 0 0]
[2620396678368511978037418912265416352427775081184344756448624029925508868899880319627227434263307910051152371398675286620382263786544700330534552361116 0 0 0 0 0 0 0 0 0 0 0 0 0 0 0 0 0 0 0 0 0 0 0 0 0 0 0 0 0 0 0 0 0 0 0 0 0 0 0 0 0 0 1 0 0 0 0 0 0]
[2371315078296279983493830290671802400454011209938840477353771702971622950032526609088740999363133248065151141766787527322453624688189863324769184165730 0 0 0 0 0 0 0 0 0 0 0 0 0 0 0 0 0 0 0 0 0 0 0 0 0 0 0 0 0 0 0 0 0 0 0 0 0 0 0 0 0 0 0 1 0 0 0 0 0]
[1615440626741493257877986647298645559856831257057154152987572127628085635265864034086683963708221239722470452430502587508085375843396265977670244240068 0 0 0 0 0 0 0 0 0 0 0 0 0 0 0 0 0 0 0 0 0 0 0 0 0 0 0 0 0 0 0 0 0 0 0 0 0 0 0 0 0 0 0 0 1 0 0 0 0]
[446551947515744483641982626452004429182887903363414806333573330424819297825398767475678655406850462737641288353937907910527575719043962150148822316640 0 0 0 0 0 0 0 0 0 0 0 0 0 0 0 0 0 0 0 0 0 0 0 0 0 0 0 0 0 0 0 0 0 0 0 0 0 0 0 0 0 0 0 0 0 1 0 0 0]
[461225715753767029859779243990113745287630550743586937644099536310967875827766461800410770674648905979867911956994067700853387526010419721747443704858 0 0 0 0 0 0 0 0 0 0 0 0 0 0 0 0 0 0 0 0 0 0 0 0 0 0 0 0 0 0 0 0 0 0 0 0 0 0 0 0 0 0 0 0 0 0 1 0 0]
[2595617624641123678834520845754493358996515156597713528585823936447147022428708591536451778967377268547885022184380947477339680652456932741748009946060 0 0 0 0 0 0 0 0 0 0 0 0 0 0 0 0 0 0 0 0 0 0 0 0 0 0 0 0 0 0 0 0 0 0 0 0 0 0 0 0 0 0 0 0 0 0 0 1 0]
[1674496162922168054471626150078351582177191811821378971850318450685480326962419302169882547079643581038258770411896855192427401162037099793689867148392 0 0 0 0 0 0 0 0 0 0 0 0 0 0 0 0 0 0 0 0 0 0 0 0 0 0 0 0 0 0 0 0 0 0 0 0 0 0 0 0 0 0 0 0 0 0 0 0 1]
]
