[[4848112172879687288547743086315167559045377842789214343292468314004252491764476626954579129517675463867697173272908928092091030891060445727514674411935880720746673750989243195493960423276077815074828574123258575395596522994719905175725013661274715145120636500137821972013 0 0 0 0 0 0 0 0 0 0 0 0 0 0 0 0 0 0 0 0 0 0 0 0 0 0 0 0 0 0 0 0 0 0 0 0 0 0 0 0 0 0 0 0 0 0 0 0 0 0 0 0 0 0 0 0 0 0 0 0 0 0 0 0 0 0 0 0 0 0 0 0 0 0 0 0 0 0 0 0 0 0 0 0 0 0 0 0 0]
[1027712386291422401060380636321727880841908724617929416026990155409958382926431146054192861644497629018063572360840001238092350339524960486714320301137615078197538199478309806128089012190679845544308040586598718168521265720185267389442391333074129530539416275747802027383 1 0 0 0 0 0 0 0 0 0 0 0 0 0 0 0 0 0 0 0 0 0 0 0 0 0 0 0 0 0 0 0 0 0 0 0 0 0 0 0 0 0 0 0 0 0 0 0 0 0 0 0 0 0 0 0 0 0 0 0 0 0 0 0 0 0 0 0 0 0 0 0 0 0 0 0 0 0 0 0 0 0 0 0 0 0 0 0 0]
[4489757599566611570428089244702397819247889836362777279719803529570906120663216300388947887583408736407917887150725183078641191110454367396485888127507418973868663149699035788722920458726641354599431677449765828289579472487750231301076876724801648485453536686421981142721 0 1 0 0 0 0 0 0 0 0 0 0 0 0 0 0 0 0 0 0 0 0 0 0 0 0 0 0 0 0 0 0 0 0 0 0 0 0 0 0 0 0 0 0 0 0 0 0 0 0 0 0 0 0 0 0 0 0 0 0 0 0 0 0 0 0 0 0 0 0 0 0 0 0 0 0 0 0 0 0 0 0 0 0 0 0 0 0 0]
[2214779959484209574077196078147122173973157820738715072039534641716643244249696221714325849810489821895922615129183973739248793688013934085278409982220927137959379165492925903160206524800905589642947306347029068627702468146822260834611203308143282061619382299868026947741 0 0 1 0 0 0 0 0 0 0 0 0 0 0 0 0 0 0 0 0 0 0 0 0 0 0 0 0 0 0 0 0 0 0 0 0 0 0 0 0 0 0 0 0 0 0 0 0 0 0 0 0 0 0 0 0 0 0 0 0 0 0 0 0 0 0 0 0 0 0 0 0 0 0 0 0 0 0 0 0 0 0 0 0 0 0 0 0 0]
[2343004741485870543779155129183132994602172842595903900890835020028625084061290765444855840985444859474906945718984224339641803471740919666531404446863960805358658888636329713749176329678931699225981591731343775744374714601844924723107525540207840756968536651066557999054 0 0 0 1 0 0 0 0 0 0 0 0 0 0 0 0 0 0 0 0 0 0 0 0 0 0 0 0 0 0 0 0 0 0 0 0 0 0 0 0 0 0 0 0 0 0 0 0 0 0 0 0 0 0 0 0 0 0 0 0 0 0 0 0 0 0 0 0 0 0 0 0 0 0 0 0 0 0 0 0 0 0 0 0 0 0 0 0 0]
[1369313137938951816938177849026518873918065563431323684620823359591886985821925265503752040069923333392812901507094799711731434157993376139130191371923679635480117211195006280566521319182818798063336758877510854363443979111082195766101213795850581028091776464491635680601 0 0 0 0 1 0 0 0 0 0 0 0 0 0 0 0 0 0 0 0 0 0 0 0 0 0 0 0 0 0 0 0 0 0 0 0 0 0 0 0 0 0 0 0 0 0 0 0 0 0 0 0 0 0 0 0 0 0 0 0 0 0 0 0 0 0 0 0 0 0 0 0 0 0 0 0 0 0 0 0 0 0 0 0 0 0 0 0 0]
[1497929225685142058887693497102925839616639479165876381713438430854803092564791902495747771959339144466542511169238320230942335127885070419764571233891204678782623425582273129731770360562733943791094584195340640069909015858233223237248867990716423246762046037819944534041 0 0 0 0 0 1 0 0 0 0 0 0 0 0 0 0 0 0 0 0 0 0 0 0 0 0 0 0 0 0 0 0 0 0 0 0 0 0 0 0 0 0 0 0 0 0 0 0 0 0 0 0 0 0 0 0 0 0 0 0 0 0 0 0 0 0 0 0 0 0 0 0 0 0 0 0 0 0 0 0 0 0 0 0 0 0 0 0 0]
[811842455199333863492009057312503843805941759867023066391211756224147270789374635760644396680530134375534856901584485374629175576820788586406566861362975693352640095824713665567218122140280743901763918518597159971648089996966832532112887891003313056794342431091824058981 0 0 0 0 0 0 1 0 0 0 0 0 0 0 0 0 0 0 0 0 0 0 0 0 0 0 0 0 0 0 0 0 0 0 0 0 0 0 0 0 0 0 0 0 0 0 0 0 0 0 0 0 0 0 0 0 0 0 0 0 0 0 0 0 0 0 0 0 0 0 0 0 0 0 0 0 0 0 0 0 0 0 0 0 0 0 0 0 0]
[38532836034982783502261852227854450893776119350512573648743213804614488266716114238008357925283833159103764758893931606848314729115883343000085990427071025539124622422562138440944331477111398905195184121762641121478839111095427352031927826436472535169293650316743397417 0 0 0 0 0 0 0 1 0 0 0 0 0 0 0 0 0 0 0 0 0 0 0 0 0 0 0 0 0 0 0 0 0 0 0 0 0 0 0 0 0 0 0 0 0 0 0 0 0 0 0 0 0 0 0 0 0 0 0 0 0 0 0 0 0 0 0 0 0 0 0 0 0 0 0 0 0 0 0 0 0 0 0 0 0 0 0 0 0]
[1348842586378428841250861630077729639898371648120533535145500093094921357191860167201744279145553586017080180763092002011297504792421585341684232000173940414186534544305325049962035609658668238237516034704185993376442319493974467348249895581227280367741837482351506517021 0 0 0 0 0 0 0 0 1 0 0 0 0 0 0 0 0 0 0 0 0 0 0 0 0 0 0 0 0 0 0 0 0 0 0 0 0 0 0 0 0 0 0 0 0 0 0 0 0 0 0 0 0 0 0 0 0 0 0 0 0 0 0 0 0 0 0 0 0 0 0 0 0 0 0 0 0 0 0 0 0 0 0 0 0 0 0 0 0]
[3043601361197726612419331043357874324856781037891683233548102525877922735812100356370325751519589896520237054593077694633202629773439078034801246219277994239193439102032305093400140314263043390070397164648062130667006904722757373237941525688891157547630223639675912916985 0 0 0 0 0 0 0 0 0 1 0 0 0 0 0 0 0 0 0 0 0 0 0 0 0 0 0 0 0 0 0 0 0 0 0 0 0 0 0 0 0 0 0 0 0 0 0 0 0 0 0 0 0 0 0 0 0 0 0 0 0 0 0 0 0 0 0 0 0 0 0 0 0 0 0 0 0 0 0 0 0 0 0 0 0 0 0 0 0]
[2069178200629994695761132895204568379629290077826746161308479683062664407680802349001107086798472375307709106528046146652736954822322006615411350786221510619258410821524309835063198831067574755629861894078012151646801861022106547357365131271981849192582101960206864562951 0 0 0 0 0 0 0 0 0 0 1 0 0 0 0 0 0 0 0 0 0 0 0 0 0 0 0 0 0 0 0 0 0 0 0 0 0 0 0 0 0 0 0 0 0 0 0 0 0 0 0 0 0 0 0 0 0 0 0 0 0 0 0 0 0 0 0 0 0 0 0 0 0 0 0 0 0 0 0 0 0 0 0 0 0 0 0 0 0]
[2347233710104411765927293572530241974458599566669176411420163782219823711628352404934137322572653424269125833963773691633263147332844205210708058592718040532064678354584230142719094407109141632124768882879837729673447898279880939700682343787774815532821114425401498576088 0 0 0 0 0 0 0 0 0 0 0 1 0 0 0 0 0 0 0 0 0 0 0 0 0 0 0 0 0 0 0 0 0 0 0 0 0 0 0 0 0 0 0 0 0 0 0 0 0 0 0 0 0 0 0 0 0 0 0 0 0 0 0 0 0 0 0 0 0 0 0 0 0 0 0 0 0 0 0 0 0 0 0 0 0 0 0 0 0]
[36063103123633890795717516736966290889695947222756362789655001278767184415659056901033689461142391551896084977032007372145344441920020495206196974366786283983108194946324848049083188986444224485613164175191747985066353845221060835968281286740576410853253861455986106820 0 0 0 0 0 0 0 0 0 0 0 0 1 0 0 0 0 0 0 0 0 0 0 0 0 0 0 0 0 0 0 0 0 0 0 0 0 0 0 0 0 0 0 0 0 0 0 0 0 0 0 0 0 0 0 0 0 0 0 0 0 0 0 0 0 0 0 0 0 0 0 0 0 0 0 0 0 0 0 0 0 0 0 0 0 0 0 0 0]
[3703777397271066292604747661668498488482008728192311731978558521711308983529731664112926463732027512733478822712061386550804698149839161913994766037272557067958736662565817320434432694488261403064596520818914113618924291207116271684202240244235746693990581703981030248579 0 0 0 0 0 0 0 0 0 0 0 0 0 1 0 0 0 0 0 0 0 0 0 0 0 0 0 0 0 0 0 0 0 0 0 0 0 0 0 0 0 0 0 0 0 0 0 0 0 0 0 0 0 0 0 0 0 0 0 0 0 0 0 0 0 0 0 0 0 0 0 0 0 0 0 0 0 0 0 0 0 0 0 0 0 0 0 0 0]
[106860285530063674474983997854977310158890109043259953660912356717342499114133409793686985360203641586480051592655973370486265651624650335085920795381530299063998147870544752106459340537680339108386579299431749991347869550554805131129783153505415283647997813097355354853 0 0 0 0 0 0 0 0 0 0 0 0 0 0 1 0 0 0 0 0 0 0 0 0 0 0 0 0 0 0 0 0 0 0 0 0 0 0 0 0 0 0 0 0 0 0 0 0 0 0 0 0 0 0 0 0 0 0 0 0 0 0 0 0 0 0 0 0 0 0 0 0 0 0 0 0 0 0 0 0 0 0 0 0 0 0 0 0 0]
[3503078416757406070481969577822765255516707808142131755266703078642035203958002184101466646732840943642500456575318869834253001444800923050661554161436441823412341059993442930888472603775332623201311528833501440124347761958232505584576786316260747345575168384781562622395 0 0 0 0 0 0 0 0 0 0 0 0 0 0 0 1 0 0 0 0 0 0 0 0 0 0 0 0 0 0 0 0 0 0 0 0 0 0 0 0 0 0 0 0 0 0 0 0 0 0 0 0 0 0 0 0 0 0 0 0 0 0 0 0 0 0 0 0 0 0 0 0 0 0 0 0 0 0 0 0 0 0 0 0 0 0 0 0 0]
[809487175536398404047258624114317490669786053784464798731453105038835396955753404433032382749786338338737517153299139613987095217719737862629569015218821936031287197260969859526178409209370359400801432698580492280530506415244919013356669851321930617547063157974513512289 0 0 0 0 0 0 0 0 0 0 0 0 0 0 0 0 1 0 0 0 0 0 0 0 0 0 0 0 0 0 0 0 0 0 0 0 0 0 0 0 0 0 0 0 0 0 0 0 0 0 0 0 0 0 0 0 0 0 0 0 0 0 0 0 0 0 0 0 0 0 0 0 0 0 0 0 0 0 0 0 0 0 0 0 0 0 0 0 0]
[1628246495122632072794738103730059837591837246897419417379469523632901126075936381987891196725635578604878332830674526286801454808904255224257107962087165279022898557546938961959747357023970971035056718896453406441605026213868730338666101889622854812792207205388783415332 0 0 0 0 0 0 0 0 0 0 0 0 0 0 0 0 0 1 0 0 0 0 0 0 0 0 0 0 0 0 0 0 0 0 0 0 0 0 0 0 0 0 0 0 0 0 0 0 0 0 0 0 0 0 0 0 0 0 0 0 0 0 0 0 0 0 0 0 0 0 0 0 0 0 0 0 0 0 0 0 0 0 0 0 0 0 0 0 0]
[2838626854726007217699317185560382868017200366597184891332579084726929194188124922986689784299098792460250490912012589979973791476277620287663702396799669229236424441896896432561866855749773840365963180419613652653604185016637236618648142799826573259226742595525899233199 0 0 0 0 0 0 0 0 0 0 0 0 0 0 0 0 0 0 1 0 0 0 0 0 0 0 0 0 0 0 0 0 0 0 0 0 0 0 0 0 0 0 0 0 0 0 0 0 0 0 0 0 0 0 0 0 0 0 0 0 0 0 0 0 0 0 0 0 0 0 0 0 0 0 0 0 0 0 0 0 0 0 0 0 0 0 0 0 0]
[543811646816308073044773803982889948423673230972676256632493708748454221240713496118020085933157858793966828045328487457639520887745911345967901533030682316182661550163985050632416116166789239442031118628397014555782265360400460334762938595249431661748287137884048333498 0 0 0 0 0 0 0 0 0 0 0 0 0 0 0 0 0 0 0 1 0 0 0 0 0 0 0 0 0 0 0 0 0 0 0 0 0 0 0 0 0 0 0 0 0 0 0 0 0 0 0 0 0 0 0 0 0 0 0 0 0 0 0 0 0 0 0 0 0 0 0 0 0 0 0 0 0 0 0 0 0 0 0 0 0 0 0 0 0]
[659537396524835613284827553478375124969504818679171603880619338054678584973353726229729164994842100237742394656791803554369187125380456907409840740951668282674920350237568434088272528407862059631728589658637238198074131715928449314361610720639749712044312288501049870506 0 0 0 0 0 0 0 0 0 0 0 0 0 0 0 0 0 0 0 0 1 0 0 0 0 0 0 0 0 0 0 0 0 0 0 0 0 0 0 0 0 0 0 0 0 0 0 0 0 0 0 0 0 0 0 0 0 0 0 0 0 0 0 0 0 0 0 0 0 0 0 0 0 0 0 0 0 0 0 0 0 0 0 0 0 0 0 0 0]
[4795636119495868560477395786023888997505718618221715139166923426035648961952208940049239485651101326845675926964339743009987383536026439255201183793657740390266264732322325659378199353377859160500483822255829711981243141355738338615250991483887264272096457876369960713864 0 0 0 0 0 0 0 0 0 0 0 0 0 0 0 0 0 0 0 0 0 1 0 0 0 0 0 0 0 0 0 0 0 0 0 0 0 0 0 0 0 0 0 0 0 0 0 0 0 0 0 0 0 0 0 0 0 0 0 0 0 0 0 0 0 0 0 0 0 0 0 0 0 0 0 0 0 0 0 0 0 0 0 0 0 0 0 0 0]
[2242297103566226217188161121517398313376702332366035654769672525503610063485251638800675113736870046188095604976099404084573903011524801538597436845433007279404722715535081995438865011219876746932615834245724511236876010932658620262455253473370758457433002983289550067734 0 0 0 0 0 0 0 0 0 0 0 0 0 0 0 0 0 0 0 0 0 0 1 0 0 0 0 0 0 0 0 0 0 0 0 0 0 0 0 0 0 0 0 0 0 0 0 0 0 0 0 0 0 0 0 0 0 0 0 0 0 0 0 0 0 0 0 0 0 0 0 0 0 0 0 0 0 0 0 0 0 0 0 0 0 0 0 0 0]
[1321141509927653585333569048477013740772510205318357575089670988731911341753511176231099352290974587404641640204169753423694119721180719002071427220602161536583301346461850038241238711717313558667094798765325090205674541611277065267627678096249723395634637367353130014278 0 0 0 0 0 0 0 0 0 0 0 0 0 0 0 0 0 0 0 0 0 0 0 1 0 0 0 0 0 0 0 0 0 0 0 0 0 0 0 0 0 0 0 0 0 0 0 0 0 0 0 0 0 0 0 0 0 0 0 0 0 0 0 0 0 0 0 0 0 0 0 0 0 0 0 0 0 0 0 0 0 0 0 0 0 0 0 0 0]
[2524423330137127609046108356402407885495873019674246337386237473870149033241346518175419584537524122485489196780183574335532268145862115385318177063084449849148395264893095383655432725570618465082210219888777651710998002978446126036912467543626969554408066241343310284169 0 0 0 0 0 0 0 0 0 0 0 0 0 0 0 0 0 0 0 0 0 0 0 0 1 0 0 0 0 0 0 0 0 0 0 0 0 0 0 0 0 0 0 0 0 0 0 0 0 0 0 0 0 0 0 0 0 0 0 0 0 0 0 0 0 0 0 0 0 0 0 0 0 0 0 0 0 0 0 0 0 0 0 0 0 0 0 0 0]
[1374001287686957643856948592003210412911702348310620438545539769112154465101327497118930299890899746209420310609018897329687624544496847414233357341030111114886243006984821858973748146824610322356649762951349520676928399466050273945354572499562877910658169344968999602791 0 0 0 0 0 0 0 0 0 0 0 0 0 0 0 0 0 0 0 0 0 0 0 0 0 1 0 0 0 0 0 0 0 0 0 0 0 0 0 0 0 0 0 0 0 0 0 0 0 0 0 0 0 0 0 0 0 0 0 0 0 0 0 0 0 0 0 0 0 0 0 0 0 0 0 0 0 0 0 0 0 0 0 0 0 0 0 0 0]
[1304885089169938205442509263002018559318386106725007992097273372613633576422078088186975392700942755714063022469700657421563743214917196737219641561446450380866196852114751853291034817375489310492126411611722921018026268859122128002096005844308432618875431559004074094084 0 0 0 0 0 0 0 0 0 0 0 0 0 0 0 0 0 0 0 0 0 0 0 0 0 0 1 0 0 0 0 0 0 0 0 0 0 0 0 0 0 0 0 0 0 0 0 0 0 0 0 0 0 0 0 0 0 0 0 0 0 0 0 0 0 0 0 0 0 0 0 0 0 0 0 0 0 0 0 0 0 0 0 0 0 0 0 0 0]
[860512989968836997717738011116227972007027549205336444755332002941794477524985825413567508211025616813223737186648269107374007354292650100083640165272132079044226098816313780739250231256459402779278402612020129410977374840548209828748606160133008149706463084924008852453 0 0 0 0 0 0 0 0 0 0 0 0 0 0 0 0 0 0 0 0 0 0 0 0 0 0 0 1 0 0 0 0 0 0 0 0 0 0 0 0 0 0 0 0 0 0 0 0 0 0 0 0 0 0 0 0 0 0 0 0 0 0 0 0 0 0 0 0 0 0 0 0 0 0 0 0 0 0 0 0 0 0 0 0 0 0 0 0 0]
[4726448394655506972436580326205511292554197074511115558743521267129744398810862205333358800790312675511549084520618318292365743541307843941478176636825100084617906856132016058624470797014536787812285940905173985989530993810622212821000120171551957038242611512449757866014 0 0 0 0 0 0 0 0 0 0 0 0 0 0 0 0 0 0 0 0 0 0 0 0 0 0 0 0 1 0 0 0 0 0 0 0 0 0 0 0 0 0 0 0 0 0 0 0 0 0 0 0 0 0 0 0 0 0 0 0 0 0 0 0 0 0 0 0 0 0 0 0 0 0 0 0 0 0 0 0 0 0 0 0 0 0 0 0 0]
[4470420125536849127651394043004843070462946106166744871178587773143092904625203009633912067927300823645971898707710914313462372451264727141455644861496869206180815402839643498397122416993375248779162132092529201688786344934168266599972464689734564663243196662077960984481 0 0 0 0 0 0 0 0 0 0 0 0 0 0 0 0 0 0 0 0 0 0 0 0 0 0 0 0 0 1 0 0 0 0 0 0 0 0 0 0 0 0 0 0 0 0 0 0 0 0 0 0 0 0 0 0 0 0 0 0 0 0 0 0 0 0 0 0 0 0 0 0 0 0 0 0 0 0 0 0 0 0 0 0 0 0 0 0 0]
[2460436934821643278103214697696556311413751794789357432536681304416473049962911558953440393704497132736568562057313111990220146668924320362788448499767766706028706971457219287465730359007528649606964447832332449609369842025282105935779238109266778954962497191156839171210 0 0 0 0 0 0 0 0 0 0 0 0 0 0 0 0 0 0 0 0 0 0 0 0 0 0 0 0 0 0 1 0 0 0 0 0 0 0 0 0 0 0 0 0 0 0 0 0 0 0 0 0 0 0 0 0 0 0 0 0 0 0 0 0 0 0 0 0 0 0 0 0 0 0 0 0 0 0 0 0 0 0 0 0 0 0 0 0 0]
[2782916258415981544932137912231720611412584408575294496593027361325774537718974064496246297697626945711464743391034090139685301867965785704400386277330848887452335795475980413181233415795470348714643274764109275886063684219634209720319564954533652443293522297508729589281 0 0 0 0 0 0 0 0 0 0 0 0 0 0 0 0 0 0 0 0 0 0 0 0 0 0 0 0 0 0 0 1 0 0 0 0 0 0 0 0 0 0 0 0 0 0 0 0 0 0 0 0 0 0 0 0 0 0 0 0 0 0 0 0 0 0 0 0 0 0 0 0 0 0 0 0 0 0 0 0 0 0 0 0 0 0 0 0 0]
[4493844779544627454429765652934739536925163973435964915446551608192680394844986308268632339439034125507396728784192699958531463895818424213072504551170021362855994529553890024057587717848903117837348952827440081251434439220445855629849999457916428462123378558583505679205 0 0 0 0 0 0 0 0 0 0 0 0 0 0 0 0 0 0 0 0 0 0 0 0 0 0 0 0 0 0 0 0 1 0 0 0 0 0 0 0 0 0 0 0 0 0 0 0 0 0 0 0 0 0 0 0 0 0 0 0 0 0 0 0 0 0 0 0 0 0 0 0 0 0 0 0 0 0 0 0 0 0 0 0 0 0 0 0 0]
[483444722308489658345566749325784831020207909508527062098669362138287780438480808786541103380564196385332729955508039579900009939589452345274950747016960819667073973523711152288159728045538374809403528790615175234550302728224476714933635769369019765870963170431541667530 0 0 0 0 0 0 0 0 0 0 0 0 0 0 0 0 0 0 0 0 0 0 0 0 0 0 0 0 0 0 0 0 0 1 0 0 0 0 0 0 0 0 0 0 0 0 0 0 0 0 0 0 0 0 0 0 0 0 0 0 0 0 0 0 0 0 0 0 0 0 0 0 0 0 0 0 0 0 0 0 0 0 0 0 0 0 0 0 0]
[3760801446952210978709084963686447922317962895944453649978995766810765165916762724330102985410868585789838629156005292985073023305659335875622624158209773922934391219830074052367112393540229524984596162249488279176786068273996255145112303460838341979486113348749526289434 0 0 0 0 0 0 0 0 0 0 0 0 0 0 0 0 0 0 0 0 0 0 0 0 0 0 0 0 0 0 0 0 0 0 1 0 0 0 0 0 0 0 0 0 0 0 0 0 0 0 0 0 0 0 0 0 0 0 0 0 0 0 0 0 0 0 0 0 0 0 0 0 0 0 0 0 0 0 0 0 0 0 0 0 0 0 0 0 0]
[1726460077714079222600401432795497234306980427053795538407577579883693271022380771291766532279863793488579124847565674513639617268484869416014653604544247183053408841128363695216331998044641831900285365839497238271811803147239786550796663810971050171369875044280552986652 0 0 0 0 0 0 0 0 0 0 0 0 0 0 0 0 0 0 0 0 0 0 0 0 0 0 0 0 0 0 0 0 0 0 0 1 0 0 0 0 0 0 0 0 0 0 0 0 0 0 0 0 0 0 0 0 0 0 0 0 0 0 0 0 0 0 0 0 0 0 0 0 0 0 0 0 0 0 0 0 0 0 0 0 0 0 0 0 0]
[1126563646471666916379782751620018452527891387393583941707627004643610886432473076282376813797543438734669644618174680007447893040203208618162861762755423002169261703125298573047939598507473494858571138800053957690791182827204088055837694491531014651092518433763841347850 0 0 0 0 0 0 0 0 0 0 0 0 0 0 0 0 0 0 0 0 0 0 0 0 0 0 0 0 0 0 0 0 0 0 0 0 1 0 0 0 0 0 0 0 0 0 0 0 0 0 0 0 0 0 0 0 0 0 0 0 0 0 0 0 0 0 0 0 0 0 0 0 0 0 0 0 0 0 0 0 0 0 0 0 0 0 0 0 0]
[1409522939871531760419551864800187984730831636381900023313004884032747610759340402700565230534837749996599677967049338691455762434463649867318194732439330936780701103850925107688346368646878872263400018356887973089818215791740112033989397881819010961996738816545622897183 0 0 0 0 0 0 0 0 0 0 0 0 0 0 0 0 0 0 0 0 0 0 0 0 0 0 0 0 0 0 0 0 0 0 0 0 0 1 0 0 0 0 0 0 0 0 0 0 0 0 0 0 0 0 0 0 0 0 0 0 0 0 0 0 0 0 0 0 0 0 0 0 0 0 0 0 0 0 0 0 0 0 0 0 0 0 0 0 0]
[4543716924302603382781001246991134753671303077277028614461069897897291775217000692134678354279654869200586316458590224521099201946045802001759493056923410763015949408439050760994429042496376844588692605643841497180619194388465004017465595476933699299212506666285419011762 0 0 0 0 0 0 0 0 0 0 0 0 0 0 0 0 0 0 0 0 0 0 0 0 0 0 0 0 0 0 0 0 0 0 0 0 0 0 1 0 0 0 0 0 0 0 0 0 0 0 0 0 0 0 0 0 0 0 0 0 0 0 0 0 0 0 0 0 0 0 0 0 0 0 0 0 0 0 0 0 0 0 0 0 0 0 0 0 0]
[214235890848637862625455444848358843744125757810833077242873973104375907031655904842031533359274544482604121432985751641638359119709669892711786064334070199174369245526092351951446896184958941287700258106833100766060364952029051751285937892653115142951245287440692566803 0 0 0 0 0 0 0 0 0 0 0 0 0 0 0 0 0 0 0 0 0 0 0 0 0 0 0 0 0 0 0 0 0 0 0 0 0 0 0 1 0 0 0 0 0 0 0 0 0 0 0 0 0 0 0 0 0 0 0 0 0 0 0 0 0 0 0 0 0 0 0 0 0 0 0 0 0 0 0 0 0 0 0 0 0 0 0 0 0]
[2190551430462004006495151944141470633529513807687564990638248915799153132017559408936365447034133779153940900495120407495293298091072456234264382535776614298643540620690728229619733767150991958681970170156927259367092182846957965592284580806713586353533333935026409401186 0 0 0 0 0 0 0 0 0 0 0 0 0 0 0 0 0 0 0 0 0 0 0 0 0 0 0 0 0 0 0 0 0 0 0 0 0 0 0 0 1 0 0 0 0 0 0 0 0 0 0 0 0 0 0 0 0 0 0 0 0 0 0 0 0 0 0 0 0 0 0 0 0 0 0 0 0 0 0 0 0 0 0 0 0 0 0 0 0]
[1792977654085601124345355015471005937419727520887698192534405339795853119920781056782899853616962835800922547802718414125740624189752190455279697976255800501797296839800963254891351612640318070455230268419428267072757720679856938072832068941827882996383854819937554126901 0 0 0 0 0 0 0 0 0 0 0 0 0 0 0 0 0 0 0 0 0 0 0 0 0 0 0 0 0 0 0 0 0 0 0 0 0 0 0 0 0 1 0 0 0 0 0 0 0 0 0 0 0 0 0 0 0 0 0 0 0 0 0 0 0 0 0 0 0 0 0 0 0 0 0 0 0 0 0 0 0 0 0 0 0 0 0 0 0]
[1594895781294639299952681921932580026268048736874241050248595744286193381323179373951254182783955893072575979032637876131188926062804252679156396203120819311760961715178228042509411529985574934783468582018051167497128077106496377495421907180267918618157940219193277393434 0 0 0 0 0 0 0 0 0 0 0 0 0 0 0 0 0 0 0 0 0 0 0 0 0 0 0 0 0 0 0 0 0 0 0 0 0 0 0 0 0 0 1 0 0 0 0 0 0 0 0 0 0 0 0 0 0 0 0 0 0 0 0 0 0 0 0 0 0 0 0 0 0 0 0 0 0 0 0 0 0 0 0 0 0 0 0 0 0]
[1860903265352351952043682111035614653157248667023079587113712430608087491642612909217806145481480927587470125940458548067925413073026180634814453242298650425608816253423733267176655412335160918769538785371111693717676110357324915206270903784154395432745923406787451009948 0 0 0 0 0 0 0 0 0 0 0 0 0 0 0 0 0 0 0 0 0 0 0 0 0 0 0 0 0 0 0 0 0 0 0 0 0 0 0 0 0 0 0 1 0 0 0 0 0 0 0 0 0 0 0 0 0 0 0 0 0 0 0 0 0 0 0 0 0 0 0 0 0 0 0 0 0 0 0 0 0 0 0 0 0 0 0 0 0]
[528573764312744018227252718840918589981999058434676224746564086467349284720443057254187096200955324977762124563930652592030264498894443258600730242752905797515163675100992356244289130284182069029013538163829594608079087055058242914815645314769505958485372092161921792760 0 0 0 0 0 0 0 0 0 0 0 0 0 0 0 0 0 0 0 0 0 0 0 0 0 0 0 0 0 0 0 0 0 0 0 0 0 0 0 0 0 0 0 0 1 0 0 0 0 0 0 0 0 0 0 0 0 0 0 0 0 0 0 0 0 0 0 0 0 0 0 0 0 0 0 0 0 0 0 0 0 0 0 0 0 0 0 0 0]
[2708992372578311107803377262008751351430426975111853533203549708460790399561618967565916871959171134067217770583926875408532867945303610439892185221382080134760011282989442055229313101657577448332622007860010750611217817195165569823254164730788288662205752291731090910981 0 0 0 0 0 0 0 0 0 0 0 0 0 0 0 0 0 0 0 0 0 0 0 0 0 0 0 0 0 0 0 0 0 0 0 0 0 0 0 0 0 0 0 0 0 1 0 0 0 0 0 0 0 0 0 0 0 0 0 0 0 0 0 0 0 0 0 0 0 0 0 0 0 0 0 0 0 0 0 0 0 0 0 0 0 0 0 0 0]
[4041546094148322755104382593953909849500655723406363404646803513380785628290683327932355751684190445019973556848031056129505075403887734861180704457895445925735504320280004171709364871432183591530510676067482289194298705721986288017257216686494993788886098741392036554446 0 0 0 0 0 0 0 0 0 0 0 0 0 0 0 0 0 0 0 0 0 0 0 0 0 0 0 0 0 0 0 0 0 0 0 0 0 0 0 0 0 0 0 0 0 0 1 0 0 0 0 0 0 0 0 0 0 0 0 0 0 0 0 0 0 0 0 0 0 0 0 0 0 0 0 0 0 0 0 0 0 0 0 0 0 0 0 0 0]
[3663918602380462943585676864882385836766683012820216531133266358583375089308152003639442578676703418063953794724530896140239736960339706761640387996796015062987003985995891604840319078549249828231449419695840105929619562485915285086241319381710921271209741807259570883868 0 0 0 0 0 0 0 0 0 0 0 0 0 0 0 0 0 0 0 0 0 0 0 0 0 0 0 0 0 0 0 0 0 0 0 0 0 0 0 0 0 0 0 0 0 0 0 1 0 0 0 0 0 0 0 0 0 0 0 0 0 0 0 0 0 0 0 0 0 0 0 0 0 0 0 0 0 0 0 0 0 0 0 0 0 0 0 0 0]
[3492362530135484344695390380773211575138700327760981822714597229343936328520054234293449253507813854019588688398350748323083404027928060444118086276973698809641881823260097789191498452921368219478241843526416421217440780202810909939498517719903467133799849866786940415760 0 0 0 0 0 0 0 0 0 0 0 0 0 0 0 0 0 0 0 0 0 0 0 0 0 0 0 0 0 0 0 0 0 0 0 0 0 0 0 0 0 0 0 0 0 0 0 0 1 0 0 0 0 0 0 0 0 0 0 0 0 0 0 0 0 0 0 0 0 0 0 0 0 0 0 0 0 0 0 0 0 0 0 0 0 0 0 0 0]
[4422236780055872157260691218960993853881185913505679241261815537084532874863582796433151845518405158308009218781489371381687072197795770410319822988760261922923885687671832763003502735816146188701046450129131219900354264236382472864134176700120435098199254156399082467654 0 0 0 0 0 0 0 0 0 0 0 0 0 0 0 0 0 0 0 0 0 0 0 0 0 0 0 0 0 0 0 0 0 0 0 0 0 0 0 0 0 0 0 0 0 0 0 0 0 1 0 0 0 0 0 0 0 0 0 0 0 0 0 0 0 0 0 0 0 0 0 0 0 0 0 0 0 0 0 0 0 0 0 0 0 0 0 0 0]
[678036845665725143215796751680418412363287091243025301550498273136282072497737681431816098748679893650283777745712701797897541525849694000773671017552995334719312263231120595033957756080720246685819721357478561762020630264609733082502360868078825877335092740894725821839 0 0 0 0 0 0 0 0 0 0 0 0 0 0 0 0 0 0 0 0 0 0 0 0 0 0 0 0 0 0 0 0 0 0 0 0 0 0 0 0 0 0 0 0 0 0 0 0 0 0 1 0 0 0 0 0 0 0 0 0 0 0 0 0 0 0 0 0 0 0 0 0 0 0 0 0 0 0 0 0 0 0 0 0 0 0 0 0 0]
[3409622766312145455385032455587756379370163494151670722621113395097792690957985250690337770935060206288098295152375655349972830491178477949833568090230325352496187471830009746160534906575801010311955821965622024816874442362944583155808506965804316508286093828951433413248 0 0 0 0 0 0 0 0 0 0 0 0 0 0 0 0 0 0 0 0 0 0 0 0 0 0 0 0 0 0 0 0 0 0 0 0 0 0 0 0 0 0 0 0 0 0 0 0 0 0 0 1 0 0 0 0 0 0 0 0 0 0 0 0 0 0 0 0 0 0 0 0 0 0 0 0 0 0 0 0 0 0 0 0 0 0 0 0 0]
[844051011652480847582384418495055427370808837335506888582914413288987626080893265049189913555071717578733558454683721995632849514826252327563071850445605053113293929201017446945557617602434805444531878628830273357066837645744019966457366634408374922578705383176664445204 0 0 0 0 0 0 0 0 0 0 0 0 0 0 0 0 0 0 0 0 0 0 0 0 0 0 0 0 0 0 0 0 0 0 0 0 0 0 0 0 0 0 0 0 0 0 0 0 0 0 0 0 1 0 0 0 0 0 0 0 0 0 0 0 0 0 0 0 0 0 0 0 0 0 0 0 0 0 0 0 0 0 0 0 0 0 0 0 0]
[846953986799527485209003302514122439977957233358934004132836340195317959338471835932569179704103602949212800651801980056352802598662651903545383331738014001739266994077676656569045381512705952266854270738113172147949137996589799921140824857021040770190789632586151065771 0 0 0 0 0 0 0 0 0 0 0 0 0 0 0 0 0 0 0 0 0 0 0 0 0 0 0 0 0 0 0 0 0 0 0 0 0 0 0 0 0 0 0 0 0 0 0 0 0 0 0 0 0 1 0 0 0 0 0 0 0 0 0 0 0 0 0 0 0 0 0 0 0 0 0 0 0 0 0 0 0 0 0 0 0 0 0 0 0]
[4778608671934793891020649731029405083616392749672792570945554264520991390340151077324041747775726967345643035630931782442576967299574056764697427730632903611569074377465630382695538129716045172908000183294907228394949230937283735878243171147567345958937008353431915821795 0 0 0 0 0 0 0 0 0 0 0 0 0 0 0 0 0 0 0 0 0 0 0 0 0 0 0 0 0 0 0 0 0 0 0 0 0 0 0 0 0 0 0 0 0 0 0 0 0 0 0 0 0 0 1 0 0 0 0 0 0 0 0 0 0 0 0 0 0 0 0 0 0 0 0 0 0 0 0 0 0 0 0 0 0 0 0 0 0]
[546739119870579845954225389014716477377912554889832873792184482011998222617173317284248871620687567355591308609681753128704519142292404306362369104806740993651364789544311343523507614298226405098888467255455740230053282479412494638123367462161231635806199478593539483094 0 0 0 0 0 0 0 0 0 0 0 0 0 0 0 0 0 0 0 0 0 0 0 0 0 0 0 0 0 0 0 0 0 0 0 0 0 0 0 0 0 0 0 0 0 0 0 0 0 0 0 0 0 0 0 1 0 0 0 0 0 0 0 0 0 0 0 0 0 0 0 0 0 0 0 0 0 0 0 0 0 0 0 0 0 0 0 0 0]
[3319373560417696507397104916101554337780686456860210468424475645402634643645397491061273449876396599664918132844789465456739966764123096292238009769975333245815079753793015742497701462588447717091872932182212398194564353063567021763684308579755106620694946124232055432213 0 0 0 0 0 0 0 0 0 0 0 0 0 0 0 0 0 0 0 0 0 0 0 0 0 0 0 0 0 0 0 0 0 0 0 0 0 0 0 0 0 0 0 0 0 0 0 0 0 0 0 0 0 0 0 0 1 0 0 0 0 0 0 0 0 0 0 0 0 0 0 0 0 0 0 0 0 0 0 0 0 0 0 0 0 0 0 0 0]
[70459613966627729291840520488393220031650569817806516011652220852280171399654831138340144630354935625712810304428382154830590308163468537424558532009007687893276069747143132338525694318360259711190527608013359955294466953733248687312469001191425764022969369796896578876 0 0 0 0 0 0 0 0 0 0 0 0 0 0 0 0 0 0 0 0 0 0 0 0 0 0 0 0 0 0 0 0 0 0 0 0 0 0 0 0 0 0 0 0 0 0 0 0 0 0 0 0 0 0 0 0 0 1 0 0 0 0 0 0 0 0 0 0 0 0 0 0 0 0 0 0 0 0 0 0 0 0 0 0 0 0 0 0 0]
[166474402972876058571836456529684330930240441124335644564847178154035466860944667764898048800486312110883715680084518182151559665351001968894176971633307999310991448534976806830422981869970162656305859497879306712493009767853781243263933580714730499286803886291097252183 0 0 0 0 0 0 0 0 0 0 0 0 0 0 0 0 0 0 0 0 0 0 0 0 0 0 0 0 0 0 0 0 0 0 0 0 0 0 0 0 0 0 0 0 0 0 0 0 0 0 0 0 0 0 0 0 0 0 1 0 0 0 0 0 0 0 0 0 0 0 0 0 0 0 0 0 0 0 0 0 0 0 0 0 0 0 0 0 0]
[1735260110496051207311009459421227437810909279526341496894188921511869365715190864535998824441677722815284192060269517093137282844280355968979845604538956151671434421347838391214088603123838831203335400337838809288392309538228697633010226552123386323446396411688729173657 0 0 0 0 0 0 0 0 0 0 0 0 0 0 0 0 0 0 0 0 0 0 0 0 0 0 0 0 0 0 0 0 0 0 0 0 0 0 0 0 0 0 0 0 0 0 0 0 0 0 0 0 0 0 0 0 0 0 0 1 0 0 0 0 0 0 0 0 0 0 0 0 0 0 0 0 0 0 0 0 0 0 0 0 0 0 0 0 0]
[4159107853722956991371182534974706837403606683052719500352232922593329765469757766941851585372771461272514798468486424886211029947487427473131405122147857059900865254618837785367587228582850485395207900036601163207544556383717826050083902185028752111304791573146227559293 0 0 0 0 0 0 0 0 0 0 0 0 0 0 0 0 0 0 0 0 0 0 0 0 0 0 0 0 0 0 0 0 0 0 0 0 0 0 0 0 0 0 0 0 0 0 0 0 0 0 0 0 0 0 0 0 0 0 0 0 1 0 0 0 0 0 0 0 0 0 0 0 0 0 0 0 0 0 0 0 0 0 0 0 0 0 0 0 0]
[1356154127937631521986644240626464158101897294557474036839209716887929145847221681626078523294408261540781192795497430225952568709348402867556516483918723103873040465112044554414280451643788206871093693962733256833992916394171549916292860452969622758215613761338290074728 0 0 0 0 0 0 0 0 0 0 0 0 0 0 0 0 0 0 0 0 0 0 0 0 0 0 0 0 0 0 0 0 0 0 0 0 0 0 0 0 0 0 0 0 0 0 0 0 0 0 0 0 0 0 0 0 0 0 0 0 0 1 0 0 0 0 0 0 0 0 0 0 0 0 0 0 0 0 0 0 0 0 0 0 0 0 0 0 0]
[4065385697797547262970586910294193282393293961428555492073662857763498398054558181691243222897919961981806444786960213206216429232640474945322245112979837235423241520791743802408079311333517261340504233990930249644772646431467865855846083624268555184528794867181161662032 0 0 0 0 0 0 0 0 0 0 0 0 0 0 0 0 0 0 0 0 0 0 0 0 0 0 0 0 0 0 0 0 0 0 0 0 0 0 0 0 0 0 0 0 0 0 0 0 0 0 0 0 0 0 0 0 0 0 0 0 0 0 1 0 0 0 0 0 0 0 0 0 0 0 0 0 0 0 0 0 0 0 0 0 0 0 0 0 0]
[3691899273549843188373996737802507693250186149044420146904880371940839494731927176060617037785165350251858207160895855690988250686396000456102108939253532120515560535545912169450312851904856867217778295691024258587816297585329420432054889382231035349851484726719198987870 0 0 0 0 0 0 0 0 0 0 0 0 0 0 0 0 0 0 0 0 0 0 0 0 0 0 0 0 0 0 0 0 0 0 0 0 0 0 0 0 0 0 0 0 0 0 0 0 0 0 0 0 0 0 0 0 0 0 0 0 0 0 0 1 0 0 0 0 0 0 0 0 0 0 0 0 0 0 0 0 0 0 0 0 0 0 0 0 0]
[102151915539759297115846766883049166424291764271893031606877434619928807925322264119927230080083727093663696228720952484570847038222561828289929444743445209774259519461963651858360197073200773055833564637755356371623330674833757460799871680456589078511328331471589755184 0 0 0 0 0 0 0 0 0 0 0 0 0 0 0 0 0 0 0 0 0 0 0 0 0 0 0 0 0 0 0 0 0 0 0 0 0 0 0 0 0 0 0 0 0 0 0 0 0 0 0 0 0 0 0 0 0 0 0 0 0 0 0 0 1 0 0 0 0 0 0 0 0 0 0 0 0 0 0 0 0 0 0 0 0 0 0 0 0]
[4124233844359441407260132164199649177299747681066398102462798914745866410457348920621383659609434462429696936231784897011757476622657899162107304844175808742813027733494156539938004556537971876523138066787249437017434812013344301466752252619222764408117881198759440956894 0 0 0 0 0 0 0 0 0 0 0 0 0 0 0 0 0 0 0 0 0 0 0 0 0 0 0 0 0 0 0 0 0 0 0 0 0 0 0 0 0 0 0 0 0 0 0 0 0 0 0 0 0 0 0 0 0 0 0 0 0 0 0 0 0 1 0 0 0 0 0 0 0 0 0 0 0 0 0 0 0 0 0 0 0 0 0 0 0]
[327390835901037781522816182508281686919531150838756262675107749480745175598379248152199753023248353113010135547945194513485779796801883642663039144669054582016263199568105569737633125267025932388840485853143347843234504059620871208095027570671221208875822926192426202217 0 0 0 0 0 0 0 0 0 0 0 0 0 0 0 0 0 0 0 0 0 0 0 0 0 0 0 0 0 0 0 0 0 0 0 0 0 0 0 0 0 0 0 0 0 0 0 0 0 0 0 0 0 0 0 0 0 0 0 0 0 0 0 0 0 0 1 0 0 0 0 0 0 0 0 0 0 0 0 0 0 0 0 0 0 0 0 0 0]
[2670320377831791938236576265154514968661158334548796486872121194378824910463498585189551320547212017478172112933961087110335423767374422611443423642331125994864333073791426036648851391380798854962911236853605321110565070326618453262711894787520319540537974060867832771861 0 0 0 0 0 0 0 0 0 0 0 0 0 0 0 0 0 0 0 0 0 0 0 0 0 0 0 0 0 0 0 0 0 0 0 0 0 0 0 0 0 0 0 0 0 0 0 0 0 0 0 0 0 0 0 0 0 0 0 0 0 0 0 0 0 0 0 1 0 0 0 0 0 0 0 0 0 0 0 0 0 0 0 0 0 0 0 0 0]
[2007690445206393966379888714211492885557324538350772053225866172457132676272992592872688263737629644391707056583322022671019010236133064724456218670735430936353316372568493183839556634139605564313415948437966939142741012551677071798848935584283196158991584624494787989907 0 0 0 0 0 0 0 0 0 0 0 0 0 0 0 0 0 0 0 0 0 0 0 0 0 0 0 0 0 0 0 0 0 0 0 0 0 0 0 0 0 0 0 0 0 0 0 0 0 0 0 0 0 0 0 0 0 0 0 0 0 0 0 0 0 0 0 0 1 0 0 0 0 0 0 0 0 0 0 0 0 0 0 0 0 0 0 0 0]
[1510446664268178270083146546525033946893435803656486555158355446378789601052075068828137098194710563055534632652212809413088411827515842060993246808887933088122972197582700754495621559169543321108733513112974791320662268263441087573869113539365555261086559217389885932988 0 0 0 0 0 0 0 0 0 0 0 0 0 0 0 0 0 0 0 0 0 0 0 0 0 0 0 0 0 0 0 0 0 0 0 0 0 0 0 0 0 0 0 0 0 0 0 0 0 0 0 0 0 0 0 0 0 0 0 0 0 0 0 0 0 0 0 0 0 1 0 0 0 0 0 0 0 0 0 0 0 0 0 0 0 0 0 0 0]
[4374556803669985718062264591087113756069184536861998552325525004211934485780511503413290432746063756861373571711104580169184636674197537356303982009568509868401074850987351978016000812064076355207583647666242596481394877864724764011435361887041874130221089567041175049066 0 0 0 0 0 0 0 0 0 0 0 0 0 0 0 0 0 0 0 0 0 0 0 0 0 0 0 0 0 0 0 0 0 0 0 0 0 0 0 0 0 0 0 0 0 0 0 0 0 0 0 0 0 0 0 0 0 0 0 0 0 0 0 0 0 0 0 0 0 0 1 0 0 0 0 0 0 0 0 0 0 0 0 0 0 0 0 0 0]
[2192601509462713441157126357365539547200352928633694220210107693735244055977623684292484712443959529146189895831336563944169802961196010869024136383691371516502629649419316511841082479947591265549386765256197137085883971844742596689751448656887056384567712047585762245474 0 0 0 0 0 0 0 0 0 0 0 0 0 0 0 0 0 0 0 0 0 0 0 0 0 0 0 0 0 0 0 0 0 0 0 0 0 0 0 0 0 0 0 0 0 0 0 0 0 0 0 0 0 0 0 0 0 0 0 0 0 0 0 0 0 0 0 0 0 0 0 1 0 0 0 0 0 0 0 0 0 0 0 0 0 0 0 0 0]
[2038772479063151045054502620710598928246101422202072105809321332986044778135552008284431413331988754024964924960816530827375521808117095902227915100361083878835462378584562549566178613479787554179587952487462865567527679068364597892759535271949637520833954495358545480342 0 0 0 0 0 0 0 0 0 0 0 0 0 0 0 0 0 0 0 0 0 0 0 0 0 0 0 0 0 0 0 0 0 0 0 0 0 0 0 0 0 0 0 0 0 0 0 0 0 0 0 0 0 0 0 0 0 0 0 0 0 0 0 0 0 0 0 0 0 0 0 0 1 0 0 0 0 0 0 0 0 0 0 0 0 0 0 0 0]
[1640144312618062154544994362894569118670116320980770754234062559554257487036820792066357259633704658423575483320833979975026620668076642516728546917072730082831656277741665881821125071640291030908900244655637657421948026972809426147966827467655299403975733756772147031869 0 0 0 0 0 0 0 0 0 0 0 0 0 0 0 0 0 0 0 0 0 0 0 0 0 0 0 0 0 0 0 0 0 0 0 0 0 0 0 0 0 0 0 0 0 0 0 0 0 0 0 0 0 0 0 0 0 0 0 0 0 0 0 0 0 0 0 0 0 0 0 0 0 1 0 0 0 0 0 0 0 0 0 0 0 0 0 0 0]
[2551408444767498210724502979012174318279997299149150197713578743702248422196064067920186179155667461076712904376297381004819350526699894390937771667694087909238397519011749978528320747392082067079908478500480977647560553640566060438580103826135107703591050328603612106667 0 0 0 0 0 0 0 0 0 0 0 0 0 0 0 0 0 0 0 0 0 0 0 0 0 0 0 0 0 0 0 0 0 0 0 0 0 0 0 0 0 0 0 0 0 0 0 0 0 0 0 0 0 0 0 0 0 0 0 0 0 0 0 0 0 0 0 0 0 0 0 0 0 0 1 0 0 0 0 0 0 0 0 0 0 0 0 0 0]
[1772962778827058121205887172688822333937807815763959926759867429112776212905919097384056638459167233406370468388444147245808815484211975680791707310225171403061984746178313546128416626488726355725837386121474796744789681290710134364971600091640469280646361253478997695938 0 0 0 0 0 0 0 0 0 0 0 0 0 0 0 0 0 0 0 0 0 0 0 0 0 0 0 0 0 0 0 0 0 0 0 0 0 0 0 0 0 0 0 0 0 0 0 0 0 0 0 0 0 0 0 0 0 0 0 0 0 0 0 0 0 0 0 0 0 0 0 0 0 0 0 1 0 0 0 0 0 0 0 0 0 0 0 0 0]
[333733350385987350617770501621401653078302069552013430166044882054139845845992790545210223510070261450362930277942109386521342761034736106131511808389696322593519027277339548624092150312342247125942918140587873978069876114374467610454964879761661923457943471710816428548 0 0 0 0 0 0 0 0 0 0 0 0 0 0 0 0 0 0 0 0 0 0 0 0 0 0 0 0 0 0 0 0 0 0 0 0 0 0 0 0 0 0 0 0 0 0 0 0 0 0 0 0 0 0 0 0 0 0 0 0 0 0 0 0 0 0 0 0 0 0 0 0 0 0 0 0 1 0 0 0 0 0 0 0 0 0 0 0 0]
[781029054723676862562142460674487134946246579968929088905215726636781571681174856580921432943328607262180027302568328921797795188165149001362771665659210097335487690122913101072128052079446786634688254786833091567215640301085742867346005013754686250460555350731108722269 0 0 0 0 0 0 0 0 0 0 0 0 0 0 0 0 0 0 0 0 0 0 0 0 0 0 0 0 0 0 0 0 0 0 0 0 0 0 0 0 0 0 0 0 0 0 0 0 0 0 0 0 0 0 0 0 0 0 0 0 0 0 0 0 0 0 0 0 0 0 0 0 0 0 0 0 0 1 0 0 0 0 0 0 0 0 0 0 0]
[4109489773169829089683502894854439734104517038233390361681548185639044191113190005906167360332436090014167372741753279362005359857432781451793976348682273274398898697996898989115753050404033633962944825320524652643478605994952738950491408342930990516111540935186744502321 0 0 0 0 0 0 0 0 0 0 0 0 0 0 0 0 0 0 0 0 0 0 0 0 0 0 0 0 0 0 0 0 0 0 0 0 0 0 0 0 0 0 0 0 0 0 0 0 0 0 0 0 0 0 0 0 0 0 0 0 0 0 0 0 0 0 0 0 0 0 0 0 0 0 0 0 0 0 1 0 0 0 0 0 0 0 0 0 0]
[4372653951752504738395988723110539899391473120911102872852282759903468771741668110929976263608778878233013649696093854382508448901296464283527602213386745553262921371131366608568587812495849748491171825833691768741732943425225538523152852269027393590652632133048027182032 0 0 0 0 0 0 0 0 0 0 0 0 0 0 0 0 0 0 0 0 0 0 0 0 0 0 0 0 0 0 0 0 0 0 0 0 0 0 0 0 0 0 0 0 0 0 0 0 0 0 0 0 0 0 0 0 0 0 0 0 0 0 0 0 0 0 0 0 0 0 0 0 0 0 0 0 0 0 0 1 0 0 0 0 0 0 0 0 0]
[3088302244562985891437266982463097069777172900958034948699614434682710214923112025195833899160440455859853022119521803938414664065838688675066916364314882776860239559808057736311204776689300718602897401498711983701004067334082969780447094796678692690303909469906615212348 0 0 0 0 0 0 0 0 0 0 0 0 0 0 0 0 0 0 0 0 0 0 0 0 0 0 0 0 0 0 0 0 0 0 0 0 0 0 0 0 0 0 0 0 0 0 0 0 0 0 0 0 0 0 0 0 0 0 0 0 0 0 0 0 0 0 0 0 0 0 0 0 0 0 0 0 0 0 0 0 1 0 0 0 0 0 0 0 0]
[3993082329078381927963187409251625655047497747562021973882791429136498013496701066987285188157088508602235886274774956872855573357518960094147946000383666852664773529234871221826105987200943831279433742316938804819194515205156975321488423882930658743525404019895831906272 0 0 0 0 0 0 0 0 0 0 0 0 0 0 0 0 0 0 0 0 0 0 0 0 0 0 0 0 0 0 0 0 0 0 0 0 0 0 0 0 0 0 0 0 0 0 0 0 0 0 0 0 0 0 0 0 0 0 0 0 0 0 0 0 0 0 0 0 0 0 0 0 0 0 0 0 0 0 0 0 0 1 0 0 0 0 0 0 0]
[3038171996404290070865435397524213889862293809066492446654413572246502805106346607560763351615792560483679491143958504485911884823802694328609198630330287099560230181408587270423770938323652059845718378370489071182585276666993237452210230706399015319282469872637125930796 0 0 0 0 0 0 0 0 0 0 0 0 0 0 0 0 0 0 0 0 0 0 0 0 0 0 0 0 0 0 0 0 0 0 0 0 0 0 0 0 0 0 0 0 0 0 0 0 0 0 0 0 0 0 0 0 0 0 0 0 0 0 0 0 0 0 0 0 0 0 0 0 0 0 0 0 0 0 0 0 0 0 1 0 0 0 0 0 0]
[1104202658230080660970168380879289524626839411095368740105320582366605093308888247710570512865840393589664228642011066956573747788319711641854895945751611910684199056508390532476213940056039494077711990463882240511657675053610326820283726315678140629653270361530492149719 0 0 0 0 0 0 0 0 0 0 0 0 0 0 0 0 0 0 0 0 0 0 0 0 0 0 0 0 0 0 0 0 0 0 0 0 0 0 0 0 0 0 0 0 0 0 0 0 0 0 0 0 0 0 0 0 0 0 0 0 0 0 0 0 0 0 0 0 0 0 0 0 0 0 0 0 0 0 0 0 0 0 0 1 0 0 0 0 0]
[2650710914811717106202406586521323799353308814380375737001865739503783416053951508816716004000603237097745070952384931299170384269117298736562948237817657876968815502668500423433777268081401313251607979777294268461352548112272229060697967923036252216963589980713219141642 0 0 0 0 0 0 0 0 0 0 0 0 0 0 0 0 0 0 0 0 0 0 0 0 0 0 0 0 0 0 0 0 0 0 0 0 0 0 0 0 0 0 0 0 0 0 0 0 0 0 0 0 0 0 0 0 0 0 0 0 0 0 0 0 0 0 0 0 0 0 0 0 0 0 0 0 0 0 0 0 0 0 0 0 1 0 0 0 0]
[164466180048113104082170587569648168939905526839703425716107251815039363274108928528711388371592010186375687007372546091331280840382618778675550289374658529828385391681636536073211976006507322043337979170729610507863768884621360338138243196140493632070736705090361651160 0 0 0 0 0 0 0 0 0 0 0 0 0 0 0 0 0 0 0 0 0 0 0 0 0 0 0 0 0 0 0 0 0 0 0 0 0 0 0 0 0 0 0 0 0 0 0 0 0 0 0 0 0 0 0 0 0 0 0 0 0 0 0 0 0 0 0 0 0 0 0 0 0 0 0 0 0 0 0 0 0 0 0 0 0 1 0 0 0]
[149342086866953175077002832087257602886290234260555541219522791439376227807173409970728165832096059409527419273727026896871405638163488128770266937115929156418553101327912706241259078840438723364210639582332122258707372301451283084286671402929655021695090585531691026305 0 0 0 0 0 0 0 0 0 0 0 0 0 0 0 0 0 0 0 0 0 0 0 0 0 0 0 0 0 0 0 0 0 0 0 0 0 0 0 0 0 0 0 0 0 0 0 0 0 0 0 0 0 0 0 0 0 0 0 0 0 0 0 0 0 0 0 0 0 0 0 0 0 0 0 0 0 0 0 0 0 0 0 0 0 0 1 0 0]
[824209781854433840293393994109916967039212282484974358018436849132341978716517484085644694606294237963946785214360906062365555509702548458738494843616331485045807872074690191050137390287210239742726031099489319981419975230203148125633526539894389904101248900554194234252 0 0 0 0 0 0 0 0 0 0 0 0 0 0 0 0 0 0 0 0 0 0 0 0 0 0 0 0 0 0 0 0 0 0 0 0 0 0 0 0 0 0 0 0 0 0 0 0 0 0 0 0 0 0 0 0 0 0 0 0 0 0 0 0 0 0 0 0 0 0 0 0 0 0 0 0 0 0 0 0 0 0 0 0 0 0 0 1 0]
[3385538710159956780782795209403937657159217214923757121100767823976154461486406298121775728363674905877135971834864107426486749556586237789295370956240901966835455720134149184363014397197083978225619967595124316833073462017419062498975067888983949338763927543075474514962 0 0 0 0 0 0 0 0 0 0 0 0 0 0 0 0 0 0 0 0 0 0 0 0 0 0 0 0 0 0 0 0 0 0 0 0 0 0 0 0 0 0 0 0 0 0 0 0 0 0 0 0 0 0 0 0 0 0 0 0 0 0 0 0 0 0 0 0 0 0 0 0 0 0 0 0 0 0 0 0 0 0 0 0 0 0 0 0 1]
]
