[[1945442367103683186418501953439334411645059930566813445111956797094845357466424770651577778631734634723260084063851979969 0 0 0 0 0 0 0 0 0 0 0 0 0 0 0 0 0 0 0 0 0 0 0 0 0 0 0 0 0 0 0 0 0 0 0 0 0 0 0]
[1383615573732492185421493923342663062340655625235587938699994180388898250040941992960429601017533681957138444921499980142 1 0 0 0 0 0 0 0 0 0 0 0 0 0 0 0 0 0 0 0 0 0 0 0 0 0 0 0 0 0 0 0 0 0 0 0 0 0 0]
[751634179843713884888487322580628763428656635590173827510983893619121329334917710024808817030104703620575653722331393055 0 1 0 0 0 0 0 0 0 0 0 0 0 0 0 0 0 0 0 0 0 0 0 0 0 0 0 0 0 0 0 0 0 0 0 0 0 0 0]
[1485053297948736495862806400242978695348431964020207217051813006734424746401273810473705568949656837581546043396353410263 0 0 1 0 0 0 0 0 0 0 0 0 0 0 0 0 0 0 0 0 0 0 0 0 0 0 0 0 0 0 0 0 0 0 0 0 0 0 0]
[842059410565296124240642412776883936804125590757026988594807635064028953939595384600637112499676457384038756897402570431 0 0 0 1 0 0 0 0 0 0 0 0 0 0 0 0 0 0 0 0 0 0 0 0 0 0 0 0 0 0 0 0 0 0 0 0 0 0 0]
[1905901124751256228665449020924245778370515813363014689202739181973202496419037288692063135782158954458064171684047570125 0 0 0 0 1 0 0 0 0 0 0 0 0 0 0 0 0 0 0 0 0 0 0 0 0 0 0 0 0 0 0 0 0 0 0 0 0 0 0]
[128115198778962254023962757933761985339005305841838567097762078237773984014461886399734560049400856394743639022975233262 0 0 0 0 0 1 0 0 0 0 0 0 0 0 0 0 0 0 0 0 0 0 0 0 0 0 0 0 0 0 0 0 0 0 0 0 0 0 0]
[1690130278782259004906523261041748500408297113191823282866083923015474986971816276902750397024109389574266841654750417159 0 0 0 0 0 0 1 0 0 0 0 0 0 0 0 0 0 0 0 0 0 0 0 0 0 0 0 0 0 0 0 0 0 0 0 0 0 0 0]
[1643858591055808087936179551099303732967871874833927415964891502712591246083182371829433155130682866645576455689273037469 0 0 0 0 0 0 0 1 0 0 0 0 0 0 0 0 0 0 0 0 0 0 0 0 0 0 0 0 0 0 0 0 0 0 0 0 0 0 0]
[1772514506866367231673835025408794211487510834503254655896333956787736081116645941993857374291641706026418087695327398653 0 0 0 0 0 0 0 0 1 0 0 0 0 0 0 0 0 0 0 0 0 0 0 0 0 0 0 0 0 0 0 0 0 0 0 0 0 0 0]
[1284342588836831532679814716730416080103197546406927055959588174439474663394675728952964645644579776188136925646632406414 0 0 0 0 0 0 0 0 0 1 0 0 0 0 0 0 0 0 0 0 0 0 0 0 0 0 0 0 0 0 0 0 0 0 0 0 0 0 0]
[652614384107787488365118383653108023039085749798163740442111453898188469974674798965252467168196231048415668317099003507 0 0 0 0 0 0 0 0 0 0 1 0 0 0 0 0 0 0 0 0 0 0 0 0 0 0 0 0 0 0 0 0 0 0 0 0 0 0 0]
[1789008279392009806330815859646909208423708617507472337785117528910165754530429115210106982445104459841892631404533903041 0 0 0 0 0 0 0 0 0 0 0 1 0 0 0 0 0 0 0 0 0 0 0 0 0 0 0 0 0 0 0 0 0 0 0 0 0 0 0]
[1264985035770652665563896376773658733758829065225839357813003036307434281899185570221334052715225037773342021152290839362 0 0 0 0 0 0 0 0 0 0 0 0 1 0 0 0 0 0 0 0 0 0 0 0 0 0 0 0 0 0 0 0 0 0 0 0 0 0 0]
[1062571606031883532710740573736416222031483859106228859559130476149743695032809440885960639699331794223024288567000183699 0 0 0 0 0 0 0 0 0 0 0 0 0 1 0 0 0 0 0 0 0 0 0 0 0 0 0 0 0 0 0 0 0 0 0 0 0 0 0]
[1925846540845842785709411264491216810392829361942757242148291627323623213140976805461745345107040605006685429655186059318 0 0 0 0 0 0 0 0 0 0 0 0 0 0 1 0 0 0 0 0 0 0 0 0 0 0 0 0 0 0 0 0 0 0 0 0 0 0 0]
[231915784738324481429283627866769598622990416701328158720926401482762067472757360975288388923139866356530365981200437724 0 0 0 0 0 0 0 0 0 0 0 0 0 0 0 1 0 0 0 0 0 0 0 0 0 0 0 0 0 0 0 0 0 0 0 0 0 0 0]
[1276809858605197026854308430224058213556142971640874425293412904434788453202338192722018784611161827568459994338790885906 0 0 0 0 0 0 0 0 0 0 0 0 0 0 0 0 1 0 0 0 0 0 0 0 0 0 0 0 0 0 0 0 0 0 0 0 0 0 0]
[1057155095603016882139451824526510863197772678010271806182526930259741920612111504901197950205943370686617494351293193307 0 0 0 0 0 0 0 0 0 0 0 0 0 0 0 0 0 1 0 0 0 0 0 0 0 0 0 0 0 0 0 0 0 0 0 0 0 0 0]
[521563453900192355348091971405323197628395539605823646271052551786621358030928564164686823815375983709762080936994508 0 0 0 0 0 0 0 0 0 0 0 0 0 0 0 0 0 0 1 0 0 0 0 0 0 0 0 0 0 0 0 0 0 0 0 0 0 0 0]
[1828164701143911076570959247113153460807377401913123687537505192529228227872653700523767747451950717785730920060296236074 0 0 0 0 0 0 0 0 0 0 0 0 0 0 0 0 0 0 0 1 0 0 0 0 0 0 0 0 0 0 0 0 0 0 0 0 0 0 0]
[79186692914712132475432959265884679861049143978537320317251756443707181439148479529216936515158872121643712804386740766 0 0 0 0 0 0 0 0 0 0 0 0 0 0 0 0 0 0 0 0 1 0 0 0 0 0 0 0 0 0 0 0 0 0 0 0 0 0 0]
[473789804405496443852254855240221013388860939669479436300819889763154282463203187849113143865719347146827019852636055808 0 0 0 0 0 0 0 0 0 0 0 0 0 0 0 0 0 0 0 0 0 1 0 0 0 0 0 0 0 0 0 0 0 0 0 0 0 0 0]
[33843293922754067800212156172488436492316590467440638865311373238740926101118746151428333279527379544634870400907918030 0 0 0 0 0 0 0 0 0 0 0 0 0 0 0 0 0 0 0 0 0 0 1 0 0 0 0 0 0 0 0 0 0 0 0 0 0 0 0]
[623933865760454153025341599842875862848720518478312263614082630464741143647684561836672722646883410907686041475839255615 0 0 0 0 0 0 0 0 0 0 0 0 0 0 0 0 0 0 0 0 0 0 0 1 0 0 0 0 0 0 0 0 0 0 0 0 0 0 0]
[1465937793211268001691520641963594931694329541793618793241556979843197637866212822382231461758736837020230926569790946730 0 0 0 0 0 0 0 0 0 0 0 0 0 0 0 0 0 0 0 0 0 0 0 0 1 0 0 0 0 0 0 0 0 0 0 0 0 0 0]
[429090521292010584218271522978135466077928519734027845321483030525948130781856998800128458293156313122714717925251811445 0 0 0 0 0 0 0 0 0 0 0 0 0 0 0 0 0 0 0 0 0 0 0 0 0 1 0 0 0 0 0 0 0 0 0 0 0 0 0]
[372412679640221670389982646170735920350489405775928063346079447928942984886471024682948785159239953348504972453688451903 0 0 0 0 0 0 0 0 0 0 0 0 0 0 0 0 0 0 0 0 0 0 0 0 0 0 1 0 0 0 0 0 0 0 0 0 0 0 0]
[245139066678251772138920667185566177511781408559698710986422579169597241152375067399939094900380685674496117831477402535 0 0 0 0 0 0 0 0 0 0 0 0 0 0 0 0 0 0 0 0 0 0 0 0 0 0 0 1 0 0 0 0 0 0 0 0 0 0 0]
[1706121802106699390876702902328585203768004075536803236532062331730214652786562670983870570497090961465671820605024247405 0 0 0 0 0 0 0 0 0 0 0 0 0 0 0 0 0 0 0 0 0 0 0 0 0 0 0 0 1 0 0 0 0 0 0 0 0 0 0]
[525213893760559639727672309098341835573587390607001486476944771438120494973365238923511393484924262066078102136749915941 0 0 0 0 0 0 0 0 0 0 0 0 0 0 0 0 0 0 0 0 0 0 0 0 0 0 0 0 0 1 0 0 0 0 0 0 0 0 0]
[1597646598005685265592724999626278171603571513295051348459625876913301245311267441538266139336192266850287947686029746008 0 0 0 0 0 0 0 0 0 0 0 0 0 0 0 0 0 0 0 0 0 0 0 0 0 0 0 0 0 0 1 0 0 0 0 0 0 0 0]
[1157977134185461119750614636679173657132651096453625426837397498213990290573915234169585845229481898109009147002734327991 0 0 0 0 0 0 0 0 0 0 0 0 0 0 0 0 0 0 0 0 0 0 0 0 0 0 0 0 0 0 0 1 0 0 0 0 0 0 0]
[773556723315414786168191109409988049649020006258991829708147538359550228217648381543647659015158300770114327613427093670 0 0 0 0 0 0 0 0 0 0 0 0 0 0 0 0 0 0 0 0 0 0 0 0 0 0 0 0 0 0 0 0 1 0 0 0 0 0 0]
[411965798214258970996665014269216408705582505619215393420880713056486202736551044326612413296081432330174339504574450150 0 0 0 0 0 0 0 0 0 0 0 0 0 0 0 0 0 0 0 0 0 0 0 0 0 0 0 0 0 0 0 0 0 1 0 0 0 0 0]
[124162978199387031903675626678415024778389544876544340361850003449230112650193278780322741618707321945919967110099327136 0 0 0 0 0 0 0 0 0 0 0 0 0 0 0 0 0 0 0 0 0 0 0 0 0 0 0 0 0 0 0 0 0 0 1 0 0 0 0]
[631367363113004734441689742805080205356887134735460597759568250091538989838729356572535325101303532444228964246605841379 0 0 0 0 0 0 0 0 0 0 0 0 0 0 0 0 0 0 0 0 0 0 0 0 0 0 0 0 0 0 0 0 0 0 0 1 0 0 0]
[239130168977292919447892655090450885495762245503533005189761121764365074033391938615814877913876443810651949672048323053 0 0 0 0 0 0 0 0 0 0 0 0 0 0 0 0 0 0 0 0 0 0 0 0 0 0 0 0 0 0 0 0 0 0 0 0 1 0 0]
[363748250180554903306818564409879734809995322839482571101975544159854875715685858288219257550307961083274621665850702570 0 0 0 0 0 0 0 0 0 0 0 0 0 0 0 0 0 0 0 0 0 0 0 0 0 0 0 0 0 0 0 0 0 0 0 0 0 1 0]
[635398210399594509918813793446496972536057280534377823929920367467530707968401153264508100362433917187923968147472580227 0 0 0 0 0 0 0 0 0 0 0 0 0 0 0 0 0 0 0 0 0 0 0 0 0 0 0 0 0 0 0 0 0 0 0 0 0 0 1]
]
