[[9392117990798722456496334461376005502403275563846133747695768284722443671650328235663870264154308213824238916147138613350758492302895140940968282739535155484998384273138794590102119810501568022043432066858795630754153066129191908676421822448251907495807099051386601839037278343359343984056423573708347 0 0 0 0 0 0 0 0 0 0 0 0 0 0 0 0 0 0 0 0 0 0 0 0 0 0 0 0 0 0 0 0 0 0 0 0 0 0 0 0 0 0 0 0 0 0 0 0 0 0 0 0 0 0 0 0 0 0 0 0 0 0 0 0 0 0 0 0 0 0 0 0 0 0 0 0 0 0 0 0 0 0 0 0 0 0 0 0 0 0 0 0 0 0 0 0 0 0 0]
[3397829852441660385116408919592124788192556497427907884073030917071749633107814223607671748906927882286724162127402003694055589319047313698209248359094786087217914547777713514460108521578004762896511157248138709793154320806107617804590712061426183582406680122350293851355901422952006978775319807790317 1 0 0 0 0 0 0 0 0 0 0 0 0 0 0 0 0 0 0 0 0 0 0 0 0 0 0 0 0 0 0 0 0 0 0 0 0 0 0 0 0 0 0 0 0 0 0 0 0 0 0 0 0 0 0 0 0 0 0 0 0 0 0 0 0 0 0 0 0 0 0 0 0 0 0 0 0 0 0 0 0 0 0 0 0 0 0 0 0 0 0 0 0 0 0 0 0 0 0]
[3907303002373804340991596838565254189710653224340258541242813292966711345591860730087499498188370513043983091588731782692424642337150456936836395507406944394305704518625557245555306197157958837753437191751444472524072136119470290625213531499895092581298444514213350821361566097187514895068878490518628 0 1 0 0 0 0 0 0 0 0 0 0 0 0 0 0 0 0 0 0 0 0 0 0 0 0 0 0 0 0 0 0 0 0 0 0 0 0 0 0 0 0 0 0 0 0 0 0 0 0 0 0 0 0 0 0 0 0 0 0 0 0 0 0 0 0 0 0 0 0 0 0 0 0 0 0 0 0 0 0 0 0 0 0 0 0 0 0 0 0 0 0 0 0 0 0 0 0 0]
[4518332755323551247798403642875698985008389521251792540565709874977819939629891206345078262462484157149815439577164107147054365740683565361995896263690635383774107777114575437867428204179652847116900401859555929807747554144955970017620889007887935905229822418514412709850938130930679270800174162362087 0 0 1 0 0 0 0 0 0 0 0 0 0 0 0 0 0 0 0 0 0 0 0 0 0 0 0 0 0 0 0 0 0 0 0 0 0 0 0 0 0 0 0 0 0 0 0 0 0 0 0 0 0 0 0 0 0 0 0 0 0 0 0 0 0 0 0 0 0 0 0 0 0 0 0 0 0 0 0 0 0 0 0 0 0 0 0 0 0 0 0 0 0 0 0 0 0 0 0]
[1124133808803123326809223238999703959250960676794500405274797327839281494023425204371111275481705677846140274810253341038413553049131643368174127516177212245105650111243058428462238351433457652978702625396107791816489610079416023350437880586280664222547597180213237851094025442576472034724535552186132 0 0 0 1 0 0 0 0 0 0 0 0 0 0 0 0 0 0 0 0 0 0 0 0 0 0 0 0 0 0 0 0 0 0 0 0 0 0 0 0 0 0 0 0 0 0 0 0 0 0 0 0 0 0 0 0 0 0 0 0 0 0 0 0 0 0 0 0 0 0 0 0 0 0 0 0 0 0 0 0 0 0 0 0 0 0 0 0 0 0 0 0 0 0 0 0 0 0 0]
[2970773295619172386930614708141653611898153935220122309159348111139762329484978390227212767321295733303473802115096322159109067092602250823424709267668564360060359003481580668553866819614136263848296961517994715327169149957703311170556921936852828917868715325611255181661707750158011047235441899280108 0 0 0 0 1 0 0 0 0 0 0 0 0 0 0 0 0 0 0 0 0 0 0 0 0 0 0 0 0 0 0 0 0 0 0 0 0 0 0 0 0 0 0 0 0 0 0 0 0 0 0 0 0 0 0 0 0 0 0 0 0 0 0 0 0 0 0 0 0 0 0 0 0 0 0 0 0 0 0 0 0 0 0 0 0 0 0 0 0 0 0 0 0 0 0 0 0 0 0]
[1178680325360305501649939242879290886626501589941920978917073075878003595176554147841028902543731068444652461077075055558858781344094268844168730064841413188525031046263510975346354004512188289776819816403683907118271424225885468771526461608108591308857910083404396726590977213739127859918205045940991 0 0 0 0 0 1 0 0 0 0 0 0 0 0 0 0 0 0 0 0 0 0 0 0 0 0 0 0 0 0 0 0 0 0 0 0 0 0 0 0 0 0 0 0 0 0 0 0 0 0 0 0 0 0 0 0 0 0 0 0 0 0 0 0 0 0 0 0 0 0 0 0 0 0 0 0 0 0 0 0 0 0 0 0 0 0 0 0 0 0 0 0 0 0 0 0 0 0 0]
[2956572971532993012530579043579137939663733541902665522648004233785930243594749457141351470733753076272339192390746996935950844996502758689092887140158404786299448909188076123103499958525372708205218424505417611740971070472065900944367488331305587818761343340680216319054549103287274077998773685780508 0 0 0 0 0 0 1 0 0 0 0 0 0 0 0 0 0 0 0 0 0 0 0 0 0 0 0 0 0 0 0 0 0 0 0 0 0 0 0 0 0 0 0 0 0 0 0 0 0 0 0 0 0 0 0 0 0 0 0 0 0 0 0 0 0 0 0 0 0 0 0 0 0 0 0 0 0 0 0 0 0 0 0 0 0 0 0 0 0 0 0 0 0 0 0 0 0 0 0]
[7897979613078590826460626415290905583346010764016732348705563582590387056247199007429539917000592838265892283368713964216280923180972493219612399867164966519685761534480022587558658314769046291838723159418167524817428764418340687258062770026316306417823096830826534840415452630894673312799803796679568 0 0 0 0 0 0 0 1 0 0 0 0 0 0 0 0 0 0 0 0 0 0 0 0 0 0 0 0 0 0 0 0 0 0 0 0 0 0 0 0 0 0 0 0 0 0 0 0 0 0 0 0 0 0 0 0 0 0 0 0 0 0 0 0 0 0 0 0 0 0 0 0 0 0 0 0 0 0 0 0 0 0 0 0 0 0 0 0 0 0 0 0 0 0 0 0 0 0 0]
[4578614142711326379291773413165653094723145870924002997394129273239087181261775044139838731664723424777402185536423429684045322210037409108862824613051792842666035310628809147799215226248193043796750392121072528140559925073301819419567961089322130755273686546251511464340854560994511400657577474295805 0 0 0 0 0 0 0 0 1 0 0 0 0 0 0 0 0 0 0 0 0 0 0 0 0 0 0 0 0 0 0 0 0 0 0 0 0 0 0 0 0 0 0 0 0 0 0 0 0 0 0 0 0 0 0 0 0 0 0 0 0 0 0 0 0 0 0 0 0 0 0 0 0 0 0 0 0 0 0 0 0 0 0 0 0 0 0 0 0 0 0 0 0 0 0 0 0 0 0]
[4836632251953981728657633849118122220994059406931482602197122501998199753326901609627720388967153923753560524992253509990451467706963769853322584912861319493516884174949537892728578189394790084849766304786208489482436616690289448457965894143962696446930771700058693426914506800442742606013113807595633 0 0 0 0 0 0 0 0 0 1 0 0 0 0 0 0 0 0 0 0 0 0 0 0 0 0 0 0 0 0 0 0 0 0 0 0 0 0 0 0 0 0 0 0 0 0 0 0 0 0 0 0 0 0 0 0 0 0 0 0 0 0 0 0 0 0 0 0 0 0 0 0 0 0 0 0 0 0 0 0 0 0 0 0 0 0 0 0 0 0 0 0 0 0 0 0 0 0 0]
[4324632049027033971088951615425275361987742491468033106432820447369888592335010407522779744574762971283062438387450067142810035830022309636199851626878194937846031496993475957816791707699523037741754136425093562019648516929353782772433996273138271672094838734595352677262627551247106019536217963024229 0 0 0 0 0 0 0 0 0 0 1 0 0 0 0 0 0 0 0 0 0 0 0 0 0 0 0 0 0 0 0 0 0 0 0 0 0 0 0 0 0 0 0 0 0 0 0 0 0 0 0 0 0 0 0 0 0 0 0 0 0 0 0 0 0 0 0 0 0 0 0 0 0 0 0 0 0 0 0 0 0 0 0 0 0 0 0 0 0 0 0 0 0 0 0 0 0 0 0]
[8484457345417675910344714283178942329769741734197296242753816236779765206288259660085008595010993752130782484501674304292454622285336774647930131077026454543038036313222506867919854555164548719435465739512233662811129740880589364323227233833088067226339039479092546368593681557375829807172250737538576 0 0 0 0 0 0 0 0 0 0 0 1 0 0 0 0 0 0 0 0 0 0 0 0 0 0 0 0 0 0 0 0 0 0 0 0 0 0 0 0 0 0 0 0 0 0 0 0 0 0 0 0 0 0 0 0 0 0 0 0 0 0 0 0 0 0 0 0 0 0 0 0 0 0 0 0 0 0 0 0 0 0 0 0 0 0 0 0 0 0 0 0 0 0 0 0 0 0 0]
[3868235895318982859519064619912350268171960606175579527072007741640088470046579564510878235170824386697311327216522477454072707793166924140460564014505144900967694778484177184810317387337958331573166968218011242007794214402981252977401260730766385951553808740833091599654664078219660065825632104084796 0 0 0 0 0 0 0 0 0 0 0 0 1 0 0 0 0 0 0 0 0 0 0 0 0 0 0 0 0 0 0 0 0 0 0 0 0 0 0 0 0 0 0 0 0 0 0 0 0 0 0 0 0 0 0 0 0 0 0 0 0 0 0 0 0 0 0 0 0 0 0 0 0 0 0 0 0 0 0 0 0 0 0 0 0 0 0 0 0 0 0 0 0 0 0 0 0 0 0]
[2882226965812037056281389108761367289548576164961216000818254494661259399401600944153325883425762398109227041732689857754340889167477559718545967529191700822585982411330206148900980782473650365316416476933386803732796142902312772537317189936632217958349317065438128632386561826074389890789985797834709 0 0 0 0 0 0 0 0 0 0 0 0 0 1 0 0 0 0 0 0 0 0 0 0 0 0 0 0 0 0 0 0 0 0 0 0 0 0 0 0 0 0 0 0 0 0 0 0 0 0 0 0 0 0 0 0 0 0 0 0 0 0 0 0 0 0 0 0 0 0 0 0 0 0 0 0 0 0 0 0 0 0 0 0 0 0 0 0 0 0 0 0 0 0 0 0 0 0 0]
[5995877262075863001835299513887621533102757308898224282508502605494996203415360980037197471765385541391730671574798706022758210405033006561108454870323545270350047066662205055478886347172570193854890768622135284925311275552942141059727636773986430167214341776860602116552809188726907088838847908553364 0 0 0 0 0 0 0 0 0 0 0 0 0 0 1 0 0 0 0 0 0 0 0 0 0 0 0 0 0 0 0 0 0 0 0 0 0 0 0 0 0 0 0 0 0 0 0 0 0 0 0 0 0 0 0 0 0 0 0 0 0 0 0 0 0 0 0 0 0 0 0 0 0 0 0 0 0 0 0 0 0 0 0 0 0 0 0 0 0 0 0 0 0 0 0 0 0 0 0]
[4759728221373688750269758769647862999559848093894443210917507206485075485175944084902120627224623305272075242244012891707761191255455116402429037041974760841398221367400989136879254655783597068483418530684059689630006092834577850352978107890734424522110387923313178902487898269622444106193888673779363 0 0 0 0 0 0 0 0 0 0 0 0 0 0 0 1 0 0 0 0 0 0 0 0 0 0 0 0 0 0 0 0 0 0 0 0 0 0 0 0 0 0 0 0 0 0 0 0 0 0 0 0 0 0 0 0 0 0 0 0 0 0 0 0 0 0 0 0 0 0 0 0 0 0 0 0 0 0 0 0 0 0 0 0 0 0 0 0 0 0 0 0 0 0 0 0 0 0 0]
[4385601775510777396009372938384546929179385614051577364658679438633964336690757965371066117991978544096874313038454174775504457076848333208579436621898697823098058063545513095221406530975219187942424806587825687412176451660005016671863889391813547928422488945246652624519579767919935121820844096323113 0 0 0 0 0 0 0 0 0 0 0 0 0 0 0 0 1 0 0 0 0 0 0 0 0 0 0 0 0 0 0 0 0 0 0 0 0 0 0 0 0 0 0 0 0 0 0 0 0 0 0 0 0 0 0 0 0 0 0 0 0 0 0 0 0 0 0 0 0 0 0 0 0 0 0 0 0 0 0 0 0 0 0 0 0 0 0 0 0 0 0 0 0 0 0 0 0 0 0]
[7243607567984644439192273242730094380073508349661267289209601074391733733516252143328062056610763956874732696023166217949959491753630843253510707915271666014650767495810819907682785183950047344942333786873251420357178095731185019865289134652808234419170277791697203492026105566044063579726620596936302 0 0 0 0 0 0 0 0 0 0 0 0 0 0 0 0 0 1 0 0 0 0 0 0 0 0 0 0 0 0 0 0 0 0 0 0 0 0 0 0 0 0 0 0 0 0 0 0 0 0 0 0 0 0 0 0 0 0 0 0 0 0 0 0 0 0 0 0 0 0 0 0 0 0 0 0 0 0 0 0 0 0 0 0 0 0 0 0 0 0 0 0 0 0 0 0 0 0 0]
[9079979709063482898209745704531604391585804013786484467714479938773686624331766731270296222444433142599859542903666427998598618237699879285011421963584233805733982371431688721336285779782655969647173583431083842270046849472277993107661803546090392667372748095913284644831590709118249686861092494726228 0 0 0 0 0 0 0 0 0 0 0 0 0 0 0 0 0 0 1 0 0 0 0 0 0 0 0 0 0 0 0 0 0 0 0 0 0 0 0 0 0 0 0 0 0 0 0 0 0 0 0 0 0 0 0 0 0 0 0 0 0 0 0 0 0 0 0 0 0 0 0 0 0 0 0 0 0 0 0 0 0 0 0 0 0 0 0 0 0 0 0 0 0 0 0 0 0 0 0]
[6959988353815163135008127663005670935437145150510431193166001012593440371891578907302236736002514324720822230805980933145447032757898658852322698661155821577996318819490177944817038804942350249558857901449192285614534000659567814173163841518064925321528234992900795816427412550851396187775257355464960 0 0 0 0 0 0 0 0 0 0 0 0 0 0 0 0 0 0 0 1 0 0 0 0 0 0 0 0 0 0 0 0 0 0 0 0 0 0 0 0 0 0 0 0 0 0 0 0 0 0 0 0 0 0 0 0 0 0 0 0 0 0 0 0 0 0 0 0 0 0 0 0 0 0 0 0 0 0 0 0 0 0 0 0 0 0 0 0 0 0 0 0 0 0 0 0 0 0 0]
[3301714902828293709083302676961255656171833369648737418253066105608654925439243286293120859107157955441792189458425962247138417199627607806061275476246001580269420221069911610394585009967124273543420237258635642505599135765586890170771022453089699724105418278139385601473761309196681667135819778016530 0 0 0 0 0 0 0 0 0 0 0 0 0 0 0 0 0 0 0 0 1 0 0 0 0 0 0 0 0 0 0 0 0 0 0 0 0 0 0 0 0 0 0 0 0 0 0 0 0 0 0 0 0 0 0 0 0 0 0 0 0 0 0 0 0 0 0 0 0 0 0 0 0 0 0 0 0 0 0 0 0 0 0 0 0 0 0 0 0 0 0 0 0 0 0 0 0 0 0]
[6430713541543769275939175485101099698635618692813738560024309836239425600893661843245340354330581309238187552148789208063283695799470980243074272675740973737012839280477598724987948421106576348432722985649998187635526292471409272830533565011389982165359538626769368653982223783691888450965715136232406 0 0 0 0 0 0 0 0 0 0 0 0 0 0 0 0 0 0 0 0 0 1 0 0 0 0 0 0 0 0 0 0 0 0 0 0 0 0 0 0 0 0 0 0 0 0 0 0 0 0 0 0 0 0 0 0 0 0 0 0 0 0 0 0 0 0 0 0 0 0 0 0 0 0 0 0 0 0 0 0 0 0 0 0 0 0 0 0 0 0 0 0 0 0 0 0 0 0 0]
[6636703319849811132196124701509596995634442496314077587039204278761028271373592732842466865281471257271573903263911103441515837973272415740746681968086187610440117999893749269580676961878268792394892862171467480382513580511704770184998743612310893912172485834965746071170148084465046091196007168093777 0 0 0 0 0 0 0 0 0 0 0 0 0 0 0 0 0 0 0 0 0 0 1 0 0 0 0 0 0 0 0 0 0 0 0 0 0 0 0 0 0 0 0 0 0 0 0 0 0 0 0 0 0 0 0 0 0 0 0 0 0 0 0 0 0 0 0 0 0 0 0 0 0 0 0 0 0 0 0 0 0 0 0 0 0 0 0 0 0 0 0 0 0 0 0 0 0 0 0]
[5986678540654942141910128866969347072200504934357066009327143637370531921728097274385998212427378212707101764205461905723226158632736594748666712237044746070560157177101371628631580268010510118821076099831220528744034907425012859486317115478633093522927814333838495007667741846865286448273555897533718 0 0 0 0 0 0 0 0 0 0 0 0 0 0 0 0 0 0 0 0 0 0 0 1 0 0 0 0 0 0 0 0 0 0 0 0 0 0 0 0 0 0 0 0 0 0 0 0 0 0 0 0 0 0 0 0 0 0 0 0 0 0 0 0 0 0 0 0 0 0 0 0 0 0 0 0 0 0 0 0 0 0 0 0 0 0 0 0 0 0 0 0 0 0 0 0 0 0 0]
[7354289799859314396188062217235119190790789928961194061210205434639591444188660957236728716797430948310814133015063097829161018525919512831581680085710841168681942034729357206557150397048540963934345033076313497957428361385961014455967550380365446453432361878229200626118608645066079594221465781062259 0 0 0 0 0 0 0 0 0 0 0 0 0 0 0 0 0 0 0 0 0 0 0 0 1 0 0 0 0 0 0 0 0 0 0 0 0 0 0 0 0 0 0 0 0 0 0 0 0 0 0 0 0 0 0 0 0 0 0 0 0 0 0 0 0 0 0 0 0 0 0 0 0 0 0 0 0 0 0 0 0 0 0 0 0 0 0 0 0 0 0 0 0 0 0 0 0 0 0]
[3551048671078884195207811518811275094926394700803067649297578787646090346759753218451816345931655302596996025106743408016980417622455362177676058930287554323650961029166210032419300195732426856573310587163342049731943032091983590109835888454641086781382030638619259348872971505862669202950458861205190 0 0 0 0 0 0 0 0 0 0 0 0 0 0 0 0 0 0 0 0 0 0 0 0 0 1 0 0 0 0 0 0 0 0 0 0 0 0 0 0 0 0 0 0 0 0 0 0 0 0 0 0 0 0 0 0 0 0 0 0 0 0 0 0 0 0 0 0 0 0 0 0 0 0 0 0 0 0 0 0 0 0 0 0 0 0 0 0 0 0 0 0 0 0 0 0 0 0 0]
[2519847114204023147223073152584740400303745809331157734702352831293399889544784798103798937578231882037047039677562173808357058937878130589241804415064049299936809836884167500521333013632325046750314480126645005718562508703526551930033052673166713760646027999596532165838293567249475329959663774642806 0 0 0 0 0 0 0 0 0 0 0 0 0 0 0 0 0 0 0 0 0 0 0 0 0 0 1 0 0 0 0 0 0 0 0 0 0 0 0 0 0 0 0 0 0 0 0 0 0 0 0 0 0 0 0 0 0 0 0 0 0 0 0 0 0 0 0 0 0 0 0 0 0 0 0 0 0 0 0 0 0 0 0 0 0 0 0 0 0 0 0 0 0 0 0 0 0 0 0]
[1663082919357446213283400004904231713739631596528964287843632929794663916670680899518868706377968046258990762758807490270369309337376140445409640922770328400196203661064014317238362928738082775328040814202058895493017289268402560254842225517123592363547991190143842671661744497293310662205596533486336 0 0 0 0 0 0 0 0 0 0 0 0 0 0 0 0 0 0 0 0 0 0 0 0 0 0 0 1 0 0 0 0 0 0 0 0 0 0 0 0 0 0 0 0 0 0 0 0 0 0 0 0 0 0 0 0 0 0 0 0 0 0 0 0 0 0 0 0 0 0 0 0 0 0 0 0 0 0 0 0 0 0 0 0 0 0 0 0 0 0 0 0 0 0 0 0 0 0 0]
[6157213106929224896086643618898694411473862021191361174110410209099862150691888836418964158637466475339447518876446405993267507164369387302485184704043435808537541958276910938958141419496278711758749737245599945884368105348392667111284476654933961563850159342050396226735358817706601850018769825953385 0 0 0 0 0 0 0 0 0 0 0 0 0 0 0 0 0 0 0 0 0 0 0 0 0 0 0 0 1 0 0 0 0 0 0 0 0 0 0 0 0 0 0 0 0 0 0 0 0 0 0 0 0 0 0 0 0 0 0 0 0 0 0 0 0 0 0 0 0 0 0 0 0 0 0 0 0 0 0 0 0 0 0 0 0 0 0 0 0 0 0 0 0 0 0 0 0 0 0]
[8029241754014659724063885079653865875569483943770392580348945602853621487143782552078416972272959911694131338697487640060531757098609037250184851839125546133835046120593637660003751183481939187520557257064129176207794171398669926983380729856716604901517323147585466670042043277756587386892663426875099 0 0 0 0 0 0 0 0 0 0 0 0 0 0 0 0 0 0 0 0 0 0 0 0 0 0 0 0 0 1 0 0 0 0 0 0 0 0 0 0 0 0 0 0 0 0 0 0 0 0 0 0 0 0 0 0 0 0 0 0 0 0 0 0 0 0 0 0 0 0 0 0 0 0 0 0 0 0 0 0 0 0 0 0 0 0 0 0 0 0 0 0 0 0 0 0 0 0 0]
[1630385380450882683926803146893242517572109134354107629773795490934191280337603589985316931652605064800397077881746295803973716886229826143842996040220417040093302227226416589633465405975797665549928092642902123185654089893823851388133592066579618646852160463256278856688077871912673806074130382172508 0 0 0 0 0 0 0 0 0 0 0 0 0 0 0 0 0 0 0 0 0 0 0 0 0 0 0 0 0 0 1 0 0 0 0 0 0 0 0 0 0 0 0 0 0 0 0 0 0 0 0 0 0 0 0 0 0 0 0 0 0 0 0 0 0 0 0 0 0 0 0 0 0 0 0 0 0 0 0 0 0 0 0 0 0 0 0 0 0 0 0 0 0 0 0 0 0 0 0]
[3231507289001257884364670828240297936579617341855030799659716844424376217055454808986343735378449048886682575863140210633688405737586218926309014517375848126812589998093420356826572517849031282332111091142876832282142742214314127567828643970577863347454882723651985346207032489768893803473779565080667 0 0 0 0 0 0 0 0 0 0 0 0 0 0 0 0 0 0 0 0 0 0 0 0 0 0 0 0 0 0 0 1 0 0 0 0 0 0 0 0 0 0 0 0 0 0 0 0 0 0 0 0 0 0 0 0 0 0 0 0 0 0 0 0 0 0 0 0 0 0 0 0 0 0 0 0 0 0 0 0 0 0 0 0 0 0 0 0 0 0 0 0 0 0 0 0 0 0 0]
[6916007943342763085976156451537267995508533862809379162302654858081548184697540669742377329519106999196682550401639954210990906658381159252623853246926802101675746206754913790855208403645282981453610388587743779785527029114973745505340310060079169666928841302081661448914016556721146498370178787245523 0 0 0 0 0 0 0 0 0 0 0 0 0 0 0 0 0 0 0 0 0 0 0 0 0 0 0 0 0 0 0 0 1 0 0 0 0 0 0 0 0 0 0 0 0 0 0 0 0 0 0 0 0 0 0 0 0 0 0 0 0 0 0 0 0 0 0 0 0 0 0 0 0 0 0 0 0 0 0 0 0 0 0 0 0 0 0 0 0 0 0 0 0 0 0 0 0 0 0]
[167318583886972661136632924466461242202490652943372417171386280132900505153771726331578948234766863590826185113441144076198115894472871778085179770674139612703592110467793225843431660052804153564086632134345574180209666233094209680463942444185872349265313342690707946448888646923852760633299189342799 0 0 0 0 0 0 0 0 0 0 0 0 0 0 0 0 0 0 0 0 0 0 0 0 0 0 0 0 0 0 0 0 0 1 0 0 0 0 0 0 0 0 0 0 0 0 0 0 0 0 0 0 0 0 0 0 0 0 0 0 0 0 0 0 0 0 0 0 0 0 0 0 0 0 0 0 0 0 0 0 0 0 0 0 0 0 0 0 0 0 0 0 0 0 0 0 0 0 0]
[3569657307965271022451359759342314166996997693878139960643280277745760082271409725532143008583918676574581425971873783425349229818598439515293341870719914414945365028432828221359344217467837552799287108795047843160519582260413260843876554018572699315883358230682001516638516441409996807244408400373171 0 0 0 0 0 0 0 0 0 0 0 0 0 0 0 0 0 0 0 0 0 0 0 0 0 0 0 0 0 0 0 0 0 0 1 0 0 0 0 0 0 0 0 0 0 0 0 0 0 0 0 0 0 0 0 0 0 0 0 0 0 0 0 0 0 0 0 0 0 0 0 0 0 0 0 0 0 0 0 0 0 0 0 0 0 0 0 0 0 0 0 0 0 0 0 0 0 0 0]
[6109372648483552307849987644718942138404014612372517537137657425078773479210840128814524045918843676766375624607182128276279151718666906249451389662083638383628645714534908657826583659592793092192797935947666770765709400070787576296242516230563884211057983520249912960674362806938515169203974337450930 0 0 0 0 0 0 0 0 0 0 0 0 0 0 0 0 0 0 0 0 0 0 0 0 0 0 0 0 0 0 0 0 0 0 0 1 0 0 0 0 0 0 0 0 0 0 0 0 0 0 0 0 0 0 0 0 0 0 0 0 0 0 0 0 0 0 0 0 0 0 0 0 0 0 0 0 0 0 0 0 0 0 0 0 0 0 0 0 0 0 0 0 0 0 0 0 0 0 0]
[3815354781862778921233310010935933655020224343233028060095095245521567053927412088885190644368216361871333038572973059119661729602328518601836075583754803816224142492751445684844633188261535500717942782090242559547232931482658958271186997157599509811510121013083345834452678050654989685439733220534401 0 0 0 0 0 0 0 0 0 0 0 0 0 0 0 0 0 0 0 0 0 0 0 0 0 0 0 0 0 0 0 0 0 0 0 0 1 0 0 0 0 0 0 0 0 0 0 0 0 0 0 0 0 0 0 0 0 0 0 0 0 0 0 0 0 0 0 0 0 0 0 0 0 0 0 0 0 0 0 0 0 0 0 0 0 0 0 0 0 0 0 0 0 0 0 0 0 0 0]
[3672013808714926138248826057674361161259152847828653975488105071905415218594322922685891633056831590558647210038485052161546196986366740326887604222629043262582202039077882058471296500408804671977125366355993993585150505020828001418702313293392603018176977262876352583632998413161758054855569685345495 0 0 0 0 0 0 0 0 0 0 0 0 0 0 0 0 0 0 0 0 0 0 0 0 0 0 0 0 0 0 0 0 0 0 0 0 0 1 0 0 0 0 0 0 0 0 0 0 0 0 0 0 0 0 0 0 0 0 0 0 0 0 0 0 0 0 0 0 0 0 0 0 0 0 0 0 0 0 0 0 0 0 0 0 0 0 0 0 0 0 0 0 0 0 0 0 0 0 0]
[8317418289170906489628349354132480944042878324356102818109094441752865908121434684097488620194194974882633451804653643408302824299691327877058900387886841448981799648506674671657241377428532629919239893035834648600680373593173553001209608827893358048715552042684820129955547902117908745086063919619197 0 0 0 0 0 0 0 0 0 0 0 0 0 0 0 0 0 0 0 0 0 0 0 0 0 0 0 0 0 0 0 0 0 0 0 0 0 0 1 0 0 0 0 0 0 0 0 0 0 0 0 0 0 0 0 0 0 0 0 0 0 0 0 0 0 0 0 0 0 0 0 0 0 0 0 0 0 0 0 0 0 0 0 0 0 0 0 0 0 0 0 0 0 0 0 0 0 0 0]
[1259590034448079721997626162868341669102400529056287826989562355244632846396835860165250276235101638729009893557571395945397090290561695594849785385052382723258371497510732201540275934777806627406674301228540726065102776837966826135621007907897780900426126228005812996577620141452130675029145517894691 0 0 0 0 0 0 0 0 0 0 0 0 0 0 0 0 0 0 0 0 0 0 0 0 0 0 0 0 0 0 0 0 0 0 0 0 0 0 0 1 0 0 0 0 0 0 0 0 0 0 0 0 0 0 0 0 0 0 0 0 0 0 0 0 0 0 0 0 0 0 0 0 0 0 0 0 0 0 0 0 0 0 0 0 0 0 0 0 0 0 0 0 0 0 0 0 0 0 0]
[4856359083503737565888892055621530621091315546018577257563141967522094569984241631736672564034478632390177889793815346733532417709350977154067945950677557770314120614152001187160758134240086123665666217965658567156827458419861055856136094163070180688006125072917523003944074071852447424639533068129312 0 0 0 0 0 0 0 0 0 0 0 0 0 0 0 0 0 0 0 0 0 0 0 0 0 0 0 0 0 0 0 0 0 0 0 0 0 0 0 0 1 0 0 0 0 0 0 0 0 0 0 0 0 0 0 0 0 0 0 0 0 0 0 0 0 0 0 0 0 0 0 0 0 0 0 0 0 0 0 0 0 0 0 0 0 0 0 0 0 0 0 0 0 0 0 0 0 0 0]
[1437090589856141399480243401973300462683975362109702390497160211946339804730573112947656406349960378249581787104789772693892638643382923577911234050167066612827521203823257990275082777021196283771932771621569782844654916454078310099273394236938623229893158168556785017235830079496613581342306197775773 0 0 0 0 0 0 0 0 0 0 0 0 0 0 0 0 0 0 0 0 0 0 0 0 0 0 0 0 0 0 0 0 0 0 0 0 0 0 0 0 0 1 0 0 0 0 0 0 0 0 0 0 0 0 0 0 0 0 0 0 0 0 0 0 0 0 0 0 0 0 0 0 0 0 0 0 0 0 0 0 0 0 0 0 0 0 0 0 0 0 0 0 0 0 0 0 0 0 0]
[4473313018455144699361556850242184327826494734559825381192960790525429760400751349780573489099465140554190286267311531451717992235043685128819391352304133493860890079968600616381329074447686774624162642842034122494173151141109946052563563864248204364831708954902214839666479436167091831517784303616470 0 0 0 0 0 0 0 0 0 0 0 0 0 0 0 0 0 0 0 0 0 0 0 0 0 0 0 0 0 0 0 0 0 0 0 0 0 0 0 0 0 0 1 0 0 0 0 0 0 0 0 0 0 0 0 0 0 0 0 0 0 0 0 0 0 0 0 0 0 0 0 0 0 0 0 0 0 0 0 0 0 0 0 0 0 0 0 0 0 0 0 0 0 0 0 0 0 0 0]
[7932780929898713994792919424079287210102407489701751060199967478746887579960809496216991005454601589384820891287015431248277627143283249288027849489871087577790358317698891866747202817310737811166607044804207470503266538596250697934048874127037157435627621052335387195253270950141599229542993784958856 0 0 0 0 0 0 0 0 0 0 0 0 0 0 0 0 0 0 0 0 0 0 0 0 0 0 0 0 0 0 0 0 0 0 0 0 0 0 0 0 0 0 0 1 0 0 0 0 0 0 0 0 0 0 0 0 0 0 0 0 0 0 0 0 0 0 0 0 0 0 0 0 0 0 0 0 0 0 0 0 0 0 0 0 0 0 0 0 0 0 0 0 0 0 0 0 0 0 0]
[4427435056650216304044555544642442103917004579827034033533389630469450571093923625963148746579727734320584240654692040460580478543981509534309750082928242783133459561704342534351346531546705701149359303375181122016139788872554081919743255578589567750866333880498620490896659526030939428204070299223587 0 0 0 0 0 0 0 0 0 0 0 0 0 0 0 0 0 0 0 0 0 0 0 0 0 0 0 0 0 0 0 0 0 0 0 0 0 0 0 0 0 0 0 0 1 0 0 0 0 0 0 0 0 0 0 0 0 0 0 0 0 0 0 0 0 0 0 0 0 0 0 0 0 0 0 0 0 0 0 0 0 0 0 0 0 0 0 0 0 0 0 0 0 0 0 0 0 0 0]
[5914581305102320029282627146692555589039835586123496498370555827468034131757722790213372559593144576855453713513586585722709573662574326130031902324800127076253487981976562685155901088151012638890148073381170488137248656445288771092909221972612270222715429103785206615063002982660812965969517545015377 0 0 0 0 0 0 0 0 0 0 0 0 0 0 0 0 0 0 0 0 0 0 0 0 0 0 0 0 0 0 0 0 0 0 0 0 0 0 0 0 0 0 0 0 0 1 0 0 0 0 0 0 0 0 0 0 0 0 0 0 0 0 0 0 0 0 0 0 0 0 0 0 0 0 0 0 0 0 0 0 0 0 0 0 0 0 0 0 0 0 0 0 0 0 0 0 0 0 0]
[2666246487127203862972033266637768599309295537655624437194419598285136897245111654956911762644150884322969710567654858726903825595042756160741348986139260920710845298125452995478580066600025365214883264725509238007998991585679290987724182999715215389979908004551359679693129506075140129713371457465242 0 0 0 0 0 0 0 0 0 0 0 0 0 0 0 0 0 0 0 0 0 0 0 0 0 0 0 0 0 0 0 0 0 0 0 0 0 0 0 0 0 0 0 0 0 0 1 0 0 0 0 0 0 0 0 0 0 0 0 0 0 0 0 0 0 0 0 0 0 0 0 0 0 0 0 0 0 0 0 0 0 0 0 0 0 0 0 0 0 0 0 0 0 0 0 0 0 0 0]
[4339114032743714269234284515832730380565716083761876143405085459181550530531888535532385508061513172444971820445387779232696803470559487708016966005112870479229590359036486326534386828091914022798079774371029631657076229901188128450573369316511239539938266139446611998904371309973539895109569433355495 0 0 0 0 0 0 0 0 0 0 0 0 0 0 0 0 0 0 0 0 0 0 0 0 0 0 0 0 0 0 0 0 0 0 0 0 0 0 0 0 0 0 0 0 0 0 0 1 0 0 0 0 0 0 0 0 0 0 0 0 0 0 0 0 0 0 0 0 0 0 0 0 0 0 0 0 0 0 0 0 0 0 0 0 0 0 0 0 0 0 0 0 0 0 0 0 0 0 0]
[655662387233618484661644205526096064305403329210308825739747838561403456328643969186169784884266023756173154480538278956148035202193617479064709868785543293286335508059069269756881638409621639153906271099419842007148472793100337039143077187600328863485212876139914537692771135692526586228388951166189 0 0 0 0 0 0 0 0 0 0 0 0 0 0 0 0 0 0 0 0 0 0 0 0 0 0 0 0 0 0 0 0 0 0 0 0 0 0 0 0 0 0 0 0 0 0 0 0 1 0 0 0 0 0 0 0 0 0 0 0 0 0 0 0 0 0 0 0 0 0 0 0 0 0 0 0 0 0 0 0 0 0 0 0 0 0 0 0 0 0 0 0 0 0 0 0 0 0 0]
[6840132757690802874776417470750769920105357483110884478042743746461821233206171206279995647123705424113420217780775790652585109161605647786455536473796995956656132260944272601847232410222683264786562790567971837476053241841152808069059523752472907335552540160195874545039129033718653032341576351845949 0 0 0 0 0 0 0 0 0 0 0 0 0 0 0 0 0 0 0 0 0 0 0 0 0 0 0 0 0 0 0 0 0 0 0 0 0 0 0 0 0 0 0 0 0 0 0 0 0 1 0 0 0 0 0 0 0 0 0 0 0 0 0 0 0 0 0 0 0 0 0 0 0 0 0 0 0 0 0 0 0 0 0 0 0 0 0 0 0 0 0 0 0 0 0 0 0 0 0]
[8213464644159492971659207870435611881604991559496248401100618345106770342470529283620387489600489235384856719618583118237140021769593765048952551709596025248831781866546636007298207026784952234542857831172562214133378958746720489746537617142551743234810003533010209647062992174173244427099453650171040 0 0 0 0 0 0 0 0 0 0 0 0 0 0 0 0 0 0 0 0 0 0 0 0 0 0 0 0 0 0 0 0 0 0 0 0 0 0 0 0 0 0 0 0 0 0 0 0 0 0 1 0 0 0 0 0 0 0 0 0 0 0 0 0 0 0 0 0 0 0 0 0 0 0 0 0 0 0 0 0 0 0 0 0 0 0 0 0 0 0 0 0 0 0 0 0 0 0 0]
[604118645776230732506602915039888703074281465836505355106271970116130378627056688289047421927147933038050831367751114661068117293665384720392115424065929251613657782794581807741376252387059301715511375753133035462265595049898092220599863042156239706415053979743632565102134348758106692203449489150354 0 0 0 0 0 0 0 0 0 0 0 0 0 0 0 0 0 0 0 0 0 0 0 0 0 0 0 0 0 0 0 0 0 0 0 0 0 0 0 0 0 0 0 0 0 0 0 0 0 0 0 1 0 0 0 0 0 0 0 0 0 0 0 0 0 0 0 0 0 0 0 0 0 0 0 0 0 0 0 0 0 0 0 0 0 0 0 0 0 0 0 0 0 0 0 0 0 0 0]
[3492636443984056053580215458504676217314915387472824835418304695064170639035576779206315609768098938763896363264711844245336472681272585127861836821666045049181247385867762685469528006490477203070533495951588811373254247203975936048132187196079883831807727327202405527754360292602805802042272895028502 0 0 0 0 0 0 0 0 0 0 0 0 0 0 0 0 0 0 0 0 0 0 0 0 0 0 0 0 0 0 0 0 0 0 0 0 0 0 0 0 0 0 0 0 0 0 0 0 0 0 0 0 1 0 0 0 0 0 0 0 0 0 0 0 0 0 0 0 0 0 0 0 0 0 0 0 0 0 0 0 0 0 0 0 0 0 0 0 0 0 0 0 0 0 0 0 0 0 0]
[5877787595020010104953387895095631279085217991549192105392582257222675549655329566911120940936102171755696301118580603280400954495292301614619647607730156453443627094436590791638403755097536563077723827049703237659781579067224822604792012600913667485304331257779345068959304636567148708266440713167280 0 0 0 0 0 0 0 0 0 0 0 0 0 0 0 0 0 0 0 0 0 0 0 0 0 0 0 0 0 0 0 0 0 0 0 0 0 0 0 0 0 0 0 0 0 0 0 0 0 0 0 0 0 1 0 0 0 0 0 0 0 0 0 0 0 0 0 0 0 0 0 0 0 0 0 0 0 0 0 0 0 0 0 0 0 0 0 0 0 0 0 0 0 0 0 0 0 0 0]
[8600180430509624906725312579317078866775052475720868453154469331364085330913989015675716155721898661833248354800302222101715697808293667009544060499064993301314761016516044250001685685224917828960296779933779825166811866598437381357293298463919747822229861436394018210837240990679608365791030158648898 0 0 0 0 0 0 0 0 0 0 0 0 0 0 0 0 0 0 0 0 0 0 0 0 0 0 0 0 0 0 0 0 0 0 0 0 0 0 0 0 0 0 0 0 0 0 0 0 0 0 0 0 0 0 1 0 0 0 0 0 0 0 0 0 0 0 0 0 0 0 0 0 0 0 0 0 0 0 0 0 0 0 0 0 0 0 0 0 0 0 0 0 0 0 0 0 0 0 0]
[5374537192970484058397831989861710946211081792862667685738717819462559244917831522794500440183748236349695983610577247787817003266098859395442290808399744761997271457056394539555736043090360066015493755969310591899684571554705579268788503263627320780778282164955951640950162504193130127825254508114288 0 0 0 0 0 0 0 0 0 0 0 0 0 0 0 0 0 0 0 0 0 0 0 0 0 0 0 0 0 0 0 0 0 0 0 0 0 0 0 0 0 0 0 0 0 0 0 0 0 0 0 0 0 0 0 1 0 0 0 0 0 0 0 0 0 0 0 0 0 0 0 0 0 0 0 0 0 0 0 0 0 0 0 0 0 0 0 0 0 0 0 0 0 0 0 0 0 0 0]
[2021250374171628330200111324940289243462638128245873797168860512097826589621496356374057299647766781582649653741685125953922877538826910363630185676431208297363191328102521567706960879541266805230678055786570269057237222803989085984052159300953870865089632145323361351992220648980106902065836960286581 0 0 0 0 0 0 0 0 0 0 0 0 0 0 0 0 0 0 0 0 0 0 0 0 0 0 0 0 0 0 0 0 0 0 0 0 0 0 0 0 0 0 0 0 0 0 0 0 0 0 0 0 0 0 0 0 1 0 0 0 0 0 0 0 0 0 0 0 0 0 0 0 0 0 0 0 0 0 0 0 0 0 0 0 0 0 0 0 0 0 0 0 0 0 0 0 0 0 0]
[8391864038748880864801136089036877879927491375122819517313384252818568298952736943794879821444767753796625492090655407570895520613775876803662525161277841103941790450631321650459526283777975778871131736723207597164747089817842557554523728137080063987150890543031011668619815607051261091595269684420428 0 0 0 0 0 0 0 0 0 0 0 0 0 0 0 0 0 0 0 0 0 0 0 0 0 0 0 0 0 0 0 0 0 0 0 0 0 0 0 0 0 0 0 0 0 0 0 0 0 0 0 0 0 0 0 0 0 1 0 0 0 0 0 0 0 0 0 0 0 0 0 0 0 0 0 0 0 0 0 0 0 0 0 0 0 0 0 0 0 0 0 0 0 0 0 0 0 0 0]
[4874499518639771605646073010787296143968569207539470858272672733345593871511876500524331889905166789143544435481383778065350406609915396646553653101167967176470579887146106150510716667555096276981878860326650806206260062848406528604234533543778604281773518963866412473591519281906274486742213214719745 0 0 0 0 0 0 0 0 0 0 0 0 0 0 0 0 0 0 0 0 0 0 0 0 0 0 0 0 0 0 0 0 0 0 0 0 0 0 0 0 0 0 0 0 0 0 0 0 0 0 0 0 0 0 0 0 0 0 1 0 0 0 0 0 0 0 0 0 0 0 0 0 0 0 0 0 0 0 0 0 0 0 0 0 0 0 0 0 0 0 0 0 0 0 0 0 0 0 0]
[1934381097541918741339743692079117807172888679767755422008881307826390015222506355364809182556961866400755150938342596497600007392690338883355651430074199989177344481716891879730870213990517507183769242638415353231815603517847260297615816330438555750880484046171932507351084422437050333839985436739001 0 0 0 0 0 0 0 0 0 0 0 0 0 0 0 0 0 0 0 0 0 0 0 0 0 0 0 0 0 0 0 0 0 0 0 0 0 0 0 0 0 0 0 0 0 0 0 0 0 0 0 0 0 0 0 0 0 0 0 1 0 0 0 0 0 0 0 0 0 0 0 0 0 0 0 0 0 0 0 0 0 0 0 0 0 0 0 0 0 0 0 0 0 0 0 0 0 0 0]
[7335720580284103051251802627889123650282698328463520718801024659916492567299539322412263839460072716348135603447470393606578244502898106034791364536165293233347384392473954357996487738105062045060631294751212400637365094919028171668420042847680828482042961249988133815964982834352169820017529347029323 0 0 0 0 0 0 0 0 0 0 0 0 0 0 0 0 0 0 0 0 0 0 0 0 0 0 0 0 0 0 0 0 0 0 0 0 0 0 0 0 0 0 0 0 0 0 0 0 0 0 0 0 0 0 0 0 0 0 0 0 1 0 0 0 0 0 0 0 0 0 0 0 0 0 0 0 0 0 0 0 0 0 0 0 0 0 0 0 0 0 0 0 0 0 0 0 0 0 0]
[5120953176693816722628287318031484179411801838182787633301478970785674406820329813552309933375063050457206408303768618800544021110959103619259077183950452570887568779897912082815557161249189878860824084991077556145647211215460858241516576148448791882567091790823709057213427035968940105133171796739444 0 0 0 0 0 0 0 0 0 0 0 0 0 0 0 0 0 0 0 0 0 0 0 0 0 0 0 0 0 0 0 0 0 0 0 0 0 0 0 0 0 0 0 0 0 0 0 0 0 0 0 0 0 0 0 0 0 0 0 0 0 1 0 0 0 0 0 0 0 0 0 0 0 0 0 0 0 0 0 0 0 0 0 0 0 0 0 0 0 0 0 0 0 0 0 0 0 0 0]
[8759173209629213478480707660228316439255010097753334302847717338360590454720376260610583502085089854636826087193435489816815751220768650473842807876383455571350455401886292324134523653099168993218313816204944298607525010031317482635916342363041179475219741371574391233892610536095167473220245908172939 0 0 0 0 0 0 0 0 0 0 0 0 0 0 0 0 0 0 0 0 0 0 0 0 0 0 0 0 0 0 0 0 0 0 0 0 0 0 0 0 0 0 0 0 0 0 0 0 0 0 0 0 0 0 0 0 0 0 0 0 0 0 1 0 0 0 0 0 0 0 0 0 0 0 0 0 0 0 0 0 0 0 0 0 0 0 0 0 0 0 0 0 0 0 0 0 0 0 0]
[4187623718749698371679150846810237069581034176077619294306368422585428086648625495242376273749340949876629854040705073903474844399436197960408668320351241468918481396071180405477381280848991475912588867604864100489645160981516216340435020158277033770290031873265765565124878532884921092990884715058876 0 0 0 0 0 0 0 0 0 0 0 0 0 0 0 0 0 0 0 0 0 0 0 0 0 0 0 0 0 0 0 0 0 0 0 0 0 0 0 0 0 0 0 0 0 0 0 0 0 0 0 0 0 0 0 0 0 0 0 0 0 0 0 1 0 0 0 0 0 0 0 0 0 0 0 0 0 0 0 0 0 0 0 0 0 0 0 0 0 0 0 0 0 0 0 0 0 0 0]
[7327411970846830002440735948676906994735223304717312728337430285740298460280302615088441381133503671712943820499105827307421139057037724098314576700753300589032267952904530445527102336351731319921644045142088089766349596003815038049919403487273151806445859174381298014625636744716462914356658741398153 0 0 0 0 0 0 0 0 0 0 0 0 0 0 0 0 0 0 0 0 0 0 0 0 0 0 0 0 0 0 0 0 0 0 0 0 0 0 0 0 0 0 0 0 0 0 0 0 0 0 0 0 0 0 0 0 0 0 0 0 0 0 0 0 1 0 0 0 0 0 0 0 0 0 0 0 0 0 0 0 0 0 0 0 0 0 0 0 0 0 0 0 0 0 0 0 0 0 0]
[3111830743529297731652740023833172167157443748973659563241068680598476162521205958507159926820997108616444914783389516256855697826911035363721308010033639612464590614669209626254878973279836652300689833177609640930370980704461975942367283829953246079670201188435113766402852572491270180296806057190873 0 0 0 0 0 0 0 0 0 0 0 0 0 0 0 0 0 0 0 0 0 0 0 0 0 0 0 0 0 0 0 0 0 0 0 0 0 0 0 0 0 0 0 0 0 0 0 0 0 0 0 0 0 0 0 0 0 0 0 0 0 0 0 0 0 1 0 0 0 0 0 0 0 0 0 0 0 0 0 0 0 0 0 0 0 0 0 0 0 0 0 0 0 0 0 0 0 0 0]
[9012724331879547162034696086445306520947113332198007225034871636794037467473101569158163830601914497629212395507436305246059608838978537717841451780875938898661565770746123802031673520755385427428147822723568317858357253089865386279693419088989643339380009355808925905814837421377160459800482486749856 0 0 0 0 0 0 0 0 0 0 0 0 0 0 0 0 0 0 0 0 0 0 0 0 0 0 0 0 0 0 0 0 0 0 0 0 0 0 0 0 0 0 0 0 0 0 0 0 0 0 0 0 0 0 0 0 0 0 0 0 0 0 0 0 0 0 1 0 0 0 0 0 0 0 0 0 0 0 0 0 0 0 0 0 0 0 0 0 0 0 0 0 0 0 0 0 0 0 0]
[8480578209882057902978894816423441714329937391194735651969419513202251433701924558371856516509917051227986903157886448968411473595149942219676434194194868771657764946217074887305547401544080430459742284379830776200372172854271772177300444948665823147167414886270803279754265289207281657406721781315208 0 0 0 0 0 0 0 0 0 0 0 0 0 0 0 0 0 0 0 0 0 0 0 0 0 0 0 0 0 0 0 0 0 0 0 0 0 0 0 0 0 0 0 0 0 0 0 0 0 0 0 0 0 0 0 0 0 0 0 0 0 0 0 0 0 0 0 1 0 0 0 0 0 0 0 0 0 0 0 0 0 0 0 0 0 0 0 0 0 0 0 0 0 0 0 0 0 0 0]
[9260248247777284503667540924905862177786685074652426171734530697491917804319376518377670856853377410507011974882423586062464599322957700206190018211443012306287770725164133154333254335792234657972820941947335311309420617389260244323258712273939503726393562020222229488102197223060046457112266237841128 0 0 0 0 0 0 0 0 0 0 0 0 0 0 0 0 0 0 0 0 0 0 0 0 0 0 0 0 0 0 0 0 0 0 0 0 0 0 0 0 0 0 0 0 0 0 0 0 0 0 0 0 0 0 0 0 0 0 0 0 0 0 0 0 0 0 0 0 1 0 0 0 0 0 0 0 0 0 0 0 0 0 0 0 0 0 0 0 0 0 0 0 0 0 0 0 0 0 0]
[5524475285079060849202483548591622436610639093085291297692232545280372613831531981911865890845328476591039920016969198049701171008622193323833042891213264786805186561367604182035534219508886649822918109948815402755521663346699347128381455258438525036698025626401083872850329745720081616123069966495752 0 0 0 0 0 0 0 0 0 0 0 0 0 0 0 0 0 0 0 0 0 0 0 0 0 0 0 0 0 0 0 0 0 0 0 0 0 0 0 0 0 0 0 0 0 0 0 0 0 0 0 0 0 0 0 0 0 0 0 0 0 0 0 0 0 0 0 0 0 1 0 0 0 0 0 0 0 0 0 0 0 0 0 0 0 0 0 0 0 0 0 0 0 0 0 0 0 0 0]
[4684142990232440867483660236220861515669549360069354130853040349295707805343452554687154611477741302533058865481312165951418855628480188537756397375638853891897530270138848977979228057137906546441509004408987468269925065304675969430237903820430012952518514711044120045683328646183904395456864796473884 0 0 0 0 0 0 0 0 0 0 0 0 0 0 0 0 0 0 0 0 0 0 0 0 0 0 0 0 0 0 0 0 0 0 0 0 0 0 0 0 0 0 0 0 0 0 0 0 0 0 0 0 0 0 0 0 0 0 0 0 0 0 0 0 0 0 0 0 0 0 1 0 0 0 0 0 0 0 0 0 0 0 0 0 0 0 0 0 0 0 0 0 0 0 0 0 0 0 0]
[4954971512055557744036645793880506193803275595249240073664285034070180379846439662923735583361497098040174595012590258149654494043106213268813951900735432330523824102856473134863444555479807396219129614221889637726641348463416689398018792923626941892787739603455100426574242217211344504293334733982026 0 0 0 0 0 0 0 0 0 0 0 0 0 0 0 0 0 0 0 0 0 0 0 0 0 0 0 0 0 0 0 0 0 0 0 0 0 0 0 0 0 0 0 0 0 0 0 0 0 0 0 0 0 0 0 0 0 0 0 0 0 0 0 0 0 0 0 0 0 0 0 1 0 0 0 0 0 0 0 0 0 0 0 0 0 0 0 0 0 0 0 0 0 0 0 0 0 0 0]
[1791949285080321891746206809520865963647534698153609697328249398268082306551062649139894015951216852881785401730468737300492640913158297071109257272832690153539873417312422130904999726246367805180672742057202181906672356589073869262720765299196950752268866306717783533457484709071147398693993792829278 0 0 0 0 0 0 0 0 0 0 0 0 0 0 0 0 0 0 0 0 0 0 0 0 0 0 0 0 0 0 0 0 0 0 0 0 0 0 0 0 0 0 0 0 0 0 0 0 0 0 0 0 0 0 0 0 0 0 0 0 0 0 0 0 0 0 0 0 0 0 0 0 1 0 0 0 0 0 0 0 0 0 0 0 0 0 0 0 0 0 0 0 0 0 0 0 0 0 0]
[1024549514722165475523462803225432084948699028865584919880206181600527242701855834048775986174752080585703630410627833410859827355771859183890320052337518356011262865201928438205143310233259482166040655096740443848698621881203164838769538982779017699696414729460831683451179129798620229846715375776454 0 0 0 0 0 0 0 0 0 0 0 0 0 0 0 0 0 0 0 0 0 0 0 0 0 0 0 0 0 0 0 0 0 0 0 0 0 0 0 0 0 0 0 0 0 0 0 0 0 0 0 0 0 0 0 0 0 0 0 0 0 0 0 0 0 0 0 0 0 0 0 0 0 1 0 0 0 0 0 0 0 0 0 0 0 0 0 0 0 0 0 0 0 0 0 0 0 0 0]
[5917231875428528565740559570482215434195904181272425476842382872607388061932795517000467194642905585130857834934854847544612060970081502339538008417944601428541529202813230298884589526484937898705696873716912962474208834815714755481901691642968354567719823047942475712109463916014146987214856140786576 0 0 0 0 0 0 0 0 0 0 0 0 0 0 0 0 0 0 0 0 0 0 0 0 0 0 0 0 0 0 0 0 0 0 0 0 0 0 0 0 0 0 0 0 0 0 0 0 0 0 0 0 0 0 0 0 0 0 0 0 0 0 0 0 0 0 0 0 0 0 0 0 0 0 1 0 0 0 0 0 0 0 0 0 0 0 0 0 0 0 0 0 0 0 0 0 0 0 0]
[2305719134812061999457086875519438780619071914040709093982578690154502131418866560552988806879057298887677920365349465123701941879691152449310624667792816472063844960277351925639811451370786731523354438512345235844653959574943906199609415274475606223555781970954807563558778948740752665069362305348875 0 0 0 0 0 0 0 0 0 0 0 0 0 0 0 0 0 0 0 0 0 0 0 0 0 0 0 0 0 0 0 0 0 0 0 0 0 0 0 0 0 0 0 0 0 0 0 0 0 0 0 0 0 0 0 0 0 0 0 0 0 0 0 0 0 0 0 0 0 0 0 0 0 0 0 1 0 0 0 0 0 0 0 0 0 0 0 0 0 0 0 0 0 0 0 0 0 0 0]
[8921569815746166768166855250628347684868062720277044689933765509716685171249326600591232725734042567890249814815771799855971012309802689935522525391504518969331641508460669345694363407084584638743656617266607487848852991331329229308452511262465774552239235670729024349162350783965413687577850724691405 0 0 0 0 0 0 0 0 0 0 0 0 0 0 0 0 0 0 0 0 0 0 0 0 0 0 0 0 0 0 0 0 0 0 0 0 0 0 0 0 0 0 0 0 0 0 0 0 0 0 0 0 0 0 0 0 0 0 0 0 0 0 0 0 0 0 0 0 0 0 0 0 0 0 0 0 1 0 0 0 0 0 0 0 0 0 0 0 0 0 0 0 0 0 0 0 0 0 0]
[4740055095267242608482582387177534472676981827256294757568886189064025578758895817843246793963611137023298161958822386968612478518490822067514282364766216255834388590379193955015983684538383484471037621753994416902784897685250934853021012395315151210238333003845227183750281099608576032875215304070776 0 0 0 0 0 0 0 0 0 0 0 0 0 0 0 0 0 0 0 0 0 0 0 0 0 0 0 0 0 0 0 0 0 0 0 0 0 0 0 0 0 0 0 0 0 0 0 0 0 0 0 0 0 0 0 0 0 0 0 0 0 0 0 0 0 0 0 0 0 0 0 0 0 0 0 0 0 1 0 0 0 0 0 0 0 0 0 0 0 0 0 0 0 0 0 0 0 0 0]
[6757116387035279832723619742159768632614327846690966788427649333725658788927052293547743733020129880471034567947940439847836240705397067363990184686511137973459694882840517202341127875509955822651628622958876809565038899127903441497819673555114125897742858910920158383218283027682201810390434286584428 0 0 0 0 0 0 0 0 0 0 0 0 0 0 0 0 0 0 0 0 0 0 0 0 0 0 0 0 0 0 0 0 0 0 0 0 0 0 0 0 0 0 0 0 0 0 0 0 0 0 0 0 0 0 0 0 0 0 0 0 0 0 0 0 0 0 0 0 0 0 0 0 0 0 0 0 0 0 1 0 0 0 0 0 0 0 0 0 0 0 0 0 0 0 0 0 0 0 0]
[3680239193716873631464912557709371799318235591910455862238575055675392640483511304057933326191337608728783598064848273580268584397713828823233714775656687566127777824973252090774489116539763717919928359331953450760564438124236422256264986967626763211366784438611794265765211645742059845470602861921119 0 0 0 0 0 0 0 0 0 0 0 0 0 0 0 0 0 0 0 0 0 0 0 0 0 0 0 0 0 0 0 0 0 0 0 0 0 0 0 0 0 0 0 0 0 0 0 0 0 0 0 0 0 0 0 0 0 0 0 0 0 0 0 0 0 0 0 0 0 0 0 0 0 0 0 0 0 0 0 1 0 0 0 0 0 0 0 0 0 0 0 0 0 0 0 0 0 0 0]
[4212956413257135854728589818751128365542963808169167326079919601475733345730916319302744090237721323648171567799369684302708893658380415955789960226707594180996597674367724184022814655651256659140187179158999139368400995534757099590739674490290118389731368888830949579126913385358164329892501701325968 0 0 0 0 0 0 0 0 0 0 0 0 0 0 0 0 0 0 0 0 0 0 0 0 0 0 0 0 0 0 0 0 0 0 0 0 0 0 0 0 0 0 0 0 0 0 0 0 0 0 0 0 0 0 0 0 0 0 0 0 0 0 0 0 0 0 0 0 0 0 0 0 0 0 0 0 0 0 0 0 1 0 0 0 0 0 0 0 0 0 0 0 0 0 0 0 0 0 0]
[7588842008440483336857823121949375538982876460235494505579428051745118400929322228459578767691006748831761617289959747915008964058748477992150764917011783758196900407820477051893569215150129661272496601563618913684447142165201788855239108324512519894272374024967672839520993383793575200428641316335325 0 0 0 0 0 0 0 0 0 0 0 0 0 0 0 0 0 0 0 0 0 0 0 0 0 0 0 0 0 0 0 0 0 0 0 0 0 0 0 0 0 0 0 0 0 0 0 0 0 0 0 0 0 0 0 0 0 0 0 0 0 0 0 0 0 0 0 0 0 0 0 0 0 0 0 0 0 0 0 0 0 1 0 0 0 0 0 0 0 0 0 0 0 0 0 0 0 0 0]
[8745981171889485360969127168525908095587023652153950594715907418617646999831445588235053438338734630589151702801833787770937811090550863776361046138251154628228968965397800411012084265920116687043037371197981168114811371549123852405475092821607958694605077050469219508751598400957960763908832371208431 0 0 0 0 0 0 0 0 0 0 0 0 0 0 0 0 0 0 0 0 0 0 0 0 0 0 0 0 0 0 0 0 0 0 0 0 0 0 0 0 0 0 0 0 0 0 0 0 0 0 0 0 0 0 0 0 0 0 0 0 0 0 0 0 0 0 0 0 0 0 0 0 0 0 0 0 0 0 0 0 0 0 1 0 0 0 0 0 0 0 0 0 0 0 0 0 0 0 0]
[5919670936810791099286469471377942538343986194283378540080562227785789583742936325007894278895005926651574485940232627177738996700331653410831026494440524459932464663581540369891447377607747778818520219638958127618650239290629009643143011079306021246752743271590857164819252155663038733916810045336135 0 0 0 0 0 0 0 0 0 0 0 0 0 0 0 0 0 0 0 0 0 0 0 0 0 0 0 0 0 0 0 0 0 0 0 0 0 0 0 0 0 0 0 0 0 0 0 0 0 0 0 0 0 0 0 0 0 0 0 0 0 0 0 0 0 0 0 0 0 0 0 0 0 0 0 0 0 0 0 0 0 0 0 1 0 0 0 0 0 0 0 0 0 0 0 0 0 0 0]
[3283993397114100535687557299274527938007733989021889267993376682470866029574633826815236296074246110090494652583527534202855766854872780160569849629701328909077656821899816382440000182931493187270395914118407968476115023253351180886113778218400598672340770380424149777784399437305497989823676670831457 0 0 0 0 0 0 0 0 0 0 0 0 0 0 0 0 0 0 0 0 0 0 0 0 0 0 0 0 0 0 0 0 0 0 0 0 0 0 0 0 0 0 0 0 0 0 0 0 0 0 0 0 0 0 0 0 0 0 0 0 0 0 0 0 0 0 0 0 0 0 0 0 0 0 0 0 0 0 0 0 0 0 0 0 1 0 0 0 0 0 0 0 0 0 0 0 0 0 0]
[638526085137788971824115894284957785627903963501478606320439380822094730472510596381431152949625652595643246886954137532772249738230416265009318415429934535158193580118237363046539916812628383867925394219411080023252472147852007969439902936673668635297861977137407130989230215541254707689160000068627 0 0 0 0 0 0 0 0 0 0 0 0 0 0 0 0 0 0 0 0 0 0 0 0 0 0 0 0 0 0 0 0 0 0 0 0 0 0 0 0 0 0 0 0 0 0 0 0 0 0 0 0 0 0 0 0 0 0 0 0 0 0 0 0 0 0 0 0 0 0 0 0 0 0 0 0 0 0 0 0 0 0 0 0 0 1 0 0 0 0 0 0 0 0 0 0 0 0 0]
[6184683253310194398843385473879460125415649241244653240527801187288724687791205452181773102322266918275374069353797612952488166385458707621972457941274508330527031627353110005485608313377527959481662840225396969011581273858376254370134302656718894382599025470278694957400413040389962555049440421560888 0 0 0 0 0 0 0 0 0 0 0 0 0 0 0 0 0 0 0 0 0 0 0 0 0 0 0 0 0 0 0 0 0 0 0 0 0 0 0 0 0 0 0 0 0 0 0 0 0 0 0 0 0 0 0 0 0 0 0 0 0 0 0 0 0 0 0 0 0 0 0 0 0 0 0 0 0 0 0 0 0 0 0 0 0 0 1 0 0 0 0 0 0 0 0 0 0 0 0]
[8908845801984470021096927800454330491555931719014634444998811367295764178654384494251834320303680685775212910338959600127385185995969830111224870371690572883896028184138726117777431061461124665282430474552533268915322220416107147841781822620728848816545646158586169307345176650957556457774703942485962 0 0 0 0 0 0 0 0 0 0 0 0 0 0 0 0 0 0 0 0 0 0 0 0 0 0 0 0 0 0 0 0 0 0 0 0 0 0 0 0 0 0 0 0 0 0 0 0 0 0 0 0 0 0 0 0 0 0 0 0 0 0 0 0 0 0 0 0 0 0 0 0 0 0 0 0 0 0 0 0 0 0 0 0 0 0 0 1 0 0 0 0 0 0 0 0 0 0 0]
[6974852775165608548073447127021206564357734212866964457420155432260190093252125456420997225040277192618805903625431333026976153214894439273770769065220068033223359356219193141161240867003661050441402764612968659187236690498023956994096855815685728063741303646270295090169319271303429185550477714224946 0 0 0 0 0 0 0 0 0 0 0 0 0 0 0 0 0 0 0 0 0 0 0 0 0 0 0 0 0 0 0 0 0 0 0 0 0 0 0 0 0 0 0 0 0 0 0 0 0 0 0 0 0 0 0 0 0 0 0 0 0 0 0 0 0 0 0 0 0 0 0 0 0 0 0 0 0 0 0 0 0 0 0 0 0 0 0 0 1 0 0 0 0 0 0 0 0 0 0]
[6912592878520520022528293477991995284557071882239204471813667227145478837394332395306436500936660187743725943815180817058501943296501784213431266985227511318095661230689039074989911747474555284509089493824456590621396198305899675929748519889469190560526629494073024327422038372204929537770842201085435 0 0 0 0 0 0 0 0 0 0 0 0 0 0 0 0 0 0 0 0 0 0 0 0 0 0 0 0 0 0 0 0 0 0 0 0 0 0 0 0 0 0 0 0 0 0 0 0 0 0 0 0 0 0 0 0 0 0 0 0 0 0 0 0 0 0 0 0 0 0 0 0 0 0 0 0 0 0 0 0 0 0 0 0 0 0 0 0 0 1 0 0 0 0 0 0 0 0 0]
[2158618066035317416730817600928908569027946517574062412911584030720386392162011195152216895848093068719350088270941031228394209239803316554512842400436447896649912937533873149167737336488706477085521826531256869016977902496624040630950926440709367571230186439784897993383285638960225802808156571588945 0 0 0 0 0 0 0 0 0 0 0 0 0 0 0 0 0 0 0 0 0 0 0 0 0 0 0 0 0 0 0 0 0 0 0 0 0 0 0 0 0 0 0 0 0 0 0 0 0 0 0 0 0 0 0 0 0 0 0 0 0 0 0 0 0 0 0 0 0 0 0 0 0 0 0 0 0 0 0 0 0 0 0 0 0 0 0 0 0 0 1 0 0 0 0 0 0 0 0]
[7963091026587753111006317409887601302313694821839371631659581612918302882679478137585178587690299251111295405499713849003538342398740545276815014587261806267324512980312139109196433344537616341017232064437558415873132067257154972018870812646844094424527937026031915648743317491576359212932845680948782 0 0 0 0 0 0 0 0 0 0 0 0 0 0 0 0 0 0 0 0 0 0 0 0 0 0 0 0 0 0 0 0 0 0 0 0 0 0 0 0 0 0 0 0 0 0 0 0 0 0 0 0 0 0 0 0 0 0 0 0 0 0 0 0 0 0 0 0 0 0 0 0 0 0 0 0 0 0 0 0 0 0 0 0 0 0 0 0 0 0 0 1 0 0 0 0 0 0 0]
[598814773010968910176400165452133586014907794006776458645163145990927546655948228912808872864377309181255859185411114060212262913024644112876754959934327731053795440850007355362374366661814443752653993752202316111060992359377459716061703149793512014357355532669184256108225270936944659655829118679365 0 0 0 0 0 0 0 0 0 0 0 0 0 0 0 0 0 0 0 0 0 0 0 0 0 0 0 0 0 0 0 0 0 0 0 0 0 0 0 0 0 0 0 0 0 0 0 0 0 0 0 0 0 0 0 0 0 0 0 0 0 0 0 0 0 0 0 0 0 0 0 0 0 0 0 0 0 0 0 0 0 0 0 0 0 0 0 0 0 0 0 0 1 0 0 0 0 0 0]
[1698132004704764527652176102088962122053971130991301298906766488522613089238864697798785148476537103608319886051672246659722500266221012084703917801793764219532902999231298556508593858727847922387629597943974319714298972349359223958112288316463503575470278615788883314798805392025199477013081237492075 0 0 0 0 0 0 0 0 0 0 0 0 0 0 0 0 0 0 0 0 0 0 0 0 0 0 0 0 0 0 0 0 0 0 0 0 0 0 0 0 0 0 0 0 0 0 0 0 0 0 0 0 0 0 0 0 0 0 0 0 0 0 0 0 0 0 0 0 0 0 0 0 0 0 0 0 0 0 0 0 0 0 0 0 0 0 0 0 0 0 0 0 0 1 0 0 0 0 0]
[2095519219774325100897742630236383271926215812106223135906566527790133505696374636661440901683631644103509647889698704527147733790494807488594572566684153584662252811388037214966775532827561168028040278356488852286874228225678665698196303018580214258904033444558692030127073170278722949928568840533930 0 0 0 0 0 0 0 0 0 0 0 0 0 0 0 0 0 0 0 0 0 0 0 0 0 0 0 0 0 0 0 0 0 0 0 0 0 0 0 0 0 0 0 0 0 0 0 0 0 0 0 0 0 0 0 0 0 0 0 0 0 0 0 0 0 0 0 0 0 0 0 0 0 0 0 0 0 0 0 0 0 0 0 0 0 0 0 0 0 0 0 0 0 0 1 0 0 0 0]
[7710462041513159247819229673640504500804159944403697992350165895342986317536803814437898955605106830082338733273340459089302229547923802075725725635081281102403687579877389424782241165659187616796120518169380090872361690914795617282946110442062307619664223236008658383509530811125737226420491003013470 0 0 0 0 0 0 0 0 0 0 0 0 0 0 0 0 0 0 0 0 0 0 0 0 0 0 0 0 0 0 0 0 0 0 0 0 0 0 0 0 0 0 0 0 0 0 0 0 0 0 0 0 0 0 0 0 0 0 0 0 0 0 0 0 0 0 0 0 0 0 0 0 0 0 0 0 0 0 0 0 0 0 0 0 0 0 0 0 0 0 0 0 0 0 0 1 0 0 0]
[705496796073744009889804005681854436523523627869902743591092515779887843732373938978199845081769310980313633190134767533474466339963253268822558012408805711816068245317141187535614657338680743654852094128492873547628094608237137292520235846977043608043726309804408342834669028577116866512558037179650 0 0 0 0 0 0 0 0 0 0 0 0 0 0 0 0 0 0 0 0 0 0 0 0 0 0 0 0 0 0 0 0 0 0 0 0 0 0 0 0 0 0 0 0 0 0 0 0 0 0 0 0 0 0 0 0 0 0 0 0 0 0 0 0 0 0 0 0 0 0 0 0 0 0 0 0 0 0 0 0 0 0 0 0 0 0 0 0 0 0 0 0 0 0 0 0 1 0 0]
[4537502991143612350437160572051993410249557098071605779102243052802676635686749679533270876509135046468811362419662872362500453945406452506506587631961038110446973379986646185097169538756309960230575784431760296657835491196384448183120447868850414319132162127851514966671631976538277433599365334855091 0 0 0 0 0 0 0 0 0 0 0 0 0 0 0 0 0 0 0 0 0 0 0 0 0 0 0 0 0 0 0 0 0 0 0 0 0 0 0 0 0 0 0 0 0 0 0 0 0 0 0 0 0 0 0 0 0 0 0 0 0 0 0 0 0 0 0 0 0 0 0 0 0 0 0 0 0 0 0 0 0 0 0 0 0 0 0 0 0 0 0 0 0 0 0 0 0 1 0]
[20911687052587439053831549361581542440094275536007533796264857196722149387995229241775598142726321706646359114499511080560539990797552713698646371298382181892749529714230020923364399200964334333868899728347444751587486702081297364286859294520156999511337462684973147257522601107534334349083815701663 0 0 0 0 0 0 0 0 0 0 0 0 0 0 0 0 0 0 0 0 0 0 0 0 0 0 0 0 0 0 0 0 0 0 0 0 0 0 0 0 0 0 0 0 0 0 0 0 0 0 0 0 0 0 0 0 0 0 0 0 0 0 0 0 0 0 0 0 0 0 0 0 0 0 0 0 0 0 0 0 0 0 0 0 0 0 0 0 0 0 0 0 0 0 0 0 0 0 1]
]
