[[7931951045808880388473684602627375361957069171775428129864577581372728084207430338451423879712022188938432113873161862108559048020933741125450255917526671676212409576688960739690850072939085450199000252394270484424794276692533531444672626669708096356914523852561055804818419233470289421362023243786483 0 0 0 0 0 0 0 0 0 0 0 0 0 0 0 0 0 0 0 0 0 0 0 0 0 0 0 0 0 0 0 0 0 0 0 0 0 0 0 0 0 0 0 0 0 0 0 0 0 0 0 0 0 0 0 0 0 0 0 0 0 0 0 0 0 0 0 0 0 0 0 0 0 0 0 0 0 0 0 0 0 0 0 0 0 0 0 0 0 0 0 0 0 0 0 0 0 0 0]
[7785462550219152153859497253162348655316518612069775992573184725151951830545760397125155218510737668822179518994413365704816345781124762665171421598875275437806413514987277428874710433152541927342681998610320873277191318794211788734536243780840332181474256081620315546887004636909823785112810126122741 1 0 0 0 0 0 0 0 0 0 0 0 0 0 0 0 0 0 0 0 0 0 0 0 0 0 0 0 0 0 0 0 0 0 0 0 0 0 0 0 0 0 0 0 0 0 0 0 0 0 0 0 0 0 0 0 0 0 0 0 0 0 0 0 0 0 0 0 0 0 0 0 0 0 0 0 0 0 0 0 0 0 0 0 0 0 0 0 0 0 0 0 0 0 0 0 0 0 0]
[2771690034024924796832270061358135449640153847230272791127438642725790846106506570283641228379171481975929757060861656835035596615503416824162750197765018810897904320231981772559001251717348423873243593095886074720884468819523806653407455469388824310665325750024209577544645127399821426244709471053488 0 1 0 0 0 0 0 0 0 0 0 0 0 0 0 0 0 0 0 0 0 0 0 0 0 0 0 0 0 0 0 0 0 0 0 0 0 0 0 0 0 0 0 0 0 0 0 0 0 0 0 0 0 0 0 0 0 0 0 0 0 0 0 0 0 0 0 0 0 0 0 0 0 0 0 0 0 0 0 0 0 0 0 0 0 0 0 0 0 0 0 0 0 0 0 0 0 0 0]
[3614443919955029995347303119455646577340739292594841295016522548343117183306760899739892536407024302085053474148257077924614499356575704419482277215588057404275791252825358123272740523042882105281120338848364519041413476920189243735881084226383017114869650717183883248544922220718562507046517675594153 0 0 1 0 0 0 0 0 0 0 0 0 0 0 0 0 0 0 0 0 0 0 0 0 0 0 0 0 0 0 0 0 0 0 0 0 0 0 0 0 0 0 0 0 0 0 0 0 0 0 0 0 0 0 0 0 0 0 0 0 0 0 0 0 0 0 0 0 0 0 0 0 0 0 0 0 0 0 0 0 0 0 0 0 0 0 0 0 0 0 0 0 0 0 0 0 0 0 0]
[5637574061321149108031121792115995283930109997931845153342719139523699905222297265424503260647930170258130093981237564815164214681418313216890108435642851210459067486744188443959852985870581683278802115988728525581473742974100988065048937142754285314243471288990912048202611418057577354998556513044996 0 0 0 1 0 0 0 0 0 0 0 0 0 0 0 0 0 0 0 0 0 0 0 0 0 0 0 0 0 0 0 0 0 0 0 0 0 0 0 0 0 0 0 0 0 0 0 0 0 0 0 0 0 0 0 0 0 0 0 0 0 0 0 0 0 0 0 0 0 0 0 0 0 0 0 0 0 0 0 0 0 0 0 0 0 0 0 0 0 0 0 0 0 0 0 0 0 0 0]
[4518254577532203165836957555208995033461113717451643247938444943429810220970271971250267490085196164699168612802352438029396413921712671757241261963980574897717976944875681786206517465358281386770163906751528018133997929373754968070543656086017212323330423927319359290090312984592984787408751869728215 0 0 0 0 1 0 0 0 0 0 0 0 0 0 0 0 0 0 0 0 0 0 0 0 0 0 0 0 0 0 0 0 0 0 0 0 0 0 0 0 0 0 0 0 0 0 0 0 0 0 0 0 0 0 0 0 0 0 0 0 0 0 0 0 0 0 0 0 0 0 0 0 0 0 0 0 0 0 0 0 0 0 0 0 0 0 0 0 0 0 0 0 0 0 0 0 0 0 0]
[3722597966903586931579335439622601059234780941121210989953490130833719960027013068979211626519978785538072454396729642072348878370193570074471955142409884498225128602549200091526792393049517837566106638900157235547369585537213299940864450082025455214491520596348662805427060006830487096257500538358283 0 0 0 0 0 1 0 0 0 0 0 0 0 0 0 0 0 0 0 0 0 0 0 0 0 0 0 0 0 0 0 0 0 0 0 0 0 0 0 0 0 0 0 0 0 0 0 0 0 0 0 0 0 0 0 0 0 0 0 0 0 0 0 0 0 0 0 0 0 0 0 0 0 0 0 0 0 0 0 0 0 0 0 0 0 0 0 0 0 0 0 0 0 0 0 0 0 0 0]
[2221097573561952369405746067569249654905574464168590826016933140320447275424230192741195791812881570997911259690425293306481380560735261241536081520359712736440206954431990590011680838419732862157074975528297191532758310115289239592757137250622684203107931021253936865498412939502746226253575470090745 0 0 0 0 0 0 1 0 0 0 0 0 0 0 0 0 0 0 0 0 0 0 0 0 0 0 0 0 0 0 0 0 0 0 0 0 0 0 0 0 0 0 0 0 0 0 0 0 0 0 0 0 0 0 0 0 0 0 0 0 0 0 0 0 0 0 0 0 0 0 0 0 0 0 0 0 0 0 0 0 0 0 0 0 0 0 0 0 0 0 0 0 0 0 0 0 0 0 0]
[7832506378924633642140373928737085275300170600213097446625637550829330424693552014461634228089517494110022211130775206580016253460235768661967978887539601694300313551650603724858972480285854107045470575627309093222969920254284287172988906737790085548424853788617355543866033871533524430218896596142919 0 0 0 0 0 0 0 1 0 0 0 0 0 0 0 0 0 0 0 0 0 0 0 0 0 0 0 0 0 0 0 0 0 0 0 0 0 0 0 0 0 0 0 0 0 0 0 0 0 0 0 0 0 0 0 0 0 0 0 0 0 0 0 0 0 0 0 0 0 0 0 0 0 0 0 0 0 0 0 0 0 0 0 0 0 0 0 0 0 0 0 0 0 0 0 0 0 0 0]
[3905619175298971698900067306604435345496990842941436270070331169654774525416572827251091283591082017448040909828839215190647080358775744961342885394537968282267676760382358107083111861281579125229755145880085236571992757448116271529313136923850700778660525431989843848820052736879629393379864482255626 0 0 0 0 0 0 0 0 1 0 0 0 0 0 0 0 0 0 0 0 0 0 0 0 0 0 0 0 0 0 0 0 0 0 0 0 0 0 0 0 0 0 0 0 0 0 0 0 0 0 0 0 0 0 0 0 0 0 0 0 0 0 0 0 0 0 0 0 0 0 0 0 0 0 0 0 0 0 0 0 0 0 0 0 0 0 0 0 0 0 0 0 0 0 0 0 0 0 0]
[7526117705977077416291085792303982985176133152200352463689269115618625445734528559217229630186992944636597385295283776937987744896003825771147078624543844009813548044007421241036232078572413735919998812045074026324263164852615726934254123559638246357104883215926673753330913314802221533363463449616904 0 0 0 0 0 0 0 0 0 1 0 0 0 0 0 0 0 0 0 0 0 0 0 0 0 0 0 0 0 0 0 0 0 0 0 0 0 0 0 0 0 0 0 0 0 0 0 0 0 0 0 0 0 0 0 0 0 0 0 0 0 0 0 0 0 0 0 0 0 0 0 0 0 0 0 0 0 0 0 0 0 0 0 0 0 0 0 0 0 0 0 0 0 0 0 0 0 0 0]
[1017441872410937146327784986006107835973235983861214677003589042908309231449912569528797957379140940460641757400706084400130095664337862626838934133457215695713033558557229588721990735395503961233501514493588100604654587208507364860869795560715079428494469263662754128471249064709039091507098141719483 0 0 0 0 0 0 0 0 0 0 1 0 0 0 0 0 0 0 0 0 0 0 0 0 0 0 0 0 0 0 0 0 0 0 0 0 0 0 0 0 0 0 0 0 0 0 0 0 0 0 0 0 0 0 0 0 0 0 0 0 0 0 0 0 0 0 0 0 0 0 0 0 0 0 0 0 0 0 0 0 0 0 0 0 0 0 0 0 0 0 0 0 0 0 0 0 0 0 0]
[6180004799849897870220011315387446752902965136811361998837193258884271623199908397500815522571789583022497647222808710444584025541480927914565093540949410695198165424112257762663590416747695413769422892391797839703134814237108132755093592201182109375218667127572105428566156171120932052699973963809377 0 0 0 0 0 0 0 0 0 0 0 1 0 0 0 0 0 0 0 0 0 0 0 0 0 0 0 0 0 0 0 0 0 0 0 0 0 0 0 0 0 0 0 0 0 0 0 0 0 0 0 0 0 0 0 0 0 0 0 0 0 0 0 0 0 0 0 0 0 0 0 0 0 0 0 0 0 0 0 0 0 0 0 0 0 0 0 0 0 0 0 0 0 0 0 0 0 0 0]
[7344658906109579325921262267969985037935421401823779756512781446838079617441316105679848529472486680468922273819217723374737721177781634657936399705510241327212245716012650137360805934607475042495481446634098597160139386890735905694596840960778589425465175060428520935610244018257557363855017470399227 0 0 0 0 0 0 0 0 0 0 0 0 1 0 0 0 0 0 0 0 0 0 0 0 0 0 0 0 0 0 0 0 0 0 0 0 0 0 0 0 0 0 0 0 0 0 0 0 0 0 0 0 0 0 0 0 0 0 0 0 0 0 0 0 0 0 0 0 0 0 0 0 0 0 0 0 0 0 0 0 0 0 0 0 0 0 0 0 0 0 0 0 0 0 0 0 0 0 0]
[6486283470591781761555038428576274611719745291249303715354337704871729737798082961649122494447013803035737509241615097515946165692075392586024209139495700716280127991022707133883403266944428267311003195324490426860241738635980501698682210657495351878055997307385836776545692672820505899880827937649930 0 0 0 0 0 0 0 0 0 0 0 0 0 1 0 0 0 0 0 0 0 0 0 0 0 0 0 0 0 0 0 0 0 0 0 0 0 0 0 0 0 0 0 0 0 0 0 0 0 0 0 0 0 0 0 0 0 0 0 0 0 0 0 0 0 0 0 0 0 0 0 0 0 0 0 0 0 0 0 0 0 0 0 0 0 0 0 0 0 0 0 0 0 0 0 0 0 0 0]
[2928262393318290701163523601126980820229977982840692255690953090251962107166715279533340891384102267504124764435326329060882622777686005531898416508618283775627530443254884003585727171823150532885186859671657523670964684082017894441493553635364484359056036988196428784185533667471616844547982786756781 0 0 0 0 0 0 0 0 0 0 0 0 0 0 1 0 0 0 0 0 0 0 0 0 0 0 0 0 0 0 0 0 0 0 0 0 0 0 0 0 0 0 0 0 0 0 0 0 0 0 0 0 0 0 0 0 0 0 0 0 0 0 0 0 0 0 0 0 0 0 0 0 0 0 0 0 0 0 0 0 0 0 0 0 0 0 0 0 0 0 0 0 0 0 0 0 0 0 0]
[4334407389005602905280779154215519309848572476358982105117300463930513706001110932690312471555012260963292972656689776681520143036833636246336318558133272846898413989844408623300070724645572869194066705580232147503693770613893551040224371635265590609800705776364861031803055005712538409711476155118574 0 0 0 0 0 0 0 0 0 0 0 0 0 0 0 1 0 0 0 0 0 0 0 0 0 0 0 0 0 0 0 0 0 0 0 0 0 0 0 0 0 0 0 0 0 0 0 0 0 0 0 0 0 0 0 0 0 0 0 0 0 0 0 0 0 0 0 0 0 0 0 0 0 0 0 0 0 0 0 0 0 0 0 0 0 0 0 0 0 0 0 0 0 0 0 0 0 0 0]
[5505135843093902619826425734007983528036448613315613154443062906435110163269667822111745943576002786166595552008857987574278189095830862426479396702772242468701001589915252102730586761115337312518477221753564406738699028908240212408594753442531508689172198712183293783256326122055867594865894276719389 0 0 0 0 0 0 0 0 0 0 0 0 0 0 0 0 1 0 0 0 0 0 0 0 0 0 0 0 0 0 0 0 0 0 0 0 0 0 0 0 0 0 0 0 0 0 0 0 0 0 0 0 0 0 0 0 0 0 0 0 0 0 0 0 0 0 0 0 0 0 0 0 0 0 0 0 0 0 0 0 0 0 0 0 0 0 0 0 0 0 0 0 0 0 0 0 0 0 0]
[5221091934903214073087505397046498635121663142539250825034422132953294610106255122264925359242003745465419157401189983152435984901454365827346077569685832901119114684814809494932026614347449508122160963186383028180874007728513471168516127992761416251737484715183201483171109486482246129683379876352650 0 0 0 0 0 0 0 0 0 0 0 0 0 0 0 0 0 1 0 0 0 0 0 0 0 0 0 0 0 0 0 0 0 0 0 0 0 0 0 0 0 0 0 0 0 0 0 0 0 0 0 0 0 0 0 0 0 0 0 0 0 0 0 0 0 0 0 0 0 0 0 0 0 0 0 0 0 0 0 0 0 0 0 0 0 0 0 0 0 0 0 0 0 0 0 0 0 0 0]
[5135416005915041530528019084708821969079383446575849514533345169979824282365061743756418656117987156537061809787782552406162233298589918048477477565394590841397366833592692872322321288610391811037914138227686583475136981894115884606113583875947436808952799370577188530232833932740255111178216940834586 0 0 0 0 0 0 0 0 0 0 0 0 0 0 0 0 0 0 1 0 0 0 0 0 0 0 0 0 0 0 0 0 0 0 0 0 0 0 0 0 0 0 0 0 0 0 0 0 0 0 0 0 0 0 0 0 0 0 0 0 0 0 0 0 0 0 0 0 0 0 0 0 0 0 0 0 0 0 0 0 0 0 0 0 0 0 0 0 0 0 0 0 0 0 0 0 0 0 0]
[3491755192308525731411804237699167172593144230703140800822671643925737798157748540316694065215695158901913071868968699373400527248392952474710111648501138911299662664733992811619215185337961014816353036116816007467140306015267542876829889497352526730175696312119270646627632854900821113128559217438582 0 0 0 0 0 0 0 0 0 0 0 0 0 0 0 0 0 0 0 1 0 0 0 0 0 0 0 0 0 0 0 0 0 0 0 0 0 0 0 0 0 0 0 0 0 0 0 0 0 0 0 0 0 0 0 0 0 0 0 0 0 0 0 0 0 0 0 0 0 0 0 0 0 0 0 0 0 0 0 0 0 0 0 0 0 0 0 0 0 0 0 0 0 0 0 0 0 0 0]
[166204956689279567567899967449312044141578279854278546499704343836566993289901289518028284087249161683995964450922554070669533694895990568631617881434683794255786426472899307910709444621409708283767442011703961686861397170601951881757848099818840369172399061642383971798352111898383857017365709171246 0 0 0 0 0 0 0 0 0 0 0 0 0 0 0 0 0 0 0 0 1 0 0 0 0 0 0 0 0 0 0 0 0 0 0 0 0 0 0 0 0 0 0 0 0 0 0 0 0 0 0 0 0 0 0 0 0 0 0 0 0 0 0 0 0 0 0 0 0 0 0 0 0 0 0 0 0 0 0 0 0 0 0 0 0 0 0 0 0 0 0 0 0 0 0 0 0 0 0]
[70171525883037904117346454964808573987268454984909881987119571308801327631595843523768493000557548496360242675647196085599845606436570836365812253961398777800241910629389828388413091790425372793135798309948392664031458022771998778171222716071139333605610170822973914928369540211506066198590851171676 0 0 0 0 0 0 0 0 0 0 0 0 0 0 0 0 0 0 0 0 0 1 0 0 0 0 0 0 0 0 0 0 0 0 0 0 0 0 0 0 0 0 0 0 0 0 0 0 0 0 0 0 0 0 0 0 0 0 0 0 0 0 0 0 0 0 0 0 0 0 0 0 0 0 0 0 0 0 0 0 0 0 0 0 0 0 0 0 0 0 0 0 0 0 0 0 0 0 0]
[4942069216681703710316195686904090886197704984274920646630912925622043993903769789410631333055404577870862540613450882002922596237273464656039122717447486319070749090555540116829379565508425257906261716299181138002974042235086845567418065690233516506061265211981421885180895166861653930422171533101691 0 0 0 0 0 0 0 0 0 0 0 0 0 0 0 0 0 0 0 0 0 0 1 0 0 0 0 0 0 0 0 0 0 0 0 0 0 0 0 0 0 0 0 0 0 0 0 0 0 0 0 0 0 0 0 0 0 0 0 0 0 0 0 0 0 0 0 0 0 0 0 0 0 0 0 0 0 0 0 0 0 0 0 0 0 0 0 0 0 0 0 0 0 0 0 0 0 0 0]
[6518799851290282800143823544799107772038172726307699401891501927932539212796563968925297343549593111581584294927799748164683620196554223446510621223012069077971024342715885113219685355630008185464573747607432016840463703124692154155223973944228620976377220569094927169712100245691689973595452753431416 0 0 0 0 0 0 0 0 0 0 0 0 0 0 0 0 0 0 0 0 0 0 0 1 0 0 0 0 0 0 0 0 0 0 0 0 0 0 0 0 0 0 0 0 0 0 0 0 0 0 0 0 0 0 0 0 0 0 0 0 0 0 0 0 0 0 0 0 0 0 0 0 0 0 0 0 0 0 0 0 0 0 0 0 0 0 0 0 0 0 0 0 0 0 0 0 0 0 0]
[5623135130647792386066318832676337018534979008679527095795593422408928573032846588754360331193076804975660088989246566047347250289648964164777493510098576089783670335723834126528267251947836280249342799687635323744437675055294997465829624085384490414453052574817134856943194951532275587911873903075919 0 0 0 0 0 0 0 0 0 0 0 0 0 0 0 0 0 0 0 0 0 0 0 0 1 0 0 0 0 0 0 0 0 0 0 0 0 0 0 0 0 0 0 0 0 0 0 0 0 0 0 0 0 0 0 0 0 0 0 0 0 0 0 0 0 0 0 0 0 0 0 0 0 0 0 0 0 0 0 0 0 0 0 0 0 0 0 0 0 0 0 0 0 0 0 0 0 0 0]
[6609252272708119174857931982215802026817487227107277710924265614040042959005163376425938815126686319914097725220992669298670313324587131008671005559068048238484275554133019429174156374314147324854859677575189433879843947630861392180181891427078041252679398934180708346583076220934878521828550790379523 0 0 0 0 0 0 0 0 0 0 0 0 0 0 0 0 0 0 0 0 0 0 0 0 0 1 0 0 0 0 0 0 0 0 0 0 0 0 0 0 0 0 0 0 0 0 0 0 0 0 0 0 0 0 0 0 0 0 0 0 0 0 0 0 0 0 0 0 0 0 0 0 0 0 0 0 0 0 0 0 0 0 0 0 0 0 0 0 0 0 0 0 0 0 0 0 0 0 0]
[1187400902483080822485879037749855298824851096048612706574035848526158729508806474904350340310571390904630860652592401209228439075594353086175584654522739975277917072987497669656810132850696728931121275813954122220930510332439679388861472562869795889572379562380475434082755649422389711270912417676982 0 0 0 0 0 0 0 0 0 0 0 0 0 0 0 0 0 0 0 0 0 0 0 0 0 0 1 0 0 0 0 0 0 0 0 0 0 0 0 0 0 0 0 0 0 0 0 0 0 0 0 0 0 0 0 0 0 0 0 0 0 0 0 0 0 0 0 0 0 0 0 0 0 0 0 0 0 0 0 0 0 0 0 0 0 0 0 0 0 0 0 0 0 0 0 0 0 0 0]
[197154434120338898661358419715219720691641006389397276516206729221523362903992499215826074837684488767892146099727514319122689096646225561932272945989478205905566692760792159768726573333172915538242524115493354097698270882585324546406145842546436930756295815465547408488717809440664475742110099395298 0 0 0 0 0 0 0 0 0 0 0 0 0 0 0 0 0 0 0 0 0 0 0 0 0 0 0 1 0 0 0 0 0 0 0 0 0 0 0 0 0 0 0 0 0 0 0 0 0 0 0 0 0 0 0 0 0 0 0 0 0 0 0 0 0 0 0 0 0 0 0 0 0 0 0 0 0 0 0 0 0 0 0 0 0 0 0 0 0 0 0 0 0 0 0 0 0 0 0]
[3278128665199518437324938266610119781614542198265500949543527463697264061313160095635724548567118681765073048299087948753247437171261930769610684137541016091706293678159014207118486411063556582804957471149826389710800045581580034247491978465971943134793566019547034920296724560258002757458460233268647 0 0 0 0 0 0 0 0 0 0 0 0 0 0 0 0 0 0 0 0 0 0 0 0 0 0 0 0 1 0 0 0 0 0 0 0 0 0 0 0 0 0 0 0 0 0 0 0 0 0 0 0 0 0 0 0 0 0 0 0 0 0 0 0 0 0 0 0 0 0 0 0 0 0 0 0 0 0 0 0 0 0 0 0 0 0 0 0 0 0 0 0 0 0 0 0 0 0 0]
[4186895802779900203641324149970919443639597032334170548282679512754923508693509019894303542177124160851410764061470524530858820528322380712137744388152380317489757501073049186771268675124300358058840441673450976599436556810793534506324136878104199675208429665100513325880608266394072969616301173930626 0 0 0 0 0 0 0 0 0 0 0 0 0 0 0 0 0 0 0 0 0 0 0 0 0 0 0 0 0 1 0 0 0 0 0 0 0 0 0 0 0 0 0 0 0 0 0 0 0 0 0 0 0 0 0 0 0 0 0 0 0 0 0 0 0 0 0 0 0 0 0 0 0 0 0 0 0 0 0 0 0 0 0 0 0 0 0 0 0 0 0 0 0 0 0 0 0 0 0]
[588698237852391360622187331495072969043022463630770782364001442973612246982219079909543613314566581733686144495701497175507670323498963953803821943942701098245624964275222774821388823466542947690155099873216399583207427378739288932169585475059066390587866968071800663886379151408908130745047633160752 0 0 0 0 0 0 0 0 0 0 0 0 0 0 0 0 0 0 0 0 0 0 0 0 0 0 0 0 0 0 1 0 0 0 0 0 0 0 0 0 0 0 0 0 0 0 0 0 0 0 0 0 0 0 0 0 0 0 0 0 0 0 0 0 0 0 0 0 0 0 0 0 0 0 0 0 0 0 0 0 0 0 0 0 0 0 0 0 0 0 0 0 0 0 0 0 0 0 0]
[7632479681609525457475627342878498380464487005390123863453980517464833342792879175798492331770527849791436409148804287151198689160974146931341821513924062543957327554125840401350654990992185885857452952107883263432366383517609988063692787814689434036414161722967366886983539278332085902749886710839992 0 0 0 0 0 0 0 0 0 0 0 0 0 0 0 0 0 0 0 0 0 0 0 0 0 0 0 0 0 0 0 1 0 0 0 0 0 0 0 0 0 0 0 0 0 0 0 0 0 0 0 0 0 0 0 0 0 0 0 0 0 0 0 0 0 0 0 0 0 0 0 0 0 0 0 0 0 0 0 0 0 0 0 0 0 0 0 0 0 0 0 0 0 0 0 0 0 0 0]
[2993647953928216821631194415681517362329694842126466709001980457662688353500192116822016479303271415132519525115540930059113265573917589876547031754483066914087982154954941028307045761563384538898192743173170053840361206216312620241816107347479884162578574890687632149385393860074475049326486700857524 0 0 0 0 0 0 0 0 0 0 0 0 0 0 0 0 0 0 0 0 0 0 0 0 0 0 0 0 0 0 0 0 1 0 0 0 0 0 0 0 0 0 0 0 0 0 0 0 0 0 0 0 0 0 0 0 0 0 0 0 0 0 0 0 0 0 0 0 0 0 0 0 0 0 0 0 0 0 0 0 0 0 0 0 0 0 0 0 0 0 0 0 0 0 0 0 0 0 0]
[4717165980826892422145490070127470901387327370623592198062714627565372689557895834080246983540417353064393151681023507183157859659943222918639046677038075874755739732743232243457823150566218349006031344169286991354061318880286522576535247273917421043460853573942525203531768782380357887884114782044176 0 0 0 0 0 0 0 0 0 0 0 0 0 0 0 0 0 0 0 0 0 0 0 0 0 0 0 0 0 0 0 0 0 1 0 0 0 0 0 0 0 0 0 0 0 0 0 0 0 0 0 0 0 0 0 0 0 0 0 0 0 0 0 0 0 0 0 0 0 0 0 0 0 0 0 0 0 0 0 0 0 0 0 0 0 0 0 0 0 0 0 0 0 0 0 0 0 0 0]
[1690696838634098760614841883190482016176304819524082798852820568717252230621575977961212378682357034582101392348935291797684649608581127086752675016618212515087211325953948750777948921993396715926757567748554356999358773377850911643328665004766915358160713077379246474314733700766214122734107459862595 0 0 0 0 0 0 0 0 0 0 0 0 0 0 0 0 0 0 0 0 0 0 0 0 0 0 0 0 0 0 0 0 0 0 1 0 0 0 0 0 0 0 0 0 0 0 0 0 0 0 0 0 0 0 0 0 0 0 0 0 0 0 0 0 0 0 0 0 0 0 0 0 0 0 0 0 0 0 0 0 0 0 0 0 0 0 0 0 0 0 0 0 0 0 0 0 0 0 0]
[4386004716421586366483290260231877359030273079602430588113246356934156376488459281951989151162495991593082560981916711950644613309321882215612496324676620596356493775394024570572379039929115790397489947610922631051755605486106610897114593294772738442136943612368644384339202067801494495110706515976971 0 0 0 0 0 0 0 0 0 0 0 0 0 0 0 0 0 0 0 0 0 0 0 0 0 0 0 0 0 0 0 0 0 0 0 1 0 0 0 0 0 0 0 0 0 0 0 0 0 0 0 0 0 0 0 0 0 0 0 0 0 0 0 0 0 0 0 0 0 0 0 0 0 0 0 0 0 0 0 0 0 0 0 0 0 0 0 0 0 0 0 0 0 0 0 0 0 0 0]
[5178659808148806204536485680243999556069284417058981969201953818820428115332745753398664496194612507408480643473838562886206595308089532780870409038852703288975912050751951757571717247257923594225586817476310716370632814769562997034351690309138183323116526232825865970517179641530817185668634857334942 0 0 0 0 0 0 0 0 0 0 0 0 0 0 0 0 0 0 0 0 0 0 0 0 0 0 0 0 0 0 0 0 0 0 0 0 1 0 0 0 0 0 0 0 0 0 0 0 0 0 0 0 0 0 0 0 0 0 0 0 0 0 0 0 0 0 0 0 0 0 0 0 0 0 0 0 0 0 0 0 0 0 0 0 0 0 0 0 0 0 0 0 0 0 0 0 0 0 0]
[6064198776222533988697015039780356919356943534418890406296116843084778927954961177956993305586051549693191899219836856999241866058409557871056264667222138595702881123331189557948649057114388179824036771828511619268875990698626154413310948278863481558228967799507828421284585147625111961891723078947830 0 0 0 0 0 0 0 0 0 0 0 0 0 0 0 0 0 0 0 0 0 0 0 0 0 0 0 0 0 0 0 0 0 0 0 0 0 1 0 0 0 0 0 0 0 0 0 0 0 0 0 0 0 0 0 0 0 0 0 0 0 0 0 0 0 0 0 0 0 0 0 0 0 0 0 0 0 0 0 0 0 0 0 0 0 0 0 0 0 0 0 0 0 0 0 0 0 0 0]
[5805602265068474341849897952361418213809044511249303686665721025878975423131149131954402892098525271496456762088477110445326972094176688537058286540332166127532246809366303232260877735164026619037268612303107822507993170077140367138910836456225540853545347848305147336859334897180383741890316100013050 0 0 0 0 0 0 0 0 0 0 0 0 0 0 0 0 0 0 0 0 0 0 0 0 0 0 0 0 0 0 0 0 0 0 0 0 0 0 1 0 0 0 0 0 0 0 0 0 0 0 0 0 0 0 0 0 0 0 0 0 0 0 0 0 0 0 0 0 0 0 0 0 0 0 0 0 0 0 0 0 0 0 0 0 0 0 0 0 0 0 0 0 0 0 0 0 0 0 0]
[4313692580785042429352651631655551679521222737634093233285189891609901219145197439980508828409457139789747777805108997895852660801613628135678911156688376986108275345038751808900538878093062973455268388186020089950268628014167398512580837266797411551968056178623837257450576342127384956863616280058259 0 0 0 0 0 0 0 0 0 0 0 0 0 0 0 0 0 0 0 0 0 0 0 0 0 0 0 0 0 0 0 0 0 0 0 0 0 0 0 1 0 0 0 0 0 0 0 0 0 0 0 0 0 0 0 0 0 0 0 0 0 0 0 0 0 0 0 0 0 0 0 0 0 0 0 0 0 0 0 0 0 0 0 0 0 0 0 0 0 0 0 0 0 0 0 0 0 0 0]
[6029954577087131406446271258500061262405792599485195096353655975800586327786458371770784819984026188213095599611672426452855860265005741629551952375422555699170085377262943805629245888465302127102296259085594862248883411063813573999502858931495162771708974231278980039486109350441887009377976913937413 0 0 0 0 0 0 0 0 0 0 0 0 0 0 0 0 0 0 0 0 0 0 0 0 0 0 0 0 0 0 0 0 0 0 0 0 0 0 0 0 1 0 0 0 0 0 0 0 0 0 0 0 0 0 0 0 0 0 0 0 0 0 0 0 0 0 0 0 0 0 0 0 0 0 0 0 0 0 0 0 0 0 0 0 0 0 0 0 0 0 0 0 0 0 0 0 0 0 0]
[823374483693135413725162066241270989641524454963984863094280830236079053188302873812854992241251774457938572196374424600304942246395889895268170606381232257217479710299163621796514214186827929744959993313489774683016521858084951733799626300548261465155265429847405916753532778060176606968660587425190 0 0 0 0 0 0 0 0 0 0 0 0 0 0 0 0 0 0 0 0 0 0 0 0 0 0 0 0 0 0 0 0 0 0 0 0 0 0 0 0 0 1 0 0 0 0 0 0 0 0 0 0 0 0 0 0 0 0 0 0 0 0 0 0 0 0 0 0 0 0 0 0 0 0 0 0 0 0 0 0 0 0 0 0 0 0 0 0 0 0 0 0 0 0 0 0 0 0 0]
[4533730772410041931824831458769277527539174625250971732739026395103789328778979620902833149456547472742272095970796283158732591881939722804561206229800424340735958314697458564040596218570290690716598650469971529051096447832064152935472410409313565112288184150856245113846065897678368807221332485084418 0 0 0 0 0 0 0 0 0 0 0 0 0 0 0 0 0 0 0 0 0 0 0 0 0 0 0 0 0 0 0 0 0 0 0 0 0 0 0 0 0 0 1 0 0 0 0 0 0 0 0 0 0 0 0 0 0 0 0 0 0 0 0 0 0 0 0 0 0 0 0 0 0 0 0 0 0 0 0 0 0 0 0 0 0 0 0 0 0 0 0 0 0 0 0 0 0 0 0]
[274951694546237585674301358672577094188312928411228258900838271577496299558242786876066003481009690429308437828999034318187050537432056790055247117559637598690055579299128283778094901222192228522401153957397357725352887408706181475316574519529799138022121360578680453039812058262167542081464370683710 0 0 0 0 0 0 0 0 0 0 0 0 0 0 0 0 0 0 0 0 0 0 0 0 0 0 0 0 0 0 0 0 0 0 0 0 0 0 0 0 0 0 0 1 0 0 0 0 0 0 0 0 0 0 0 0 0 0 0 0 0 0 0 0 0 0 0 0 0 0 0 0 0 0 0 0 0 0 0 0 0 0 0 0 0 0 0 0 0 0 0 0 0 0 0 0 0 0 0]
[6215144767551345635188559169533911801739434467820026247706156516556542693938500466503467090202418286335311780414750803996163393776018021119189126967838562126881847594832355385042545200850047895877155045427860552364195751990518768089886713088749885602406472565851328314785768682918505479180132690260114 0 0 0 0 0 0 0 0 0 0 0 0 0 0 0 0 0 0 0 0 0 0 0 0 0 0 0 0 0 0 0 0 0 0 0 0 0 0 0 0 0 0 0 0 1 0 0 0 0 0 0 0 0 0 0 0 0 0 0 0 0 0 0 0 0 0 0 0 0 0 0 0 0 0 0 0 0 0 0 0 0 0 0 0 0 0 0 0 0 0 0 0 0 0 0 0 0 0 0]
[3330627948050868913796733781911575087436926641167606814298824960197596316134450348288493006185383548652658128904101659075950875573827562725355950533797618396492156432694269360043954718448091290211493573880272161665113571212495098859363884397740763700412813783022091176439140323289823203157273136300402 0 0 0 0 0 0 0 0 0 0 0 0 0 0 0 0 0 0 0 0 0 0 0 0 0 0 0 0 0 0 0 0 0 0 0 0 0 0 0 0 0 0 0 0 0 1 0 0 0 0 0 0 0 0 0 0 0 0 0 0 0 0 0 0 0 0 0 0 0 0 0 0 0 0 0 0 0 0 0 0 0 0 0 0 0 0 0 0 0 0 0 0 0 0 0 0 0 0 0]
[1539777308068375116443516089330499558079923941108586488073680603924080896862283914568825489632084747811038614349444154838983632427054767224016717644005701946439839670014985383705830388224560195609954347856283684880164568674149493621976667007110848036846032776369970103252326304331585193095085536195205 0 0 0 0 0 0 0 0 0 0 0 0 0 0 0 0 0 0 0 0 0 0 0 0 0 0 0 0 0 0 0 0 0 0 0 0 0 0 0 0 0 0 0 0 0 0 1 0 0 0 0 0 0 0 0 0 0 0 0 0 0 0 0 0 0 0 0 0 0 0 0 0 0 0 0 0 0 0 0 0 0 0 0 0 0 0 0 0 0 0 0 0 0 0 0 0 0 0 0]
[197486386434864801376141669683172019416249470043578857222484982597092984191063725446363017304540040601959005085911245731185542802172794734095236972099178083731222136902035699947861382675903012184559573997366331937749756393411828545518013213466368389314156910025568329850228554912720834218340560024504 0 0 0 0 0 0 0 0 0 0 0 0 0 0 0 0 0 0 0 0 0 0 0 0 0 0 0 0 0 0 0 0 0 0 0 0 0 0 0 0 0 0 0 0 0 0 0 1 0 0 0 0 0 0 0 0 0 0 0 0 0 0 0 0 0 0 0 0 0 0 0 0 0 0 0 0 0 0 0 0 0 0 0 0 0 0 0 0 0 0 0 0 0 0 0 0 0 0 0]
[7340279880222149899271686579207353495232964483031206973044695892841716411375999142723991327410375622857106366337101907443986994315278775804161110301052249543626485680573385068577893039914313434676867071677894067630918619399826544096725753220557374432140164687404429810560010828395483341795822333623272 0 0 0 0 0 0 0 0 0 0 0 0 0 0 0 0 0 0 0 0 0 0 0 0 0 0 0 0 0 0 0 0 0 0 0 0 0 0 0 0 0 0 0 0 0 0 0 0 1 0 0 0 0 0 0 0 0 0 0 0 0 0 0 0 0 0 0 0 0 0 0 0 0 0 0 0 0 0 0 0 0 0 0 0 0 0 0 0 0 0 0 0 0 0 0 0 0 0 0]
[7677858505130766463167378067618030963122488097464258369994581628961732526976472894523765972221759353413770611473200573533700653838762810352152447398607921015341437949446008598817461580279144752346042400260063713733162737146561119799185571615314122169437743457535888718820682096237993401334785216719703 0 0 0 0 0 0 0 0 0 0 0 0 0 0 0 0 0 0 0 0 0 0 0 0 0 0 0 0 0 0 0 0 0 0 0 0 0 0 0 0 0 0 0 0 0 0 0 0 0 1 0 0 0 0 0 0 0 0 0 0 0 0 0 0 0 0 0 0 0 0 0 0 0 0 0 0 0 0 0 0 0 0 0 0 0 0 0 0 0 0 0 0 0 0 0 0 0 0 0]
[3666698830075036346557568139900515510857787321890825904695571613972783770034314307062413631792041349693056131896433246361828367067690007143028753348685783127885391823328089081857357743106238200727593534547456739785330834070095736957922858974435831308035695890689815599043473076935305413141765986121998 0 0 0 0 0 0 0 0 0 0 0 0 0 0 0 0 0 0 0 0 0 0 0 0 0 0 0 0 0 0 0 0 0 0 0 0 0 0 0 0 0 0 0 0 0 0 0 0 0 0 1 0 0 0 0 0 0 0 0 0 0 0 0 0 0 0 0 0 0 0 0 0 0 0 0 0 0 0 0 0 0 0 0 0 0 0 0 0 0 0 0 0 0 0 0 0 0 0 0]
[1227278972554641139557659923443544625791638368957968331992374655867870457547737201805342976024918224806742550594399902127107500792760579214280920455854007924104106434471711144123067502248723471452768922322521272446614604011505771626892862560005428075972395026198386713526837134567856928173672637177827 0 0 0 0 0 0 0 0 0 0 0 0 0 0 0 0 0 0 0 0 0 0 0 0 0 0 0 0 0 0 0 0 0 0 0 0 0 0 0 0 0 0 0 0 0 0 0 0 0 0 0 1 0 0 0 0 0 0 0 0 0 0 0 0 0 0 0 0 0 0 0 0 0 0 0 0 0 0 0 0 0 0 0 0 0 0 0 0 0 0 0 0 0 0 0 0 0 0 0]
[5770422348113832515580661572102081909260822202164161264839679196057003942564745492758721651681984528886964622602013905869732114467624793663221547745488434104390400209199101710862320697471938722182979435776299145994039505074238103705741550053789107475502193610861139307007673873699149500435027238810852 0 0 0 0 0 0 0 0 0 0 0 0 0 0 0 0 0 0 0 0 0 0 0 0 0 0 0 0 0 0 0 0 0 0 0 0 0 0 0 0 0 0 0 0 0 0 0 0 0 0 0 0 1 0 0 0 0 0 0 0 0 0 0 0 0 0 0 0 0 0 0 0 0 0 0 0 0 0 0 0 0 0 0 0 0 0 0 0 0 0 0 0 0 0 0 0 0 0 0]
[2836815820575356757426408454504741005069607527361276122914382363212381532896970084322712244849669257810581629881047309331794154898271475938531813532008565865434866026825295917219203476032737104551471184988795199130135319578139188753382707580937584508736960615127864434438508521813860226987201719143116 0 0 0 0 0 0 0 0 0 0 0 0 0 0 0 0 0 0 0 0 0 0 0 0 0 0 0 0 0 0 0 0 0 0 0 0 0 0 0 0 0 0 0 0 0 0 0 0 0 0 0 0 0 1 0 0 0 0 0 0 0 0 0 0 0 0 0 0 0 0 0 0 0 0 0 0 0 0 0 0 0 0 0 0 0 0 0 0 0 0 0 0 0 0 0 0 0 0 0]
[257406016767864213275256019694198529585955506952930238980739490860628814669819491664899506056230155126963063097237994167226367711199607476048744350836574773245447411457703137951903694585866083927662780433373458461750340432943285105499006682003120477517583550297162607631785970904985396742925707371408 0 0 0 0 0 0 0 0 0 0 0 0 0 0 0 0 0 0 0 0 0 0 0 0 0 0 0 0 0 0 0 0 0 0 0 0 0 0 0 0 0 0 0 0 0 0 0 0 0 0 0 0 0 0 1 0 0 0 0 0 0 0 0 0 0 0 0 0 0 0 0 0 0 0 0 0 0 0 0 0 0 0 0 0 0 0 0 0 0 0 0 0 0 0 0 0 0 0 0]
[3842740531556882282686448067517171100264903602144589342180049030081622834804397453679243163821277862173502133732384027659819701980462842498228393612967714792888730821189289572509278956530318121803750898978790421464713521940037882981953258895015257784703905212353295015652152225658803951471161118529254 0 0 0 0 0 0 0 0 0 0 0 0 0 0 0 0 0 0 0 0 0 0 0 0 0 0 0 0 0 0 0 0 0 0 0 0 0 0 0 0 0 0 0 0 0 0 0 0 0 0 0 0 0 0 0 1 0 0 0 0 0 0 0 0 0 0 0 0 0 0 0 0 0 0 0 0 0 0 0 0 0 0 0 0 0 0 0 0 0 0 0 0 0 0 0 0 0 0 0]
[313481786913144394667053022260166440896018147957274607947420911023023088408432301543361173321485711727281208975971311086069217695979487183568176603163458107948199834127836842429304659556001547661771108572093539247799007746130572863867101060328678697791932163230252038535746268368740842608603334742041 0 0 0 0 0 0 0 0 0 0 0 0 0 0 0 0 0 0 0 0 0 0 0 0 0 0 0 0 0 0 0 0 0 0 0 0 0 0 0 0 0 0 0 0 0 0 0 0 0 0 0 0 0 0 0 0 1 0 0 0 0 0 0 0 0 0 0 0 0 0 0 0 0 0 0 0 0 0 0 0 0 0 0 0 0 0 0 0 0 0 0 0 0 0 0 0 0 0 0]
[7531650080370503373875278893210183075457347149054658877604151167307860854798867369134637946254039794267702524114784428020717851297638605294781225240875421083561677043026885008750993634072397241190498679369491514138579310880416406583020895434912628240061811556599537836175591284823917013383453316350792 0 0 0 0 0 0 0 0 0 0 0 0 0 0 0 0 0 0 0 0 0 0 0 0 0 0 0 0 0 0 0 0 0 0 0 0 0 0 0 0 0 0 0 0 0 0 0 0 0 0 0 0 0 0 0 0 0 1 0 0 0 0 0 0 0 0 0 0 0 0 0 0 0 0 0 0 0 0 0 0 0 0 0 0 0 0 0 0 0 0 0 0 0 0 0 0 0 0 0]
[1798660101151740894338889674769325170081258474063641804715901173440553654780976725763641282209067825903153357215616591411300488198947729006855820394416007505394231869330325904276886388873522553243453014245234509717890660592701055144972989770121606208076605689439599745687185977535026836293075947568484 0 0 0 0 0 0 0 0 0 0 0 0 0 0 0 0 0 0 0 0 0 0 0 0 0 0 0 0 0 0 0 0 0 0 0 0 0 0 0 0 0 0 0 0 0 0 0 0 0 0 0 0 0 0 0 0 0 0 1 0 0 0 0 0 0 0 0 0 0 0 0 0 0 0 0 0 0 0 0 0 0 0 0 0 0 0 0 0 0 0 0 0 0 0 0 0 0 0 0]
[1763353329107456030679174547622318256469273182548433015399958668229018550553684287743550276895235444761047285606966794653095930294948256682353681432146205029425695537090825081029427967481609342518670017610963949544017510424382306481859639552311833604622655803516580389145787175330604390691569616183227 0 0 0 0 0 0 0 0 0 0 0 0 0 0 0 0 0 0 0 0 0 0 0 0 0 0 0 0 0 0 0 0 0 0 0 0 0 0 0 0 0 0 0 0 0 0 0 0 0 0 0 0 0 0 0 0 0 0 0 1 0 0 0 0 0 0 0 0 0 0 0 0 0 0 0 0 0 0 0 0 0 0 0 0 0 0 0 0 0 0 0 0 0 0 0 0 0 0 0]
[5617904678461460202136576962846204315419020734000957370122197530940536497279399957508023761342811199613094257753915787007871162671930519836613144177093310634846852355898662106560366439383124937593816666777753816108576546019068962099057836341518777577109587164032330429206358173126417464419958330959354 0 0 0 0 0 0 0 0 0 0 0 0 0 0 0 0 0 0 0 0 0 0 0 0 0 0 0 0 0 0 0 0 0 0 0 0 0 0 0 0 0 0 0 0 0 0 0 0 0 0 0 0 0 0 0 0 0 0 0 0 1 0 0 0 0 0 0 0 0 0 0 0 0 0 0 0 0 0 0 0 0 0 0 0 0 0 0 0 0 0 0 0 0 0 0 0 0 0 0]
[1250172710810737440023614669899947532236351688038963484870252650232204524916247322218676243933262579727286222095548220693523647323053895863147929775496589712505144499312073510210756999122359373559011282511042243172895901517668368350805815059349087395829125428150776085026099043711534776318435212140293 0 0 0 0 0 0 0 0 0 0 0 0 0 0 0 0 0 0 0 0 0 0 0 0 0 0 0 0 0 0 0 0 0 0 0 0 0 0 0 0 0 0 0 0 0 0 0 0 0 0 0 0 0 0 0 0 0 0 0 0 0 1 0 0 0 0 0 0 0 0 0 0 0 0 0 0 0 0 0 0 0 0 0 0 0 0 0 0 0 0 0 0 0 0 0 0 0 0 0]
[6323134643866923147694473828401878891272425946653896862155339432230678367907331486607326477971873856876116066501557780981743579143681176735298696579752278584043998473060420641940155511445325871563180718036440204750249768789301207338011422632338639405176854827109282692942485790436042671291570353385553 0 0 0 0 0 0 0 0 0 0 0 0 0 0 0 0 0 0 0 0 0 0 0 0 0 0 0 0 0 0 0 0 0 0 0 0 0 0 0 0 0 0 0 0 0 0 0 0 0 0 0 0 0 0 0 0 0 0 0 0 0 0 1 0 0 0 0 0 0 0 0 0 0 0 0 0 0 0 0 0 0 0 0 0 0 0 0 0 0 0 0 0 0 0 0 0 0 0 0]
[5507194309668858489754381312333400045268774260797676854987446310611639910662424911876012611569738305384571175436949829450182284558167988991166265558929390209285821614543791019556818583657947287541063876832148733362500596439419016270901803003737260824011322026202206312530894266749456517120261276732090 0 0 0 0 0 0 0 0 0 0 0 0 0 0 0 0 0 0 0 0 0 0 0 0 0 0 0 0 0 0 0 0 0 0 0 0 0 0 0 0 0 0 0 0 0 0 0 0 0 0 0 0 0 0 0 0 0 0 0 0 0 0 0 1 0 0 0 0 0 0 0 0 0 0 0 0 0 0 0 0 0 0 0 0 0 0 0 0 0 0 0 0 0 0 0 0 0 0 0]
[6547170273761144299654765840585121258005385528239891432966941009431551627167367868853870105518689122430752865456370054820646160555340038683905964889693724758552238276314127149193704157549720331706538294771317877791839328504909033080546407538084916936224034642121740425911217267748646448144312305275006 0 0 0 0 0 0 0 0 0 0 0 0 0 0 0 0 0 0 0 0 0 0 0 0 0 0 0 0 0 0 0 0 0 0 0 0 0 0 0 0 0 0 0 0 0 0 0 0 0 0 0 0 0 0 0 0 0 0 0 0 0 0 0 0 1 0 0 0 0 0 0 0 0 0 0 0 0 0 0 0 0 0 0 0 0 0 0 0 0 0 0 0 0 0 0 0 0 0 0]
[5716906364144961573394859978562484866295480766409974247225589410247491627832313646016980827040812570809782029065701891866160551321575719321720834971080189472183342213853178849057002444457669709710570182738508092873438030863350376160103167475282390635360872226840076819935978629112559346786910848275969 0 0 0 0 0 0 0 0 0 0 0 0 0 0 0 0 0 0 0 0 0 0 0 0 0 0 0 0 0 0 0 0 0 0 0 0 0 0 0 0 0 0 0 0 0 0 0 0 0 0 0 0 0 0 0 0 0 0 0 0 0 0 0 0 0 1 0 0 0 0 0 0 0 0 0 0 0 0 0 0 0 0 0 0 0 0 0 0 0 0 0 0 0 0 0 0 0 0 0]
[3989132076770257295073941028676175561455351545626866265195034266554596655686244288307629298404366028742226837512623266390791870504246667111743442696606448271996432588154375055232138315741107148503320645738390453905502236432548808085274075961335837414572070792453754146504759012982830081789530027233553 0 0 0 0 0 0 0 0 0 0 0 0 0 0 0 0 0 0 0 0 0 0 0 0 0 0 0 0 0 0 0 0 0 0 0 0 0 0 0 0 0 0 0 0 0 0 0 0 0 0 0 0 0 0 0 0 0 0 0 0 0 0 0 0 0 0 1 0 0 0 0 0 0 0 0 0 0 0 0 0 0 0 0 0 0 0 0 0 0 0 0 0 0 0 0 0 0 0 0]
[1693848359629208698759369464798470507937728482791952804949515571265045071525558923381648090882180245686017550575011900993041813465976368325809931695236541161437565527733108201101785418879383928007577061738370723288303615008474280188898018286152144242728120553504185385947738521953325277251770017214426 0 0 0 0 0 0 0 0 0 0 0 0 0 0 0 0 0 0 0 0 0 0 0 0 0 0 0 0 0 0 0 0 0 0 0 0 0 0 0 0 0 0 0 0 0 0 0 0 0 0 0 0 0 0 0 0 0 0 0 0 0 0 0 0 0 0 0 1 0 0 0 0 0 0 0 0 0 0 0 0 0 0 0 0 0 0 0 0 0 0 0 0 0 0 0 0 0 0 0]
[4282266426804278831832595191639065275123812398536541629685204032790586565633454922059298687974523869091642967198791259851553636429537547653367957730084436519964238302366128027424117124961352880877552252344492362091071559912858785900690878389921958845285272397366685480875937293882635687847197192619818 0 0 0 0 0 0 0 0 0 0 0 0 0 0 0 0 0 0 0 0 0 0 0 0 0 0 0 0 0 0 0 0 0 0 0 0 0 0 0 0 0 0 0 0 0 0 0 0 0 0 0 0 0 0 0 0 0 0 0 0 0 0 0 0 0 0 0 0 1 0 0 0 0 0 0 0 0 0 0 0 0 0 0 0 0 0 0 0 0 0 0 0 0 0 0 0 0 0 0]
[4563315937292002151196738361926658086473531368234719950240234105700680185567123291420203155932988177678059659474787523569383337629354752411485803053734256183135901748661592968957071709649713834381503804947449032196089909872052123723090830409397614090409742318127002045304791818960654489092650668776415 0 0 0 0 0 0 0 0 0 0 0 0 0 0 0 0 0 0 0 0 0 0 0 0 0 0 0 0 0 0 0 0 0 0 0 0 0 0 0 0 0 0 0 0 0 0 0 0 0 0 0 0 0 0 0 0 0 0 0 0 0 0 0 0 0 0 0 0 0 1 0 0 0 0 0 0 0 0 0 0 0 0 0 0 0 0 0 0 0 0 0 0 0 0 0 0 0 0 0]
[3869518354892719576304600482989567252686720188759240953187266874707072015434073732474622268578828625168581971601008415536345510432808896704560953501903572118357261607202810290934384489939603301612246333836504212450168842471908909372906577284105767527839938155484946978963171363324436779200629599145304 0 0 0 0 0 0 0 0 0 0 0 0 0 0 0 0 0 0 0 0 0 0 0 0 0 0 0 0 0 0 0 0 0 0 0 0 0 0 0 0 0 0 0 0 0 0 0 0 0 0 0 0 0 0 0 0 0 0 0 0 0 0 0 0 0 0 0 0 0 0 1 0 0 0 0 0 0 0 0 0 0 0 0 0 0 0 0 0 0 0 0 0 0 0 0 0 0 0 0]
[2970176700437257893392522563060737769587027721106883389731088870608991686559393508713275214573443895029119361354505628627604670059031039087294340536559810315349732793643865184065212515393734930143479544783091822161413005711463555165219887033939601035151601959810873156494215310975253046876255488359016 0 0 0 0 0 0 0 0 0 0 0 0 0 0 0 0 0 0 0 0 0 0 0 0 0 0 0 0 0 0 0 0 0 0 0 0 0 0 0 0 0 0 0 0 0 0 0 0 0 0 0 0 0 0 0 0 0 0 0 0 0 0 0 0 0 0 0 0 0 0 0 1 0 0 0 0 0 0 0 0 0 0 0 0 0 0 0 0 0 0 0 0 0 0 0 0 0 0 0]
[2869660534762294585195998523358906826571773024011472787297955375605490122874918932411076668034284578055784641173864263418633662484522867255567254190632872557803430122250293236451281007129252876282568705816032841304489612193654960170184479365581079820425560685334884958327789469193781717395759184160249 0 0 0 0 0 0 0 0 0 0 0 0 0 0 0 0 0 0 0 0 0 0 0 0 0 0 0 0 0 0 0 0 0 0 0 0 0 0 0 0 0 0 0 0 0 0 0 0 0 0 0 0 0 0 0 0 0 0 0 0 0 0 0 0 0 0 0 0 0 0 0 0 1 0 0 0 0 0 0 0 0 0 0 0 0 0 0 0 0 0 0 0 0 0 0 0 0 0 0]
[3450099256878119018369859262250962903976505407206772918930896411660318482480607936724704424091925247236459366358324794255195034474138931227585053992009213542040742037783418944089316071324647911948857944771848698914157315939579093162266204352386931342265766138907711676449927567203967135615413207875093 0 0 0 0 0 0 0 0 0 0 0 0 0 0 0 0 0 0 0 0 0 0 0 0 0 0 0 0 0 0 0 0 0 0 0 0 0 0 0 0 0 0 0 0 0 0 0 0 0 0 0 0 0 0 0 0 0 0 0 0 0 0 0 0 0 0 0 0 0 0 0 0 0 1 0 0 0 0 0 0 0 0 0 0 0 0 0 0 0 0 0 0 0 0 0 0 0 0 0]
[2231481824457702015344786757166981610629476779251165515885258688499261687351030610731287970661427294429675324395631210150277977528113812133862207135824045814379867405080905456330632663918757377085249794080517313586984152924964016146840375846519672399771988902361617489890750898027511208808150588187301 0 0 0 0 0 0 0 0 0 0 0 0 0 0 0 0 0 0 0 0 0 0 0 0 0 0 0 0 0 0 0 0 0 0 0 0 0 0 0 0 0 0 0 0 0 0 0 0 0 0 0 0 0 0 0 0 0 0 0 0 0 0 0 0 0 0 0 0 0 0 0 0 0 0 1 0 0 0 0 0 0 0 0 0 0 0 0 0 0 0 0 0 0 0 0 0 0 0 0]
[6899838695309633142203477045356450265142868711802293690896010291612818776222928670171725525741659994638452220729115458182747216641122200484457096124011487619083863074320358517228675352526122132215965827408946117912986873421037307976338727687895224361277821705982450360752361281088402764062961360687253 0 0 0 0 0 0 0 0 0 0 0 0 0 0 0 0 0 0 0 0 0 0 0 0 0 0 0 0 0 0 0 0 0 0 0 0 0 0 0 0 0 0 0 0 0 0 0 0 0 0 0 0 0 0 0 0 0 0 0 0 0 0 0 0 0 0 0 0 0 0 0 0 0 0 0 1 0 0 0 0 0 0 0 0 0 0 0 0 0 0 0 0 0 0 0 0 0 0 0]
[1064958113885478336072053489187876427011198901958380746848968866942709353960997300460467572927809060592560425378152606900260182054498056757907766195688011782623383131491234380102577856466661003484858721711773485144571102890830651691764078107140910357282828803211313555107558649490513267998471319962771 0 0 0 0 0 0 0 0 0 0 0 0 0 0 0 0 0 0 0 0 0 0 0 0 0 0 0 0 0 0 0 0 0 0 0 0 0 0 0 0 0 0 0 0 0 0 0 0 0 0 0 0 0 0 0 0 0 0 0 0 0 0 0 0 0 0 0 0 0 0 0 0 0 0 0 0 1 0 0 0 0 0 0 0 0 0 0 0 0 0 0 0 0 0 0 0 0 0 0]
[6853403108554911817047501109401159050825110000092105888408484215984419925845830068280694262832185126363512992755398755221505528437153867605692881409724145970077455854653975929633136848222994178624339049600775346501614505424805055538602328550996960885837989842526833260264769621240633782061983762300058 0 0 0 0 0 0 0 0 0 0 0 0 0 0 0 0 0 0 0 0 0 0 0 0 0 0 0 0 0 0 0 0 0 0 0 0 0 0 0 0 0 0 0 0 0 0 0 0 0 0 0 0 0 0 0 0 0 0 0 0 0 0 0 0 0 0 0 0 0 0 0 0 0 0 0 0 0 1 0 0 0 0 0 0 0 0 0 0 0 0 0 0 0 0 0 0 0 0 0]
[2497248997668955204733768277831306135291188471770943199012556038391774720730342581001478637265513201600081640401487501645159392092592942870332227297223443609795119952252851078991416225249692460101286929450624249729090189536476803617593996646444740978260183992782662326128055584709935888659516920351876 0 0 0 0 0 0 0 0 0 0 0 0 0 0 0 0 0 0 0 0 0 0 0 0 0 0 0 0 0 0 0 0 0 0 0 0 0 0 0 0 0 0 0 0 0 0 0 0 0 0 0 0 0 0 0 0 0 0 0 0 0 0 0 0 0 0 0 0 0 0 0 0 0 0 0 0 0 0 1 0 0 0 0 0 0 0 0 0 0 0 0 0 0 0 0 0 0 0 0]
[3230005349323435324718802365379665279077610303377745830710047535549746373133465235984564400372822984216138364332858034250388346989422749078969358630313279056128725820153711036044870815211805350449778552369076285782797057734596031229838524148897196648497625643364995605972338427700167627195866442300876 0 0 0 0 0 0 0 0 0 0 0 0 0 0 0 0 0 0 0 0 0 0 0 0 0 0 0 0 0 0 0 0 0 0 0 0 0 0 0 0 0 0 0 0 0 0 0 0 0 0 0 0 0 0 0 0 0 0 0 0 0 0 0 0 0 0 0 0 0 0 0 0 0 0 0 0 0 0 0 1 0 0 0 0 0 0 0 0 0 0 0 0 0 0 0 0 0 0 0]
[4365295248194394480257593573907779380382408065336444357845712778957728332206230706454767807679507903388337390948416775976833894772087744122572030298133040199584076821148114305959458584971604816618893157678119150498764404242661624768432185027152051449838902512541816324807535397124546927173005626361476 0 0 0 0 0 0 0 0 0 0 0 0 0 0 0 0 0 0 0 0 0 0 0 0 0 0 0 0 0 0 0 0 0 0 0 0 0 0 0 0 0 0 0 0 0 0 0 0 0 0 0 0 0 0 0 0 0 0 0 0 0 0 0 0 0 0 0 0 0 0 0 0 0 0 0 0 0 0 0 0 1 0 0 0 0 0 0 0 0 0 0 0 0 0 0 0 0 0 0]
[7245659120594942341582388768586711301792410641510520444048860385587455387285624927037292316886067041395475530811433718966815823479827046202550810065769210670990948785647033094531437685942362199952950995997418779466157038810538724495597501912570626648817624975182185532919827996055030073617742595701242 0 0 0 0 0 0 0 0 0 0 0 0 0 0 0 0 0 0 0 0 0 0 0 0 0 0 0 0 0 0 0 0 0 0 0 0 0 0 0 0 0 0 0 0 0 0 0 0 0 0 0 0 0 0 0 0 0 0 0 0 0 0 0 0 0 0 0 0 0 0 0 0 0 0 0 0 0 0 0 0 0 1 0 0 0 0 0 0 0 0 0 0 0 0 0 0 0 0 0]
[1089488046690486951795627499360679651054571508070516207521603542576218241921107661947666603921370493746819155830947474328386136321751558915987577848270876702801537740921994041877282880612966110884991785028596075616550389704618302143662899319630115992569764608638974695865750995622060308438442495160696 0 0 0 0 0 0 0 0 0 0 0 0 0 0 0 0 0 0 0 0 0 0 0 0 0 0 0 0 0 0 0 0 0 0 0 0 0 0 0 0 0 0 0 0 0 0 0 0 0 0 0 0 0 0 0 0 0 0 0 0 0 0 0 0 0 0 0 0 0 0 0 0 0 0 0 0 0 0 0 0 0 0 1 0 0 0 0 0 0 0 0 0 0 0 0 0 0 0 0]
[5994324559710962898032611853247273687503240907299023092370639892339290033294869648936333421140796643028560627436758441455938998628617481706162596160325897360026253694690009723464188805942405113461947901866818964877328898175531797529303887870366021483830815652394604927785924562050383883894813231736042 0 0 0 0 0 0 0 0 0 0 0 0 0 0 0 0 0 0 0 0 0 0 0 0 0 0 0 0 0 0 0 0 0 0 0 0 0 0 0 0 0 0 0 0 0 0 0 0 0 0 0 0 0 0 0 0 0 0 0 0 0 0 0 0 0 0 0 0 0 0 0 0 0 0 0 0 0 0 0 0 0 0 0 1 0 0 0 0 0 0 0 0 0 0 0 0 0 0 0]
[1156553846634375351215546329356930372701584050991279279158447039048958398256412165789411498273594553289902411083538448666411933446893079494121809161682560128294656598270164361836518779298640137701019474793364008274959864957883247982989550329430313077448244825379872290741676998257680320885969752483376 0 0 0 0 0 0 0 0 0 0 0 0 0 0 0 0 0 0 0 0 0 0 0 0 0 0 0 0 0 0 0 0 0 0 0 0 0 0 0 0 0 0 0 0 0 0 0 0 0 0 0 0 0 0 0 0 0 0 0 0 0 0 0 0 0 0 0 0 0 0 0 0 0 0 0 0 0 0 0 0 0 0 0 0 1 0 0 0 0 0 0 0 0 0 0 0 0 0 0]
[692371493701912370079674005678000664544626665465658722453313896000927116054915155039171400795273002005767822575284848218201367888237325442607294818820694985615148271854913440697114399223010639151415950208881932386780404265193829880255607777079391852251346149303441143134673597345651517729435266237367 0 0 0 0 0 0 0 0 0 0 0 0 0 0 0 0 0 0 0 0 0 0 0 0 0 0 0 0 0 0 0 0 0 0 0 0 0 0 0 0 0 0 0 0 0 0 0 0 0 0 0 0 0 0 0 0 0 0 0 0 0 0 0 0 0 0 0 0 0 0 0 0 0 0 0 0 0 0 0 0 0 0 0 0 0 1 0 0 0 0 0 0 0 0 0 0 0 0 0]
[662837766035209756063691504110574631351446838775111112163840901074806268137891337386003410335379620361636815364363889230914841622078943972788500628695398370536033962210431295175490711457538624649705167382144071482305046854307464473270130304353180943763567340871560204329355385671709437802205217825726 0 0 0 0 0 0 0 0 0 0 0 0 0 0 0 0 0 0 0 0 0 0 0 0 0 0 0 0 0 0 0 0 0 0 0 0 0 0 0 0 0 0 0 0 0 0 0 0 0 0 0 0 0 0 0 0 0 0 0 0 0 0 0 0 0 0 0 0 0 0 0 0 0 0 0 0 0 0 0 0 0 0 0 0 0 0 1 0 0 0 0 0 0 0 0 0 0 0 0]
[6062165907872021322419035011757045279615503242702222739151381823563228796814640336318497083960267911363715974657063637415082147545057921331000571301208532039066428208592742165081711785949931388171517094960087376515534706163418049820023973706000819360624866841155232110754141178936506365762163337289765 0 0 0 0 0 0 0 0 0 0 0 0 0 0 0 0 0 0 0 0 0 0 0 0 0 0 0 0 0 0 0 0 0 0 0 0 0 0 0 0 0 0 0 0 0 0 0 0 0 0 0 0 0 0 0 0 0 0 0 0 0 0 0 0 0 0 0 0 0 0 0 0 0 0 0 0 0 0 0 0 0 0 0 0 0 0 0 1 0 0 0 0 0 0 0 0 0 0 0]
[6476519939229070302671648698575679195933581712463668606806952081600609391418988728644084678899136268246971770598899378554107621738884232734453932815104560757329181390707924766571308681494516864241091080364512771292079282932105033633933830260469912133533370525121772388917906686965429451333970342573576 0 0 0 0 0 0 0 0 0 0 0 0 0 0 0 0 0 0 0 0 0 0 0 0 0 0 0 0 0 0 0 0 0 0 0 0 0 0 0 0 0 0 0 0 0 0 0 0 0 0 0 0 0 0 0 0 0 0 0 0 0 0 0 0 0 0 0 0 0 0 0 0 0 0 0 0 0 0 0 0 0 0 0 0 0 0 0 0 1 0 0 0 0 0 0 0 0 0 0]
[3120447520335934544536639898148396652797743300078818233952107555760014035219248445875524945943497626782961925624802490975737864866302013049801353693807232240590691951586581802853043631592903111033210311640317157271991290134312450390346909882327509135386168877244415750835529564117018927661413612312402 0 0 0 0 0 0 0 0 0 0 0 0 0 0 0 0 0 0 0 0 0 0 0 0 0 0 0 0 0 0 0 0 0 0 0 0 0 0 0 0 0 0 0 0 0 0 0 0 0 0 0 0 0 0 0 0 0 0 0 0 0 0 0 0 0 0 0 0 0 0 0 0 0 0 0 0 0 0 0 0 0 0 0 0 0 0 0 0 0 1 0 0 0 0 0 0 0 0 0]
[145449018185879730844110210955845120068892107549418312958190719673571516930251598578510530540210579220081639187224375110845879135292103185539482138528947300962564018088368070209033827874951588218215802479006401670651947427531259350215175114997223790824127027149811322037569352284167549699244731752115 0 0 0 0 0 0 0 0 0 0 0 0 0 0 0 0 0 0 0 0 0 0 0 0 0 0 0 0 0 0 0 0 0 0 0 0 0 0 0 0 0 0 0 0 0 0 0 0 0 0 0 0 0 0 0 0 0 0 0 0 0 0 0 0 0 0 0 0 0 0 0 0 0 0 0 0 0 0 0 0 0 0 0 0 0 0 0 0 0 0 1 0 0 0 0 0 0 0 0]
[2022837272877234392057388415520747964463605787400884171377833775428746175318877280948946965824749848633617386469895761205503432612241103293751626860215450380233664169470976242774729063559658408083237284642459909059481277354309180795245037345101522071521735072648583564037665133178063317683527574560650 0 0 0 0 0 0 0 0 0 0 0 0 0 0 0 0 0 0 0 0 0 0 0 0 0 0 0 0 0 0 0 0 0 0 0 0 0 0 0 0 0 0 0 0 0 0 0 0 0 0 0 0 0 0 0 0 0 0 0 0 0 0 0 0 0 0 0 0 0 0 0 0 0 0 0 0 0 0 0 0 0 0 0 0 0 0 0 0 0 0 0 1 0 0 0 0 0 0 0]
[340075014898228967047998374519212369328660467642173730201356090841338147728977011765149783680002734658352154655942676090399520364366705057322942651249644294412472866506744863174668807988292177578168426140247398482509419514127180322603891169911139586667167352200277321434807035673834393296489196422600 0 0 0 0 0 0 0 0 0 0 0 0 0 0 0 0 0 0 0 0 0 0 0 0 0 0 0 0 0 0 0 0 0 0 0 0 0 0 0 0 0 0 0 0 0 0 0 0 0 0 0 0 0 0 0 0 0 0 0 0 0 0 0 0 0 0 0 0 0 0 0 0 0 0 0 0 0 0 0 0 0 0 0 0 0 0 0 0 0 0 0 0 1 0 0 0 0 0 0]
[1076179574863829366040483830013514758342400948723554563447918836347190353904032604378610386780003016683558003876868122017905334615052745454218875133372353886557556496071069929155824618578865864742234790078143406257665002217688420671485155018968312379716472399522059784587417333342195757598937648909674 0 0 0 0 0 0 0 0 0 0 0 0 0 0 0 0 0 0 0 0 0 0 0 0 0 0 0 0 0 0 0 0 0 0 0 0 0 0 0 0 0 0 0 0 0 0 0 0 0 0 0 0 0 0 0 0 0 0 0 0 0 0 0 0 0 0 0 0 0 0 0 0 0 0 0 0 0 0 0 0 0 0 0 0 0 0 0 0 0 0 0 0 0 1 0 0 0 0 0]
[2882515020237409278273488690596283382078731266676554852277921575464596483378086483960838908749344993973233657023825302132367915385576650672646029306332920765148171956164786282153010123253740768732371546295876753136077774614398439078167219432385395688195544691856835824411227880551612269803735208720144 0 0 0 0 0 0 0 0 0 0 0 0 0 0 0 0 0 0 0 0 0 0 0 0 0 0 0 0 0 0 0 0 0 0 0 0 0 0 0 0 0 0 0 0 0 0 0 0 0 0 0 0 0 0 0 0 0 0 0 0 0 0 0 0 0 0 0 0 0 0 0 0 0 0 0 0 0 0 0 0 0 0 0 0 0 0 0 0 0 0 0 0 0 0 1 0 0 0 0]
[1061131184681354208425306924353580150059872525845590908473560824055408266728355454699569604608991220448279611098324857301052132541794221915406005191941411017447390641083149490551722663131050624415603188333183685975180195023676904488814962741658728465488976064481178632004283580277601645402522817801428 0 0 0 0 0 0 0 0 0 0 0 0 0 0 0 0 0 0 0 0 0 0 0 0 0 0 0 0 0 0 0 0 0 0 0 0 0 0 0 0 0 0 0 0 0 0 0 0 0 0 0 0 0 0 0 0 0 0 0 0 0 0 0 0 0 0 0 0 0 0 0 0 0 0 0 0 0 0 0 0 0 0 0 0 0 0 0 0 0 0 0 0 0 0 0 1 0 0 0]
[1479451535399736924771305632722909888295363569614869373357073110971105179991095900075431792310353427936370066486584225495681929847925473258660445479294271248713624053947865911509394890201762797316876830878796473900025568924468654141220711861882861134298741528342488855115496144503248712732283122057146 0 0 0 0 0 0 0 0 0 0 0 0 0 0 0 0 0 0 0 0 0 0 0 0 0 0 0 0 0 0 0 0 0 0 0 0 0 0 0 0 0 0 0 0 0 0 0 0 0 0 0 0 0 0 0 0 0 0 0 0 0 0 0 0 0 0 0 0 0 0 0 0 0 0 0 0 0 0 0 0 0 0 0 0 0 0 0 0 0 0 0 0 0 0 0 0 1 0 0]
[6648560596648823191794663125844410098060159752651310643651658075394239608823949261807505446505871693885281870513215126464349016707775492103051858476257634749860947647547913812508434716049560255503513580651290587587046730567541892675898160751131186551104211162322028494631185403114490823910584786132501 0 0 0 0 0 0 0 0 0 0 0 0 0 0 0 0 0 0 0 0 0 0 0 0 0 0 0 0 0 0 0 0 0 0 0 0 0 0 0 0 0 0 0 0 0 0 0 0 0 0 0 0 0 0 0 0 0 0 0 0 0 0 0 0 0 0 0 0 0 0 0 0 0 0 0 0 0 0 0 0 0 0 0 0 0 0 0 0 0 0 0 0 0 0 0 0 0 1 0]
[5863189104818988708728465104435776258550827501496103983805198960377005356575550720330030515365125880641087144971071965622356201906887605771941610835797537260843585490363770466764923287581027155233559346876864205024801196374556724707546281616180995703988810942540393614331933201927373206055389532545461 0 0 0 0 0 0 0 0 0 0 0 0 0 0 0 0 0 0 0 0 0 0 0 0 0 0 0 0 0 0 0 0 0 0 0 0 0 0 0 0 0 0 0 0 0 0 0 0 0 0 0 0 0 0 0 0 0 0 0 0 0 0 0 0 0 0 0 0 0 0 0 0 0 0 0 0 0 0 0 0 0 0 0 0 0 0 0 0 0 0 0 0 0 0 0 0 0 0 1]
]
