[[11598569537582140352028561141314576957480013974327448430092357165366800466978469367561556523198343342709910811789480164987530108688752723687830310671198581409186596125605914427165785675016570719918681663167586145726612937669630898541712406018249493310690317001216950603335632444728838463897439683961688062564213787893158432332092317 0 0 0 0 0 0 0 0 0 0 0 0 0 0 0 0 0 0 0 0 0 0 0 0 0 0 0 0 0 0 0 0 0 0 0 0 0 0 0 0 0 0 0 0 0 0 0 0 0 0 0 0 0 0 0 0 0 0 0 0 0 0 0 0 0 0 0 0 0 0 0 0 0 0 0 0 0 0 0 0 0 0 0 0 0 0 0 0 0 0 0 0 0 0 0 0 0 0 0 0 0 0 0 0 0 0 0 0 0]
[125144252700920815384204788464105214762886089807674787750587870560852556383346813778725109273882859842578264195714420842011114460057203516497955796799750010050361584653941126113683364059466271492935198771329800105059212751226629730401405182012435175016861339937338775900279250859362709457845067619633066709853469378236005716436452 1 0 0 0 0 0 0 0 0 0 0 0 0 0 0 0 0 0 0 0 0 0 0 0 0 0 0 0 0 0 0 0 0 0 0 0 0 0 0 0 0 0 0 0 0 0 0 0 0 0 0 0 0 0 0 0 0 0 0 0 0 0 0 0 0 0 0 0 0 0 0 0 0 0 0 0 0 0 0 0 0 0 0 0 0 0 0 0 0 0 0 0 0 0 0 0 0 0 0 0 0 0 0 0 0 0 0 0 0]
[3638299402120714303404584071975658050254519698504490947022787817596977074750075029262547719184967472401512642064125545268310621292846040414493845133884106706038540187950240445996128183685366677965170256671136825142986200309713926981866848131543234224132231121778212655825239315811675515891710175843853530298043714915319031363789158 0 1 0 0 0 0 0 0 0 0 0 0 0 0 0 0 0 0 0 0 0 0 0 0 0 0 0 0 0 0 0 0 0 0 0 0 0 0 0 0 0 0 0 0 0 0 0 0 0 0 0 0 0 0 0 0 0 0 0 0 0 0 0 0 0 0 0 0 0 0 0 0 0 0 0 0 0 0 0 0 0 0 0 0 0 0 0 0 0 0 0 0 0 0 0 0 0 0 0 0 0 0 0 0 0 0 0 0 0]
[6399486937900721595173040126508677512801193421838458615106755979791668547566675027457377144905519881412894047404725915812998357479772173700994004837502367974198832422886490944964067587522449938489037095148725198347275521751895714583640242547017091691752181301348848380983434400556030202719473140924066630109663061011042192019232338 0 0 1 0 0 0 0 0 0 0 0 0 0 0 0 0 0 0 0 0 0 0 0 0 0 0 0 0 0 0 0 0 0 0 0 0 0 0 0 0 0 0 0 0 0 0 0 0 0 0 0 0 0 0 0 0 0 0 0 0 0 0 0 0 0 0 0 0 0 0 0 0 0 0 0 0 0 0 0 0 0 0 0 0 0 0 0 0 0 0 0 0 0 0 0 0 0 0 0 0 0 0 0 0 0 0 0 0 0]
[4457633898825985053368610020209349026951308715765777332718090335816020226396901955093904845389435838827036548143339629112413221870712827471568525243563169330384730249411872532190887871099890825749696809350932183057377746827278517024441882363156381800324473968777765416424846298509443463694564891821974016258911396726181522357834001 0 0 0 1 0 0 0 0 0 0 0 0 0 0 0 0 0 0 0 0 0 0 0 0 0 0 0 0 0 0 0 0 0 0 0 0 0 0 0 0 0 0 0 0 0 0 0 0 0 0 0 0 0 0 0 0 0 0 0 0 0 0 0 0 0 0 0 0 0 0 0 0 0 0 0 0 0 0 0 0 0 0 0 0 0 0 0 0 0 0 0 0 0 0 0 0 0 0 0 0 0 0 0 0 0 0 0 0 0]
[2834978917397496318470927710503967877165434061075466543764236164714755714922481706993305122496747195128682370816154704043038406717946999090073890893674328508066272945618371621384514986979867879122149576878142719920727492751334093900042009597166049316453007028104054092159612083975211978055928092769664097085376004707591101102111711 0 0 0 0 1 0 0 0 0 0 0 0 0 0 0 0 0 0 0 0 0 0 0 0 0 0 0 0 0 0 0 0 0 0 0 0 0 0 0 0 0 0 0 0 0 0 0 0 0 0 0 0 0 0 0 0 0 0 0 0 0 0 0 0 0 0 0 0 0 0 0 0 0 0 0 0 0 0 0 0 0 0 0 0 0 0 0 0 0 0 0 0 0 0 0 0 0 0 0 0 0 0 0 0 0 0 0 0 0]
[10651248605145383273527432568507735367482297092625597806846818964367812531562339941818967148307132096905209250312798138564478667236736118742788561824857585037722469289411708121220273852257816865680257600633721474199569956438202229662175900827625296581503147548861673411798089007368964098452226040040799011563192096333093199767415542 0 0 0 0 0 1 0 0 0 0 0 0 0 0 0 0 0 0 0 0 0 0 0 0 0 0 0 0 0 0 0 0 0 0 0 0 0 0 0 0 0 0 0 0 0 0 0 0 0 0 0 0 0 0 0 0 0 0 0 0 0 0 0 0 0 0 0 0 0 0 0 0 0 0 0 0 0 0 0 0 0 0 0 0 0 0 0 0 0 0 0 0 0 0 0 0 0 0 0 0 0 0 0 0 0 0 0 0 0]
[10368650679677466468697711218171242396667560702168976103605976328344535838210923685415548150155098831399481774901203588223293336337230778408480536608640678951706635244944383999694061351250454089415806655874768145307006836827987879129708705414859272588973167754548285577932403864620095782329041179523045436940128484299048488289581026 0 0 0 0 0 0 1 0 0 0 0 0 0 0 0 0 0 0 0 0 0 0 0 0 0 0 0 0 0 0 0 0 0 0 0 0 0 0 0 0 0 0 0 0 0 0 0 0 0 0 0 0 0 0 0 0 0 0 0 0 0 0 0 0 0 0 0 0 0 0 0 0 0 0 0 0 0 0 0 0 0 0 0 0 0 0 0 0 0 0 0 0 0 0 0 0 0 0 0 0 0 0 0 0 0 0 0 0 0]
[6169816316107586429079715040231047221340246745001372463685532623202350607167457028523824432059400609313620346642299207849366191352390842484493890284454317783431171060805105007459920498559791205737532284136959579678511097981005886604740731431353246104803697396392947250501261811457869494281671601284912492243476943886552708140636996 0 0 0 0 0 0 0 1 0 0 0 0 0 0 0 0 0 0 0 0 0 0 0 0 0 0 0 0 0 0 0 0 0 0 0 0 0 0 0 0 0 0 0 0 0 0 0 0 0 0 0 0 0 0 0 0 0 0 0 0 0 0 0 0 0 0 0 0 0 0 0 0 0 0 0 0 0 0 0 0 0 0 0 0 0 0 0 0 0 0 0 0 0 0 0 0 0 0 0 0 0 0 0 0 0 0 0 0 0]
[680976017320046409626012904810924195813219973095760635734510608057280612780150946745009917391836487118375353933799734712410546601132915389954911753829236974573857464270314564388351145592227293095421776260523807645675829457630619863224210782671055608889701684514837891504502195935297087025769485217135770603686827961101937792784473 0 0 0 0 0 0 0 0 1 0 0 0 0 0 0 0 0 0 0 0 0 0 0 0 0 0 0 0 0 0 0 0 0 0 0 0 0 0 0 0 0 0 0 0 0 0 0 0 0 0 0 0 0 0 0 0 0 0 0 0 0 0 0 0 0 0 0 0 0 0 0 0 0 0 0 0 0 0 0 0 0 0 0 0 0 0 0 0 0 0 0 0 0 0 0 0 0 0 0 0 0 0 0 0 0 0 0 0 0]
[3085587714587738214037171332218752675557862219248883299840176404839561144835343925042791646556198931905116509452265704833211518415369375271067721103006553782793180775503101516443358125198725087476355384075469269427990158391691606449751883982325470560728878519105684169545189662534755772432420312945536974459686206195076829174754037 0 0 0 0 0 0 0 0 0 1 0 0 0 0 0 0 0 0 0 0 0 0 0 0 0 0 0 0 0 0 0 0 0 0 0 0 0 0 0 0 0 0 0 0 0 0 0 0 0 0 0 0 0 0 0 0 0 0 0 0 0 0 0 0 0 0 0 0 0 0 0 0 0 0 0 0 0 0 0 0 0 0 0 0 0 0 0 0 0 0 0 0 0 0 0 0 0 0 0 0 0 0 0 0 0 0 0 0 0]
[859170414430243783227063255155996731747046279501677007029602928036379747353716693124234281649624074791082365701514657046829847810151431116608724269669522707331946718312933522576067338062034152004699595676722816126341000691180797191165139609254791619274084159879231271633964356497635648506480173543622791198853774796420533973977272 0 0 0 0 0 0 0 0 0 0 1 0 0 0 0 0 0 0 0 0 0 0 0 0 0 0 0 0 0 0 0 0 0 0 0 0 0 0 0 0 0 0 0 0 0 0 0 0 0 0 0 0 0 0 0 0 0 0 0 0 0 0 0 0 0 0 0 0 0 0 0 0 0 0 0 0 0 0 0 0 0 0 0 0 0 0 0 0 0 0 0 0 0 0 0 0 0 0 0 0 0 0 0 0 0 0 0 0 0]
[1935740200553155398897243060260058870684712027607788346353949202674162340161421929927565132506830809880400390903380808460598465378049473724852875773338448370549397641549409911646782880287193348930513667286462897330570211089476465664416143205410301951038853624747830756509298563983825202836785554229519675615921163928357424676890170 0 0 0 0 0 0 0 0 0 0 0 1 0 0 0 0 0 0 0 0 0 0 0 0 0 0 0 0 0 0 0 0 0 0 0 0 0 0 0 0 0 0 0 0 0 0 0 0 0 0 0 0 0 0 0 0 0 0 0 0 0 0 0 0 0 0 0 0 0 0 0 0 0 0 0 0 0 0 0 0 0 0 0 0 0 0 0 0 0 0 0 0 0 0 0 0 0 0 0 0 0 0 0 0 0 0 0 0 0]
[6448813531585892207598194133088002880704173724762888174032157511361402789780973055479211222244247616425592923631492175338539483905997411547816150644130319668558543473587562116691841210672986133487728214354757383689274681779354793512430559646803062451477584777098044765042171558346155543559125031971627109157970398214075003260565036 0 0 0 0 0 0 0 0 0 0 0 0 1 0 0 0 0 0 0 0 0 0 0 0 0 0 0 0 0 0 0 0 0 0 0 0 0 0 0 0 0 0 0 0 0 0 0 0 0 0 0 0 0 0 0 0 0 0 0 0 0 0 0 0 0 0 0 0 0 0 0 0 0 0 0 0 0 0 0 0 0 0 0 0 0 0 0 0 0 0 0 0 0 0 0 0 0 0 0 0 0 0 0 0 0 0 0 0 0]
[9177476482173081716894777748720507710725259508638941386203605417715548911965986274682870326025582628498002866029867915971226944491429545385865198957224710722030545596010954775292205323361864155286809719888861599609619853911329463686222899248068050534027757169730613326847145169353510858109583472589649696483559787548019835897420984 0 0 0 0 0 0 0 0 0 0 0 0 0 1 0 0 0 0 0 0 0 0 0 0 0 0 0 0 0 0 0 0 0 0 0 0 0 0 0 0 0 0 0 0 0 0 0 0 0 0 0 0 0 0 0 0 0 0 0 0 0 0 0 0 0 0 0 0 0 0 0 0 0 0 0 0 0 0 0 0 0 0 0 0 0 0 0 0 0 0 0 0 0 0 0 0 0 0 0 0 0 0 0 0 0 0 0 0 0]
[8285655048487401209524459953484366655804763731401093087597124955820051299293646106398286299860787149189313052887149608900692228954343352068634704896227126534101394803621319260583789465391516813902594089636906659616692055912893230536491983282137802752905366013125664378611290165477441213947032593867825950352276483158491627684703697 0 0 0 0 0 0 0 0 0 0 0 0 0 0 1 0 0 0 0 0 0 0 0 0 0 0 0 0 0 0 0 0 0 0 0 0 0 0 0 0 0 0 0 0 0 0 0 0 0 0 0 0 0 0 0 0 0 0 0 0 0 0 0 0 0 0 0 0 0 0 0 0 0 0 0 0 0 0 0 0 0 0 0 0 0 0 0 0 0 0 0 0 0 0 0 0 0 0 0 0 0 0 0 0 0 0 0 0 0]
[2857892833492753916985607090511121633500865340483580723851822154734025694936938324044134536828157078917959495425988836413970435795841862973170906680073871940556517649484728785503551914628279283280381519335699830842317892276096025429635775531218121465786832992612018127889706158295604627827980053136604319190010470106760491431884726 0 0 0 0 0 0 0 0 0 0 0 0 0 0 0 1 0 0 0 0 0 0 0 0 0 0 0 0 0 0 0 0 0 0 0 0 0 0 0 0 0 0 0 0 0 0 0 0 0 0 0 0 0 0 0 0 0 0 0 0 0 0 0 0 0 0 0 0 0 0 0 0 0 0 0 0 0 0 0 0 0 0 0 0 0 0 0 0 0 0 0 0 0 0 0 0 0 0 0 0 0 0 0 0 0 0 0 0 0]
[8334420041917008257017529156843392028365397079159470934672210272943263077246791480190206335292511302799108447260086883675933208546518062266638613655050305721797005802044801045607023493994571426813259340020411685824421397948068412900247675523224737332524944956893006007149508501886612022942099932152889984042027425128292582289105740 0 0 0 0 0 0 0 0 0 0 0 0 0 0 0 0 1 0 0 0 0 0 0 0 0 0 0 0 0 0 0 0 0 0 0 0 0 0 0 0 0 0 0 0 0 0 0 0 0 0 0 0 0 0 0 0 0 0 0 0 0 0 0 0 0 0 0 0 0 0 0 0 0 0 0 0 0 0 0 0 0 0 0 0 0 0 0 0 0 0 0 0 0 0 0 0 0 0 0 0 0 0 0 0 0 0 0 0 0]
[2438182926330944057459763051448917283269772697302996720995398531159839032075131657033090271946943302571489536807095836862065428441363582407323238586917060423577445572067902603853553664495110919659061030050322301191263909373799307326282693700210076683917899749435463057438814070188669126922089779548473639756417494714552627670106398 0 0 0 0 0 0 0 0 0 0 0 0 0 0 0 0 0 1 0 0 0 0 0 0 0 0 0 0 0 0 0 0 0 0 0 0 0 0 0 0 0 0 0 0 0 0 0 0 0 0 0 0 0 0 0 0 0 0 0 0 0 0 0 0 0 0 0 0 0 0 0 0 0 0 0 0 0 0 0 0 0 0 0 0 0 0 0 0 0 0 0 0 0 0 0 0 0 0 0 0 0 0 0 0 0 0 0 0 0]
[10929444363728497119531342660200916217321889675029433635711020197808944358906985867586985283876892182697687938227039797323930940075838831212113596168442589707112996497040565115405569599799785169142238501735137028709858892639764112395497319293780459991237794505101783728258691516173897456196912749741210374356364982225411294923489250 0 0 0 0 0 0 0 0 0 0 0 0 0 0 0 0 0 0 1 0 0 0 0 0 0 0 0 0 0 0 0 0 0 0 0 0 0 0 0 0 0 0 0 0 0 0 0 0 0 0 0 0 0 0 0 0 0 0 0 0 0 0 0 0 0 0 0 0 0 0 0 0 0 0 0 0 0 0 0 0 0 0 0 0 0 0 0 0 0 0 0 0 0 0 0 0 0 0 0 0 0 0 0 0 0 0 0 0 0]
[10049573210672969117351583309176959597686718824196527946953264403496173892616959057785731446868453927035356098845040110051978572898711356503935954129588104680510031409960693532770282632239559570351275452628690360331326929360241419093884629294167359773814737525242484396331417558240459463864677855841924529114034908132256739197313310 0 0 0 0 0 0 0 0 0 0 0 0 0 0 0 0 0 0 0 1 0 0 0 0 0 0 0 0 0 0 0 0 0 0 0 0 0 0 0 0 0 0 0 0 0 0 0 0 0 0 0 0 0 0 0 0 0 0 0 0 0 0 0 0 0 0 0 0 0 0 0 0 0 0 0 0 0 0 0 0 0 0 0 0 0 0 0 0 0 0 0 0 0 0 0 0 0 0 0 0 0 0 0 0 0 0 0 0 0]
[10810247024218377380323323843746643947471444193680607248703412738669554053350863442966273033103037412580282245446648392310725912776976803644459329696683197624752459772598505067439622490670171623942722137966994168772342283620819754794412651259950008495675402212418812765316588146065197663690254247867364829887432616095414847928286331 0 0 0 0 0 0 0 0 0 0 0 0 0 0 0 0 0 0 0 0 1 0 0 0 0 0 0 0 0 0 0 0 0 0 0 0 0 0 0 0 0 0 0 0 0 0 0 0 0 0 0 0 0 0 0 0 0 0 0 0 0 0 0 0 0 0 0 0 0 0 0 0 0 0 0 0 0 0 0 0 0 0 0 0 0 0 0 0 0 0 0 0 0 0 0 0 0 0 0 0 0 0 0 0 0 0 0 0 0]
[8955974818987531027344043424684134194135284143855789246084928878113179997072858884200349124212539989373717448356780340499315812348143560200622713711725365451115578188511960294481801877850241155511954054204064397441547796053479077988758730278210592859812321012256626076093117255070912147708445711708459942595026262507652974267155531 0 0 0 0 0 0 0 0 0 0 0 0 0 0 0 0 0 0 0 0 0 1 0 0 0 0 0 0 0 0 0 0 0 0 0 0 0 0 0 0 0 0 0 0 0 0 0 0 0 0 0 0 0 0 0 0 0 0 0 0 0 0 0 0 0 0 0 0 0 0 0 0 0 0 0 0 0 0 0 0 0 0 0 0 0 0 0 0 0 0 0 0 0 0 0 0 0 0 0 0 0 0 0 0 0 0 0 0 0]
[1731294495262627053563021994933627283534292766990778285776582172986168202636694398195634676567248907641253612860610461671218079008987652338238236396288776832732295515902010310412439454835436013688796463081406558860687771280853917226664422763645700156570630981254101918187208434109738179474045242322457801360074292827613503481010843 0 0 0 0 0 0 0 0 0 0 0 0 0 0 0 0 0 0 0 0 0 0 1 0 0 0 0 0 0 0 0 0 0 0 0 0 0 0 0 0 0 0 0 0 0 0 0 0 0 0 0 0 0 0 0 0 0 0 0 0 0 0 0 0 0 0 0 0 0 0 0 0 0 0 0 0 0 0 0 0 0 0 0 0 0 0 0 0 0 0 0 0 0 0 0 0 0 0 0 0 0 0 0 0 0 0 0 0 0]
[4717276401342088490567987895475836178924208003629982950767936089028359346971119978638078323579568320078749929584286347301931565555834023725276963057792473937439252692497115614285265427551061706532954347290156348588857617232678746120174279394309105688094198286625777495104262419627977390390417786219168460953108077902830175656737149 0 0 0 0 0 0 0 0 0 0 0 0 0 0 0 0 0 0 0 0 0 0 0 1 0 0 0 0 0 0 0 0 0 0 0 0 0 0 0 0 0 0 0 0 0 0 0 0 0 0 0 0 0 0 0 0 0 0 0 0 0 0 0 0 0 0 0 0 0 0 0 0 0 0 0 0 0 0 0 0 0 0 0 0 0 0 0 0 0 0 0 0 0 0 0 0 0 0 0 0 0 0 0 0 0 0 0 0 0]
[7362154951471592725758070682336421905684500798502345168732786834763469494545536834083030227974965534633607144240223891551545607076519371887369231527170502012588079558911576891842935594276699393119444386065154460906901910120320612430201764730865759043525472384091955415047159878952704761384352092941280904615571556968869506980174576 0 0 0 0 0 0 0 0 0 0 0 0 0 0 0 0 0 0 0 0 0 0 0 0 1 0 0 0 0 0 0 0 0 0 0 0 0 0 0 0 0 0 0 0 0 0 0 0 0 0 0 0 0 0 0 0 0 0 0 0 0 0 0 0 0 0 0 0 0 0 0 0 0 0 0 0 0 0 0 0 0 0 0 0 0 0 0 0 0 0 0 0 0 0 0 0 0 0 0 0 0 0 0 0 0 0 0 0 0]
[4617204821884772043724333497374310026308973190390487351799627095386013860220582177586752547412076674374367792408327263293372531666163752258707302806528080509228800173941415908353522042345182095737154963724375582520585120281234944921157009344189776376818068490834419865677774939767296961957886372871148506696246142289267786341157286 0 0 0 0 0 0 0 0 0 0 0 0 0 0 0 0 0 0 0 0 0 0 0 0 0 1 0 0 0 0 0 0 0 0 0 0 0 0 0 0 0 0 0 0 0 0 0 0 0 0 0 0 0 0 0 0 0 0 0 0 0 0 0 0 0 0 0 0 0 0 0 0 0 0 0 0 0 0 0 0 0 0 0 0 0 0 0 0 0 0 0 0 0 0 0 0 0 0 0 0 0 0 0 0 0 0 0 0 0]
[5190727665089295945589995019331494211548483291447445968743205832394384883954776003093255960815667815118676147624663843320223824323336590234772549534638133293771035318997403968333187730196682817316414429101307238261631370230156625364354307256884792276719457026635578795189466379885709374020261617559873468798230104635521877562427698 0 0 0 0 0 0 0 0 0 0 0 0 0 0 0 0 0 0 0 0 0 0 0 0 0 0 1 0 0 0 0 0 0 0 0 0 0 0 0 0 0 0 0 0 0 0 0 0 0 0 0 0 0 0 0 0 0 0 0 0 0 0 0 0 0 0 0 0 0 0 0 0 0 0 0 0 0 0 0 0 0 0 0 0 0 0 0 0 0 0 0 0 0 0 0 0 0 0 0 0 0 0 0 0 0 0 0 0 0]
[6174300226497911549711013476978425929235113202508548951103023865982481546108216068645084540017630259634047825420600893292450678282434696906753806140707046740199253462161399506955935250908566872567054044884815312320619349125637559064665599812598401371476549559832728716823765537132092965489168493960763894507557198247802818985912321 0 0 0 0 0 0 0 0 0 0 0 0 0 0 0 0 0 0 0 0 0 0 0 0 0 0 0 1 0 0 0 0 0 0 0 0 0 0 0 0 0 0 0 0 0 0 0 0 0 0 0 0 0 0 0 0 0 0 0 0 0 0 0 0 0 0 0 0 0 0 0 0 0 0 0 0 0 0 0 0 0 0 0 0 0 0 0 0 0 0 0 0 0 0 0 0 0 0 0 0 0 0 0 0 0 0 0 0 0]
[7694483622377185935531220323383057885083574536539414801564636401378310598201499818230606113646474640427397215712271677990689495481014168446366212974079703806550579228562150789408261423289653276081944178740790145294698345682677867055011714595866953154505780701775967723548993195851490805950126772616278037750101042761881502276534904 0 0 0 0 0 0 0 0 0 0 0 0 0 0 0 0 0 0 0 0 0 0 0 0 0 0 0 0 1 0 0 0 0 0 0 0 0 0 0 0 0 0 0 0 0 0 0 0 0 0 0 0 0 0 0 0 0 0 0 0 0 0 0 0 0 0 0 0 0 0 0 0 0 0 0 0 0 0 0 0 0 0 0 0 0 0 0 0 0 0 0 0 0 0 0 0 0 0 0 0 0 0 0 0 0 0 0 0 0]
[2952818971577892122873570289054238004060710989174284325905271429261642931768681098991158506933484913433194079867187162324411804862263294493284268619130373969439094830307842228670883069749722922657159008116376265984914424364254643964566203491445386958580570172053558683773718518093793655728549957162971763147406341390169202965513119 0 0 0 0 0 0 0 0 0 0 0 0 0 0 0 0 0 0 0 0 0 0 0 0 0 0 0 0 0 1 0 0 0 0 0 0 0 0 0 0 0 0 0 0 0 0 0 0 0 0 0 0 0 0 0 0 0 0 0 0 0 0 0 0 0 0 0 0 0 0 0 0 0 0 0 0 0 0 0 0 0 0 0 0 0 0 0 0 0 0 0 0 0 0 0 0 0 0 0 0 0 0 0 0 0 0 0 0 0]
[9122711612197386016059935750653878009076211006670481138377023271657969760778523480337979768881021553916072410172087480273455507177895078066396992232807464710896520448134518921581846215634148852039874666173814210818446773525907275522125185279339184182145934034666464698258767136143311383473176819510224830440734662935498555443636357 0 0 0 0 0 0 0 0 0 0 0 0 0 0 0 0 0 0 0 0 0 0 0 0 0 0 0 0 0 0 1 0 0 0 0 0 0 0 0 0 0 0 0 0 0 0 0 0 0 0 0 0 0 0 0 0 0 0 0 0 0 0 0 0 0 0 0 0 0 0 0 0 0 0 0 0 0 0 0 0 0 0 0 0 0 0 0 0 0 0 0 0 0 0 0 0 0 0 0 0 0 0 0 0 0 0 0 0 0]
[8756657376948525118466585737460782062528795142096104611802780667707497341103426788299959475698752656309353265851470065178507121610969156859421228158477567448370096719868054162040933055866418084468944707699016546969499464872865928603991187355407741823933092054355844264392685213095374543539353952136362185889416754242079066624871015 0 0 0 0 0 0 0 0 0 0 0 0 0 0 0 0 0 0 0 0 0 0 0 0 0 0 0 0 0 0 0 1 0 0 0 0 0 0 0 0 0 0 0 0 0 0 0 0 0 0 0 0 0 0 0 0 0 0 0 0 0 0 0 0 0 0 0 0 0 0 0 0 0 0 0 0 0 0 0 0 0 0 0 0 0 0 0 0 0 0 0 0 0 0 0 0 0 0 0 0 0 0 0 0 0 0 0 0 0]
[9794715869087829281065750802909885778610955108618293808536579143138620476941075761157931322731015611094747648167796341825348543613667617883164279025161089098672854319747320552099451243353666702035346051574313522135604621491229147887329583665164662521601251405862716135252168017971180831898283556235951543451709039899668503525148626 0 0 0 0 0 0 0 0 0 0 0 0 0 0 0 0 0 0 0 0 0 0 0 0 0 0 0 0 0 0 0 0 1 0 0 0 0 0 0 0 0 0 0 0 0 0 0 0 0 0 0 0 0 0 0 0 0 0 0 0 0 0 0 0 0 0 0 0 0 0 0 0 0 0 0 0 0 0 0 0 0 0 0 0 0 0 0 0 0 0 0 0 0 0 0 0 0 0 0 0 0 0 0 0 0 0 0 0 0]
[9920254818516665080386092629676804271675676981696673079449051892120401755502914694402360764913360695452821231573099226512055223303007606195874464449457914381387367537761823544310062088136466257321142184112267268461806861427288401129991186065269618491642974099100525459757065278401557219780360458821508041807060219573533972794673172 0 0 0 0 0 0 0 0 0 0 0 0 0 0 0 0 0 0 0 0 0 0 0 0 0 0 0 0 0 0 0 0 0 1 0 0 0 0 0 0 0 0 0 0 0 0 0 0 0 0 0 0 0 0 0 0 0 0 0 0 0 0 0 0 0 0 0 0 0 0 0 0 0 0 0 0 0 0 0 0 0 0 0 0 0 0 0 0 0 0 0 0 0 0 0 0 0 0 0 0 0 0 0 0 0 0 0 0 0]
[1183202135579596064810561982982264286861828365389789316624051656139667818110469934331026312551195588913616501827118977802216957560322992853932499464112815873035214235792406484026400525664007363087638306750561720667660996306123631487574698822333629349597163594536165257243086056502676290411686689488189342518457299062951002842414427 0 0 0 0 0 0 0 0 0 0 0 0 0 0 0 0 0 0 0 0 0 0 0 0 0 0 0 0 0 0 0 0 0 0 1 0 0 0 0 0 0 0 0 0 0 0 0 0 0 0 0 0 0 0 0 0 0 0 0 0 0 0 0 0 0 0 0 0 0 0 0 0 0 0 0 0 0 0 0 0 0 0 0 0 0 0 0 0 0 0 0 0 0 0 0 0 0 0 0 0 0 0 0 0 0 0 0 0 0]
[3103167134209760398633734441731181366287114123102012751608327991554483737919661480053190130199280878783315633470259218970155090510404240907309268370658726535066557540961475636552091916447997439820231045506318069855784783412408781317968937613735107289110808537285135130360226043767621978577350229274842786565985155293698717858690573 0 0 0 0 0 0 0 0 0 0 0 0 0 0 0 0 0 0 0 0 0 0 0 0 0 0 0 0 0 0 0 0 0 0 0 1 0 0 0 0 0 0 0 0 0 0 0 0 0 0 0 0 0 0 0 0 0 0 0 0 0 0 0 0 0 0 0 0 0 0 0 0 0 0 0 0 0 0 0 0 0 0 0 0 0 0 0 0 0 0 0 0 0 0 0 0 0 0 0 0 0 0 0 0 0 0 0 0 0]
[1438306490294299195122587538232931339334740053669027955547349749516289980906322266493449567922144020078457406674234306454699858082965569158175115410264415906747589322826190404337137575064281536942510139158374910959173558714105767192283169332972306566049256179657937873157897256118251359604555082909656818466855665715846712120073780 0 0 0 0 0 0 0 0 0 0 0 0 0 0 0 0 0 0 0 0 0 0 0 0 0 0 0 0 0 0 0 0 0 0 0 0 1 0 0 0 0 0 0 0 0 0 0 0 0 0 0 0 0 0 0 0 0 0 0 0 0 0 0 0 0 0 0 0 0 0 0 0 0 0 0 0 0 0 0 0 0 0 0 0 0 0 0 0 0 0 0 0 0 0 0 0 0 0 0 0 0 0 0 0 0 0 0 0 0]
[8614064665563595747921439510434904866941601840065553836530271532940981734645691298416797209335423675766535150704422061857182358071692529477273093173696658868796108739772295081597042375212267631701548574113185310307473157616742883303951517915038384922211639022664222657915222970060592229418278589312083009679101887357680567504365653 0 0 0 0 0 0 0 0 0 0 0 0 0 0 0 0 0 0 0 0 0 0 0 0 0 0 0 0 0 0 0 0 0 0 0 0 0 1 0 0 0 0 0 0 0 0 0 0 0 0 0 0 0 0 0 0 0 0 0 0 0 0 0 0 0 0 0 0 0 0 0 0 0 0 0 0 0 0 0 0 0 0 0 0 0 0 0 0 0 0 0 0 0 0 0 0 0 0 0 0 0 0 0 0 0 0 0 0 0]
[1045248684983971618797185994486693592619773536163202415129042037161798920959737880430646588167798086352484789761465866673587349093091285090611300899384750807145339409701137996459675531777345531267416186781709975482490744447768186729001225703547745050261521555025774104929953108152419124830577519641224623271515536419992219583829900 0 0 0 0 0 0 0 0 0 0 0 0 0 0 0 0 0 0 0 0 0 0 0 0 0 0 0 0 0 0 0 0 0 0 0 0 0 0 1 0 0 0 0 0 0 0 0 0 0 0 0 0 0 0 0 0 0 0 0 0 0 0 0 0 0 0 0 0 0 0 0 0 0 0 0 0 0 0 0 0 0 0 0 0 0 0 0 0 0 0 0 0 0 0 0 0 0 0 0 0 0 0 0 0 0 0 0 0 0]
[11001689868776938768798634981676872104687950921533689284852709155706879331332098361400544917706836789601268902926324934412912848560705798047951000213191639988457498325862222664353677944593740924445899697325556114407257538756396788935433965965490951947787625722971688931817057797462447731777319679633992799119417496035502989063455120 0 0 0 0 0 0 0 0 0 0 0 0 0 0 0 0 0 0 0 0 0 0 0 0 0 0 0 0 0 0 0 0 0 0 0 0 0 0 0 1 0 0 0 0 0 0 0 0 0 0 0 0 0 0 0 0 0 0 0 0 0 0 0 0 0 0 0 0 0 0 0 0 0 0 0 0 0 0 0 0 0 0 0 0 0 0 0 0 0 0 0 0 0 0 0 0 0 0 0 0 0 0 0 0 0 0 0 0 0]
[5143445005553532818305293501447330083624868732079987508884828972511435165566389851533276716326515768733916399514322510436708978149427328168755157726722840687726447992728207535190491717185393827709461319337879532320753927856388142853810663888240473466093995713372354620592021183691099730248163386295086361024576279393835393827582252 0 0 0 0 0 0 0 0 0 0 0 0 0 0 0 0 0 0 0 0 0 0 0 0 0 0 0 0 0 0 0 0 0 0 0 0 0 0 0 0 1 0 0 0 0 0 0 0 0 0 0 0 0 0 0 0 0 0 0 0 0 0 0 0 0 0 0 0 0 0 0 0 0 0 0 0 0 0 0 0 0 0 0 0 0 0 0 0 0 0 0 0 0 0 0 0 0 0 0 0 0 0 0 0 0 0 0 0 0]
[10371983578612382733141650316750524134213804351729068685004800451109466011581268055017837571019021722909830467129487866356047061233884472962013894906646203102341437202510586614476672841748374100032953775671601219741571401261936555777586732100366119573669241059636647904672646513143971672949207670503023393780550011196381561648630777 0 0 0 0 0 0 0 0 0 0 0 0 0 0 0 0 0 0 0 0 0 0 0 0 0 0 0 0 0 0 0 0 0 0 0 0 0 0 0 0 0 1 0 0 0 0 0 0 0 0 0 0 0 0 0 0 0 0 0 0 0 0 0 0 0 0 0 0 0 0 0 0 0 0 0 0 0 0 0 0 0 0 0 0 0 0 0 0 0 0 0 0 0 0 0 0 0 0 0 0 0 0 0 0 0 0 0 0 0]
[2436563985924139890856403887804801606264570358442014245616128450668589824920064033739594538286030609509900359107209029163040501567570095889306862947803370743665557407679844912008158992443770961302730442551273607755152288236726443991700693761782612577514917091128506757546217544714444715527640035373612790294690210818575134288992615 0 0 0 0 0 0 0 0 0 0 0 0 0 0 0 0 0 0 0 0 0 0 0 0 0 0 0 0 0 0 0 0 0 0 0 0 0 0 0 0 0 0 1 0 0 0 0 0 0 0 0 0 0 0 0 0 0 0 0 0 0 0 0 0 0 0 0 0 0 0 0 0 0 0 0 0 0 0 0 0 0 0 0 0 0 0 0 0 0 0 0 0 0 0 0 0 0 0 0 0 0 0 0 0 0 0 0 0 0]
[5944757882336752854514612744131827861972414260810619276252751870318552830964379430399252832719831148700332399831952438827894677400976050905064344872859529758649223985551216506704265332287707250629682271977031654295117920559690334972372901534161225630835246277464606583366496194609757065884069935661437798064753038695961746083243246 0 0 0 0 0 0 0 0 0 0 0 0 0 0 0 0 0 0 0 0 0 0 0 0 0 0 0 0 0 0 0 0 0 0 0 0 0 0 0 0 0 0 0 1 0 0 0 0 0 0 0 0 0 0 0 0 0 0 0 0 0 0 0 0 0 0 0 0 0 0 0 0 0 0 0 0 0 0 0 0 0 0 0 0 0 0 0 0 0 0 0 0 0 0 0 0 0 0 0 0 0 0 0 0 0 0 0 0 0]
[3442203167380346344022893709193890472129478192686433932203123111589878200700923065774513568403768215136403619242711854493092317700048891736687202680821231211756884059654370381227432981034597454599060937357010770657031230621344624509892876166360918619750389985588424679058018591073521162102911567387880907077449609962756236317271908 0 0 0 0 0 0 0 0 0 0 0 0 0 0 0 0 0 0 0 0 0 0 0 0 0 0 0 0 0 0 0 0 0 0 0 0 0 0 0 0 0 0 0 0 1 0 0 0 0 0 0 0 0 0 0 0 0 0 0 0 0 0 0 0 0 0 0 0 0 0 0 0 0 0 0 0 0 0 0 0 0 0 0 0 0 0 0 0 0 0 0 0 0 0 0 0 0 0 0 0 0 0 0 0 0 0 0 0 0]
[4998284970160831942625042154046777796523547853091533020853691644290953994645421192038478603568263468968139165159844651697563343750598432148118340840571416421977339413372373748542460058968083601904595927918124442126724835931962566940650860290025624646701152667718802163713118891252438665464366605981653504882592820362842826163324234 0 0 0 0 0 0 0 0 0 0 0 0 0 0 0 0 0 0 0 0 0 0 0 0 0 0 0 0 0 0 0 0 0 0 0 0 0 0 0 0 0 0 0 0 0 1 0 0 0 0 0 0 0 0 0 0 0 0 0 0 0 0 0 0 0 0 0 0 0 0 0 0 0 0 0 0 0 0 0 0 0 0 0 0 0 0 0 0 0 0 0 0 0 0 0 0 0 0 0 0 0 0 0 0 0 0 0 0 0]
[6807601743132197518402783058403704716451055000329923166073004458245440894344224153227623928941174322165975478526241956908946469655448281454562707625256053148245365903356265430699496430797022974164675874063189444487773803496630720716758641319961089238044968889585483927828824462409414383931838686030136814148905773254914704927032598 0 0 0 0 0 0 0 0 0 0 0 0 0 0 0 0 0 0 0 0 0 0 0 0 0 0 0 0 0 0 0 0 0 0 0 0 0 0 0 0 0 0 0 0 0 0 1 0 0 0 0 0 0 0 0 0 0 0 0 0 0 0 0 0 0 0 0 0 0 0 0 0 0 0 0 0 0 0 0 0 0 0 0 0 0 0 0 0 0 0 0 0 0 0 0 0 0 0 0 0 0 0 0 0 0 0 0 0 0]
[11578915716313549267398812604720145151831220601583537661592233279254939361814729613444711217533907112794483038373609052177512246861134064766802279407697098589386835973362098305767683870502481008827302238325447534212463047847270553724967480630453231955858405520804809769913696729673461361104016588984520380936057473304621886202791831 0 0 0 0 0 0 0 0 0 0 0 0 0 0 0 0 0 0 0 0 0 0 0 0 0 0 0 0 0 0 0 0 0 0 0 0 0 0 0 0 0 0 0 0 0 0 0 1 0 0 0 0 0 0 0 0 0 0 0 0 0 0 0 0 0 0 0 0 0 0 0 0 0 0 0 0 0 0 0 0 0 0 0 0 0 0 0 0 0 0 0 0 0 0 0 0 0 0 0 0 0 0 0 0 0 0 0 0 0]
[6564762127255516093035853293894870339817471749402368886478119984946478180336818253357467994974669283883719630969874892143353866616068642758214216487476719279248918845552082587619648173030235510043879090362131614302988223073699560612140478552910419485572564991811039564903078535715772649168707633668117879248077083069910056367207143 0 0 0 0 0 0 0 0 0 0 0 0 0 0 0 0 0 0 0 0 0 0 0 0 0 0 0 0 0 0 0 0 0 0 0 0 0 0 0 0 0 0 0 0 0 0 0 0 1 0 0 0 0 0 0 0 0 0 0 0 0 0 0 0 0 0 0 0 0 0 0 0 0 0 0 0 0 0 0 0 0 0 0 0 0 0 0 0 0 0 0 0 0 0 0 0 0 0 0 0 0 0 0 0 0 0 0 0 0]
[8709441928235199012522672134617018669526487662668585798063153861642515682456916458680081572542765897802890554514161690610899978606977192469156855476810987285275795700574768199600954224639600183791782558824799077285212134520604678090766234892859394666509667624320197671363795751501577462086639414864967696419852753857183409063266166 0 0 0 0 0 0 0 0 0 0 0 0 0 0 0 0 0 0 0 0 0 0 0 0 0 0 0 0 0 0 0 0 0 0 0 0 0 0 0 0 0 0 0 0 0 0 0 0 0 1 0 0 0 0 0 0 0 0 0 0 0 0 0 0 0 0 0 0 0 0 0 0 0 0 0 0 0 0 0 0 0 0 0 0 0 0 0 0 0 0 0 0 0 0 0 0 0 0 0 0 0 0 0 0 0 0 0 0 0]
[4511532671983338853362187736621513279945117535402090882779611787677193436256480613872027647870481192087267189056440170965347203570334210418181706352817442064746889027776926676733719546627759171649519859289677893966763852122695572081998079978950038430319438218883783934194052917658991617863674062508899041736848517417309866176787564 0 0 0 0 0 0 0 0 0 0 0 0 0 0 0 0 0 0 0 0 0 0 0 0 0 0 0 0 0 0 0 0 0 0 0 0 0 0 0 0 0 0 0 0 0 0 0 0 0 0 1 0 0 0 0 0 0 0 0 0 0 0 0 0 0 0 0 0 0 0 0 0 0 0 0 0 0 0 0 0 0 0 0 0 0 0 0 0 0 0 0 0 0 0 0 0 0 0 0 0 0 0 0 0 0 0 0 0 0]
[5248313869269390875263355291783827951037093712155387258446783986075156507491579848811348746017631640397727350137553136611062720632166764166580377344857593108478075609318176623534171193596542128056110937945781465635759024845631795387328704439959586087774916868111941050752904044654258148789135635458111739097243087047440852751392582 0 0 0 0 0 0 0 0 0 0 0 0 0 0 0 0 0 0 0 0 0 0 0 0 0 0 0 0 0 0 0 0 0 0 0 0 0 0 0 0 0 0 0 0 0 0 0 0 0 0 0 1 0 0 0 0 0 0 0 0 0 0 0 0 0 0 0 0 0 0 0 0 0 0 0 0 0 0 0 0 0 0 0 0 0 0 0 0 0 0 0 0 0 0 0 0 0 0 0 0 0 0 0 0 0 0 0 0 0]
[306073826880544788765305973150202245123307933321325494799365387925759693105203871173608621419853211291662005132598650163648759228946881126697118329781082142509996798746190684475063124738693185531094444053059530667347584567555152113336955220297994111225364649330352320316242865160311670622063327540046670811839209891310948274645472 0 0 0 0 0 0 0 0 0 0 0 0 0 0 0 0 0 0 0 0 0 0 0 0 0 0 0 0 0 0 0 0 0 0 0 0 0 0 0 0 0 0 0 0 0 0 0 0 0 0 0 0 1 0 0 0 0 0 0 0 0 0 0 0 0 0 0 0 0 0 0 0 0 0 0 0 0 0 0 0 0 0 0 0 0 0 0 0 0 0 0 0 0 0 0 0 0 0 0 0 0 0 0 0 0 0 0 0 0]
[5975254546279382210054042271769466261882601534131381175100797909939374997134317076344948856581324028154394912686858979885981914268301280999271126813503627703645991894633606243931355915094414671493938837321496244024216828493548771249514401176932431177213301867813963889717707017448635004687039362415187326823721196451969765475879818 0 0 0 0 0 0 0 0 0 0 0 0 0 0 0 0 0 0 0 0 0 0 0 0 0 0 0 0 0 0 0 0 0 0 0 0 0 0 0 0 0 0 0 0 0 0 0 0 0 0 0 0 0 1 0 0 0 0 0 0 0 0 0 0 0 0 0 0 0 0 0 0 0 0 0 0 0 0 0 0 0 0 0 0 0 0 0 0 0 0 0 0 0 0 0 0 0 0 0 0 0 0 0 0 0 0 0 0 0]
[7804113844368680507690253867678542528229470356485457498853721602469373669948059930241084513776086369650634029841518228116072526949481911563460065861229770655988658841307867415779940817838339804872248110781473404392518943342537665225447003088901479347881372320081336197493910830502471902752784681080387575873483390034641888186084578 0 0 0 0 0 0 0 0 0 0 0 0 0 0 0 0 0 0 0 0 0 0 0 0 0 0 0 0 0 0 0 0 0 0 0 0 0 0 0 0 0 0 0 0 0 0 0 0 0 0 0 0 0 0 1 0 0 0 0 0 0 0 0 0 0 0 0 0 0 0 0 0 0 0 0 0 0 0 0 0 0 0 0 0 0 0 0 0 0 0 0 0 0 0 0 0 0 0 0 0 0 0 0 0 0 0 0 0 0]
[8271372802499173980222769283643187737290410298631378587008916647405366892588181929627253574235747589885180582892500339767193983607540917341039560329481010871465446649060065825703069380448294924697510038268717852847714399119405344385516048336050876679192837497999914006247563149715519296036791047458812715332072602492070534019384406 0 0 0 0 0 0 0 0 0 0 0 0 0 0 0 0 0 0 0 0 0 0 0 0 0 0 0 0 0 0 0 0 0 0 0 0 0 0 0 0 0 0 0 0 0 0 0 0 0 0 0 0 0 0 0 1 0 0 0 0 0 0 0 0 0 0 0 0 0 0 0 0 0 0 0 0 0 0 0 0 0 0 0 0 0 0 0 0 0 0 0 0 0 0 0 0 0 0 0 0 0 0 0 0 0 0 0 0 0]
[9345210867155090441651957073058388438069532233008792689648618023939485428984365481445347991866286357663878162520696527839682469304079084064116741266979760047403063579055439615624699821153824857863486246567209642035597589861850268072803228321856090753472280445865652608081005585112184916465005902457652631843742748265191838614039948 0 0 0 0 0 0 0 0 0 0 0 0 0 0 0 0 0 0 0 0 0 0 0 0 0 0 0 0 0 0 0 0 0 0 0 0 0 0 0 0 0 0 0 0 0 0 0 0 0 0 0 0 0 0 0 0 1 0 0 0 0 0 0 0 0 0 0 0 0 0 0 0 0 0 0 0 0 0 0 0 0 0 0 0 0 0 0 0 0 0 0 0 0 0 0 0 0 0 0 0 0 0 0 0 0 0 0 0 0]
[1226005024006101478863221709415093000993335406821963311742024603025186461310581673903861925116892796841034734853931051585612278155962019336316799013208775943009143957223864199718592615811541258311689020227910964310474790496966090213189014236564338393460036290113827015367838502476318685515857060015434452445159400142131296768827722 0 0 0 0 0 0 0 0 0 0 0 0 0 0 0 0 0 0 0 0 0 0 0 0 0 0 0 0 0 0 0 0 0 0 0 0 0 0 0 0 0 0 0 0 0 0 0 0 0 0 0 0 0 0 0 0 0 1 0 0 0 0 0 0 0 0 0 0 0 0 0 0 0 0 0 0 0 0 0 0 0 0 0 0 0 0 0 0 0 0 0 0 0 0 0 0 0 0 0 0 0 0 0 0 0 0 0 0 0]
[3181212688901253855715922754348671833256587215249675509472851635315182536382861255890633534132173363438292527980277775115765266003981117918766624092002393137740426613844653231266986456828769573686386916120384803801948063670626107645660037332071763543456095177857504075139734297360158511236093091891893335313474356962961979371925549 0 0 0 0 0 0 0 0 0 0 0 0 0 0 0 0 0 0 0 0 0 0 0 0 0 0 0 0 0 0 0 0 0 0 0 0 0 0 0 0 0 0 0 0 0 0 0 0 0 0 0 0 0 0 0 0 0 0 1 0 0 0 0 0 0 0 0 0 0 0 0 0 0 0 0 0 0 0 0 0 0 0 0 0 0 0 0 0 0 0 0 0 0 0 0 0 0 0 0 0 0 0 0 0 0 0 0 0 0]
[10257845548217720647006273463309787713039180041456645326049058558916555583650341099698209810362010611051200668160322840084571005864998843572658334332280889260717341963267332007136595472630422522761471799488006698809380358971949845719786456853208707572311529353480808384978801799882208993760630982628591865525378409541833949673579630 0 0 0 0 0 0 0 0 0 0 0 0 0 0 0 0 0 0 0 0 0 0 0 0 0 0 0 0 0 0 0 0 0 0 0 0 0 0 0 0 0 0 0 0 0 0 0 0 0 0 0 0 0 0 0 0 0 0 0 1 0 0 0 0 0 0 0 0 0 0 0 0 0 0 0 0 0 0 0 0 0 0 0 0 0 0 0 0 0 0 0 0 0 0 0 0 0 0 0 0 0 0 0 0 0 0 0 0 0]
[2410479004920405753948809609931954840612321653697359668492828896057210347742004850050673037656136161343538983788967312553436333758460878566792832528266545722220009932848847381444874465174174052871328071818188932647879588257690360048851876259384122331342480645352147314434272128418424004106098119057932164023014145535376078275077283 0 0 0 0 0 0 0 0 0 0 0 0 0 0 0 0 0 0 0 0 0 0 0 0 0 0 0 0 0 0 0 0 0 0 0 0 0 0 0 0 0 0 0 0 0 0 0 0 0 0 0 0 0 0 0 0 0 0 0 0 1 0 0 0 0 0 0 0 0 0 0 0 0 0 0 0 0 0 0 0 0 0 0 0 0 0 0 0 0 0 0 0 0 0 0 0 0 0 0 0 0 0 0 0 0 0 0 0 0]
[6334385129855658080387734409246574761501071658243102904202649668597085088850074483538303456672143738158437297471513086525012351571705680380672762487023488869089921529345362431148345101338651626197887886811583559964856428306290943600207972397655882139320117097993048236906662059029745733450131178891404800364540032784179563616425654 0 0 0 0 0 0 0 0 0 0 0 0 0 0 0 0 0 0 0 0 0 0 0 0 0 0 0 0 0 0 0 0 0 0 0 0 0 0 0 0 0 0 0 0 0 0 0 0 0 0 0 0 0 0 0 0 0 0 0 0 0 1 0 0 0 0 0 0 0 0 0 0 0 0 0 0 0 0 0 0 0 0 0 0 0 0 0 0 0 0 0 0 0 0 0 0 0 0 0 0 0 0 0 0 0 0 0 0 0]
[6154773890389553908335710149155548301490083503546600170504700659300209062590911854185924199797102512662339731077989451104175060068483349898846789520892141609886471272051297297659119159728937191204523047823388168768952732459035928924453512908072182528933255986083101434941360983089976968731902858206504957878691232761295417375233336 0 0 0 0 0 0 0 0 0 0 0 0 0 0 0 0 0 0 0 0 0 0 0 0 0 0 0 0 0 0 0 0 0 0 0 0 0 0 0 0 0 0 0 0 0 0 0 0 0 0 0 0 0 0 0 0 0 0 0 0 0 0 1 0 0 0 0 0 0 0 0 0 0 0 0 0 0 0 0 0 0 0 0 0 0 0 0 0 0 0 0 0 0 0 0 0 0 0 0 0 0 0 0 0 0 0 0 0 0]
[10333166788328733623863943519856978090611789358774849235874785879956775442112758508162840827909532487536139947406568239864767564866525187593188276249139003897005648186974760412879002918719544209695908021059348675366933293034196804497951721139930837411469214556459806046165995935084424966706872854806665536324210220795243447371529417 0 0 0 0 0 0 0 0 0 0 0 0 0 0 0 0 0 0 0 0 0 0 0 0 0 0 0 0 0 0 0 0 0 0 0 0 0 0 0 0 0 0 0 0 0 0 0 0 0 0 0 0 0 0 0 0 0 0 0 0 0 0 0 1 0 0 0 0 0 0 0 0 0 0 0 0 0 0 0 0 0 0 0 0 0 0 0 0 0 0 0 0 0 0 0 0 0 0 0 0 0 0 0 0 0 0 0 0 0]
[3180948280987002943557684839671814289503834899541218209269793988516535010042808178326895458289381452996003875221971357058039485346619583842432117673301090257523499648285875307121252790054724817704838153380504963648060963645859759465028303820463724289801772249194306180202510641814651552508002324394674733866403660072423741179019673 0 0 0 0 0 0 0 0 0 0 0 0 0 0 0 0 0 0 0 0 0 0 0 0 0 0 0 0 0 0 0 0 0 0 0 0 0 0 0 0 0 0 0 0 0 0 0 0 0 0 0 0 0 0 0 0 0 0 0 0 0 0 0 0 1 0 0 0 0 0 0 0 0 0 0 0 0 0 0 0 0 0 0 0 0 0 0 0 0 0 0 0 0 0 0 0 0 0 0 0 0 0 0 0 0 0 0 0 0]
[8285601842504480515772104152542343717529091200185991162732589650089207942141625548653120043022574812757415368584864110348232048260295637483862176092402761822730732733351595633170367577397415441768617904795029393399184622951684500624222500832965541808259017425517449176673080554462350413727140412747054226109788174863620385171002187 0 0 0 0 0 0 0 0 0 0 0 0 0 0 0 0 0 0 0 0 0 0 0 0 0 0 0 0 0 0 0 0 0 0 0 0 0 0 0 0 0 0 0 0 0 0 0 0 0 0 0 0 0 0 0 0 0 0 0 0 0 0 0 0 0 1 0 0 0 0 0 0 0 0 0 0 0 0 0 0 0 0 0 0 0 0 0 0 0 0 0 0 0 0 0 0 0 0 0 0 0 0 0 0 0 0 0 0 0]
[1094784329120575726954129135938163268134316461420524173906465986523287926446945621100097995653867395129985827976817209238040539674613882440946366980491085904414658706530806263711214765131542853009029788718435932919538565900875755220168470385023469120693258663677813614518833566783392030071944835664811396883214282788129729180215849 0 0 0 0 0 0 0 0 0 0 0 0 0 0 0 0 0 0 0 0 0 0 0 0 0 0 0 0 0 0 0 0 0 0 0 0 0 0 0 0 0 0 0 0 0 0 0 0 0 0 0 0 0 0 0 0 0 0 0 0 0 0 0 0 0 0 1 0 0 0 0 0 0 0 0 0 0 0 0 0 0 0 0 0 0 0 0 0 0 0 0 0 0 0 0 0 0 0 0 0 0 0 0 0 0 0 0 0 0]
[9371803003356996672556894508312148519084254216143330236012884522057757668038872210704154429995137819431804393395684365637970829499442833702708096863303789984910107393075800039643643920595327497406113203377142831859169165730381454584136922415986823463158628113116671873170332092137126334814989437668229986968508658317534061527826985 0 0 0 0 0 0 0 0 0 0 0 0 0 0 0 0 0 0 0 0 0 0 0 0 0 0 0 0 0 0 0 0 0 0 0 0 0 0 0 0 0 0 0 0 0 0 0 0 0 0 0 0 0 0 0 0 0 0 0 0 0 0 0 0 0 0 0 1 0 0 0 0 0 0 0 0 0 0 0 0 0 0 0 0 0 0 0 0 0 0 0 0 0 0 0 0 0 0 0 0 0 0 0 0 0 0 0 0 0]
[1641283317460934734210356744869395711001014289877627523999586410767537582695474543247302940785348034376280237096343727778712443811582115768926811164752735643853447827723774687095764860114743187910379071992046783999801649070289635067525754876064911236623136750285748119302231350283798377204311930822471973758544799636190360481640914 0 0 0 0 0 0 0 0 0 0 0 0 0 0 0 0 0 0 0 0 0 0 0 0 0 0 0 0 0 0 0 0 0 0 0 0 0 0 0 0 0 0 0 0 0 0 0 0 0 0 0 0 0 0 0 0 0 0 0 0 0 0 0 0 0 0 0 0 1 0 0 0 0 0 0 0 0 0 0 0 0 0 0 0 0 0 0 0 0 0 0 0 0 0 0 0 0 0 0 0 0 0 0 0 0 0 0 0 0]
[3624799958769534081542473395806606865723686094887049565640946528770368714570809554244356369100129536576463760941026330429270923926225193847053035308089522046650819760403919339434878580408261069599766153380576075899868031463892250330141027685669476104207222174135646506734243485559318900606246424377639594708798405127284557170517057 0 0 0 0 0 0 0 0 0 0 0 0 0 0 0 0 0 0 0 0 0 0 0 0 0 0 0 0 0 0 0 0 0 0 0 0 0 0 0 0 0 0 0 0 0 0 0 0 0 0 0 0 0 0 0 0 0 0 0 0 0 0 0 0 0 0 0 0 0 1 0 0 0 0 0 0 0 0 0 0 0 0 0 0 0 0 0 0 0 0 0 0 0 0 0 0 0 0 0 0 0 0 0 0 0 0 0 0 0]
[4652081979027351724875553763796276485624285467807741201870912172891444658292213800640059192424041535494130807056831066264549642843415525546590087265413092909842635157527012754114649082294255204977923463107693354004045197746768413415386846196608612406551846982454778158200362847522733767059566835308302538630266825255757188597623004 0 0 0 0 0 0 0 0 0 0 0 0 0 0 0 0 0 0 0 0 0 0 0 0 0 0 0 0 0 0 0 0 0 0 0 0 0 0 0 0 0 0 0 0 0 0 0 0 0 0 0 0 0 0 0 0 0 0 0 0 0 0 0 0 0 0 0 0 0 0 1 0 0 0 0 0 0 0 0 0 0 0 0 0 0 0 0 0 0 0 0 0 0 0 0 0 0 0 0 0 0 0 0 0 0 0 0 0 0]
[7161790834727425993327034699739118429314415671546754568947284919643091800227639952786044720586563214506039446436024333329252384136343448126014888116791887180431773514277324565593446698474636729544909825833783436545623100704356327426742986354917719864364004914354043816651456921215979412801907870502540710753272351338227715689867118 0 0 0 0 0 0 0 0 0 0 0 0 0 0 0 0 0 0 0 0 0 0 0 0 0 0 0 0 0 0 0 0 0 0 0 0 0 0 0 0 0 0 0 0 0 0 0 0 0 0 0 0 0 0 0 0 0 0 0 0 0 0 0 0 0 0 0 0 0 0 0 1 0 0 0 0 0 0 0 0 0 0 0 0 0 0 0 0 0 0 0 0 0 0 0 0 0 0 0 0 0 0 0 0 0 0 0 0 0]
[9958611787167795602211349956744719629844373253755981072007681944346409555263003191029977974949865715127123258150580792529353581813957636186596671993677428738167178538177174497648797934697787440264838250100053531799476912643867162986266977588450077159040397697408179534680286762018351798240258557523333653425854726572887000422934135 0 0 0 0 0 0 0 0 0 0 0 0 0 0 0 0 0 0 0 0 0 0 0 0 0 0 0 0 0 0 0 0 0 0 0 0 0 0 0 0 0 0 0 0 0 0 0 0 0 0 0 0 0 0 0 0 0 0 0 0 0 0 0 0 0 0 0 0 0 0 0 0 1 0 0 0 0 0 0 0 0 0 0 0 0 0 0 0 0 0 0 0 0 0 0 0 0 0 0 0 0 0 0 0 0 0 0 0 0]
[10585225296443401375957632591678463675093474626466217990703251133616850934982042318419142534671223803454244075038825484664520975914900856801419828411612486092946367731824142142492039128443593051598980080473525965092765064115957814343692029738205512031030079264794446848452502996661799521673500407187396916683462395611499663295898824 0 0 0 0 0 0 0 0 0 0 0 0 0 0 0 0 0 0 0 0 0 0 0 0 0 0 0 0 0 0 0 0 0 0 0 0 0 0 0 0 0 0 0 0 0 0 0 0 0 0 0 0 0 0 0 0 0 0 0 0 0 0 0 0 0 0 0 0 0 0 0 0 0 1 0 0 0 0 0 0 0 0 0 0 0 0 0 0 0 0 0 0 0 0 0 0 0 0 0 0 0 0 0 0 0 0 0 0 0]
[9220343345860123254238003473045633547845576636263773730737148981482944195969210476543181345725222835334236630076272925073378538533801657451429930368616443390330765863842513260127823444952334002873279201692771070938159481515231439157927378397713331817713337056292761739204469500592334281304462050235323091161811734919123419733429856 0 0 0 0 0 0 0 0 0 0 0 0 0 0 0 0 0 0 0 0 0 0 0 0 0 0 0 0 0 0 0 0 0 0 0 0 0 0 0 0 0 0 0 0 0 0 0 0 0 0 0 0 0 0 0 0 0 0 0 0 0 0 0 0 0 0 0 0 0 0 0 0 0 0 1 0 0 0 0 0 0 0 0 0 0 0 0 0 0 0 0 0 0 0 0 0 0 0 0 0 0 0 0 0 0 0 0 0 0]
[2507938274649838914439224502010248670441245191274248994518416405437951848942990757952587849486481074696743697302581109798623895366062151278444818049463711681215140108739010943554465658276559075163542417401331708700878931737230893117650047411494806961049206050516096747171786348147569704613738864071486689488326495056649818801332193 0 0 0 0 0 0 0 0 0 0 0 0 0 0 0 0 0 0 0 0 0 0 0 0 0 0 0 0 0 0 0 0 0 0 0 0 0 0 0 0 0 0 0 0 0 0 0 0 0 0 0 0 0 0 0 0 0 0 0 0 0 0 0 0 0 0 0 0 0 0 0 0 0 0 0 1 0 0 0 0 0 0 0 0 0 0 0 0 0 0 0 0 0 0 0 0 0 0 0 0 0 0 0 0 0 0 0 0 0]
[2877531283039559913686259058550881599330787338290538791811583444000634866320835982624232330414908206954349900837716466317110893256848278669176582249491675279582469996021706500734367900234521546720043390804236613535912218037032821554901841175165777662565688890127676173421692907036272849995937463830913946603925657916338412419285729 0 0 0 0 0 0 0 0 0 0 0 0 0 0 0 0 0 0 0 0 0 0 0 0 0 0 0 0 0 0 0 0 0 0 0 0 0 0 0 0 0 0 0 0 0 0 0 0 0 0 0 0 0 0 0 0 0 0 0 0 0 0 0 0 0 0 0 0 0 0 0 0 0 0 0 0 1 0 0 0 0 0 0 0 0 0 0 0 0 0 0 0 0 0 0 0 0 0 0 0 0 0 0 0 0 0 0 0 0]
[5374105194848352419305601865889501512333752280811224932286227329521869670272108168840943216889688971678064401427053712160068829547783455175516219737502849566168621519851562180142081381961195542840321809904695247824514936638719644440034786602634254017555326344880550582950869890373741815465832195309345566786547428000962866516087909 0 0 0 0 0 0 0 0 0 0 0 0 0 0 0 0 0 0 0 0 0 0 0 0 0 0 0 0 0 0 0 0 0 0 0 0 0 0 0 0 0 0 0 0 0 0 0 0 0 0 0 0 0 0 0 0 0 0 0 0 0 0 0 0 0 0 0 0 0 0 0 0 0 0 0 0 0 1 0 0 0 0 0 0 0 0 0 0 0 0 0 0 0 0 0 0 0 0 0 0 0 0 0 0 0 0 0 0 0]
[843945827310395765820071611709923586922062408087822495298571990124255083970643422546516815526655288615694662241125898275741538001369582990705533086562976109960889534790677344753732903849532987986631906462838871788901392440665261642527729393764020770671501601610164055667172671989073042037646088727432657315450312086265405894729027 0 0 0 0 0 0 0 0 0 0 0 0 0 0 0 0 0 0 0 0 0 0 0 0 0 0 0 0 0 0 0 0 0 0 0 0 0 0 0 0 0 0 0 0 0 0 0 0 0 0 0 0 0 0 0 0 0 0 0 0 0 0 0 0 0 0 0 0 0 0 0 0 0 0 0 0 0 0 1 0 0 0 0 0 0 0 0 0 0 0 0 0 0 0 0 0 0 0 0 0 0 0 0 0 0 0 0 0 0]
[9132543071619912791989770196843194317455729830800183883686834744128613623493502353594949057805440118587882009555303143314780129200029711658029945019623949708632873279863827223552708064719805363109295634994199532379668645186481344680247189100805704035997728144682759906342995029637238995010599678802665295675722239398828650364100636 0 0 0 0 0 0 0 0 0 0 0 0 0 0 0 0 0 0 0 0 0 0 0 0 0 0 0 0 0 0 0 0 0 0 0 0 0 0 0 0 0 0 0 0 0 0 0 0 0 0 0 0 0 0 0 0 0 0 0 0 0 0 0 0 0 0 0 0 0 0 0 0 0 0 0 0 0 0 0 1 0 0 0 0 0 0 0 0 0 0 0 0 0 0 0 0 0 0 0 0 0 0 0 0 0 0 0 0 0]
[3087425028921310008124006076769581492370396191999270954191160914716605734706931671767091361123321926622186157832206541212064135784812620260367077243652325298095133168684041088616469244364129898958671744252712835199726467283050922716549714585722304878854539624153603599355667055432258785097287802671438637999806888666614807945779174 0 0 0 0 0 0 0 0 0 0 0 0 0 0 0 0 0 0 0 0 0 0 0 0 0 0 0 0 0 0 0 0 0 0 0 0 0 0 0 0 0 0 0 0 0 0 0 0 0 0 0 0 0 0 0 0 0 0 0 0 0 0 0 0 0 0 0 0 0 0 0 0 0 0 0 0 0 0 0 0 1 0 0 0 0 0 0 0 0 0 0 0 0 0 0 0 0 0 0 0 0 0 0 0 0 0 0 0 0]
[9283296016793156616685121658040808452744977399918661350098880929292312551059933794621918660249387616149420885178025919316292346846039639206989589153987025438993800702918252307712531261677816241655772602044352688560226312975412900274279720180020864578302716234193999097461810851469406544736866701374265667430180422319821755603994598 0 0 0 0 0 0 0 0 0 0 0 0 0 0 0 0 0 0 0 0 0 0 0 0 0 0 0 0 0 0 0 0 0 0 0 0 0 0 0 0 0 0 0 0 0 0 0 0 0 0 0 0 0 0 0 0 0 0 0 0 0 0 0 0 0 0 0 0 0 0 0 0 0 0 0 0 0 0 0 0 0 1 0 0 0 0 0 0 0 0 0 0 0 0 0 0 0 0 0 0 0 0 0 0 0 0 0 0 0]
[5416601675462030285670005290996423153492867905313789162931255446604455573250209138160239539299495474121150328214006346126518442796049390368539725690916436635536448068621683862000377687594636117342097969079101936601036510530009118974519132714767846149964542192832005491947184434943601973043075651799624306411766580305114011721965166 0 0 0 0 0 0 0 0 0 0 0 0 0 0 0 0 0 0 0 0 0 0 0 0 0 0 0 0 0 0 0 0 0 0 0 0 0 0 0 0 0 0 0 0 0 0 0 0 0 0 0 0 0 0 0 0 0 0 0 0 0 0 0 0 0 0 0 0 0 0 0 0 0 0 0 0 0 0 0 0 0 0 1 0 0 0 0 0 0 0 0 0 0 0 0 0 0 0 0 0 0 0 0 0 0 0 0 0 0]
[10789851190758135274469040244360730732380465101712227054753155257911332364141793218524259852576448454935038919159207275666043470184849344185677395268524205654376936305261368887317206254608289736837516963382563323064681267508494589261356967373327838439010639768260651703389534905947260181537322145411041059292568233495836209807621739 0 0 0 0 0 0 0 0 0 0 0 0 0 0 0 0 0 0 0 0 0 0 0 0 0 0 0 0 0 0 0 0 0 0 0 0 0 0 0 0 0 0 0 0 0 0 0 0 0 0 0 0 0 0 0 0 0 0 0 0 0 0 0 0 0 0 0 0 0 0 0 0 0 0 0 0 0 0 0 0 0 0 0 1 0 0 0 0 0 0 0 0 0 0 0 0 0 0 0 0 0 0 0 0 0 0 0 0 0]
[2680112892561567572514868447276524477092811930842735910799567259558590180101812377887581058982286956080732246403796057881834879116376510285072079274523279972712824567383294158287820792620492366027060156709186323602649145017887935698420463109170856768807411501826729451212488254214943050625175421606323583157994654730840905211062265 0 0 0 0 0 0 0 0 0 0 0 0 0 0 0 0 0 0 0 0 0 0 0 0 0 0 0 0 0 0 0 0 0 0 0 0 0 0 0 0 0 0 0 0 0 0 0 0 0 0 0 0 0 0 0 0 0 0 0 0 0 0 0 0 0 0 0 0 0 0 0 0 0 0 0 0 0 0 0 0 0 0 0 0 1 0 0 0 0 0 0 0 0 0 0 0 0 0 0 0 0 0 0 0 0 0 0 0 0]
[1688714227528825007553032015867188214671304803402736712383733649216152241323535653046361021441913896505064450487013225065840091832254591509259512439226091107759590652399342088092074969356509197232097049814786680728916778954422898621183990894944001933201150094025686390049854196564266858742223306605817457934408247770964267444426966 0 0 0 0 0 0 0 0 0 0 0 0 0 0 0 0 0 0 0 0 0 0 0 0 0 0 0 0 0 0 0 0 0 0 0 0 0 0 0 0 0 0 0 0 0 0 0 0 0 0 0 0 0 0 0 0 0 0 0 0 0 0 0 0 0 0 0 0 0 0 0 0 0 0 0 0 0 0 0 0 0 0 0 0 0 1 0 0 0 0 0 0 0 0 0 0 0 0 0 0 0 0 0 0 0 0 0 0 0]
[1393072013784921737663886857603263566782326782090546558117206114618316510703284546363613014241012265676625869276075120894526786976006190194143415293928763334739722553812818640843362232037038648841415008479700131485951647208760147731178891551915502233678042983632432161949502946613676993007155549383933110266815016390726562147091558 0 0 0 0 0 0 0 0 0 0 0 0 0 0 0 0 0 0 0 0 0 0 0 0 0 0 0 0 0 0 0 0 0 0 0 0 0 0 0 0 0 0 0 0 0 0 0 0 0 0 0 0 0 0 0 0 0 0 0 0 0 0 0 0 0 0 0 0 0 0 0 0 0 0 0 0 0 0 0 0 0 0 0 0 0 0 1 0 0 0 0 0 0 0 0 0 0 0 0 0 0 0 0 0 0 0 0 0 0]
[6191348998100289533271765639762275759542439477452375630214579831377382145414787078516168454721486432899397535473675372409666775180811488844282508306488290192897150424181251379851701895445076975796948749659880846728231892603388739492642752074287505262738081067561075775311568497908356751763566753994093240493579559701739953333654076 0 0 0 0 0 0 0 0 0 0 0 0 0 0 0 0 0 0 0 0 0 0 0 0 0 0 0 0 0 0 0 0 0 0 0 0 0 0 0 0 0 0 0 0 0 0 0 0 0 0 0 0 0 0 0 0 0 0 0 0 0 0 0 0 0 0 0 0 0 0 0 0 0 0 0 0 0 0 0 0 0 0 0 0 0 0 0 1 0 0 0 0 0 0 0 0 0 0 0 0 0 0 0 0 0 0 0 0 0]
[10780333023124823650578590666946948913743759500942338963295038200412434253585266237207288273010329694738858495948173816521831639488120521587317631098525349676325063129374775316480471715019461591351602440254972120181674701688212750925092099109285726098818988037808281019170058361706013135110355192817926488088046005070390046000425703 0 0 0 0 0 0 0 0 0 0 0 0 0 0 0 0 0 0 0 0 0 0 0 0 0 0 0 0 0 0 0 0 0 0 0 0 0 0 0 0 0 0 0 0 0 0 0 0 0 0 0 0 0 0 0 0 0 0 0 0 0 0 0 0 0 0 0 0 0 0 0 0 0 0 0 0 0 0 0 0 0 0 0 0 0 0 0 0 1 0 0 0 0 0 0 0 0 0 0 0 0 0 0 0 0 0 0 0 0]
[3856752711096545121568526241948337731869008198107020382339395589428875018503265189690947274116289333501059801416456847204453476835804361247638666700997729949294975522614303228193857408679742933571681365370612871071993946115179284816397051792086789642378937182638756734715603931937750886199451639491145115215606992839062149515069369 0 0 0 0 0 0 0 0 0 0 0 0 0 0 0 0 0 0 0 0 0 0 0 0 0 0 0 0 0 0 0 0 0 0 0 0 0 0 0 0 0 0 0 0 0 0 0 0 0 0 0 0 0 0 0 0 0 0 0 0 0 0 0 0 0 0 0 0 0 0 0 0 0 0 0 0 0 0 0 0 0 0 0 0 0 0 0 0 0 1 0 0 0 0 0 0 0 0 0 0 0 0 0 0 0 0 0 0 0]
[4553954608782863501741946385893807114260362271836020082169367877173571696228175960277524977163259300168093143026116183023388481785467720459286450005840800420570176877107850189118227484438162706951092124690699137607793381606798294812501773165208706884423676075950518800188970497444657917147711271815552635720086473254568850708559046 0 0 0 0 0 0 0 0 0 0 0 0 0 0 0 0 0 0 0 0 0 0 0 0 0 0 0 0 0 0 0 0 0 0 0 0 0 0 0 0 0 0 0 0 0 0 0 0 0 0 0 0 0 0 0 0 0 0 0 0 0 0 0 0 0 0 0 0 0 0 0 0 0 0 0 0 0 0 0 0 0 0 0 0 0 0 0 0 0 0 1 0 0 0 0 0 0 0 0 0 0 0 0 0 0 0 0 0 0]
[10980624962989543310114691817328204921732913941838959355770813244888894940913476331732412692194590297718354643188046454331121882444341394917853126306022326307348442060789864621351032786834286723050217796558865706736640400545766509435369288253842715483642248994593771901723865863523255795751815773592410422218046610565249539879834227 0 0 0 0 0 0 0 0 0 0 0 0 0 0 0 0 0 0 0 0 0 0 0 0 0 0 0 0 0 0 0 0 0 0 0 0 0 0 0 0 0 0 0 0 0 0 0 0 0 0 0 0 0 0 0 0 0 0 0 0 0 0 0 0 0 0 0 0 0 0 0 0 0 0 0 0 0 0 0 0 0 0 0 0 0 0 0 0 0 0 0 1 0 0 0 0 0 0 0 0 0 0 0 0 0 0 0 0 0]
[2871707297293844878811260866683754941793349292349865728628988745823842133364756409688074928911793320069910206368363466064448535142787390943000122582379951917296072863535743448700947114411764775499360807840498218808482031791907138265245075445071395122886291371712454248394125632286323228405154938703916149010174070176322253760995743 0 0 0 0 0 0 0 0 0 0 0 0 0 0 0 0 0 0 0 0 0 0 0 0 0 0 0 0 0 0 0 0 0 0 0 0 0 0 0 0 0 0 0 0 0 0 0 0 0 0 0 0 0 0 0 0 0 0 0 0 0 0 0 0 0 0 0 0 0 0 0 0 0 0 0 0 0 0 0 0 0 0 0 0 0 0 0 0 0 0 0 0 1 0 0 0 0 0 0 0 0 0 0 0 0 0 0 0 0]
[10166029651293553038293613362112485153485402674554609691828662599222550961553097857361585606944470562517311099838642000746440718816033476519508913292847846075525696092727006161781458650577649810021778931532330434357247152373915600970589464288747283306878245783849806079430326573415900296058521055107574720814031575075579513306644815 0 0 0 0 0 0 0 0 0 0 0 0 0 0 0 0 0 0 0 0 0 0 0 0 0 0 0 0 0 0 0 0 0 0 0 0 0 0 0 0 0 0 0 0 0 0 0 0 0 0 0 0 0 0 0 0 0 0 0 0 0 0 0 0 0 0 0 0 0 0 0 0 0 0 0 0 0 0 0 0 0 0 0 0 0 0 0 0 0 0 0 0 0 1 0 0 0 0 0 0 0 0 0 0 0 0 0 0 0]
[6157754859943026338968877139249867718054159374046465182132029072407969445554736005685189552381240758886355000283072819027403899480841998238664158658620043011916533204138492928535417848100027528657852907267279484547636582859541600672346988748906065130727484246559694269478409382252548269202887760548291543006716085593042263111277682 0 0 0 0 0 0 0 0 0 0 0 0 0 0 0 0 0 0 0 0 0 0 0 0 0 0 0 0 0 0 0 0 0 0 0 0 0 0 0 0 0 0 0 0 0 0 0 0 0 0 0 0 0 0 0 0 0 0 0 0 0 0 0 0 0 0 0 0 0 0 0 0 0 0 0 0 0 0 0 0 0 0 0 0 0 0 0 0 0 0 0 0 0 0 1 0 0 0 0 0 0 0 0 0 0 0 0 0 0]
[5128846747653661202034710366484838056118065679058567042820948825472459031558231578827950475456979059040189127630717407773156631070763622216818278392022501055122033852770970833676947039790520861347820869352969563098422376656497968621577613980194965193556910370829023553080034159892820036951011286935155669435295721933538366346849339 0 0 0 0 0 0 0 0 0 0 0 0 0 0 0 0 0 0 0 0 0 0 0 0 0 0 0 0 0 0 0 0 0 0 0 0 0 0 0 0 0 0 0 0 0 0 0 0 0 0 0 0 0 0 0 0 0 0 0 0 0 0 0 0 0 0 0 0 0 0 0 0 0 0 0 0 0 0 0 0 0 0 0 0 0 0 0 0 0 0 0 0 0 0 0 1 0 0 0 0 0 0 0 0 0 0 0 0 0]
[1227235509308961383146219224373979438054080382657545800231395313642037680958718590743257662730876840542600098985588660114054760003420740499013262011394445241631187396882627596965009385480678681222268169623792837636132926092739235386052845727197949411127337059568044262696748287929125209306994560750263492855906562049340087840846152 0 0 0 0 0 0 0 0 0 0 0 0 0 0 0 0 0 0 0 0 0 0 0 0 0 0 0 0 0 0 0 0 0 0 0 0 0 0 0 0 0 0 0 0 0 0 0 0 0 0 0 0 0 0 0 0 0 0 0 0 0 0 0 0 0 0 0 0 0 0 0 0 0 0 0 0 0 0 0 0 0 0 0 0 0 0 0 0 0 0 0 0 0 0 0 0 1 0 0 0 0 0 0 0 0 0 0 0 0]
[6816070277858344770734072400610008618939267350564929477027399727276132180724519687857807291639986574584510472176028884866314193019482952594937264186802760093155547089240357711894563492079968185029550457735220510106769905100271574028209272193092410375046379397166488754728980274774275254810568116389339028687872700841116377772861163 0 0 0 0 0 0 0 0 0 0 0 0 0 0 0 0 0 0 0 0 0 0 0 0 0 0 0 0 0 0 0 0 0 0 0 0 0 0 0 0 0 0 0 0 0 0 0 0 0 0 0 0 0 0 0 0 0 0 0 0 0 0 0 0 0 0 0 0 0 0 0 0 0 0 0 0 0 0 0 0 0 0 0 0 0 0 0 0 0 0 0 0 0 0 0 0 0 1 0 0 0 0 0 0 0 0 0 0 0]
[6201138184577988602370875585028719156140039899674475359794287181181875478100423936927615040837247723856170806690024851667737392617586929240769512341679692556991214063303444508019206986567050161384206396897598121084399509788849504795150759070906437710643044313217999906807496718689485713703781710075264591745080930214872903664473630 0 0 0 0 0 0 0 0 0 0 0 0 0 0 0 0 0 0 0 0 0 0 0 0 0 0 0 0 0 0 0 0 0 0 0 0 0 0 0 0 0 0 0 0 0 0 0 0 0 0 0 0 0 0 0 0 0 0 0 0 0 0 0 0 0 0 0 0 0 0 0 0 0 0 0 0 0 0 0 0 0 0 0 0 0 0 0 0 0 0 0 0 0 0 0 0 0 0 1 0 0 0 0 0 0 0 0 0 0]
[11079892138160911800122759792036725656776207958211759932281609568270207206595868823987133064921826806599286796858205165837606398860817836337809327060997340433008538931612555129352427951053868282223813697562302148212110915463048030995501034413296319701393049129918383745774864551566529815406362902257078966211425580025683626445927906 0 0 0 0 0 0 0 0 0 0 0 0 0 0 0 0 0 0 0 0 0 0 0 0 0 0 0 0 0 0 0 0 0 0 0 0 0 0 0 0 0 0 0 0 0 0 0 0 0 0 0 0 0 0 0 0 0 0 0 0 0 0 0 0 0 0 0 0 0 0 0 0 0 0 0 0 0 0 0 0 0 0 0 0 0 0 0 0 0 0 0 0 0 0 0 0 0 0 0 1 0 0 0 0 0 0 0 0 0]
[1613967983468969340335884512347483095738091359832479798821342776039717421078555384208153346042365172343155698238450111369446204186573659908737911415141555963309026445806969159691734474656846792717232600071585315469186450616226911651497040404067649506663540745023819945467006805786292316806985273543711459339540876145526317901039137 0 0 0 0 0 0 0 0 0 0 0 0 0 0 0 0 0 0 0 0 0 0 0 0 0 0 0 0 0 0 0 0 0 0 0 0 0 0 0 0 0 0 0 0 0 0 0 0 0 0 0 0 0 0 0 0 0 0 0 0 0 0 0 0 0 0 0 0 0 0 0 0 0 0 0 0 0 0 0 0 0 0 0 0 0 0 0 0 0 0 0 0 0 0 0 0 0 0 0 0 1 0 0 0 0 0 0 0 0]
[8104204010025371668471985808393529001975147782448988916137397668723351896643514983176025130156283320517172734962796004580936913459028026504242361194591931791511401184475472414246817820290955543031942994524060429333798357047916776767617295660797659256025250678597719975728094630243864379391945324030738063615250217440496511415596343 0 0 0 0 0 0 0 0 0 0 0 0 0 0 0 0 0 0 0 0 0 0 0 0 0 0 0 0 0 0 0 0 0 0 0 0 0 0 0 0 0 0 0 0 0 0 0 0 0 0 0 0 0 0 0 0 0 0 0 0 0 0 0 0 0 0 0 0 0 0 0 0 0 0 0 0 0 0 0 0 0 0 0 0 0 0 0 0 0 0 0 0 0 0 0 0 0 0 0 0 0 1 0 0 0 0 0 0 0]
[5021071044124692813096711494591981489546524580736838261925737694816794421332657569165388861710835972591419996093563903916667492737229868564921951897721519600245229000150088815655362595525919381607534478834852218150784620122752544514045505560957448696150026244519850077397441076223479707192911920667456173441094830667847421535726607 0 0 0 0 0 0 0 0 0 0 0 0 0 0 0 0 0 0 0 0 0 0 0 0 0 0 0 0 0 0 0 0 0 0 0 0 0 0 0 0 0 0 0 0 0 0 0 0 0 0 0 0 0 0 0 0 0 0 0 0 0 0 0 0 0 0 0 0 0 0 0 0 0 0 0 0 0 0 0 0 0 0 0 0 0 0 0 0 0 0 0 0 0 0 0 0 0 0 0 0 0 0 1 0 0 0 0 0 0]
[4559544321211540055080376856757431801526071090102314960226114150020274555381958392167404501055942008542249214936845135611598505813601713851982635148576231874238223678934072052069819830019075678935977505872584266193490876809163491282654395173494144562159951307744541013343422527893953623863815067421148900819005162788796971014807959 0 0 0 0 0 0 0 0 0 0 0 0 0 0 0 0 0 0 0 0 0 0 0 0 0 0 0 0 0 0 0 0 0 0 0 0 0 0 0 0 0 0 0 0 0 0 0 0 0 0 0 0 0 0 0 0 0 0 0 0 0 0 0 0 0 0 0 0 0 0 0 0 0 0 0 0 0 0 0 0 0 0 0 0 0 0 0 0 0 0 0 0 0 0 0 0 0 0 0 0 0 0 0 1 0 0 0 0 0]
[3098115974059865777074961709073402945463606870567874980836674340523103155252876414313814257817705011314965156690450194515745638779078732468301729985703448812521851809033227297815247651431387430724412700968723389933584185518274653901189216368751282676467108079635028665603608858661368406537047047836715712473592926656408941868423700 0 0 0 0 0 0 0 0 0 0 0 0 0 0 0 0 0 0 0 0 0 0 0 0 0 0 0 0 0 0 0 0 0 0 0 0 0 0 0 0 0 0 0 0 0 0 0 0 0 0 0 0 0 0 0 0 0 0 0 0 0 0 0 0 0 0 0 0 0 0 0 0 0 0 0 0 0 0 0 0 0 0 0 0 0 0 0 0 0 0 0 0 0 0 0 0 0 0 0 0 0 0 0 0 1 0 0 0 0]
[7195150416358508925769215533478727745852407221762808798326978943344666589740118268716212342309468103446186628616231106272676213123114045075520934931814477399302621102038866671649104268635882225135367176331446227119504337008313981812358287386612129912559824662251170252375922468111488277413144264362021729053182655890255325567287944 0 0 0 0 0 0 0 0 0 0 0 0 0 0 0 0 0 0 0 0 0 0 0 0 0 0 0 0 0 0 0 0 0 0 0 0 0 0 0 0 0 0 0 0 0 0 0 0 0 0 0 0 0 0 0 0 0 0 0 0 0 0 0 0 0 0 0 0 0 0 0 0 0 0 0 0 0 0 0 0 0 0 0 0 0 0 0 0 0 0 0 0 0 0 0 0 0 0 0 0 0 0 0 0 0 1 0 0 0]
[4327107461352334037311052222915033160999696459253158469892727109170638256499727903471675005169695506651165598220686391342070027760765157932806912818981418983436869299634190320963673457266812984763765536778587537672335429876766562559347589950292065519697679175594847530234617927843710509205105069379660091856801782997886215504318244 0 0 0 0 0 0 0 0 0 0 0 0 0 0 0 0 0 0 0 0 0 0 0 0 0 0 0 0 0 0 0 0 0 0 0 0 0 0 0 0 0 0 0 0 0 0 0 0 0 0 0 0 0 0 0 0 0 0 0 0 0 0 0 0 0 0 0 0 0 0 0 0 0 0 0 0 0 0 0 0 0 0 0 0 0 0 0 0 0 0 0 0 0 0 0 0 0 0 0 0 0 0 0 0 0 0 1 0 0]
[6924276562259836927579801832391839231411931834070128046369109361486670597944334870031788782070091481376705788363089591783534053485828420266541978617673686225989823245379985128049629268356927590668434963865534076682625667906248540681193828395130064671186256174524889956584545603945630043591384852674474589174663164891357697769174464 0 0 0 0 0 0 0 0 0 0 0 0 0 0 0 0 0 0 0 0 0 0 0 0 0 0 0 0 0 0 0 0 0 0 0 0 0 0 0 0 0 0 0 0 0 0 0 0 0 0 0 0 0 0 0 0 0 0 0 0 0 0 0 0 0 0 0 0 0 0 0 0 0 0 0 0 0 0 0 0 0 0 0 0 0 0 0 0 0 0 0 0 0 0 0 0 0 0 0 0 0 0 0 0 0 0 0 1 0]
[5393377268269393988608980656554342157827147745927214051323864050760396351017421090309307665563248888218762837374460899119669681863883283094626768981709635623060895367161703192596732863792787706945974079325056778638467028139913126423944984236827468348042314891026820182710941880476992476999651115487251732138273859633222827016087621 0 0 0 0 0 0 0 0 0 0 0 0 0 0 0 0 0 0 0 0 0 0 0 0 0 0 0 0 0 0 0 0 0 0 0 0 0 0 0 0 0 0 0 0 0 0 0 0 0 0 0 0 0 0 0 0 0 0 0 0 0 0 0 0 0 0 0 0 0 0 0 0 0 0 0 0 0 0 0 0 0 0 0 0 0 0 0 0 0 0 0 0 0 0 0 0 0 0 0 0 0 0 0 0 0 0 0 0 1]
]
