[[2864849124613008385684300847984892159786225732314353775335322785997810908165020903558525495344905280520803951240438275796352249615281681975859269422425023978706997272933817085514968184671950320616950902200728743 0 0 0 0 0 0 0 0 0 0 0 0 0 0 0 0 0 0 0 0 0 0 0 0 0 0 0 0 0 0 0 0 0 0 0 0 0 0 0 0 0 0 0 0 0 0 0 0 0 0 0 0 0 0 0 0 0 0 0 0 0 0 0 0 0 0 0 0 0]
[573718867196339943467730422879633359870799872841662215583367133491435749068855967090105829609060755162223349422655925437155497022028648178082934281198625547492569781262249997246171528732496203675478851282422777 1 0 0 0 0 0 0 0 0 0 0 0 0 0 0 0 0 0 0 0 0 0 0 0 0 0 0 0 0 0 0 0 0 0 0 0 0 0 0 0 0 0 0 0 0 0 0 0 0 0 0 0 0 0 0 0 0 0 0 0 0 0 0 0 0 0 0 0 0]
[2203085889301405537120348012754108155643935727943796461100260669393701148514422232126788184947838768105304104336929729612393637312528398569232223319605638424887926841429860331616959187739327314278152554727127993 0 1 0 0 0 0 0 0 0 0 0 0 0 0 0 0 0 0 0 0 0 0 0 0 0 0 0 0 0 0 0 0 0 0 0 0 0 0 0 0 0 0 0 0 0 0 0 0 0 0 0 0 0 0 0 0 0 0 0 0 0 0 0 0 0 0 0 0 0]
[285574622752743109584021864023584268437698153171963861091892183626926900262663617532837118681158342043435380216417980851600023875796386478094387944796937662690303991697625093257020746061345102394078415579231369 0 0 1 0 0 0 0 0 0 0 0 0 0 0 0 0 0 0 0 0 0 0 0 0 0 0 0 0 0 0 0 0 0 0 0 0 0 0 0 0 0 0 0 0 0 0 0 0 0 0 0 0 0 0 0 0 0 0 0 0 0 0 0 0 0 0 0 0 0]
[2819515032891038280721637859623646276693434548120535525260780551144379687467647002966584557274755514239866244145072832673601292051532995094788880968558253348186082220912191456766601913045021497465383832659649652 0 0 0 1 0 0 0 0 0 0 0 0 0 0 0 0 0 0 0 0 0 0 0 0 0 0 0 0 0 0 0 0 0 0 0 0 0 0 0 0 0 0 0 0 0 0 0 0 0 0 0 0 0 0 0 0 0 0 0 0 0 0 0 0 0 0 0 0 0]
[1308847433049674500622625715588664209833806796256520090502479660150028258529437772006740073519292308530415218529941789654998099489736992002598771523683700522947348623298138953530542010862485121856408520847489932 0 0 0 0 1 0 0 0 0 0 0 0 0 0 0 0 0 0 0 0 0 0 0 0 0 0 0 0 0 0 0 0 0 0 0 0 0 0 0 0 0 0 0 0 0 0 0 0 0 0 0 0 0 0 0 0 0 0 0 0 0 0 0 0 0 0 0 0 0]
[1410920246978274375627449871139597820514629478188038028194541178423167987642521691974040285625333023152926260130514153805797694664987805509176067215348439496406825080349414477293835655716110669931880354099818425 0 0 0 0 0 1 0 0 0 0 0 0 0 0 0 0 0 0 0 0 0 0 0 0 0 0 0 0 0 0 0 0 0 0 0 0 0 0 0 0 0 0 0 0 0 0 0 0 0 0 0 0 0 0 0 0 0 0 0 0 0 0 0 0 0 0 0 0 0]
[1317803263922906132026671814701710758649042296491752050809149125787651016679250174542203113465478887001286242848248554767696237145458488357628232854438412534125302393030473611689181665062233822194474882073110718 0 0 0 0 0 0 1 0 0 0 0 0 0 0 0 0 0 0 0 0 0 0 0 0 0 0 0 0 0 0 0 0 0 0 0 0 0 0 0 0 0 0 0 0 0 0 0 0 0 0 0 0 0 0 0 0 0 0 0 0 0 0 0 0 0 0 0 0 0]
[1319572508443099857749446696305075046050168737448676297839998226203627809438351617070022879282623655569836191728131692050569781604334313357261408079520411748631080617950153407654712601347223722773112518649480214 0 0 0 0 0 0 0 1 0 0 0 0 0 0 0 0 0 0 0 0 0 0 0 0 0 0 0 0 0 0 0 0 0 0 0 0 0 0 0 0 0 0 0 0 0 0 0 0 0 0 0 0 0 0 0 0 0 0 0 0 0 0 0 0 0 0 0 0 0]
[1079598598056874320747120004195699321921698359816103362714711122976229487298726482475816669582370971916314930936884962301461462456016366871452132801137168485809806246741884737536596300109740147285553314040086178 0 0 0 0 0 0 0 0 1 0 0 0 0 0 0 0 0 0 0 0 0 0 0 0 0 0 0 0 0 0 0 0 0 0 0 0 0 0 0 0 0 0 0 0 0 0 0 0 0 0 0 0 0 0 0 0 0 0 0 0 0 0 0 0 0 0 0 0 0]
[2680850743073635927387776486758721394942945832156518208491752108493429106464473129812209781693857639973543419651480392930596763645329198216209246060941500055457250025739008027535879282492479628062501389790503168 0 0 0 0 0 0 0 0 0 1 0 0 0 0 0 0 0 0 0 0 0 0 0 0 0 0 0 0 0 0 0 0 0 0 0 0 0 0 0 0 0 0 0 0 0 0 0 0 0 0 0 0 0 0 0 0 0 0 0 0 0 0 0 0 0 0 0 0 0]
[2750656113973852902944138909959839946725359368724678021279408947918543383786504547729208331565302880036661604323874257703007510208071469974636685237875435702443017823591658397747566446598981822374964367911723118 0 0 0 0 0 0 0 0 0 0 1 0 0 0 0 0 0 0 0 0 0 0 0 0 0 0 0 0 0 0 0 0 0 0 0 0 0 0 0 0 0 0 0 0 0 0 0 0 0 0 0 0 0 0 0 0 0 0 0 0 0 0 0 0 0 0 0 0 0]
[2151251565291407357219864806623330990847102906094718730355551027579692554208125165470366170698301845067583988854843631100086696033399984064042163355304647434174451297692906113310595328000203208714073955415603988 0 0 0 0 0 0 0 0 0 0 0 1 0 0 0 0 0 0 0 0 0 0 0 0 0 0 0 0 0 0 0 0 0 0 0 0 0 0 0 0 0 0 0 0 0 0 0 0 0 0 0 0 0 0 0 0 0 0 0 0 0 0 0 0 0 0 0 0 0]
[2840887049311160403704747642681958543341547989487594123439528589432171026427867506567882746636824611130155556987077596830504635146731509773755934720554561538742911777503029139496627957139234196939492911247642686 0 0 0 0 0 0 0 0 0 0 0 0 1 0 0 0 0 0 0 0 0 0 0 0 0 0 0 0 0 0 0 0 0 0 0 0 0 0 0 0 0 0 0 0 0 0 0 0 0 0 0 0 0 0 0 0 0 0 0 0 0 0 0 0 0 0 0 0 0]
[324881843951457611841034606919033311591049504405532332580883374586618796922537629128258974126342770103725317696756262995483607723114000538802033841469398450271821880098589510435047670433438858648475695799049121 0 0 0 0 0 0 0 0 0 0 0 0 0 1 0 0 0 0 0 0 0 0 0 0 0 0 0 0 0 0 0 0 0 0 0 0 0 0 0 0 0 0 0 0 0 0 0 0 0 0 0 0 0 0 0 0 0 0 0 0 0 0 0 0 0 0 0 0 0]
[2312526553920314557551829930258261382841721962719297135474083365932583724605862216807643382374390226063218286823225093232534496812180640946055003828756168209042786256228240708770608119412575068853376925751315610 0 0 0 0 0 0 0 0 0 0 0 0 0 0 1 0 0 0 0 0 0 0 0 0 0 0 0 0 0 0 0 0 0 0 0 0 0 0 0 0 0 0 0 0 0 0 0 0 0 0 0 0 0 0 0 0 0 0 0 0 0 0 0 0 0 0 0 0 0]
[2140079805036482623020680767499282635111856754453646273219799730046521207068763181723052983021381319591153097292270839219003336729174866165130123813297018834388299822122515928710895939592253063570496832681470447 0 0 0 0 0 0 0 0 0 0 0 0 0 0 0 1 0 0 0 0 0 0 0 0 0 0 0 0 0 0 0 0 0 0 0 0 0 0 0 0 0 0 0 0 0 0 0 0 0 0 0 0 0 0 0 0 0 0 0 0 0 0 0 0 0 0 0 0 0]
[2667745295683673559834533958420633375320656115897064296575650218648510166777285046242762202065936602648084350390204703653590066245517835516417541071707995121377042110207641967087600745138757054944803100495760574 0 0 0 0 0 0 0 0 0 0 0 0 0 0 0 0 1 0 0 0 0 0 0 0 0 0 0 0 0 0 0 0 0 0 0 0 0 0 0 0 0 0 0 0 0 0 0 0 0 0 0 0 0 0 0 0 0 0 0 0 0 0 0 0 0 0 0 0 0]
[1923409819995509102965235326648711398473814423880995517191535663763112970915037876803328940784675078847626379048340518146975808050252762835089469586757974000043851959718391902912847308156303269740191695673567059 0 0 0 0 0 0 0 0 0 0 0 0 0 0 0 0 0 1 0 0 0 0 0 0 0 0 0 0 0 0 0 0 0 0 0 0 0 0 0 0 0 0 0 0 0 0 0 0 0 0 0 0 0 0 0 0 0 0 0 0 0 0 0 0 0 0 0 0 0]
[1624860076887741116338372305632934377295494973122313474846602471215275281408203125927227180647136987546738324854680869847522349945907595380454235094667693746297750248397807190780418387447618290855302385380114367 0 0 0 0 0 0 0 0 0 0 0 0 0 0 0 0 0 0 1 0 0 0 0 0 0 0 0 0 0 0 0 0 0 0 0 0 0 0 0 0 0 0 0 0 0 0 0 0 0 0 0 0 0 0 0 0 0 0 0 0 0 0 0 0 0 0 0 0 0]
[605472154293273463058610579461481136219948169004869782416494653870528165250449852644089714482812781356056275173046471754293710702060108080247559748290014658292465957005284307214532623391658134946032409319319370 0 0 0 0 0 0 0 0 0 0 0 0 0 0 0 0 0 0 0 1 0 0 0 0 0 0 0 0 0 0 0 0 0 0 0 0 0 0 0 0 0 0 0 0 0 0 0 0 0 0 0 0 0 0 0 0 0 0 0 0 0 0 0 0 0 0 0 0 0]
[2303979005848696694173071249470345983551282068585416954375332612943876283262577183417301537314983912021387406712307078546155775788212143192339923458943770986008458074352836144243424071964766141223057331338437948 0 0 0 0 0 0 0 0 0 0 0 0 0 0 0 0 0 0 0 0 1 0 0 0 0 0 0 0 0 0 0 0 0 0 0 0 0 0 0 0 0 0 0 0 0 0 0 0 0 0 0 0 0 0 0 0 0 0 0 0 0 0 0 0 0 0 0 0 0]
[1073500125507901257634778488384154719120797639887924427677545073448542466761255254744203800776172193513711083107688404595515242518997148975613224526913964586070040852358709233947313795242309906181561937805836828 0 0 0 0 0 0 0 0 0 0 0 0 0 0 0 0 0 0 0 0 0 1 0 0 0 0 0 0 0 0 0 0 0 0 0 0 0 0 0 0 0 0 0 0 0 0 0 0 0 0 0 0 0 0 0 0 0 0 0 0 0 0 0 0 0 0 0 0 0]
[1001961426243047628119692268316543153138481651046491285140685639693174773784189565301211747157077196663491524018488072041200225469604447265418049255291366488047478515913938670650338985872110368032001784304911848 0 0 0 0 0 0 0 0 0 0 0 0 0 0 0 0 0 0 0 0 0 0 1 0 0 0 0 0 0 0 0 0 0 0 0 0 0 0 0 0 0 0 0 0 0 0 0 0 0 0 0 0 0 0 0 0 0 0 0 0 0 0 0 0 0 0 0 0 0]
[1472600634160880049851458233529422587988293255484974451788105607078673298971008686495464455799016860460739936029307668865073462337981320675777821504340327627958144576586706690134031724346858849871015890452033453 0 0 0 0 0 0 0 0 0 0 0 0 0 0 0 0 0 0 0 0 0 0 0 1 0 0 0 0 0 0 0 0 0 0 0 0 0 0 0 0 0 0 0 0 0 0 0 0 0 0 0 0 0 0 0 0 0 0 0 0 0 0 0 0 0 0 0 0 0]
[2433036573233671441513520982908673684322865483179235381764772487489466414257045663638238857221921608448436959276749268078564820533978686629741090137135007780473495539148550861461841664212231651853853038866136851 0 0 0 0 0 0 0 0 0 0 0 0 0 0 0 0 0 0 0 0 0 0 0 0 1 0 0 0 0 0 0 0 0 0 0 0 0 0 0 0 0 0 0 0 0 0 0 0 0 0 0 0 0 0 0 0 0 0 0 0 0 0 0 0 0 0 0 0 0]
[277377160786072117365474906019880062640687336797596826968692815887398923421226154289226741210934672102862050247407019870545473743649839430851405618879302032631154424819601365502067619570657138041573212247072363 0 0 0 0 0 0 0 0 0 0 0 0 0 0 0 0 0 0 0 0 0 0 0 0 0 1 0 0 0 0 0 0 0 0 0 0 0 0 0 0 0 0 0 0 0 0 0 0 0 0 0 0 0 0 0 0 0 0 0 0 0 0 0 0 0 0 0 0 0]
[3207296894131939704436158323326977951654456296894904668951965471891271162582738623165873457668910300461903462069466654750460714987408786998525218435517852085101486819181530189393933617384217589647573975055931 0 0 0 0 0 0 0 0 0 0 0 0 0 0 0 0 0 0 0 0 0 0 0 0 0 0 1 0 0 0 0 0 0 0 0 0 0 0 0 0 0 0 0 0 0 0 0 0 0 0 0 0 0 0 0 0 0 0 0 0 0 0 0 0 0 0 0 0 0]
[2378902423207817767611730372398128748277355966529172114379375242601726313115666152808311506906276841502823018130901479061026057458894224065392410434635835707981926299987246407473068470519990750025833196521487248 0 0 0 0 0 0 0 0 0 0 0 0 0 0 0 0 0 0 0 0 0 0 0 0 0 0 0 1 0 0 0 0 0 0 0 0 0 0 0 0 0 0 0 0 0 0 0 0 0 0 0 0 0 0 0 0 0 0 0 0 0 0 0 0 0 0 0 0 0]
[1258229492804151543719856721773816396428701514953586253233044189355510346328772865681264786363394761907119262801680348370153419910120421460730874861600569949071592149673413382286042788388611403658687624981213999 0 0 0 0 0 0 0 0 0 0 0 0 0 0 0 0 0 0 0 0 0 0 0 0 0 0 0 0 1 0 0 0 0 0 0 0 0 0 0 0 0 0 0 0 0 0 0 0 0 0 0 0 0 0 0 0 0 0 0 0 0 0 0 0 0 0 0 0 0]
[1901255009204900849141944727456595306149955035910622908197312503297377059537835485007103881045049116851173958223760058647227796947788946120846347268338417071795511195685680055317279915043587499436443655115543205 0 0 0 0 0 0 0 0 0 0 0 0 0 0 0 0 0 0 0 0 0 0 0 0 0 0 0 0 0 1 0 0 0 0 0 0 0 0 0 0 0 0 0 0 0 0 0 0 0 0 0 0 0 0 0 0 0 0 0 0 0 0 0 0 0 0 0 0 0]
[1095900176709348245525617522033433414279322631466639525481043141545907412116828421449800241285731865170585297941370215666156154900814014013018592077994383735968074347959072382711785335987059920304031933026801930 0 0 0 0 0 0 0 0 0 0 0 0 0 0 0 0 0 0 0 0 0 0 0 0 0 0 0 0 0 0 1 0 0 0 0 0 0 0 0 0 0 0 0 0 0 0 0 0 0 0 0 0 0 0 0 0 0 0 0 0 0 0 0 0 0 0 0 0 0]
[542779252575583093761934497286730989397734421961686173122549365793695827186457340520092764247522568338695398546862204821371856586885166577745009396035228882727412970128776368567254089818880923635596606530165995 0 0 0 0 0 0 0 0 0 0 0 0 0 0 0 0 0 0 0 0 0 0 0 0 0 0 0 0 0 0 0 1 0 0 0 0 0 0 0 0 0 0 0 0 0 0 0 0 0 0 0 0 0 0 0 0 0 0 0 0 0 0 0 0 0 0 0 0 0]
[1041972392260003611951656951989193445284319004468427566676023317107029620895724441801443442000673215860964393057560092907302917925851863207507797661687991979145735126001668330849178682281523822928124997187870641 0 0 0 0 0 0 0 0 0 0 0 0 0 0 0 0 0 0 0 0 0 0 0 0 0 0 0 0 0 0 0 0 1 0 0 0 0 0 0 0 0 0 0 0 0 0 0 0 0 0 0 0 0 0 0 0 0 0 0 0 0 0 0 0 0 0 0 0 0]
[1036430860175745083574667952464606623909869409292946880408367035695451538744312959849001565334980314704167179648662787575623446312210802856259672595428751830809131740970548143554846749008756028205578578263504533 0 0 0 0 0 0 0 0 0 0 0 0 0 0 0 0 0 0 0 0 0 0 0 0 0 0 0 0 0 0 0 0 0 1 0 0 0 0 0 0 0 0 0 0 0 0 0 0 0 0 0 0 0 0 0 0 0 0 0 0 0 0 0 0 0 0 0 0 0]
[1780519035579365196875353576816511023047929413371802525873987408346992694660054170901312110478013656126575570379475018522482100498223590584726018653402137270491314088103779204455244155585409395592969311355607489 0 0 0 0 0 0 0 0 0 0 0 0 0 0 0 0 0 0 0 0 0 0 0 0 0 0 0 0 0 0 0 0 0 0 1 0 0 0 0 0 0 0 0 0 0 0 0 0 0 0 0 0 0 0 0 0 0 0 0 0 0 0 0 0 0 0 0 0 0]
[2149499567741353212343696349411869786874754549653468649649652886463590084947716335204216901949879233269277602925549903497710858861200161169558730659635755542643878447844880237033602208315514227147176961594875866 0 0 0 0 0 0 0 0 0 0 0 0 0 0 0 0 0 0 0 0 0 0 0 0 0 0 0 0 0 0 0 0 0 0 0 1 0 0 0 0 0 0 0 0 0 0 0 0 0 0 0 0 0 0 0 0 0 0 0 0 0 0 0 0 0 0 0 0 0]
[808094661334232089079403471631449290054153415524835052092568355155635983797282819391854813260272548896239129760149338285543458610509877568617851797981636474468128414746667950187396699257266674220506707177672023 0 0 0 0 0 0 0 0 0 0 0 0 0 0 0 0 0 0 0 0 0 0 0 0 0 0 0 0 0 0 0 0 0 0 0 0 1 0 0 0 0 0 0 0 0 0 0 0 0 0 0 0 0 0 0 0 0 0 0 0 0 0 0 0 0 0 0 0 0]
[2760332061714821830627721996838107816461778261250797593467658748571592209078198840325400623457738157699907401353871031601975650887322607349428991443986043876516684407718715387886244228500316578921137100348425459 0 0 0 0 0 0 0 0 0 0 0 0 0 0 0 0 0 0 0 0 0 0 0 0 0 0 0 0 0 0 0 0 0 0 0 0 0 1 0 0 0 0 0 0 0 0 0 0 0 0 0 0 0 0 0 0 0 0 0 0 0 0 0 0 0 0 0 0 0]
[1601671803121809597792600271325109345320227945558462840689990805016169374832282621654506909227369798996760652998960423580338778128675704071645561959087132015486883722567930969563108987140644151447665529642465039 0 0 0 0 0 0 0 0 0 0 0 0 0 0 0 0 0 0 0 0 0 0 0 0 0 0 0 0 0 0 0 0 0 0 0 0 0 0 1 0 0 0 0 0 0 0 0 0 0 0 0 0 0 0 0 0 0 0 0 0 0 0 0 0 0 0 0 0 0]
[391805544688786034901894809883189989598738153285885870205045137275131412371250944172578019568596583843790696222167941863541023110355609896825453357682547828127491060003859784845358773673351747768528902644853894 0 0 0 0 0 0 0 0 0 0 0 0 0 0 0 0 0 0 0 0 0 0 0 0 0 0 0 0 0 0 0 0 0 0 0 0 0 0 0 1 0 0 0 0 0 0 0 0 0 0 0 0 0 0 0 0 0 0 0 0 0 0 0 0 0 0 0 0 0]
[1725324562508314489082176561158575264146719872327168895079317392684892171180463900465981883743862938072800437587312507172647112371874614030137779746139679982771668987728938045071856639670590438593126269004812488 0 0 0 0 0 0 0 0 0 0 0 0 0 0 0 0 0 0 0 0 0 0 0 0 0 0 0 0 0 0 0 0 0 0 0 0 0 0 0 0 1 0 0 0 0 0 0 0 0 0 0 0 0 0 0 0 0 0 0 0 0 0 0 0 0 0 0 0 0]
[774363903328534472388363922755476144701778769527703282056896675028966362104307524294357659115075885128977636079137775442058366509175091075752847015494882519907804536187618103540845279909820386686840225203156321 0 0 0 0 0 0 0 0 0 0 0 0 0 0 0 0 0 0 0 0 0 0 0 0 0 0 0 0 0 0 0 0 0 0 0 0 0 0 0 0 0 1 0 0 0 0 0 0 0 0 0 0 0 0 0 0 0 0 0 0 0 0 0 0 0 0 0 0 0]
[2090494892372876578637007648172899276901293365202365096840210711531571740447252673164524535251466832086066150389823989228375678928909490051484890441722111343675476061231577723781624525218844488879131660422866049 0 0 0 0 0 0 0 0 0 0 0 0 0 0 0 0 0 0 0 0 0 0 0 0 0 0 0 0 0 0 0 0 0 0 0 0 0 0 0 0 0 0 1 0 0 0 0 0 0 0 0 0 0 0 0 0 0 0 0 0 0 0 0 0 0 0 0 0 0]
[373969455986474121087221172439926470311373856182375647320239646317010448332771843489813472988680812672585284972199032075595003471695517401988875041631441948263054977274959751708493475592490225751669155215238081 0 0 0 0 0 0 0 0 0 0 0 0 0 0 0 0 0 0 0 0 0 0 0 0 0 0 0 0 0 0 0 0 0 0 0 0 0 0 0 0 0 0 0 1 0 0 0 0 0 0 0 0 0 0 0 0 0 0 0 0 0 0 0 0 0 0 0 0 0]
[1541155909114914696284678802211703533978398673159327890716513685108315442063688545192967646498660412838587408115335960273797174834863868244728302675368800649735826208323656224042623493380020760434877031389879501 0 0 0 0 0 0 0 0 0 0 0 0 0 0 0 0 0 0 0 0 0 0 0 0 0 0 0 0 0 0 0 0 0 0 0 0 0 0 0 0 0 0 0 0 1 0 0 0 0 0 0 0 0 0 0 0 0 0 0 0 0 0 0 0 0 0 0 0 0]
[891893505114470168358297088474456164449569024880083191014341005344774799623530520240154219285568894480720930732458999523204798600478930466368645607846440327506785003199296722619735032348914272290229835695761101 0 0 0 0 0 0 0 0 0 0 0 0 0 0 0 0 0 0 0 0 0 0 0 0 0 0 0 0 0 0 0 0 0 0 0 0 0 0 0 0 0 0 0 0 0 1 0 0 0 0 0 0 0 0 0 0 0 0 0 0 0 0 0 0 0 0 0 0 0]
[797481263836068849530636581565161777337805782939413780011764359023462170479752454810240951372624294047509342808686888616684883899770576721993199823470803678701743907180144364679446209354556892319076328270672775 0 0 0 0 0 0 0 0 0 0 0 0 0 0 0 0 0 0 0 0 0 0 0 0 0 0 0 0 0 0 0 0 0 0 0 0 0 0 0 0 0 0 0 0 0 0 1 0 0 0 0 0 0 0 0 0 0 0 0 0 0 0 0 0 0 0 0 0 0]
[1365249153091860801627695639726428878435395546544179710329447996057941090209215817411784019042996902221379003798155547817457297633987432420011186713882476845351086403378794416899522983571952984062237150280443477 0 0 0 0 0 0 0 0 0 0 0 0 0 0 0 0 0 0 0 0 0 0 0 0 0 0 0 0 0 0 0 0 0 0 0 0 0 0 0 0 0 0 0 0 0 0 0 1 0 0 0 0 0 0 0 0 0 0 0 0 0 0 0 0 0 0 0 0 0]
[1939711715966545192878126967018678664708072030436781098842309489498884875908356637522624358181288313030376058385129197155095096788129223623279421966453987915595043127089745563260541075765948330766195160816479435 0 0 0 0 0 0 0 0 0 0 0 0 0 0 0 0 0 0 0 0 0 0 0 0 0 0 0 0 0 0 0 0 0 0 0 0 0 0 0 0 0 0 0 0 0 0 0 0 1 0 0 0 0 0 0 0 0 0 0 0 0 0 0 0 0 0 0 0 0]
[2513416623724580766447249584645432280072071234219857711586209487433467776743137490189244554012771912435961826152453662146624901535973159006665671725388141752083831806497502729096931718323191429621888315069574844 0 0 0 0 0 0 0 0 0 0 0 0 0 0 0 0 0 0 0 0 0 0 0 0 0 0 0 0 0 0 0 0 0 0 0 0 0 0 0 0 0 0 0 0 0 0 0 0 0 1 0 0 0 0 0 0 0 0 0 0 0 0 0 0 0 0 0 0 0]
[2684974572146365654645199694597867810624484124401387075236191101383515590549366785233396478778393787265683170163183192865641068348766473887076674329629646347007405500379720714456710508237694536188528416456172108 0 0 0 0 0 0 0 0 0 0 0 0 0 0 0 0 0 0 0 0 0 0 0 0 0 0 0 0 0 0 0 0 0 0 0 0 0 0 0 0 0 0 0 0 0 0 0 0 0 0 1 0 0 0 0 0 0 0 0 0 0 0 0 0 0 0 0 0 0]
[1669937067299546419807654482442599347962112418683055700389289176624898382927753530879677852446898879764571168326306453702658836568354830740843693929780257118581124216450602613237946523525432207225107810484624686 0 0 0 0 0 0 0 0 0 0 0 0 0 0 0 0 0 0 0 0 0 0 0 0 0 0 0 0 0 0 0 0 0 0 0 0 0 0 0 0 0 0 0 0 0 0 0 0 0 0 0 1 0 0 0 0 0 0 0 0 0 0 0 0 0 0 0 0 0]
[153635063273608505737613727065329208326690461098216244283868522811997280180105395903302200789775711409958215990102701923895543679469428507591219481497243798000426214270636547382812423497295242762217754218906409 0 0 0 0 0 0 0 0 0 0 0 0 0 0 0 0 0 0 0 0 0 0 0 0 0 0 0 0 0 0 0 0 0 0 0 0 0 0 0 0 0 0 0 0 0 0 0 0 0 0 0 0 1 0 0 0 0 0 0 0 0 0 0 0 0 0 0 0 0]
[1890129689432783003228459618533472200299409528295625856910269271152224416001739045257729543382109672050352640473243746949099822918532658006547841362272619760998800647652196201111830263424142154125245039151398580 0 0 0 0 0 0 0 0 0 0 0 0 0 0 0 0 0 0 0 0 0 0 0 0 0 0 0 0 0 0 0 0 0 0 0 0 0 0 0 0 0 0 0 0 0 0 0 0 0 0 0 0 0 1 0 0 0 0 0 0 0 0 0 0 0 0 0 0 0]
[1743088752756198903382772606319726165477815250842784465243447984690426583399606819928931460324362987545808719926712802113858657052184445434926261126141611765757011306563662826132323412784990436660202311811725153 0 0 0 0 0 0 0 0 0 0 0 0 0 0 0 0 0 0 0 0 0 0 0 0 0 0 0 0 0 0 0 0 0 0 0 0 0 0 0 0 0 0 0 0 0 0 0 0 0 0 0 0 0 0 1 0 0 0 0 0 0 0 0 0 0 0 0 0 0]
[2046716170179954202297927616295549730530769003179443343382277929472444285874421518353503946925697978669215775694316577002713737570561782126118278830178217025984840033146512413913624080502396320787830222070356539 0 0 0 0 0 0 0 0 0 0 0 0 0 0 0 0 0 0 0 0 0 0 0 0 0 0 0 0 0 0 0 0 0 0 0 0 0 0 0 0 0 0 0 0 0 0 0 0 0 0 0 0 0 0 0 1 0 0 0 0 0 0 0 0 0 0 0 0 0]
[180460477104079926052210735025332048469520090193216555447315626330557476424573791081071193555357396989656016461507560375426604162961266920488268238862813433721075278525974193861378484593631560256511482325396103 0 0 0 0 0 0 0 0 0 0 0 0 0 0 0 0 0 0 0 0 0 0 0 0 0 0 0 0 0 0 0 0 0 0 0 0 0 0 0 0 0 0 0 0 0 0 0 0 0 0 0 0 0 0 0 0 1 0 0 0 0 0 0 0 0 0 0 0 0]
[2310064883915735390296143478668112168266131027709075091328849928741649146444187727797656808941209392254789460969477326788127287968001613755531495627893000378658126540067254591023657238978761356990129809485924743 0 0 0 0 0 0 0 0 0 0 0 0 0 0 0 0 0 0 0 0 0 0 0 0 0 0 0 0 0 0 0 0 0 0 0 0 0 0 0 0 0 0 0 0 0 0 0 0 0 0 0 0 0 0 0 0 0 1 0 0 0 0 0 0 0 0 0 0 0]
[2664885584613052591529331070470160731245752679250953820813882592374948064115770258071199116752193686410627001067336290524977542433502086066456563060070073585561770511747501153467838138774446815494975312180007827 0 0 0 0 0 0 0 0 0 0 0 0 0 0 0 0 0 0 0 0 0 0 0 0 0 0 0 0 0 0 0 0 0 0 0 0 0 0 0 0 0 0 0 0 0 0 0 0 0 0 0 0 0 0 0 0 0 0 1 0 0 0 0 0 0 0 0 0 0]
[2520352812478544229075990885521127743506334984534463959729416168757342788098704811873438271799828889003536336521383537741247555071145474699782086685716047332044686843549898337480428644191614347460726497981136681 0 0 0 0 0 0 0 0 0 0 0 0 0 0 0 0 0 0 0 0 0 0 0 0 0 0 0 0 0 0 0 0 0 0 0 0 0 0 0 0 0 0 0 0 0 0 0 0 0 0 0 0 0 0 0 0 0 0 0 1 0 0 0 0 0 0 0 0 0]
[905606038220384659433616524517098404932382192181632279898903617759728329845945709368211271585552405509308320489734991400728781087784492812804396462719993876043239328388531232619389656326627981698542434964425502 0 0 0 0 0 0 0 0 0 0 0 0 0 0 0 0 0 0 0 0 0 0 0 0 0 0 0 0 0 0 0 0 0 0 0 0 0 0 0 0 0 0 0 0 0 0 0 0 0 0 0 0 0 0 0 0 0 0 0 0 1 0 0 0 0 0 0 0 0]
[419767271524874849789860807049377587567711975278148812421761298717313361312249727581067850597617781739728177742937737608458093180237160731733560846766700541012793515815546729210333831304117178789237497443857534 0 0 0 0 0 0 0 0 0 0 0 0 0 0 0 0 0 0 0 0 0 0 0 0 0 0 0 0 0 0 0 0 0 0 0 0 0 0 0 0 0 0 0 0 0 0 0 0 0 0 0 0 0 0 0 0 0 0 0 0 0 1 0 0 0 0 0 0 0]
[2365840821326506989278904434549499459935486203554087734447605780838976621138390758105736367269191964628054604961877635990923974738520854385400608918907704182612458394352707998686527851029923211798739432078005169 0 0 0 0 0 0 0 0 0 0 0 0 0 0 0 0 0 0 0 0 0 0 0 0 0 0 0 0 0 0 0 0 0 0 0 0 0 0 0 0 0 0 0 0 0 0 0 0 0 0 0 0 0 0 0 0 0 0 0 0 0 0 1 0 0 0 0 0 0]
[623345093957201631708500073560487225827727242150452993020820049338011373421465551159193350632072331238186112791862638181727599618897276879352522654572852303119600933626658841455456019799557172859930188023688836 0 0 0 0 0 0 0 0 0 0 0 0 0 0 0 0 0 0 0 0 0 0 0 0 0 0 0 0 0 0 0 0 0 0 0 0 0 0 0 0 0 0 0 0 0 0 0 0 0 0 0 0 0 0 0 0 0 0 0 0 0 0 0 1 0 0 0 0 0]
[2229853591745221609021364614808778260691909501248442767105162831733594660257089062974071693779235724855321296992028651982480353436311283180311590732653996968405304780301093737869366956358407704755340107271134194 0 0 0 0 0 0 0 0 0 0 0 0 0 0 0 0 0 0 0 0 0 0 0 0 0 0 0 0 0 0 0 0 0 0 0 0 0 0 0 0 0 0 0 0 0 0 0 0 0 0 0 0 0 0 0 0 0 0 0 0 0 0 0 0 1 0 0 0 0]
[1728826706243757190270319797439549009958947102437371239074587053765711946977008239988671794961327037054584584209565785365208258748461503406341847763723580231671009316341443625173613216058150964212847172286440566 0 0 0 0 0 0 0 0 0 0 0 0 0 0 0 0 0 0 0 0 0 0 0 0 0 0 0 0 0 0 0 0 0 0 0 0 0 0 0 0 0 0 0 0 0 0 0 0 0 0 0 0 0 0 0 0 0 0 0 0 0 0 0 0 0 1 0 0 0]
[1057359991327875014904735034549518414821697215861887019771772747285792583619950988286405905754515757950372542933004561704271585495492732846344934885669599593777256627511776564878052148562384688035048091123219654 0 0 0 0 0 0 0 0 0 0 0 0 0 0 0 0 0 0 0 0 0 0 0 0 0 0 0 0 0 0 0 0 0 0 0 0 0 0 0 0 0 0 0 0 0 0 0 0 0 0 0 0 0 0 0 0 0 0 0 0 0 0 0 0 0 0 1 0 0]
[829486562381924534337745192569675359026455508217503122578372917841202429060220849719029274930657829174774304110363723736625564865839173413746154279571871551863517166539402108650733719188691525557440215455463838 0 0 0 0 0 0 0 0 0 0 0 0 0 0 0 0 0 0 0 0 0 0 0 0 0 0 0 0 0 0 0 0 0 0 0 0 0 0 0 0 0 0 0 0 0 0 0 0 0 0 0 0 0 0 0 0 0 0 0 0 0 0 0 0 0 0 0 1 0]
[1999711139731267372308766265004896978703898568864775450119196996173560143271050140038091782341771209719370751565585871850644108084430892807375252590499427431421552465940261492814493415775713731642409122927210281 0 0 0 0 0 0 0 0 0 0 0 0 0 0 0 0 0 0 0 0 0 0 0 0 0 0 0 0 0 0 0 0 0 0 0 0 0 0 0 0 0 0 0 0 0 0 0 0 0 0 0 0 0 0 0 0 0 0 0 0 0 0 0 0 0 0 0 0 1]
]
