[[4140235387122138827943167111582776148117569529170213891811308408710828096756694049126311767315417664741908012215601173041174710473029566792914698191568577201473659541510823023075121 0 0 0 0 0 0 0 0 0 0 0 0 0 0 0 0 0 0 0 0 0 0 0 0 0 0 0 0 0 0 0 0 0 0 0 0 0 0 0 0 0 0 0 0 0 0 0 0 0 0 0 0 0 0 0 0 0 0 0]
[3269357127738248236688179702498990115511647348931084359515934014724956921878213841207070623766143225433019516801395725855035999483801763220630332907766245602299422268798190316579285 1 0 0 0 0 0 0 0 0 0 0 0 0 0 0 0 0 0 0 0 0 0 0 0 0 0 0 0 0 0 0 0 0 0 0 0 0 0 0 0 0 0 0 0 0 0 0 0 0 0 0 0 0 0 0 0 0 0 0]
[59456259806370856257667690130989926943106850419937220494152898678929557767842523387007806742342759281058030861714016507542252801898665952136703873486179424675449363431923436428688 0 1 0 0 0 0 0 0 0 0 0 0 0 0 0 0 0 0 0 0 0 0 0 0 0 0 0 0 0 0 0 0 0 0 0 0 0 0 0 0 0 0 0 0 0 0 0 0 0 0 0 0 0 0 0 0 0 0 0]
[2048940200436444970995319347356829142769357782416640506049070025574776585442034440464504341612020106556154641423702644515629467540525292957089082081080688791735358272417960002552260 0 0 1 0 0 0 0 0 0 0 0 0 0 0 0 0 0 0 0 0 0 0 0 0 0 0 0 0 0 0 0 0 0 0 0 0 0 0 0 0 0 0 0 0 0 0 0 0 0 0 0 0 0 0 0 0 0 0 0]
[3166185795779561624461227215978412701145756149044912341208761005675089000184209644889545558669149162312043722650999711069671228807858790612180737635389780325650875139038231857962959 0 0 0 1 0 0 0 0 0 0 0 0 0 0 0 0 0 0 0 0 0 0 0 0 0 0 0 0 0 0 0 0 0 0 0 0 0 0 0 0 0 0 0 0 0 0 0 0 0 0 0 0 0 0 0 0 0 0 0]
[1683592604119784947459718912182691641800065069702682284832403166077516280953823175791512642894039046432832469855193149239259646280585258704887237618783841038719942051491751781831658 0 0 0 0 1 0 0 0 0 0 0 0 0 0 0 0 0 0 0 0 0 0 0 0 0 0 0 0 0 0 0 0 0 0 0 0 0 0 0 0 0 0 0 0 0 0 0 0 0 0 0 0 0 0 0 0 0 0 0]
[471628805117584860799263975479811554535423443340401434218858341002162442391556285055332503144778864656873298424634336193634503528675605689213673868997910236764406074039438226054301 0 0 0 0 0 1 0 0 0 0 0 0 0 0 0 0 0 0 0 0 0 0 0 0 0 0 0 0 0 0 0 0 0 0 0 0 0 0 0 0 0 0 0 0 0 0 0 0 0 0 0 0 0 0 0 0 0 0 0]
[1793799573216041063708069920397647043403721759346370643395183721829902824749376123922558411361875270776536775442333922778004708421775201388115349221132512281532007912331983301608332 0 0 0 0 0 0 1 0 0 0 0 0 0 0 0 0 0 0 0 0 0 0 0 0 0 0 0 0 0 0 0 0 0 0 0 0 0 0 0 0 0 0 0 0 0 0 0 0 0 0 0 0 0 0 0 0 0 0 0]
[100492629863819634201378415210723522969863393146811968089607313059294109991831272012019530375957684311338823767721907856874641444006813276376392259264759018063537137282959537941074 0 0 0 0 0 0 0 1 0 0 0 0 0 0 0 0 0 0 0 0 0 0 0 0 0 0 0 0 0 0 0 0 0 0 0 0 0 0 0 0 0 0 0 0 0 0 0 0 0 0 0 0 0 0 0 0 0 0 0]
[609261381047402169246924342390819450817208405568527245689446476509240813702583995487164506437998529539819300406250202203077037213464500472160641189685453641191904211431534575775320 0 0 0 0 0 0 0 0 1 0 0 0 0 0 0 0 0 0 0 0 0 0 0 0 0 0 0 0 0 0 0 0 0 0 0 0 0 0 0 0 0 0 0 0 0 0 0 0 0 0 0 0 0 0 0 0 0 0 0]
[3208425626500386137769210011688789853725253138156077629573955892940464327912704984050636765121321383611801550562962879155109950725111058930231985088349921767093973930453020082907680 0 0 0 0 0 0 0 0 0 1 0 0 0 0 0 0 0 0 0 0 0 0 0 0 0 0 0 0 0 0 0 0 0 0 0 0 0 0 0 0 0 0 0 0 0 0 0 0 0 0 0 0 0 0 0 0 0 0 0]
[2738363537975355255208059693026929214621191477174166932863572814047976487639004956306122734604245331046419301219555783193813759379825771622632120176756542616517514045966863445890314 0 0 0 0 0 0 0 0 0 0 1 0 0 0 0 0 0 0 0 0 0 0 0 0 0 0 0 0 0 0 0 0 0 0 0 0 0 0 0 0 0 0 0 0 0 0 0 0 0 0 0 0 0 0 0 0 0 0 0]
[3691560717225101939440292726993748010568915431582841687050261361956965813858201498502248472162627520196007245269426350726578512610513043657464281307311075841893777118707464809040558 0 0 0 0 0 0 0 0 0 0 0 1 0 0 0 0 0 0 0 0 0 0 0 0 0 0 0 0 0 0 0 0 0 0 0 0 0 0 0 0 0 0 0 0 0 0 0 0 0 0 0 0 0 0 0 0 0 0 0]
[3958705804740653857097829576578785681800736014751908793474831351836511633953442099921193332251436553894285458519330767817658387772729134964738227397170551901895782259360952844698371 0 0 0 0 0 0 0 0 0 0 0 0 1 0 0 0 0 0 0 0 0 0 0 0 0 0 0 0 0 0 0 0 0 0 0 0 0 0 0 0 0 0 0 0 0 0 0 0 0 0 0 0 0 0 0 0 0 0 0]
[3287441421783549653553212024044348862733697378566093269337647664235552113578762605636088191795248374978128009746485013085970238558523439190151946908812528350450086563799911730522002 0 0 0 0 0 0 0 0 0 0 0 0 0 1 0 0 0 0 0 0 0 0 0 0 0 0 0 0 0 0 0 0 0 0 0 0 0 0 0 0 0 0 0 0 0 0 0 0 0 0 0 0 0 0 0 0 0 0 0]
[905735537604222914505829128964208002290445456655924923666677037266447436929943962594793138350269704249639365942275618056165911681791040295004788311791983303557371969074029563492724 0 0 0 0 0 0 0 0 0 0 0 0 0 0 1 0 0 0 0 0 0 0 0 0 0 0 0 0 0 0 0 0 0 0 0 0 0 0 0 0 0 0 0 0 0 0 0 0 0 0 0 0 0 0 0 0 0 0 0]
[3293304824401532151139223445562382145478415333036844182129832567440757554453747028535678035298254500541685179092592271295692986865379936896474334377517985907622170104108138733754328 0 0 0 0 0 0 0 0 0 0 0 0 0 0 0 1 0 0 0 0 0 0 0 0 0 0 0 0 0 0 0 0 0 0 0 0 0 0 0 0 0 0 0 0 0 0 0 0 0 0 0 0 0 0 0 0 0 0 0]
[2271359251062514278677260436192074872868611105303379956071022835269730617085582519024694639225546466971080456097496330086248036476502094004919858867730591052760004479921332752353052 0 0 0 0 0 0 0 0 0 0 0 0 0 0 0 0 1 0 0 0 0 0 0 0 0 0 0 0 0 0 0 0 0 0 0 0 0 0 0 0 0 0 0 0 0 0 0 0 0 0 0 0 0 0 0 0 0 0 0]
[2301074315368176019391727618273580454728891651417569360258138405577380136028186860298106705106039678376187550560123702542616266502003113247831094028752798425719557016473112438540771 0 0 0 0 0 0 0 0 0 0 0 0 0 0 0 0 0 1 0 0 0 0 0 0 0 0 0 0 0 0 0 0 0 0 0 0 0 0 0 0 0 0 0 0 0 0 0 0 0 0 0 0 0 0 0 0 0 0 0]
[1874018785199049140144465812297397856932331455560398392170497236829960417431756592408750568643438164280293362235875100611081531346421584053650956921609054656475072063669967045983884 0 0 0 0 0 0 0 0 0 0 0 0 0 0 0 0 0 0 1 0 0 0 0 0 0 0 0 0 0 0 0 0 0 0 0 0 0 0 0 0 0 0 0 0 0 0 0 0 0 0 0 0 0 0 0 0 0 0 0]
[3160589407666559634510336049398007365225957636114644911100538742440038743409301771547084476084968278965601479875330067666908830178249086343718809068431316245205258925886596691111619 0 0 0 0 0 0 0 0 0 0 0 0 0 0 0 0 0 0 0 1 0 0 0 0 0 0 0 0 0 0 0 0 0 0 0 0 0 0 0 0 0 0 0 0 0 0 0 0 0 0 0 0 0 0 0 0 0 0 0]
[1955720898165977576337669947043037819691859216496152968221285070252852957534051498461984433517392716562611975708059491764935332863509535070851820981351398999093620910250865866617600 0 0 0 0 0 0 0 0 0 0 0 0 0 0 0 0 0 0 0 0 1 0 0 0 0 0 0 0 0 0 0 0 0 0 0 0 0 0 0 0 0 0 0 0 0 0 0 0 0 0 0 0 0 0 0 0 0 0 0]
[3492361864191633514782692951195555670253462205507144911406331892545015784621591283745763543657912294857409977018794246537930622365385875987647328567743917003516952960037008154865836 0 0 0 0 0 0 0 0 0 0 0 0 0 0 0 0 0 0 0 0 0 1 0 0 0 0 0 0 0 0 0 0 0 0 0 0 0 0 0 0 0 0 0 0 0 0 0 0 0 0 0 0 0 0 0 0 0 0 0]
[633454159261450845632091503111827013412525672420523378203852165745870871079684630881672100928101448684274917867137571714332089443992790089114344461150306636045261623439074957721982 0 0 0 0 0 0 0 0 0 0 0 0 0 0 0 0 0 0 0 0 0 0 1 0 0 0 0 0 0 0 0 0 0 0 0 0 0 0 0 0 0 0 0 0 0 0 0 0 0 0 0 0 0 0 0 0 0 0 0]
[24416216753145383548938751544037147243811114543111169504406419676722339909156826144327782365075761584566378848329398451367339483536569962578262649871872868336952217745584870994635 0 0 0 0 0 0 0 0 0 0 0 0 0 0 0 0 0 0 0 0 0 0 0 1 0 0 0 0 0 0 0 0 0 0 0 0 0 0 0 0 0 0 0 0 0 0 0 0 0 0 0 0 0 0 0 0 0 0 0]
[2678996996548496841068653490791620478512997656644853106383849769226822440747774294893347904942351820623205336451102845634206584887863699199636406632598348518061803690260241568383168 0 0 0 0 0 0 0 0 0 0 0 0 0 0 0 0 0 0 0 0 0 0 0 0 1 0 0 0 0 0 0 0 0 0 0 0 0 0 0 0 0 0 0 0 0 0 0 0 0 0 0 0 0 0 0 0 0 0 0]
[3642760800772886182161355537232972152569406057055797030969816587830898670017487582180170499282983210987159380213545220254213396034864209069949705080155504662240667174698974400112928 0 0 0 0 0 0 0 0 0 0 0 0 0 0 0 0 0 0 0 0 0 0 0 0 0 1 0 0 0 0 0 0 0 0 0 0 0 0 0 0 0 0 0 0 0 0 0 0 0 0 0 0 0 0 0 0 0 0 0]
[3469156958184537498211942032408945236058583981104556862408633606547627786842175236080271528715295175456444008760194818732736373200963337967223668767083499808401631403902187387337509 0 0 0 0 0 0 0 0 0 0 0 0 0 0 0 0 0 0 0 0 0 0 0 0 0 0 1 0 0 0 0 0 0 0 0 0 0 0 0 0 0 0 0 0 0 0 0 0 0 0 0 0 0 0 0 0 0 0 0]
[2085481941899929377002753944583333793841041067720836972348474496894145568323204808168986897503641814025177729636365779362825811578337472795457828393442271013517242543996032894084154 0 0 0 0 0 0 0 0 0 0 0 0 0 0 0 0 0 0 0 0 0 0 0 0 0 0 0 1 0 0 0 0 0 0 0 0 0 0 0 0 0 0 0 0 0 0 0 0 0 0 0 0 0 0 0 0 0 0 0]
[1577570845267438254835599332880120613974619303646882847787208795921817229902475706274347479460169839603464447396920126038019687878969968781168102833031719677275476797731640209029587 0 0 0 0 0 0 0 0 0 0 0 0 0 0 0 0 0 0 0 0 0 0 0 0 0 0 0 0 1 0 0 0 0 0 0 0 0 0 0 0 0 0 0 0 0 0 0 0 0 0 0 0 0 0 0 0 0 0 0]
[130261050028955353160066658819460522937701257707650358641357526359082374743977592313440122783714891045566540627674238775342749631531184488139042165149856752982659403623483205009428 0 0 0 0 0 0 0 0 0 0 0 0 0 0 0 0 0 0 0 0 0 0 0 0 0 0 0 0 0 1 0 0 0 0 0 0 0 0 0 0 0 0 0 0 0 0 0 0 0 0 0 0 0 0 0 0 0 0 0]
[2534182396322660331619814105991784576632587263388424898167244324247079477803242802096554514688945313751098900432891577259644465890757106395604647857626333716255613493413014033719672 0 0 0 0 0 0 0 0 0 0 0 0 0 0 0 0 0 0 0 0 0 0 0 0 0 0 0 0 0 0 1 0 0 0 0 0 0 0 0 0 0 0 0 0 0 0 0 0 0 0 0 0 0 0 0 0 0 0 0]
[1742546779091887459718335949198428785838762335418096904148634041771896851527133890235019746517119205739998259555744638081490708669134670807270744799621227324557011521960249426451473 0 0 0 0 0 0 0 0 0 0 0 0 0 0 0 0 0 0 0 0 0 0 0 0 0 0 0 0 0 0 0 1 0 0 0 0 0 0 0 0 0 0 0 0 0 0 0 0 0 0 0 0 0 0 0 0 0 0 0]
[3049850406061784024125754250003580676783398861241700291751172736456276153515068969869498009431888170767432524601565924816837887814427738137400959667511833983488959951783923664828475 0 0 0 0 0 0 0 0 0 0 0 0 0 0 0 0 0 0 0 0 0 0 0 0 0 0 0 0 0 0 0 0 1 0 0 0 0 0 0 0 0 0 0 0 0 0 0 0 0 0 0 0 0 0 0 0 0 0 0]
[840728160363868132937871262933671392772419470967685266522549568507417840184535646919912978805328075573087286436296810300192551226035454689695535921658263546695359086128448668989641 0 0 0 0 0 0 0 0 0 0 0 0 0 0 0 0 0 0 0 0 0 0 0 0 0 0 0 0 0 0 0 0 0 1 0 0 0 0 0 0 0 0 0 0 0 0 0 0 0 0 0 0 0 0 0 0 0 0 0]
[2017744430903919020643887733405770374137264391633119440612679019988583362506031683493650364637243088046061903202622876879262982074969261527799596401804938496572379214633107507183732 0 0 0 0 0 0 0 0 0 0 0 0 0 0 0 0 0 0 0 0 0 0 0 0 0 0 0 0 0 0 0 0 0 0 1 0 0 0 0 0 0 0 0 0 0 0 0 0 0 0 0 0 0 0 0 0 0 0 0]
[1609378778465430328355733709718343684200409121950884717564408753256652136754123837056328311215720204188342036942546946467704813985256428858335376039829692788908243104518079915876974 0 0 0 0 0 0 0 0 0 0 0 0 0 0 0 0 0 0 0 0 0 0 0 0 0 0 0 0 0 0 0 0 0 0 0 1 0 0 0 0 0 0 0 0 0 0 0 0 0 0 0 0 0 0 0 0 0 0 0]
[2674529411465770851087266470238198865597764183697862253224510684435279042635694121791030964277982117420957197521180112885451017909797373608093656607931455927869911761076702194670807 0 0 0 0 0 0 0 0 0 0 0 0 0 0 0 0 0 0 0 0 0 0 0 0 0 0 0 0 0 0 0 0 0 0 0 0 1 0 0 0 0 0 0 0 0 0 0 0 0 0 0 0 0 0 0 0 0 0 0]
[1707167535165280518672264106920010556808862440571417466266940259417857037203624860857559138842430043445704842653585577915924154930968530741918230242605516901302304585768172797407108 0 0 0 0 0 0 0 0 0 0 0 0 0 0 0 0 0 0 0 0 0 0 0 0 0 0 0 0 0 0 0 0 0 0 0 0 0 1 0 0 0 0 0 0 0 0 0 0 0 0 0 0 0 0 0 0 0 0 0]
[1632801470381902147642471928638668226722750824450843186384075167785375040418167551840943404800836754337527945651458151114697009078383084542337039754944595247687394189055042852452398 0 0 0 0 0 0 0 0 0 0 0 0 0 0 0 0 0 0 0 0 0 0 0 0 0 0 0 0 0 0 0 0 0 0 0 0 0 0 1 0 0 0 0 0 0 0 0 0 0 0 0 0 0 0 0 0 0 0 0]
[110388557134433804426397693965148465582611493493087313019487262588214802659835765943231078298587939423639630192129930380377060951239847968266884752074275040971986755550956916918504 0 0 0 0 0 0 0 0 0 0 0 0 0 0 0 0 0 0 0 0 0 0 0 0 0 0 0 0 0 0 0 0 0 0 0 0 0 0 0 1 0 0 0 0 0 0 0 0 0 0 0 0 0 0 0 0 0 0 0]
[2406845410585405297801845651174785240149374748040485954362567808297736198757672237314234159390174189773486889124384250493216017692015021341808297909306097457638458049418893435820335 0 0 0 0 0 0 0 0 0 0 0 0 0 0 0 0 0 0 0 0 0 0 0 0 0 0 0 0 0 0 0 0 0 0 0 0 0 0 0 0 1 0 0 0 0 0 0 0 0 0 0 0 0 0 0 0 0 0 0]
[1002233474207601879540492300628249726909558784739629977676377403664731189722127812830167189272154001245284898178655312546309284223254076258787904192425102858275501386395348168945757 0 0 0 0 0 0 0 0 0 0 0 0 0 0 0 0 0 0 0 0 0 0 0 0 0 0 0 0 0 0 0 0 0 0 0 0 0 0 0 0 0 1 0 0 0 0 0 0 0 0 0 0 0 0 0 0 0 0 0]
[4041208925676524210620283891482199290997398187096667356258172323931999797039053586753573177825145086899934837592097467870340995321097934160171916384687445542021824232976119911267191 0 0 0 0 0 0 0 0 0 0 0 0 0 0 0 0 0 0 0 0 0 0 0 0 0 0 0 0 0 0 0 0 0 0 0 0 0 0 0 0 0 0 1 0 0 0 0 0 0 0 0 0 0 0 0 0 0 0 0]
[3108087064647979416417635465552628003404084203737392564028015089147266843069691874190118527525202434961690527713555335585504398506101508275498173249733703318380328749168864324743950 0 0 0 0 0 0 0 0 0 0 0 0 0 0 0 0 0 0 0 0 0 0 0 0 0 0 0 0 0 0 0 0 0 0 0 0 0 0 0 0 0 0 0 1 0 0 0 0 0 0 0 0 0 0 0 0 0 0 0]
[3475671932930637831743324578852789863495703694766560093632297598831200425621527669421745784551536275824042152467689683539138995626847721143891329668970396457013232112188526203706888 0 0 0 0 0 0 0 0 0 0 0 0 0 0 0 0 0 0 0 0 0 0 0 0 0 0 0 0 0 0 0 0 0 0 0 0 0 0 0 0 0 0 0 0 1 0 0 0 0 0 0 0 0 0 0 0 0 0 0]
[1382485855234461656400434899919264647560699519125578022292974231032792389272871920928824953304357440559484808168461486767175963514656460917169122464373807582439998521807419519111258 0 0 0 0 0 0 0 0 0 0 0 0 0 0 0 0 0 0 0 0 0 0 0 0 0 0 0 0 0 0 0 0 0 0 0 0 0 0 0 0 0 0 0 0 0 1 0 0 0 0 0 0 0 0 0 0 0 0 0]
[1048124741718376582904089647638945237948240440182964447882461676546407423312693036782177704928944850442291375257710909281677390528926255361474022962739194216145169621675070975535397 0 0 0 0 0 0 0 0 0 0 0 0 0 0 0 0 0 0 0 0 0 0 0 0 0 0 0 0 0 0 0 0 0 0 0 0 0 0 0 0 0 0 0 0 0 0 1 0 0 0 0 0 0 0 0 0 0 0 0]
[2792908813017089806952306145791079757641641952412804438778284935936177963793533841393050126379804633843676175604921648437603714475098166581728562488206003090873188158577497785015118 0 0 0 0 0 0 0 0 0 0 0 0 0 0 0 0 0 0 0 0 0 0 0 0 0 0 0 0 0 0 0 0 0 0 0 0 0 0 0 0 0 0 0 0 0 0 0 1 0 0 0 0 0 0 0 0 0 0 0]
[3485705889363256189046976110520006916592426456949979117151894620897664383283132087316572917033475144139697007236408656864898574300026145684207460532913343259342293524759207761833296 0 0 0 0 0 0 0 0 0 0 0 0 0 0 0 0 0 0 0 0 0 0 0 0 0 0 0 0 0 0 0 0 0 0 0 0 0 0 0 0 0 0 0 0 0 0 0 0 1 0 0 0 0 0 0 0 0 0 0]
[1059483855234821768473706471056980892453986343859608975655500815524067092628793087109361262554345470577203365554919632319568780429026038241944980276480233294174437342404438650510939 0 0 0 0 0 0 0 0 0 0 0 0 0 0 0 0 0 0 0 0 0 0 0 0 0 0 0 0 0 0 0 0 0 0 0 0 0 0 0 0 0 0 0 0 0 0 0 0 0 1 0 0 0 0 0 0 0 0 0]
[1923233836111305263232294937331560271109616045922352563264527553869786101349394741330853475613192733195404441226168791272581748723161851753651908555592520922180507885946173896930051 0 0 0 0 0 0 0 0 0 0 0 0 0 0 0 0 0 0 0 0 0 0 0 0 0 0 0 0 0 0 0 0 0 0 0 0 0 0 0 0 0 0 0 0 0 0 0 0 0 0 1 0 0 0 0 0 0 0 0]
[568455282768644783055709635658671886488477182619245833697263974263286667981465359933991321217237096228481757451351650490059273314586011959869311526244374924781620040855646815521056 0 0 0 0 0 0 0 0 0 0 0 0 0 0 0 0 0 0 0 0 0 0 0 0 0 0 0 0 0 0 0 0 0 0 0 0 0 0 0 0 0 0 0 0 0 0 0 0 0 0 0 1 0 0 0 0 0 0 0]
[3019477028339468123361546958566320870803088227856407568618817220683314528483112335161474404701647436019036346639406713977218752893942237355864876845941179492459646720186672727750655 0 0 0 0 0 0 0 0 0 0 0 0 0 0 0 0 0 0 0 0 0 0 0 0 0 0 0 0 0 0 0 0 0 0 0 0 0 0 0 0 0 0 0 0 0 0 0 0 0 0 0 0 1 0 0 0 0 0 0]
[498835970297355250079182955494092768985941778981152296390588705891623030871798025033661333064013168059122642587229015306169197761899916326400087644341755000025708902672703292176495 0 0 0 0 0 0 0 0 0 0 0 0 0 0 0 0 0 0 0 0 0 0 0 0 0 0 0 0 0 0 0 0 0 0 0 0 0 0 0 0 0 0 0 0 0 0 0 0 0 0 0 0 0 1 0 0 0 0 0]
[587527810455106516380465639352028217087024808796521981513916824188364306241644311762576883501109999366769303530084841674952366821412231218139904574855723578341576954464032532637811 0 0 0 0 0 0 0 0 0 0 0 0 0 0 0 0 0 0 0 0 0 0 0 0 0 0 0 0 0 0 0 0 0 0 0 0 0 0 0 0 0 0 0 0 0 0 0 0 0 0 0 0 0 0 1 0 0 0 0]
[3240629728634941773629959631202108242484572856708509858889419422095363530428585302371199073810919849435642449079199103952435318866793147979141238709923252482738488881322117213975301 0 0 0 0 0 0 0 0 0 0 0 0 0 0 0 0 0 0 0 0 0 0 0 0 0 0 0 0 0 0 0 0 0 0 0 0 0 0 0 0 0 0 0 0 0 0 0 0 0 0 0 0 0 0 0 1 0 0 0]
[3368975076309731143651071461759107817878159409169457956307954790258948382858650795072205882494293150193312617718583514296383837419700676847011854454819859023099228480954805470803551 0 0 0 0 0 0 0 0 0 0 0 0 0 0 0 0 0 0 0 0 0 0 0 0 0 0 0 0 0 0 0 0 0 0 0 0 0 0 0 0 0 0 0 0 0 0 0 0 0 0 0 0 0 0 0 0 1 0 0]
[3780222687429797657826013690536286176807929517168935368444345351326786002962431504905942539038647349554938528056776104481329974242952430765777439103182158583835982407165713506604179 0 0 0 0 0 0 0 0 0 0 0 0 0 0 0 0 0 0 0 0 0 0 0 0 0 0 0 0 0 0 0 0 0 0 0 0 0 0 0 0 0 0 0 0 0 0 0 0 0 0 0 0 0 0 0 0 0 1 0]
[1705956881165963588511859834286238152139264062859727832683040025718524099849133737972276113834811144505639436822099552613876320656356255782444726189098914214973673770333195782774811 0 0 0 0 0 0 0 0 0 0 0 0 0 0 0 0 0 0 0 0 0 0 0 0 0 0 0 0 0 0 0 0 0 0 0 0 0 0 0 0 0 0 0 0 0 0 0 0 0 0 0 0 0 0 0 0 0 0 1]
]
