[[4315693239568304191110254298078539082031099581332225000463446715624109210140730460349092957241161335843572075926134550436465077535884124523461492806058809896136277092870376952092681604384842576212721294901810031 0 0 0 0 0 0 0 0 0 0 0 0 0 0 0 0 0 0 0 0 0 0 0 0 0 0 0 0 0 0 0 0 0 0 0 0 0 0 0 0 0 0 0 0 0 0 0 0 0 0 0 0 0 0 0 0 0 0 0 0 0 0 0 0 0 0 0 0 0]
[4058676758420915448257839422828407320580784538521261938007142956815670065070628754957230248501309202865808042956853314340887317286399178095397242925369455083154153528597216221947926633265779829651144936646735617 1 0 0 0 0 0 0 0 0 0 0 0 0 0 0 0 0 0 0 0 0 0 0 0 0 0 0 0 0 0 0 0 0 0 0 0 0 0 0 0 0 0 0 0 0 0 0 0 0 0 0 0 0 0 0 0 0 0 0 0 0 0 0 0 0 0 0 0 0]
[2564285972378838938186524307440328483925141174265865498897370321654289144185476151447392869223402186466818302837589894434687799601585218476939993025859727935715686035753525673284403468928293603543208168869320819 0 1 0 0 0 0 0 0 0 0 0 0 0 0 0 0 0 0 0 0 0 0 0 0 0 0 0 0 0 0 0 0 0 0 0 0 0 0 0 0 0 0 0 0 0 0 0 0 0 0 0 0 0 0 0 0 0 0 0 0 0 0 0 0 0 0 0 0 0]
[2949666514439541766635753448576742793146907119528510368436798161336121620751575693914501725669367366690953587691179299831839110979297893605491953884542458625333077028198216297249897372548302852144737080501787059 0 0 1 0 0 0 0 0 0 0 0 0 0 0 0 0 0 0 0 0 0 0 0 0 0 0 0 0 0 0 0 0 0 0 0 0 0 0 0 0 0 0 0 0 0 0 0 0 0 0 0 0 0 0 0 0 0 0 0 0 0 0 0 0 0 0 0 0 0]
[1457260378046803915437110632609078115276836900742704942528723296758239193943335631160572833952247897892606228923772091111398860298350635381629168261360003440512612114764030294143059823633853244354568137472904978 0 0 0 1 0 0 0 0 0 0 0 0 0 0 0 0 0 0 0 0 0 0 0 0 0 0 0 0 0 0 0 0 0 0 0 0 0 0 0 0 0 0 0 0 0 0 0 0 0 0 0 0 0 0 0 0 0 0 0 0 0 0 0 0 0 0 0 0 0]
[662938743042831671328203404799525589957946759801679619963082039883533643615899572883639573337369529045621960558526237514795696379901819297963009457006667802103579147400321393021776302079908895808648584786650522 0 0 0 0 1 0 0 0 0 0 0 0 0 0 0 0 0 0 0 0 0 0 0 0 0 0 0 0 0 0 0 0 0 0 0 0 0 0 0 0 0 0 0 0 0 0 0 0 0 0 0 0 0 0 0 0 0 0 0 0 0 0 0 0 0 0 0 0 0]
[2093453720871360248955616682838143595262955336111579302605321463755350038878570346592251529323759727832563895989348140948744071262593063724373268164242823976053516894656092330967437851590927553558304490877545103 0 0 0 0 0 1 0 0 0 0 0 0 0 0 0 0 0 0 0 0 0 0 0 0 0 0 0 0 0 0 0 0 0 0 0 0 0 0 0 0 0 0 0 0 0 0 0 0 0 0 0 0 0 0 0 0 0 0 0 0 0 0 0 0 0 0 0 0 0]
[3700038331667543089842223156761051550132431348919487526882344206848888805197485532740243239556963614218408380029669884425593847515019140227509053179395214417683313020514766581181633872858907959637488755769302562 0 0 0 0 0 0 1 0 0 0 0 0 0 0 0 0 0 0 0 0 0 0 0 0 0 0 0 0 0 0 0 0 0 0 0 0 0 0 0 0 0 0 0 0 0 0 0 0 0 0 0 0 0 0 0 0 0 0 0 0 0 0 0 0 0 0 0 0 0]
[3231073818296253116957723851178387587417017450517663975818709699893164987248705229464502965490214179601748158895358622316346335383900672755592331300905463499637166038821051612634929146801502242100926288625454397 0 0 0 0 0 0 0 1 0 0 0 0 0 0 0 0 0 0 0 0 0 0 0 0 0 0 0 0 0 0 0 0 0 0 0 0 0 0 0 0 0 0 0 0 0 0 0 0 0 0 0 0 0 0 0 0 0 0 0 0 0 0 0 0 0 0 0 0 0]
[4159626250428339772753286965543462537180646371286688458749440108357555661164576424741809908370344773595522896872883229521818578820046763747273428530587930217967039729468974590637150789751780448095119216274033980 0 0 0 0 0 0 0 0 1 0 0 0 0 0 0 0 0 0 0 0 0 0 0 0 0 0 0 0 0 0 0 0 0 0 0 0 0 0 0 0 0 0 0 0 0 0 0 0 0 0 0 0 0 0 0 0 0 0 0 0 0 0 0 0 0 0 0 0 0]
[3559157694072181574919581249416108862490121025953315202931652438917992901842629948871550706700834956004331002383477461872893600237882748200474790971316518860260133283198382943170038592555772536477528519562437626 0 0 0 0 0 0 0 0 0 1 0 0 0 0 0 0 0 0 0 0 0 0 0 0 0 0 0 0 0 0 0 0 0 0 0 0 0 0 0 0 0 0 0 0 0 0 0 0 0 0 0 0 0 0 0 0 0 0 0 0 0 0 0 0 0 0 0 0 0]
[3184806124553831513997057482900008930090499607294966289148915646342660181400926442114165676138621746582614503132248266544429619924628992645402316764554074579451626748379104073730416993216265631219574236069951015 0 0 0 0 0 0 0 0 0 0 1 0 0 0 0 0 0 0 0 0 0 0 0 0 0 0 0 0 0 0 0 0 0 0 0 0 0 0 0 0 0 0 0 0 0 0 0 0 0 0 0 0 0 0 0 0 0 0 0 0 0 0 0 0 0 0 0 0 0]
[2526919535838818277899899587153408678595415103314127392981157664607475577470681780882169946160195640563541417642518239418917951794124740515305008860268165766755960256856344028377017087205237286370414804980986661 0 0 0 0 0 0 0 0 0 0 0 1 0 0 0 0 0 0 0 0 0 0 0 0 0 0 0 0 0 0 0 0 0 0 0 0 0 0 0 0 0 0 0 0 0 0 0 0 0 0 0 0 0 0 0 0 0 0 0 0 0 0 0 0 0 0 0 0 0]
[3395300019110671378076053703127699752005525528077176298710394204372625478099483884970629424069620711494195294445328000588671233439488298490024270654805062753631274908732598085098255105339224393772116292906225268 0 0 0 0 0 0 0 0 0 0 0 0 1 0 0 0 0 0 0 0 0 0 0 0 0 0 0 0 0 0 0 0 0 0 0 0 0 0 0 0 0 0 0 0 0 0 0 0 0 0 0 0 0 0 0 0 0 0 0 0 0 0 0 0 0 0 0 0 0]
[1586750055312463825525166597249568631563159167418939862970984079068728286986767170274519209100543849073197112776677768402375780430444244425943011922234850430657158583578234551374691108978099219754024505192809389 0 0 0 0 0 0 0 0 0 0 0 0 0 1 0 0 0 0 0 0 0 0 0 0 0 0 0 0 0 0 0 0 0 0 0 0 0 0 0 0 0 0 0 0 0 0 0 0 0 0 0 0 0 0 0 0 0 0 0 0 0 0 0 0 0 0 0 0 0]
[2155310265263002343126465555464722230147239856130654973730303953889759418902546925814984507508939917420109797322521370509118815109926161874294177539010221737361973290474345413401252655499214058012132686665322325 0 0 0 0 0 0 0 0 0 0 0 0 0 0 1 0 0 0 0 0 0 0 0 0 0 0 0 0 0 0 0 0 0 0 0 0 0 0 0 0 0 0 0 0 0 0 0 0 0 0 0 0 0 0 0 0 0 0 0 0 0 0 0 0 0 0 0 0 0]
[4120876267812566735227394428443556530865571138932526539156895749739747288122367076522661421664007997662911639420567150429932256634730745391559660494620181036784864296882648974941225136199499962636231668232511831 0 0 0 0 0 0 0 0 0 0 0 0 0 0 0 1 0 0 0 0 0 0 0 0 0 0 0 0 0 0 0 0 0 0 0 0 0 0 0 0 0 0 0 0 0 0 0 0 0 0 0 0 0 0 0 0 0 0 0 0 0 0 0 0 0 0 0 0 0]
[760964473983069701939870363261119761966798016738023513535676475739241667238111467150602351359795873539629772401138083008131864837549876676552789681416990132656090489573452454968468667769285740303065582799538320 0 0 0 0 0 0 0 0 0 0 0 0 0 0 0 0 1 0 0 0 0 0 0 0 0 0 0 0 0 0 0 0 0 0 0 0 0 0 0 0 0 0 0 0 0 0 0 0 0 0 0 0 0 0 0 0 0 0 0 0 0 0 0 0 0 0 0 0 0]
[4062286501169062601825441382922287917036931712201579709505150647344166566664365122941386342793868225679566677772121614409896001206184407838358098563311281721633388252239174218186339451697146657062683514344264072 0 0 0 0 0 0 0 0 0 0 0 0 0 0 0 0 0 1 0 0 0 0 0 0 0 0 0 0 0 0 0 0 0 0 0 0 0 0 0 0 0 0 0 0 0 0 0 0 0 0 0 0 0 0 0 0 0 0 0 0 0 0 0 0 0 0 0 0 0]
[2639449828096633561921427058264201386283051249389578607132778062477134549624633040083732287004707758141945704150399146791484303957534119295469922793096111466112872823413617360256769028058103476284125209601767972 0 0 0 0 0 0 0 0 0 0 0 0 0 0 0 0 0 0 1 0 0 0 0 0 0 0 0 0 0 0 0 0 0 0 0 0 0 0 0 0 0 0 0 0 0 0 0 0 0 0 0 0 0 0 0 0 0 0 0 0 0 0 0 0 0 0 0 0 0]
[1672896123929900072507877129465155121922159219445091402072373772636856972490355329803213593404837792348121364876266675289257282809717010141062239913287798951449849039509872039628980899362134188707263464454470543 0 0 0 0 0 0 0 0 0 0 0 0 0 0 0 0 0 0 0 1 0 0 0 0 0 0 0 0 0 0 0 0 0 0 0 0 0 0 0 0 0 0 0 0 0 0 0 0 0 0 0 0 0 0 0 0 0 0 0 0 0 0 0 0 0 0 0 0 0]
[2166201063120676456814412965207957778446334551341259820020454728400186741785663620664616716721830010281691156412754197014623315777969612011824813711443351105605985588996011654601331589585631281393884608457666499 0 0 0 0 0 0 0 0 0 0 0 0 0 0 0 0 0 0 0 0 1 0 0 0 0 0 0 0 0 0 0 0 0 0 0 0 0 0 0 0 0 0 0 0 0 0 0 0 0 0 0 0 0 0 0 0 0 0 0 0 0 0 0 0 0 0 0 0 0]
[1216050168290995822288278372370810277584089292902085318625309369961869274016570900448825236419440253990403987589391270852618067741987288894784312090955704161488204862293006649384916924716362177023476663596186412 0 0 0 0 0 0 0 0 0 0 0 0 0 0 0 0 0 0 0 0 0 1 0 0 0 0 0 0 0 0 0 0 0 0 0 0 0 0 0 0 0 0 0 0 0 0 0 0 0 0 0 0 0 0 0 0 0 0 0 0 0 0 0 0 0 0 0 0 0]
[1570737253349796726534603441414101132745530945265421767622274740905916308826917478623722519362335850658432402846378255017721975062845319934467002535147754905271617680046947953494292232516128190843466442795391836 0 0 0 0 0 0 0 0 0 0 0 0 0 0 0 0 0 0 0 0 0 0 1 0 0 0 0 0 0 0 0 0 0 0 0 0 0 0 0 0 0 0 0 0 0 0 0 0 0 0 0 0 0 0 0 0 0 0 0 0 0 0 0 0 0 0 0 0 0]
[3719060827098039545588288305429761866909733919123331171122343974272355849472373603207003643634851431019371057587918055833370308404360070774415582736375696506017492773154564183323404852486761399737691667301995886 0 0 0 0 0 0 0 0 0 0 0 0 0 0 0 0 0 0 0 0 0 0 0 1 0 0 0 0 0 0 0 0 0 0 0 0 0 0 0 0 0 0 0 0 0 0 0 0 0 0 0 0 0 0 0 0 0 0 0 0 0 0 0 0 0 0 0 0 0]
[3009906412010689281445797254226611796444318521346647006627184419387851719397767806977893782394075256886500857726037972381234465764771050882400624962792411541965377333415897034703349993786842185674432806009563598 0 0 0 0 0 0 0 0 0 0 0 0 0 0 0 0 0 0 0 0 0 0 0 0 1 0 0 0 0 0 0 0 0 0 0 0 0 0 0 0 0 0 0 0 0 0 0 0 0 0 0 0 0 0 0 0 0 0 0 0 0 0 0 0 0 0 0 0 0]
[212545054854945834296230241702942322992290645116070710520368259688379824428619025094269426239286782173996716273930077237882255387111539037922273138270610029749229912768713783204507344671286247222432122640586134 0 0 0 0 0 0 0 0 0 0 0 0 0 0 0 0 0 0 0 0 0 0 0 0 0 1 0 0 0 0 0 0 0 0 0 0 0 0 0 0 0 0 0 0 0 0 0 0 0 0 0 0 0 0 0 0 0 0 0 0 0 0 0 0 0 0 0 0 0]
[254278156371936319533512177618063414559090643968894895471748086313326822731318336578153323162255442990723360541172559706579339934071691213967029741251528499889521619343856900800101281449183133776757150897153293 0 0 0 0 0 0 0 0 0 0 0 0 0 0 0 0 0 0 0 0 0 0 0 0 0 0 1 0 0 0 0 0 0 0 0 0 0 0 0 0 0 0 0 0 0 0 0 0 0 0 0 0 0 0 0 0 0 0 0 0 0 0 0 0 0 0 0 0 0]
[1993783727403539571361468797752212185313306867310308739717006071636537051965509663401507627794174601681663871521151495510838244510209780056134017142467141050493818321047762959250410003229672967360019928908417701 0 0 0 0 0 0 0 0 0 0 0 0 0 0 0 0 0 0 0 0 0 0 0 0 0 0 0 1 0 0 0 0 0 0 0 0 0 0 0 0 0 0 0 0 0 0 0 0 0 0 0 0 0 0 0 0 0 0 0 0 0 0 0 0 0 0 0 0 0]
[3107685498208606402677901308614643616490897808508374660770071301019277130774922494965348143042856564842180138294192966765050312646114009980113502880357784188653375487799068484962658506163882262419272658418972332 0 0 0 0 0 0 0 0 0 0 0 0 0 0 0 0 0 0 0 0 0 0 0 0 0 0 0 0 1 0 0 0 0 0 0 0 0 0 0 0 0 0 0 0 0 0 0 0 0 0 0 0 0 0 0 0 0 0 0 0 0 0 0 0 0 0 0 0 0]
[3603809301720355276662554516467934724881669084533426584374600863312090598873256953634523319730622387890337722971516222526730371424027485682008982584909421247262268335260988939795393722250416981011895133706597189 0 0 0 0 0 0 0 0 0 0 0 0 0 0 0 0 0 0 0 0 0 0 0 0 0 0 0 0 0 1 0 0 0 0 0 0 0 0 0 0 0 0 0 0 0 0 0 0 0 0 0 0 0 0 0 0 0 0 0 0 0 0 0 0 0 0 0 0 0]
[1276407584459989356382130807892716523374016946286777432139013740845458040841631360835006373620206533194097811041786255917747829062302043593626797956070009990323753055343300292968424021563870178613939667571465933 0 0 0 0 0 0 0 0 0 0 0 0 0 0 0 0 0 0 0 0 0 0 0 0 0 0 0 0 0 0 1 0 0 0 0 0 0 0 0 0 0 0 0 0 0 0 0 0 0 0 0 0 0 0 0 0 0 0 0 0 0 0 0 0 0 0 0 0 0]
[2431681383096546764128629607254530882490571776534474439615070772797488199354924995302634599075837044833341381642230978001355341028475483393288466980334738009787992939538638049559123730511782990445520258433429590 0 0 0 0 0 0 0 0 0 0 0 0 0 0 0 0 0 0 0 0 0 0 0 0 0 0 0 0 0 0 0 1 0 0 0 0 0 0 0 0 0 0 0 0 0 0 0 0 0 0 0 0 0 0 0 0 0 0 0 0 0 0 0 0 0 0 0 0 0]
[2774609549641508499321900278512896208772670835804751312533407493399562598010762953718563718151670674527421889397666351250119469438247348766605170399736968508432245940314583229875438936249450894975836322148983113 0 0 0 0 0 0 0 0 0 0 0 0 0 0 0 0 0 0 0 0 0 0 0 0 0 0 0 0 0 0 0 0 1 0 0 0 0 0 0 0 0 0 0 0 0 0 0 0 0 0 0 0 0 0 0 0 0 0 0 0 0 0 0 0 0 0 0 0 0]
[4188933889809757736017697988753812826894892596163707335708465772608866213082290058051969178696861851651003062334008705557321855101840936388155200524941599321382006563730770060159938407255554721615800582957629404 0 0 0 0 0 0 0 0 0 0 0 0 0 0 0 0 0 0 0 0 0 0 0 0 0 0 0 0 0 0 0 0 0 1 0 0 0 0 0 0 0 0 0 0 0 0 0 0 0 0 0 0 0 0 0 0 0 0 0 0 0 0 0 0 0 0 0 0 0]
[1200656590750327301269775772742559367935734719943352204680658729317544986104373533297870558773150625384137507560887732076483322570901059219711149343279361499785840044994938534044824911398327057526281064071422098 0 0 0 0 0 0 0 0 0 0 0 0 0 0 0 0 0 0 0 0 0 0 0 0 0 0 0 0 0 0 0 0 0 0 1 0 0 0 0 0 0 0 0 0 0 0 0 0 0 0 0 0 0 0 0 0 0 0 0 0 0 0 0 0 0 0 0 0 0]
[2647508590666816624470192588256136338624866958733025502464286834705168177944710523051853645999684019430729699395170761588809230777821498591966121286747550331598020489842120676525840479083438664086136440047612292 0 0 0 0 0 0 0 0 0 0 0 0 0 0 0 0 0 0 0 0 0 0 0 0 0 0 0 0 0 0 0 0 0 0 0 1 0 0 0 0 0 0 0 0 0 0 0 0 0 0 0 0 0 0 0 0 0 0 0 0 0 0 0 0 0 0 0 0 0]
[4308871389702343438530671026281681439174949051752269600254447442230259706564504701023539773605931498365641874963101525264845392947360107123276836685494291974619256342504976817103103837202476691154418410509747971 0 0 0 0 0 0 0 0 0 0 0 0 0 0 0 0 0 0 0 0 0 0 0 0 0 0 0 0 0 0 0 0 0 0 0 0 1 0 0 0 0 0 0 0 0 0 0 0 0 0 0 0 0 0 0 0 0 0 0 0 0 0 0 0 0 0 0 0 0]
[1059646942617149792727247547243384849626787173854281686190422729828615587471404257915195789827973129959687289466989700481813423090543764775929991933359962473248492616590663837679324842885725484519559886243272716 0 0 0 0 0 0 0 0 0 0 0 0 0 0 0 0 0 0 0 0 0 0 0 0 0 0 0 0 0 0 0 0 0 0 0 0 0 1 0 0 0 0 0 0 0 0 0 0 0 0 0 0 0 0 0 0 0 0 0 0 0 0 0 0 0 0 0 0 0]
[3591855637924903412903973873460881604034894057263766972382490944270406951784556716299616951947011423439449228902784026525015824799123410348174509376041226427388554828830548502049547880910003292369241861331346571 0 0 0 0 0 0 0 0 0 0 0 0 0 0 0 0 0 0 0 0 0 0 0 0 0 0 0 0 0 0 0 0 0 0 0 0 0 0 1 0 0 0 0 0 0 0 0 0 0 0 0 0 0 0 0 0 0 0 0 0 0 0 0 0 0 0 0 0 0]
[3655247970874414023898710907662507808992727075557338918368228395509119080982550802018263927319641414533407783413151074085948160010485896692309836290568539986826931118230901127155849724392802939960539456506179040 0 0 0 0 0 0 0 0 0 0 0 0 0 0 0 0 0 0 0 0 0 0 0 0 0 0 0 0 0 0 0 0 0 0 0 0 0 0 0 1 0 0 0 0 0 0 0 0 0 0 0 0 0 0 0 0 0 0 0 0 0 0 0 0 0 0 0 0 0]
[376099075558341378768871276770300451556788202170191097981158963642969239956801402727241877212174627323346990371936713794987289502031852308382908312390430818393528868065710045769012215476430474861852381170265594 0 0 0 0 0 0 0 0 0 0 0 0 0 0 0 0 0 0 0 0 0 0 0 0 0 0 0 0 0 0 0 0 0 0 0 0 0 0 0 0 1 0 0 0 0 0 0 0 0 0 0 0 0 0 0 0 0 0 0 0 0 0 0 0 0 0 0 0 0]
[2282930076018120840497518190519195667536257177399626163285206886017069673164645509793171123759099073600316430900605212114598291109922999880124125957307803665892209085920427381615577658365746376159057922357156417 0 0 0 0 0 0 0 0 0 0 0 0 0 0 0 0 0 0 0 0 0 0 0 0 0 0 0 0 0 0 0 0 0 0 0 0 0 0 0 0 0 1 0 0 0 0 0 0 0 0 0 0 0 0 0 0 0 0 0 0 0 0 0 0 0 0 0 0 0]
[627871071377819483789944055412812098003916814566334768193969934233217763254679512949650788539042008027777334121565186609574482622066408982668205471073838940903055128725074219748069374337537764550762955764760124 0 0 0 0 0 0 0 0 0 0 0 0 0 0 0 0 0 0 0 0 0 0 0 0 0 0 0 0 0 0 0 0 0 0 0 0 0 0 0 0 0 0 1 0 0 0 0 0 0 0 0 0 0 0 0 0 0 0 0 0 0 0 0 0 0 0 0 0 0]
[2447853610365953946617560771534303222818536059906319117317283453217377227393986341616973867697933059035164824605360971746723307530251344019822856927937842303488102540306932879914708671889788157720500283997459978 0 0 0 0 0 0 0 0 0 0 0 0 0 0 0 0 0 0 0 0 0 0 0 0 0 0 0 0 0 0 0 0 0 0 0 0 0 0 0 0 0 0 0 1 0 0 0 0 0 0 0 0 0 0 0 0 0 0 0 0 0 0 0 0 0 0 0 0 0]
[2556917969715011778700032135841743343695107774351162660422356360168732893795621248351227362257987245984898797796620676477044325588262232142491674916921418156228150638579145717722571353245743801712265916849257606 0 0 0 0 0 0 0 0 0 0 0 0 0 0 0 0 0 0 0 0 0 0 0 0 0 0 0 0 0 0 0 0 0 0 0 0 0 0 0 0 0 0 0 0 1 0 0 0 0 0 0 0 0 0 0 0 0 0 0 0 0 0 0 0 0 0 0 0 0]
[3015905814458512102335374127471853165758506858988929143818830860097258587162413911686755356874549599939452377339361477996075686158156828338225775826118826800157314908526260348209798185586198515945841046225145575 0 0 0 0 0 0 0 0 0 0 0 0 0 0 0 0 0 0 0 0 0 0 0 0 0 0 0 0 0 0 0 0 0 0 0 0 0 0 0 0 0 0 0 0 0 1 0 0 0 0 0 0 0 0 0 0 0 0 0 0 0 0 0 0 0 0 0 0 0]
[1549618453608136770564102952957241238445070103452014038176448330759366242458775565440184323989730713898647521583556403486296841121552062669314104345636775602115871299463398893932175890335841986912796342921916121 0 0 0 0 0 0 0 0 0 0 0 0 0 0 0 0 0 0 0 0 0 0 0 0 0 0 0 0 0 0 0 0 0 0 0 0 0 0 0 0 0 0 0 0 0 0 1 0 0 0 0 0 0 0 0 0 0 0 0 0 0 0 0 0 0 0 0 0 0]
[2177279702509561293864430135174549642857595440997648593362009117327103608599013511283832430861617670641442113694638693085420436939988329310013606881653039590201601647964765862238385782316578551791359137637761506 0 0 0 0 0 0 0 0 0 0 0 0 0 0 0 0 0 0 0 0 0 0 0 0 0 0 0 0 0 0 0 0 0 0 0 0 0 0 0 0 0 0 0 0 0 0 0 1 0 0 0 0 0 0 0 0 0 0 0 0 0 0 0 0 0 0 0 0 0]
[553573514943194094902130509715584685777666753183247044338968771461896787453988998780517730640170579637820983755360621837296421467932672830378047825862558366241318013087880582948629533419677472598986673791251126 0 0 0 0 0 0 0 0 0 0 0 0 0 0 0 0 0 0 0 0 0 0 0 0 0 0 0 0 0 0 0 0 0 0 0 0 0 0 0 0 0 0 0 0 0 0 0 0 1 0 0 0 0 0 0 0 0 0 0 0 0 0 0 0 0 0 0 0 0]
[2514292043596356088089806511287320181069408202812939928222848908391391249214292968084922936424692997493404282296499846209704679202106881476504414405310790107898826160356272874590151430068142020549819276481317544 0 0 0 0 0 0 0 0 0 0 0 0 0 0 0 0 0 0 0 0 0 0 0 0 0 0 0 0 0 0 0 0 0 0 0 0 0 0 0 0 0 0 0 0 0 0 0 0 0 1 0 0 0 0 0 0 0 0 0 0 0 0 0 0 0 0 0 0 0]
[3261363400317654606843878658612658744563465197845544505911101983714166731842917288646170032309905534862497991125243119700667115873484657821205154708228786270739905858874784367012894376203935055428407029607117495 0 0 0 0 0 0 0 0 0 0 0 0 0 0 0 0 0 0 0 0 0 0 0 0 0 0 0 0 0 0 0 0 0 0 0 0 0 0 0 0 0 0 0 0 0 0 0 0 0 0 1 0 0 0 0 0 0 0 0 0 0 0 0 0 0 0 0 0 0]
[3485175284892646429775359835028892448097959645566222966322359693131215808679234244562056109274132258197203055515979317750943184583586071639576845881441892017101160200260167975290002733916932607834820103492437582 0 0 0 0 0 0 0 0 0 0 0 0 0 0 0 0 0 0 0 0 0 0 0 0 0 0 0 0 0 0 0 0 0 0 0 0 0 0 0 0 0 0 0 0 0 0 0 0 0 0 0 1 0 0 0 0 0 0 0 0 0 0 0 0 0 0 0 0 0]
[1980979353864000675349096941480282573926894213554087696998859767895975629617114228036159069461199089064465411577481791381836610081635475992034946212298583409433437985625453884207060679742435282384786950237964656 0 0 0 0 0 0 0 0 0 0 0 0 0 0 0 0 0 0 0 0 0 0 0 0 0 0 0 0 0 0 0 0 0 0 0 0 0 0 0 0 0 0 0 0 0 0 0 0 0 0 0 0 1 0 0 0 0 0 0 0 0 0 0 0 0 0 0 0 0]
[785727832427573386296677528366168092940536789482735140305967515916505801738252040014362685711814839231286591881692971146575090827590212680508607377448307113994834830582167080642060425649173775863354441505357973 0 0 0 0 0 0 0 0 0 0 0 0 0 0 0 0 0 0 0 0 0 0 0 0 0 0 0 0 0 0 0 0 0 0 0 0 0 0 0 0 0 0 0 0 0 0 0 0 0 0 0 0 0 1 0 0 0 0 0 0 0 0 0 0 0 0 0 0 0]
[659933309000480698211758010240712949624647029373019432793486386784805562579977146165047162463202483540079507258864912725608800895143509715265246878294754504567686295372052721812682709649811488846079679953374209 0 0 0 0 0 0 0 0 0 0 0 0 0 0 0 0 0 0 0 0 0 0 0 0 0 0 0 0 0 0 0 0 0 0 0 0 0 0 0 0 0 0 0 0 0 0 0 0 0 0 0 0 0 0 1 0 0 0 0 0 0 0 0 0 0 0 0 0 0]
[808607230444965326322695863951937702645201789192529798345214171729618684862389485080661027043968329409794271052288143331662026759326944779277000969242384344757130955490844763356252179601180656640210282829455543 0 0 0 0 0 0 0 0 0 0 0 0 0 0 0 0 0 0 0 0 0 0 0 0 0 0 0 0 0 0 0 0 0 0 0 0 0 0 0 0 0 0 0 0 0 0 0 0 0 0 0 0 0 0 0 1 0 0 0 0 0 0 0 0 0 0 0 0 0]
[345946168021039948637256217872502183044493378340152557735812995315643013190146370437377466007208023042679890891088955217610105105873519005947622695911098432766898603744090545468081571749489792356449642105441561 0 0 0 0 0 0 0 0 0 0 0 0 0 0 0 0 0 0 0 0 0 0 0 0 0 0 0 0 0 0 0 0 0 0 0 0 0 0 0 0 0 0 0 0 0 0 0 0 0 0 0 0 0 0 0 0 1 0 0 0 0 0 0 0 0 0 0 0 0]
[474170220619318779345879524270192248644024702899573294642707446236227248079790526053148381099323766317123745919849923463989785707422525830274982751065876273703413194991680740360159319394822927627633096906091118 0 0 0 0 0 0 0 0 0 0 0 0 0 0 0 0 0 0 0 0 0 0 0 0 0 0 0 0 0 0 0 0 0 0 0 0 0 0 0 0 0 0 0 0 0 0 0 0 0 0 0 0 0 0 0 0 0 1 0 0 0 0 0 0 0 0 0 0 0]
[3637968851106435443591577986998485244522687788585694361672293571487123815883317939602091240015983622103321310827097823759702768284283208525372771395855510361037759479638492485900456923335993337618864023844035056 0 0 0 0 0 0 0 0 0 0 0 0 0 0 0 0 0 0 0 0 0 0 0 0 0 0 0 0 0 0 0 0 0 0 0 0 0 0 0 0 0 0 0 0 0 0 0 0 0 0 0 0 0 0 0 0 0 0 1 0 0 0 0 0 0 0 0 0 0]
[3105670479521529165420310431398148372551320127560514218445464808221702033678323712346440208706934438206244483133690147151030923651162991309511114043478916289490026556439651773632121602386082626348026573518524029 0 0 0 0 0 0 0 0 0 0 0 0 0 0 0 0 0 0 0 0 0 0 0 0 0 0 0 0 0 0 0 0 0 0 0 0 0 0 0 0 0 0 0 0 0 0 0 0 0 0 0 0 0 0 0 0 0 0 0 1 0 0 0 0 0 0 0 0 0]
[1783867137347956714417875838302471856118625476940647519380643163103660620913593734119563779683067259602317896592548774025047032724909100254992451587299925854065832276846565554301750957577777082055046777024446713 0 0 0 0 0 0 0 0 0 0 0 0 0 0 0 0 0 0 0 0 0 0 0 0 0 0 0 0 0 0 0 0 0 0 0 0 0 0 0 0 0 0 0 0 0 0 0 0 0 0 0 0 0 0 0 0 0 0 0 0 1 0 0 0 0 0 0 0 0]
[604819423026537062829585332658740139650658337568057856810890444988041740864872515713401808057511282342896169915950984351203150999586190407817894478155315712274819538831731292955528911382850033800585338983144506 0 0 0 0 0 0 0 0 0 0 0 0 0 0 0 0 0 0 0 0 0 0 0 0 0 0 0 0 0 0 0 0 0 0 0 0 0 0 0 0 0 0 0 0 0 0 0 0 0 0 0 0 0 0 0 0 0 0 0 0 0 1 0 0 0 0 0 0 0]
[3359491696271863771000941037621673835753242515123372383388351736623863713698249383881453480649967200022998517976071997630752560398468461079162340134313971786534888792359713750168208360403433054164352239932287173 0 0 0 0 0 0 0 0 0 0 0 0 0 0 0 0 0 0 0 0 0 0 0 0 0 0 0 0 0 0 0 0 0 0 0 0 0 0 0 0 0 0 0 0 0 0 0 0 0 0 0 0 0 0 0 0 0 0 0 0 0 0 1 0 0 0 0 0 0]
[3658868669485173550752816996331614330814670834583181428932214337962545483377058240109560325812171350829139713776146896269311608064186937836511461254001493618340998802553636959176895647242520633076580414455943176 0 0 0 0 0 0 0 0 0 0 0 0 0 0 0 0 0 0 0 0 0 0 0 0 0 0 0 0 0 0 0 0 0 0 0 0 0 0 0 0 0 0 0 0 0 0 0 0 0 0 0 0 0 0 0 0 0 0 0 0 0 0 0 1 0 0 0 0 0]
[3675050453893151329994451333461056531894030522203650624660943033048305653661699906007242359385937631948705770583061312748078845372246568231710897752335321177491250142613865344268056361116269258492741299902608457 0 0 0 0 0 0 0 0 0 0 0 0 0 0 0 0 0 0 0 0 0 0 0 0 0 0 0 0 0 0 0 0 0 0 0 0 0 0 0 0 0 0 0 0 0 0 0 0 0 0 0 0 0 0 0 0 0 0 0 0 0 0 0 0 1 0 0 0 0]
[3497789746703015935082795855457687222959160600195469035587001736871945874672561585851157101728853792939607429661110153662226017867783424014614218957770238204861441734464188748451080214603664494919170389475234769 0 0 0 0 0 0 0 0 0 0 0 0 0 0 0 0 0 0 0 0 0 0 0 0 0 0 0 0 0 0 0 0 0 0 0 0 0 0 0 0 0 0 0 0 0 0 0 0 0 0 0 0 0 0 0 0 0 0 0 0 0 0 0 0 0 1 0 0 0]
[3985470135677903704439001756005286790043008423586419606774272404324626775966314283267137203795520271572683792235146695211311253374192903489666634135539567399759301914839405887234345387265843504644327928722580855 0 0 0 0 0 0 0 0 0 0 0 0 0 0 0 0 0 0 0 0 0 0 0 0 0 0 0 0 0 0 0 0 0 0 0 0 0 0 0 0 0 0 0 0 0 0 0 0 0 0 0 0 0 0 0 0 0 0 0 0 0 0 0 0 0 0 1 0 0]
[1138048258992005833305756281441517509866237499720999173588701184284468791018507119040688309065519000781423367746838943022929423089196468640378118608477336096262839671896943011104438922324225609334515092113675643 0 0 0 0 0 0 0 0 0 0 0 0 0 0 0 0 0 0 0 0 0 0 0 0 0 0 0 0 0 0 0 0 0 0 0 0 0 0 0 0 0 0 0 0 0 0 0 0 0 0 0 0 0 0 0 0 0 0 0 0 0 0 0 0 0 0 0 1 0]
[604353361600395711803510696602056224307820600890880466000382404933961457155182537508605399525017768878227917342662428456369620877013427374949633921693012664720102789391828421605293589606788270559584272055600332 0 0 0 0 0 0 0 0 0 0 0 0 0 0 0 0 0 0 0 0 0 0 0 0 0 0 0 0 0 0 0 0 0 0 0 0 0 0 0 0 0 0 0 0 0 0 0 0 0 0 0 0 0 0 0 0 0 0 0 0 0 0 0 0 0 0 0 0 1]
]
