[[4365068765024004957188200917509373429147915785602135926954656818941051947441530532879508825347478962028461413973233430660697529836351916221289915896537325623387030378711127902382799603434928908186172082325132583986837319468171461885488244979 0 0 0 0 0 0 0 0 0 0 0 0 0 0 0 0 0 0 0 0 0 0 0 0 0 0 0 0 0 0 0 0 0 0 0 0 0 0 0 0 0 0 0 0 0 0 0 0 0 0 0 0 0 0 0 0 0 0 0 0 0 0 0 0 0 0 0 0 0 0 0 0 0 0 0 0 0 0 0]
[2074542169292225754804014998592371334101473617615246550161847490503958403892052241109794518832310095764548609885641902645783120686635822306413215483475006172103417046960276565015220924222513757413689022885408312102430341353735361361828471817 1 0 0 0 0 0 0 0 0 0 0 0 0 0 0 0 0 0 0 0 0 0 0 0 0 0 0 0 0 0 0 0 0 0 0 0 0 0 0 0 0 0 0 0 0 0 0 0 0 0 0 0 0 0 0 0 0 0 0 0 0 0 0 0 0 0 0 0 0 0 0 0 0 0 0 0 0 0 0]
[1024503938433135960302803697327246032535903852392983866706357554607249933222510007629360635651532840526098298857896215434787698800197052840346827950787821094902414465150318529222941844259133357382096214370423021003318970057381013950295240520 0 1 0 0 0 0 0 0 0 0 0 0 0 0 0 0 0 0 0 0 0 0 0 0 0 0 0 0 0 0 0 0 0 0 0 0 0 0 0 0 0 0 0 0 0 0 0 0 0 0 0 0 0 0 0 0 0 0 0 0 0 0 0 0 0 0 0 0 0 0 0 0 0 0 0 0 0 0 0]
[2284510904819443902542667731766117465835408067291163629615310754772402755478584117078999261173992518474124845996944926905730012673866991278663621284663316450661748659755386301330477063110768126850204282786806285027643810612682481096347366885 0 0 1 0 0 0 0 0 0 0 0 0 0 0 0 0 0 0 0 0 0 0 0 0 0 0 0 0 0 0 0 0 0 0 0 0 0 0 0 0 0 0 0 0 0 0 0 0 0 0 0 0 0 0 0 0 0 0 0 0 0 0 0 0 0 0 0 0 0 0 0 0 0 0 0 0 0 0 0]
[2659912054121064920489418367415255910306817829987551816230603453566133303153690477527050078163679054142316139081186692312452262175933205822573516670754294787703895914744703350180466311068839604361637306621902286495032349145778575475730805721 0 0 0 1 0 0 0 0 0 0 0 0 0 0 0 0 0 0 0 0 0 0 0 0 0 0 0 0 0 0 0 0 0 0 0 0 0 0 0 0 0 0 0 0 0 0 0 0 0 0 0 0 0 0 0 0 0 0 0 0 0 0 0 0 0 0 0 0 0 0 0 0 0 0 0 0 0 0 0]
[1072629327840068827191785485007216843449039250071038650158142632844411228574791663325957911103076693420427979473721831442928804582253125817907615073980029072731443569075469402168126124317808892613373278384808491433508457229243826894291673224 0 0 0 0 1 0 0 0 0 0 0 0 0 0 0 0 0 0 0 0 0 0 0 0 0 0 0 0 0 0 0 0 0 0 0 0 0 0 0 0 0 0 0 0 0 0 0 0 0 0 0 0 0 0 0 0 0 0 0 0 0 0 0 0 0 0 0 0 0 0 0 0 0 0 0 0 0 0 0]
[2326623428952100932394566606702243830953853432228787310392122734527225581212705804005349253474708323165824061922007926780277758109826169970695085635957901997545217482213110486194998494268376386337128706543282705610447179566420759540127756091 0 0 0 0 0 1 0 0 0 0 0 0 0 0 0 0 0 0 0 0 0 0 0 0 0 0 0 0 0 0 0 0 0 0 0 0 0 0 0 0 0 0 0 0 0 0 0 0 0 0 0 0 0 0 0 0 0 0 0 0 0 0 0 0 0 0 0 0 0 0 0 0 0 0 0 0 0 0 0]
[3315754497861191378100099038399934665737394823435837195532113711213429725934431607465845303812436336549252793895367336059070985608988886509185465138209990439051786675792981389147773726243409768927682001664438624708797886821216796273217546979 0 0 0 0 0 0 1 0 0 0 0 0 0 0 0 0 0 0 0 0 0 0 0 0 0 0 0 0 0 0 0 0 0 0 0 0 0 0 0 0 0 0 0 0 0 0 0 0 0 0 0 0 0 0 0 0 0 0 0 0 0 0 0 0 0 0 0 0 0 0 0 0 0 0 0 0 0 0 0]
[2610762944034022312104902703396323756177364320991091208538746968210905619429039040580408160450954340197039748222816005344310444732720436089204821328938293681845079043099849471698804263155282301587855540990841235075373326851396403532727004853 0 0 0 0 0 0 0 1 0 0 0 0 0 0 0 0 0 0 0 0 0 0 0 0 0 0 0 0 0 0 0 0 0 0 0 0 0 0 0 0 0 0 0 0 0 0 0 0 0 0 0 0 0 0 0 0 0 0 0 0 0 0 0 0 0 0 0 0 0 0 0 0 0 0 0 0 0 0 0]
[198186471694060662921669888954471102912016926115410290379389484577714244185954065268206731316614704752851062195570462127972637329795052285311383440175335912884540753695492740327758582793358560019537524528673540821762236907735103260456682280 0 0 0 0 0 0 0 0 1 0 0 0 0 0 0 0 0 0 0 0 0 0 0 0 0 0 0 0 0 0 0 0 0 0 0 0 0 0 0 0 0 0 0 0 0 0 0 0 0 0 0 0 0 0 0 0 0 0 0 0 0 0 0 0 0 0 0 0 0 0 0 0 0 0 0 0 0 0 0]
[960086850366545640776571475043997142352105536494581504292004430231622924169287627821669888486953159586310664718665011366485414991302701617074481043854795489715985079042422212520078660326510235371532634640885213647165066392249449052800492698 0 0 0 0 0 0 0 0 0 1 0 0 0 0 0 0 0 0 0 0 0 0 0 0 0 0 0 0 0 0 0 0 0 0 0 0 0 0 0 0 0 0 0 0 0 0 0 0 0 0 0 0 0 0 0 0 0 0 0 0 0 0 0 0 0 0 0 0 0 0 0 0 0 0 0 0 0 0 0]
[3172374801066572652799363309702179708038476974074140722283733327403418564004898421056499258613797783409200118979024979417449566728942476667704513254542075505746823373761554281415341376767931953890953429449668913630482849349765960078717544247 0 0 0 0 0 0 0 0 0 0 1 0 0 0 0 0 0 0 0 0 0 0 0 0 0 0 0 0 0 0 0 0 0 0 0 0 0 0 0 0 0 0 0 0 0 0 0 0 0 0 0 0 0 0 0 0 0 0 0 0 0 0 0 0 0 0 0 0 0 0 0 0 0 0 0 0 0 0 0]
[1052044059673389250086359052929427320292633993263735843755613234750847200110426133418205999302791353386612495995137785425244679171851006925500714899281429762083730793430883278553675716726292495075816315818537615648188117721940077941201267407 0 0 0 0 0 0 0 0 0 0 0 1 0 0 0 0 0 0 0 0 0 0 0 0 0 0 0 0 0 0 0 0 0 0 0 0 0 0 0 0 0 0 0 0 0 0 0 0 0 0 0 0 0 0 0 0 0 0 0 0 0 0 0 0 0 0 0 0 0 0 0 0 0 0 0 0 0 0 0]
[1140973618375881718885051012049350806338586782066116964730737743701021704621629450456572024233613582245765116510378356624868700231618990940506019321043047770379862132278461786117193184026616043354479258540398076829977460619057262245183873201 0 0 0 0 0 0 0 0 0 0 0 0 1 0 0 0 0 0 0 0 0 0 0 0 0 0 0 0 0 0 0 0 0 0 0 0 0 0 0 0 0 0 0 0 0 0 0 0 0 0 0 0 0 0 0 0 0 0 0 0 0 0 0 0 0 0 0 0 0 0 0 0 0 0 0 0 0 0 0]
[3973373588511227906258968810195366262400581058656029339479789691562651998230556721911403874372210859857994730442000696811701165652078620224182517777654043042155408620587845837913916738493603575316745102982915525343816235472333711903244883417 0 0 0 0 0 0 0 0 0 0 0 0 0 1 0 0 0 0 0 0 0 0 0 0 0 0 0 0 0 0 0 0 0 0 0 0 0 0 0 0 0 0 0 0 0 0 0 0 0 0 0 0 0 0 0 0 0 0 0 0 0 0 0 0 0 0 0 0 0 0 0 0 0 0 0 0 0 0 0]
[997195856903953657380049681292460776771119301965576769102351839996561827590485492475762458552809258333186004334432475651277346536055300719434314263211888213354292138357467861746469002481716833078481796371295669724077119313778762154421739147 0 0 0 0 0 0 0 0 0 0 0 0 0 0 1 0 0 0 0 0 0 0 0 0 0 0 0 0 0 0 0 0 0 0 0 0 0 0 0 0 0 0 0 0 0 0 0 0 0 0 0 0 0 0 0 0 0 0 0 0 0 0 0 0 0 0 0 0 0 0 0 0 0 0 0 0 0 0 0]
[3749100556040670444384047452576103543812530925984609940138825774777871800700362861269536888421533726274736209881506942731440309093737243723539472305632019043577614647955337424861914533649016037014314795312055834852135482380918734157187425865 0 0 0 0 0 0 0 0 0 0 0 0 0 0 0 1 0 0 0 0 0 0 0 0 0 0 0 0 0 0 0 0 0 0 0 0 0 0 0 0 0 0 0 0 0 0 0 0 0 0 0 0 0 0 0 0 0 0 0 0 0 0 0 0 0 0 0 0 0 0 0 0 0 0 0 0 0 0 0]
[2101410821228503268849854160619353087904335498532494622084100579749806978042729147220640181431125137390778071533623363354380605086367697745155240968960237449786642575981754890282738930704227623206064394738987709913680083702661014622935495652 0 0 0 0 0 0 0 0 0 0 0 0 0 0 0 0 1 0 0 0 0 0 0 0 0 0 0 0 0 0 0 0 0 0 0 0 0 0 0 0 0 0 0 0 0 0 0 0 0 0 0 0 0 0 0 0 0 0 0 0 0 0 0 0 0 0 0 0 0 0 0 0 0 0 0 0 0 0 0]
[1589933500025936885552204318100149212315763790328784564273628982740396546747815432349657768425651766163857536597081649502721423510049118657840824115092415714640396405163572415850317891783821311089484087950386283214772586140436100229555812703 0 0 0 0 0 0 0 0 0 0 0 0 0 0 0 0 0 1 0 0 0 0 0 0 0 0 0 0 0 0 0 0 0 0 0 0 0 0 0 0 0 0 0 0 0 0 0 0 0 0 0 0 0 0 0 0 0 0 0 0 0 0 0 0 0 0 0 0 0 0 0 0 0 0 0 0 0 0 0]
[878815853874782800863347143555869489482156671052910495409690224183000630144158251401479671123034337056549213687317258549240173536976182520703659159442182352030228662598805586937977308020090093787567898475515530884817749359527653526558144831 0 0 0 0 0 0 0 0 0 0 0 0 0 0 0 0 0 0 1 0 0 0 0 0 0 0 0 0 0 0 0 0 0 0 0 0 0 0 0 0 0 0 0 0 0 0 0 0 0 0 0 0 0 0 0 0 0 0 0 0 0 0 0 0 0 0 0 0 0 0 0 0 0 0 0 0 0 0 0]
[2445832900041199189074216988278713584359611807281539065206081109252589582012798309928070257000688799330822322884444783151620941585041068358685586449459984769038717400464345424488131460480515856132685757437571979672109949210651359477120464097 0 0 0 0 0 0 0 0 0 0 0 0 0 0 0 0 0 0 0 1 0 0 0 0 0 0 0 0 0 0 0 0 0 0 0 0 0 0 0 0 0 0 0 0 0 0 0 0 0 0 0 0 0 0 0 0 0 0 0 0 0 0 0 0 0 0 0 0 0 0 0 0 0 0 0 0 0 0 0]
[2357204476060809263354185928759231414425663656363459014903507153040061924175306048000082505616118356570778983039755161891265941311848489016137543558733329338232635296417178270788521211355427347413406147889012289469862197568486260676800210363 0 0 0 0 0 0 0 0 0 0 0 0 0 0 0 0 0 0 0 0 1 0 0 0 0 0 0 0 0 0 0 0 0 0 0 0 0 0 0 0 0 0 0 0 0 0 0 0 0 0 0 0 0 0 0 0 0 0 0 0 0 0 0 0 0 0 0 0 0 0 0 0 0 0 0 0 0 0 0]
[4256595511624413212743890493321807033639686625470250019703052506844372486288426965873017731042364488525169104883021920499102945457487512330285739728809730886730582362233481405425655668556063292712917247115336538798144478669810743306483580663 0 0 0 0 0 0 0 0 0 0 0 0 0 0 0 0 0 0 0 0 0 1 0 0 0 0 0 0 0 0 0 0 0 0 0 0 0 0 0 0 0 0 0 0 0 0 0 0 0 0 0 0 0 0 0 0 0 0 0 0 0 0 0 0 0 0 0 0 0 0 0 0 0 0 0 0 0 0 0]
[1391428769488955772481162093384775811232904571530351620309073673155757072810362565204935927950896761960127760020899889732997739909992155977671643584742222778096243564165752521819202067834333509547855183137527918886361620844503928346445629209 0 0 0 0 0 0 0 0 0 0 0 0 0 0 0 0 0 0 0 0 0 0 1 0 0 0 0 0 0 0 0 0 0 0 0 0 0 0 0 0 0 0 0 0 0 0 0 0 0 0 0 0 0 0 0 0 0 0 0 0 0 0 0 0 0 0 0 0 0 0 0 0 0 0 0 0 0 0 0]
[2669611110034822931018978143472845218680346862620896941848856281447989489586122742336330328696141461079335840432485403605920603805389553899692501277853810997213615898929824561731750742146602255217088141527435655528803156967724325173701319487 0 0 0 0 0 0 0 0 0 0 0 0 0 0 0 0 0 0 0 0 0 0 0 1 0 0 0 0 0 0 0 0 0 0 0 0 0 0 0 0 0 0 0 0 0 0 0 0 0 0 0 0 0 0 0 0 0 0 0 0 0 0 0 0 0 0 0 0 0 0 0 0 0 0 0 0 0 0 0]
[477515405424934968130853855329324848181833936608467411932008019324806811209746641425297128023011097128120234438577175291821048296980138175839465301671997308651198237961673002697438819734066173961087752727861426042393923264010670157338047314 0 0 0 0 0 0 0 0 0 0 0 0 0 0 0 0 0 0 0 0 0 0 0 0 1 0 0 0 0 0 0 0 0 0 0 0 0 0 0 0 0 0 0 0 0 0 0 0 0 0 0 0 0 0 0 0 0 0 0 0 0 0 0 0 0 0 0 0 0 0 0 0 0 0 0 0 0 0 0]
[3464650146173181309572592094861797818722459553938590020015553261470529435487302430494069517254433120557496979777323529623950964298083149911968129818455410833108388450241390012948664298190198842748425223957708282654118074913217044316721283728 0 0 0 0 0 0 0 0 0 0 0 0 0 0 0 0 0 0 0 0 0 0 0 0 0 1 0 0 0 0 0 0 0 0 0 0 0 0 0 0 0 0 0 0 0 0 0 0 0 0 0 0 0 0 0 0 0 0 0 0 0 0 0 0 0 0 0 0 0 0 0 0 0 0 0 0 0 0 0]
[3764154020396897512033904430864370293840392772799246884562905645139618687967858761797714743494647906423526777425474174939207474272330237241509768639205816971773760255162920418075060084136536387081179692813476267426141234991128187056296122202 0 0 0 0 0 0 0 0 0 0 0 0 0 0 0 0 0 0 0 0 0 0 0 0 0 0 1 0 0 0 0 0 0 0 0 0 0 0 0 0 0 0 0 0 0 0 0 0 0 0 0 0 0 0 0 0 0 0 0 0 0 0 0 0 0 0 0 0 0 0 0 0 0 0 0 0 0 0 0]
[3149750490482956405266175785240164971466313424607526842282342090375592271169599115198905093515514994509973276010143386894000389844205457393862127758490119489190794575790316447345790054345577367793848521061382721424763900691042577449745030732 0 0 0 0 0 0 0 0 0 0 0 0 0 0 0 0 0 0 0 0 0 0 0 0 0 0 0 1 0 0 0 0 0 0 0 0 0 0 0 0 0 0 0 0 0 0 0 0 0 0 0 0 0 0 0 0 0 0 0 0 0 0 0 0 0 0 0 0 0 0 0 0 0 0 0 0 0 0 0]
[1208356734861011293124191468000300858696620950405091582022548139202117276577858807020530635778558652927975393338855382957479026761451379234661788986292063629838807163274932222799338757051094770659849418319404053670186639492533512827396041198 0 0 0 0 0 0 0 0 0 0 0 0 0 0 0 0 0 0 0 0 0 0 0 0 0 0 0 0 1 0 0 0 0 0 0 0 0 0 0 0 0 0 0 0 0 0 0 0 0 0 0 0 0 0 0 0 0 0 0 0 0 0 0 0 0 0 0 0 0 0 0 0 0 0 0 0 0 0 0]
[2939007146270558688714596452224979815749040960391191501232712959549299997268118106974022469397281365661771538645085152633032536347906235871505841770924169450098725982034689614803995320297765819680826725418768241769776647120525016463530853377 0 0 0 0 0 0 0 0 0 0 0 0 0 0 0 0 0 0 0 0 0 0 0 0 0 0 0 0 0 1 0 0 0 0 0 0 0 0 0 0 0 0 0 0 0 0 0 0 0 0 0 0 0 0 0 0 0 0 0 0 0 0 0 0 0 0 0 0 0 0 0 0 0 0 0 0 0 0 0]
[985813845339446733439662783970088604834941788910650534156168157976073175112668901589020871121758301407000825111489558599662731080688085052604869676606455188879284205726711371325815994644277279335824813987779489110928535123228432771624411913 0 0 0 0 0 0 0 0 0 0 0 0 0 0 0 0 0 0 0 0 0 0 0 0 0 0 0 0 0 0 1 0 0 0 0 0 0 0 0 0 0 0 0 0 0 0 0 0 0 0 0 0 0 0 0 0 0 0 0 0 0 0 0 0 0 0 0 0 0 0 0 0 0 0 0 0 0 0 0]
[3816991574962897924505485833519397944866020149380116844470446700851187464957723302322605646465682969441607763203640475041643105109980492269898908274096780044053959637232471869719817722361877933375807287176791368145904628729397768213004363588 0 0 0 0 0 0 0 0 0 0 0 0 0 0 0 0 0 0 0 0 0 0 0 0 0 0 0 0 0 0 0 1 0 0 0 0 0 0 0 0 0 0 0 0 0 0 0 0 0 0 0 0 0 0 0 0 0 0 0 0 0 0 0 0 0 0 0 0 0 0 0 0 0 0 0 0 0 0 0]
[515504424344233990803669835255058693223746286342602464721775758683865327686141335227555171070241982176902930634651720741804196583289467482749258881191132971909605420853765851113073921393747195597723412036647545228807988550529907720128408483 0 0 0 0 0 0 0 0 0 0 0 0 0 0 0 0 0 0 0 0 0 0 0 0 0 0 0 0 0 0 0 0 1 0 0 0 0 0 0 0 0 0 0 0 0 0 0 0 0 0 0 0 0 0 0 0 0 0 0 0 0 0 0 0 0 0 0 0 0 0 0 0 0 0 0 0 0 0 0]
[2948356093372812570237789632877801605513768588764458113161877279286579973465494737502061979901868950599735887737612499920798161704414577702157092436245589569886876059195057018107004134254977222344717026127400906799064598235531310283896540434 0 0 0 0 0 0 0 0 0 0 0 0 0 0 0 0 0 0 0 0 0 0 0 0 0 0 0 0 0 0 0 0 0 1 0 0 0 0 0 0 0 0 0 0 0 0 0 0 0 0 0 0 0 0 0 0 0 0 0 0 0 0 0 0 0 0 0 0 0 0 0 0 0 0 0 0 0 0 0]
[1916940899332325211934704187902403669776410473840925935394342026581845943942441670502820377632686268714696205141983525289964765523773350448573634411288379591739008708416142241978914906651567012572565197310264181633923910816807157107599662848 0 0 0 0 0 0 0 0 0 0 0 0 0 0 0 0 0 0 0 0 0 0 0 0 0 0 0 0 0 0 0 0 0 0 1 0 0 0 0 0 0 0 0 0 0 0 0 0 0 0 0 0 0 0 0 0 0 0 0 0 0 0 0 0 0 0 0 0 0 0 0 0 0 0 0 0 0 0 0]
[3495843591655042478939789712440890381703520457581916688514552734404120420670499043703452947605042404499963847651753572504503064979316842250396788483521681445052358543302121265539227861703910442819395915000282338635451280593248773195499849587 0 0 0 0 0 0 0 0 0 0 0 0 0 0 0 0 0 0 0 0 0 0 0 0 0 0 0 0 0 0 0 0 0 0 0 1 0 0 0 0 0 0 0 0 0 0 0 0 0 0 0 0 0 0 0 0 0 0 0 0 0 0 0 0 0 0 0 0 0 0 0 0 0 0 0 0 0 0 0]
[3345718402836401800229612956138960129151472714486621819844195251568326537942496928582525813606281969973013207548376749884745436854191963492845772434825666269702334144970759721306156092839587781631901700690022321247714612106808339536246773556 0 0 0 0 0 0 0 0 0 0 0 0 0 0 0 0 0 0 0 0 0 0 0 0 0 0 0 0 0 0 0 0 0 0 0 0 1 0 0 0 0 0 0 0 0 0 0 0 0 0 0 0 0 0 0 0 0 0 0 0 0 0 0 0 0 0 0 0 0 0 0 0 0 0 0 0 0 0 0]
[3961683323120836827897964414760941903629411868010110858185695485358755069277895674844698626935548650606795808841964620211145787127636816446468231766025208600815733879949778802453362289340153029750344437841241741757275730347685245484222061404 0 0 0 0 0 0 0 0 0 0 0 0 0 0 0 0 0 0 0 0 0 0 0 0 0 0 0 0 0 0 0 0 0 0 0 0 0 1 0 0 0 0 0 0 0 0 0 0 0 0 0 0 0 0 0 0 0 0 0 0 0 0 0 0 0 0 0 0 0 0 0 0 0 0 0 0 0 0 0]
[4179084856969017721581293525594275211914834099900792470654790049849958565721574503565044984003811744422138137573508089647575008698280510133612049378186466792550733411295805986955125814954738516136739095599020389767923209039022083321832953968 0 0 0 0 0 0 0 0 0 0 0 0 0 0 0 0 0 0 0 0 0 0 0 0 0 0 0 0 0 0 0 0 0 0 0 0 0 0 1 0 0 0 0 0 0 0 0 0 0 0 0 0 0 0 0 0 0 0 0 0 0 0 0 0 0 0 0 0 0 0 0 0 0 0 0 0 0 0 0]
[1391683024930706854975095127766686721817104060306141283762101430915119143844611338565895833221075548310516533621011531522852340183057627049658700804242509960645608509192745652668710682933600065044787326162415293613073574068400187497689686152 0 0 0 0 0 0 0 0 0 0 0 0 0 0 0 0 0 0 0 0 0 0 0 0 0 0 0 0 0 0 0 0 0 0 0 0 0 0 0 1 0 0 0 0 0 0 0 0 0 0 0 0 0 0 0 0 0 0 0 0 0 0 0 0 0 0 0 0 0 0 0 0 0 0 0 0 0 0 0]
[3647735053849917140141160017381531726331750704422152678986182063581692181601368676316908044998592095383633224042560579788503039726991579440111140522686387740255395612585374460101547185185716758996009361206415294300293846711346931216874132782 0 0 0 0 0 0 0 0 0 0 0 0 0 0 0 0 0 0 0 0 0 0 0 0 0 0 0 0 0 0 0 0 0 0 0 0 0 0 0 0 1 0 0 0 0 0 0 0 0 0 0 0 0 0 0 0 0 0 0 0 0 0 0 0 0 0 0 0 0 0 0 0 0 0 0 0 0 0 0]
[1243945813956908705121485392558485694295341198448238742022287598490239886036994716549531116458964496381566052694121621393964154246390878783834836708973747249039755612607554981017392248027088232923446329607284967846195431749601428986614167035 0 0 0 0 0 0 0 0 0 0 0 0 0 0 0 0 0 0 0 0 0 0 0 0 0 0 0 0 0 0 0 0 0 0 0 0 0 0 0 0 0 1 0 0 0 0 0 0 0 0 0 0 0 0 0 0 0 0 0 0 0 0 0 0 0 0 0 0 0 0 0 0 0 0 0 0 0 0 0]
[1715044773145560412438263021361027495267338668258616445654494524210652698828486356117894293050919320805300335803727649593785638433077919231226155715445912178283075472662624823436426375989135552062413567612979509323676341249243744652492194397 0 0 0 0 0 0 0 0 0 0 0 0 0 0 0 0 0 0 0 0 0 0 0 0 0 0 0 0 0 0 0 0 0 0 0 0 0 0 0 0 0 0 1 0 0 0 0 0 0 0 0 0 0 0 0 0 0 0 0 0 0 0 0 0 0 0 0 0 0 0 0 0 0 0 0 0 0 0 0]
[804546509036571653130425421372646067909019935756052731545114595154783864276687624595518826370754442516022022860215410341285599290232036273367284030082005524846933345669230800393297951156854757829148243697202139864315041340443914372685331527 0 0 0 0 0 0 0 0 0 0 0 0 0 0 0 0 0 0 0 0 0 0 0 0 0 0 0 0 0 0 0 0 0 0 0 0 0 0 0 0 0 0 0 1 0 0 0 0 0 0 0 0 0 0 0 0 0 0 0 0 0 0 0 0 0 0 0 0 0 0 0 0 0 0 0 0 0 0 0]
[819028872009196558249101402780534487669849504848450739583522603322471875904296632601329340318886127753151095695893076543160860900038827444066458912836093493909136858788258228892146441909846331243938250840323027549030405110611894118069877113 0 0 0 0 0 0 0 0 0 0 0 0 0 0 0 0 0 0 0 0 0 0 0 0 0 0 0 0 0 0 0 0 0 0 0 0 0 0 0 0 0 0 0 0 1 0 0 0 0 0 0 0 0 0 0 0 0 0 0 0 0 0 0 0 0 0 0 0 0 0 0 0 0 0 0 0 0 0 0]
[4087744771591103270188787892975505503057425280772607824978684190492727432946968448711576623552304298859059632464551144849449926453485712781343332250088712638608145797128990120533495407162019627023266943756193889477322337555572898537152679490 0 0 0 0 0 0 0 0 0 0 0 0 0 0 0 0 0 0 0 0 0 0 0 0 0 0 0 0 0 0 0 0 0 0 0 0 0 0 0 0 0 0 0 0 0 1 0 0 0 0 0 0 0 0 0 0 0 0 0 0 0 0 0 0 0 0 0 0 0 0 0 0 0 0 0 0 0 0 0]
[2274313634716525372866775064251070673352219631706367325657718906985847902119881665379836201594280493426237085342588382832104271920831377476378234433850711412487905586492860067744561649873562571529890891294249206483085444416764656546960157540 0 0 0 0 0 0 0 0 0 0 0 0 0 0 0 0 0 0 0 0 0 0 0 0 0 0 0 0 0 0 0 0 0 0 0 0 0 0 0 0 0 0 0 0 0 0 1 0 0 0 0 0 0 0 0 0 0 0 0 0 0 0 0 0 0 0 0 0 0 0 0 0 0 0 0 0 0 0 0]
[3815948302919112924450170363507480405132759577664981236105110981325746538937300600655932451866645737364310382278226405155015142363201575837509216035885336584852092961311183170691148439767082575850008097226077705916538691829095358497135480892 0 0 0 0 0 0 0 0 0 0 0 0 0 0 0 0 0 0 0 0 0 0 0 0 0 0 0 0 0 0 0 0 0 0 0 0 0 0 0 0 0 0 0 0 0 0 0 1 0 0 0 0 0 0 0 0 0 0 0 0 0 0 0 0 0 0 0 0 0 0 0 0 0 0 0 0 0 0 0]
[327466300279462652811325592467596911578383603164719367314383030433171030268640645464233571066891145942471064724318216108110040862777856104467766862536373688536054106881991142647216488580490784755728455791954650975923516912725753531621529928 0 0 0 0 0 0 0 0 0 0 0 0 0 0 0 0 0 0 0 0 0 0 0 0 0 0 0 0 0 0 0 0 0 0 0 0 0 0 0 0 0 0 0 0 0 0 0 0 1 0 0 0 0 0 0 0 0 0 0 0 0 0 0 0 0 0 0 0 0 0 0 0 0 0 0 0 0 0 0]
[4066456556535485667036736500962819713154952932906091504505005061757887052884702915177309525212161574680308400665506908315489715383215350255728045943868360955201041452306091150972791408619367312263400121547031180223565310447389746353720198708 0 0 0 0 0 0 0 0 0 0 0 0 0 0 0 0 0 0 0 0 0 0 0 0 0 0 0 0 0 0 0 0 0 0 0 0 0 0 0 0 0 0 0 0 0 0 0 0 0 1 0 0 0 0 0 0 0 0 0 0 0 0 0 0 0 0 0 0 0 0 0 0 0 0 0 0 0 0 0]
[1039210461879802905191283899604007197576634576483526430195031193425938409980433081262665560188190930943358057303116804809393215403455383627277055606954920992426514395360068699834398863234573896428820706075275561052782876516325695305046871326 0 0 0 0 0 0 0 0 0 0 0 0 0 0 0 0 0 0 0 0 0 0 0 0 0 0 0 0 0 0 0 0 0 0 0 0 0 0 0 0 0 0 0 0 0 0 0 0 0 0 1 0 0 0 0 0 0 0 0 0 0 0 0 0 0 0 0 0 0 0 0 0 0 0 0 0 0 0 0]
[3463689642377827372710370375226123546817626961586426165084482242317065805636769613436191845252853950485066896606943744678612797463769057511880831624598788068698950042463550574956117190585679011102977706706116905093078328612617491957724984074 0 0 0 0 0 0 0 0 0 0 0 0 0 0 0 0 0 0 0 0 0 0 0 0 0 0 0 0 0 0 0 0 0 0 0 0 0 0 0 0 0 0 0 0 0 0 0 0 0 0 0 1 0 0 0 0 0 0 0 0 0 0 0 0 0 0 0 0 0 0 0 0 0 0 0 0 0 0 0]
[1987635213104709336162974262078370837258286528108867858335125551783294589050218053550012587802680668454934116101133771618149372638886440015836039825340426352256344038950832718355599555407164822131437907093041005253996366088425062274467519073 0 0 0 0 0 0 0 0 0 0 0 0 0 0 0 0 0 0 0 0 0 0 0 0 0 0 0 0 0 0 0 0 0 0 0 0 0 0 0 0 0 0 0 0 0 0 0 0 0 0 0 0 1 0 0 0 0 0 0 0 0 0 0 0 0 0 0 0 0 0 0 0 0 0 0 0 0 0 0]
[2573064230013631681208235160546717071296859744602397576341601527009743388891889478434553066165990102963059393243478194258558870764004321420018541955396594589783956134079395344575294554348457071117739724992594126380359527677216044794332336392 0 0 0 0 0 0 0 0 0 0 0 0 0 0 0 0 0 0 0 0 0 0 0 0 0 0 0 0 0 0 0 0 0 0 0 0 0 0 0 0 0 0 0 0 0 0 0 0 0 0 0 0 0 1 0 0 0 0 0 0 0 0 0 0 0 0 0 0 0 0 0 0 0 0 0 0 0 0 0]
[2081648060878087127756663961009650979230554017131314307660299302312325153613580852512134767781977556727434096495832543276651153691451266042722879487656033768664834338595802555985126373240614835386891405652269491314551251229192433522809305390 0 0 0 0 0 0 0 0 0 0 0 0 0 0 0 0 0 0 0 0 0 0 0 0 0 0 0 0 0 0 0 0 0 0 0 0 0 0 0 0 0 0 0 0 0 0 0 0 0 0 0 0 0 0 1 0 0 0 0 0 0 0 0 0 0 0 0 0 0 0 0 0 0 0 0 0 0 0 0]
[996240396907267854611757992745330037554322241692896541921320592150032318623121211624544776351953035856548571507945460262643129391043983745320779210334873773764535664171320823335964678528318510730563312088812858954492721352073389617681205130 0 0 0 0 0 0 0 0 0 0 0 0 0 0 0 0 0 0 0 0 0 0 0 0 0 0 0 0 0 0 0 0 0 0 0 0 0 0 0 0 0 0 0 0 0 0 0 0 0 0 0 0 0 0 0 1 0 0 0 0 0 0 0 0 0 0 0 0 0 0 0 0 0 0 0 0 0 0 0]
[2004505508122184788511988380378484192018319452728547804571691474122610150441332421416527586137217081820701386525175894528845604668187614986971671759351616514626718352503074380293935206751547176149443074856553636524103912427961587763604317855 0 0 0 0 0 0 0 0 0 0 0 0 0 0 0 0 0 0 0 0 0 0 0 0 0 0 0 0 0 0 0 0 0 0 0 0 0 0 0 0 0 0 0 0 0 0 0 0 0 0 0 0 0 0 0 0 1 0 0 0 0 0 0 0 0 0 0 0 0 0 0 0 0 0 0 0 0 0 0]
[2134564493470571493013708602974679593976971046303275594093844943902452186993111699403340762083831817609061867375216734656627007538128517699115234178634846926294867592442026004725770189476382610292301285162687493027694324255636480052158421328 0 0 0 0 0 0 0 0 0 0 0 0 0 0 0 0 0 0 0 0 0 0 0 0 0 0 0 0 0 0 0 0 0 0 0 0 0 0 0 0 0 0 0 0 0 0 0 0 0 0 0 0 0 0 0 0 0 1 0 0 0 0 0 0 0 0 0 0 0 0 0 0 0 0 0 0 0 0 0]
[72528498120930059414616803954804477585105454736567856018056958449827556578824329691573630840682062647234726203946071156041268709756285218688317729404716578530066015686865561685931498563394142676848409266025427456435585261656741543449158141 0 0 0 0 0 0 0 0 0 0 0 0 0 0 0 0 0 0 0 0 0 0 0 0 0 0 0 0 0 0 0 0 0 0 0 0 0 0 0 0 0 0 0 0 0 0 0 0 0 0 0 0 0 0 0 0 0 0 1 0 0 0 0 0 0 0 0 0 0 0 0 0 0 0 0 0 0 0 0]
[3209193741813559809958518815271342174005862759246493452804882396022883612853836388674729635630439912666791431979713367498041553414821640382995033571066863947384540310073845915596698666101189705222163337718359675452163142712432161992615757261 0 0 0 0 0 0 0 0 0 0 0 0 0 0 0 0 0 0 0 0 0 0 0 0 0 0 0 0 0 0 0 0 0 0 0 0 0 0 0 0 0 0 0 0 0 0 0 0 0 0 0 0 0 0 0 0 0 0 0 1 0 0 0 0 0 0 0 0 0 0 0 0 0 0 0 0 0 0 0]
[1996737584839007197495232659436916952511029076184767178846934960491052220332615458104691244588519520075239957456350005037168969237294430423399652445495310151564047000822784530999205228556869660547298269507063768383364659146669215655686646158 0 0 0 0 0 0 0 0 0 0 0 0 0 0 0 0 0 0 0 0 0 0 0 0 0 0 0 0 0 0 0 0 0 0 0 0 0 0 0 0 0 0 0 0 0 0 0 0 0 0 0 0 0 0 0 0 0 0 0 0 1 0 0 0 0 0 0 0 0 0 0 0 0 0 0 0 0 0 0]
[283151622606658474506135191991511803972633072149660353950529879806026776793561068275646833611405772558559270676376225883405508304217612072775278032776058767117989945303596610150072889814972901834251874824946861571766753133307956932364935482 0 0 0 0 0 0 0 0 0 0 0 0 0 0 0 0 0 0 0 0 0 0 0 0 0 0 0 0 0 0 0 0 0 0 0 0 0 0 0 0 0 0 0 0 0 0 0 0 0 0 0 0 0 0 0 0 0 0 0 0 0 1 0 0 0 0 0 0 0 0 0 0 0 0 0 0 0 0 0]
[1705203677085465207161397276406930804974032902672577557486452557773223638512541806988025078843668910026968054692318258151201355289218042236593136857400392775880369101284270346746142396675623359100553229374831828626069869586336312070796135686 0 0 0 0 0 0 0 0 0 0 0 0 0 0 0 0 0 0 0 0 0 0 0 0 0 0 0 0 0 0 0 0 0 0 0 0 0 0 0 0 0 0 0 0 0 0 0 0 0 0 0 0 0 0 0 0 0 0 0 0 0 0 1 0 0 0 0 0 0 0 0 0 0 0 0 0 0 0 0]
[1928619686090634164690317580564085829410957543546163647352072526762603877592156084186265169171982975625628533820058900986394721412422549573020029952834211394175160027883932331438521361061106457596717780137051564629272409436955247094278812999 0 0 0 0 0 0 0 0 0 0 0 0 0 0 0 0 0 0 0 0 0 0 0 0 0 0 0 0 0 0 0 0 0 0 0 0 0 0 0 0 0 0 0 0 0 0 0 0 0 0 0 0 0 0 0 0 0 0 0 0 0 0 0 1 0 0 0 0 0 0 0 0 0 0 0 0 0 0 0]
[3452247708565471392878697093229904605764478313157115538655934045038009063402930588294979929855947743465512299708503594468315745484608214488002911934893312460371165467317652901616830339750732952193135199196160834836146102243534052891490881374 0 0 0 0 0 0 0 0 0 0 0 0 0 0 0 0 0 0 0 0 0 0 0 0 0 0 0 0 0 0 0 0 0 0 0 0 0 0 0 0 0 0 0 0 0 0 0 0 0 0 0 0 0 0 0 0 0 0 0 0 0 0 0 0 1 0 0 0 0 0 0 0 0 0 0 0 0 0 0]
[2044442620506458607513244589635582911028401912683141644758000692530135357528993902035171876214249509127477857965994718596110347175718433345234665312032819154116439852003645892420500507433225789107502971950686853907005471913336599097474040666 0 0 0 0 0 0 0 0 0 0 0 0 0 0 0 0 0 0 0 0 0 0 0 0 0 0 0 0 0 0 0 0 0 0 0 0 0 0 0 0 0 0 0 0 0 0 0 0 0 0 0 0 0 0 0 0 0 0 0 0 0 0 0 0 0 1 0 0 0 0 0 0 0 0 0 0 0 0 0]
[1902572701696032159546769101709090259357561708083281585311792484659232407289237791961264631821425064946737808803760389646962928256993865770433751824252871787090917375678009433983512730373033377925388617558245035722969655183545613712881872097 0 0 0 0 0 0 0 0 0 0 0 0 0 0 0 0 0 0 0 0 0 0 0 0 0 0 0 0 0 0 0 0 0 0 0 0 0 0 0 0 0 0 0 0 0 0 0 0 0 0 0 0 0 0 0 0 0 0 0 0 0 0 0 0 0 0 1 0 0 0 0 0 0 0 0 0 0 0 0]
[1716065431265323418524388051315050042580761746511011361439601821490581946151355273217615699636844487879066897878833701296150676571293078034013328938485534519677996441415595922204690325813787307922067035889969725389738137997965855664909979859 0 0 0 0 0 0 0 0 0 0 0 0 0 0 0 0 0 0 0 0 0 0 0 0 0 0 0 0 0 0 0 0 0 0 0 0 0 0 0 0 0 0 0 0 0 0 0 0 0 0 0 0 0 0 0 0 0 0 0 0 0 0 0 0 0 0 0 1 0 0 0 0 0 0 0 0 0 0 0]
[4202951702024115939816975441281018837644898111144024222900934349591786635420694290657407388017443900875971127927829589593017034358961244564345654791754849829791805088584452006574409468771000769513687526501449265939843767740533575253197442620 0 0 0 0 0 0 0 0 0 0 0 0 0 0 0 0 0 0 0 0 0 0 0 0 0 0 0 0 0 0 0 0 0 0 0 0 0 0 0 0 0 0 0 0 0 0 0 0 0 0 0 0 0 0 0 0 0 0 0 0 0 0 0 0 0 0 0 0 1 0 0 0 0 0 0 0 0 0 0]
[234283032781269258595244799838433635624361078837395761265291373914829304662802295389401751431469510306368457682708398515944722492118525847664842540030695428561719053729059147362283600099299368584043893486956574599029746843493166440192943268 0 0 0 0 0 0 0 0 0 0 0 0 0 0 0 0 0 0 0 0 0 0 0 0 0 0 0 0 0 0 0 0 0 0 0 0 0 0 0 0 0 0 0 0 0 0 0 0 0 0 0 0 0 0 0 0 0 0 0 0 0 0 0 0 0 0 0 0 0 1 0 0 0 0 0 0 0 0 0]
[2668631628798785804003328410237652871755567726497785731877121974227805576077840982715892408107263927710281964549593872880197570102019839818033966481446847364170047361744116602652639078808295729075011874003316505704747894519671902530245393859 0 0 0 0 0 0 0 0 0 0 0 0 0 0 0 0 0 0 0 0 0 0 0 0 0 0 0 0 0 0 0 0 0 0 0 0 0 0 0 0 0 0 0 0 0 0 0 0 0 0 0 0 0 0 0 0 0 0 0 0 0 0 0 0 0 0 0 0 0 0 1 0 0 0 0 0 0 0 0]
[638426966858019071251974585365195628076634784986606922674071359840815416629173019769170948840108113419990039731085650048140112648027497547691776823625891991236980192728151807629238881756010527815064988268838919396313802670568513725706168017 0 0 0 0 0 0 0 0 0 0 0 0 0 0 0 0 0 0 0 0 0 0 0 0 0 0 0 0 0 0 0 0 0 0 0 0 0 0 0 0 0 0 0 0 0 0 0 0 0 0 0 0 0 0 0 0 0 0 0 0 0 0 0 0 0 0 0 0 0 0 0 1 0 0 0 0 0 0 0]
[2635040001329680825754129516092299975868949208349920846358400506432600913625729687447492077185901581880241999710784425234208002758373696146270885510232161000255527171295558980050332904187290839000404907110276873696161239189227245054246768650 0 0 0 0 0 0 0 0 0 0 0 0 0 0 0 0 0 0 0 0 0 0 0 0 0 0 0 0 0 0 0 0 0 0 0 0 0 0 0 0 0 0 0 0 0 0 0 0 0 0 0 0 0 0 0 0 0 0 0 0 0 0 0 0 0 0 0 0 0 0 0 0 1 0 0 0 0 0 0]
[1142628288509430317986542579595066439151574358899060734195064530871384300510801046945951449916178253505086725443728125611613229165663461841171196235896757155321216404240647065113106040395317632482107243485469670657588052243610470642341652182 0 0 0 0 0 0 0 0 0 0 0 0 0 0 0 0 0 0 0 0 0 0 0 0 0 0 0 0 0 0 0 0 0 0 0 0 0 0 0 0 0 0 0 0 0 0 0 0 0 0 0 0 0 0 0 0 0 0 0 0 0 0 0 0 0 0 0 0 0 0 0 0 0 1 0 0 0 0 0]
[1324285059872403910278077035821273945172825595165749551547355982906535172871028511332351520067394987565137142081118345240971371936988384801780221335095062529988597134542588260449244561983350785742759533461952604793239314793148313441767717463 0 0 0 0 0 0 0 0 0 0 0 0 0 0 0 0 0 0 0 0 0 0 0 0 0 0 0 0 0 0 0 0 0 0 0 0 0 0 0 0 0 0 0 0 0 0 0 0 0 0 0 0 0 0 0 0 0 0 0 0 0 0 0 0 0 0 0 0 0 0 0 0 0 0 1 0 0 0 0]
[3879366459943097188606585561924107186316317350628105037465333728692837433345098387966279694487101125312040924926902217762984305184993435832016374449560673011243759291852183714273073294100569741739119605460992922156738900643924901444548946630 0 0 0 0 0 0 0 0 0 0 0 0 0 0 0 0 0 0 0 0 0 0 0 0 0 0 0 0 0 0 0 0 0 0 0 0 0 0 0 0 0 0 0 0 0 0 0 0 0 0 0 0 0 0 0 0 0 0 0 0 0 0 0 0 0 0 0 0 0 0 0 0 0 0 0 1 0 0 0]
[395191394752127128775974640988576742862569089341251353936900379403768223970620358565745252557431066611463954327879534393561766328479835126141374162004074018750253042825947012714697103307258939568651433357952940437440538482879238417851285145 0 0 0 0 0 0 0 0 0 0 0 0 0 0 0 0 0 0 0 0 0 0 0 0 0 0 0 0 0 0 0 0 0 0 0 0 0 0 0 0 0 0 0 0 0 0 0 0 0 0 0 0 0 0 0 0 0 0 0 0 0 0 0 0 0 0 0 0 0 0 0 0 0 0 0 0 1 0 0]
[1712722315632666523513226830485579089721377123198148297593355374481501365114969238142852375017987012790591076306341401569942233777161608730064554895503099695049741849856545163730541254567094630912320211082922496492887889412674262322299164465 0 0 0 0 0 0 0 0 0 0 0 0 0 0 0 0 0 0 0 0 0 0 0 0 0 0 0 0 0 0 0 0 0 0 0 0 0 0 0 0 0 0 0 0 0 0 0 0 0 0 0 0 0 0 0 0 0 0 0 0 0 0 0 0 0 0 0 0 0 0 0 0 0 0 0 0 0 1 0]
[3114962697537664519414001589915494170236397932074028995574989600638596611849188301929827562282485735255236183432466902879706002535468820382414564904257467742561484095843930247468118666784635601746344185960249174513024401373006753204712592924 0 0 0 0 0 0 0 0 0 0 0 0 0 0 0 0 0 0 0 0 0 0 0 0 0 0 0 0 0 0 0 0 0 0 0 0 0 0 0 0 0 0 0 0 0 0 0 0 0 0 0 0 0 0 0 0 0 0 0 0 0 0 0 0 0 0 0 0 0 0 0 0 0 0 0 0 0 0 1]
]
