[[11346176282656686476906658988977813255444454951774725114309686315651537801834446562455633072258863890765699180933579532241557022280426748892176610738460816334298855908735516287902658777086906795131761571004439992803739234945876728219041415840539272906352026475886373317755355359654426860785666786161692078145638879204069600544359729 0 0 0 0 0 0 0 0 0 0 0 0 0 0 0 0 0 0 0 0 0 0 0 0 0 0 0 0 0 0 0 0 0 0 0 0 0 0 0 0 0 0 0 0 0 0 0 0 0 0 0 0 0 0 0 0 0 0 0 0 0 0 0 0 0 0 0 0 0 0 0 0 0 0 0 0 0 0 0 0 0 0 0 0 0 0 0 0 0 0 0 0 0 0 0 0 0 0 0 0 0 0 0 0 0 0 0 0 0]
[3561520002715559532852747598581818165702829189440651207472705159736815600748631617700730250435694205319088680707669033045829950557551122381027091516640865473948187724994133627711459971183731448818440859335037708721648189460075209886190187459573428458909699914210157251023228649514214352857701921401606459631903433894090721798884713 1 0 0 0 0 0 0 0 0 0 0 0 0 0 0 0 0 0 0 0 0 0 0 0 0 0 0 0 0 0 0 0 0 0 0 0 0 0 0 0 0 0 0 0 0 0 0 0 0 0 0 0 0 0 0 0 0 0 0 0 0 0 0 0 0 0 0 0 0 0 0 0 0 0 0 0 0 0 0 0 0 0 0 0 0 0 0 0 0 0 0 0 0 0 0 0 0 0 0 0 0 0 0 0 0 0 0 0 0]
[3205102704833643269132109772951301283290210715928871160431792558152525568351593572335565881660320995456209203850329660949041971374409321222355505307748830284728458754046000816780780714101323009210225096554177549649285935229047317728184772478100521340568097288165216193986162680569208506201056523007989212964404794661560448425431874 0 1 0 0 0 0 0 0 0 0 0 0 0 0 0 0 0 0 0 0 0 0 0 0 0 0 0 0 0 0 0 0 0 0 0 0 0 0 0 0 0 0 0 0 0 0 0 0 0 0 0 0 0 0 0 0 0 0 0 0 0 0 0 0 0 0 0 0 0 0 0 0 0 0 0 0 0 0 0 0 0 0 0 0 0 0 0 0 0 0 0 0 0 0 0 0 0 0 0 0 0 0 0 0 0 0 0 0 0]
[3461076028605116679329710592012578946557457656932710063147238405987079039951256187065125557199839177074027769589363218251345953963504340486766160462040102568117654698929411361272721675776332872088526023870922107796683034001695107813824209888385847037508750396476511520126125236111840376028944632857077492055630223312414242507234415 0 0 1 0 0 0 0 0 0 0 0 0 0 0 0 0 0 0 0 0 0 0 0 0 0 0 0 0 0 0 0 0 0 0 0 0 0 0 0 0 0 0 0 0 0 0 0 0 0 0 0 0 0 0 0 0 0 0 0 0 0 0 0 0 0 0 0 0 0 0 0 0 0 0 0 0 0 0 0 0 0 0 0 0 0 0 0 0 0 0 0 0 0 0 0 0 0 0 0 0 0 0 0 0 0 0 0 0 0]
[162128324798833804683149063091785490397062284421170001371791341906575708952683698084387493103296533396288201349823286818009700049842712638574714251069380955332220363182662396972675794225314189533950430633777089840678091580421230780951965198306235248300028922431758740114273657970468953785209314468302624511615076065476823391341699 0 0 0 1 0 0 0 0 0 0 0 0 0 0 0 0 0 0 0 0 0 0 0 0 0 0 0 0 0 0 0 0 0 0 0 0 0 0 0 0 0 0 0 0 0 0 0 0 0 0 0 0 0 0 0 0 0 0 0 0 0 0 0 0 0 0 0 0 0 0 0 0 0 0 0 0 0 0 0 0 0 0 0 0 0 0 0 0 0 0 0 0 0 0 0 0 0 0 0 0 0 0 0 0 0 0 0 0 0]
[7413440986634436045237574172473329534203445565314966262555323714626913498971248768986381140376566213493574264793694470324476715063144045953885837381830907442624747887940520778827708727916498696459985941095942639797347102926135315118378591169281064868537881771853878571224995389054241880023039918518936804054013342763735074964951927 0 0 0 0 1 0 0 0 0 0 0 0 0 0 0 0 0 0 0 0 0 0 0 0 0 0 0 0 0 0 0 0 0 0 0 0 0 0 0 0 0 0 0 0 0 0 0 0 0 0 0 0 0 0 0 0 0 0 0 0 0 0 0 0 0 0 0 0 0 0 0 0 0 0 0 0 0 0 0 0 0 0 0 0 0 0 0 0 0 0 0 0 0 0 0 0 0 0 0 0 0 0 0 0 0 0 0 0 0]
[5602336931780542110063285933298536488811404194751973385771371117842272796500688390883022231703866940109185518758324478376472187116506258575877272734402620189134781579915148654500088611249016937003424614695499427362398117678587709699069940791996372038521891233738043632446472084096088900134039171488781716398460820366650963486849778 0 0 0 0 0 1 0 0 0 0 0 0 0 0 0 0 0 0 0 0 0 0 0 0 0 0 0 0 0 0 0 0 0 0 0 0 0 0 0 0 0 0 0 0 0 0 0 0 0 0 0 0 0 0 0 0 0 0 0 0 0 0 0 0 0 0 0 0 0 0 0 0 0 0 0 0 0 0 0 0 0 0 0 0 0 0 0 0 0 0 0 0 0 0 0 0 0 0 0 0 0 0 0 0 0 0 0 0 0]
[8035357866393275694113071443228754163168882245801082720541051345619708005611262126740576341893278925349231073914558220789729462830660116070160484158803810782411419639657545967055646967062326542444933848189180060662136761537565614475251288720095056451858633046199767995726971206480433416071115844475993997678020201974873091592184703 0 0 0 0 0 0 1 0 0 0 0 0 0 0 0 0 0 0 0 0 0 0 0 0 0 0 0 0 0 0 0 0 0 0 0 0 0 0 0 0 0 0 0 0 0 0 0 0 0 0 0 0 0 0 0 0 0 0 0 0 0 0 0 0 0 0 0 0 0 0 0 0 0 0 0 0 0 0 0 0 0 0 0 0 0 0 0 0 0 0 0 0 0 0 0 0 0 0 0 0 0 0 0 0 0 0 0 0 0]
[3142275783665681859094798312493330222291017319643868169832438699579823935725222936554408326363127376193338892136186343781733672455533136705812377680298683288888447502133018840366526883546410700728004632715944809149513715045227269649211456273143175773740856083889770467007797094192499126869953156895237919187344098135896896971352239 0 0 0 0 0 0 0 1 0 0 0 0 0 0 0 0 0 0 0 0 0 0 0 0 0 0 0 0 0 0 0 0 0 0 0 0 0 0 0 0 0 0 0 0 0 0 0 0 0 0 0 0 0 0 0 0 0 0 0 0 0 0 0 0 0 0 0 0 0 0 0 0 0 0 0 0 0 0 0 0 0 0 0 0 0 0 0 0 0 0 0 0 0 0 0 0 0 0 0 0 0 0 0 0 0 0 0 0 0]
[3724786979912986681056915922235846655554610913208342816390654670470792269471400295500057253651035336667295904676130519929122818267678145027454133865893833158229373446053964425932264416641772276767726181405261387472078787245266982193409550392651758977390343475053059511565286184011452731930021755951417329614723494141598043445225779 0 0 0 0 0 0 0 0 1 0 0 0 0 0 0 0 0 0 0 0 0 0 0 0 0 0 0 0 0 0 0 0 0 0 0 0 0 0 0 0 0 0 0 0 0 0 0 0 0 0 0 0 0 0 0 0 0 0 0 0 0 0 0 0 0 0 0 0 0 0 0 0 0 0 0 0 0 0 0 0 0 0 0 0 0 0 0 0 0 0 0 0 0 0 0 0 0 0 0 0 0 0 0 0 0 0 0 0 0]
[8927626408512543725542909062506379700086830715237935870794603518636424419179589079990956106073593451447903507166079170642402741400148225184575018488985823453015256314832382212489374284481256202637322794919507897101633122175444408344174140207200444452880284669642227958514425907021217286593270983600415858145378040498278981704188791 0 0 0 0 0 0 0 0 0 1 0 0 0 0 0 0 0 0 0 0 0 0 0 0 0 0 0 0 0 0 0 0 0 0 0 0 0 0 0 0 0 0 0 0 0 0 0 0 0 0 0 0 0 0 0 0 0 0 0 0 0 0 0 0 0 0 0 0 0 0 0 0 0 0 0 0 0 0 0 0 0 0 0 0 0 0 0 0 0 0 0 0 0 0 0 0 0 0 0 0 0 0 0 0 0 0 0 0 0]
[4151912287227699261406057574802456908190239938458433894963198223188802879652828797719440630481202472950757575779423247891015206615937531272559063553480208126882624193304080746162056354582909151847369842165602001372324113716724898230528888081765291896725301146629459397708874604594071993640851124932085741734145936754372982237633273 0 0 0 0 0 0 0 0 0 0 1 0 0 0 0 0 0 0 0 0 0 0 0 0 0 0 0 0 0 0 0 0 0 0 0 0 0 0 0 0 0 0 0 0 0 0 0 0 0 0 0 0 0 0 0 0 0 0 0 0 0 0 0 0 0 0 0 0 0 0 0 0 0 0 0 0 0 0 0 0 0 0 0 0 0 0 0 0 0 0 0 0 0 0 0 0 0 0 0 0 0 0 0 0 0 0 0 0 0]
[2500158141861733714136096756017125135131806545305659518202914062530954554851140251627270426823795351530443993894586680821646596577039035412556021193749286451322619249624835795707977361858555922093989122382055643734740267939705735691997660226929634582419096460669579021487058247592231819601742247446793967576467422303978807656734963 0 0 0 0 0 0 0 0 0 0 0 1 0 0 0 0 0 0 0 0 0 0 0 0 0 0 0 0 0 0 0 0 0 0 0 0 0 0 0 0 0 0 0 0 0 0 0 0 0 0 0 0 0 0 0 0 0 0 0 0 0 0 0 0 0 0 0 0 0 0 0 0 0 0 0 0 0 0 0 0 0 0 0 0 0 0 0 0 0 0 0 0 0 0 0 0 0 0 0 0 0 0 0 0 0 0 0 0 0]
[9853873165141481185865951379898048480035772228541577567112628814444259466373698530235476081427316429095273203733364769942914429392741749251745058067784084142412643640114117182917038718849468122329632100553901132553436340130064351059321980654068666887511037253246836103073579716232030982252375314164585121494246223478379934625046393 0 0 0 0 0 0 0 0 0 0 0 0 1 0 0 0 0 0 0 0 0 0 0 0 0 0 0 0 0 0 0 0 0 0 0 0 0 0 0 0 0 0 0 0 0 0 0 0 0 0 0 0 0 0 0 0 0 0 0 0 0 0 0 0 0 0 0 0 0 0 0 0 0 0 0 0 0 0 0 0 0 0 0 0 0 0 0 0 0 0 0 0 0 0 0 0 0 0 0 0 0 0 0 0 0 0 0 0 0]
[2431954002545495794598679794304211831256054254053104706598269958954276649648003548330887178530484280701842955705750014860496201730439597172160525417415037948310874736381129828496573381026106860722737288267987903493888963725276237474336299423069467666695954749993484940568482607935149644624389425333245749704970214511221834020556342 0 0 0 0 0 0 0 0 0 0 0 0 0 1 0 0 0 0 0 0 0 0 0 0 0 0 0 0 0 0 0 0 0 0 0 0 0 0 0 0 0 0 0 0 0 0 0 0 0 0 0 0 0 0 0 0 0 0 0 0 0 0 0 0 0 0 0 0 0 0 0 0 0 0 0 0 0 0 0 0 0 0 0 0 0 0 0 0 0 0 0 0 0 0 0 0 0 0 0 0 0 0 0 0 0 0 0 0 0]
[10596371349306831628054223402598358480164736406091394641263161359754816277852320980551962355229534594317270388286436923091410736143796170668047558836929966490320918866626155935060871136728576575421456440813726711181094804747466129188736608603224323642589047388991948726615886201585853158465551383322465583074592261290902281903017725 0 0 0 0 0 0 0 0 0 0 0 0 0 0 1 0 0 0 0 0 0 0 0 0 0 0 0 0 0 0 0 0 0 0 0 0 0 0 0 0 0 0 0 0 0 0 0 0 0 0 0 0 0 0 0 0 0 0 0 0 0 0 0 0 0 0 0 0 0 0 0 0 0 0 0 0 0 0 0 0 0 0 0 0 0 0 0 0 0 0 0 0 0 0 0 0 0 0 0 0 0 0 0 0 0 0 0 0 0]
[5822754093184035949390246866844244519322056932805656918426001298274953919235110401316298155105832492511359424130131496484065851896462706980425262077758990513168442212071730630497740216719915271359945965291833668779542040591975146809554497890770033278461876187177062445473197135406477385045705231828811693342921756726956070349970707 0 0 0 0 0 0 0 0 0 0 0 0 0 0 0 1 0 0 0 0 0 0 0 0 0 0 0 0 0 0 0 0 0 0 0 0 0 0 0 0 0 0 0 0 0 0 0 0 0 0 0 0 0 0 0 0 0 0 0 0 0 0 0 0 0 0 0 0 0 0 0 0 0 0 0 0 0 0 0 0 0 0 0 0 0 0 0 0 0 0 0 0 0 0 0 0 0 0 0 0 0 0 0 0 0 0 0 0 0]
[5794358901151900614002355221395041374421753509775442828986961549130798454209062697882623370603437908314283511873882886684514602078690601902762859481439119070070163004602693672095756598991135104929077505676822850485374238362478472019372087184162446007541422340736575921727753802883403064633449751791677416102970216450140021693636352 0 0 0 0 0 0 0 0 0 0 0 0 0 0 0 0 1 0 0 0 0 0 0 0 0 0 0 0 0 0 0 0 0 0 0 0 0 0 0 0 0 0 0 0 0 0 0 0 0 0 0 0 0 0 0 0 0 0 0 0 0 0 0 0 0 0 0 0 0 0 0 0 0 0 0 0 0 0 0 0 0 0 0 0 0 0 0 0 0 0 0 0 0 0 0 0 0 0 0 0 0 0 0 0 0 0 0 0 0]
[5897848976607540143885670202225154197035719470356996972472693775333876309767046769877650051695933853288544978820642274681837162296071222913045841322042216131583905484988595711494220752012600302306631498582774149303364564624678565442205865661676758852339555710588655461612356832677842382558030159320314651873717856145623012469301554 0 0 0 0 0 0 0 0 0 0 0 0 0 0 0 0 0 1 0 0 0 0 0 0 0 0 0 0 0 0 0 0 0 0 0 0 0 0 0 0 0 0 0 0 0 0 0 0 0 0 0 0 0 0 0 0 0 0 0 0 0 0 0 0 0 0 0 0 0 0 0 0 0 0 0 0 0 0 0 0 0 0 0 0 0 0 0 0 0 0 0 0 0 0 0 0 0 0 0 0 0 0 0 0 0 0 0 0 0]
[1442705835086673460764616001564222546673430163737736857341919350256434295409359857777369059572627377519461788866192564512707484241234978430324119563072420574784206676249471285430661684178567114659345984161432454807490233306500475172282464395611254862286459581229475765661900407506793960731582476847140537494753120235506137978300227 0 0 0 0 0 0 0 0 0 0 0 0 0 0 0 0 0 0 1 0 0 0 0 0 0 0 0 0 0 0 0 0 0 0 0 0 0 0 0 0 0 0 0 0 0 0 0 0 0 0 0 0 0 0 0 0 0 0 0 0 0 0 0 0 0 0 0 0 0 0 0 0 0 0 0 0 0 0 0 0 0 0 0 0 0 0 0 0 0 0 0 0 0 0 0 0 0 0 0 0 0 0 0 0 0 0 0 0 0]
[7227134872684550353754319879386161222862496110367818512302176008937301278012266027437066801855992160940449864083185734990278614956310386165430043603436507363626967681887600589040688001424480206350006794729536409466290179108034292959124816994675312683072590357876921360050272162477737950913275082284075326711407868010528493525002318 0 0 0 0 0 0 0 0 0 0 0 0 0 0 0 0 0 0 0 1 0 0 0 0 0 0 0 0 0 0 0 0 0 0 0 0 0 0 0 0 0 0 0 0 0 0 0 0 0 0 0 0 0 0 0 0 0 0 0 0 0 0 0 0 0 0 0 0 0 0 0 0 0 0 0 0 0 0 0 0 0 0 0 0 0 0 0 0 0 0 0 0 0 0 0 0 0 0 0 0 0 0 0 0 0 0 0 0 0]
[10791811798784879545602137109989943844489024734055644568061126492131681034538325763379020456872084725841270242007146011416251021139098390431358255661029288292211813134610640181887126485932341294588363139000363632299613032419511396102820233658759695364704324716680305571082231598341775309370116939571685629617530933354816568999145841 0 0 0 0 0 0 0 0 0 0 0 0 0 0 0 0 0 0 0 0 1 0 0 0 0 0 0 0 0 0 0 0 0 0 0 0 0 0 0 0 0 0 0 0 0 0 0 0 0 0 0 0 0 0 0 0 0 0 0 0 0 0 0 0 0 0 0 0 0 0 0 0 0 0 0 0 0 0 0 0 0 0 0 0 0 0 0 0 0 0 0 0 0 0 0 0 0 0 0 0 0 0 0 0 0 0 0 0 0]
[10184041430141189936473876408094033350544256941164259344344949674027544320895160372343782897093742236764717766301383676536914134073991872359122294263837121930833717249776595519305910556361992476326204631058272492173030308528389677432554004151473485878287334359016148055812741797339640984404281507783756667304712995545617851837672136 0 0 0 0 0 0 0 0 0 0 0 0 0 0 0 0 0 0 0 0 0 1 0 0 0 0 0 0 0 0 0 0 0 0 0 0 0 0 0 0 0 0 0 0 0 0 0 0 0 0 0 0 0 0 0 0 0 0 0 0 0 0 0 0 0 0 0 0 0 0 0 0 0 0 0 0 0 0 0 0 0 0 0 0 0 0 0 0 0 0 0 0 0 0 0 0 0 0 0 0 0 0 0 0 0 0 0 0 0]
[3940004201420674726853959419922294738554957855989449193903804472750534005500658843269252256803800884078806406460522437339774214099539448974984453276428224398412927804537939878814043373451694372345071537267213415916187510495323053462526177787103835958587914435714587756100223378581547806863080300491873852802832159980993735019492544 0 0 0 0 0 0 0 0 0 0 0 0 0 0 0 0 0 0 0 0 0 0 1 0 0 0 0 0 0 0 0 0 0 0 0 0 0 0 0 0 0 0 0 0 0 0 0 0 0 0 0 0 0 0 0 0 0 0 0 0 0 0 0 0 0 0 0 0 0 0 0 0 0 0 0 0 0 0 0 0 0 0 0 0 0 0 0 0 0 0 0 0 0 0 0 0 0 0 0 0 0 0 0 0 0 0 0 0 0]
[4335828376097707401159692963538664459812527821390056840535867344939007876115989814175584693766850110945243871567690028908736173106415065424006160062062094036364970164614696653607199762158413709683971909603949220780697847949061466108436705103930806923083360343245739010028835570421259320986456263422287336106401499159081447821237269 0 0 0 0 0 0 0 0 0 0 0 0 0 0 0 0 0 0 0 0 0 0 0 1 0 0 0 0 0 0 0 0 0 0 0 0 0 0 0 0 0 0 0 0 0 0 0 0 0 0 0 0 0 0 0 0 0 0 0 0 0 0 0 0 0 0 0 0 0 0 0 0 0 0 0 0 0 0 0 0 0 0 0 0 0 0 0 0 0 0 0 0 0 0 0 0 0 0 0 0 0 0 0 0 0 0 0 0 0]
[5624747371359790091310194862515146969945240081074971880652012054896522050369120347775384922506950967894982851592950000371162987791355731962849416855294999907058246322677456102928516462514268783883937492456304794549292523132365130345084778888161757156057548587687482460022972827644316497885546903365875778161576667844206983358495145 0 0 0 0 0 0 0 0 0 0 0 0 0 0 0 0 0 0 0 0 0 0 0 0 1 0 0 0 0 0 0 0 0 0 0 0 0 0 0 0 0 0 0 0 0 0 0 0 0 0 0 0 0 0 0 0 0 0 0 0 0 0 0 0 0 0 0 0 0 0 0 0 0 0 0 0 0 0 0 0 0 0 0 0 0 0 0 0 0 0 0 0 0 0 0 0 0 0 0 0 0 0 0 0 0 0 0 0 0]
[5398455108126869560588175810138997127212138657981296279899127124816655724006804619124113413548923677244656070680356148595397593072728242190624810901312282594512905056279333514753541713795459151302581665687414624815718643135964352121452304381618158914095283213887350818605052188531453280646731142354666825478270291061990260729668519 0 0 0 0 0 0 0 0 0 0 0 0 0 0 0 0 0 0 0 0 0 0 0 0 0 1 0 0 0 0 0 0 0 0 0 0 0 0 0 0 0 0 0 0 0 0 0 0 0 0 0 0 0 0 0 0 0 0 0 0 0 0 0 0 0 0 0 0 0 0 0 0 0 0 0 0 0 0 0 0 0 0 0 0 0 0 0 0 0 0 0 0 0 0 0 0 0 0 0 0 0 0 0 0 0 0 0 0 0]
[3491647322683160792505608917986244246952391022593696820265625779857167308385897530078229406130192740682725354327774273255004691047105012913269891697051211478275810037200954165154528403558291888728966334017128874661306110047031738268178847507894561226815619348928104266225460012677372834470610515038415826705598098054844969004418937 0 0 0 0 0 0 0 0 0 0 0 0 0 0 0 0 0 0 0 0 0 0 0 0 0 0 1 0 0 0 0 0 0 0 0 0 0 0 0 0 0 0 0 0 0 0 0 0 0 0 0 0 0 0 0 0 0 0 0 0 0 0 0 0 0 0 0 0 0 0 0 0 0 0 0 0 0 0 0 0 0 0 0 0 0 0 0 0 0 0 0 0 0 0 0 0 0 0 0 0 0 0 0 0 0 0 0 0 0]
[156269284267692602316184421242368207097529143467570384954041295590778429066979780490126197944064566631412645606631438915735026281443476174516062527114946338293528849465277453854064621553049061969423715328902921356860757902012230571400965276773305060304625572978850386413682955435203215510063438482658831224973629704669338015301780 0 0 0 0 0 0 0 0 0 0 0 0 0 0 0 0 0 0 0 0 0 0 0 0 0 0 0 1 0 0 0 0 0 0 0 0 0 0 0 0 0 0 0 0 0 0 0 0 0 0 0 0 0 0 0 0 0 0 0 0 0 0 0 0 0 0 0 0 0 0 0 0 0 0 0 0 0 0 0 0 0 0 0 0 0 0 0 0 0 0 0 0 0 0 0 0 0 0 0 0 0 0 0 0 0 0 0 0 0]
[4533515565546505541802541552605642034325481972783940466967434084435831439863038652035405720661705668905150944817469596931081647303554625260424425848539560509708721757630009397746327496631071515313504625052790473860012582531609170013687532438634790195958127205674800290473212243905715280946573343769645014564893235502523138940185161 0 0 0 0 0 0 0 0 0 0 0 0 0 0 0 0 0 0 0 0 0 0 0 0 0 0 0 0 1 0 0 0 0 0 0 0 0 0 0 0 0 0 0 0 0 0 0 0 0 0 0 0 0 0 0 0 0 0 0 0 0 0 0 0 0 0 0 0 0 0 0 0 0 0 0 0 0 0 0 0 0 0 0 0 0 0 0 0 0 0 0 0 0 0 0 0 0 0 0 0 0 0 0 0 0 0 0 0 0]
[10665357601614614736129170258209051224253088947211415965164199119855607224870421209386242547158880484844408785901988636649741644384938911978887304104545003873244536163037557242886510657443430463779270561549956924971837708288664398271000871468889521681174934769092652925023263309589187219933040403094513654464340307997502818694747943 0 0 0 0 0 0 0 0 0 0 0 0 0 0 0 0 0 0 0 0 0 0 0 0 0 0 0 0 0 1 0 0 0 0 0 0 0 0 0 0 0 0 0 0 0 0 0 0 0 0 0 0 0 0 0 0 0 0 0 0 0 0 0 0 0 0 0 0 0 0 0 0 0 0 0 0 0 0 0 0 0 0 0 0 0 0 0 0 0 0 0 0 0 0 0 0 0 0 0 0 0 0 0 0 0 0 0 0 0]
[9785535085032673928123556853337898829136563056100969349468833889545157192917991998402746108432797395494371691767741814621055164158256989878121223632505150026707300937838454416995750073429539024957673828778969714482456309905041983797938776679041631244977874713870083248651059564216887334893658309692821466604242609437549397793179969 0 0 0 0 0 0 0 0 0 0 0 0 0 0 0 0 0 0 0 0 0 0 0 0 0 0 0 0 0 0 1 0 0 0 0 0 0 0 0 0 0 0 0 0 0 0 0 0 0 0 0 0 0 0 0 0 0 0 0 0 0 0 0 0 0 0 0 0 0 0 0 0 0 0 0 0 0 0 0 0 0 0 0 0 0 0 0 0 0 0 0 0 0 0 0 0 0 0 0 0 0 0 0 0 0 0 0 0 0]
[1585344631225600872400342676962540188357513123148960356451695338201991772302738579846018687223816050844191008338090289799669717695159449767228784595355891729672770096047822258288520535407545804341200916262024619663503429536265741289043301257440980127287663169745258180263149146297405207031871618328762674004892416555859454955593212 0 0 0 0 0 0 0 0 0 0 0 0 0 0 0 0 0 0 0 0 0 0 0 0 0 0 0 0 0 0 0 1 0 0 0 0 0 0 0 0 0 0 0 0 0 0 0 0 0 0 0 0 0 0 0 0 0 0 0 0 0 0 0 0 0 0 0 0 0 0 0 0 0 0 0 0 0 0 0 0 0 0 0 0 0 0 0 0 0 0 0 0 0 0 0 0 0 0 0 0 0 0 0 0 0 0 0 0 0]
[7872048799463045591093388928648716102947398571773888513079055673462138910488982942210506525443063763829155401931988007035742910496681198299723701875902103470668195526334936937956402148310135949476471516109349100716585001446529188122143097466847199823944577662344299976975535041263207267673901613079670287719290495415023146736677363 0 0 0 0 0 0 0 0 0 0 0 0 0 0 0 0 0 0 0 0 0 0 0 0 0 0 0 0 0 0 0 0 1 0 0 0 0 0 0 0 0 0 0 0 0 0 0 0 0 0 0 0 0 0 0 0 0 0 0 0 0 0 0 0 0 0 0 0 0 0 0 0 0 0 0 0 0 0 0 0 0 0 0 0 0 0 0 0 0 0 0 0 0 0 0 0 0 0 0 0 0 0 0 0 0 0 0 0 0]
[5870835778827047237435053338763767901957853989453087895577292654143647607873662631476550472660610769877583079714475113577979567340707460862958284001735619613883953938597816854784691348645915534795635242719036582035475582064344720753019852301013032121372350223185508517816429744929914590715366379319375689128673109802013356242525359 0 0 0 0 0 0 0 0 0 0 0 0 0 0 0 0 0 0 0 0 0 0 0 0 0 0 0 0 0 0 0 0 0 1 0 0 0 0 0 0 0 0 0 0 0 0 0 0 0 0 0 0 0 0 0 0 0 0 0 0 0 0 0 0 0 0 0 0 0 0 0 0 0 0 0 0 0 0 0 0 0 0 0 0 0 0 0 0 0 0 0 0 0 0 0 0 0 0 0 0 0 0 0 0 0 0 0 0 0]
[3557525015166707672356632401189851681669688234748127028706462359860858536213959832075685906368151254021623402317774344558028299592590117667948675064356984150276785063363974568467661050428967313664734172681500091176678218255560475597453974124825737473045405032037912398158166194711760795112393736190687251439962717381282479563818007 0 0 0 0 0 0 0 0 0 0 0 0 0 0 0 0 0 0 0 0 0 0 0 0 0 0 0 0 0 0 0 0 0 0 1 0 0 0 0 0 0 0 0 0 0 0 0 0 0 0 0 0 0 0 0 0 0 0 0 0 0 0 0 0 0 0 0 0 0 0 0 0 0 0 0 0 0 0 0 0 0 0 0 0 0 0 0 0 0 0 0 0 0 0 0 0 0 0 0 0 0 0 0 0 0 0 0 0 0]
[7197256134670364785603161074890439323852740730712330950410097608909152871764320511338413807963772862780214099133638777954515653709436927581434756360436019074366341551099887958903834716133930873127366535948656777899671866296772538682379573232519373605712638081587550242723904630617750378321764507118776183489235197324796272797445075 0 0 0 0 0 0 0 0 0 0 0 0 0 0 0 0 0 0 0 0 0 0 0 0 0 0 0 0 0 0 0 0 0 0 0 1 0 0 0 0 0 0 0 0 0 0 0 0 0 0 0 0 0 0 0 0 0 0 0 0 0 0 0 0 0 0 0 0 0 0 0 0 0 0 0 0 0 0 0 0 0 0 0 0 0 0 0 0 0 0 0 0 0 0 0 0 0 0 0 0 0 0 0 0 0 0 0 0 0]
[5521476907051393658232143750387192073523494576545277253078960393445293383916730312117298781053778071035819644766940712481818350064036980733087235854796858315034910976264168423503219212788312248310683686378519896397111365225060845743850312782140459449964402601641725408052506072284905388867183899394544199506487479975900447538836287 0 0 0 0 0 0 0 0 0 0 0 0 0 0 0 0 0 0 0 0 0 0 0 0 0 0 0 0 0 0 0 0 0 0 0 0 1 0 0 0 0 0 0 0 0 0 0 0 0 0 0 0 0 0 0 0 0 0 0 0 0 0 0 0 0 0 0 0 0 0 0 0 0 0 0 0 0 0 0 0 0 0 0 0 0 0 0 0 0 0 0 0 0 0 0 0 0 0 0 0 0 0 0 0 0 0 0 0 0]
[8886710266883203656467408139407067060376749723857969577267693978306773848991617186166803273994103388081922414655494798740285031959290214005952274691080255209447588468285461219020715030152825659336732613701025068459707701823013781750291289043929381893477318633280098346617078022238554201728098117538696844827796239857815682144929227 0 0 0 0 0 0 0 0 0 0 0 0 0 0 0 0 0 0 0 0 0 0 0 0 0 0 0 0 0 0 0 0 0 0 0 0 0 1 0 0 0 0 0 0 0 0 0 0 0 0 0 0 0 0 0 0 0 0 0 0 0 0 0 0 0 0 0 0 0 0 0 0 0 0 0 0 0 0 0 0 0 0 0 0 0 0 0 0 0 0 0 0 0 0 0 0 0 0 0 0 0 0 0 0 0 0 0 0 0]
[7060453045710658715807695274759667413929798539306394950054561804762778368720558956800877427428215417038260189240461215847042703280676445855424360315479792922860573086362705782204770303767343226569696593490959176847979002928445688569239476066184918838580413477125770413354179892042289508983012576239431774742938412864369070996397103 0 0 0 0 0 0 0 0 0 0 0 0 0 0 0 0 0 0 0 0 0 0 0 0 0 0 0 0 0 0 0 0 0 0 0 0 0 0 1 0 0 0 0 0 0 0 0 0 0 0 0 0 0 0 0 0 0 0 0 0 0 0 0 0 0 0 0 0 0 0 0 0 0 0 0 0 0 0 0 0 0 0 0 0 0 0 0 0 0 0 0 0 0 0 0 0 0 0 0 0 0 0 0 0 0 0 0 0 0]
[5970441898313766408848881764165623080279960693744213719527911280022043827973787264415831507598681283615252805833690514634248343440307328712605085147057642661334712380245367613048204965359772941656662935291204028187773459154151569761988373131041222809037395169120905076652129935562643756572967913380306108430565732036261524576080990 0 0 0 0 0 0 0 0 0 0 0 0 0 0 0 0 0 0 0 0 0 0 0 0 0 0 0 0 0 0 0 0 0 0 0 0 0 0 0 1 0 0 0 0 0 0 0 0 0 0 0 0 0 0 0 0 0 0 0 0 0 0 0 0 0 0 0 0 0 0 0 0 0 0 0 0 0 0 0 0 0 0 0 0 0 0 0 0 0 0 0 0 0 0 0 0 0 0 0 0 0 0 0 0 0 0 0 0 0]
[188933548589325122629467615278503426105207065228510907472559557365517873565248837371480387038259994900852908334446550979647132644057644063463164821060013388955418156379471304359589465667383260305285261416228383320933109968149731603818707500351110553471165048347315449766546332037038985686559948738715367384762311316963321280363331 0 0 0 0 0 0 0 0 0 0 0 0 0 0 0 0 0 0 0 0 0 0 0 0 0 0 0 0 0 0 0 0 0 0 0 0 0 0 0 0 1 0 0 0 0 0 0 0 0 0 0 0 0 0 0 0 0 0 0 0 0 0 0 0 0 0 0 0 0 0 0 0 0 0 0 0 0 0 0 0 0 0 0 0 0 0 0 0 0 0 0 0 0 0 0 0 0 0 0 0 0 0 0 0 0 0 0 0 0]
[5676845490737642426360871069686399545695720551313993373934008047579046117956439789037830965625081554406954088839913124982873698691648717823048976891806442437330859989381169122485800742623209898971790035001297599404845069010340037944672390304007919051272731496817045433693774953770700813370781866030258858144296454993636110345607452 0 0 0 0 0 0 0 0 0 0 0 0 0 0 0 0 0 0 0 0 0 0 0 0 0 0 0 0 0 0 0 0 0 0 0 0 0 0 0 0 0 1 0 0 0 0 0 0 0 0 0 0 0 0 0 0 0 0 0 0 0 0 0 0 0 0 0 0 0 0 0 0 0 0 0 0 0 0 0 0 0 0 0 0 0 0 0 0 0 0 0 0 0 0 0 0 0 0 0 0 0 0 0 0 0 0 0 0 0]
[1514696430460301971716563166564620010418217144888422093777303321308069392997275831325641992605151147430569242969876201564255356577005900144402515640723728384394276601281827658784072593764869875446563885341216769052657780621728016516829680861325866798424311670606141693175852793005393505451783532808413191190170496045764112661321220 0 0 0 0 0 0 0 0 0 0 0 0 0 0 0 0 0 0 0 0 0 0 0 0 0 0 0 0 0 0 0 0 0 0 0 0 0 0 0 0 0 0 1 0 0 0 0 0 0 0 0 0 0 0 0 0 0 0 0 0 0 0 0 0 0 0 0 0 0 0 0 0 0 0 0 0 0 0 0 0 0 0 0 0 0 0 0 0 0 0 0 0 0 0 0 0 0 0 0 0 0 0 0 0 0 0 0 0 0]
[3558270146027397777862128408851779614610475533568402984681674826823447819875590292554166989459513081189551161815921464166081883549721278319218300995163831638688757567858017814847471507897896770963979617068933862808216071819231937678419919762937039050319045081131808938299313244693726090938129001855216978956406179225740659201637452 0 0 0 0 0 0 0 0 0 0 0 0 0 0 0 0 0 0 0 0 0 0 0 0 0 0 0 0 0 0 0 0 0 0 0 0 0 0 0 0 0 0 0 1 0 0 0 0 0 0 0 0 0 0 0 0 0 0 0 0 0 0 0 0 0 0 0 0 0 0 0 0 0 0 0 0 0 0 0 0 0 0 0 0 0 0 0 0 0 0 0 0 0 0 0 0 0 0 0 0 0 0 0 0 0 0 0 0 0]
[7396634714932673626911641423803957293419666004489704963823501236571479465760338331379444634362792389149778386216986551305472653768248554834857978507888484624664756646461088977080832582620212830153285714292981416647400005528066585392555892418257175632249918964107718966677810948236781144865971695880267314355019028684675649975548435 0 0 0 0 0 0 0 0 0 0 0 0 0 0 0 0 0 0 0 0 0 0 0 0 0 0 0 0 0 0 0 0 0 0 0 0 0 0 0 0 0 0 0 0 1 0 0 0 0 0 0 0 0 0 0 0 0 0 0 0 0 0 0 0 0 0 0 0 0 0 0 0 0 0 0 0 0 0 0 0 0 0 0 0 0 0 0 0 0 0 0 0 0 0 0 0 0 0 0 0 0 0 0 0 0 0 0 0 0]
[10469432215506493796124389798452326990083076472538416246213147129282739670887023830100305768744516180818996003226783874571549563067862295770512756943656363117346302935577543895903765150507860137057157882167660999657236911035112922075354744316501450804404854994999040085879926791055247184084883686829420397024860529041060824902023510 0 0 0 0 0 0 0 0 0 0 0 0 0 0 0 0 0 0 0 0 0 0 0 0 0 0 0 0 0 0 0 0 0 0 0 0 0 0 0 0 0 0 0 0 0 1 0 0 0 0 0 0 0 0 0 0 0 0 0 0 0 0 0 0 0 0 0 0 0 0 0 0 0 0 0 0 0 0 0 0 0 0 0 0 0 0 0 0 0 0 0 0 0 0 0 0 0 0 0 0 0 0 0 0 0 0 0 0 0]
[10452801622017844031474402227395057540915358394560724929887078602728283246837039067013357468223531531816983953905438663244583952671009537617692695519921453650933304885764275527100708243634605248686813863583292774255678820602692161705642534787743422184674284628854137642845488284534392431717947226737395244010334886176290289469749313 0 0 0 0 0 0 0 0 0 0 0 0 0 0 0 0 0 0 0 0 0 0 0 0 0 0 0 0 0 0 0 0 0 0 0 0 0 0 0 0 0 0 0 0 0 0 1 0 0 0 0 0 0 0 0 0 0 0 0 0 0 0 0 0 0 0 0 0 0 0 0 0 0 0 0 0 0 0 0 0 0 0 0 0 0 0 0 0 0 0 0 0 0 0 0 0 0 0 0 0 0 0 0 0 0 0 0 0 0]
[660993792501977954866465325527042273279757992459689085837728241817408334947864593292353817980217038337310217253295805617898398448595370727304206198352353687229374301444323058988951269633200997390320380117347821505494671942474507698633913295753569557867742891728649564342012816681252382610626041400159329386903726485635116193967324 0 0 0 0 0 0 0 0 0 0 0 0 0 0 0 0 0 0 0 0 0 0 0 0 0 0 0 0 0 0 0 0 0 0 0 0 0 0 0 0 0 0 0 0 0 0 0 1 0 0 0 0 0 0 0 0 0 0 0 0 0 0 0 0 0 0 0 0 0 0 0 0 0 0 0 0 0 0 0 0 0 0 0 0 0 0 0 0 0 0 0 0 0 0 0 0 0 0 0 0 0 0 0 0 0 0 0 0 0]
[580797925829498697944177262665717975792756135961302304130755896071894811505590557930299905499673610415312785871957046710031011197907747301759333098670059573572446441606776014423096795621396360669015624946338437425605244042611872670046787232185063329749258115481275919218487096930250588718538687028811352310255373258059162227848225 0 0 0 0 0 0 0 0 0 0 0 0 0 0 0 0 0 0 0 0 0 0 0 0 0 0 0 0 0 0 0 0 0 0 0 0 0 0 0 0 0 0 0 0 0 0 0 0 1 0 0 0 0 0 0 0 0 0 0 0 0 0 0 0 0 0 0 0 0 0 0 0 0 0 0 0 0 0 0 0 0 0 0 0 0 0 0 0 0 0 0 0 0 0 0 0 0 0 0 0 0 0 0 0 0 0 0 0 0]
[10584277409832373975702143867337722135889758202491694415530889026588351051182246657105771857132335117334531773758215995700024034133689566998484842215017067485373246855801973697225587953573588429189698729331402419539156607246281895444040773281180034731687157069199673553419355675805669856908681076365241135593002474550306740266219315 0 0 0 0 0 0 0 0 0 0 0 0 0 0 0 0 0 0 0 0 0 0 0 0 0 0 0 0 0 0 0 0 0 0 0 0 0 0 0 0 0 0 0 0 0 0 0 0 0 1 0 0 0 0 0 0 0 0 0 0 0 0 0 0 0 0 0 0 0 0 0 0 0 0 0 0 0 0 0 0 0 0 0 0 0 0 0 0 0 0 0 0 0 0 0 0 0 0 0 0 0 0 0 0 0 0 0 0 0]
[975609071016757654619593237348513938396886887042763044496607204765328886857049472283966187908664855851563725317430516300722657902111442921736274483649182183895466011062867433498902967340900263770065112817086437067090354546007678393626054590248555606668535625285616951707835792861710877343064414302003256547213654770526694413632981 0 0 0 0 0 0 0 0 0 0 0 0 0 0 0 0 0 0 0 0 0 0 0 0 0 0 0 0 0 0 0 0 0 0 0 0 0 0 0 0 0 0 0 0 0 0 0 0 0 0 1 0 0 0 0 0 0 0 0 0 0 0 0 0 0 0 0 0 0 0 0 0 0 0 0 0 0 0 0 0 0 0 0 0 0 0 0 0 0 0 0 0 0 0 0 0 0 0 0 0 0 0 0 0 0 0 0 0 0]
[10537314232400992357003452037766945078821361238714596179843663014475450826809766808258833117272476369147660394034257687284004961724332027629134829069813759375982180156283272125356980278029550496269234489893042168139710411399843376172353422190439965641430667145093122033960123495053264271238691954613776081595907956351549147459742116 0 0 0 0 0 0 0 0 0 0 0 0 0 0 0 0 0 0 0 0 0 0 0 0 0 0 0 0 0 0 0 0 0 0 0 0 0 0 0 0 0 0 0 0 0 0 0 0 0 0 0 1 0 0 0 0 0 0 0 0 0 0 0 0 0 0 0 0 0 0 0 0 0 0 0 0 0 0 0 0 0 0 0 0 0 0 0 0 0 0 0 0 0 0 0 0 0 0 0 0 0 0 0 0 0 0 0 0 0]
[4890544957720283277609859324954065903440594651573543829409124172453940557310075185563224296679717665091941835113444241018369542167161175699584259556288098543262448845452305386964078534054294904492236829559705197827660814392109926091684329126762823903595420262442080087848848770266109005569522619178908399123874523005211485151743242 0 0 0 0 0 0 0 0 0 0 0 0 0 0 0 0 0 0 0 0 0 0 0 0 0 0 0 0 0 0 0 0 0 0 0 0 0 0 0 0 0 0 0 0 0 0 0 0 0 0 0 0 1 0 0 0 0 0 0 0 0 0 0 0 0 0 0 0 0 0 0 0 0 0 0 0 0 0 0 0 0 0 0 0 0 0 0 0 0 0 0 0 0 0 0 0 0 0 0 0 0 0 0 0 0 0 0 0 0]
[347903845319233477018228173233859355939144451780288920002976901538961037931275706427606801084265531217756904877500715627477833065325970732143224955804507181772731788437638863503941628125519862777710451335298984890382162847253230684673464432840602580240239839207581500705544153878557446403181868524233943495672878497647917944801910 0 0 0 0 0 0 0 0 0 0 0 0 0 0 0 0 0 0 0 0 0 0 0 0 0 0 0 0 0 0 0 0 0 0 0 0 0 0 0 0 0 0 0 0 0 0 0 0 0 0 0 0 0 1 0 0 0 0 0 0 0 0 0 0 0 0 0 0 0 0 0 0 0 0 0 0 0 0 0 0 0 0 0 0 0 0 0 0 0 0 0 0 0 0 0 0 0 0 0 0 0 0 0 0 0 0 0 0 0]
[237088783394636949122029764865274695503392034495149188711019040553770232135793873106220910355262904276179193540506944041779495055135649554156859291512638636522573041119179409123150923781345229839680665071918592966597509926740480718661538486509502121885794651410523525797896535696752128474100606474524702965835627420714583029496469 0 0 0 0 0 0 0 0 0 0 0 0 0 0 0 0 0 0 0 0 0 0 0 0 0 0 0 0 0 0 0 0 0 0 0 0 0 0 0 0 0 0 0 0 0 0 0 0 0 0 0 0 0 0 1 0 0 0 0 0 0 0 0 0 0 0 0 0 0 0 0 0 0 0 0 0 0 0 0 0 0 0 0 0 0 0 0 0 0 0 0 0 0 0 0 0 0 0 0 0 0 0 0 0 0 0 0 0 0]
[2140940739375162761221017127891232076918439493197617551469993293345036491009647961415279381466559841611259707184157585778822127544128589303393922133319827628582112373533262160980731800123026537023589149542724561795878975095394776092403973450522234326700227621444125550048300814939256801760471952708484428165628625848381547695354602 0 0 0 0 0 0 0 0 0 0 0 0 0 0 0 0 0 0 0 0 0 0 0 0 0 0 0 0 0 0 0 0 0 0 0 0 0 0 0 0 0 0 0 0 0 0 0 0 0 0 0 0 0 0 0 1 0 0 0 0 0 0 0 0 0 0 0 0 0 0 0 0 0 0 0 0 0 0 0 0 0 0 0 0 0 0 0 0 0 0 0 0 0 0 0 0 0 0 0 0 0 0 0 0 0 0 0 0 0]
[4673418313548031638093768537182565957694900523220551967750498506041153807977676087841796144120023718234590733976552208787016692884520964170807023634783123539474137024705384604255110927034119293533329963869351589423434365712629583422303086372111140965408911570247924174175872734976775844561483989723295807439111588877020179277814259 0 0 0 0 0 0 0 0 0 0 0 0 0 0 0 0 0 0 0 0 0 0 0 0 0 0 0 0 0 0 0 0 0 0 0 0 0 0 0 0 0 0 0 0 0 0 0 0 0 0 0 0 0 0 0 0 1 0 0 0 0 0 0 0 0 0 0 0 0 0 0 0 0 0 0 0 0 0 0 0 0 0 0 0 0 0 0 0 0 0 0 0 0 0 0 0 0 0 0 0 0 0 0 0 0 0 0 0 0]
[9000985563640873505807948724902416341577025861603766224357961250498923366363327298774363866880588897327225958477656590976463408435236262583680133036341508313741373324462720136572303778027091167721959014658003410907771742557765110112042841628622265670658216652095165392523291726525359608022958664444073451034425811753661077659812950 0 0 0 0 0 0 0 0 0 0 0 0 0 0 0 0 0 0 0 0 0 0 0 0 0 0 0 0 0 0 0 0 0 0 0 0 0 0 0 0 0 0 0 0 0 0 0 0 0 0 0 0 0 0 0 0 0 1 0 0 0 0 0 0 0 0 0 0 0 0 0 0 0 0 0 0 0 0 0 0 0 0 0 0 0 0 0 0 0 0 0 0 0 0 0 0 0 0 0 0 0 0 0 0 0 0 0 0 0]
[1757309850206679084690616787975181980645873476923000155710991731714246567565302920854870209380893328283911018856023892032101170568967459877276362902968272962049022378614532262258216690689002691846223012464618386950792169882432133774317521176018038702443680308518233062461018380495804018429547215137549514566745236887854928431227529 0 0 0 0 0 0 0 0 0 0 0 0 0 0 0 0 0 0 0 0 0 0 0 0 0 0 0 0 0 0 0 0 0 0 0 0 0 0 0 0 0 0 0 0 0 0 0 0 0 0 0 0 0 0 0 0 0 0 1 0 0 0 0 0 0 0 0 0 0 0 0 0 0 0 0 0 0 0 0 0 0 0 0 0 0 0 0 0 0 0 0 0 0 0 0 0 0 0 0 0 0 0 0 0 0 0 0 0 0]
[8930083368151082112155327592994939340782134088579174661870714458254351065676868892311244503908337654865186601368203038486321579735960959132238826288608776144849011908978021790453902019039085492704284619884350400449736882101746545993083379389461386929340988879082403142695007446829747140894882400583987132262028051915806538170530081 0 0 0 0 0 0 0 0 0 0 0 0 0 0 0 0 0 0 0 0 0 0 0 0 0 0 0 0 0 0 0 0 0 0 0 0 0 0 0 0 0 0 0 0 0 0 0 0 0 0 0 0 0 0 0 0 0 0 0 1 0 0 0 0 0 0 0 0 0 0 0 0 0 0 0 0 0 0 0 0 0 0 0 0 0 0 0 0 0 0 0 0 0 0 0 0 0 0 0 0 0 0 0 0 0 0 0 0 0]
[8005479206122655550167802438461782410308258588851873869250202573794399524525270640823180719670963760380625240265184510023875869591556178647417955009382243659466846855687233926412005041103960774736670071026343506173506288378698905496586540209388249171198601551911792198819081585211712533991572143367970907914832426225220328225992548 0 0 0 0 0 0 0 0 0 0 0 0 0 0 0 0 0 0 0 0 0 0 0 0 0 0 0 0 0 0 0 0 0 0 0 0 0 0 0 0 0 0 0 0 0 0 0 0 0 0 0 0 0 0 0 0 0 0 0 0 1 0 0 0 0 0 0 0 0 0 0 0 0 0 0 0 0 0 0 0 0 0 0 0 0 0 0 0 0 0 0 0 0 0 0 0 0 0 0 0 0 0 0 0 0 0 0 0 0]
[2979270049097667001727427199345439857832639638837096208694246428601549804813490573754537682341720869513016469673441994940273349866985493178188138134609090196683831080319239965699454154063633524785861367435531317017498993089405482567401734716316435661678369790063938122336535566249384239281584873080066264525702576791951426263743626 0 0 0 0 0 0 0 0 0 0 0 0 0 0 0 0 0 0 0 0 0 0 0 0 0 0 0 0 0 0 0 0 0 0 0 0 0 0 0 0 0 0 0 0 0 0 0 0 0 0 0 0 0 0 0 0 0 0 0 0 0 1 0 0 0 0 0 0 0 0 0 0 0 0 0 0 0 0 0 0 0 0 0 0 0 0 0 0 0 0 0 0 0 0 0 0 0 0 0 0 0 0 0 0 0 0 0 0 0]
[9371090824556429838984391450238412875309654071309776115213108646864803705962550336483544589888315222586378448822252673328466597487885124248447384245620553398981670320904700167924236410811267705008041446161750949122212219978560712640246611602869717187320719319248014500633575980005364159758986313028478642618523854139941262880789921 0 0 0 0 0 0 0 0 0 0 0 0 0 0 0 0 0 0 0 0 0 0 0 0 0 0 0 0 0 0 0 0 0 0 0 0 0 0 0 0 0 0 0 0 0 0 0 0 0 0 0 0 0 0 0 0 0 0 0 0 0 0 1 0 0 0 0 0 0 0 0 0 0 0 0 0 0 0 0 0 0 0 0 0 0 0 0 0 0 0 0 0 0 0 0 0 0 0 0 0 0 0 0 0 0 0 0 0 0]
[8442110970821079523277853592527226828023205514318167065384146364086281703824388231461814155712891781828316141573735752507961276870417237747441517027065060685180208595365307334925196974793901632229097421754137971847345921505659259260024065035569951602741335453082076566463113759104230277783953060912684894460939634340332269105387361 0 0 0 0 0 0 0 0 0 0 0 0 0 0 0 0 0 0 0 0 0 0 0 0 0 0 0 0 0 0 0 0 0 0 0 0 0 0 0 0 0 0 0 0 0 0 0 0 0 0 0 0 0 0 0 0 0 0 0 0 0 0 0 1 0 0 0 0 0 0 0 0 0 0 0 0 0 0 0 0 0 0 0 0 0 0 0 0 0 0 0 0 0 0 0 0 0 0 0 0 0 0 0 0 0 0 0 0 0]
[3170894407840920238837107838406218193918048472961205762480508493595902079982128955003078050868252608564278262271054420753870601776829504070383545432372311871369454633271083454071572230636835761902597098960893351362166455828096720078781167994824468951709324196851315665621831328264341053422722326420264550250780237791831079603806854 0 0 0 0 0 0 0 0 0 0 0 0 0 0 0 0 0 0 0 0 0 0 0 0 0 0 0 0 0 0 0 0 0 0 0 0 0 0 0 0 0 0 0 0 0 0 0 0 0 0 0 0 0 0 0 0 0 0 0 0 0 0 0 0 1 0 0 0 0 0 0 0 0 0 0 0 0 0 0 0 0 0 0 0 0 0 0 0 0 0 0 0 0 0 0 0 0 0 0 0 0 0 0 0 0 0 0 0 0]
[3351173470703431347636772046546519569437190462074950536581515064709002128887466973210947609186868789729881133737257904910707334126112363551728287164398468292298228798182065954202669655786139581120813674101286220140679645096954756105994142259534900853069346819870184111687150355460496695096027090574194336525606130839797090911077651 0 0 0 0 0 0 0 0 0 0 0 0 0 0 0 0 0 0 0 0 0 0 0 0 0 0 0 0 0 0 0 0 0 0 0 0 0 0 0 0 0 0 0 0 0 0 0 0 0 0 0 0 0 0 0 0 0 0 0 0 0 0 0 0 0 1 0 0 0 0 0 0 0 0 0 0 0 0 0 0 0 0 0 0 0 0 0 0 0 0 0 0 0 0 0 0 0 0 0 0 0 0 0 0 0 0 0 0 0]
[10868933098407484951842186055035607752144732132022532406718259941134435704516141062087709144323857051789654491806692576959547240602426705052051395749306789576926130351512673214498434881505595024579795352878881419150786424168452793963794664756970181724821486452346008389811541948811472668313694016467653653611576946655470733697628966 0 0 0 0 0 0 0 0 0 0 0 0 0 0 0 0 0 0 0 0 0 0 0 0 0 0 0 0 0 0 0 0 0 0 0 0 0 0 0 0 0 0 0 0 0 0 0 0 0 0 0 0 0 0 0 0 0 0 0 0 0 0 0 0 0 0 1 0 0 0 0 0 0 0 0 0 0 0 0 0 0 0 0 0 0 0 0 0 0 0 0 0 0 0 0 0 0 0 0 0 0 0 0 0 0 0 0 0 0]
[5497493117018903317049692680379996463064590736125403158047043502868553341971088506086770912342733492697114063083645253927832426196522673672933863211980754492889637777551657026209419237327512899903800091591948504296727305777723653669338869951335129808197696664727617623873971633694521494871379603133223517528950911221191825490247567 0 0 0 0 0 0 0 0 0 0 0 0 0 0 0 0 0 0 0 0 0 0 0 0 0 0 0 0 0 0 0 0 0 0 0 0 0 0 0 0 0 0 0 0 0 0 0 0 0 0 0 0 0 0 0 0 0 0 0 0 0 0 0 0 0 0 0 1 0 0 0 0 0 0 0 0 0 0 0 0 0 0 0 0 0 0 0 0 0 0 0 0 0 0 0 0 0 0 0 0 0 0 0 0 0 0 0 0 0]
[6024166633043727525473336889088457643829625769612780074815203609476475659743378819147593289661263728753776325623441172364073860558553358306993506600238807430913609162394727791909492634768330444542048755593874070136402636542856079523406847621925756798495117690237708198366433375362773331509094054531368937241536159247707254286907670 0 0 0 0 0 0 0 0 0 0 0 0 0 0 0 0 0 0 0 0 0 0 0 0 0 0 0 0 0 0 0 0 0 0 0 0 0 0 0 0 0 0 0 0 0 0 0 0 0 0 0 0 0 0 0 0 0 0 0 0 0 0 0 0 0 0 0 0 1 0 0 0 0 0 0 0 0 0 0 0 0 0 0 0 0 0 0 0 0 0 0 0 0 0 0 0 0 0 0 0 0 0 0 0 0 0 0 0 0]
[4524343245754446852725606978463605205674996625620166013288426088955176041520184199684579609176512456718098282991480970292922467578973427938849205059470996246217915005167850160984208084329131912841626404840908816471371528534319893784758107266004999931029670432564547449053193746405271704875015315475960389095198715309082677603412478 0 0 0 0 0 0 0 0 0 0 0 0 0 0 0 0 0 0 0 0 0 0 0 0 0 0 0 0 0 0 0 0 0 0 0 0 0 0 0 0 0 0 0 0 0 0 0 0 0 0 0 0 0 0 0 0 0 0 0 0 0 0 0 0 0 0 0 0 0 1 0 0 0 0 0 0 0 0 0 0 0 0 0 0 0 0 0 0 0 0 0 0 0 0 0 0 0 0 0 0 0 0 0 0 0 0 0 0 0]
[10024726761011634796959216625187907291866395624274815260345186951226676892480638696497267026303688269305398575479234402763580875089225338667829328527442346100822337013261987029717237693621155939618291824515323193118472287551035329472819846677268024385683857266877018859714632958590868158272839336264071106144172678614891225647011724 0 0 0 0 0 0 0 0 0 0 0 0 0 0 0 0 0 0 0 0 0 0 0 0 0 0 0 0 0 0 0 0 0 0 0 0 0 0 0 0 0 0 0 0 0 0 0 0 0 0 0 0 0 0 0 0 0 0 0 0 0 0 0 0 0 0 0 0 0 0 1 0 0 0 0 0 0 0 0 0 0 0 0 0 0 0 0 0 0 0 0 0 0 0 0 0 0 0 0 0 0 0 0 0 0 0 0 0 0]
[9776792196568967796251826935701150644095955820307521153474808303250505742072595352192307181416358889743926692679655303121325632952082417382449641394913908701844430270108000052672253238468753327711758562539530607304063200555494570412578932028690074448729048984457629328619981551954532495364496694622047979066900672937977386715950340 0 0 0 0 0 0 0 0 0 0 0 0 0 0 0 0 0 0 0 0 0 0 0 0 0 0 0 0 0 0 0 0 0 0 0 0 0 0 0 0 0 0 0 0 0 0 0 0 0 0 0 0 0 0 0 0 0 0 0 0 0 0 0 0 0 0 0 0 0 0 0 1 0 0 0 0 0 0 0 0 0 0 0 0 0 0 0 0 0 0 0 0 0 0 0 0 0 0 0 0 0 0 0 0 0 0 0 0 0]
[1360637621213436338617440366252465559201595600919056385258941716696679986435345403465018839004864625817063294264240084897587244828736772281264451470063292528376621096853824118800308990967572141559312648272303502551266031985584266057121683280414714386511903682227998656111852046032025458291554508807179636053269698233191108735287504 0 0 0 0 0 0 0 0 0 0 0 0 0 0 0 0 0 0 0 0 0 0 0 0 0 0 0 0 0 0 0 0 0 0 0 0 0 0 0 0 0 0 0 0 0 0 0 0 0 0 0 0 0 0 0 0 0 0 0 0 0 0 0 0 0 0 0 0 0 0 0 0 1 0 0 0 0 0 0 0 0 0 0 0 0 0 0 0 0 0 0 0 0 0 0 0 0 0 0 0 0 0 0 0 0 0 0 0 0]
[1428956742841954938202874051740074135061146212433976725958244046288273953051708011390677102780514391011008786520829904596607454284812070266617572242379473322951519409398055027195052878213495334794702992097362354143398367195731616703111998696918078258386068220340787815725538409018624243916290691697739620439083350598280477630357235 0 0 0 0 0 0 0 0 0 0 0 0 0 0 0 0 0 0 0 0 0 0 0 0 0 0 0 0 0 0 0 0 0 0 0 0 0 0 0 0 0 0 0 0 0 0 0 0 0 0 0 0 0 0 0 0 0 0 0 0 0 0 0 0 0 0 0 0 0 0 0 0 0 1 0 0 0 0 0 0 0 0 0 0 0 0 0 0 0 0 0 0 0 0 0 0 0 0 0 0 0 0 0 0 0 0 0 0 0]
[6433157258514622258198359072865395994042215048168936455039491604495263863332128205190307934504071833870295086291917273962917133188620137935163162093427689927158175437508271660195340656676400972836943076244880296544043613236130801865501573445093448128281268030425097541632426948881949667912973053223978222845792130060561535217136666 0 0 0 0 0 0 0 0 0 0 0 0 0 0 0 0 0 0 0 0 0 0 0 0 0 0 0 0 0 0 0 0 0 0 0 0 0 0 0 0 0 0 0 0 0 0 0 0 0 0 0 0 0 0 0 0 0 0 0 0 0 0 0 0 0 0 0 0 0 0 0 0 0 0 1 0 0 0 0 0 0 0 0 0 0 0 0 0 0 0 0 0 0 0 0 0 0 0 0 0 0 0 0 0 0 0 0 0 0]
[9081675913761313768162240365789608524690089556100890530782247624846924052776154652137586554273304753879047447213570354896609214216763379176466473584059661654316384270119410688531411167853035907052019844035991693072634045419052295120768701350644049681777185664591403541668180717837487097285015589787210573702249871355625719813564262 0 0 0 0 0 0 0 0 0 0 0 0 0 0 0 0 0 0 0 0 0 0 0 0 0 0 0 0 0 0 0 0 0 0 0 0 0 0 0 0 0 0 0 0 0 0 0 0 0 0 0 0 0 0 0 0 0 0 0 0 0 0 0 0 0 0 0 0 0 0 0 0 0 0 0 1 0 0 0 0 0 0 0 0 0 0 0 0 0 0 0 0 0 0 0 0 0 0 0 0 0 0 0 0 0 0 0 0 0]
[4952221854236170254758350237867430134618634505052478702626707100644827127468918788978459035346197410927514376484170013974210170045701291114658992701319831823710272476196756047614681012549356306130287523068535149156650481215225198583490893668314495634516472886325066565389541366405405357569473597730269277701884414257197495030879056 0 0 0 0 0 0 0 0 0 0 0 0 0 0 0 0 0 0 0 0 0 0 0 0 0 0 0 0 0 0 0 0 0 0 0 0 0 0 0 0 0 0 0 0 0 0 0 0 0 0 0 0 0 0 0 0 0 0 0 0 0 0 0 0 0 0 0 0 0 0 0 0 0 0 0 0 1 0 0 0 0 0 0 0 0 0 0 0 0 0 0 0 0 0 0 0 0 0 0 0 0 0 0 0 0 0 0 0 0]
[9588284796767010415917071975629837220835299455858642426274797973152135032187771311538451345665068888138898441287875119298478715174375075731246766362383947641735674862196944219249582846320001695235985209481366285460216301778858872141663181032448948963529870558863574399379751135990697775802991577969520561611782714209624468577283241 0 0 0 0 0 0 0 0 0 0 0 0 0 0 0 0 0 0 0 0 0 0 0 0 0 0 0 0 0 0 0 0 0 0 0 0 0 0 0 0 0 0 0 0 0 0 0 0 0 0 0 0 0 0 0 0 0 0 0 0 0 0 0 0 0 0 0 0 0 0 0 0 0 0 0 0 0 1 0 0 0 0 0 0 0 0 0 0 0 0 0 0 0 0 0 0 0 0 0 0 0 0 0 0 0 0 0 0 0]
[9713315998187496251378541884621251555127401417398584968655299139823466028659298680529458556202025539977964021698227938115780149584151174621319786166415394082455855962084102475224057175498140069927794542512677424159053122989312806476945852565127434565718406434635372754356636077775567551895130898613136324717966745731767875800168447 0 0 0 0 0 0 0 0 0 0 0 0 0 0 0 0 0 0 0 0 0 0 0 0 0 0 0 0 0 0 0 0 0 0 0 0 0 0 0 0 0 0 0 0 0 0 0 0 0 0 0 0 0 0 0 0 0 0 0 0 0 0 0 0 0 0 0 0 0 0 0 0 0 0 0 0 0 0 1 0 0 0 0 0 0 0 0 0 0 0 0 0 0 0 0 0 0 0 0 0 0 0 0 0 0 0 0 0 0]
[8290733026970474092861455307674204355179218562525259756832789979494930441175446555419886505393027591608054357585837781229328760892640171313081686730631779214735458361909053349682822609917548392462958675007897704392154722950766625695403525038507405722543373033468161986602076416909918768636597008244392472017510284485346587720758693 0 0 0 0 0 0 0 0 0 0 0 0 0 0 0 0 0 0 0 0 0 0 0 0 0 0 0 0 0 0 0 0 0 0 0 0 0 0 0 0 0 0 0 0 0 0 0 0 0 0 0 0 0 0 0 0 0 0 0 0 0 0 0 0 0 0 0 0 0 0 0 0 0 0 0 0 0 0 0 1 0 0 0 0 0 0 0 0 0 0 0 0 0 0 0 0 0 0 0 0 0 0 0 0 0 0 0 0 0]
[10557520474803790471894667290081210854714933132800464656075128123365431148064277852800775070489716088535204444573337178161441861405058936074701153330385782012230957153997139668689203569961096482968567188926361312974280685059603623104639231013812269730728241788617533602647814765436799125932322930438383686110682314178308526739980553 0 0 0 0 0 0 0 0 0 0 0 0 0 0 0 0 0 0 0 0 0 0 0 0 0 0 0 0 0 0 0 0 0 0 0 0 0 0 0 0 0 0 0 0 0 0 0 0 0 0 0 0 0 0 0 0 0 0 0 0 0 0 0 0 0 0 0 0 0 0 0 0 0 0 0 0 0 0 0 0 1 0 0 0 0 0 0 0 0 0 0 0 0 0 0 0 0 0 0 0 0 0 0 0 0 0 0 0 0]
[11070421490105178861009461508699912952091013842711473475139638265302016321229087375110943899385612583172072247233507210076915454615200389553465126464990098953834518915225273211769019624735581170737888557707600906915800971191504993277222760562565725714371300692910894560165075075223583456708942569205845761750794949621737816557843879 0 0 0 0 0 0 0 0 0 0 0 0 0 0 0 0 0 0 0 0 0 0 0 0 0 0 0 0 0 0 0 0 0 0 0 0 0 0 0 0 0 0 0 0 0 0 0 0 0 0 0 0 0 0 0 0 0 0 0 0 0 0 0 0 0 0 0 0 0 0 0 0 0 0 0 0 0 0 0 0 0 1 0 0 0 0 0 0 0 0 0 0 0 0 0 0 0 0 0 0 0 0 0 0 0 0 0 0 0]
[1649123811661094009899930942917828701426676976907246604569313592930502423940709111644371261806125579571263950359170857952176007286263359132987145503904684816445864214186960946160629648327510979977152644719851794548777234161874492226677853932300450380849088735229502601473189565410403092989789029629080674369867380873860870736290988 0 0 0 0 0 0 0 0 0 0 0 0 0 0 0 0 0 0 0 0 0 0 0 0 0 0 0 0 0 0 0 0 0 0 0 0 0 0 0 0 0 0 0 0 0 0 0 0 0 0 0 0 0 0 0 0 0 0 0 0 0 0 0 0 0 0 0 0 0 0 0 0 0 0 0 0 0 0 0 0 0 0 1 0 0 0 0 0 0 0 0 0 0 0 0 0 0 0 0 0 0 0 0 0 0 0 0 0 0]
[5305692234803909249913341304803870849485862782746732114797787616224203928064860166402745779092991496143723922456393840127046231404989481517672406508256218139788947620457585213280068305971228062571066644689332580392155845648148416617671398707011721024811771332803479156918608701638057057040370762921627574535839006689665107101227730 0 0 0 0 0 0 0 0 0 0 0 0 0 0 0 0 0 0 0 0 0 0 0 0 0 0 0 0 0 0 0 0 0 0 0 0 0 0 0 0 0 0 0 0 0 0 0 0 0 0 0 0 0 0 0 0 0 0 0 0 0 0 0 0 0 0 0 0 0 0 0 0 0 0 0 0 0 0 0 0 0 0 0 1 0 0 0 0 0 0 0 0 0 0 0 0 0 0 0 0 0 0 0 0 0 0 0 0 0]
[1044548898295381386356496559269695899775667232482591215792784673273715170397631849004711402230203179033326441194304786333140801736944645560026047403169241713734897064690850806227823334014128793915672061261771105734371463070667304254362443625355834253562071162371162152052094891566144372385916476351367691441402383788226209369472096 0 0 0 0 0 0 0 0 0 0 0 0 0 0 0 0 0 0 0 0 0 0 0 0 0 0 0 0 0 0 0 0 0 0 0 0 0 0 0 0 0 0 0 0 0 0 0 0 0 0 0 0 0 0 0 0 0 0 0 0 0 0 0 0 0 0 0 0 0 0 0 0 0 0 0 0 0 0 0 0 0 0 0 0 1 0 0 0 0 0 0 0 0 0 0 0 0 0 0 0 0 0 0 0 0 0 0 0 0]
[2396496973859624323238598280541172551803153386413437365056307798516326367633233789011070079974469057820154466299266731411184480931695111083703941739695535970801839993307253179074364025072579760393224703864878972959565077643013763074278775628824884030167348425124305406843178927739971829407110573282791479252622381450381709277868979 0 0 0 0 0 0 0 0 0 0 0 0 0 0 0 0 0 0 0 0 0 0 0 0 0 0 0 0 0 0 0 0 0 0 0 0 0 0 0 0 0 0 0 0 0 0 0 0 0 0 0 0 0 0 0 0 0 0 0 0 0 0 0 0 0 0 0 0 0 0 0 0 0 0 0 0 0 0 0 0 0 0 0 0 0 1 0 0 0 0 0 0 0 0 0 0 0 0 0 0 0 0 0 0 0 0 0 0 0]
[483892313810026853279555181944350275178716932164388722271406003122788633043491894763594968842317331738219143012511912890785003350405632619656663992055294338223744602182532794325726638184470952141172720130617157987069563887762662451687730615159358366730291131503363072561337326834157436964445656415297484275096014349663360180461798 0 0 0 0 0 0 0 0 0 0 0 0 0 0 0 0 0 0 0 0 0 0 0 0 0 0 0 0 0 0 0 0 0 0 0 0 0 0 0 0 0 0 0 0 0 0 0 0 0 0 0 0 0 0 0 0 0 0 0 0 0 0 0 0 0 0 0 0 0 0 0 0 0 0 0 0 0 0 0 0 0 0 0 0 0 0 1 0 0 0 0 0 0 0 0 0 0 0 0 0 0 0 0 0 0 0 0 0 0]
[6775379439569145029140156313296647702780214922979907654672202380022098985954347969421755932221143349196272271452893911358633994756267995095530060340162266940373106690255604076328809194403991831895403041323675102905149340898480378514067988461272142248107790198506525390050362971734048097762436406098320013077949091029847528584038067 0 0 0 0 0 0 0 0 0 0 0 0 0 0 0 0 0 0 0 0 0 0 0 0 0 0 0 0 0 0 0 0 0 0 0 0 0 0 0 0 0 0 0 0 0 0 0 0 0 0 0 0 0 0 0 0 0 0 0 0 0 0 0 0 0 0 0 0 0 0 0 0 0 0 0 0 0 0 0 0 0 0 0 0 0 0 0 1 0 0 0 0 0 0 0 0 0 0 0 0 0 0 0 0 0 0 0 0 0]
[6583192424367799545324903205518019886055575159844999477279085929943959796178404340167487084922418641102060126200835601171494544837524672650341076494768667010062586918562352474830616474382300466865838561886750094490111721161768332299754727045920354427866986529215332692920614284877941551501195632174830156686325455712463925760182326 0 0 0 0 0 0 0 0 0 0 0 0 0 0 0 0 0 0 0 0 0 0 0 0 0 0 0 0 0 0 0 0 0 0 0 0 0 0 0 0 0 0 0 0 0 0 0 0 0 0 0 0 0 0 0 0 0 0 0 0 0 0 0 0 0 0 0 0 0 0 0 0 0 0 0 0 0 0 0 0 0 0 0 0 0 0 0 0 1 0 0 0 0 0 0 0 0 0 0 0 0 0 0 0 0 0 0 0 0]
[9617232651229133630299446539916157769065011087442920261001912824579806857858596947463318335993950757964661059605764672905476426716000871984759448830161411267577695031860462538064748204877367898423872198766290219990830785655211815723741958543634440744696453351888128672804366963376584954708612386390342182554230746617087932460464766 0 0 0 0 0 0 0 0 0 0 0 0 0 0 0 0 0 0 0 0 0 0 0 0 0 0 0 0 0 0 0 0 0 0 0 0 0 0 0 0 0 0 0 0 0 0 0 0 0 0 0 0 0 0 0 0 0 0 0 0 0 0 0 0 0 0 0 0 0 0 0 0 0 0 0 0 0 0 0 0 0 0 0 0 0 0 0 0 0 1 0 0 0 0 0 0 0 0 0 0 0 0 0 0 0 0 0 0 0]
[11055948550732350474514746780036109444655845216121704205323939630993443969032250265007657970700871503397847860238191858421202679658661335341475133036928908878780833773232684852947925026543192961268737512673646218062043399556630472654185388657818150262437516557274791785931986566606914501662315335094655883821754352533988560607551277 0 0 0 0 0 0 0 0 0 0 0 0 0 0 0 0 0 0 0 0 0 0 0 0 0 0 0 0 0 0 0 0 0 0 0 0 0 0 0 0 0 0 0 0 0 0 0 0 0 0 0 0 0 0 0 0 0 0 0 0 0 0 0 0 0 0 0 0 0 0 0 0 0 0 0 0 0 0 0 0 0 0 0 0 0 0 0 0 0 0 1 0 0 0 0 0 0 0 0 0 0 0 0 0 0 0 0 0 0]
[165110833382185715477066635865637123907367944755431767082071905709464249616133477855685291566685677985019315310965605691199188329391526820181485627524416468536213792308036625808329988829058718031989198483916232231179544062993311478750857125489994514695627759862562260936866359732652477243318184201660739739098871913435122600395297 0 0 0 0 0 0 0 0 0 0 0 0 0 0 0 0 0 0 0 0 0 0 0 0 0 0 0 0 0 0 0 0 0 0 0 0 0 0 0 0 0 0 0 0 0 0 0 0 0 0 0 0 0 0 0 0 0 0 0 0 0 0 0 0 0 0 0 0 0 0 0 0 0 0 0 0 0 0 0 0 0 0 0 0 0 0 0 0 0 0 0 1 0 0 0 0 0 0 0 0 0 0 0 0 0 0 0 0 0]
[780217422800934026992198597349038034175561446069215847415655443332948924532137253687472167226228278321455680759275468976934523850452089231390155799997623297431124728483481516352359533723962644684397676204666614343221169206855062639084468192306787523689697130965751581743600610473219861348065947739814289100623539337426049611522649 0 0 0 0 0 0 0 0 0 0 0 0 0 0 0 0 0 0 0 0 0 0 0 0 0 0 0 0 0 0 0 0 0 0 0 0 0 0 0 0 0 0 0 0 0 0 0 0 0 0 0 0 0 0 0 0 0 0 0 0 0 0 0 0 0 0 0 0 0 0 0 0 0 0 0 0 0 0 0 0 0 0 0 0 0 0 0 0 0 0 0 0 1 0 0 0 0 0 0 0 0 0 0 0 0 0 0 0 0]
[8067428982124337699894661465453059753862629043877723708217933155939648997838907393768126400284017707194912679583814697990159495573673006546962286761206054782048967295249401516976127156570598634043470800616409988414714561579404696672838732527320672193025561185744835737852019099275326311479170228479011082293289652377965509067896524 0 0 0 0 0 0 0 0 0 0 0 0 0 0 0 0 0 0 0 0 0 0 0 0 0 0 0 0 0 0 0 0 0 0 0 0 0 0 0 0 0 0 0 0 0 0 0 0 0 0 0 0 0 0 0 0 0 0 0 0 0 0 0 0 0 0 0 0 0 0 0 0 0 0 0 0 0 0 0 0 0 0 0 0 0 0 0 0 0 0 0 0 0 1 0 0 0 0 0 0 0 0 0 0 0 0 0 0 0]
[1615065764633933129163776416197279492302988011929328722600899105549927285688490183634795539064276055879693575911962641711075428118448462995943900811521296087508233622395338468673011164302715307773767566185143993761140853995514117179216040846045710234180454219074904598078573191145813665475257877131358342822098990534664879141924579 0 0 0 0 0 0 0 0 0 0 0 0 0 0 0 0 0 0 0 0 0 0 0 0 0 0 0 0 0 0 0 0 0 0 0 0 0 0 0 0 0 0 0 0 0 0 0 0 0 0 0 0 0 0 0 0 0 0 0 0 0 0 0 0 0 0 0 0 0 0 0 0 0 0 0 0 0 0 0 0 0 0 0 0 0 0 0 0 0 0 0 0 0 0 1 0 0 0 0 0 0 0 0 0 0 0 0 0 0]
[5853839676753070416230383285349975695397983685969528339555249560419422700369562970783264226870552431643644471695505299867726636405823338429155230880967844546383185220396888952008741302402134360248313362202947957385459608426247615857852913240550770326259854072027330422038521169824360304156882816984653057533277574945629680765252229 0 0 0 0 0 0 0 0 0 0 0 0 0 0 0 0 0 0 0 0 0 0 0 0 0 0 0 0 0 0 0 0 0 0 0 0 0 0 0 0 0 0 0 0 0 0 0 0 0 0 0 0 0 0 0 0 0 0 0 0 0 0 0 0 0 0 0 0 0 0 0 0 0 0 0 0 0 0 0 0 0 0 0 0 0 0 0 0 0 0 0 0 0 0 0 1 0 0 0 0 0 0 0 0 0 0 0 0 0]
[5544884499260973149657280930413640562670604754669578145422957285779124811314105305647946782039701074330848209074234026498000819415459540765048483563206473253868130910564152219549522392246403221404459268816399583888762878971083264374760349089204497911104076377488510396606621709584537212445241800242518565346686200417559961625624110 0 0 0 0 0 0 0 0 0 0 0 0 0 0 0 0 0 0 0 0 0 0 0 0 0 0 0 0 0 0 0 0 0 0 0 0 0 0 0 0 0 0 0 0 0 0 0 0 0 0 0 0 0 0 0 0 0 0 0 0 0 0 0 0 0 0 0 0 0 0 0 0 0 0 0 0 0 0 0 0 0 0 0 0 0 0 0 0 0 0 0 0 0 0 0 0 1 0 0 0 0 0 0 0 0 0 0 0 0]
[75099802818502185488238069358568968658658834477238962634210624546689379544529060125418938269430990277950742527471532142734867483203408069703944795228758710188920748576775277635356546232118461717488214406561967070235121755540226658101294335412526087086978275362402555418375693320138549814854631650249801542521691748386957578646269 0 0 0 0 0 0 0 0 0 0 0 0 0 0 0 0 0 0 0 0 0 0 0 0 0 0 0 0 0 0 0 0 0 0 0 0 0 0 0 0 0 0 0 0 0 0 0 0 0 0 0 0 0 0 0 0 0 0 0 0 0 0 0 0 0 0 0 0 0 0 0 0 0 0 0 0 0 0 0 0 0 0 0 0 0 0 0 0 0 0 0 0 0 0 0 0 0 1 0 0 0 0 0 0 0 0 0 0 0]
[6025212438895609217011647831674161785063910031305054474489384438669287566283751944854654641544545750485937330184669489407725325003671320138873885098315341958813311826231571539468134583580969067290919513027873884087441154525685005676575188724640914583083035275223379451748962959041688150341572985738449266187395087299627517252357452 0 0 0 0 0 0 0 0 0 0 0 0 0 0 0 0 0 0 0 0 0 0 0 0 0 0 0 0 0 0 0 0 0 0 0 0 0 0 0 0 0 0 0 0 0 0 0 0 0 0 0 0 0 0 0 0 0 0 0 0 0 0 0 0 0 0 0 0 0 0 0 0 0 0 0 0 0 0 0 0 0 0 0 0 0 0 0 0 0 0 0 0 0 0 0 0 0 0 1 0 0 0 0 0 0 0 0 0 0]
[581551806123083380851987843771948881175743115922559975146747371277786374648254463157705741253382865640442975056793174127749788299382215391201711873937295049165164140233938604844405584585818223387492631118783215413461378447576021459498556696731190371234748224184908271099175042304728257885015270996677083308437930538224687604352791 0 0 0 0 0 0 0 0 0 0 0 0 0 0 0 0 0 0 0 0 0 0 0 0 0 0 0 0 0 0 0 0 0 0 0 0 0 0 0 0 0 0 0 0 0 0 0 0 0 0 0 0 0 0 0 0 0 0 0 0 0 0 0 0 0 0 0 0 0 0 0 0 0 0 0 0 0 0 0 0 0 0 0 0 0 0 0 0 0 0 0 0 0 0 0 0 0 0 0 1 0 0 0 0 0 0 0 0 0]
[7991648567698523752423685812441897419384157430157674186593476591434837628760704803449809295138771967830711006349242836263195829094443075471912434977141754835409927023327579084513103669693037328967345964080113159660666066478155260742165032313494700990650347454949341112972392498038322892447201538787139546302668491062440819614684682 0 0 0 0 0 0 0 0 0 0 0 0 0 0 0 0 0 0 0 0 0 0 0 0 0 0 0 0 0 0 0 0 0 0 0 0 0 0 0 0 0 0 0 0 0 0 0 0 0 0 0 0 0 0 0 0 0 0 0 0 0 0 0 0 0 0 0 0 0 0 0 0 0 0 0 0 0 0 0 0 0 0 0 0 0 0 0 0 0 0 0 0 0 0 0 0 0 0 0 0 1 0 0 0 0 0 0 0 0]
[6151644385657491624100227686148206437674484287369352731507870860007180770011758328909456182451347837138495169941131301544765503002850302716633120123823113818187301046333554900742966310786644146656674360635516144087848415355878040526219503986099229773099007628487213551003268172205024373681979239826507784087055565872651094936248852 0 0 0 0 0 0 0 0 0 0 0 0 0 0 0 0 0 0 0 0 0 0 0 0 0 0 0 0 0 0 0 0 0 0 0 0 0 0 0 0 0 0 0 0 0 0 0 0 0 0 0 0 0 0 0 0 0 0 0 0 0 0 0 0 0 0 0 0 0 0 0 0 0 0 0 0 0 0 0 0 0 0 0 0 0 0 0 0 0 0 0 0 0 0 0 0 0 0 0 0 0 1 0 0 0 0 0 0 0]
[10417421885738462881673080957057223444130839257194589760534489970046250333324935424046058738015016925928058629621561600847822971777547953653678621407692434238944055857767728796295497804149459244540376668559246028159135302204703263983341055906518866536108805568855380612091379752392375929232668416281774330053962430165038833542232469 0 0 0 0 0 0 0 0 0 0 0 0 0 0 0 0 0 0 0 0 0 0 0 0 0 0 0 0 0 0 0 0 0 0 0 0 0 0 0 0 0 0 0 0 0 0 0 0 0 0 0 0 0 0 0 0 0 0 0 0 0 0 0 0 0 0 0 0 0 0 0 0 0 0 0 0 0 0 0 0 0 0 0 0 0 0 0 0 0 0 0 0 0 0 0 0 0 0 0 0 0 0 1 0 0 0 0 0 0]
[2322844849852405809422515329979254353472844832441556161808909740115109934194977036676329097220634837471716104572734005246117979408506459700497406501675363325219482915326169955505036513101771151288909023596657922239591961478915425551803638229951561355443993268410423559254638540530482020754757762378555507778543038438465802866978508 0 0 0 0 0 0 0 0 0 0 0 0 0 0 0 0 0 0 0 0 0 0 0 0 0 0 0 0 0 0 0 0 0 0 0 0 0 0 0 0 0 0 0 0 0 0 0 0 0 0 0 0 0 0 0 0 0 0 0 0 0 0 0 0 0 0 0 0 0 0 0 0 0 0 0 0 0 0 0 0 0 0 0 0 0 0 0 0 0 0 0 0 0 0 0 0 0 0 0 0 0 0 0 1 0 0 0 0 0]
[9553473216295447660592368280975514020064517531774812081732798985465027865901484932902968104836272821085833392283187616444616959090509822124302947236627959092593083774828455627761046482930541429995507010053001310179072859121721184766486813797486865333360150835753086389958002743431019963923645754605496938191818875860858679615525890 0 0 0 0 0 0 0 0 0 0 0 0 0 0 0 0 0 0 0 0 0 0 0 0 0 0 0 0 0 0 0 0 0 0 0 0 0 0 0 0 0 0 0 0 0 0 0 0 0 0 0 0 0 0 0 0 0 0 0 0 0 0 0 0 0 0 0 0 0 0 0 0 0 0 0 0 0 0 0 0 0 0 0 0 0 0 0 0 0 0 0 0 0 0 0 0 0 0 0 0 0 0 0 0 1 0 0 0 0]
[3938886494780964392453131355592422629891234672089081483598410886436352729000374445410154819829942497442128898779312235099152852110451677205474056345566763315320589034903094201334627036972834184425563531989594637606570502246284203073738043301797224994404055726665331107068904989481406494797544264760045363557607075093680432451662482 0 0 0 0 0 0 0 0 0 0 0 0 0 0 0 0 0 0 0 0 0 0 0 0 0 0 0 0 0 0 0 0 0 0 0 0 0 0 0 0 0 0 0 0 0 0 0 0 0 0 0 0 0 0 0 0 0 0 0 0 0 0 0 0 0 0 0 0 0 0 0 0 0 0 0 0 0 0 0 0 0 0 0 0 0 0 0 0 0 0 0 0 0 0 0 0 0 0 0 0 0 0 0 0 0 1 0 0 0]
[1416128263961102134626570143721390444224054154419952800037778262717786391079525913488652830944407622502570794029731431592244918406962494828732490321080601229608413660394362990766231436333802647171009919100669366531829596011799787820246895230183507931177053609950432946960532218270750199344818938539649231017200485474583726177335635 0 0 0 0 0 0 0 0 0 0 0 0 0 0 0 0 0 0 0 0 0 0 0 0 0 0 0 0 0 0 0 0 0 0 0 0 0 0 0 0 0 0 0 0 0 0 0 0 0 0 0 0 0 0 0 0 0 0 0 0 0 0 0 0 0 0 0 0 0 0 0 0 0 0 0 0 0 0 0 0 0 0 0 0 0 0 0 0 0 0 0 0 0 0 0 0 0 0 0 0 0 0 0 0 0 0 1 0 0]
[6454245238962423308809005040103990544262179793718239616761596130497202623092479053376854431126328982145054507024565577272973997822526021309686409968410103523644767987604365520727229740680277112077474752742779572059242756745958043909124561964039820970943649635511581875679963973284963443776024356793730153157248430165511485146464347 0 0 0 0 0 0 0 0 0 0 0 0 0 0 0 0 0 0 0 0 0 0 0 0 0 0 0 0 0 0 0 0 0 0 0 0 0 0 0 0 0 0 0 0 0 0 0 0 0 0 0 0 0 0 0 0 0 0 0 0 0 0 0 0 0 0 0 0 0 0 0 0 0 0 0 0 0 0 0 0 0 0 0 0 0 0 0 0 0 0 0 0 0 0 0 0 0 0 0 0 0 0 0 0 0 0 0 1 0]
[2662367307403113315130588573548525062390191119509612672404551912374190490992694784822116253146635952450975770594758615065773431211851743836783772571873030656101130797530623384243439233451769576030546081874194629640798099565798273921974195608837084756249649665565689466971010025063312280441295659385959483493102990300613130315444737 0 0 0 0 0 0 0 0 0 0 0 0 0 0 0 0 0 0 0 0 0 0 0 0 0 0 0 0 0 0 0 0 0 0 0 0 0 0 0 0 0 0 0 0 0 0 0 0 0 0 0 0 0 0 0 0 0 0 0 0 0 0 0 0 0 0 0 0 0 0 0 0 0 0 0 0 0 0 0 0 0 0 0 0 0 0 0 0 0 0 0 0 0 0 0 0 0 0 0 0 0 0 0 0 0 0 0 0 1]
]
