[[2418226170697421985871723826442450021007968232949660758656760173770971090831836919221285250990872247022715274408638144999601072917939904093165485131171 0 0 0 0 0 0 0 0 0 0 0 0 0 0 0 0 0 0 0 0 0 0 0 0 0 0 0 0 0 0 0 0 0 0 0 0 0 0 0 0 0 0 0 0 0 0 0 0 0]
[1959304404605928355379738291568000598688610557480507678464683687437647114376130307668713325465273801227969520804089394194979460578696977974205036620610 1 0 0 0 0 0 0 0 0 0 0 0 0 0 0 0 0 0 0 0 0 0 0 0 0 0 0 0 0 0 0 0 0 0 0 0 0 0 0 0 0 0 0 0 0 0 0 0 0]
[1453846185866647283683821653309154624147388158431588587841925422911020145869108110069135718510605881595695262644336543558769758935075409434077991777148 0 1 0 0 0 0 0 0 0 0 0 0 0 0 0 0 0 0 0 0 0 0 0 0 0 0 0 0 0 0 0 0 0 0 0 0 0 0 0 0 0 0 0 0 0 0 0 0 0]
[1631270555117079938607904849294159822442627526907644462485719971598391290652671095962734104799052487390429083308190283734956073720043505250876747276592 0 0 1 0 0 0 0 0 0 0 0 0 0 0 0 0 0 0 0 0 0 0 0 0 0 0 0 0 0 0 0 0 0 0 0 0 0 0 0 0 0 0 0 0 0 0 0 0 0]
[1593936688334036458297366425549469198376186906976372304426988466799892383330378437027568918109870328231248580276527326913574747641123085713321962697396 0 0 0 1 0 0 0 0 0 0 0 0 0 0 0 0 0 0 0 0 0 0 0 0 0 0 0 0 0 0 0 0 0 0 0 0 0 0 0 0 0 0 0 0 0 0 0 0 0]
[939040631651155979465386701753267734853705522348138736901763702187867348847335390133647426592549300520042515341762669691550714943072122197604181042058 0 0 0 0 1 0 0 0 0 0 0 0 0 0 0 0 0 0 0 0 0 0 0 0 0 0 0 0 0 0 0 0 0 0 0 0 0 0 0 0 0 0 0 0 0 0 0 0 0]
[1052783599857522188560928149937601304783096885675524489648963302691808099882509084159427363273524280404291466961511947675551662909138481814378766587689 0 0 0 0 0 1 0 0 0 0 0 0 0 0 0 0 0 0 0 0 0 0 0 0 0 0 0 0 0 0 0 0 0 0 0 0 0 0 0 0 0 0 0 0 0 0 0 0 0]
[981895385081414829988902656883106630459546868742103757149802240405203006292725591783974033980578184048665141491672930425025786756116852533908081566342 0 0 0 0 0 0 1 0 0 0 0 0 0 0 0 0 0 0 0 0 0 0 0 0 0 0 0 0 0 0 0 0 0 0 0 0 0 0 0 0 0 0 0 0 0 0 0 0 0]
[1014787200104784726853838735609763435663943849413564626387052415298510803444399657955393175077002127013066403007422684377456547823873433630468203925712 0 0 0 0 0 0 0 1 0 0 0 0 0 0 0 0 0 0 0 0 0 0 0 0 0 0 0 0 0 0 0 0 0 0 0 0 0 0 0 0 0 0 0 0 0 0 0 0 0]
[1909562039777709673615412584856571798641781405306787364122586820207179344968724344278658008148706665995324395305811667163621668901109860858570835177051 0 0 0 0 0 0 0 0 1 0 0 0 0 0 0 0 0 0 0 0 0 0 0 0 0 0 0 0 0 0 0 0 0 0 0 0 0 0 0 0 0 0 0 0 0 0 0 0 0]
[1721216913954559641350831576859743803282566168868562515208920111941337562528317779485604853590802645826512145916930595973376434287526905430433907264736 0 0 0 0 0 0 0 0 0 1 0 0 0 0 0 0 0 0 0 0 0 0 0 0 0 0 0 0 0 0 0 0 0 0 0 0 0 0 0 0 0 0 0 0 0 0 0 0 0]
[438539080312598265190396944019033424452631555470228677444191249348125997646083958718849248691380757209724514080794421869744865887289672275620084924803 0 0 0 0 0 0 0 0 0 0 1 0 0 0 0 0 0 0 0 0 0 0 0 0 0 0 0 0 0 0 0 0 0 0 0 0 0 0 0 0 0 0 0 0 0 0 0 0 0]
[357689244654525600421869389438050622679417174650096917429993160275928860418108741264992294696473553586390179678748748738231876613218290270833445625307 0 0 0 0 0 0 0 0 0 0 0 1 0 0 0 0 0 0 0 0 0 0 0 0 0 0 0 0 0 0 0 0 0 0 0 0 0 0 0 0 0 0 0 0 0 0 0 0 0]
[2006692466472394297953089570667646763933427214453600089898147672986842916687871266283247942873492108191267280193798061461074205841886921356321605512407 0 0 0 0 0 0 0 0 0 0 0 0 1 0 0 0 0 0 0 0 0 0 0 0 0 0 0 0 0 0 0 0 0 0 0 0 0 0 0 0 0 0 0 0 0 0 0 0 0]
[1308213600175547040286499273892858815330002856133080045834542474134098505740209573143507599998291638254824851739915677150902729524298935374838417563864 0 0 0 0 0 0 0 0 0 0 0 0 0 1 0 0 0 0 0 0 0 0 0 0 0 0 0 0 0 0 0 0 0 0 0 0 0 0 0 0 0 0 0 0 0 0 0 0 0]
[2166794997619304556847487802434103035212191398037342538520406141687710493043198721906380993642521320763655727412335066973231953233424026302531103246505 0 0 0 0 0 0 0 0 0 0 0 0 0 0 1 0 0 0 0 0 0 0 0 0 0 0 0 0 0 0 0 0 0 0 0 0 0 0 0 0 0 0 0 0 0 0 0 0 0]
[107465328529953240292233644000576543277147434446885182969223453990780125101516558714208552006987517062642813579484881780865493144378455111375593030475 0 0 0 0 0 0 0 0 0 0 0 0 0 0 0 1 0 0 0 0 0 0 0 0 0 0 0 0 0 0 0 0 0 0 0 0 0 0 0 0 0 0 0 0 0 0 0 0 0]
[348239670548373288862212446472062337762411064262831346977985881022198920072890494318635486035239690893654896636297439195483563759941771701587557362002 0 0 0 0 0 0 0 0 0 0 0 0 0 0 0 0 1 0 0 0 0 0 0 0 0 0 0 0 0 0 0 0 0 0 0 0 0 0 0 0 0 0 0 0 0 0 0 0 0]
[1470567745275320286763475360784721150627201561840445846487103931482326621414973138558843281561359870629774830106246973548473232896021141498550691731057 0 0 0 0 0 0 0 0 0 0 0 0 0 0 0 0 0 1 0 0 0 0 0 0 0 0 0 0 0 0 0 0 0 0 0 0 0 0 0 0 0 0 0 0 0 0 0 0 0]
[1168903762049969087832599188166598951823512054979175809875800843222863145820107644244660117283395186532015279250818578666772367081622150969693125543127 0 0 0 0 0 0 0 0 0 0 0 0 0 0 0 0 0 0 1 0 0 0 0 0 0 0 0 0 0 0 0 0 0 0 0 0 0 0 0 0 0 0 0 0 0 0 0 0 0]
[957751634862374187646292677197262888526132428234585166517421204124264454392416684000241746144096712465000882954533130058869400454489678298509407064403 0 0 0 0 0 0 0 0 0 0 0 0 0 0 0 0 0 0 0 1 0 0 0 0 0 0 0 0 0 0 0 0 0 0 0 0 0 0 0 0 0 0 0 0 0 0 0 0 0]
[1825020470177900591761861360920454703789301769952514488999641414987940701372152771729644705463387316215671583584387492348733557555306076402710423849098 0 0 0 0 0 0 0 0 0 0 0 0 0 0 0 0 0 0 0 0 1 0 0 0 0 0 0 0 0 0 0 0 0 0 0 0 0 0 0 0 0 0 0 0 0 0 0 0 0]
[1344109283717484222666254895612838053599797087264349667690685723364454523719714631013789512750294211541820001565775755653137294194117565975883566775293 0 0 0 0 0 0 0 0 0 0 0 0 0 0 0 0 0 0 0 0 0 1 0 0 0 0 0 0 0 0 0 0 0 0 0 0 0 0 0 0 0 0 0 0 0 0 0 0 0]
[2027986226573093417248105922425552347152171632004805845322733890537198134868871611310845260874871676871653381166049660171703523713907126149694305983406 0 0 0 0 0 0 0 0 0 0 0 0 0 0 0 0 0 0 0 0 0 0 1 0 0 0 0 0 0 0 0 0 0 0 0 0 0 0 0 0 0 0 0 0 0 0 0 0 0]
[1100180268410945523840810727496043916589041405970151023908027218630811939292451237830673322378574598593101718339475441468672912309250103379396518015835 0 0 0 0 0 0 0 0 0 0 0 0 0 0 0 0 0 0 0 0 0 0 0 1 0 0 0 0 0 0 0 0 0 0 0 0 0 0 0 0 0 0 0 0 0 0 0 0 0]
[828398670132069753970184406174428742359933183243833190196404464972347693000037520852167028206923866652014199663808833284179225841927866630240798321930 0 0 0 0 0 0 0 0 0 0 0 0 0 0 0 0 0 0 0 0 0 0 0 0 1 0 0 0 0 0 0 0 0 0 0 0 0 0 0 0 0 0 0 0 0 0 0 0 0]
[1199519572517020548304516323899867005296892236761119762251313037527577849236190738699821452126979374172873302877930206620285831623818767306475723595029 0 0 0 0 0 0 0 0 0 0 0 0 0 0 0 0 0 0 0 0 0 0 0 0 0 1 0 0 0 0 0 0 0 0 0 0 0 0 0 0 0 0 0 0 0 0 0 0 0]
[1495177740161711537028948546180119062503809662692460497624221265965093120814887060964118507064104128577330617824752489716847379590910822754461647720294 0 0 0 0 0 0 0 0 0 0 0 0 0 0 0 0 0 0 0 0 0 0 0 0 0 0 1 0 0 0 0 0 0 0 0 0 0 0 0 0 0 0 0 0 0 0 0 0 0]
[2332256260352048168383721367585059112717777782354020677672725910865013671209221622326002705146171082720867771035879836720568123093032449869675932306286 0 0 0 0 0 0 0 0 0 0 0 0 0 0 0 0 0 0 0 0 0 0 0 0 0 0 0 1 0 0 0 0 0 0 0 0 0 0 0 0 0 0 0 0 0 0 0 0 0]
[114124896480060591992234284938417697565561674332760532158174947003419846559272648559308443551389832870825680577194609279457785777554709530921806696272 0 0 0 0 0 0 0 0 0 0 0 0 0 0 0 0 0 0 0 0 0 0 0 0 0 0 0 0 1 0 0 0 0 0 0 0 0 0 0 0 0 0 0 0 0 0 0 0 0]
[1380479359888296260543218922534751357306959313532980050200826250184886842382521410196959818519629221042633709409674681583939354760157653395917241062865 0 0 0 0 0 0 0 0 0 0 0 0 0 0 0 0 0 0 0 0 0 0 0 0 0 0 0 0 0 1 0 0 0 0 0 0 0 0 0 0 0 0 0 0 0 0 0 0 0]
[1472395643086706354701620330705554133127825096907520438301671142664136149551250084807424348660509261929562574742750878272309226496748557198300982734842 0 0 0 0 0 0 0 0 0 0 0 0 0 0 0 0 0 0 0 0 0 0 0 0 0 0 0 0 0 0 1 0 0 0 0 0 0 0 0 0 0 0 0 0 0 0 0 0 0]
[1915962002090462363854193102419812757120983666052601708700969768741327699773799391892472027565778481380212320961874527068511361257938053271729554495235 0 0 0 0 0 0 0 0 0 0 0 0 0 0 0 0 0 0 0 0 0 0 0 0 0 0 0 0 0 0 0 1 0 0 0 0 0 0 0 0 0 0 0 0 0 0 0 0 0]
[1692445082260795963876037831534537810196860715399238260245025852717061294286647715889334228909503314200144529966612120829218238954923634231266947413346 0 0 0 0 0 0 0 0 0 0 0 0 0 0 0 0 0 0 0 0 0 0 0 0 0 0 0 0 0 0 0 0 1 0 0 0 0 0 0 0 0 0 0 0 0 0 0 0 0]
[1309682559156719227779322465739126307208980711030441304124447754986566569581746146864717411948327753981637289403112547868681524277364794776319287150908 0 0 0 0 0 0 0 0 0 0 0 0 0 0 0 0 0 0 0 0 0 0 0 0 0 0 0 0 0 0 0 0 0 1 0 0 0 0 0 0 0 0 0 0 0 0 0 0 0]
[210140083756617650806884108531205851104739766752968158657220192146299189755395294000309766534365308526468440432826134402500059593025750215333314512068 0 0 0 0 0 0 0 0 0 0 0 0 0 0 0 0 0 0 0 0 0 0 0 0 0 0 0 0 0 0 0 0 0 0 1 0 0 0 0 0 0 0 0 0 0 0 0 0 0]
[2416551749359771492614405145010125998087874873950547287316347289698282935356124906112944813514206059927039278177858410848009635123384995356791800644520 0 0 0 0 0 0 0 0 0 0 0 0 0 0 0 0 0 0 0 0 0 0 0 0 0 0 0 0 0 0 0 0 0 0 0 1 0 0 0 0 0 0 0 0 0 0 0 0 0]
[683012767353679318764136730790338695429411417375950638101242798499619843169971294218682753111894136743813720789646156694545169944609157363588817129814 0 0 0 0 0 0 0 0 0 0 0 0 0 0 0 0 0 0 0 0 0 0 0 0 0 0 0 0 0 0 0 0 0 0 0 0 1 0 0 0 0 0 0 0 0 0 0 0 0]
[1463120870581021545046655343746019267924680724236404192900054972618506326553942675011431431530200381334543376140380465337056524068896227917966115941966 0 0 0 0 0 0 0 0 0 0 0 0 0 0 0 0 0 0 0 0 0 0 0 0 0 0 0 0 0 0 0 0 0 0 0 0 0 1 0 0 0 0 0 0 0 0 0 0 0]
[2260011048258612512700375062716385588746198577691404377165154308703331489018293029438032811684254789704847425736649026723259468777864856678951894504148 0 0 0 0 0 0 0 0 0 0 0 0 0 0 0 0 0 0 0 0 0 0 0 0 0 0 0 0 0 0 0 0 0 0 0 0 0 0 1 0 0 0 0 0 0 0 0 0 0]
[366223276683115389075089554155169848820069901367911638186340199726227377222189276132592974815411884211665881268776993815969882156241662933252214366669 0 0 0 0 0 0 0 0 0 0 0 0 0 0 0 0 0 0 0 0 0 0 0 0 0 0 0 0 0 0 0 0 0 0 0 0 0 0 0 1 0 0 0 0 0 0 0 0 0]
[2178490351001530434107141963756140723978204673009639763590230138271915782687098099165737412739559257251966376784459843945225594426974344015193017167737 0 0 0 0 0 0 0 0 0 0 0 0 0 0 0 0 0 0 0 0 0 0 0 0 0 0 0 0 0 0 0 0 0 0 0 0 0 0 0 0 1 0 0 0 0 0 0 0 0]
[2302399959710806407975907176388759131741504641628231534894677989603938651760241215989481603082746336106035905039809910308473097841248624505375008051844 0 0 0 0 0 0 0 0 0 0 0 0 0 0 0 0 0 0 0 0 0 0 0 0 0 0 0 0 0 0 0 0 0 0 0 0 0 0 0 0 0 1 0 0 0 0 0 0 0]
[1562124226386657231705055179959420757685710602483419393865433899088522640684206880516359460586025904655027397497293320827625402491747807247809462778483 0 0 0 0 0 0 0 0 0 0 0 0 0 0 0 0 0 0 0 0 0 0 0 0 0 0 0 0 0 0 0 0 0 0 0 0 0 0 0 0 0 0 1 0 0 0 0 0 0]
[1335303532776565071785674244457421625654629255175387488294712947283939750557411245527119115633147803079102661693966564065878778256216282310285142431766 0 0 0 0 0 0 0 0 0 0 0 0 0 0 0 0 0 0 0 0 0 0 0 0 0 0 0 0 0 0 0 0 0 0 0 0 0 0 0 0 0 0 0 1 0 0 0 0 0]
[1895521438983741433954344905656659174433397390713443965748171329119651901707486470504425061200551348449561829190624168485815476827226657000218853575511 0 0 0 0 0 0 0 0 0 0 0 0 0 0 0 0 0 0 0 0 0 0 0 0 0 0 0 0 0 0 0 0 0 0 0 0 0 0 0 0 0 0 0 0 1 0 0 0 0]
[2068912451194518849892889545728506021376879377055451729871637923897935319873064185574194099358937302647449274363881167001000242433636862515542324892743 0 0 0 0 0 0 0 0 0 0 0 0 0 0 0 0 0 0 0 0 0 0 0 0 0 0 0 0 0 0 0 0 0 0 0 0 0 0 0 0 0 0 0 0 0 1 0 0 0]
[888346920287928872501782697436970223718535822249624621666015115528653023615664714108519086541113593481504359828595998439678017006495079476785240705566 0 0 0 0 0 0 0 0 0 0 0 0 0 0 0 0 0 0 0 0 0 0 0 0 0 0 0 0 0 0 0 0 0 0 0 0 0 0 0 0 0 0 0 0 0 0 1 0 0]
[97658609812922862511519465561806511601646879445468067888560314839621679815511098755206692608845318919614325833732751781383051391585701910406797020388 0 0 0 0 0 0 0 0 0 0 0 0 0 0 0 0 0 0 0 0 0 0 0 0 0 0 0 0 0 0 0 0 0 0 0 0 0 0 0 0 0 0 0 0 0 0 0 1 0]
[1424744441840223907071100144099089526500525578824460477448871711174869953508048201673850643895639917529152085284914035816816003386551610651136383932010 0 0 0 0 0 0 0 0 0 0 0 0 0 0 0 0 0 0 0 0 0 0 0 0 0 0 0 0 0 0 0 0 0 0 0 0 0 0 0 0 0 0 0 0 0 0 0 0 1]
]
