[[4638417663252253443600418814787983135209550617682550892477900157751846870678899814549285627471719242618823521845073754326997530185856612843722085106236371204425323878743262708906533072192982933707245737298710162279300404907542365350121299299 0 0 0 0 0 0 0 0 0 0 0 0 0 0 0 0 0 0 0 0 0 0 0 0 0 0 0 0 0 0 0 0 0 0 0 0 0 0 0 0 0 0 0 0 0 0 0 0 0 0 0 0 0 0 0 0 0 0 0 0 0 0 0 0 0 0 0 0 0 0 0 0 0 0 0 0 0 0 0]
[819465885553585275715193070938475425268198013349210169026705831415696021535587271910727947050800544539565860661631630709761991615563459330316605402007403855379130054574014323650481465465043700068322249302224601233588476884871662967084848410 1 0 0 0 0 0 0 0 0 0 0 0 0 0 0 0 0 0 0 0 0 0 0 0 0 0 0 0 0 0 0 0 0 0 0 0 0 0 0 0 0 0 0 0 0 0 0 0 0 0 0 0 0 0 0 0 0 0 0 0 0 0 0 0 0 0 0 0 0 0 0 0 0 0 0 0 0 0 0]
[3991788445217423244763470924436789011144579424597434896980906168329631623580414931049046027413155617635300767571067695973769969374266977183067470693255937879953356104625754343541008884806493749339557194729920498323813869943662263858052633663 0 1 0 0 0 0 0 0 0 0 0 0 0 0 0 0 0 0 0 0 0 0 0 0 0 0 0 0 0 0 0 0 0 0 0 0 0 0 0 0 0 0 0 0 0 0 0 0 0 0 0 0 0 0 0 0 0 0 0 0 0 0 0 0 0 0 0 0 0 0 0 0 0 0 0 0 0 0 0]
[3034806316326021044435975254408851921417658443198679160321130049268891325638136321038681905208401691861015093163101150930927117902865374749905383846852545688280856002875384525878461534294388728180191572037418081335050182703778509397870560142 0 0 1 0 0 0 0 0 0 0 0 0 0 0 0 0 0 0 0 0 0 0 0 0 0 0 0 0 0 0 0 0 0 0 0 0 0 0 0 0 0 0 0 0 0 0 0 0 0 0 0 0 0 0 0 0 0 0 0 0 0 0 0 0 0 0 0 0 0 0 0 0 0 0 0 0 0 0 0]
[2611478852305373182092266592409117244172956063265343815231083462879626679740941835672610008703777717436576411465176511229250590018148692260791003788272804732757176317452620038969730347447312614961467311821178047833124664248551035600145075221 0 0 0 1 0 0 0 0 0 0 0 0 0 0 0 0 0 0 0 0 0 0 0 0 0 0 0 0 0 0 0 0 0 0 0 0 0 0 0 0 0 0 0 0 0 0 0 0 0 0 0 0 0 0 0 0 0 0 0 0 0 0 0 0 0 0 0 0 0 0 0 0 0 0 0 0 0 0 0]
[402479085866800141366523288996060376073048233412906480071196767887029652130330620112633848405184639409652220677502365580419611875855335457526964230139592261748888847749097773960931781118401433705398504316412006592688062392873915628717732415 0 0 0 0 1 0 0 0 0 0 0 0 0 0 0 0 0 0 0 0 0 0 0 0 0 0 0 0 0 0 0 0 0 0 0 0 0 0 0 0 0 0 0 0 0 0 0 0 0 0 0 0 0 0 0 0 0 0 0 0 0 0 0 0 0 0 0 0 0 0 0 0 0 0 0 0 0 0 0]
[3132983367064231924835646745027807006896212886236670500964965136253636919394288562945019440662950190031939207664624600082453282628657628990364900060198552078057760262488118040058602380047254655941275941170158761572349600627722674562864581785 0 0 0 0 0 1 0 0 0 0 0 0 0 0 0 0 0 0 0 0 0 0 0 0 0 0 0 0 0 0 0 0 0 0 0 0 0 0 0 0 0 0 0 0 0 0 0 0 0 0 0 0 0 0 0 0 0 0 0 0 0 0 0 0 0 0 0 0 0 0 0 0 0 0 0 0 0 0 0]
[1477093908577460099138897502040495744399848844318629665209460534682980898208214205490041967533623182444052489908455695572877866113437309124861542554891631628076800810499576030880283747511266657191969493335744629245244382125788793871937830714 0 0 0 0 0 0 1 0 0 0 0 0 0 0 0 0 0 0 0 0 0 0 0 0 0 0 0 0 0 0 0 0 0 0 0 0 0 0 0 0 0 0 0 0 0 0 0 0 0 0 0 0 0 0 0 0 0 0 0 0 0 0 0 0 0 0 0 0 0 0 0 0 0 0 0 0 0 0 0]
[2748403773775399801516458303471624461524905119935249995567607592007650489088433574381441416447805558136942933854705476192701371508866296218962824796911260202259475665500771639404398402432719016055070062817650983865605446807445645830337050773 0 0 0 0 0 0 0 1 0 0 0 0 0 0 0 0 0 0 0 0 0 0 0 0 0 0 0 0 0 0 0 0 0 0 0 0 0 0 0 0 0 0 0 0 0 0 0 0 0 0 0 0 0 0 0 0 0 0 0 0 0 0 0 0 0 0 0 0 0 0 0 0 0 0 0 0 0 0 0]
[2132304314190073231107985384017996993917782123058742652547385872239035124589905225106586466709709504485320943065497067304251438575555533668277194032376019791830174659498847055550471176378649392591503207925301436607915139712339942147741726697 0 0 0 0 0 0 0 0 1 0 0 0 0 0 0 0 0 0 0 0 0 0 0 0 0 0 0 0 0 0 0 0 0 0 0 0 0 0 0 0 0 0 0 0 0 0 0 0 0 0 0 0 0 0 0 0 0 0 0 0 0 0 0 0 0 0 0 0 0 0 0 0 0 0 0 0 0 0 0]
[4238260669485181295662080460438206010024892617289183585534822469592227878401828445922887429645202268042522962674673242373334987458833977371235606922878875992819792799881199978984626120693693191969111313644112454146402867482810208215183300224 0 0 0 0 0 0 0 0 0 1 0 0 0 0 0 0 0 0 0 0 0 0 0 0 0 0 0 0 0 0 0 0 0 0 0 0 0 0 0 0 0 0 0 0 0 0 0 0 0 0 0 0 0 0 0 0 0 0 0 0 0 0 0 0 0 0 0 0 0 0 0 0 0 0 0 0 0 0 0]
[511444075600332231486224473951021139749559647846696347370130444705468980966134496445546736898365033791971445077311049567151281791209722297963852250862204694385153740214136338514482694101178807713694627049887492413522050798015718550712721669 0 0 0 0 0 0 0 0 0 0 1 0 0 0 0 0 0 0 0 0 0 0 0 0 0 0 0 0 0 0 0 0 0 0 0 0 0 0 0 0 0 0 0 0 0 0 0 0 0 0 0 0 0 0 0 0 0 0 0 0 0 0 0 0 0 0 0 0 0 0 0 0 0 0 0 0 0 0 0]
[1172505760416812491047773514349630692715748418225591604370036657513872813494041232337058774221447791967515671127994102655919133036786671717243639601520574714260800132345026959315357637894845196976249516554585462150721141817844402284760981332 0 0 0 0 0 0 0 0 0 0 0 1 0 0 0 0 0 0 0 0 0 0 0 0 0 0 0 0 0 0 0 0 0 0 0 0 0 0 0 0 0 0 0 0 0 0 0 0 0 0 0 0 0 0 0 0 0 0 0 0 0 0 0 0 0 0 0 0 0 0 0 0 0 0 0 0 0 0 0]
[958745093015114822452742238128537771370644521258615484759028937150394798488149316278225306048049724076274366310129700873181722301495631954838180850900139817265477372040690383737293368481282759542484368516896883562793712864470862892345520167 0 0 0 0 0 0 0 0 0 0 0 0 1 0 0 0 0 0 0 0 0 0 0 0 0 0 0 0 0 0 0 0 0 0 0 0 0 0 0 0 0 0 0 0 0 0 0 0 0 0 0 0 0 0 0 0 0 0 0 0 0 0 0 0 0 0 0 0 0 0 0 0 0 0 0 0 0 0 0]
[2949084902813711011633065376135051805852558407260402045444795698809903014728098997530234968316097499189991836249104600235090786339089589093020840437184480811207819601296583871337619039028655266286173947951270771580824991700483835375026066898 0 0 0 0 0 0 0 0 0 0 0 0 0 1 0 0 0 0 0 0 0 0 0 0 0 0 0 0 0 0 0 0 0 0 0 0 0 0 0 0 0 0 0 0 0 0 0 0 0 0 0 0 0 0 0 0 0 0 0 0 0 0 0 0 0 0 0 0 0 0 0 0 0 0 0 0 0 0 0]
[47122600420448752732632816120232622517594789887075132897223519601165853939181447291995509199913387457425184801286742610449586448465873724228523357372198496089354906370033659367356959642920940806158967791949346893705052853689628812361003148 0 0 0 0 0 0 0 0 0 0 0 0 0 0 1 0 0 0 0 0 0 0 0 0 0 0 0 0 0 0 0 0 0 0 0 0 0 0 0 0 0 0 0 0 0 0 0 0 0 0 0 0 0 0 0 0 0 0 0 0 0 0 0 0 0 0 0 0 0 0 0 0 0 0 0 0 0 0 0]
[1686090824356239889338169631521666982714730655453796586613141632689231484880782693155205892316476952613127108972643408575063521617375896448477354706697052346417561887897296322484172908191994751418877013958596308204539658633382822106132749102 0 0 0 0 0 0 0 0 0 0 0 0 0 0 0 1 0 0 0 0 0 0 0 0 0 0 0 0 0 0 0 0 0 0 0 0 0 0 0 0 0 0 0 0 0 0 0 0 0 0 0 0 0 0 0 0 0 0 0 0 0 0 0 0 0 0 0 0 0 0 0 0 0 0 0 0 0 0 0]
[2982080717276564544841768330782096694423415521056152735115114910768399538152114464115211911758571712528226647925899506556082536608669648313078177155659785790994193612980572094931227257581039016670040733730070132417668154001346161497295132651 0 0 0 0 0 0 0 0 0 0 0 0 0 0 0 0 1 0 0 0 0 0 0 0 0 0 0 0 0 0 0 0 0 0 0 0 0 0 0 0 0 0 0 0 0 0 0 0 0 0 0 0 0 0 0 0 0 0 0 0 0 0 0 0 0 0 0 0 0 0 0 0 0 0 0 0 0 0 0]
[739250682571117695780108537219579774369137330188718622274888055737888832276005351450567714359311674824330726832685057498989784700431567556833804333788064237385354722793515616870836163640730303071789324748532100639657182157225571975497031135 0 0 0 0 0 0 0 0 0 0 0 0 0 0 0 0 0 1 0 0 0 0 0 0 0 0 0 0 0 0 0 0 0 0 0 0 0 0 0 0 0 0 0 0 0 0 0 0 0 0 0 0 0 0 0 0 0 0 0 0 0 0 0 0 0 0 0 0 0 0 0 0 0 0 0 0 0 0 0]
[4494120045189356791395808475464546800816497596001622293030700851129283518503097205424714442603489971805212133817047539406330729560815772211031465679879496830864840917004281345110121245121972852352556004054562609467419543403209824503375901921 0 0 0 0 0 0 0 0 0 0 0 0 0 0 0 0 0 0 1 0 0 0 0 0 0 0 0 0 0 0 0 0 0 0 0 0 0 0 0 0 0 0 0 0 0 0 0 0 0 0 0 0 0 0 0 0 0 0 0 0 0 0 0 0 0 0 0 0 0 0 0 0 0 0 0 0 0 0 0]
[1607855150104505895240020679851354282878152884447930151121851854834567296369126634895823146241178262973978917853196175151162006085358859144109616764167077394078181138259457284142715550405948483200924356046487501219682065714241712087896605437 0 0 0 0 0 0 0 0 0 0 0 0 0 0 0 0 0 0 0 1 0 0 0 0 0 0 0 0 0 0 0 0 0 0 0 0 0 0 0 0 0 0 0 0 0 0 0 0 0 0 0 0 0 0 0 0 0 0 0 0 0 0 0 0 0 0 0 0 0 0 0 0 0 0 0 0 0 0 0]
[798044041705930851096041458402522878049986012654981047278531727423537743566392095796352120417529137565246554683380008529687248336579744072848793880874449433301108328745280171761292324037815692512872676446538753747858719329676580939424224914 0 0 0 0 0 0 0 0 0 0 0 0 0 0 0 0 0 0 0 0 1 0 0 0 0 0 0 0 0 0 0 0 0 0 0 0 0 0 0 0 0 0 0 0 0 0 0 0 0 0 0 0 0 0 0 0 0 0 0 0 0 0 0 0 0 0 0 0 0 0 0 0 0 0 0 0 0 0 0]
[1496476495816586815258010376126316743503026888259917129597785110692582829336353250151509507064652318217842553053874142757534138208301440241168573857572958106276632238903090071830553033947474049627753990328822266235309096595412627480351999288 0 0 0 0 0 0 0 0 0 0 0 0 0 0 0 0 0 0 0 0 0 1 0 0 0 0 0 0 0 0 0 0 0 0 0 0 0 0 0 0 0 0 0 0 0 0 0 0 0 0 0 0 0 0 0 0 0 0 0 0 0 0 0 0 0 0 0 0 0 0 0 0 0 0 0 0 0 0 0]
[2917470018162641162587777241421547957403916380341615827312962847932092135309958608589695974298785999221323472786265363977512655997534453628722019209765685074615291634641253163693452208847412968290339506799499143864593792971553797639913245708 0 0 0 0 0 0 0 0 0 0 0 0 0 0 0 0 0 0 0 0 0 0 1 0 0 0 0 0 0 0 0 0 0 0 0 0 0 0 0 0 0 0 0 0 0 0 0 0 0 0 0 0 0 0 0 0 0 0 0 0 0 0 0 0 0 0 0 0 0 0 0 0 0 0 0 0 0 0 0]
[4556089381406125712302159618524398711519443883640002795293641455913941533002914585077420220736427091128957831488312029401519915825052669057940605847512053891453867854083661205595572034047808067536902161549012265317683747885347002233205576257 0 0 0 0 0 0 0 0 0 0 0 0 0 0 0 0 0 0 0 0 0 0 0 1 0 0 0 0 0 0 0 0 0 0 0 0 0 0 0 0 0 0 0 0 0 0 0 0 0 0 0 0 0 0 0 0 0 0 0 0 0 0 0 0 0 0 0 0 0 0 0 0 0 0 0 0 0 0 0]
[1291204141716444334186070034594700505444591428549845592952400630178477853111502365000819481824188594829936556718608412776454235537165941877725160299607170042636135304828046106652198002397268476816446460338594137521843732169927857866378369355 0 0 0 0 0 0 0 0 0 0 0 0 0 0 0 0 0 0 0 0 0 0 0 0 1 0 0 0 0 0 0 0 0 0 0 0 0 0 0 0 0 0 0 0 0 0 0 0 0 0 0 0 0 0 0 0 0 0 0 0 0 0 0 0 0 0 0 0 0 0 0 0 0 0 0 0 0 0 0]
[4242593087724220486011817086588094682422551859275281793368073829276245111679859830818956948807734625106324680108676829376119526392136657778658321098006231970864774433773307120317010670639718697223594613290480439885502052389552854254605753407 0 0 0 0 0 0 0 0 0 0 0 0 0 0 0 0 0 0 0 0 0 0 0 0 0 1 0 0 0 0 0 0 0 0 0 0 0 0 0 0 0 0 0 0 0 0 0 0 0 0 0 0 0 0 0 0 0 0 0 0 0 0 0 0 0 0 0 0 0 0 0 0 0 0 0 0 0 0 0]
[4578296460596695429994441468515333289420751366930441801647110928006443154060804102723638544256560653177798998485119341603429937922970551548178689838539533912498153071867039403492117112429671431226473396389768562664786461589186017901376903537 0 0 0 0 0 0 0 0 0 0 0 0 0 0 0 0 0 0 0 0 0 0 0 0 0 0 1 0 0 0 0 0 0 0 0 0 0 0 0 0 0 0 0 0 0 0 0 0 0 0 0 0 0 0 0 0 0 0 0 0 0 0 0 0 0 0 0 0 0 0 0 0 0 0 0 0 0 0 0]
[4569635168118698652949794432927607148537882604950496159719176882262128577746313157347408053001389071688681624806350553560791246800688876154786926209080440163108015666029053953102658933314988149483817575642314478084317762123569441641323691808 0 0 0 0 0 0 0 0 0 0 0 0 0 0 0 0 0 0 0 0 0 0 0 0 0 0 0 1 0 0 0 0 0 0 0 0 0 0 0 0 0 0 0 0 0 0 0 0 0 0 0 0 0 0 0 0 0 0 0 0 0 0 0 0 0 0 0 0 0 0 0 0 0 0 0 0 0 0 0]
[1081229643399191644179282436540622724564250700344514432802705066987380725395389008385051653135776353053626849013745959979330988372683518532978650420504791432767553424537711407763934414913287839444476600995889049817475665617167487007085242923 0 0 0 0 0 0 0 0 0 0 0 0 0 0 0 0 0 0 0 0 0 0 0 0 0 0 0 0 1 0 0 0 0 0 0 0 0 0 0 0 0 0 0 0 0 0 0 0 0 0 0 0 0 0 0 0 0 0 0 0 0 0 0 0 0 0 0 0 0 0 0 0 0 0 0 0 0 0 0]
[4416551555532841229364433739302555763131390275525320994150926040387747640846683877301887808136163944853223673029357083237214281707414077888064169594796729258206570378519715635793674336281833436061903355088486230133347396244195534601353895473 0 0 0 0 0 0 0 0 0 0 0 0 0 0 0 0 0 0 0 0 0 0 0 0 0 0 0 0 0 1 0 0 0 0 0 0 0 0 0 0 0 0 0 0 0 0 0 0 0 0 0 0 0 0 0 0 0 0 0 0 0 0 0 0 0 0 0 0 0 0 0 0 0 0 0 0 0 0 0]
[1674883751780981819734314159950694085144883357968543770990139337470451891357490265836389174823328744051018180214709496552624378633062702257230525847153654454420950834854481701210702112057623271245525000979490892362527891746164443243876441437 0 0 0 0 0 0 0 0 0 0 0 0 0 0 0 0 0 0 0 0 0 0 0 0 0 0 0 0 0 0 1 0 0 0 0 0 0 0 0 0 0 0 0 0 0 0 0 0 0 0 0 0 0 0 0 0 0 0 0 0 0 0 0 0 0 0 0 0 0 0 0 0 0 0 0 0 0 0 0]
[3314206250779755041686762826733263617776585367339437621676943960660773660717186507843572018437578693858264993793443682993352459967465563635262177449069329479687211640162877462298751223310782726374174218572696490867307243376224925300350003440 0 0 0 0 0 0 0 0 0 0 0 0 0 0 0 0 0 0 0 0 0 0 0 0 0 0 0 0 0 0 0 1 0 0 0 0 0 0 0 0 0 0 0 0 0 0 0 0 0 0 0 0 0 0 0 0 0 0 0 0 0 0 0 0 0 0 0 0 0 0 0 0 0 0 0 0 0 0 0]
[223228552559486548928215149168459485257658306427239628933928750787711477652229417993710313804028535116584478492825557474175866584391103359363551012010236908328095091585286548818712211489359820943511145888298561485969571937492574759626701541 0 0 0 0 0 0 0 0 0 0 0 0 0 0 0 0 0 0 0 0 0 0 0 0 0 0 0 0 0 0 0 0 1 0 0 0 0 0 0 0 0 0 0 0 0 0 0 0 0 0 0 0 0 0 0 0 0 0 0 0 0 0 0 0 0 0 0 0 0 0 0 0 0 0 0 0 0 0 0]
[1329439963952866968256723627239382477025544082352050066962521338366361520254244822692513877883681682485112141487862484009384056541019034220341816896332078128287298714026941557685190967757054486770641831111327411177166025739889900727845014422 0 0 0 0 0 0 0 0 0 0 0 0 0 0 0 0 0 0 0 0 0 0 0 0 0 0 0 0 0 0 0 0 0 1 0 0 0 0 0 0 0 0 0 0 0 0 0 0 0 0 0 0 0 0 0 0 0 0 0 0 0 0 0 0 0 0 0 0 0 0 0 0 0 0 0 0 0 0 0]
[1204655022497619674925762913612612665129286227620584024284444381275328654873418588803341176681869660969962431447270196957964091442463483287300578522200585387757580403839399209882929301966060204880131762360975410941038793481729807780532018163 0 0 0 0 0 0 0 0 0 0 0 0 0 0 0 0 0 0 0 0 0 0 0 0 0 0 0 0 0 0 0 0 0 0 1 0 0 0 0 0 0 0 0 0 0 0 0 0 0 0 0 0 0 0 0 0 0 0 0 0 0 0 0 0 0 0 0 0 0 0 0 0 0 0 0 0 0 0 0]
[3994937701920751499865637097747254107984192001091974748024815483585387168647007277860882730249625130079899030509533423065980404129013797002559141039889815546349893370971294903247625548246359954126912956808038816269101318208467441692116594328 0 0 0 0 0 0 0 0 0 0 0 0 0 0 0 0 0 0 0 0 0 0 0 0 0 0 0 0 0 0 0 0 0 0 0 1 0 0 0 0 0 0 0 0 0 0 0 0 0 0 0 0 0 0 0 0 0 0 0 0 0 0 0 0 0 0 0 0 0 0 0 0 0 0 0 0 0 0 0]
[2112848125029208883937587024522893827359036478050244864389343644516431604308508466043697725963256677233751570410130968639741545776392326020798629040214285687119630437962367280294380809926408757881654249141920231348206419688405956106000731407 0 0 0 0 0 0 0 0 0 0 0 0 0 0 0 0 0 0 0 0 0 0 0 0 0 0 0 0 0 0 0 0 0 0 0 0 1 0 0 0 0 0 0 0 0 0 0 0 0 0 0 0 0 0 0 0 0 0 0 0 0 0 0 0 0 0 0 0 0 0 0 0 0 0 0 0 0 0 0]
[2970353965854721624046084222789380569947801086111896896322818348126245721846753503910442949079229185844718246295249457320949690625204026444772216869748627134451646033961587108608693739208357488218273931300040732179358085755403221499979144195 0 0 0 0 0 0 0 0 0 0 0 0 0 0 0 0 0 0 0 0 0 0 0 0 0 0 0 0 0 0 0 0 0 0 0 0 0 1 0 0 0 0 0 0 0 0 0 0 0 0 0 0 0 0 0 0 0 0 0 0 0 0 0 0 0 0 0 0 0 0 0 0 0 0 0 0 0 0 0]
[3564582359043191129839088574700560137350910484803387387461201849183971265293723010734872237676518309348390140403468679565209421688199404932594645967312263221188627482634259299981823906970877599997680216624593651549599825145622868814445422098 0 0 0 0 0 0 0 0 0 0 0 0 0 0 0 0 0 0 0 0 0 0 0 0 0 0 0 0 0 0 0 0 0 0 0 0 0 0 1 0 0 0 0 0 0 0 0 0 0 0 0 0 0 0 0 0 0 0 0 0 0 0 0 0 0 0 0 0 0 0 0 0 0 0 0 0 0 0 0]
[4205646288861914333156753943399888367636764299179280281513186126474280918052695603606460471749907720103952641109311557402440288421204294001129494946277038884980434159885570560238680997315276606548902931174074739381568717028905136480643615071 0 0 0 0 0 0 0 0 0 0 0 0 0 0 0 0 0 0 0 0 0 0 0 0 0 0 0 0 0 0 0 0 0 0 0 0 0 0 0 1 0 0 0 0 0 0 0 0 0 0 0 0 0 0 0 0 0 0 0 0 0 0 0 0 0 0 0 0 0 0 0 0 0 0 0 0 0 0 0]
[4632713700181448834126334030012808350766740714745552184753473116349762362823539512772653321813934267117101569592825290198856412596899658811772206087560165184138372504920797514919222904242847470563916248359267138972639006362022150171272766029 0 0 0 0 0 0 0 0 0 0 0 0 0 0 0 0 0 0 0 0 0 0 0 0 0 0 0 0 0 0 0 0 0 0 0 0 0 0 0 0 1 0 0 0 0 0 0 0 0 0 0 0 0 0 0 0 0 0 0 0 0 0 0 0 0 0 0 0 0 0 0 0 0 0 0 0 0 0 0]
[3556249251580985294116181043944959828202470193201817747445536324825773453365662592329302404376253753620266423439227101602868563183188905308471620254630240635047408145535953974223478563801173701372834133401128018829482185644848573352824464181 0 0 0 0 0 0 0 0 0 0 0 0 0 0 0 0 0 0 0 0 0 0 0 0 0 0 0 0 0 0 0 0 0 0 0 0 0 0 0 0 0 1 0 0 0 0 0 0 0 0 0 0 0 0 0 0 0 0 0 0 0 0 0 0 0 0 0 0 0 0 0 0 0 0 0 0 0 0 0]
[3177004079209112047302989676761476430015792485664182110142798629172290451182701873533824097105186197022598811319070012056511076635303555128498772424407260543480977273530712602773312892546151641834601329478416314925634470716682646359706347825 0 0 0 0 0 0 0 0 0 0 0 0 0 0 0 0 0 0 0 0 0 0 0 0 0 0 0 0 0 0 0 0 0 0 0 0 0 0 0 0 0 0 1 0 0 0 0 0 0 0 0 0 0 0 0 0 0 0 0 0 0 0 0 0 0 0 0 0 0 0 0 0 0 0 0 0 0 0 0]
[270009898723625535956860331571970654830896762534161994206967177439536611395320105315780061857304997472774136347714304731937632718660839911165442403929476044559090091172632745581074433119996392189570378383234762885003543986078507466314738053 0 0 0 0 0 0 0 0 0 0 0 0 0 0 0 0 0 0 0 0 0 0 0 0 0 0 0 0 0 0 0 0 0 0 0 0 0 0 0 0 0 0 0 1 0 0 0 0 0 0 0 0 0 0 0 0 0 0 0 0 0 0 0 0 0 0 0 0 0 0 0 0 0 0 0 0 0 0 0]
[2949931525929824761093436625458926117544232767963252503160310409762504926205377093472035013802893737758350714328321269383397799067823758304287404198842225376676152122041510134876495428718560104945636908864242718697001423859066448086451805901 0 0 0 0 0 0 0 0 0 0 0 0 0 0 0 0 0 0 0 0 0 0 0 0 0 0 0 0 0 0 0 0 0 0 0 0 0 0 0 0 0 0 0 0 1 0 0 0 0 0 0 0 0 0 0 0 0 0 0 0 0 0 0 0 0 0 0 0 0 0 0 0 0 0 0 0 0 0 0]
[3397404411444271021676300375936651392159209603844805072101122010544346211198452736521858608729931448648972426934842146750763509288867037208630039752289329045509406867342488112731193915469962669527321167173882755678716106199839812376015885025 0 0 0 0 0 0 0 0 0 0 0 0 0 0 0 0 0 0 0 0 0 0 0 0 0 0 0 0 0 0 0 0 0 0 0 0 0 0 0 0 0 0 0 0 0 1 0 0 0 0 0 0 0 0 0 0 0 0 0 0 0 0 0 0 0 0 0 0 0 0 0 0 0 0 0 0 0 0 0]
[1376903982620421702309736360569722876307731522067920971978247476365627700764537300785392002097705526524471437037625428677950384715010039501770513310189306552752069642717182575897346379902281708925071255969325474528762916596005800532789475959 0 0 0 0 0 0 0 0 0 0 0 0 0 0 0 0 0 0 0 0 0 0 0 0 0 0 0 0 0 0 0 0 0 0 0 0 0 0 0 0 0 0 0 0 0 0 1 0 0 0 0 0 0 0 0 0 0 0 0 0 0 0 0 0 0 0 0 0 0 0 0 0 0 0 0 0 0 0 0]
[55342758337801706400993042162035889613225449370978643407378562487565759304876452245525966678352630571065168693521721055081290983696005805401849102714941585437735646047601105282861832451025159192261808042644179645196117117735008552290518028 0 0 0 0 0 0 0 0 0 0 0 0 0 0 0 0 0 0 0 0 0 0 0 0 0 0 0 0 0 0 0 0 0 0 0 0 0 0 0 0 0 0 0 0 0 0 0 1 0 0 0 0 0 0 0 0 0 0 0 0 0 0 0 0 0 0 0 0 0 0 0 0 0 0 0 0 0 0 0]
[402486145222815807918704306670498806392135580531792604918447662378018498251944381428082007963868723806415852976812326662926697208115249113296025577756630787675591218566140373189209980029226236905813928701144433723779218291302740899243093920 0 0 0 0 0 0 0 0 0 0 0 0 0 0 0 0 0 0 0 0 0 0 0 0 0 0 0 0 0 0 0 0 0 0 0 0 0 0 0 0 0 0 0 0 0 0 0 0 1 0 0 0 0 0 0 0 0 0 0 0 0 0 0 0 0 0 0 0 0 0 0 0 0 0 0 0 0 0 0]
[3420039338140522976699931618568081951094665263380536679255584374873806637858005956929324574345571104354820156456734567666732607586042116556083188856040968854194904641998455854044238046978912274975220566179366252676821192408449615636187366548 0 0 0 0 0 0 0 0 0 0 0 0 0 0 0 0 0 0 0 0 0 0 0 0 0 0 0 0 0 0 0 0 0 0 0 0 0 0 0 0 0 0 0 0 0 0 0 0 0 1 0 0 0 0 0 0 0 0 0 0 0 0 0 0 0 0 0 0 0 0 0 0 0 0 0 0 0 0 0]
[2409708690344888467851589311541294225468357456460821988119827268035138551045481078387473288814459933201625468502793719009685972145318512094588522974075875897439240432992862600311578516441377226489718498293706513172839938166200634789380960367 0 0 0 0 0 0 0 0 0 0 0 0 0 0 0 0 0 0 0 0 0 0 0 0 0 0 0 0 0 0 0 0 0 0 0 0 0 0 0 0 0 0 0 0 0 0 0 0 0 0 1 0 0 0 0 0 0 0 0 0 0 0 0 0 0 0 0 0 0 0 0 0 0 0 0 0 0 0 0]
[791351790399466787943479439643845673302135072493115095972579658777880220819835989412957375146581172224085123639439971866403284707426399584879751740249611604711101072583430661132225048688297858235969309062325692798491439301386318807247072926 0 0 0 0 0 0 0 0 0 0 0 0 0 0 0 0 0 0 0 0 0 0 0 0 0 0 0 0 0 0 0 0 0 0 0 0 0 0 0 0 0 0 0 0 0 0 0 0 0 0 0 1 0 0 0 0 0 0 0 0 0 0 0 0 0 0 0 0 0 0 0 0 0 0 0 0 0 0 0]
[501672516668201388805604469142275292737566505282626207688162493472650871482985619710694234358250300451625441491769511257477692094205671814588010985590341980123119465734298304457293567420068934826356570389802863824119604130057976819290920176 0 0 0 0 0 0 0 0 0 0 0 0 0 0 0 0 0 0 0 0 0 0 0 0 0 0 0 0 0 0 0 0 0 0 0 0 0 0 0 0 0 0 0 0 0 0 0 0 0 0 0 0 1 0 0 0 0 0 0 0 0 0 0 0 0 0 0 0 0 0 0 0 0 0 0 0 0 0 0]
[371153245838874641747359048554393521690187517610326462996854172933398269110456845448429811019709947653477058997777867216415133529453129724594832113078238873804128717861008806669412195194135015631755772886582791238170149965624817459036414303 0 0 0 0 0 0 0 0 0 0 0 0 0 0 0 0 0 0 0 0 0 0 0 0 0 0 0 0 0 0 0 0 0 0 0 0 0 0 0 0 0 0 0 0 0 0 0 0 0 0 0 0 0 1 0 0 0 0 0 0 0 0 0 0 0 0 0 0 0 0 0 0 0 0 0 0 0 0 0]
[4557195958084362618590680626032779487213120658941910728717641850081556812874053143931182687058568705344908525878495178330621936200373959983103807597432416176824787220709370794473917006687634978121468737059829698893129559885458197698933040175 0 0 0 0 0 0 0 0 0 0 0 0 0 0 0 0 0 0 0 0 0 0 0 0 0 0 0 0 0 0 0 0 0 0 0 0 0 0 0 0 0 0 0 0 0 0 0 0 0 0 0 0 0 0 1 0 0 0 0 0 0 0 0 0 0 0 0 0 0 0 0 0 0 0 0 0 0 0 0]
[3754013930568144529442480361857481250958884882171188905045617100234127021295858466551926658402943321534754813194353386067161116008452001378073543947683664452833361618702352159436243714025918849636328906742092755455419047804277174106994132311 0 0 0 0 0 0 0 0 0 0 0 0 0 0 0 0 0 0 0 0 0 0 0 0 0 0 0 0 0 0 0 0 0 0 0 0 0 0 0 0 0 0 0 0 0 0 0 0 0 0 0 0 0 0 0 1 0 0 0 0 0 0 0 0 0 0 0 0 0 0 0 0 0 0 0 0 0 0 0]
[773475935073110834070379734521391712179793536839744021795630706239432993319955817032984266045279714127652719549795727837235289127148345853383410327053828657225376348997785647789412056387812103926496901068843222482370306268370530367317260127 0 0 0 0 0 0 0 0 0 0 0 0 0 0 0 0 0 0 0 0 0 0 0 0 0 0 0 0 0 0 0 0 0 0 0 0 0 0 0 0 0 0 0 0 0 0 0 0 0 0 0 0 0 0 0 0 1 0 0 0 0 0 0 0 0 0 0 0 0 0 0 0 0 0 0 0 0 0 0]
[1794004750408677002869909218212321925787066274654332607849061971032677803500169453228841742194796570285439819534245008702289735932407356207781719249993930288198186869107547151427329854135606511269569981404513564051789121139771838561186214026 0 0 0 0 0 0 0 0 0 0 0 0 0 0 0 0 0 0 0 0 0 0 0 0 0 0 0 0 0 0 0 0 0 0 0 0 0 0 0 0 0 0 0 0 0 0 0 0 0 0 0 0 0 0 0 0 0 1 0 0 0 0 0 0 0 0 0 0 0 0 0 0 0 0 0 0 0 0 0]
[3832701369338616666192839993802624389219148363204852808989235444351886700983168635943633606687569155193664343615945026775012920821894079922159882160704975290720816907245547692074621015531813296402575320779299411372770360795217303281489802755 0 0 0 0 0 0 0 0 0 0 0 0 0 0 0 0 0 0 0 0 0 0 0 0 0 0 0 0 0 0 0 0 0 0 0 0 0 0 0 0 0 0 0 0 0 0 0 0 0 0 0 0 0 0 0 0 0 0 1 0 0 0 0 0 0 0 0 0 0 0 0 0 0 0 0 0 0 0 0]
[290479240405491829460643060879575750205253033185308090233453355576468410514717622784503835268979567508171237544573924631744321469542236477402601621052702584341632289917609349065381202422985396237240321687407032767149254759517652106360393727 0 0 0 0 0 0 0 0 0 0 0 0 0 0 0 0 0 0 0 0 0 0 0 0 0 0 0 0 0 0 0 0 0 0 0 0 0 0 0 0 0 0 0 0 0 0 0 0 0 0 0 0 0 0 0 0 0 0 0 1 0 0 0 0 0 0 0 0 0 0 0 0 0 0 0 0 0 0 0]
[330059670630886918943964024692088097846492806143706490086909596238907917180998646861841506631055218946989681410704879337105706843472542348640660391718345129059013615339013011687233036827060904052489816303941311592496861708602726035373821006 0 0 0 0 0 0 0 0 0 0 0 0 0 0 0 0 0 0 0 0 0 0 0 0 0 0 0 0 0 0 0 0 0 0 0 0 0 0 0 0 0 0 0 0 0 0 0 0 0 0 0 0 0 0 0 0 0 0 0 0 1 0 0 0 0 0 0 0 0 0 0 0 0 0 0 0 0 0 0]
[4436434106770931502668233508589917329752743283577215860322088754717499636692218089626990549245676937442807576951337307252645536842961976822183455221054330610813996787651391709321966858021359544356052171010527391518838616208755741812848040129 0 0 0 0 0 0 0 0 0 0 0 0 0 0 0 0 0 0 0 0 0 0 0 0 0 0 0 0 0 0 0 0 0 0 0 0 0 0 0 0 0 0 0 0 0 0 0 0 0 0 0 0 0 0 0 0 0 0 0 0 0 1 0 0 0 0 0 0 0 0 0 0 0 0 0 0 0 0 0]
[1641844255233309846232912752254626724794501187759549889688952381513637022756639573075431211030561309856337034668205860895104562026985103032705361859230969754913688613645677066820878865432135003949796096608920016008276051892439020733849246193 0 0 0 0 0 0 0 0 0 0 0 0 0 0 0 0 0 0 0 0 0 0 0 0 0 0 0 0 0 0 0 0 0 0 0 0 0 0 0 0 0 0 0 0 0 0 0 0 0 0 0 0 0 0 0 0 0 0 0 0 0 0 1 0 0 0 0 0 0 0 0 0 0 0 0 0 0 0 0]
[3396646010198744562844791475762167881005140723376326778920246483821466210352223532799046532885405823167850172072700856376048072055487048426324513893129134255766099271342189674521665471638234287855170327216646926821148007269970318875533454923 0 0 0 0 0 0 0 0 0 0 0 0 0 0 0 0 0 0 0 0 0 0 0 0 0 0 0 0 0 0 0 0 0 0 0 0 0 0 0 0 0 0 0 0 0 0 0 0 0 0 0 0 0 0 0 0 0 0 0 0 0 0 0 1 0 0 0 0 0 0 0 0 0 0 0 0 0 0 0]
[3135276420120374889679931354079329729544250810926910002601694535947573606191621328016361542900546624644696764224970788736953425772361179168273212699997695921783155263227086320320366398936020054064181303966043761500170154053606564495099727173 0 0 0 0 0 0 0 0 0 0 0 0 0 0 0 0 0 0 0 0 0 0 0 0 0 0 0 0 0 0 0 0 0 0 0 0 0 0 0 0 0 0 0 0 0 0 0 0 0 0 0 0 0 0 0 0 0 0 0 0 0 0 0 0 1 0 0 0 0 0 0 0 0 0 0 0 0 0 0]
[2828073589612179964446069009017518585881756876618972497447086809510120887410407184944758825575575324501678067267195658477452919080322962040195703567913881051261854316696770878085003932130757400998236754191756873461100700854599497335000651498 0 0 0 0 0 0 0 0 0 0 0 0 0 0 0 0 0 0 0 0 0 0 0 0 0 0 0 0 0 0 0 0 0 0 0 0 0 0 0 0 0 0 0 0 0 0 0 0 0 0 0 0 0 0 0 0 0 0 0 0 0 0 0 0 0 1 0 0 0 0 0 0 0 0 0 0 0 0 0]
[4190624531811952432446472217606996007696415397808865865831617538943694591986300640053608400243551083623316417474669542054100918970419546396581590294792799753228652492725928700441426396074783617157043231653673845943198056767814440891392194594 0 0 0 0 0 0 0 0 0 0 0 0 0 0 0 0 0 0 0 0 0 0 0 0 0 0 0 0 0 0 0 0 0 0 0 0 0 0 0 0 0 0 0 0 0 0 0 0 0 0 0 0 0 0 0 0 0 0 0 0 0 0 0 0 0 0 1 0 0 0 0 0 0 0 0 0 0 0 0]
[2890253356583166432660452053683266683550812981397042847403286101802678662810699747500153845624329926439927678592090274184498323637021431838120458467759372374532851256222737689585043117703922662761023548632043641301943296475233319782148360633 0 0 0 0 0 0 0 0 0 0 0 0 0 0 0 0 0 0 0 0 0 0 0 0 0 0 0 0 0 0 0 0 0 0 0 0 0 0 0 0 0 0 0 0 0 0 0 0 0 0 0 0 0 0 0 0 0 0 0 0 0 0 0 0 0 0 0 1 0 0 0 0 0 0 0 0 0 0 0]
[3732572939950751231004223930679243663232452102126311044958939218704347258194707492889300942938931300566974374772635565059392898531907211304580525406503778326911386377538670679897098528472394377618547546001679961003173757362407214880074783470 0 0 0 0 0 0 0 0 0 0 0 0 0 0 0 0 0 0 0 0 0 0 0 0 0 0 0 0 0 0 0 0 0 0 0 0 0 0 0 0 0 0 0 0 0 0 0 0 0 0 0 0 0 0 0 0 0 0 0 0 0 0 0 0 0 0 0 0 1 0 0 0 0 0 0 0 0 0 0]
[2942745084939474509846488088566032883546602005026213537073912841997232199874248154594672264095695022084369834369672580458953737932388919701550578360042493885268891719500296314506419616709105726875180743610776159127911517304805561804804348359 0 0 0 0 0 0 0 0 0 0 0 0 0 0 0 0 0 0 0 0 0 0 0 0 0 0 0 0 0 0 0 0 0 0 0 0 0 0 0 0 0 0 0 0 0 0 0 0 0 0 0 0 0 0 0 0 0 0 0 0 0 0 0 0 0 0 0 0 0 1 0 0 0 0 0 0 0 0 0]
[366751928461669186008980607106446880280181652404590000604339396918550916671505584044669336220804027612325878410131282449165437925803407752900520762532519897797946514556215392912906470390852054915331995513940412051083703609822873557594895051 0 0 0 0 0 0 0 0 0 0 0 0 0 0 0 0 0 0 0 0 0 0 0 0 0 0 0 0 0 0 0 0 0 0 0 0 0 0 0 0 0 0 0 0 0 0 0 0 0 0 0 0 0 0 0 0 0 0 0 0 0 0 0 0 0 0 0 0 0 0 1 0 0 0 0 0 0 0 0]
[329539530184784992974256041961580079421107060908805346756435572860329600020104869137144386519787311790848492513318582336420398534905509713915027923824664193964438273427067754297872463701381849808102862942688566129720680713460459238728907129 0 0 0 0 0 0 0 0 0 0 0 0 0 0 0 0 0 0 0 0 0 0 0 0 0 0 0 0 0 0 0 0 0 0 0 0 0 0 0 0 0 0 0 0 0 0 0 0 0 0 0 0 0 0 0 0 0 0 0 0 0 0 0 0 0 0 0 0 0 0 0 1 0 0 0 0 0 0 0]
[3538762436759831737020859819645159939185631664418667916067809950784708594586435040684851980354530374279021806093907950501993830884456101400684899076803933818258754845107392842687566275007203736892533889462313807304663445486228479379957299199 0 0 0 0 0 0 0 0 0 0 0 0 0 0 0 0 0 0 0 0 0 0 0 0 0 0 0 0 0 0 0 0 0 0 0 0 0 0 0 0 0 0 0 0 0 0 0 0 0 0 0 0 0 0 0 0 0 0 0 0 0 0 0 0 0 0 0 0 0 0 0 0 1 0 0 0 0 0 0]
[4225938542486871858797683897870760538095749941817712192514694807223756924244715726714290901329701847346310002765981193213734705210179052154413126421620569330577381391115677296544426732969869741590899617025019344320524677520899549335558242389 0 0 0 0 0 0 0 0 0 0 0 0 0 0 0 0 0 0 0 0 0 0 0 0 0 0 0 0 0 0 0 0 0 0 0 0 0 0 0 0 0 0 0 0 0 0 0 0 0 0 0 0 0 0 0 0 0 0 0 0 0 0 0 0 0 0 0 0 0 0 0 0 0 1 0 0 0 0 0]
[2600888220073573336839601989295434291335411319203925413976826830486683035431118831983121828033959078928147286169562074380728487179994729482277910696335953034074333451888963823927448564201861493765875505596944336680100304497670033405160515971 0 0 0 0 0 0 0 0 0 0 0 0 0 0 0 0 0 0 0 0 0 0 0 0 0 0 0 0 0 0 0 0 0 0 0 0 0 0 0 0 0 0 0 0 0 0 0 0 0 0 0 0 0 0 0 0 0 0 0 0 0 0 0 0 0 0 0 0 0 0 0 0 0 0 1 0 0 0 0]
[3494582251927977283084260065997629821507859018364771366104857829551184390950135752904374715757197131859423855388572319141203614208581998271199019804626482216489128742292201647710379254599057217171572734855853391572002338241949309955578237044 0 0 0 0 0 0 0 0 0 0 0 0 0 0 0 0 0 0 0 0 0 0 0 0 0 0 0 0 0 0 0 0 0 0 0 0 0 0 0 0 0 0 0 0 0 0 0 0 0 0 0 0 0 0 0 0 0 0 0 0 0 0 0 0 0 0 0 0 0 0 0 0 0 0 0 1 0 0 0]
[1623844548106807667800539358643431454886825067416411612230063027544432591923260299669273357399197076405751374628808889365028087730173518184806387555133069213817782075176524710132812694547482114960064822151254129340698543463072597228445963656 0 0 0 0 0 0 0 0 0 0 0 0 0 0 0 0 0 0 0 0 0 0 0 0 0 0 0 0 0 0 0 0 0 0 0 0 0 0 0 0 0 0 0 0 0 0 0 0 0 0 0 0 0 0 0 0 0 0 0 0 0 0 0 0 0 0 0 0 0 0 0 0 0 0 0 0 1 0 0]
[2775266075078055670884863622624456449746728665820389587595665923810024158239574218770094986198762074558188727639862510477352652979514399011370282911327436868709976179181844078554351148467305361091501545019197990028233128916510595371605869236 0 0 0 0 0 0 0 0 0 0 0 0 0 0 0 0 0 0 0 0 0 0 0 0 0 0 0 0 0 0 0 0 0 0 0 0 0 0 0 0 0 0 0 0 0 0 0 0 0 0 0 0 0 0 0 0 0 0 0 0 0 0 0 0 0 0 0 0 0 0 0 0 0 0 0 0 0 1 0]
[4090583692882711754620616738854647200992118074898760628533677499751034324418059065927970888305988711181812313859536429317463311553557143328661271078758414519959768702628466327159262879974334690811339109729883027715851713684374002656420057739 0 0 0 0 0 0 0 0 0 0 0 0 0 0 0 0 0 0 0 0 0 0 0 0 0 0 0 0 0 0 0 0 0 0 0 0 0 0 0 0 0 0 0 0 0 0 0 0 0 0 0 0 0 0 0 0 0 0 0 0 0 0 0 0 0 0 0 0 0 0 0 0 0 0 0 0 0 0 1]
]
