[[1615186910209365818980921016055892462368219763912725620603578498447513218027136125872074062462346146533090924376869915351 0 0 0 0 0 0 0 0 0 0 0 0 0 0 0 0 0 0 0 0 0 0 0 0 0 0 0 0 0 0 0 0 0 0 0 0 0 0 0]
[714515285092541390531270209577550201577902236539542250268912661818741829010441880693854217092816596554946028448200364110 1 0 0 0 0 0 0 0 0 0 0 0 0 0 0 0 0 0 0 0 0 0 0 0 0 0 0 0 0 0 0 0 0 0 0 0 0 0 0]
[11713445516730134303956249791855470704590197035369107054393500975755894662059475741104862317571470051972601686133511244 0 1 0 0 0 0 0 0 0 0 0 0 0 0 0 0 0 0 0 0 0 0 0 0 0 0 0 0 0 0 0 0 0 0 0 0 0 0 0]
[1255445081484021887514371361702671321988044424199321634846714846169874304385146311813835723407289298306080116968796692462 0 0 1 0 0 0 0 0 0 0 0 0 0 0 0 0 0 0 0 0 0 0 0 0 0 0 0 0 0 0 0 0 0 0 0 0 0 0 0]
[1406455190361610540565550924016107212707383664732925788721740717016067855685243585862164863814154428349511674897423434605 0 0 0 1 0 0 0 0 0 0 0 0 0 0 0 0 0 0 0 0 0 0 0 0 0 0 0 0 0 0 0 0 0 0 0 0 0 0 0]
[747648345451753119445549295729111432779043587496422140300763534983738381540808213084117231245700344919230839392135377955 0 0 0 0 1 0 0 0 0 0 0 0 0 0 0 0 0 0 0 0 0 0 0 0 0 0 0 0 0 0 0 0 0 0 0 0 0 0 0]
[1519135990128374337903226692535379360949299941940941733234707257927786538055309088579808468408938260289939900065662817590 0 0 0 0 0 1 0 0 0 0 0 0 0 0 0 0 0 0 0 0 0 0 0 0 0 0 0 0 0 0 0 0 0 0 0 0 0 0 0]
[521568996168080817452955597323219033070940462317618378687042066397294379766650119385661532821751766995288106459419574174 0 0 0 0 0 0 1 0 0 0 0 0 0 0 0 0 0 0 0 0 0 0 0 0 0 0 0 0 0 0 0 0 0 0 0 0 0 0 0]
[914094433556817857273206766046122976929023541130934835424455928355050724781806370147403569858198029832491640812124692373 0 0 0 0 0 0 0 1 0 0 0 0 0 0 0 0 0 0 0 0 0 0 0 0 0 0 0 0 0 0 0 0 0 0 0 0 0 0 0]
[1512691759629352293745589138127029110702048190960488567883084035218131316304107598458080527662126123060519169152837343320 0 0 0 0 0 0 0 0 1 0 0 0 0 0 0 0 0 0 0 0 0 0 0 0 0 0 0 0 0 0 0 0 0 0 0 0 0 0 0]
[975327797399071299697102008146799658603740849216014125878328299630620206082186962271823278891618503245992072852475343566 0 0 0 0 0 0 0 0 0 1 0 0 0 0 0 0 0 0 0 0 0 0 0 0 0 0 0 0 0 0 0 0 0 0 0 0 0 0 0]
[1288946018981977983066341699968972561932460637478573981345337213313982572515777900223639279420354133434663497281311891047 0 0 0 0 0 0 0 0 0 0 1 0 0 0 0 0 0 0 0 0 0 0 0 0 0 0 0 0 0 0 0 0 0 0 0 0 0 0 0]
[292711214025069298805515764420228438297216646424518195130931933180028345629666671253664939543703881516846840654146945764 0 0 0 0 0 0 0 0 0 0 0 1 0 0 0 0 0 0 0 0 0 0 0 0 0 0 0 0 0 0 0 0 0 0 0 0 0 0 0]
[1535688341845951269862426586173434704438479477721540856644833087703532449976966179228674989986248603789011671322729489755 0 0 0 0 0 0 0 0 0 0 0 0 1 0 0 0 0 0 0 0 0 0 0 0 0 0 0 0 0 0 0 0 0 0 0 0 0 0 0]
[1446627032178294352213156923709269940690885409446963372426123405554272648902940116533845153642340637225450002988677856171 0 0 0 0 0 0 0 0 0 0 0 0 0 1 0 0 0 0 0 0 0 0 0 0 0 0 0 0 0 0 0 0 0 0 0 0 0 0 0]
[1479061152901301208681449986575809970889082339222263892050854614507948375704183461604109321133846562863110611899241567504 0 0 0 0 0 0 0 0 0 0 0 0 0 0 1 0 0 0 0 0 0 0 0 0 0 0 0 0 0 0 0 0 0 0 0 0 0 0 0]
[505464033315280067106469979858786205681564818267864924620226435667411797670015893878054560449341288632045694472225495711 0 0 0 0 0 0 0 0 0 0 0 0 0 0 0 1 0 0 0 0 0 0 0 0 0 0 0 0 0 0 0 0 0 0 0 0 0 0 0]
[629356849099935972090688691294668102298845719842469911103365205567338279975852037008756308468495406386624662187425340952 0 0 0 0 0 0 0 0 0 0 0 0 0 0 0 0 1 0 0 0 0 0 0 0 0 0 0 0 0 0 0 0 0 0 0 0 0 0 0]
[914748019753126119788093576366958884671599443739600769409012334012474461196758332482520162057885967694560635182402157934 0 0 0 0 0 0 0 0 0 0 0 0 0 0 0 0 0 1 0 0 0 0 0 0 0 0 0 0 0 0 0 0 0 0 0 0 0 0 0]
[985137742247957075514999591520761334260119294394083889708437238650771521521266267540761989213892999459561225200216657804 0 0 0 0 0 0 0 0 0 0 0 0 0 0 0 0 0 0 1 0 0 0 0 0 0 0 0 0 0 0 0 0 0 0 0 0 0 0 0]
[1560120525734401194197940417446750927093704723753097734639342411145413831142982628296267283381036525658904508619318101052 0 0 0 0 0 0 0 0 0 0 0 0 0 0 0 0 0 0 0 1 0 0 0 0 0 0 0 0 0 0 0 0 0 0 0 0 0 0 0]
[1437498116644694734524406151449324378344623071100788111528184792654512501721316005735330079366613585983081440271143398209 0 0 0 0 0 0 0 0 0 0 0 0 0 0 0 0 0 0 0 0 1 0 0 0 0 0 0 0 0 0 0 0 0 0 0 0 0 0 0]
[835923173798642498035986430363101206454389953593430532978830343845030915720895141526965299001185062415354787685238088680 0 0 0 0 0 0 0 0 0 0 0 0 0 0 0 0 0 0 0 0 0 1 0 0 0 0 0 0 0 0 0 0 0 0 0 0 0 0 0]
[457742430478720783362227663019946771039330882278349913122664616288717845175802309580295895365501749265957767266990649849 0 0 0 0 0 0 0 0 0 0 0 0 0 0 0 0 0 0 0 0 0 0 1 0 0 0 0 0 0 0 0 0 0 0 0 0 0 0 0]
[68228061236815292990868954925870043532884861586657029995515964117257018097406862506110760336365949292614890706347225641 0 0 0 0 0 0 0 0 0 0 0 0 0 0 0 0 0 0 0 0 0 0 0 1 0 0 0 0 0 0 0 0 0 0 0 0 0 0 0]
[899574068232014023751095449191894638514992257906480585617803887465272808128937102632951573278622041169151126461218561743 0 0 0 0 0 0 0 0 0 0 0 0 0 0 0 0 0 0 0 0 0 0 0 0 1 0 0 0 0 0 0 0 0 0 0 0 0 0 0]
[869796599633037878885360812106824025226469961841345209393684699726108588269397914574532025217823227983132793426822234246 0 0 0 0 0 0 0 0 0 0 0 0 0 0 0 0 0 0 0 0 0 0 0 0 0 1 0 0 0 0 0 0 0 0 0 0 0 0 0]
[63421477547136321867353454487303244052700982841527295233167846670105489737328080699820910875112442949118377992003595638 0 0 0 0 0 0 0 0 0 0 0 0 0 0 0 0 0 0 0 0 0 0 0 0 0 0 1 0 0 0 0 0 0 0 0 0 0 0 0]
[1598439224443400953086967707444654656610276082962920528200072688105769108333726363211904473602620262270658666121183849591 0 0 0 0 0 0 0 0 0 0 0 0 0 0 0 0 0 0 0 0 0 0 0 0 0 0 0 1 0 0 0 0 0 0 0 0 0 0 0]
[1015277945341668574523997274032299606008946946288042669151125601523382873752869754386160230965024302073848467605551631533 0 0 0 0 0 0 0 0 0 0 0 0 0 0 0 0 0 0 0 0 0 0 0 0 0 0 0 0 1 0 0 0 0 0 0 0 0 0 0]
[1050889932426656711740461810167304800703578574472317871730656872624398835808262404948596137743814415541990101107654055314 0 0 0 0 0 0 0 0 0 0 0 0 0 0 0 0 0 0 0 0 0 0 0 0 0 0 0 0 0 1 0 0 0 0 0 0 0 0 0]
[673894387232520835552570383122672640962850301099668909447109551418036167820075029918835287123453601671652616741480719397 0 0 0 0 0 0 0 0 0 0 0 0 0 0 0 0 0 0 0 0 0 0 0 0 0 0 0 0 0 0 1 0 0 0 0 0 0 0 0]
[498951207134306059080972550786945265407555988067528486497784366020286709862889268639855365437309557229347112419850247572 0 0 0 0 0 0 0 0 0 0 0 0 0 0 0 0 0 0 0 0 0 0 0 0 0 0 0 0 0 0 0 1 0 0 0 0 0 0 0]
[1067972929083171890135270279821437416876257389559293058278626156208925124234355424521885009941986201091710168297978330399 0 0 0 0 0 0 0 0 0 0 0 0 0 0 0 0 0 0 0 0 0 0 0 0 0 0 0 0 0 0 0 0 1 0 0 0 0 0 0]
[120865608862965626416231982765735910964490448723165476924347672499251297295185570412410150331065674219745895771311983958 0 0 0 0 0 0 0 0 0 0 0 0 0 0 0 0 0 0 0 0 0 0 0 0 0 0 0 0 0 0 0 0 0 1 0 0 0 0 0]
[369562899110874972921058728208860226235567934114009049288861435034107820827019024921501830703056698337001234135139692561 0 0 0 0 0 0 0 0 0 0 0 0 0 0 0 0 0 0 0 0 0 0 0 0 0 0 0 0 0 0 0 0 0 0 1 0 0 0 0]
[547696761929022685775525961375426567317743926152602475024234724469874208267312932446474520915502318702699643421459326098 0 0 0 0 0 0 0 0 0 0 0 0 0 0 0 0 0 0 0 0 0 0 0 0 0 0 0 0 0 0 0 0 0 0 0 1 0 0 0]
[707531524961581288340130965274966720085574329934707991233314900304584770287535080324953860134246349645793771328859172135 0 0 0 0 0 0 0 0 0 0 0 0 0 0 0 0 0 0 0 0 0 0 0 0 0 0 0 0 0 0 0 0 0 0 0 0 1 0 0]
[710726540537599392005417176763904587969436755214127784412769410105256036535002210706466895556160263943423281181111484460 0 0 0 0 0 0 0 0 0 0 0 0 0 0 0 0 0 0 0 0 0 0 0 0 0 0 0 0 0 0 0 0 0 0 0 0 0 1 0]
[833511872280182590747048779717430599507516512472945077750876175487482710248131915666839080916222629893668244711555740702 0 0 0 0 0 0 0 0 0 0 0 0 0 0 0 0 0 0 0 0 0 0 0 0 0 0 0 0 0 0 0 0 0 0 0 0 0 0 1]
]
