[[3899171437312334964770360252517318721485116636560714294502459226106879549631696651267980577449207266538945692859306416349468459078315531192327877106594068314100616774122851324539664477976139972180201420655187011 0 0 0 0 0 0 0 0 0 0 0 0 0 0 0 0 0 0 0 0 0 0 0 0 0 0 0 0 0 0 0 0 0 0 0 0 0 0 0 0 0 0 0 0 0 0 0 0 0 0 0 0 0 0 0 0 0 0 0 0 0 0 0 0 0 0 0 0 0]
[3843583165039239873723704086206535529733237936733261344571954384489750916752163130734859819468515922720095324780865714245811704153363172325302849213331525326405635509534871335509823528052158418898891622742050288 1 0 0 0 0 0 0 0 0 0 0 0 0 0 0 0 0 0 0 0 0 0 0 0 0 0 0 0 0 0 0 0 0 0 0 0 0 0 0 0 0 0 0 0 0 0 0 0 0 0 0 0 0 0 0 0 0 0 0 0 0 0 0 0 0 0 0 0 0]
[2271601294517136219727156579128200007299999083434649035726596040508856345312321629788190385255920970353929205632724073085889578692028400945598261230481717006871191297954907820742224844721521718953559240945742685 0 1 0 0 0 0 0 0 0 0 0 0 0 0 0 0 0 0 0 0 0 0 0 0 0 0 0 0 0 0 0 0 0 0 0 0 0 0 0 0 0 0 0 0 0 0 0 0 0 0 0 0 0 0 0 0 0 0 0 0 0 0 0 0 0 0 0 0 0]
[1792739025589623191957614504329634556727133876232124249827510413072719066299233498953684365546303799878779808958991316707706027554611406556366764029775861379967888923374570488551135862720525710022037572119377635 0 0 1 0 0 0 0 0 0 0 0 0 0 0 0 0 0 0 0 0 0 0 0 0 0 0 0 0 0 0 0 0 0 0 0 0 0 0 0 0 0 0 0 0 0 0 0 0 0 0 0 0 0 0 0 0 0 0 0 0 0 0 0 0 0 0 0 0 0]
[1589416253848470158562406988958686243300945870589548936592072014140775677691151133956642284647848286181852804699230513016765473015529272081419695218535252939382472755368390513795470403135767146257537116869282468 0 0 0 1 0 0 0 0 0 0 0 0 0 0 0 0 0 0 0 0 0 0 0 0 0 0 0 0 0 0 0 0 0 0 0 0 0 0 0 0 0 0 0 0 0 0 0 0 0 0 0 0 0 0 0 0 0 0 0 0 0 0 0 0 0 0 0 0 0]
[898626091008619211637708382504667388985126631835990874872251898073151370983000444014213878879394579244234598164833765191833461307864115489521744904042282974791364043351278197126828815457604756789197820062398165 0 0 0 0 1 0 0 0 0 0 0 0 0 0 0 0 0 0 0 0 0 0 0 0 0 0 0 0 0 0 0 0 0 0 0 0 0 0 0 0 0 0 0 0 0 0 0 0 0 0 0 0 0 0 0 0 0 0 0 0 0 0 0 0 0 0 0 0 0]
[1319853282181719910924499318356301676966746398520068808003644117955762230793715460879766417729807447871304717866998248543769060180116438942193215529617235350969288694655959670916098505341362442538632668668790568 0 0 0 0 0 1 0 0 0 0 0 0 0 0 0 0 0 0 0 0 0 0 0 0 0 0 0 0 0 0 0 0 0 0 0 0 0 0 0 0 0 0 0 0 0 0 0 0 0 0 0 0 0 0 0 0 0 0 0 0 0 0 0 0 0 0 0 0 0]
[3467194750581869113091421579411776634927479758327829285290924842138449539059313265559846883908745187728683454715810285773424623465639135939606246005601806148503745738701391837566497531380054448446737328246487179 0 0 0 0 0 0 1 0 0 0 0 0 0 0 0 0 0 0 0 0 0 0 0 0 0 0 0 0 0 0 0 0 0 0 0 0 0 0 0 0 0 0 0 0 0 0 0 0 0 0 0 0 0 0 0 0 0 0 0 0 0 0 0 0 0 0 0 0 0]
[3081226568964728721147930475588165710616833133811556673580013471440608416553476453292794753168400469736051921034273488142550665044435203014799530664666080406732724480991460645327451149199258577267065303292922836 0 0 0 0 0 0 0 1 0 0 0 0 0 0 0 0 0 0 0 0 0 0 0 0 0 0 0 0 0 0 0 0 0 0 0 0 0 0 0 0 0 0 0 0 0 0 0 0 0 0 0 0 0 0 0 0 0 0 0 0 0 0 0 0 0 0 0 0 0]
[577736803779458683242772045011638921909439102113327988452894337274543797813314123948045993613588762598907277366531301251994581759888182976788678462527875151363277919564843439932449270124935422991312126503555194 0 0 0 0 0 0 0 0 1 0 0 0 0 0 0 0 0 0 0 0 0 0 0 0 0 0 0 0 0 0 0 0 0 0 0 0 0 0 0 0 0 0 0 0 0 0 0 0 0 0 0 0 0 0 0 0 0 0 0 0 0 0 0 0 0 0 0 0 0]
[1912117093932103310179471363358247536622000600258532827770357493162488000759807029181728751342034786124194041230726061579108195333214374057420699906424832055933295050785014258340313157340002831163580764562200865 0 0 0 0 0 0 0 0 0 1 0 0 0 0 0 0 0 0 0 0 0 0 0 0 0 0 0 0 0 0 0 0 0 0 0 0 0 0 0 0 0 0 0 0 0 0 0 0 0 0 0 0 0 0 0 0 0 0 0 0 0 0 0 0 0 0 0 0 0]
[3274542458922828928996955304641488294313855487716150895003979854360348040035436485913064279259429340731967474816652840667655016427551491616866902801022628624700138382424510157872759511110609771518274271064474654 0 0 0 0 0 0 0 0 0 0 1 0 0 0 0 0 0 0 0 0 0 0 0 0 0 0 0 0 0 0 0 0 0 0 0 0 0 0 0 0 0 0 0 0 0 0 0 0 0 0 0 0 0 0 0 0 0 0 0 0 0 0 0 0 0 0 0 0 0]
[1766138238334570655135378980791206250443749351468812658552547326919556744783436479462299525518483847100052954935424952600405907381450639111436871502203632411572947351041285993398311519039559841440305720671266223 0 0 0 0 0 0 0 0 0 0 0 1 0 0 0 0 0 0 0 0 0 0 0 0 0 0 0 0 0 0 0 0 0 0 0 0 0 0 0 0 0 0 0 0 0 0 0 0 0 0 0 0 0 0 0 0 0 0 0 0 0 0 0 0 0 0 0 0 0]
[1089804825739685244133556461843296313557652477255540726508532053077321680016651292358784667040423352491714805990989299140889313095776830215824336335804985663452500769391955831861339908852632290329970623879750771 0 0 0 0 0 0 0 0 0 0 0 0 1 0 0 0 0 0 0 0 0 0 0 0 0 0 0 0 0 0 0 0 0 0 0 0 0 0 0 0 0 0 0 0 0 0 0 0 0 0 0 0 0 0 0 0 0 0 0 0 0 0 0 0 0 0 0 0 0]
[3588639951005085959483480711925028028437821266335372764281801044143260058251857721867296523873306593523801086600497079895244704001289878989648523019102892780866220022695476404741368117930098694985423567430255402 0 0 0 0 0 0 0 0 0 0 0 0 0 1 0 0 0 0 0 0 0 0 0 0 0 0 0 0 0 0 0 0 0 0 0 0 0 0 0 0 0 0 0 0 0 0 0 0 0 0 0 0 0 0 0 0 0 0 0 0 0 0 0 0 0 0 0 0 0]
[878244629148002003149105502947529402497216288236927893532579905573686749641027813835370505001033556530513312114309183501020591971645557696144995576986101969199068748269615015829484681505547518428862640232260594 0 0 0 0 0 0 0 0 0 0 0 0 0 0 1 0 0 0 0 0 0 0 0 0 0 0 0 0 0 0 0 0 0 0 0 0 0 0 0 0 0 0 0 0 0 0 0 0 0 0 0 0 0 0 0 0 0 0 0 0 0 0 0 0 0 0 0 0 0]
[3168835538253255924729039330960942575541366571524558233867335765527615093418180349755642584517582466398686199983020689919209220166981837839263581019100659204929881103838357927293292178661721834845865424269862790 0 0 0 0 0 0 0 0 0 0 0 0 0 0 0 1 0 0 0 0 0 0 0 0 0 0 0 0 0 0 0 0 0 0 0 0 0 0 0 0 0 0 0 0 0 0 0 0 0 0 0 0 0 0 0 0 0 0 0 0 0 0 0 0 0 0 0 0 0]
[28289458369599056606017735714983354110757486853901402181168359680130739230389390978276599215084120249727817575732470339019714764500604838241935912469535945808137675403666750423933046395496540291568267340970918 0 0 0 0 0 0 0 0 0 0 0 0 0 0 0 0 1 0 0 0 0 0 0 0 0 0 0 0 0 0 0 0 0 0 0 0 0 0 0 0 0 0 0 0 0 0 0 0 0 0 0 0 0 0 0 0 0 0 0 0 0 0 0 0 0 0 0 0 0]
[201859441345642449313499570606184308261768038446414918415791026917255058539093096169373932712169579664191041048385574606509403714118427653452597236076673001921453636803235696888888626172261250827186307946313868 0 0 0 0 0 0 0 0 0 0 0 0 0 0 0 0 0 1 0 0 0 0 0 0 0 0 0 0 0 0 0 0 0 0 0 0 0 0 0 0 0 0 0 0 0 0 0 0 0 0 0 0 0 0 0 0 0 0 0 0 0 0 0 0 0 0 0 0 0]
[1711126063194675887035520595817693285489815132508420883061962386932191995795390366837630410493587052668740952753274139270645958221851969669710610701630655061129210940573031958990573832869767592104102575346171061 0 0 0 0 0 0 0 0 0 0 0 0 0 0 0 0 0 0 1 0 0 0 0 0 0 0 0 0 0 0 0 0 0 0 0 0 0 0 0 0 0 0 0 0 0 0 0 0 0 0 0 0 0 0 0 0 0 0 0 0 0 0 0 0 0 0 0 0 0]
[3559955168695501756128261243750246220344430044780298593367209695184675142073668589409839521567938601231269192573677990219975941670988598048285513505583932538976183854012279592148691100927999106273594061037072899 0 0 0 0 0 0 0 0 0 0 0 0 0 0 0 0 0 0 0 1 0 0 0 0 0 0 0 0 0 0 0 0 0 0 0 0 0 0 0 0 0 0 0 0 0 0 0 0 0 0 0 0 0 0 0 0 0 0 0 0 0 0 0 0 0 0 0 0 0]
[1646389687276590945966100990102944182381340802366022565404228574380891547372748100637538502358327020048176214930175687399097469518066688725640676006749388429045691829743295890229644907770957340070504588876799859 0 0 0 0 0 0 0 0 0 0 0 0 0 0 0 0 0 0 0 0 1 0 0 0 0 0 0 0 0 0 0 0 0 0 0 0 0 0 0 0 0 0 0 0 0 0 0 0 0 0 0 0 0 0 0 0 0 0 0 0 0 0 0 0 0 0 0 0 0]
[1010720486317931974309990561493392950119636280706954477677413312357984130051345383785559397744382050332192646290650917977202168658526077808517682227317346090059087456323858072890314046147888637268491806487141601 0 0 0 0 0 0 0 0 0 0 0 0 0 0 0 0 0 0 0 0 0 1 0 0 0 0 0 0 0 0 0 0 0 0 0 0 0 0 0 0 0 0 0 0 0 0 0 0 0 0 0 0 0 0 0 0 0 0 0 0 0 0 0 0 0 0 0 0 0]
[2810715976106219379227144269626021361861717779247578041795578651547912851404653956997019734774520098310190243341198129803589668745655386881810366411381585122052179420154265326227645536527278750281355551889258601 0 0 0 0 0 0 0 0 0 0 0 0 0 0 0 0 0 0 0 0 0 0 1 0 0 0 0 0 0 0 0 0 0 0 0 0 0 0 0 0 0 0 0 0 0 0 0 0 0 0 0 0 0 0 0 0 0 0 0 0 0 0 0 0 0 0 0 0 0]
[666070312822550194112065303237932280121084544575269865289074350803821532174675002080435149905571814339034113663222918448539119329162312003255086755881426816002491747871416805242028377832018055928552643712773285 0 0 0 0 0 0 0 0 0 0 0 0 0 0 0 0 0 0 0 0 0 0 0 1 0 0 0 0 0 0 0 0 0 0 0 0 0 0 0 0 0 0 0 0 0 0 0 0 0 0 0 0 0 0 0 0 0 0 0 0 0 0 0 0 0 0 0 0 0]
[3518672762646577495075386258115732734761217364044246388153450553510674816573115024534255279089896839138825668241962096900337498614149809318890999149669834041083566026907038118550084132723720818134742587899258287 0 0 0 0 0 0 0 0 0 0 0 0 0 0 0 0 0 0 0 0 0 0 0 0 1 0 0 0 0 0 0 0 0 0 0 0 0 0 0 0 0 0 0 0 0 0 0 0 0 0 0 0 0 0 0 0 0 0 0 0 0 0 0 0 0 0 0 0 0]
[2862565063073280485158917745061373130822059862445622032797394753442646416837192853130418343459557470247096954545819810480326291737520618179035161527099439808237519693503583813894987069849859647021022823931411144 0 0 0 0 0 0 0 0 0 0 0 0 0 0 0 0 0 0 0 0 0 0 0 0 0 1 0 0 0 0 0 0 0 0 0 0 0 0 0 0 0 0 0 0 0 0 0 0 0 0 0 0 0 0 0 0 0 0 0 0 0 0 0 0 0 0 0 0 0]
[3319721459856710606758622772321511364466003614911859104405900219637067001758158070893983493013745324795463210914768281814524115179202486181048467951676317329682861213195955317704967295314278333146593613553209141 0 0 0 0 0 0 0 0 0 0 0 0 0 0 0 0 0 0 0 0 0 0 0 0 0 0 1 0 0 0 0 0 0 0 0 0 0 0 0 0 0 0 0 0 0 0 0 0 0 0 0 0 0 0 0 0 0 0 0 0 0 0 0 0 0 0 0 0 0]
[1042071459434893331623521381948843217508101110097989728325055881704583946301065084288446781995882515540193258696791320920974126567609886176393585453638397933762892485466850358192714535731677867858511017415262735 0 0 0 0 0 0 0 0 0 0 0 0 0 0 0 0 0 0 0 0 0 0 0 0 0 0 0 1 0 0 0 0 0 0 0 0 0 0 0 0 0 0 0 0 0 0 0 0 0 0 0 0 0 0 0 0 0 0 0 0 0 0 0 0 0 0 0 0 0]
[3175337946400638398508954023150547593233491609820045182831917100766991958349585369002239352490450637112092002953541528808084369955269877329832322543717651333419189174270676790095102053576145309562233385203754258 0 0 0 0 0 0 0 0 0 0 0 0 0 0 0 0 0 0 0 0 0 0 0 0 0 0 0 0 1 0 0 0 0 0 0 0 0 0 0 0 0 0 0 0 0 0 0 0 0 0 0 0 0 0 0 0 0 0 0 0 0 0 0 0 0 0 0 0 0]
[426643765104171079440396583348562762140868090396464962927561144567287931637520744564577579851402564016009869201340706169537576186229954467000895749913014604703408168445230244128215029730333114172869262664355480 0 0 0 0 0 0 0 0 0 0 0 0 0 0 0 0 0 0 0 0 0 0 0 0 0 0 0 0 0 1 0 0 0 0 0 0 0 0 0 0 0 0 0 0 0 0 0 0 0 0 0 0 0 0 0 0 0 0 0 0 0 0 0 0 0 0 0 0 0]
[2971789009780226419387252185666326129270622784374460118525839676399520944059431592921833030116264106114339329017358558585963058964105449575799783918055481320478542154881471022959151571486497832733034672854831716 0 0 0 0 0 0 0 0 0 0 0 0 0 0 0 0 0 0 0 0 0 0 0 0 0 0 0 0 0 0 1 0 0 0 0 0 0 0 0 0 0 0 0 0 0 0 0 0 0 0 0 0 0 0 0 0 0 0 0 0 0 0 0 0 0 0 0 0 0]
[819019633290167495399836588225787704575852070465646484657188876785833702451384793773665959052524144813864122788502504965417775475505500243152496485290875367965838657482151573155398526561261369322893564015578256 0 0 0 0 0 0 0 0 0 0 0 0 0 0 0 0 0 0 0 0 0 0 0 0 0 0 0 0 0 0 0 1 0 0 0 0 0 0 0 0 0 0 0 0 0 0 0 0 0 0 0 0 0 0 0 0 0 0 0 0 0 0 0 0 0 0 0 0 0]
[2128076001971349148774757156828098240836227633623340480044502777596566208590459190434750178607630542003951358024737373631353239778977475409328479252888327312018432552358004021600827853532042031602158533541789861 0 0 0 0 0 0 0 0 0 0 0 0 0 0 0 0 0 0 0 0 0 0 0 0 0 0 0 0 0 0 0 0 1 0 0 0 0 0 0 0 0 0 0 0 0 0 0 0 0 0 0 0 0 0 0 0 0 0 0 0 0 0 0 0 0 0 0 0 0]
[1429259802521731610173817664759555239998048060109634100774830501858299160869397016174647763945110463124750351520467986340962621501032592119085555289972134476672671073429283160930646605672820828034917931819610193 0 0 0 0 0 0 0 0 0 0 0 0 0 0 0 0 0 0 0 0 0 0 0 0 0 0 0 0 0 0 0 0 0 1 0 0 0 0 0 0 0 0 0 0 0 0 0 0 0 0 0 0 0 0 0 0 0 0 0 0 0 0 0 0 0 0 0 0 0]
[294932259285436522711173986639114178472708681434292007779251234614363621983967159950629785840614275579240329525613553199381578620046029948093618799439769695345797954566365200275563238690057271158334828197877641 0 0 0 0 0 0 0 0 0 0 0 0 0 0 0 0 0 0 0 0 0 0 0 0 0 0 0 0 0 0 0 0 0 0 1 0 0 0 0 0 0 0 0 0 0 0 0 0 0 0 0 0 0 0 0 0 0 0 0 0 0 0 0 0 0 0 0 0 0]
[1630806090269262568499549765158569784788549695041711568646735249279764350868514823007384826375279214807224200864320552165923680802565802019160757594171369736004646578080475326140657948838583711207168370455699353 0 0 0 0 0 0 0 0 0 0 0 0 0 0 0 0 0 0 0 0 0 0 0 0 0 0 0 0 0 0 0 0 0 0 0 1 0 0 0 0 0 0 0 0 0 0 0 0 0 0 0 0 0 0 0 0 0 0 0 0 0 0 0 0 0 0 0 0 0]
[2361621047814380618529015351377040613527022536383134698183992178040311907399391797516533276355819024022445441461636654873696164114153209804421844424302471853124289291145524272937033717431719788062286483894780572 0 0 0 0 0 0 0 0 0 0 0 0 0 0 0 0 0 0 0 0 0 0 0 0 0 0 0 0 0 0 0 0 0 0 0 0 1 0 0 0 0 0 0 0 0 0 0 0 0 0 0 0 0 0 0 0 0 0 0 0 0 0 0 0 0 0 0 0 0]
[213302522958883311916597603370956979971683902035925267245248100934396495405027390807716545730165452792714969145587509315183128381188250488198606710873293506066421932926453663012419374294211812889219287711067139 0 0 0 0 0 0 0 0 0 0 0 0 0 0 0 0 0 0 0 0 0 0 0 0 0 0 0 0 0 0 0 0 0 0 0 0 0 1 0 0 0 0 0 0 0 0 0 0 0 0 0 0 0 0 0 0 0 0 0 0 0 0 0 0 0 0 0 0 0]
[1619910467860118977288394662895202682711218980714987308555804164482134524276375342449813703068156110463495346734192371963267729711345900001688625601638465660490828654672759330645778012601320436329854344719032794 0 0 0 0 0 0 0 0 0 0 0 0 0 0 0 0 0 0 0 0 0 0 0 0 0 0 0 0 0 0 0 0 0 0 0 0 0 0 1 0 0 0 0 0 0 0 0 0 0 0 0 0 0 0 0 0 0 0 0 0 0 0 0 0 0 0 0 0 0]
[2800397084044509044317354941515536503789025540450526423684107750574368883481651949374542047933443675937544000887169074060493561132679668079709605766082112093897577298580910367498118159163534739815694985788258889 0 0 0 0 0 0 0 0 0 0 0 0 0 0 0 0 0 0 0 0 0 0 0 0 0 0 0 0 0 0 0 0 0 0 0 0 0 0 0 1 0 0 0 0 0 0 0 0 0 0 0 0 0 0 0 0 0 0 0 0 0 0 0 0 0 0 0 0 0]
[3206151756435356228639066839459856914329764021400303194208330679248434019548295257686531650271042315499007919514080988504310802454365785978906281232909456472502928217752441258437753155428309173216615990861412906 0 0 0 0 0 0 0 0 0 0 0 0 0 0 0 0 0 0 0 0 0 0 0 0 0 0 0 0 0 0 0 0 0 0 0 0 0 0 0 0 1 0 0 0 0 0 0 0 0 0 0 0 0 0 0 0 0 0 0 0 0 0 0 0 0 0 0 0 0]
[1795397814592022628535797824705906904193187451261344220952765999572891050495600242681042948184921134518586225342119072060503530635964441066632834798634938960827780776209167415617022639524198560420306908323006709 0 0 0 0 0 0 0 0 0 0 0 0 0 0 0 0 0 0 0 0 0 0 0 0 0 0 0 0 0 0 0 0 0 0 0 0 0 0 0 0 0 1 0 0 0 0 0 0 0 0 0 0 0 0 0 0 0 0 0 0 0 0 0 0 0 0 0 0 0]
[3194615665435458239790884737230693515928421762483918019124867805806807378452976453752240790821188744783739837529874901910866945797855473407131478765223867779453865190257840488680440749391664201184668234301248947 0 0 0 0 0 0 0 0 0 0 0 0 0 0 0 0 0 0 0 0 0 0 0 0 0 0 0 0 0 0 0 0 0 0 0 0 0 0 0 0 0 0 1 0 0 0 0 0 0 0 0 0 0 0 0 0 0 0 0 0 0 0 0 0 0 0 0 0 0]
[998709696989586083322511223732117257022667895284345629300091137931264157477937146683469437789919690525357737343211191774762136590960893427087491778099070040046750878181372202393451324331209705937717773809422092 0 0 0 0 0 0 0 0 0 0 0 0 0 0 0 0 0 0 0 0 0 0 0 0 0 0 0 0 0 0 0 0 0 0 0 0 0 0 0 0 0 0 0 1 0 0 0 0 0 0 0 0 0 0 0 0 0 0 0 0 0 0 0 0 0 0 0 0 0]
[3446203251491497962032899718094571061197107057311915269694411500628972816662317422704633090156434061574427130396089100159817281936213039575495413904194694585107207050413454387277624285070792025937991061590996426 0 0 0 0 0 0 0 0 0 0 0 0 0 0 0 0 0 0 0 0 0 0 0 0 0 0 0 0 0 0 0 0 0 0 0 0 0 0 0 0 0 0 0 0 1 0 0 0 0 0 0 0 0 0 0 0 0 0 0 0 0 0 0 0 0 0 0 0 0]
[2334692564554503042826667945722665957890863021621758255832072516345916882727140217989991729257322409157332706305633916147121854097627676668632705443269286049784207263586203383468163812135218884451185422264568984 0 0 0 0 0 0 0 0 0 0 0 0 0 0 0 0 0 0 0 0 0 0 0 0 0 0 0 0 0 0 0 0 0 0 0 0 0 0 0 0 0 0 0 0 0 1 0 0 0 0 0 0 0 0 0 0 0 0 0 0 0 0 0 0 0 0 0 0 0]
[1004011160732183436203130565856988914287568957253709017386168359546572260103552331250916738052204751897838018053628175541295863127541184166905653293654849805555590562732075005570476323191379576278266134023068391 0 0 0 0 0 0 0 0 0 0 0 0 0 0 0 0 0 0 0 0 0 0 0 0 0 0 0 0 0 0 0 0 0 0 0 0 0 0 0 0 0 0 0 0 0 0 1 0 0 0 0 0 0 0 0 0 0 0 0 0 0 0 0 0 0 0 0 0 0]
[3891738598135580159080659198798724980877208045563141700727619474699905760723451600942819522993957027950022701362864333358492752915512254200381605920617877270718190016715474676171708562633110029378963327198134840 0 0 0 0 0 0 0 0 0 0 0 0 0 0 0 0 0 0 0 0 0 0 0 0 0 0 0 0 0 0 0 0 0 0 0 0 0 0 0 0 0 0 0 0 0 0 0 1 0 0 0 0 0 0 0 0 0 0 0 0 0 0 0 0 0 0 0 0 0]
[1871857279333059908078703076079240524260535798408038269412825505964484427950606904286365502889361245869025332217014910855169578579927936063498729025058618154198785244320279383062783843872578517756880474809822023 0 0 0 0 0 0 0 0 0 0 0 0 0 0 0 0 0 0 0 0 0 0 0 0 0 0 0 0 0 0 0 0 0 0 0 0 0 0 0 0 0 0 0 0 0 0 0 0 1 0 0 0 0 0 0 0 0 0 0 0 0 0 0 0 0 0 0 0 0]
[3191977331624920817349333123164029505790783815356112107275948170476036302166472506622931733941785091561132595638777457454411484381697493694382409770383899192780440926701877306913687863994052750898910029878790062 0 0 0 0 0 0 0 0 0 0 0 0 0 0 0 0 0 0 0 0 0 0 0 0 0 0 0 0 0 0 0 0 0 0 0 0 0 0 0 0 0 0 0 0 0 0 0 0 0 1 0 0 0 0 0 0 0 0 0 0 0 0 0 0 0 0 0 0 0]
[2313288500085890089974657801646020325044336707548108733313713424723586772366789743598867125110659876294116618642968080168936498993681034486793967951654711643384623672686557247479595992336918632960571899224690571 0 0 0 0 0 0 0 0 0 0 0 0 0 0 0 0 0 0 0 0 0 0 0 0 0 0 0 0 0 0 0 0 0 0 0 0 0 0 0 0 0 0 0 0 0 0 0 0 0 0 1 0 0 0 0 0 0 0 0 0 0 0 0 0 0 0 0 0 0]
[1022463184978769646728908214850198913539670203684804304123967477210811031942900669817868763395163964651403361956455757536215558964185920110262219217257475287619557951292381025033490052064903327618571873095109080 0 0 0 0 0 0 0 0 0 0 0 0 0 0 0 0 0 0 0 0 0 0 0 0 0 0 0 0 0 0 0 0 0 0 0 0 0 0 0 0 0 0 0 0 0 0 0 0 0 0 0 1 0 0 0 0 0 0 0 0 0 0 0 0 0 0 0 0 0]
[2694946105359909625623402741130101089136180861513731546781120245076560496391425369263658403807903379426550561842546741059454334212155089518937988193912706817601504991887480291417703923871950810978311847695928874 0 0 0 0 0 0 0 0 0 0 0 0 0 0 0 0 0 0 0 0 0 0 0 0 0 0 0 0 0 0 0 0 0 0 0 0 0 0 0 0 0 0 0 0 0 0 0 0 0 0 0 0 1 0 0 0 0 0 0 0 0 0 0 0 0 0 0 0 0]
[3356487125764163933266914951329038525252165248961752821873542401848851203462801116411704139133927236030500172580207019761307269498332496745946387820897298622692581889618492061227433608545888833551384803698533337 0 0 0 0 0 0 0 0 0 0 0 0 0 0 0 0 0 0 0 0 0 0 0 0 0 0 0 0 0 0 0 0 0 0 0 0 0 0 0 0 0 0 0 0 0 0 0 0 0 0 0 0 0 1 0 0 0 0 0 0 0 0 0 0 0 0 0 0 0]
[936033962002479297374477662660060830803418336741421308214153439910251998677880915026962231149037475216101476627436851652672453044146451540565104501145803482261818081460735664444547380729113470639129937997211719 0 0 0 0 0 0 0 0 0 0 0 0 0 0 0 0 0 0 0 0 0 0 0 0 0 0 0 0 0 0 0 0 0 0 0 0 0 0 0 0 0 0 0 0 0 0 0 0 0 0 0 0 0 0 1 0 0 0 0 0 0 0 0 0 0 0 0 0 0]
[2983905530863705573658907319554576929413412767412666789495894616887237821399671284633613296584141100677474362545597318707271155627418206308294997051929464698002197587774698537879240185716772695463958496159489422 0 0 0 0 0 0 0 0 0 0 0 0 0 0 0 0 0 0 0 0 0 0 0 0 0 0 0 0 0 0 0 0 0 0 0 0 0 0 0 0 0 0 0 0 0 0 0 0 0 0 0 0 0 0 0 1 0 0 0 0 0 0 0 0 0 0 0 0 0]
[3343215624530839707444824712159294183694792970621141117353435134632470644292732836593198086263554539300832365528953608981059021223938804336095465373192739208005489371181055242266544591698271654782976571763460500 0 0 0 0 0 0 0 0 0 0 0 0 0 0 0 0 0 0 0 0 0 0 0 0 0 0 0 0 0 0 0 0 0 0 0 0 0 0 0 0 0 0 0 0 0 0 0 0 0 0 0 0 0 0 0 0 1 0 0 0 0 0 0 0 0 0 0 0 0]
[3310536078383070400099909448919027787493203100911977680025620676272951221692482137604235154286198257693753456651323710091840303494887724508207931741555445695255468261637581133576944923722328485273783964888287977 0 0 0 0 0 0 0 0 0 0 0 0 0 0 0 0 0 0 0 0 0 0 0 0 0 0 0 0 0 0 0 0 0 0 0 0 0 0 0 0 0 0 0 0 0 0 0 0 0 0 0 0 0 0 0 0 0 1 0 0 0 0 0 0 0 0 0 0 0]
[717537403172810587952557129050545815628380196497617797023405197145512098089649527025598620668551454258478680423603145120882024383489568508823138608262859723094129035080965381333916907198616131801055150828878738 0 0 0 0 0 0 0 0 0 0 0 0 0 0 0 0 0 0 0 0 0 0 0 0 0 0 0 0 0 0 0 0 0 0 0 0 0 0 0 0 0 0 0 0 0 0 0 0 0 0 0 0 0 0 0 0 0 0 1 0 0 0 0 0 0 0 0 0 0]
[1826671582895425644155593210930424006667287654288197786399746319399167640507217078245926575557397200379748125152460590808920469101994595618308668812821058084553395073294079865822865837338038066711953309797096378 0 0 0 0 0 0 0 0 0 0 0 0 0 0 0 0 0 0 0 0 0 0 0 0 0 0 0 0 0 0 0 0 0 0 0 0 0 0 0 0 0 0 0 0 0 0 0 0 0 0 0 0 0 0 0 0 0 0 0 1 0 0 0 0 0 0 0 0 0]
[2271426580808905890828921002225825488149735915449885679780171856109971572345837109949546434198719806930535809430348535958883495823288784704079108475639125620619084995015637852206433193301376976981279304311686158 0 0 0 0 0 0 0 0 0 0 0 0 0 0 0 0 0 0 0 0 0 0 0 0 0 0 0 0 0 0 0 0 0 0 0 0 0 0 0 0 0 0 0 0 0 0 0 0 0 0 0 0 0 0 0 0 0 0 0 0 1 0 0 0 0 0 0 0 0]
[2131962447245875801931900833939916893326630394464662339082641669609270370898757694886705294860071808297814742229566610054899193001591723698561412427095071371753697641461946900473913908499728988574104667197484761 0 0 0 0 0 0 0 0 0 0 0 0 0 0 0 0 0 0 0 0 0 0 0 0 0 0 0 0 0 0 0 0 0 0 0 0 0 0 0 0 0 0 0 0 0 0 0 0 0 0 0 0 0 0 0 0 0 0 0 0 0 1 0 0 0 0 0 0 0]
[881281555304717977012722667073507338270291150218752924537559532677285263435092118880322923122426186065005806157685180767126919844904834941935073585520627251436710053750554904055771407272563563320178950862297562 0 0 0 0 0 0 0 0 0 0 0 0 0 0 0 0 0 0 0 0 0 0 0 0 0 0 0 0 0 0 0 0 0 0 0 0 0 0 0 0 0 0 0 0 0 0 0 0 0 0 0 0 0 0 0 0 0 0 0 0 0 0 1 0 0 0 0 0 0]
[1104621024858499621796275480540436676460500564606489967287474548892457396009645676757947620197980777015891460013067003445518149524381906013270807732335725571373360290799901246899186204262529405390830682985517687 0 0 0 0 0 0 0 0 0 0 0 0 0 0 0 0 0 0 0 0 0 0 0 0 0 0 0 0 0 0 0 0 0 0 0 0 0 0 0 0 0 0 0 0 0 0 0 0 0 0 0 0 0 0 0 0 0 0 0 0 0 0 0 1 0 0 0 0 0]
[3790634588743993671794028459003357436004214225068599479915396999735133064633823226568459757785701251651280864200468339796143523507256378012129392184914208218578259543104567727227422033929617376457556048958838100 0 0 0 0 0 0 0 0 0 0 0 0 0 0 0 0 0 0 0 0 0 0 0 0 0 0 0 0 0 0 0 0 0 0 0 0 0 0 0 0 0 0 0 0 0 0 0 0 0 0 0 0 0 0 0 0 0 0 0 0 0 0 0 0 1 0 0 0 0]
[1156111403615514692913172676198727724295532728010518357415388786834167302996501024454328832872889280984087669444157127964295403463129755250942367223106716550238470450746142689293729216818890584167817337385184990 0 0 0 0 0 0 0 0 0 0 0 0 0 0 0 0 0 0 0 0 0 0 0 0 0 0 0 0 0 0 0 0 0 0 0 0 0 0 0 0 0 0 0 0 0 0 0 0 0 0 0 0 0 0 0 0 0 0 0 0 0 0 0 0 0 1 0 0 0]
[2583250218371686533826917558820743374745317296048269987216761255244296068117897141900269668915542658778652017751869534435016585952227474099960144749024022240506830853847093521973212998739624903713300370469114734 0 0 0 0 0 0 0 0 0 0 0 0 0 0 0 0 0 0 0 0 0 0 0 0 0 0 0 0 0 0 0 0 0 0 0 0 0 0 0 0 0 0 0 0 0 0 0 0 0 0 0 0 0 0 0 0 0 0 0 0 0 0 0 0 0 0 1 0 0]
[3874446143480007687227813792390318579408151099813296403467640903581722978122530192198327454941100262157849475640435401752538161761289780245778667872882598938635056487133624072557798437895661056507832999907438082 0 0 0 0 0 0 0 0 0 0 0 0 0 0 0 0 0 0 0 0 0 0 0 0 0 0 0 0 0 0 0 0 0 0 0 0 0 0 0 0 0 0 0 0 0 0 0 0 0 0 0 0 0 0 0 0 0 0 0 0 0 0 0 0 0 0 0 1 0]
[3603886062698655108461944050175902155777450820752480183996057468421486882830455831641939912676175256375341179694556534807929864717005528470066771221247373496870916437632426092557415209387260115110603503101708201 0 0 0 0 0 0 0 0 0 0 0 0 0 0 0 0 0 0 0 0 0 0 0 0 0 0 0 0 0 0 0 0 0 0 0 0 0 0 0 0 0 0 0 0 0 0 0 0 0 0 0 0 0 0 0 0 0 0 0 0 0 0 0 0 0 0 0 0 1]
]
