[[2012824004536069591135389415795333351373534486022728185642471674107180262920496514746171839757731930628964631511751214413 0 0 0 0 0 0 0 0 0 0 0 0 0 0 0 0 0 0 0 0 0 0 0 0 0 0 0 0 0 0 0 0 0 0 0 0 0 0 0]
[310936352779600924426153625413647250805284633046300246127997078998229898041505404963434749693603805478982631189196863982 1 0 0 0 0 0 0 0 0 0 0 0 0 0 0 0 0 0 0 0 0 0 0 0 0 0 0 0 0 0 0 0 0 0 0 0 0 0 0]
[904373877413414639855274715125646758751260313054015039437777830948741572530301871928149278828604590266588177705584492838 0 1 0 0 0 0 0 0 0 0 0 0 0 0 0 0 0 0 0 0 0 0 0 0 0 0 0 0 0 0 0 0 0 0 0 0 0 0 0]
[762754001907496716561907850592314255832056434520771252807322934357439531928159713560818748656205595891703162929791504989 0 0 1 0 0 0 0 0 0 0 0 0 0 0 0 0 0 0 0 0 0 0 0 0 0 0 0 0 0 0 0 0 0 0 0 0 0 0 0]
[1275099898551465081245836180401457273137602937235121939554736504042810229114407613152888739306729122721250006799149214917 0 0 0 1 0 0 0 0 0 0 0 0 0 0 0 0 0 0 0 0 0 0 0 0 0 0 0 0 0 0 0 0 0 0 0 0 0 0 0]
[1518992977294836639703201405480068206063273561670299010782786554370612014262551484794173963087104964763578688138338870428 0 0 0 0 1 0 0 0 0 0 0 0 0 0 0 0 0 0 0 0 0 0 0 0 0 0 0 0 0 0 0 0 0 0 0 0 0 0 0]
[1407496868781499601541645741266382889257227745654970421109968424613511745909756484018685335414676647427742585578979978973 0 0 0 0 0 1 0 0 0 0 0 0 0 0 0 0 0 0 0 0 0 0 0 0 0 0 0 0 0 0 0 0 0 0 0 0 0 0 0]
[477276131772070463473342046268483201873842379454477617272466329677951079186617849583664535521691615897711403673279069621 0 0 0 0 0 0 1 0 0 0 0 0 0 0 0 0 0 0 0 0 0 0 0 0 0 0 0 0 0 0 0 0 0 0 0 0 0 0 0]
[286938487433759194552216511888899548156068160242430473553282354567632792146500494719463983753688097216369595937168117681 0 0 0 0 0 0 0 1 0 0 0 0 0 0 0 0 0 0 0 0 0 0 0 0 0 0 0 0 0 0 0 0 0 0 0 0 0 0 0]
[439637820988586920575613217877046830745842187165960154226093849323768730300433127161320899358911796130755857757759567665 0 0 0 0 0 0 0 0 1 0 0 0 0 0 0 0 0 0 0 0 0 0 0 0 0 0 0 0 0 0 0 0 0 0 0 0 0 0 0]
[356108249931125204160214011380669593338183937571754629597467905129445188026803591220323899714278465206216728198913850543 0 0 0 0 0 0 0 0 0 1 0 0 0 0 0 0 0 0 0 0 0 0 0 0 0 0 0 0 0 0 0 0 0 0 0 0 0 0 0]
[1755115583717964662846580392278164210597334621278676269475335040786878626860725708133070230657639109455308428454068644040 0 0 0 0 0 0 0 0 0 0 1 0 0 0 0 0 0 0 0 0 0 0 0 0 0 0 0 0 0 0 0 0 0 0 0 0 0 0 0]
[1066523041903391000756830644148800739604891259061407212190918406754570616018089501794246899193545794731488122694101493961 0 0 0 0 0 0 0 0 0 0 0 1 0 0 0 0 0 0 0 0 0 0 0 0 0 0 0 0 0 0 0 0 0 0 0 0 0 0 0]
[6946710790743258139303534802743475805339093852273428694084640762734103958619450607232552631157893115611399349959665856 0 0 0 0 0 0 0 0 0 0 0 0 1 0 0 0 0 0 0 0 0 0 0 0 0 0 0 0 0 0 0 0 0 0 0 0 0 0 0]
[82003513148897394044216824245498181125296566083147016859151545337529673490302623926053591766148142458719514880183204265 0 0 0 0 0 0 0 0 0 0 0 0 0 1 0 0 0 0 0 0 0 0 0 0 0 0 0 0 0 0 0 0 0 0 0 0 0 0 0]
[942863901940538899479319125585466515602803121364630860917173504862435569583900849843355103000303958496033224534126838516 0 0 0 0 0 0 0 0 0 0 0 0 0 0 1 0 0 0 0 0 0 0 0 0 0 0 0 0 0 0 0 0 0 0 0 0 0 0 0]
[226596263221358410983173902896301173604272729123599963634783951198101006139324660935248626032630837620109051088923642205 0 0 0 0 0 0 0 0 0 0 0 0 0 0 0 1 0 0 0 0 0 0 0 0 0 0 0 0 0 0 0 0 0 0 0 0 0 0 0]
[1590844075942343807392010371025899336037299946394336468831211236932008716184336067212070451725174103270184608358727637435 0 0 0 0 0 0 0 0 0 0 0 0 0 0 0 0 1 0 0 0 0 0 0 0 0 0 0 0 0 0 0 0 0 0 0 0 0 0 0]
[196861453978107050906316785956489820179425652764673233713377822739349193369452357948675946320065109255343781486896996604 0 0 0 0 0 0 0 0 0 0 0 0 0 0 0 0 0 1 0 0 0 0 0 0 0 0 0 0 0 0 0 0 0 0 0 0 0 0 0]
[333547950014950330521195884140592079753158206426187443450003494271541224587156934274224655819324500874371826895399487832 0 0 0 0 0 0 0 0 0 0 0 0 0 0 0 0 0 0 1 0 0 0 0 0 0 0 0 0 0 0 0 0 0 0 0 0 0 0 0]
[1080698552689530273313486487222533086278668386504852021697331869845852744359872782085216738818052679359109168006385699272 0 0 0 0 0 0 0 0 0 0 0 0 0 0 0 0 0 0 0 1 0 0 0 0 0 0 0 0 0 0 0 0 0 0 0 0 0 0 0]
[1179413442577301801637111693951078599849847730810052917350500272423105075253514511525723001191935198794952446737865720568 0 0 0 0 0 0 0 0 0 0 0 0 0 0 0 0 0 0 0 0 1 0 0 0 0 0 0 0 0 0 0 0 0 0 0 0 0 0 0]
[733036674909437116500874534028947806910780556503576189982441449887389568438109794764752347717383596937456180111306791338 0 0 0 0 0 0 0 0 0 0 0 0 0 0 0 0 0 0 0 0 0 1 0 0 0 0 0 0 0 0 0 0 0 0 0 0 0 0 0]
[853119963616375686969360176442240673107238635900076322890262474172022094496168124948875677223394893757200629710047438730 0 0 0 0 0 0 0 0 0 0 0 0 0 0 0 0 0 0 0 0 0 0 1 0 0 0 0 0 0 0 0 0 0 0 0 0 0 0 0]
[781580230677015182300949486471922965742906637303938687525005663672346567844577188894081688311386204590749183023674173639 0 0 0 0 0 0 0 0 0 0 0 0 0 0 0 0 0 0 0 0 0 0 0 1 0 0 0 0 0 0 0 0 0 0 0 0 0 0 0]
[887875909229313174318745220840158537535847129742718005066596288717017562348581380322813194699286114601571426048822904257 0 0 0 0 0 0 0 0 0 0 0 0 0 0 0 0 0 0 0 0 0 0 0 0 1 0 0 0 0 0 0 0 0 0 0 0 0 0 0]
[1681758545427756288640254000700813714843948832337714484059741725343298745730987626128705022757458459574809200710455918626 0 0 0 0 0 0 0 0 0 0 0 0 0 0 0 0 0 0 0 0 0 0 0 0 0 1 0 0 0 0 0 0 0 0 0 0 0 0 0]
[281435437633694964301999327641145361187385654518708539130162211236250638334619166440097803785258221897279150760776751725 0 0 0 0 0 0 0 0 0 0 0 0 0 0 0 0 0 0 0 0 0 0 0 0 0 0 1 0 0 0 0 0 0 0 0 0 0 0 0]
[1552141330482015145587029514096672001918937797469562565320759105167092020571253452909905918006167848610424944192162084461 0 0 0 0 0 0 0 0 0 0 0 0 0 0 0 0 0 0 0 0 0 0 0 0 0 0 0 1 0 0 0 0 0 0 0 0 0 0 0]
[2005553948599593936829699596892638317344749455185458000198042500548084955932764998022203252577491557511757185487802403014 0 0 0 0 0 0 0 0 0 0 0 0 0 0 0 0 0 0 0 0 0 0 0 0 0 0 0 0 1 0 0 0 0 0 0 0 0 0 0]
[1407128396474668318447597230450202819676002066294865698901975226372521500993972550776001595147288192128373534822213871936 0 0 0 0 0 0 0 0 0 0 0 0 0 0 0 0 0 0 0 0 0 0 0 0 0 0 0 0 0 1 0 0 0 0 0 0 0 0 0]
[834216125619826455878423556000574698160587517234039080534210111454318964926539515500316816895536772790886699739886495162 0 0 0 0 0 0 0 0 0 0 0 0 0 0 0 0 0 0 0 0 0 0 0 0 0 0 0 0 0 0 1 0 0 0 0 0 0 0 0]
[1486357129358222439278100016334343004965313874479582761950213779521086272231790503196831180099353362137436902036109124226 0 0 0 0 0 0 0 0 0 0 0 0 0 0 0 0 0 0 0 0 0 0 0 0 0 0 0 0 0 0 0 1 0 0 0 0 0 0 0]
[1871505404210799456640030663907091887849137050209403717428694927410480560031820772133314334824493734418867235169955039062 0 0 0 0 0 0 0 0 0 0 0 0 0 0 0 0 0 0 0 0 0 0 0 0 0 0 0 0 0 0 0 0 1 0 0 0 0 0 0]
[1351718762574256784125827723909217795131085987453849500886402182851992243324204861784430465417470606428648384278390380103 0 0 0 0 0 0 0 0 0 0 0 0 0 0 0 0 0 0 0 0 0 0 0 0 0 0 0 0 0 0 0 0 0 1 0 0 0 0 0]
[515125727780717872752548752044198866935526464381089688257356363638897461338137150133910623144309927927222283832826776606 0 0 0 0 0 0 0 0 0 0 0 0 0 0 0 0 0 0 0 0 0 0 0 0 0 0 0 0 0 0 0 0 0 0 1 0 0 0 0]
[1952743650370280855041198754935126433347252297916309805044656509126284901999003312509977285675322052185079204255070056101 0 0 0 0 0 0 0 0 0 0 0 0 0 0 0 0 0 0 0 0 0 0 0 0 0 0 0 0 0 0 0 0 0 0 0 1 0 0 0]
[1637364963931089820120942922288229510137423885585478480345884646583525438484657826725272125687731471701403531777079360672 0 0 0 0 0 0 0 0 0 0 0 0 0 0 0 0 0 0 0 0 0 0 0 0 0 0 0 0 0 0 0 0 0 0 0 0 1 0 0]
[1367770290753726865326833520526939651519693700648917893662603942946794627821912811616436080415727614193035009709003530640 0 0 0 0 0 0 0 0 0 0 0 0 0 0 0 0 0 0 0 0 0 0 0 0 0 0 0 0 0 0 0 0 0 0 0 0 0 1 0]
[1473668713552531444200607095444020040400678673409796992399358823941918138216837938878601686183434280608351956412662042156 0 0 0 0 0 0 0 0 0 0 0 0 0 0 0 0 0 0 0 0 0 0 0 0 0 0 0 0 0 0 0 0 0 0 0 0 0 0 1]
]
