[[7558748261537591478680372200130736919206593637734827323947668503099421858650071351732615398442747665631216597634431220608594801902036641433070372747586308291874090252491125582070057477030350522448551653010350585421732931609404029546746694472615857131738057402985939289970014164339684879424275124825865568244808097388467729913704199 0 0 0 0 0 0 0 0 0 0 0 0 0 0 0 0 0 0 0 0 0 0 0 0 0 0 0 0 0 0 0 0 0 0 0 0 0 0 0 0 0 0 0 0 0 0 0 0 0 0 0 0 0 0 0 0 0 0 0 0 0 0 0 0 0 0 0 0 0 0 0 0 0 0 0 0 0 0 0 0 0 0 0 0 0 0 0 0 0 0 0 0 0 0 0 0 0 0 0 0 0 0 0 0 0 0 0 0 0]
[4597643876053219468666368255440983052854586058724783219958647012317109903747983524998451805978652994731241040190082913137973464509373706670589662102061746136464089103760408876813011312850888086330920848790052589692827691346082129821121543482578511793045167030817680306609363382957571219922740449117852159132896092469668547636050179 1 0 0 0 0 0 0 0 0 0 0 0 0 0 0 0 0 0 0 0 0 0 0 0 0 0 0 0 0 0 0 0 0 0 0 0 0 0 0 0 0 0 0 0 0 0 0 0 0 0 0 0 0 0 0 0 0 0 0 0 0 0 0 0 0 0 0 0 0 0 0 0 0 0 0 0 0 0 0 0 0 0 0 0 0 0 0 0 0 0 0 0 0 0 0 0 0 0 0 0 0 0 0 0 0 0 0 0 0]
[5321395610636528647479368082861137300574136220930702341265665237601652901813204287226774680126695587928017522945669974442915747379461341294676092366215987952619654618162693693613897823589423152383780470749213299487397820560678902036345292546332402766909043950766687794581849802932503906947274989490203246163503523192728032354431404 0 1 0 0 0 0 0 0 0 0 0 0 0 0 0 0 0 0 0 0 0 0 0 0 0 0 0 0 0 0 0 0 0 0 0 0 0 0 0 0 0 0 0 0 0 0 0 0 0 0 0 0 0 0 0 0 0 0 0 0 0 0 0 0 0 0 0 0 0 0 0 0 0 0 0 0 0 0 0 0 0 0 0 0 0 0 0 0 0 0 0 0 0 0 0 0 0 0 0 0 0 0 0 0 0 0 0 0 0]
[2580125194421008178359068786281472680609128182267617481882385964034123165770719186505989783131020260468992458219940327288309071368691177442745454284794996874686652303010590570917111003014670357515255290859801487585225250722472336332224879177147343761464499527266949559217886659028851723802247401312692776659549399247286163458519010 0 0 1 0 0 0 0 0 0 0 0 0 0 0 0 0 0 0 0 0 0 0 0 0 0 0 0 0 0 0 0 0 0 0 0 0 0 0 0 0 0 0 0 0 0 0 0 0 0 0 0 0 0 0 0 0 0 0 0 0 0 0 0 0 0 0 0 0 0 0 0 0 0 0 0 0 0 0 0 0 0 0 0 0 0 0 0 0 0 0 0 0 0 0 0 0 0 0 0 0 0 0 0 0 0 0 0 0 0]
[855620342364359881820917870532267828665076257548948240514910167497656347564559502069309030375665267060268049343455649717641297204676028562149383558787767906915507061389841045979985268164817423011785910353596584115105648003292196533324508810089281787849339434301661780412175462749517216381899034942466437077370411591702500281535637 0 0 0 1 0 0 0 0 0 0 0 0 0 0 0 0 0 0 0 0 0 0 0 0 0 0 0 0 0 0 0 0 0 0 0 0 0 0 0 0 0 0 0 0 0 0 0 0 0 0 0 0 0 0 0 0 0 0 0 0 0 0 0 0 0 0 0 0 0 0 0 0 0 0 0 0 0 0 0 0 0 0 0 0 0 0 0 0 0 0 0 0 0 0 0 0 0 0 0 0 0 0 0 0 0 0 0 0 0]
[4184618856544922230924013422177700298135002065640028944146359916047261268886008037018423318182196084423973896434825109237243787586798182045317862903267481611791888298779634199179043310852144193978323003251366797991464374711001746590634152166740944321813232047678004579815607018625113885378085512039705673142253806769709162257113162 0 0 0 0 1 0 0 0 0 0 0 0 0 0 0 0 0 0 0 0 0 0 0 0 0 0 0 0 0 0 0 0 0 0 0 0 0 0 0 0 0 0 0 0 0 0 0 0 0 0 0 0 0 0 0 0 0 0 0 0 0 0 0 0 0 0 0 0 0 0 0 0 0 0 0 0 0 0 0 0 0 0 0 0 0 0 0 0 0 0 0 0 0 0 0 0 0 0 0 0 0 0 0 0 0 0 0 0 0]
[6345195245115679773575623734794086984340253861962753121972968328153699207789518354897029364500314266836410742251253528007406988522917422609925563965283879744930241065491486007572573388846097777015557993912024591199188946709827696844182578522963959156881090576009606729513866981931319574186069275545935657889843856232883652317893817 0 0 0 0 0 1 0 0 0 0 0 0 0 0 0 0 0 0 0 0 0 0 0 0 0 0 0 0 0 0 0 0 0 0 0 0 0 0 0 0 0 0 0 0 0 0 0 0 0 0 0 0 0 0 0 0 0 0 0 0 0 0 0 0 0 0 0 0 0 0 0 0 0 0 0 0 0 0 0 0 0 0 0 0 0 0 0 0 0 0 0 0 0 0 0 0 0 0 0 0 0 0 0 0 0 0 0 0 0]
[3741740085206375878006938275517353873633302813539535509599141373813300214071472372820457783979695882969331107177377521447631407983808039721717331202249243398700359336029545134162340565499069716416981496889201380822369686885741429674369758204568862110022373509447351626268397270877497486550799068363696254369543543582400716090715394 0 0 0 0 0 0 1 0 0 0 0 0 0 0 0 0 0 0 0 0 0 0 0 0 0 0 0 0 0 0 0 0 0 0 0 0 0 0 0 0 0 0 0 0 0 0 0 0 0 0 0 0 0 0 0 0 0 0 0 0 0 0 0 0 0 0 0 0 0 0 0 0 0 0 0 0 0 0 0 0 0 0 0 0 0 0 0 0 0 0 0 0 0 0 0 0 0 0 0 0 0 0 0 0 0 0 0 0 0]
[3048861847277796935000000733293105395591867001005835011683239017056228486919585003562458926075742051153726665049490765141587286319676533603430924321885875917928775995889921187244785345417807693357128466530182557531055396880852660228638877286034174254382503416535928550917908941743411172195405018706660973008091819251325438659686048 0 0 0 0 0 0 0 1 0 0 0 0 0 0 0 0 0 0 0 0 0 0 0 0 0 0 0 0 0 0 0 0 0 0 0 0 0 0 0 0 0 0 0 0 0 0 0 0 0 0 0 0 0 0 0 0 0 0 0 0 0 0 0 0 0 0 0 0 0 0 0 0 0 0 0 0 0 0 0 0 0 0 0 0 0 0 0 0 0 0 0 0 0 0 0 0 0 0 0 0 0 0 0 0 0 0 0 0 0]
[40147673524486634225623966214501623729839991711309985525299198004351839503441427090018680602298014324850210849009793551540809304823259637463115924358125023555818400740640769192467320906479340295223774272676770769376732671139225335634370636592208939939615366506656143994909592892191760752357562258600362859577898074092972860002417 0 0 0 0 0 0 0 0 1 0 0 0 0 0 0 0 0 0 0 0 0 0 0 0 0 0 0 0 0 0 0 0 0 0 0 0 0 0 0 0 0 0 0 0 0 0 0 0 0 0 0 0 0 0 0 0 0 0 0 0 0 0 0 0 0 0 0 0 0 0 0 0 0 0 0 0 0 0 0 0 0 0 0 0 0 0 0 0 0 0 0 0 0 0 0 0 0 0 0 0 0 0 0 0 0 0 0 0 0]
[6914732209840910074541347031998786673196719328319124248383284126073876573091591424740445393096239547094446023953349289125796411993874954123423225824747510275608026236668297036982619408657705569007768668525658760322964341455514531219871834177701329189049265298141160045117183414179335026363711458615935848782371414959262046801434589 0 0 0 0 0 0 0 0 0 1 0 0 0 0 0 0 0 0 0 0 0 0 0 0 0 0 0 0 0 0 0 0 0 0 0 0 0 0 0 0 0 0 0 0 0 0 0 0 0 0 0 0 0 0 0 0 0 0 0 0 0 0 0 0 0 0 0 0 0 0 0 0 0 0 0 0 0 0 0 0 0 0 0 0 0 0 0 0 0 0 0 0 0 0 0 0 0 0 0 0 0 0 0 0 0 0 0 0 0]
[6827891453919775749330814584528228924941323085380135055096131514373156372272827122126698029223938616034076779142636406004228198836903498697624181946377114272666680822418427038587235545782659363138804152889532680501050503078209292259145858399170059079892915517705563349530765993900002685498566335647225192849278502383684534236104165 0 0 0 0 0 0 0 0 0 0 1 0 0 0 0 0 0 0 0 0 0 0 0 0 0 0 0 0 0 0 0 0 0 0 0 0 0 0 0 0 0 0 0 0 0 0 0 0 0 0 0 0 0 0 0 0 0 0 0 0 0 0 0 0 0 0 0 0 0 0 0 0 0 0 0 0 0 0 0 0 0 0 0 0 0 0 0 0 0 0 0 0 0 0 0 0 0 0 0 0 0 0 0 0 0 0 0 0 0]
[5567143892259091801368181273799021865149308802762807293533127136876002779524587623393021372854657961924656962560167665142976254822000462137223501156183808755122895511483195485944561236268706728002028350388912422479028798866490891653189884137350070388595938031767703644845210408830568122558168075578901941086580675510988464560164009 0 0 0 0 0 0 0 0 0 0 0 1 0 0 0 0 0 0 0 0 0 0 0 0 0 0 0 0 0 0 0 0 0 0 0 0 0 0 0 0 0 0 0 0 0 0 0 0 0 0 0 0 0 0 0 0 0 0 0 0 0 0 0 0 0 0 0 0 0 0 0 0 0 0 0 0 0 0 0 0 0 0 0 0 0 0 0 0 0 0 0 0 0 0 0 0 0 0 0 0 0 0 0 0 0 0 0 0 0]
[6364964315549114718746209563094076841465937079339150491351896878974188793679562615132738362964343872149886007659031852063195464632739593248942211168815549587584649180187500559377225153593479223284962698953189537938887641551709455009689546547834595190553721922569236240587373344977568084299636754127937682454201123135229866342622283 0 0 0 0 0 0 0 0 0 0 0 0 1 0 0 0 0 0 0 0 0 0 0 0 0 0 0 0 0 0 0 0 0 0 0 0 0 0 0 0 0 0 0 0 0 0 0 0 0 0 0 0 0 0 0 0 0 0 0 0 0 0 0 0 0 0 0 0 0 0 0 0 0 0 0 0 0 0 0 0 0 0 0 0 0 0 0 0 0 0 0 0 0 0 0 0 0 0 0 0 0 0 0 0 0 0 0 0 0]
[498471349464404797951228635145739310404579205854638745147222804883676879520449939039943729851641919161147083627298066620728891069634097178641139105732398448903771259585255241637340313923245720688100293258684738309836704011122943497897419115639828667387883002936055506696168586565789662557934921636696318204333805076681895890477611 0 0 0 0 0 0 0 0 0 0 0 0 0 1 0 0 0 0 0 0 0 0 0 0 0 0 0 0 0 0 0 0 0 0 0 0 0 0 0 0 0 0 0 0 0 0 0 0 0 0 0 0 0 0 0 0 0 0 0 0 0 0 0 0 0 0 0 0 0 0 0 0 0 0 0 0 0 0 0 0 0 0 0 0 0 0 0 0 0 0 0 0 0 0 0 0 0 0 0 0 0 0 0 0 0 0 0 0 0]
[26556486027465138430917450994041553501260631751950824823608723700500995287051723290280721147250562646578334449354202367713903823428588082945831604100967220971781433766189740650088531451925402940503977403784594959334122342059201541037224402116560769245410477945149940993126560759213839399938407300970473492463592022215631481299818 0 0 0 0 0 0 0 0 0 0 0 0 0 0 1 0 0 0 0 0 0 0 0 0 0 0 0 0 0 0 0 0 0 0 0 0 0 0 0 0 0 0 0 0 0 0 0 0 0 0 0 0 0 0 0 0 0 0 0 0 0 0 0 0 0 0 0 0 0 0 0 0 0 0 0 0 0 0 0 0 0 0 0 0 0 0 0 0 0 0 0 0 0 0 0 0 0 0 0 0 0 0 0 0 0 0 0 0 0]
[31952100675870561925214801769176950780974363565739201551570449819427855723941822614471801097868770740626101658000603357815794670403672116146276010049233076770481904087198922203414916457052148504938866654205041007807930745100414221802857597267544474878710615043940294773158805751320432913271007297301706426396442367988656754642045 0 0 0 0 0 0 0 0 0 0 0 0 0 0 0 1 0 0 0 0 0 0 0 0 0 0 0 0 0 0 0 0 0 0 0 0 0 0 0 0 0 0 0 0 0 0 0 0 0 0 0 0 0 0 0 0 0 0 0 0 0 0 0 0 0 0 0 0 0 0 0 0 0 0 0 0 0 0 0 0 0 0 0 0 0 0 0 0 0 0 0 0 0 0 0 0 0 0 0 0 0 0 0 0 0 0 0 0 0]
[6809220418774173012574035996129452686891933408662598770811578578439318400528971507499079986263974133608031089791382805878863774804174231531946157693040888900312322736116853097262643267828898305386232601701008008454835705979605288866588258714289378797930184017722784223548221736989705748183918473750066740108773673486703143992611337 0 0 0 0 0 0 0 0 0 0 0 0 0 0 0 0 1 0 0 0 0 0 0 0 0 0 0 0 0 0 0 0 0 0 0 0 0 0 0 0 0 0 0 0 0 0 0 0 0 0 0 0 0 0 0 0 0 0 0 0 0 0 0 0 0 0 0 0 0 0 0 0 0 0 0 0 0 0 0 0 0 0 0 0 0 0 0 0 0 0 0 0 0 0 0 0 0 0 0 0 0 0 0 0 0 0 0 0 0]
[6445202535329298016830168360893588111231725919627220754042267532700804454126122612115703321105393267007869831081828680673637638163678796320995785961486062475606252370779540085629182129020442823595907566313978010902718737254244934768514253802533001454542949988601833323775742419088499610936526743535120492734581177805501886527164115 0 0 0 0 0 0 0 0 0 0 0 0 0 0 0 0 0 1 0 0 0 0 0 0 0 0 0 0 0 0 0 0 0 0 0 0 0 0 0 0 0 0 0 0 0 0 0 0 0 0 0 0 0 0 0 0 0 0 0 0 0 0 0 0 0 0 0 0 0 0 0 0 0 0 0 0 0 0 0 0 0 0 0 0 0 0 0 0 0 0 0 0 0 0 0 0 0 0 0 0 0 0 0 0 0 0 0 0 0]
[48975037172364247117291225031468192259926734702277441804079024697687838428944512052198508630900937242228225370793205857308227334357247997244297021348302127854881963510879218063354769209104597935426883866026747942234691103868715328034682839121280382378235302713029921326125576326798308522114481546331177320074208475724825578933750 0 0 0 0 0 0 0 0 0 0 0 0 0 0 0 0 0 0 1 0 0 0 0 0 0 0 0 0 0 0 0 0 0 0 0 0 0 0 0 0 0 0 0 0 0 0 0 0 0 0 0 0 0 0 0 0 0 0 0 0 0 0 0 0 0 0 0 0 0 0 0 0 0 0 0 0 0 0 0 0 0 0 0 0 0 0 0 0 0 0 0 0 0 0 0 0 0 0 0 0 0 0 0 0 0 0 0 0 0]
[2650436934742053315720188969067900985091754545514811365377565569847945689401979002359090369033028602800453450329045789917592959147911082986491021960773214946835893090238325441434629577029248799031782051729281451437774895637375944076654854178179624810958936898083503743571028408936522506141504762064101219248503288129090967158327033 0 0 0 0 0 0 0 0 0 0 0 0 0 0 0 0 0 0 0 1 0 0 0 0 0 0 0 0 0 0 0 0 0 0 0 0 0 0 0 0 0 0 0 0 0 0 0 0 0 0 0 0 0 0 0 0 0 0 0 0 0 0 0 0 0 0 0 0 0 0 0 0 0 0 0 0 0 0 0 0 0 0 0 0 0 0 0 0 0 0 0 0 0 0 0 0 0 0 0 0 0 0 0 0 0 0 0 0 0]
[5446569723917697240907676440118131913423107821447130213730053429662098911295006901714845677271689452677781146956301708290063007500839597581647674368611373881074020320650157043366357522550158095061574143377623242793951558615274588394769410764826709596525119832430014335506447670638215000801323775721718116203681655634045771577827804 0 0 0 0 0 0 0 0 0 0 0 0 0 0 0 0 0 0 0 0 1 0 0 0 0 0 0 0 0 0 0 0 0 0 0 0 0 0 0 0 0 0 0 0 0 0 0 0 0 0 0 0 0 0 0 0 0 0 0 0 0 0 0 0 0 0 0 0 0 0 0 0 0 0 0 0 0 0 0 0 0 0 0 0 0 0 0 0 0 0 0 0 0 0 0 0 0 0 0 0 0 0 0 0 0 0 0 0 0]
[4475916949831574603472290901397170542396486213021381445293055909432967464090343171268796328033448076472227611458784319954896430180375514964017104080334085060443870188398067542718409101540706693470663647001064584534055691601637624483563802932144142500439036576733423625597967582954217599256675913940753188094298569573856632821458409 0 0 0 0 0 0 0 0 0 0 0 0 0 0 0 0 0 0 0 0 0 1 0 0 0 0 0 0 0 0 0 0 0 0 0 0 0 0 0 0 0 0 0 0 0 0 0 0 0 0 0 0 0 0 0 0 0 0 0 0 0 0 0 0 0 0 0 0 0 0 0 0 0 0 0 0 0 0 0 0 0 0 0 0 0 0 0 0 0 0 0 0 0 0 0 0 0 0 0 0 0 0 0 0 0 0 0 0 0]
[6230433523023857611182225538878535378093770039556344052447566120935670428959757246406425843462632698043697217469695076871831766514164428783381697890122240376156199627408870596245342932946817764859248613810340569970756777845039801684704547398345353070558514832556462878603073074058915710214439082742576866487370498480106680819720555 0 0 0 0 0 0 0 0 0 0 0 0 0 0 0 0 0 0 0 0 0 0 1 0 0 0 0 0 0 0 0 0 0 0 0 0 0 0 0 0 0 0 0 0 0 0 0 0 0 0 0 0 0 0 0 0 0 0 0 0 0 0 0 0 0 0 0 0 0 0 0 0 0 0 0 0 0 0 0 0 0 0 0 0 0 0 0 0 0 0 0 0 0 0 0 0 0 0 0 0 0 0 0 0 0 0 0 0 0]
[893401880998943470882304755720257533729006593039426688962777059729106598472334452848551103521283776819024628348636708713654241785642273577112724522737902115648887703220060476020051941479135940855441408642713183798893807330492429367252438581743551935184454752271668428837897147453113093444369541306118976057442149083987635170641917 0 0 0 0 0 0 0 0 0 0 0 0 0 0 0 0 0 0 0 0 0 0 0 1 0 0 0 0 0 0 0 0 0 0 0 0 0 0 0 0 0 0 0 0 0 0 0 0 0 0 0 0 0 0 0 0 0 0 0 0 0 0 0 0 0 0 0 0 0 0 0 0 0 0 0 0 0 0 0 0 0 0 0 0 0 0 0 0 0 0 0 0 0 0 0 0 0 0 0 0 0 0 0 0 0 0 0 0 0]
[4531852516400484082312559564340629030925112548412265005924416839006865316899743159460019445429525595927824479575150985112088674545284993988217896510385361613821534023010531859926518954086663384125177789652598111766387611309057587314558069295171842766136834111297741864973524097624952799075783479330760871373032306544273546076929875 0 0 0 0 0 0 0 0 0 0 0 0 0 0 0 0 0 0 0 0 0 0 0 0 1 0 0 0 0 0 0 0 0 0 0 0 0 0 0 0 0 0 0 0 0 0 0 0 0 0 0 0 0 0 0 0 0 0 0 0 0 0 0 0 0 0 0 0 0 0 0 0 0 0 0 0 0 0 0 0 0 0 0 0 0 0 0 0 0 0 0 0 0 0 0 0 0 0 0 0 0 0 0 0 0 0 0 0 0]
[2161776774758577614730733821026305577376293182916992827940391109458977046633226053200637213980509515123680819977927772317539842334340762082734223363126780468129454655233372971386567166541383290098770333265931124047774509863188468204067696500530850570548329780219500987509901116899637736627811208237245332382065430049103982632393489 0 0 0 0 0 0 0 0 0 0 0 0 0 0 0 0 0 0 0 0 0 0 0 0 0 1 0 0 0 0 0 0 0 0 0 0 0 0 0 0 0 0 0 0 0 0 0 0 0 0 0 0 0 0 0 0 0 0 0 0 0 0 0 0 0 0 0 0 0 0 0 0 0 0 0 0 0 0 0 0 0 0 0 0 0 0 0 0 0 0 0 0 0 0 0 0 0 0 0 0 0 0 0 0 0 0 0 0 0]
[6430678915775189908970017718524830439864204580483648959127564842471346757220866250856395249157040973011943426739467192813560899484503040326344192053638654288727685365410558004041981056603516357615847268000516710038590604715842010521543564252129454929262460543614213835027517397111923075164192682411191102250687840193481912681160327 0 0 0 0 0 0 0 0 0 0 0 0 0 0 0 0 0 0 0 0 0 0 0 0 0 0 1 0 0 0 0 0 0 0 0 0 0 0 0 0 0 0 0 0 0 0 0 0 0 0 0 0 0 0 0 0 0 0 0 0 0 0 0 0 0 0 0 0 0 0 0 0 0 0 0 0 0 0 0 0 0 0 0 0 0 0 0 0 0 0 0 0 0 0 0 0 0 0 0 0 0 0 0 0 0 0 0 0 0]
[4531353424564257920201514024092573370574895836665586325263326085007139678752733261028241463703238222470233635766510116959310893300729116877901580638127323144247625264124980273397028448608331114241900465027936186077660888817375705211359184393523366831672494490555611910318922822607408958249148412846986317361318031637930273321286949 0 0 0 0 0 0 0 0 0 0 0 0 0 0 0 0 0 0 0 0 0 0 0 0 0 0 0 1 0 0 0 0 0 0 0 0 0 0 0 0 0 0 0 0 0 0 0 0 0 0 0 0 0 0 0 0 0 0 0 0 0 0 0 0 0 0 0 0 0 0 0 0 0 0 0 0 0 0 0 0 0 0 0 0 0 0 0 0 0 0 0 0 0 0 0 0 0 0 0 0 0 0 0 0 0 0 0 0 0]
[6321916250364684081775909644637649578586447596521897994737476425670039046370815473300962255378359472883277287746119707968502448948518791612889713657438983966097510911896592121824361359704210752866534678138876052875470557789381211077325316217685772969571687862065646914365611385598674590230427286371486728461556439711954093166924356 0 0 0 0 0 0 0 0 0 0 0 0 0 0 0 0 0 0 0 0 0 0 0 0 0 0 0 0 1 0 0 0 0 0 0 0 0 0 0 0 0 0 0 0 0 0 0 0 0 0 0 0 0 0 0 0 0 0 0 0 0 0 0 0 0 0 0 0 0 0 0 0 0 0 0 0 0 0 0 0 0 0 0 0 0 0 0 0 0 0 0 0 0 0 0 0 0 0 0 0 0 0 0 0 0 0 0 0 0]
[1879055577615444728813166729827720654047301028588429365528899317097624231967121071039792316443118156518255016537929619553504127945090327692240646622151727857366663792812708593113393210907376280710315236465142467704743844617453070880213603026450772891061815515120139069327523493912629215684380640420341882184009936034411175894305531 0 0 0 0 0 0 0 0 0 0 0 0 0 0 0 0 0 0 0 0 0 0 0 0 0 0 0 0 0 1 0 0 0 0 0 0 0 0 0 0 0 0 0 0 0 0 0 0 0 0 0 0 0 0 0 0 0 0 0 0 0 0 0 0 0 0 0 0 0 0 0 0 0 0 0 0 0 0 0 0 0 0 0 0 0 0 0 0 0 0 0 0 0 0 0 0 0 0 0 0 0 0 0 0 0 0 0 0 0]
[327462281934339266150562597828858577546436770408639288024381376315565939320441746052617685310698291880037794373389508637482468227870570492400682293261971974459581407750568585401438020712396475590315535745976098245950283496595651135534308060448688244759606071763409785494996763541801857264683169014255009957555857946330630876855861 0 0 0 0 0 0 0 0 0 0 0 0 0 0 0 0 0 0 0 0 0 0 0 0 0 0 0 0 0 0 1 0 0 0 0 0 0 0 0 0 0 0 0 0 0 0 0 0 0 0 0 0 0 0 0 0 0 0 0 0 0 0 0 0 0 0 0 0 0 0 0 0 0 0 0 0 0 0 0 0 0 0 0 0 0 0 0 0 0 0 0 0 0 0 0 0 0 0 0 0 0 0 0 0 0 0 0 0 0]
[857613138989862078673390612407711771657958223322783344663110785635431192887942869894785710647212498664533335056512407853947904969678915281272235386450800808894256590030065347387931606777460236283095724803500082322157174620038953271944232395837130271005013052646964665902775157584780284989611793489987720216590145320703498818556558 0 0 0 0 0 0 0 0 0 0 0 0 0 0 0 0 0 0 0 0 0 0 0 0 0 0 0 0 0 0 0 1 0 0 0 0 0 0 0 0 0 0 0 0 0 0 0 0 0 0 0 0 0 0 0 0 0 0 0 0 0 0 0 0 0 0 0 0 0 0 0 0 0 0 0 0 0 0 0 0 0 0 0 0 0 0 0 0 0 0 0 0 0 0 0 0 0 0 0 0 0 0 0 0 0 0 0 0 0]
[744703116096552887812281791592400217929095571873729119067164915118711067353186400722045159977905707973497683703194900548112103412830387492892361773733075615772553102420693990045264380092121623311438961733891047265820823032990897702505868339277333679182915391234724045516002049238189839961229277797715988898355662761157172403532330 0 0 0 0 0 0 0 0 0 0 0 0 0 0 0 0 0 0 0 0 0 0 0 0 0 0 0 0 0 0 0 0 1 0 0 0 0 0 0 0 0 0 0 0 0 0 0 0 0 0 0 0 0 0 0 0 0 0 0 0 0 0 0 0 0 0 0 0 0 0 0 0 0 0 0 0 0 0 0 0 0 0 0 0 0 0 0 0 0 0 0 0 0 0 0 0 0 0 0 0 0 0 0 0 0 0 0 0 0]
[2376599376676677888457741581403890747749505113862112631793239812853502680004302085135725208918946376825899506566772530092583376677449029790122495450596545974884976609823291544229313844920648670897889519700124998901778637501386832673653412214739417601120370228204119423582891324129747959030106009315857768892476819049838248522830628 0 0 0 0 0 0 0 0 0 0 0 0 0 0 0 0 0 0 0 0 0 0 0 0 0 0 0 0 0 0 0 0 0 1 0 0 0 0 0 0 0 0 0 0 0 0 0 0 0 0 0 0 0 0 0 0 0 0 0 0 0 0 0 0 0 0 0 0 0 0 0 0 0 0 0 0 0 0 0 0 0 0 0 0 0 0 0 0 0 0 0 0 0 0 0 0 0 0 0 0 0 0 0 0 0 0 0 0 0]
[5389910711912219148478274302369187728356157221542302319817767610046773279444478471070445904729702914022127883465849603998615516462227083408341534515177676486968735766385909391192479215602145701627889918195675286807784897711138051305620447318750998239369958410215550232305118599802863014593708790521759035237351547542367311397073475 0 0 0 0 0 0 0 0 0 0 0 0 0 0 0 0 0 0 0 0 0 0 0 0 0 0 0 0 0 0 0 0 0 0 1 0 0 0 0 0 0 0 0 0 0 0 0 0 0 0 0 0 0 0 0 0 0 0 0 0 0 0 0 0 0 0 0 0 0 0 0 0 0 0 0 0 0 0 0 0 0 0 0 0 0 0 0 0 0 0 0 0 0 0 0 0 0 0 0 0 0 0 0 0 0 0 0 0 0]
[3259062200781544122200440346389788807908916972848065861234757724523857881740888559666509095328827876764792897768570978962800270136498827249872876564734954480132705695130010489441092254455485945831647113487196445201014945532259907383377333939827126066174994244816593301750610193736593647058515488195067684428045541590035627093202688 0 0 0 0 0 0 0 0 0 0 0 0 0 0 0 0 0 0 0 0 0 0 0 0 0 0 0 0 0 0 0 0 0 0 0 1 0 0 0 0 0 0 0 0 0 0 0 0 0 0 0 0 0 0 0 0 0 0 0 0 0 0 0 0 0 0 0 0 0 0 0 0 0 0 0 0 0 0 0 0 0 0 0 0 0 0 0 0 0 0 0 0 0 0 0 0 0 0 0 0 0 0 0 0 0 0 0 0 0]
[4532539645859347140917651059577270079357899602760523126461891682433855078825315661540754953278127102801705314843070766610705880552033964042603731550460055558614487431944093246470574354424372029738364346588399311959345175210011356125864428755655967515809351468903286398842982887437995715968389131603314208201259605745392407617714344 0 0 0 0 0 0 0 0 0 0 0 0 0 0 0 0 0 0 0 0 0 0 0 0 0 0 0 0 0 0 0 0 0 0 0 0 1 0 0 0 0 0 0 0 0 0 0 0 0 0 0 0 0 0 0 0 0 0 0 0 0 0 0 0 0 0 0 0 0 0 0 0 0 0 0 0 0 0 0 0 0 0 0 0 0 0 0 0 0 0 0 0 0 0 0 0 0 0 0 0 0 0 0 0 0 0 0 0 0]
[2997125727024157657259556316996030572527743832467159800546262367501725203473800285656956740902202688007466681584811137883131351662602331877321196311504596943533316095523796456985797299429756030206956169785166955900928544122575683039317141548747236494206315094357053235787012421956885913634790456218766831367657123437000969434782062 0 0 0 0 0 0 0 0 0 0 0 0 0 0 0 0 0 0 0 0 0 0 0 0 0 0 0 0 0 0 0 0 0 0 0 0 0 1 0 0 0 0 0 0 0 0 0 0 0 0 0 0 0 0 0 0 0 0 0 0 0 0 0 0 0 0 0 0 0 0 0 0 0 0 0 0 0 0 0 0 0 0 0 0 0 0 0 0 0 0 0 0 0 0 0 0 0 0 0 0 0 0 0 0 0 0 0 0 0]
[4949835237333967400503594454218045889545968430720678862297911924265414358514835368096155886996499129642981915242774033690593312346001549285525761226200583394488187413475615986796861133716399614761229781137982669452459472169130937358226540292202807748508422726279936296976729058308495911190296717059985117766365619312512155542234378 0 0 0 0 0 0 0 0 0 0 0 0 0 0 0 0 0 0 0 0 0 0 0 0 0 0 0 0 0 0 0 0 0 0 0 0 0 0 1 0 0 0 0 0 0 0 0 0 0 0 0 0 0 0 0 0 0 0 0 0 0 0 0 0 0 0 0 0 0 0 0 0 0 0 0 0 0 0 0 0 0 0 0 0 0 0 0 0 0 0 0 0 0 0 0 0 0 0 0 0 0 0 0 0 0 0 0 0 0]
[7072079500449937546236106127882040515098620336969466160053867536419416701882650239695622193933798987509965311590963116700516065841278257494780292489324895548692279235532069026380363928671086103162252640745630917594659126941195970569793095390099809693977601703449839857956103433859175948671855024594468499706938985142284601486201582 0 0 0 0 0 0 0 0 0 0 0 0 0 0 0 0 0 0 0 0 0 0 0 0 0 0 0 0 0 0 0 0 0 0 0 0 0 0 0 1 0 0 0 0 0 0 0 0 0 0 0 0 0 0 0 0 0 0 0 0 0 0 0 0 0 0 0 0 0 0 0 0 0 0 0 0 0 0 0 0 0 0 0 0 0 0 0 0 0 0 0 0 0 0 0 0 0 0 0 0 0 0 0 0 0 0 0 0 0]
[1835718149681138644154984097801191823344169736104765694787933984862017939036484911480360241617175817035154155038866851322759427222536074235415293247897708507696576648921770356044736601741325724973813960839779061301161952296904117869725150825027774862395778797447543072928126889733856386118923276604257908842281061544632912929546564 0 0 0 0 0 0 0 0 0 0 0 0 0 0 0 0 0 0 0 0 0 0 0 0 0 0 0 0 0 0 0 0 0 0 0 0 0 0 0 0 1 0 0 0 0 0 0 0 0 0 0 0 0 0 0 0 0 0 0 0 0 0 0 0 0 0 0 0 0 0 0 0 0 0 0 0 0 0 0 0 0 0 0 0 0 0 0 0 0 0 0 0 0 0 0 0 0 0 0 0 0 0 0 0 0 0 0 0 0]
[3926089266978025388311528376317061503569908805341518103124914677167085584330594417824528982150110369231039662321865044823622936117141168185091888875556521727151343370228873425623776318252793211856024208361131460211528611383981492579125561759839456680698344898680910195001067460922530498540025118390890000816450680780430843700328447 0 0 0 0 0 0 0 0 0 0 0 0 0 0 0 0 0 0 0 0 0 0 0 0 0 0 0 0 0 0 0 0 0 0 0 0 0 0 0 0 0 1 0 0 0 0 0 0 0 0 0 0 0 0 0 0 0 0 0 0 0 0 0 0 0 0 0 0 0 0 0 0 0 0 0 0 0 0 0 0 0 0 0 0 0 0 0 0 0 0 0 0 0 0 0 0 0 0 0 0 0 0 0 0 0 0 0 0 0]
[3923408129735580326537941564743216397594600334376570438845169602624587181599989092517746933711738076073305620979293443180505352737752594139140575362974552991195989713060073741723016737749579817738396649335546157326841459348751353020991722482837966822802670021980025105303663998902757028087285544346790788634709012266658113324907364 0 0 0 0 0 0 0 0 0 0 0 0 0 0 0 0 0 0 0 0 0 0 0 0 0 0 0 0 0 0 0 0 0 0 0 0 0 0 0 0 0 0 1 0 0 0 0 0 0 0 0 0 0 0 0 0 0 0 0 0 0 0 0 0 0 0 0 0 0 0 0 0 0 0 0 0 0 0 0 0 0 0 0 0 0 0 0 0 0 0 0 0 0 0 0 0 0 0 0 0 0 0 0 0 0 0 0 0 0]
[1437884353114194713982172531091008204152531305480116413125584842895104068657457817857021726137454315273756440657915047293308310557990385926214288640873054604636749105627014151491969795852489836788511136782444691392469960305830264490864034719544445090404788069177606178204108166486141682048279838788196452839186026656373628109463856 0 0 0 0 0 0 0 0 0 0 0 0 0 0 0 0 0 0 0 0 0 0 0 0 0 0 0 0 0 0 0 0 0 0 0 0 0 0 0 0 0 0 0 1 0 0 0 0 0 0 0 0 0 0 0 0 0 0 0 0 0 0 0 0 0 0 0 0 0 0 0 0 0 0 0 0 0 0 0 0 0 0 0 0 0 0 0 0 0 0 0 0 0 0 0 0 0 0 0 0 0 0 0 0 0 0 0 0 0]
[6189534242233735968488977482244554749406340600328545839115861848353230663170587691709181298378395585425646141408764699954938199135352969915952252788247725145464324681215741585114924247073621734038352992235638770561609831511811277360941163472589835768839335645572818171430813380350268330762168531328717248311779889968320887285544411 0 0 0 0 0 0 0 0 0 0 0 0 0 0 0 0 0 0 0 0 0 0 0 0 0 0 0 0 0 0 0 0 0 0 0 0 0 0 0 0 0 0 0 0 1 0 0 0 0 0 0 0 0 0 0 0 0 0 0 0 0 0 0 0 0 0 0 0 0 0 0 0 0 0 0 0 0 0 0 0 0 0 0 0 0 0 0 0 0 0 0 0 0 0 0 0 0 0 0 0 0 0 0 0 0 0 0 0 0]
[2353212092262154104382815007976389325530096879152993681188841437829578304314746976247398619953245484692360056838684151718003443638402132048811648464311707940963570958546759681788050784851239610971187744388589113482024044634732544911048208322554776955369537293640658394109735270472457975690690200499366976339482770786326898560175291 0 0 0 0 0 0 0 0 0 0 0 0 0 0 0 0 0 0 0 0 0 0 0 0 0 0 0 0 0 0 0 0 0 0 0 0 0 0 0 0 0 0 0 0 0 1 0 0 0 0 0 0 0 0 0 0 0 0 0 0 0 0 0 0 0 0 0 0 0 0 0 0 0 0 0 0 0 0 0 0 0 0 0 0 0 0 0 0 0 0 0 0 0 0 0 0 0 0 0 0 0 0 0 0 0 0 0 0 0]
[2773382152400042017831950253666122897433952336364732154325474961050632544728800562510026283805851070055995782084542554054294181029470850251212121935042248259225992921433584415914358075403616215830931811074531782433935764297696549107297732365156350422086232615231624601158186006277260950120933302904400738926542875093816056875133391 0 0 0 0 0 0 0 0 0 0 0 0 0 0 0 0 0 0 0 0 0 0 0 0 0 0 0 0 0 0 0 0 0 0 0 0 0 0 0 0 0 0 0 0 0 0 1 0 0 0 0 0 0 0 0 0 0 0 0 0 0 0 0 0 0 0 0 0 0 0 0 0 0 0 0 0 0 0 0 0 0 0 0 0 0 0 0 0 0 0 0 0 0 0 0 0 0 0 0 0 0 0 0 0 0 0 0 0 0]
[6776852083814863421376520940224404433517402987469755988589008596181829680100137153003363689705902605113216047825842681433511147669271406670533571269086406103448641565183964195855076017602558212560716762401347357276334356356180604609499212727413063632494451939577670552182624758152367079930702118317783483693370621446088682523036920 0 0 0 0 0 0 0 0 0 0 0 0 0 0 0 0 0 0 0 0 0 0 0 0 0 0 0 0 0 0 0 0 0 0 0 0 0 0 0 0 0 0 0 0 0 0 0 1 0 0 0 0 0 0 0 0 0 0 0 0 0 0 0 0 0 0 0 0 0 0 0 0 0 0 0 0 0 0 0 0 0 0 0 0 0 0 0 0 0 0 0 0 0 0 0 0 0 0 0 0 0 0 0 0 0 0 0 0 0]
[2612691312573919360604402842589168465351858327130790402769080914002443910152085037664737083761134282740358412922669398425281425003042321076852584351709121286608763023762491951919656972249176409688262386925847951623392274834180187834947465426432383163833664581877727509064443321736619359612037220448317278692670389996503396081441597 0 0 0 0 0 0 0 0 0 0 0 0 0 0 0 0 0 0 0 0 0 0 0 0 0 0 0 0 0 0 0 0 0 0 0 0 0 0 0 0 0 0 0 0 0 0 0 0 1 0 0 0 0 0 0 0 0 0 0 0 0 0 0 0 0 0 0 0 0 0 0 0 0 0 0 0 0 0 0 0 0 0 0 0 0 0 0 0 0 0 0 0 0 0 0 0 0 0 0 0 0 0 0 0 0 0 0 0 0]
[1547375391383026764144816673905915980860769768078514587154309675281727460040882324671776536929813492924106332577373482763833095269568123430337115355896471073977470647559602388808372215106221393578396630901054355568839711636161497064062116708304968707282069254556224885501789449562636913229540207757615830397373804405328850383315602 0 0 0 0 0 0 0 0 0 0 0 0 0 0 0 0 0 0 0 0 0 0 0 0 0 0 0 0 0 0 0 0 0 0 0 0 0 0 0 0 0 0 0 0 0 0 0 0 0 1 0 0 0 0 0 0 0 0 0 0 0 0 0 0 0 0 0 0 0 0 0 0 0 0 0 0 0 0 0 0 0 0 0 0 0 0 0 0 0 0 0 0 0 0 0 0 0 0 0 0 0 0 0 0 0 0 0 0 0]
[593532371473164176938776640666242843946409477009465465255276878687210137628559227555428122063186763158579088840056386690846805724705010691935247350207469433144466934797495083923233323300008037805635546808104902437897415094459318386193812261309278695605929743664300466183976546205473314209700411449375925243320065745121436118427695 0 0 0 0 0 0 0 0 0 0 0 0 0 0 0 0 0 0 0 0 0 0 0 0 0 0 0 0 0 0 0 0 0 0 0 0 0 0 0 0 0 0 0 0 0 0 0 0 0 0 1 0 0 0 0 0 0 0 0 0 0 0 0 0 0 0 0 0 0 0 0 0 0 0 0 0 0 0 0 0 0 0 0 0 0 0 0 0 0 0 0 0 0 0 0 0 0 0 0 0 0 0 0 0 0 0 0 0 0]
[1473715285385426268267545308453673993876014708075380679725630328949091475661507988929465707680189882864634038249439127415787271590506983827067952280120611461119998430262849028999576717371596320176276972265308611292208320420180564768518293525984582625481098468994930091050784198193027612370842445714017915701659635760679764105515187 0 0 0 0 0 0 0 0 0 0 0 0 0 0 0 0 0 0 0 0 0 0 0 0 0 0 0 0 0 0 0 0 0 0 0 0 0 0 0 0 0 0 0 0 0 0 0 0 0 0 0 1 0 0 0 0 0 0 0 0 0 0 0 0 0 0 0 0 0 0 0 0 0 0 0 0 0 0 0 0 0 0 0 0 0 0 0 0 0 0 0 0 0 0 0 0 0 0 0 0 0 0 0 0 0 0 0 0 0]
[5936437947780211998040175425831383914156235800767640641243221846580999489151677761355390090925067795694119275194645451279767998693203610030611809912934733632029918293560367005723599870970337576432926851073247017602773332495057378919092354933237403328870708662522116443390467619823199665358493320916244573144893792262032421443175553 0 0 0 0 0 0 0 0 0 0 0 0 0 0 0 0 0 0 0 0 0 0 0 0 0 0 0 0 0 0 0 0 0 0 0 0 0 0 0 0 0 0 0 0 0 0 0 0 0 0 0 0 1 0 0 0 0 0 0 0 0 0 0 0 0 0 0 0 0 0 0 0 0 0 0 0 0 0 0 0 0 0 0 0 0 0 0 0 0 0 0 0 0 0 0 0 0 0 0 0 0 0 0 0 0 0 0 0 0]
[6723781086279218430036807404328059130898944175826058204973105155181546112334802337714514125578440192175031138371670175509480307813161328578751251028961628382384015077614782419081592885006203378895815332138846030035039023831436019999143801279056001400038138038309434186441970021661382415675915626331136590677356272792710932286607875 0 0 0 0 0 0 0 0 0 0 0 0 0 0 0 0 0 0 0 0 0 0 0 0 0 0 0 0 0 0 0 0 0 0 0 0 0 0 0 0 0 0 0 0 0 0 0 0 0 0 0 0 0 1 0 0 0 0 0 0 0 0 0 0 0 0 0 0 0 0 0 0 0 0 0 0 0 0 0 0 0 0 0 0 0 0 0 0 0 0 0 0 0 0 0 0 0 0 0 0 0 0 0 0 0 0 0 0 0]
[6773309491532792648062719040422224198583867168957221970958996949153893928090169133545046205477755355620771524215468507494652054253592656419899216308642680841863118074680894282250518283561891032673482916330623012604016863653482870014516958257112533813764665126586535815805773592658556392837286137908132507865348242658991969459358015 0 0 0 0 0 0 0 0 0 0 0 0 0 0 0 0 0 0 0 0 0 0 0 0 0 0 0 0 0 0 0 0 0 0 0 0 0 0 0 0 0 0 0 0 0 0 0 0 0 0 0 0 0 0 1 0 0 0 0 0 0 0 0 0 0 0 0 0 0 0 0 0 0 0 0 0 0 0 0 0 0 0 0 0 0 0 0 0 0 0 0 0 0 0 0 0 0 0 0 0 0 0 0 0 0 0 0 0 0]
[3631646291008248592366493228186648045402943374659610302803944275139058771681056896867537385840345653259068070740792779540671546778664282873149199689034441852833963034001768503617737345749370786660370794390446456977672384016922165205311865309346602700646197765203157936976641503656463504817053411591847963737110948632623576518927797 0 0 0 0 0 0 0 0 0 0 0 0 0 0 0 0 0 0 0 0 0 0 0 0 0 0 0 0 0 0 0 0 0 0 0 0 0 0 0 0 0 0 0 0 0 0 0 0 0 0 0 0 0 0 0 1 0 0 0 0 0 0 0 0 0 0 0 0 0 0 0 0 0 0 0 0 0 0 0 0 0 0 0 0 0 0 0 0 0 0 0 0 0 0 0 0 0 0 0 0 0 0 0 0 0 0 0 0 0]
[5406919232590976008709459469778575842793527388102453649076964374441640670014227467094016712668603249222942247356165953573477029084180643234904265294462242053226806863168464746492389285248888580247063064942195598785492877735729863083088669599236318093747703798565559143820977444037289681454534834651348677089166409685222725899131224 0 0 0 0 0 0 0 0 0 0 0 0 0 0 0 0 0 0 0 0 0 0 0 0 0 0 0 0 0 0 0 0 0 0 0 0 0 0 0 0 0 0 0 0 0 0 0 0 0 0 0 0 0 0 0 0 1 0 0 0 0 0 0 0 0 0 0 0 0 0 0 0 0 0 0 0 0 0 0 0 0 0 0 0 0 0 0 0 0 0 0 0 0 0 0 0 0 0 0 0 0 0 0 0 0 0 0 0 0]
[3486754669236518493322094025875718775118555551193467500710504962466617029997928972118936016282573533388786699666936451186963224375483822254610726131813601592144749691847955257070608183768872671558139917776762490195815811928364520449213278879925866023272608249135292497179622761382138473129789751616159062055657560930075690548374604 0 0 0 0 0 0 0 0 0 0 0 0 0 0 0 0 0 0 0 0 0 0 0 0 0 0 0 0 0 0 0 0 0 0 0 0 0 0 0 0 0 0 0 0 0 0 0 0 0 0 0 0 0 0 0 0 0 1 0 0 0 0 0 0 0 0 0 0 0 0 0 0 0 0 0 0 0 0 0 0 0 0 0 0 0 0 0 0 0 0 0 0 0 0 0 0 0 0 0 0 0 0 0 0 0 0 0 0 0]
[1743441486153233324436923745632830697468797327555493589422913572857185400769977768157084592655397328323078237970631812440612622212007099545644925445998181032667409403379007130040015943650791186655021132926831298749294316243150941397271640164326960725227091548049653872936737296247477372376360360101363971363958994856911056956736418 0 0 0 0 0 0 0 0 0 0 0 0 0 0 0 0 0 0 0 0 0 0 0 0 0 0 0 0 0 0 0 0 0 0 0 0 0 0 0 0 0 0 0 0 0 0 0 0 0 0 0 0 0 0 0 0 0 0 1 0 0 0 0 0 0 0 0 0 0 0 0 0 0 0 0 0 0 0 0 0 0 0 0 0 0 0 0 0 0 0 0 0 0 0 0 0 0 0 0 0 0 0 0 0 0 0 0 0 0]
[2303418818224472212375994428144861495255775295326952073736801203387863768278476954140107844347115782587467129563648147057241581933459875768270155978411979796306773047117511301004328797056469413236912541800602832026960894532395932229455580584965671960466097617439543999788449902316434818478133906153689822375635015227877418553368323 0 0 0 0 0 0 0 0 0 0 0 0 0 0 0 0 0 0 0 0 0 0 0 0 0 0 0 0 0 0 0 0 0 0 0 0 0 0 0 0 0 0 0 0 0 0 0 0 0 0 0 0 0 0 0 0 0 0 0 1 0 0 0 0 0 0 0 0 0 0 0 0 0 0 0 0 0 0 0 0 0 0 0 0 0 0 0 0 0 0 0 0 0 0 0 0 0 0 0 0 0 0 0 0 0 0 0 0 0]
[2825368233847198568864325987961629341977129260057024447250560229406902058766170384089886164491115888959918777981500320294259826258805668878257700005231502468086612231101883548116931455283068284874960368349594322667286275514086356402701880816324077285615896907563101205610246506245883081778292034493883208272693707696499171016778368 0 0 0 0 0 0 0 0 0 0 0 0 0 0 0 0 0 0 0 0 0 0 0 0 0 0 0 0 0 0 0 0 0 0 0 0 0 0 0 0 0 0 0 0 0 0 0 0 0 0 0 0 0 0 0 0 0 0 0 0 1 0 0 0 0 0 0 0 0 0 0 0 0 0 0 0 0 0 0 0 0 0 0 0 0 0 0 0 0 0 0 0 0 0 0 0 0 0 0 0 0 0 0 0 0 0 0 0 0]
[4053032200104672792582882935840001080952132687242467705550638922521132363091046156305676940294811405168812230045596223291326649459799619226194744740436468796137657568317610724463005002758114761164886765041780318929219355873755327629880943810994740585247041896440193035676820982557996977894812278343739490967818506966022334461849549 0 0 0 0 0 0 0 0 0 0 0 0 0 0 0 0 0 0 0 0 0 0 0 0 0 0 0 0 0 0 0 0 0 0 0 0 0 0 0 0 0 0 0 0 0 0 0 0 0 0 0 0 0 0 0 0 0 0 0 0 0 1 0 0 0 0 0 0 0 0 0 0 0 0 0 0 0 0 0 0 0 0 0 0 0 0 0 0 0 0 0 0 0 0 0 0 0 0 0 0 0 0 0 0 0 0 0 0 0]
[2835100497738393820282182921699548726130311552920664119250087393815186660190258809547756571927047873731268464641114280708307419837398595208334092928838500170476189243560945152676972825516490159220062507902834860881585839829614419228765878580241379651860318458877489947690247822644027629613793937209209292458776699040588202376326890 0 0 0 0 0 0 0 0 0 0 0 0 0 0 0 0 0 0 0 0 0 0 0 0 0 0 0 0 0 0 0 0 0 0 0 0 0 0 0 0 0 0 0 0 0 0 0 0 0 0 0 0 0 0 0 0 0 0 0 0 0 0 1 0 0 0 0 0 0 0 0 0 0 0 0 0 0 0 0 0 0 0 0 0 0 0 0 0 0 0 0 0 0 0 0 0 0 0 0 0 0 0 0 0 0 0 0 0 0]
[716765866681892372134072499181863777646724911712391241216843425159448718751590932023023505660676763581406561519160847559911218037703416931181620094770625750058582079672722815017286708930749236649049830196080133529511468557796875258318286278197672810489778505257883922808653552153474109621289066245802858383796792504804947353731026 0 0 0 0 0 0 0 0 0 0 0 0 0 0 0 0 0 0 0 0 0 0 0 0 0 0 0 0 0 0 0 0 0 0 0 0 0 0 0 0 0 0 0 0 0 0 0 0 0 0 0 0 0 0 0 0 0 0 0 0 0 0 0 1 0 0 0 0 0 0 0 0 0 0 0 0 0 0 0 0 0 0 0 0 0 0 0 0 0 0 0 0 0 0 0 0 0 0 0 0 0 0 0 0 0 0 0 0 0]
[3850219085731101435610730752534112432577217972815490440687474876200569091133982945952733796341626923661756208782067452290025284318986673172901756721184332528108848400757036762930733684300253393280032028770572240327829608624965365472110860447701287752449727597830458791405118528190673311902614024818667889686703366041525244066919075 0 0 0 0 0 0 0 0 0 0 0 0 0 0 0 0 0 0 0 0 0 0 0 0 0 0 0 0 0 0 0 0 0 0 0 0 0 0 0 0 0 0 0 0 0 0 0 0 0 0 0 0 0 0 0 0 0 0 0 0 0 0 0 0 1 0 0 0 0 0 0 0 0 0 0 0 0 0 0 0 0 0 0 0 0 0 0 0 0 0 0 0 0 0 0 0 0 0 0 0 0 0 0 0 0 0 0 0 0]
[3661278176743623801666139502570762962960909369986127064162164043546421054905457945292565681002323045518436360441386827376364017750840981518556521262603857088211482076995789264212261987097022236672930993503507454499228791677927071147716937709349709006441351796205883625800352808902484120161665567923792256907666691534922905612531045 0 0 0 0 0 0 0 0 0 0 0 0 0 0 0 0 0 0 0 0 0 0 0 0 0 0 0 0 0 0 0 0 0 0 0 0 0 0 0 0 0 0 0 0 0 0 0 0 0 0 0 0 0 0 0 0 0 0 0 0 0 0 0 0 0 1 0 0 0 0 0 0 0 0 0 0 0 0 0 0 0 0 0 0 0 0 0 0 0 0 0 0 0 0 0 0 0 0 0 0 0 0 0 0 0 0 0 0 0]
[4891013763660247710896629744801192550946423376540468994810315864851671540018603375339873022104379536110877177054706395144503336570210159632890675821923750611681636163824361383695879492136191545844854045091652487099400195379987548522301224180923957877795199890649471203585670629939456361095714554444381706417025023603724696406702392 0 0 0 0 0 0 0 0 0 0 0 0 0 0 0 0 0 0 0 0 0 0 0 0 0 0 0 0 0 0 0 0 0 0 0 0 0 0 0 0 0 0 0 0 0 0 0 0 0 0 0 0 0 0 0 0 0 0 0 0 0 0 0 0 0 0 1 0 0 0 0 0 0 0 0 0 0 0 0 0 0 0 0 0 0 0 0 0 0 0 0 0 0 0 0 0 0 0 0 0 0 0 0 0 0 0 0 0 0]
[6346156480950085916357412206937780372864054188276338317676737274893024265707990071957313762804789707889250347097239965601625512926533777755846209792683026764632783643455798455006649961381028053182425607413457142702590799080699495757676379917153630550358326228427848424121632878541199498634401631994479295683619967156617763995766030 0 0 0 0 0 0 0 0 0 0 0 0 0 0 0 0 0 0 0 0 0 0 0 0 0 0 0 0 0 0 0 0 0 0 0 0 0 0 0 0 0 0 0 0 0 0 0 0 0 0 0 0 0 0 0 0 0 0 0 0 0 0 0 0 0 0 0 1 0 0 0 0 0 0 0 0 0 0 0 0 0 0 0 0 0 0 0 0 0 0 0 0 0 0 0 0 0 0 0 0 0 0 0 0 0 0 0 0 0]
[691723104341195607738498230484136228355768244647009328781237021014696344937383252026034528733270768851510434044505876671130546943561158708301567666351615816421245256324352031497735657285261595752977750117241456787327001292880322616060985153194640911048861884079392120858910252896226533519297934339970558218005762366253215286257426 0 0 0 0 0 0 0 0 0 0 0 0 0 0 0 0 0 0 0 0 0 0 0 0 0 0 0 0 0 0 0 0 0 0 0 0 0 0 0 0 0 0 0 0 0 0 0 0 0 0 0 0 0 0 0 0 0 0 0 0 0 0 0 0 0 0 0 0 1 0 0 0 0 0 0 0 0 0 0 0 0 0 0 0 0 0 0 0 0 0 0 0 0 0 0 0 0 0 0 0 0 0 0 0 0 0 0 0 0]
[5022296112236860963928810484172392131264355186881180943998902779234487294554839898782045842721701087145532487424984352393258590306975180463604071913572834587111945780411616665041587981429610966985972292926570594478091987579308926150452476186478460012268963726971906769484123358771824170476417438276247264302823009273715695932110390 0 0 0 0 0 0 0 0 0 0 0 0 0 0 0 0 0 0 0 0 0 0 0 0 0 0 0 0 0 0 0 0 0 0 0 0 0 0 0 0 0 0 0 0 0 0 0 0 0 0 0 0 0 0 0 0 0 0 0 0 0 0 0 0 0 0 0 0 0 1 0 0 0 0 0 0 0 0 0 0 0 0 0 0 0 0 0 0 0 0 0 0 0 0 0 0 0 0 0 0 0 0 0 0 0 0 0 0 0]
[5914476471885245373223444051191923664182152474901062676806105991636018847393887862339262262071429212229275314355920749538523799828247392607634919712132951909080104800183821509212911487318419637362292906110545298454537285668624755969291562394071995527426935555854367647848051138537157021867182905174506853235413947387898519759052776 0 0 0 0 0 0 0 0 0 0 0 0 0 0 0 0 0 0 0 0 0 0 0 0 0 0 0 0 0 0 0 0 0 0 0 0 0 0 0 0 0 0 0 0 0 0 0 0 0 0 0 0 0 0 0 0 0 0 0 0 0 0 0 0 0 0 0 0 0 0 1 0 0 0 0 0 0 0 0 0 0 0 0 0 0 0 0 0 0 0 0 0 0 0 0 0 0 0 0 0 0 0 0 0 0 0 0 0 0]
[1205839691337631030620183495855287084529700502632515787570834472225976137210591748190734771887725833490036415295983735492398761654646707464100734581853076778282669319020426808257199213039653236856335720663378949244430581532474690795990870550955101276475897141891497834537675721877270947944806335886881337491495921392770838758817623 0 0 0 0 0 0 0 0 0 0 0 0 0 0 0 0 0 0 0 0 0 0 0 0 0 0 0 0 0 0 0 0 0 0 0 0 0 0 0 0 0 0 0 0 0 0 0 0 0 0 0 0 0 0 0 0 0 0 0 0 0 0 0 0 0 0 0 0 0 0 0 1 0 0 0 0 0 0 0 0 0 0 0 0 0 0 0 0 0 0 0 0 0 0 0 0 0 0 0 0 0 0 0 0 0 0 0 0 0]
[3319802480053894516172040059931898836913971914516376557311251472520865603219963281345165846447436370713204646664131475662540572075160681719289991418232684190887734580036963301166730364621673685335514847488214254834941962774249066884648611515346872036536822020619360504879426391866960364532903741154956428721126548483745573670473343 0 0 0 0 0 0 0 0 0 0 0 0 0 0 0 0 0 0 0 0 0 0 0 0 0 0 0 0 0 0 0 0 0 0 0 0 0 0 0 0 0 0 0 0 0 0 0 0 0 0 0 0 0 0 0 0 0 0 0 0 0 0 0 0 0 0 0 0 0 0 0 0 1 0 0 0 0 0 0 0 0 0 0 0 0 0 0 0 0 0 0 0 0 0 0 0 0 0 0 0 0 0 0 0 0 0 0 0 0]
[3012680208799901139054777669515127534938059982681646209960258603945759622398566591018846034390721672317487667885231341193203635255860780371579778114705661551646049083727893487380700545340198180118683461367398611407582490949089356325319669096254977009909076970854439160447047868415915561872198231750321645041051744145626074780105105 0 0 0 0 0 0 0 0 0 0 0 0 0 0 0 0 0 0 0 0 0 0 0 0 0 0 0 0 0 0 0 0 0 0 0 0 0 0 0 0 0 0 0 0 0 0 0 0 0 0 0 0 0 0 0 0 0 0 0 0 0 0 0 0 0 0 0 0 0 0 0 0 0 1 0 0 0 0 0 0 0 0 0 0 0 0 0 0 0 0 0 0 0 0 0 0 0 0 0 0 0 0 0 0 0 0 0 0 0]
[5675290119358803728998094451535015581825275640760272470437035943945934548100249116946451317192954542014274278744536746766354633492544661501758851263996915504877793475899248929460119767671727398976236765773526097454026699587036290603399734111535267094649268725327624147201996252450782216040123076966673864911651407713134008351003006 0 0 0 0 0 0 0 0 0 0 0 0 0 0 0 0 0 0 0 0 0 0 0 0 0 0 0 0 0 0 0 0 0 0 0 0 0 0 0 0 0 0 0 0 0 0 0 0 0 0 0 0 0 0 0 0 0 0 0 0 0 0 0 0 0 0 0 0 0 0 0 0 0 0 1 0 0 0 0 0 0 0 0 0 0 0 0 0 0 0 0 0 0 0 0 0 0 0 0 0 0 0 0 0 0 0 0 0 0]
[3681675061660190615715755450210315975686125899620519786254738767178150092584222747547558072255215624237110303278997451250435912753942345351184433493091630045115936165065808410257806278742765796020457828299336088007646524006542564239666966707274553929872676814273023765181652964659446563040053824841422884250494761716141217271511323 0 0 0 0 0 0 0 0 0 0 0 0 0 0 0 0 0 0 0 0 0 0 0 0 0 0 0 0 0 0 0 0 0 0 0 0 0 0 0 0 0 0 0 0 0 0 0 0 0 0 0 0 0 0 0 0 0 0 0 0 0 0 0 0 0 0 0 0 0 0 0 0 0 0 0 1 0 0 0 0 0 0 0 0 0 0 0 0 0 0 0 0 0 0 0 0 0 0 0 0 0 0 0 0 0 0 0 0 0]
[5643002836580054505295269634969190781611556275900848329154834001829918144785171823320795692338252951691181611480977943918619675882846129978433869246172270385800974487925560570762941155059439938341339523793290672743109015203516093058354478724281225067116640913228584168319503795948110902763389339204717017364951159988208481388344252 0 0 0 0 0 0 0 0 0 0 0 0 0 0 0 0 0 0 0 0 0 0 0 0 0 0 0 0 0 0 0 0 0 0 0 0 0 0 0 0 0 0 0 0 0 0 0 0 0 0 0 0 0 0 0 0 0 0 0 0 0 0 0 0 0 0 0 0 0 0 0 0 0 0 0 0 1 0 0 0 0 0 0 0 0 0 0 0 0 0 0 0 0 0 0 0 0 0 0 0 0 0 0 0 0 0 0 0 0]
[4814917724580103871836526817227193789218568963711632429513040284915814027084619316092695196446100650239189130330591033001511619476525520135472447592855171407545905657010989852703877784372126289999830572512912629468868915869474597799963316596075156015249133319746989214236449527592129511390031557248554201005565362585795387496726113 0 0 0 0 0 0 0 0 0 0 0 0 0 0 0 0 0 0 0 0 0 0 0 0 0 0 0 0 0 0 0 0 0 0 0 0 0 0 0 0 0 0 0 0 0 0 0 0 0 0 0 0 0 0 0 0 0 0 0 0 0 0 0 0 0 0 0 0 0 0 0 0 0 0 0 0 0 1 0 0 0 0 0 0 0 0 0 0 0 0 0 0 0 0 0 0 0 0 0 0 0 0 0 0 0 0 0 0 0]
[2796688860115641796873795415381406787294575584730005444775516153521808839649485336846485440522110723451190725280303621568276152928367771643235523920483020890735251928754895925196558452478457534405998961012110682182529986219921164852476659728528910840304856256639264440883304790994936458088925273647135787622246028834105903483019586 0 0 0 0 0 0 0 0 0 0 0 0 0 0 0 0 0 0 0 0 0 0 0 0 0 0 0 0 0 0 0 0 0 0 0 0 0 0 0 0 0 0 0 0 0 0 0 0 0 0 0 0 0 0 0 0 0 0 0 0 0 0 0 0 0 0 0 0 0 0 0 0 0 0 0 0 0 0 1 0 0 0 0 0 0 0 0 0 0 0 0 0 0 0 0 0 0 0 0 0 0 0 0 0 0 0 0 0 0]
[1238739746814018974045347001450649158360472164432149647981289156638156939748367744242712886117392184363204932885545307204188092271308378567983394174224540464089919916394541498463069588030422149928095515302433356405345920843330762319789708056299836835624422625725532112079094890780308347197365777078899506908647017072121554043907521 0 0 0 0 0 0 0 0 0 0 0 0 0 0 0 0 0 0 0 0 0 0 0 0 0 0 0 0 0 0 0 0 0 0 0 0 0 0 0 0 0 0 0 0 0 0 0 0 0 0 0 0 0 0 0 0 0 0 0 0 0 0 0 0 0 0 0 0 0 0 0 0 0 0 0 0 0 0 0 1 0 0 0 0 0 0 0 0 0 0 0 0 0 0 0 0 0 0 0 0 0 0 0 0 0 0 0 0 0]
[5707829759466833390874661736977438254671446206810754369636529891949430607207464166559763086109674863853044669201768722741926111705959484761914825610866870060609122954010883699258903637324511763168376676866754862965342649634143117751050014620427419265161047005962348327117506752676816475644423418553786311454773443417011162279923994 0 0 0 0 0 0 0 0 0 0 0 0 0 0 0 0 0 0 0 0 0 0 0 0 0 0 0 0 0 0 0 0 0 0 0 0 0 0 0 0 0 0 0 0 0 0 0 0 0 0 0 0 0 0 0 0 0 0 0 0 0 0 0 0 0 0 0 0 0 0 0 0 0 0 0 0 0 0 0 0 1 0 0 0 0 0 0 0 0 0 0 0 0 0 0 0 0 0 0 0 0 0 0 0 0 0 0 0 0]
[2436454447150205949569809218755895696651653493019770352456675063006395518145991073220164375308964518525561101240203177004690100713669417857933995212223580511324837793374612433770952243822530958390712931066078767068224055238327955589420403744222011585150684682820024291391327178342725654399728992248551559479931285626006654817570990 0 0 0 0 0 0 0 0 0 0 0 0 0 0 0 0 0 0 0 0 0 0 0 0 0 0 0 0 0 0 0 0 0 0 0 0 0 0 0 0 0 0 0 0 0 0 0 0 0 0 0 0 0 0 0 0 0 0 0 0 0 0 0 0 0 0 0 0 0 0 0 0 0 0 0 0 0 0 0 0 0 1 0 0 0 0 0 0 0 0 0 0 0 0 0 0 0 0 0 0 0 0 0 0 0 0 0 0 0]
[4227383896235172582250025659170279712482306147948717499920012503827808808740666028190488493219578511710977451985576533128546132531746847000029740147086076917812330294405609299617119047369848781057315505409387224569990244398646090859108803334013804961500304359221593590898618246169961494946387929532350964559198962894179355242756895 0 0 0 0 0 0 0 0 0 0 0 0 0 0 0 0 0 0 0 0 0 0 0 0 0 0 0 0 0 0 0 0 0 0 0 0 0 0 0 0 0 0 0 0 0 0 0 0 0 0 0 0 0 0 0 0 0 0 0 0 0 0 0 0 0 0 0 0 0 0 0 0 0 0 0 0 0 0 0 0 0 0 1 0 0 0 0 0 0 0 0 0 0 0 0 0 0 0 0 0 0 0 0 0 0 0 0 0 0]
[4723292075832433931099969750317759036839051196291449777352287379346263071236403097868798794203815015061878553961493088733457790389590064015020862827337913385006433662512197543204568489625463356491480680460870905956795381356612466240231840981265937434341088221036372137650627868425251101078330207773689375063255586639175687529394938 0 0 0 0 0 0 0 0 0 0 0 0 0 0 0 0 0 0 0 0 0 0 0 0 0 0 0 0 0 0 0 0 0 0 0 0 0 0 0 0 0 0 0 0 0 0 0 0 0 0 0 0 0 0 0 0 0 0 0 0 0 0 0 0 0 0 0 0 0 0 0 0 0 0 0 0 0 0 0 0 0 0 0 1 0 0 0 0 0 0 0 0 0 0 0 0 0 0 0 0 0 0 0 0 0 0 0 0 0]
[551818619287578925084132104712358871975054917449450726693555643006449671548073068922468472125032285899751111666224955511624045411167792745869160167073083412927619951470572758867219015446543062947603841779447793648805842981450740598036786505141857835256655090966883706913117819053777769906067551545460805287924330770992153314780938 0 0 0 0 0 0 0 0 0 0 0 0 0 0 0 0 0 0 0 0 0 0 0 0 0 0 0 0 0 0 0 0 0 0 0 0 0 0 0 0 0 0 0 0 0 0 0 0 0 0 0 0 0 0 0 0 0 0 0 0 0 0 0 0 0 0 0 0 0 0 0 0 0 0 0 0 0 0 0 0 0 0 0 0 1 0 0 0 0 0 0 0 0 0 0 0 0 0 0 0 0 0 0 0 0 0 0 0 0]
[1836181254111710204273142526800285246944034462998925727733941057681672655485222128980633724129097614617929030461124540060890009581350510290247435883105647011205260497599409278494280218205271827625641212530223662613679723106580642661654499802127697905123238394187249260234072030210011452893515138088103699152364233129807323514453582 0 0 0 0 0 0 0 0 0 0 0 0 0 0 0 0 0 0 0 0 0 0 0 0 0 0 0 0 0 0 0 0 0 0 0 0 0 0 0 0 0 0 0 0 0 0 0 0 0 0 0 0 0 0 0 0 0 0 0 0 0 0 0 0 0 0 0 0 0 0 0 0 0 0 0 0 0 0 0 0 0 0 0 0 0 1 0 0 0 0 0 0 0 0 0 0 0 0 0 0 0 0 0 0 0 0 0 0 0]
[1068811411349432268676984402460174439694239803261405696086264605408293805191056577150816803733033038950156326702799883180042029613393714864428578117707279536938778312880821912717698323805324771693588429400224374216583783479395396304999063989688839636274551178331938182406318130455103988593904899169705762370214244196822642374952138 0 0 0 0 0 0 0 0 0 0 0 0 0 0 0 0 0 0 0 0 0 0 0 0 0 0 0 0 0 0 0 0 0 0 0 0 0 0 0 0 0 0 0 0 0 0 0 0 0 0 0 0 0 0 0 0 0 0 0 0 0 0 0 0 0 0 0 0 0 0 0 0 0 0 0 0 0 0 0 0 0 0 0 0 0 0 1 0 0 0 0 0 0 0 0 0 0 0 0 0 0 0 0 0 0 0 0 0 0]
[3472497070779255231267491982219828166741823923976540524322371948238025016293463160353963968111915171698914582326515188229437391732186987892527680223018300024546455155681732152914130266220148916789320865950591215259355176337955283361245740054783373325405764524138518307772894955345524664232189980044747768927695475506107647503688873 0 0 0 0 0 0 0 0 0 0 0 0 0 0 0 0 0 0 0 0 0 0 0 0 0 0 0 0 0 0 0 0 0 0 0 0 0 0 0 0 0 0 0 0 0 0 0 0 0 0 0 0 0 0 0 0 0 0 0 0 0 0 0 0 0 0 0 0 0 0 0 0 0 0 0 0 0 0 0 0 0 0 0 0 0 0 0 1 0 0 0 0 0 0 0 0 0 0 0 0 0 0 0 0 0 0 0 0 0]
[4421961734471279021986771444852345268025356927693129345481935142613854001231228861540711634050873758165756692554331728550502028631750271988493551951961421093002853238170934366710614854415611783881894176995552736545675646052618638203237856772957990828444190772151257647669751077142752463550534182419882490663750887104150189586092879 0 0 0 0 0 0 0 0 0 0 0 0 0 0 0 0 0 0 0 0 0 0 0 0 0 0 0 0 0 0 0 0 0 0 0 0 0 0 0 0 0 0 0 0 0 0 0 0 0 0 0 0 0 0 0 0 0 0 0 0 0 0 0 0 0 0 0 0 0 0 0 0 0 0 0 0 0 0 0 0 0 0 0 0 0 0 0 0 1 0 0 0 0 0 0 0 0 0 0 0 0 0 0 0 0 0 0 0 0]
[3352781498116246641106057744711899745763496234208721585296598447728176210910762585085000552619766376601302870547699488993585219019644784382390759271476065693910191538120943744923017781713534079437723711104287824475497097025910422236139357537325012612799127301933218935450819277215215968436809687868501008525139762346442780562545705 0 0 0 0 0 0 0 0 0 0 0 0 0 0 0 0 0 0 0 0 0 0 0 0 0 0 0 0 0 0 0 0 0 0 0 0 0 0 0 0 0 0 0 0 0 0 0 0 0 0 0 0 0 0 0 0 0 0 0 0 0 0 0 0 0 0 0 0 0 0 0 0 0 0 0 0 0 0 0 0 0 0 0 0 0 0 0 0 0 1 0 0 0 0 0 0 0 0 0 0 0 0 0 0 0 0 0 0 0]
[904460721126504871074977780440436456910115366314986016920144675257401081378376232122596882113739544797681221557999961005107758157247507575785479775258383621970530564551018221653959953321692326084798118083315131044183336398542513506916348823993572606179143716479273487148544395190505278354504080434067336828320110273514909462985565 0 0 0 0 0 0 0 0 0 0 0 0 0 0 0 0 0 0 0 0 0 0 0 0 0 0 0 0 0 0 0 0 0 0 0 0 0 0 0 0 0 0 0 0 0 0 0 0 0 0 0 0 0 0 0 0 0 0 0 0 0 0 0 0 0 0 0 0 0 0 0 0 0 0 0 0 0 0 0 0 0 0 0 0 0 0 0 0 0 0 1 0 0 0 0 0 0 0 0 0 0 0 0 0 0 0 0 0 0]
[5474148873058304904912179588643222349902341368299005820911825461510162815364024373899983315385939903757745482173454542535121962160728006548372921949929857602857324109137529571509581806020899209337232354693571221383520603749366375816807046413009100043447037833985389829777589211806596222997376601034515814284895217939506716264567086 0 0 0 0 0 0 0 0 0 0 0 0 0 0 0 0 0 0 0 0 0 0 0 0 0 0 0 0 0 0 0 0 0 0 0 0 0 0 0 0 0 0 0 0 0 0 0 0 0 0 0 0 0 0 0 0 0 0 0 0 0 0 0 0 0 0 0 0 0 0 0 0 0 0 0 0 0 0 0 0 0 0 0 0 0 0 0 0 0 0 0 1 0 0 0 0 0 0 0 0 0 0 0 0 0 0 0 0 0]
[4697160947678878566550767319977357783468588483390750145240206726538731993653197585995072635747902457362386867338223634697679711543803804120735573564437785425232481641905102310257875655582298623311759836512416223962673836277160816330580385630067549210896257843360786921488078869025078228803887431412035468226269819444995119955334063 0 0 0 0 0 0 0 0 0 0 0 0 0 0 0 0 0 0 0 0 0 0 0 0 0 0 0 0 0 0 0 0 0 0 0 0 0 0 0 0 0 0 0 0 0 0 0 0 0 0 0 0 0 0 0 0 0 0 0 0 0 0 0 0 0 0 0 0 0 0 0 0 0 0 0 0 0 0 0 0 0 0 0 0 0 0 0 0 0 0 0 0 1 0 0 0 0 0 0 0 0 0 0 0 0 0 0 0 0]
[912846513400703079724939509323393362981945875452202521226667160636855945515034200132609988681213925353143805041878760741486228918752224496792348321503370653464442301797984787438405181003543972774068265109620200403598556189607816269583279246167564407314586890455131110929940942541767203433260395690358008918107068454821432604591412 0 0 0 0 0 0 0 0 0 0 0 0 0 0 0 0 0 0 0 0 0 0 0 0 0 0 0 0 0 0 0 0 0 0 0 0 0 0 0 0 0 0 0 0 0 0 0 0 0 0 0 0 0 0 0 0 0 0 0 0 0 0 0 0 0 0 0 0 0 0 0 0 0 0 0 0 0 0 0 0 0 0 0 0 0 0 0 0 0 0 0 0 0 1 0 0 0 0 0 0 0 0 0 0 0 0 0 0 0]
[3243430365510548369885449816892572537732992346354493198427183112172680052544988876024800479157409242806972073487825835712780178783117668085537206785725608844151373596475412137292496793642952754150018353660755827893628555727514168025124322695670293818478251701637091536207869228391088982468791801041824850775150945947710878271701546 0 0 0 0 0 0 0 0 0 0 0 0 0 0 0 0 0 0 0 0 0 0 0 0 0 0 0 0 0 0 0 0 0 0 0 0 0 0 0 0 0 0 0 0 0 0 0 0 0 0 0 0 0 0 0 0 0 0 0 0 0 0 0 0 0 0 0 0 0 0 0 0 0 0 0 0 0 0 0 0 0 0 0 0 0 0 0 0 0 0 0 0 0 0 1 0 0 0 0 0 0 0 0 0 0 0 0 0 0]
[7320999183736542341517610943945740409026169024884607657989095831707836195198028839432810157876370361108400843108012988472923611648982051253076325007100519795000649089521641968162150150733993245226797121283796502923133705095692234042582745487526397832548469377989003528035041341641329393787724835406264635967630798942259648141958113 0 0 0 0 0 0 0 0 0 0 0 0 0 0 0 0 0 0 0 0 0 0 0 0 0 0 0 0 0 0 0 0 0 0 0 0 0 0 0 0 0 0 0 0 0 0 0 0 0 0 0 0 0 0 0 0 0 0 0 0 0 0 0 0 0 0 0 0 0 0 0 0 0 0 0 0 0 0 0 0 0 0 0 0 0 0 0 0 0 0 0 0 0 0 0 1 0 0 0 0 0 0 0 0 0 0 0 0 0]
[4804803983052951666399217718189256498854752778454209751207462580751386166228145418792572462390907763321579883456744047229219581570901064319252540127236794968169772956367154054715554994555776119657576223484352051031697373845888024262866576195819210742125792713411393573708613593067342514757847189174843630229521707509156760357934534 0 0 0 0 0 0 0 0 0 0 0 0 0 0 0 0 0 0 0 0 0 0 0 0 0 0 0 0 0 0 0 0 0 0 0 0 0 0 0 0 0 0 0 0 0 0 0 0 0 0 0 0 0 0 0 0 0 0 0 0 0 0 0 0 0 0 0 0 0 0 0 0 0 0 0 0 0 0 0 0 0 0 0 0 0 0 0 0 0 0 0 0 0 0 0 0 1 0 0 0 0 0 0 0 0 0 0 0 0]
[6009939536942042924345502074143845655623410190737789016769701344027368667845454538726979065289336643503454469744673852920712327402274468808232892432936806160483359604003947265008278524174745858686224320362349308673824506874351351905011306885767142607024528173355562418649765176565299442546527726156630714728709299206286133848409618 0 0 0 0 0 0 0 0 0 0 0 0 0 0 0 0 0 0 0 0 0 0 0 0 0 0 0 0 0 0 0 0 0 0 0 0 0 0 0 0 0 0 0 0 0 0 0 0 0 0 0 0 0 0 0 0 0 0 0 0 0 0 0 0 0 0 0 0 0 0 0 0 0 0 0 0 0 0 0 0 0 0 0 0 0 0 0 0 0 0 0 0 0 0 0 0 0 1 0 0 0 0 0 0 0 0 0 0 0]
[5632176051921445652623958230776678736753823657193678121294365347763278804780111448411278076028517025589450381518724786748928602305568476279040851168267368345249799800228225707537129761290120211253828096928416502075907193896225208969357834295413284577976270255687321456213632689456341776586840768980406977259701941087377076410894121 0 0 0 0 0 0 0 0 0 0 0 0 0 0 0 0 0 0 0 0 0 0 0 0 0 0 0 0 0 0 0 0 0 0 0 0 0 0 0 0 0 0 0 0 0 0 0 0 0 0 0 0 0 0 0 0 0 0 0 0 0 0 0 0 0 0 0 0 0 0 0 0 0 0 0 0 0 0 0 0 0 0 0 0 0 0 0 0 0 0 0 0 0 0 0 0 0 0 1 0 0 0 0 0 0 0 0 0 0]
[432123295556538238498225184234150788157607280386338557056231041869224789296548919427399942914900869027146288984857706615360380100771519443482407344516625417281071055139458166270770352451041310301217751341713210660801375001906256407251700242858030953576146471155471017899612847301350025844719051926328288777502951888820001847964892 0 0 0 0 0 0 0 0 0 0 0 0 0 0 0 0 0 0 0 0 0 0 0 0 0 0 0 0 0 0 0 0 0 0 0 0 0 0 0 0 0 0 0 0 0 0 0 0 0 0 0 0 0 0 0 0 0 0 0 0 0 0 0 0 0 0 0 0 0 0 0 0 0 0 0 0 0 0 0 0 0 0 0 0 0 0 0 0 0 0 0 0 0 0 0 0 0 0 0 1 0 0 0 0 0 0 0 0 0]
[6297042958635284298951716848344612837359808952107630008362140521331504874783558784212335537056177693090886315292871066626407271264006332273148328619868898858326979091474381563476800684441064979127783428949137394124185963272709363420404073353656077542742522444072449965339760356925524254279247060332568556734714329465363794818388510 0 0 0 0 0 0 0 0 0 0 0 0 0 0 0 0 0 0 0 0 0 0 0 0 0 0 0 0 0 0 0 0 0 0 0 0 0 0 0 0 0 0 0 0 0 0 0 0 0 0 0 0 0 0 0 0 0 0 0 0 0 0 0 0 0 0 0 0 0 0 0 0 0 0 0 0 0 0 0 0 0 0 0 0 0 0 0 0 0 0 0 0 0 0 0 0 0 0 0 0 1 0 0 0 0 0 0 0 0]
[987432336474309742201345297609628828965838733191696972576460864478021451710385971895995539160918530175787304627294792777874774607894729179220169939423394622537818346716067026819603549013062514547124256657798944403761875412975562174316829231782096612805830174374501651934999067737790729456771959736271627250799480282798743666743651 0 0 0 0 0 0 0 0 0 0 0 0 0 0 0 0 0 0 0 0 0 0 0 0 0 0 0 0 0 0 0 0 0 0 0 0 0 0 0 0 0 0 0 0 0 0 0 0 0 0 0 0 0 0 0 0 0 0 0 0 0 0 0 0 0 0 0 0 0 0 0 0 0 0 0 0 0 0 0 0 0 0 0 0 0 0 0 0 0 0 0 0 0 0 0 0 0 0 0 0 0 1 0 0 0 0 0 0 0]
[6330865368785709274071641474374852486392865244155092089412627127179126504590559668820245222063211181836635990554178690434898691941692885867694066084773558265529914522832757488816067228219160827785700624135132015543243294978332250906980115135515238439349588361054740874644060046856322676878549769237196654365434252467200837816732712 0 0 0 0 0 0 0 0 0 0 0 0 0 0 0 0 0 0 0 0 0 0 0 0 0 0 0 0 0 0 0 0 0 0 0 0 0 0 0 0 0 0 0 0 0 0 0 0 0 0 0 0 0 0 0 0 0 0 0 0 0 0 0 0 0 0 0 0 0 0 0 0 0 0 0 0 0 0 0 0 0 0 0 0 0 0 0 0 0 0 0 0 0 0 0 0 0 0 0 0 0 0 1 0 0 0 0 0 0]
[5289460553154384975264057562004040659926760352396897932666652518031820777441622746692159665904933599802748743533637144189356416714376781634837894035277745123904811324588936347190000772531424664586018597071040914334662954958886947834853269444739597018768830566238098595697334145123375019644213158317277167469563394835825714931084388 0 0 0 0 0 0 0 0 0 0 0 0 0 0 0 0 0 0 0 0 0 0 0 0 0 0 0 0 0 0 0 0 0 0 0 0 0 0 0 0 0 0 0 0 0 0 0 0 0 0 0 0 0 0 0 0 0 0 0 0 0 0 0 0 0 0 0 0 0 0 0 0 0 0 0 0 0 0 0 0 0 0 0 0 0 0 0 0 0 0 0 0 0 0 0 0 0 0 0 0 0 0 0 1 0 0 0 0 0]
[5704065997305510436343679228642250163081682325183904944297383787019617810265718920008769066578361567482235294885948831772936261954398874737869664822904782176087213215985236711600435849545670885308493539174696130672093627689469581313188776217723712115901986109613791164133646053939145557380287937634324113716657746023041644102266916 0 0 0 0 0 0 0 0 0 0 0 0 0 0 0 0 0 0 0 0 0 0 0 0 0 0 0 0 0 0 0 0 0 0 0 0 0 0 0 0 0 0 0 0 0 0 0 0 0 0 0 0 0 0 0 0 0 0 0 0 0 0 0 0 0 0 0 0 0 0 0 0 0 0 0 0 0 0 0 0 0 0 0 0 0 0 0 0 0 0 0 0 0 0 0 0 0 0 0 0 0 0 0 0 1 0 0 0 0]
[6354487968167768642734145152896204244787138664644717406915695396725984020466874056691705667008418830644717549482982037498608024368186860024173064410364748708148141537943669159669140631417531704988909245974092317964301310494273841618360069717412988798780116501751703102029800414631757003716719366858746838523426740021258039933020068 0 0 0 0 0 0 0 0 0 0 0 0 0 0 0 0 0 0 0 0 0 0 0 0 0 0 0 0 0 0 0 0 0 0 0 0 0 0 0 0 0 0 0 0 0 0 0 0 0 0 0 0 0 0 0 0 0 0 0 0 0 0 0 0 0 0 0 0 0 0 0 0 0 0 0 0 0 0 0 0 0 0 0 0 0 0 0 0 0 0 0 0 0 0 0 0 0 0 0 0 0 0 0 0 0 1 0 0 0]
[3345385348805628644351974303196978476893883238818552822865809190475857586358869582829175437052825088736082519602900528937093540235877903179758680892163461611808205437722219750503359487879461749374171267718188738828639248555065940507131560817030334452943022763001227733680345926375909580355822111909103875632730895733195048386871267 0 0 0 0 0 0 0 0 0 0 0 0 0 0 0 0 0 0 0 0 0 0 0 0 0 0 0 0 0 0 0 0 0 0 0 0 0 0 0 0 0 0 0 0 0 0 0 0 0 0 0 0 0 0 0 0 0 0 0 0 0 0 0 0 0 0 0 0 0 0 0 0 0 0 0 0 0 0 0 0 0 0 0 0 0 0 0 0 0 0 0 0 0 0 0 0 0 0 0 0 0 0 0 0 0 0 1 0 0]
[3188594050366580874296230161458661253766949082005568501112473194424046687399632647705855674008565302039086303791226622084051976958669577754161505763525871573356014004690763487816448310759327485303271527987627374192570414513225675849658379554280885464750837690369661688097662129844173036084176290532528713569575073139146658839105543 0 0 0 0 0 0 0 0 0 0 0 0 0 0 0 0 0 0 0 0 0 0 0 0 0 0 0 0 0 0 0 0 0 0 0 0 0 0 0 0 0 0 0 0 0 0 0 0 0 0 0 0 0 0 0 0 0 0 0 0 0 0 0 0 0 0 0 0 0 0 0 0 0 0 0 0 0 0 0 0 0 0 0 0 0 0 0 0 0 0 0 0 0 0 0 0 0 0 0 0 0 0 0 0 0 0 0 1 0]
[6713124919830661407394684994568653531596615027761608191593080091084262660401921915728552996878447597436324880990044870620748438213112308220595014719546580520444578258485300703932614032982141235640556848056871454489966425650537138245545901287449198670735777532616899496565996557686940027321288184697763277042562713054984810845827856 0 0 0 0 0 0 0 0 0 0 0 0 0 0 0 0 0 0 0 0 0 0 0 0 0 0 0 0 0 0 0 0 0 0 0 0 0 0 0 0 0 0 0 0 0 0 0 0 0 0 0 0 0 0 0 0 0 0 0 0 0 0 0 0 0 0 0 0 0 0 0 0 0 0 0 0 0 0 0 0 0 0 0 0 0 0 0 0 0 0 0 0 0 0 0 0 0 0 0 0 0 0 0 0 0 0 0 0 1]
]
