[[9018790817917048006378456973366263197422118443049011090877725174759724854781396436507057567688672050830578132118562564136085787430498128227305080359401688165346448252153407427827815429249981569898446137142700733363283140008009756325587889562143896589398997972068549942167452791370411774678506744640763 0 0 0 0 0 0 0 0 0 0 0 0 0 0 0 0 0 0 0 0 0 0 0 0 0 0 0 0 0 0 0 0 0 0 0 0 0 0 0 0 0 0 0 0 0 0 0 0 0 0 0 0 0 0 0 0 0 0 0 0 0 0 0 0 0 0 0 0 0 0 0 0 0 0 0 0 0 0 0 0 0 0 0 0 0 0 0 0 0 0 0 0 0 0 0 0 0 0 0]
[7305406259766839971468792206426916043487362250752265124601673165611175680560021180942401882874919044611680152629069928892847720550192032928109575117421947809270485128877176191493231889123997570076013511278924200031050375283260474623326010364891986077794603987089505339963227290751164086874629282545346 1 0 0 0 0 0 0 0 0 0 0 0 0 0 0 0 0 0 0 0 0 0 0 0 0 0 0 0 0 0 0 0 0 0 0 0 0 0 0 0 0 0 0 0 0 0 0 0 0 0 0 0 0 0 0 0 0 0 0 0 0 0 0 0 0 0 0 0 0 0 0 0 0 0 0 0 0 0 0 0 0 0 0 0 0 0 0 0 0 0 0 0 0 0 0 0 0 0 0]
[1028336289263542226429602630033616192837586651511896250025165356193752554222300331451527305048132842627211224494083948265437670285301104550751914456306890825017345549199106660523404022699403031766298884446971267471050834649447423940530837788045168599621967365080523089573332453692637972190382049383649 0 1 0 0 0 0 0 0 0 0 0 0 0 0 0 0 0 0 0 0 0 0 0 0 0 0 0 0 0 0 0 0 0 0 0 0 0 0 0 0 0 0 0 0 0 0 0 0 0 0 0 0 0 0 0 0 0 0 0 0 0 0 0 0 0 0 0 0 0 0 0 0 0 0 0 0 0 0 0 0 0 0 0 0 0 0 0 0 0 0 0 0 0 0 0 0 0 0 0]
[1540516345875862218067955681864684592580601878358213306161834014830338673852872125694185519517943428428162876328196106814414594991901904408102370713240735005373580015623429070161983037912728491258446009507876631636234139384995522561814775484657652155129452715121085069599886040554432016041196168221111 0 0 1 0 0 0 0 0 0 0 0 0 0 0 0 0 0 0 0 0 0 0 0 0 0 0 0 0 0 0 0 0 0 0 0 0 0 0 0 0 0 0 0 0 0 0 0 0 0 0 0 0 0 0 0 0 0 0 0 0 0 0 0 0 0 0 0 0 0 0 0 0 0 0 0 0 0 0 0 0 0 0 0 0 0 0 0 0 0 0 0 0 0 0 0 0 0 0 0]
[4153067545087750108907537605031654732785958994834317301973765283474615088566392636584320736382461392830650575047766241920292130632376398821690538560546090562574038136554213452437989186392020607271229395867299089708232200855341551440400114111442972315771919099271257098465741119984108227544810591634024 0 0 0 1 0 0 0 0 0 0 0 0 0 0 0 0 0 0 0 0 0 0 0 0 0 0 0 0 0 0 0 0 0 0 0 0 0 0 0 0 0 0 0 0 0 0 0 0 0 0 0 0 0 0 0 0 0 0 0 0 0 0 0 0 0 0 0 0 0 0 0 0 0 0 0 0 0 0 0 0 0 0 0 0 0 0 0 0 0 0 0 0 0 0 0 0 0 0 0]
[3573366736112316827678524609980954180163216001995503731713725399955496091135012039289082221305985597484161596849022467384877318333290339641719427428448600836770805515704309714017470322755449241905737074968662258798838865720558049507341234035262784471603397886140224537825771816397490225790421223924235 0 0 0 0 1 0 0 0 0 0 0 0 0 0 0 0 0 0 0 0 0 0 0 0 0 0 0 0 0 0 0 0 0 0 0 0 0 0 0 0 0 0 0 0 0 0 0 0 0 0 0 0 0 0 0 0 0 0 0 0 0 0 0 0 0 0 0 0 0 0 0 0 0 0 0 0 0 0 0 0 0 0 0 0 0 0 0 0 0 0 0 0 0 0 0 0 0 0 0]
[3172271221713437127866607619509721290205255855497118619769726996425812493292660716449777594138182091756770244676458010192240174168605685841619827613930939225246768222204127193550430696774011489586091883500871193384266755976578763774496474699686035077605351577798101808207727537560589518797236023223936 0 0 0 0 0 1 0 0 0 0 0 0 0 0 0 0 0 0 0 0 0 0 0 0 0 0 0 0 0 0 0 0 0 0 0 0 0 0 0 0 0 0 0 0 0 0 0 0 0 0 0 0 0 0 0 0 0 0 0 0 0 0 0 0 0 0 0 0 0 0 0 0 0 0 0 0 0 0 0 0 0 0 0 0 0 0 0 0 0 0 0 0 0 0 0 0 0 0 0]
[1749826791251346005368577459216177067025589501855512028025832103290802214183078295394113137410136251642847945443569289466563882577710433759534029173660166425362329015399878344745456321407706253430337804061608041849457124659533191276922535600622867681156184294864029172586151566681341699969204906464399 0 0 0 0 0 0 1 0 0 0 0 0 0 0 0 0 0 0 0 0 0 0 0 0 0 0 0 0 0 0 0 0 0 0 0 0 0 0 0 0 0 0 0 0 0 0 0 0 0 0 0 0 0 0 0 0 0 0 0 0 0 0 0 0 0 0 0 0 0 0 0 0 0 0 0 0 0 0 0 0 0 0 0 0 0 0 0 0 0 0 0 0 0 0 0 0 0 0 0]
[957730505853814957046305955602782824264631107535473999029759057983937163504404143735634910725772552653363855731087741920325168177939837672725756236933785917689861552141961090600618059891483617799102423683424479747801414438195192103766256618400445812857447751973868974892274130913540756649683189001315 0 0 0 0 0 0 0 1 0 0 0 0 0 0 0 0 0 0 0 0 0 0 0 0 0 0 0 0 0 0 0 0 0 0 0 0 0 0 0 0 0 0 0 0 0 0 0 0 0 0 0 0 0 0 0 0 0 0 0 0 0 0 0 0 0 0 0 0 0 0 0 0 0 0 0 0 0 0 0 0 0 0 0 0 0 0 0 0 0 0 0 0 0 0 0 0 0 0 0]
[8663718438039730919402821653541303089015043148744343154808548811508475406205371783916108596455721906678581297094907692219259880367392697698483834079375492909480454867827123747150195201714796885837399991864095342430111525176487975031072203840293423033673834637907641359841615464593882586449881277067210 0 0 0 0 0 0 0 0 1 0 0 0 0 0 0 0 0 0 0 0 0 0 0 0 0 0 0 0 0 0 0 0 0 0 0 0 0 0 0 0 0 0 0 0 0 0 0 0 0 0 0 0 0 0 0 0 0 0 0 0 0 0 0 0 0 0 0 0 0 0 0 0 0 0 0 0 0 0 0 0 0 0 0 0 0 0 0 0 0 0 0 0 0 0 0 0 0 0 0]
[4187689055627790079901906362003033910340058814220521345638543401483618381938914921691387038170679281786862340997886119413183030735727021225967877331767616702311217541988362207758159989969463501534712998827615963823593937057527877379883885399167187657435138894227978219392636101824320877006853326266335 0 0 0 0 0 0 0 0 0 1 0 0 0 0 0 0 0 0 0 0 0 0 0 0 0 0 0 0 0 0 0 0 0 0 0 0 0 0 0 0 0 0 0 0 0 0 0 0 0 0 0 0 0 0 0 0 0 0 0 0 0 0 0 0 0 0 0 0 0 0 0 0 0 0 0 0 0 0 0 0 0 0 0 0 0 0 0 0 0 0 0 0 0 0 0 0 0 0 0]
[8878684594129940914123232119819071401927688540241529307578018995080104520306587584228675306121359081158047432843336641107943376570029698183143044134461279190351149083098000598341546536206588621722389153613184868232312280857727623904786882513253326411044126541213754024908933606078367176433157639105821 0 0 0 0 0 0 0 0 0 0 1 0 0 0 0 0 0 0 0 0 0 0 0 0 0 0 0 0 0 0 0 0 0 0 0 0 0 0 0 0 0 0 0 0 0 0 0 0 0 0 0 0 0 0 0 0 0 0 0 0 0 0 0 0 0 0 0 0 0 0 0 0 0 0 0 0 0 0 0 0 0 0 0 0 0 0 0 0 0 0 0 0 0 0 0 0 0 0 0]
[4264963851780075376530409181259571114609429465959377938190941885548415940731209579832662205372540370184117971815431322959968607553451278329155404808108034065145520458787169067284931752851165226323772997238361875195939621078540213147527084473562337386596022581648282960030281988919360232452595198281815 0 0 0 0 0 0 0 0 0 0 0 1 0 0 0 0 0 0 0 0 0 0 0 0 0 0 0 0 0 0 0 0 0 0 0 0 0 0 0 0 0 0 0 0 0 0 0 0 0 0 0 0 0 0 0 0 0 0 0 0 0 0 0 0 0 0 0 0 0 0 0 0 0 0 0 0 0 0 0 0 0 0 0 0 0 0 0 0 0 0 0 0 0 0 0 0 0 0 0]
[6408121868913060301734105844854862492824109518423114197820981238523299673049022179581398637448757893879194731433748306313190270684083849638954245834576383781370977939524956490778700887812788117088927636062271233901983056984580105851092203673515345062986830022889948546914601116706014578603305744766791 0 0 0 0 0 0 0 0 0 0 0 0 1 0 0 0 0 0 0 0 0 0 0 0 0 0 0 0 0 0 0 0 0 0 0 0 0 0 0 0 0 0 0 0 0 0 0 0 0 0 0 0 0 0 0 0 0 0 0 0 0 0 0 0 0 0 0 0 0 0 0 0 0 0 0 0 0 0 0 0 0 0 0 0 0 0 0 0 0 0 0 0 0 0 0 0 0 0 0]
[6081194121051622579428655797291971050193423647643650634176293598939491375341253545936142709003651026276092845210767037412450996746193648647770271677303400326533508197555822747446509593939144655483819582884309199029883606417291989798467156967716109546586203130335968970901208916753167726256374474693837 0 0 0 0 0 0 0 0 0 0 0 0 0 1 0 0 0 0 0 0 0 0 0 0 0 0 0 0 0 0 0 0 0 0 0 0 0 0 0 0 0 0 0 0 0 0 0 0 0 0 0 0 0 0 0 0 0 0 0 0 0 0 0 0 0 0 0 0 0 0 0 0 0 0 0 0 0 0 0 0 0 0 0 0 0 0 0 0 0 0 0 0 0 0 0 0 0 0 0]
[4339081755925811654133614466714132312933781277325938827446260084955207927308975295724919369640013689377413491908483187574354191885524111545591993129723508266938991840623305816662360073481267193705245340624768346730667070045375091748762855733573200293832945584255282633514802223536926619162548345179728 0 0 0 0 0 0 0 0 0 0 0 0 0 0 1 0 0 0 0 0 0 0 0 0 0 0 0 0 0 0 0 0 0 0 0 0 0 0 0 0 0 0 0 0 0 0 0 0 0 0 0 0 0 0 0 0 0 0 0 0 0 0 0 0 0 0 0 0 0 0 0 0 0 0 0 0 0 0 0 0 0 0 0 0 0 0 0 0 0 0 0 0 0 0 0 0 0 0 0]
[8543714842738303327077896007957392601393917443330237060745729432572739927161596559884475755726639682290568213016773611436466550178140127382436292093437528779713874859223227395915665993992009092671364936259808437616489139490412416404838159341833463755342962203260256353580975634971661783037188228147459 0 0 0 0 0 0 0 0 0 0 0 0 0 0 0 1 0 0 0 0 0 0 0 0 0 0 0 0 0 0 0 0 0 0 0 0 0 0 0 0 0 0 0 0 0 0 0 0 0 0 0 0 0 0 0 0 0 0 0 0 0 0 0 0 0 0 0 0 0 0 0 0 0 0 0 0 0 0 0 0 0 0 0 0 0 0 0 0 0 0 0 0 0 0 0 0 0 0 0]
[7374414290587207425202443128744946327030382580229075633895132760287918602127056385375235112968540140921362675684482384611474729260356683481397503347214006779909647760814273296328345332189306682304737461553042457512674769417465880847567787712164959895769841278019839138449346598326943682329702982692912 0 0 0 0 0 0 0 0 0 0 0 0 0 0 0 0 1 0 0 0 0 0 0 0 0 0 0 0 0 0 0 0 0 0 0 0 0 0 0 0 0 0 0 0 0 0 0 0 0 0 0 0 0 0 0 0 0 0 0 0 0 0 0 0 0 0 0 0 0 0 0 0 0 0 0 0 0 0 0 0 0 0 0 0 0 0 0 0 0 0 0 0 0 0 0 0 0 0 0]
[8289037287708928809071711065246651189576362267913949780009063331302266027303679352045916570993079761004345128554993028558355596772822979390761692206673141264536615626977084229553735780559239045667448476597900570648532723502535266876859672466823994515213566088751460649261262234242022609094359206226375 0 0 0 0 0 0 0 0 0 0 0 0 0 0 0 0 0 1 0 0 0 0 0 0 0 0 0 0 0 0 0 0 0 0 0 0 0 0 0 0 0 0 0 0 0 0 0 0 0 0 0 0 0 0 0 0 0 0 0 0 0 0 0 0 0 0 0 0 0 0 0 0 0 0 0 0 0 0 0 0 0 0 0 0 0 0 0 0 0 0 0 0 0 0 0 0 0 0 0]
[3563922185940738311758224697225654349224729443698461564876773549263929513372764241935784627400496158005821497960101729084422282902170232405289475294664419059627059660599273691102047601986549175927609557448294081490246371368719668361565203701349796333247805825349339653598752075346601288385059089185704 0 0 0 0 0 0 0 0 0 0 0 0 0 0 0 0 0 0 1 0 0 0 0 0 0 0 0 0 0 0 0 0 0 0 0 0 0 0 0 0 0 0 0 0 0 0 0 0 0 0 0 0 0 0 0 0 0 0 0 0 0 0 0 0 0 0 0 0 0 0 0 0 0 0 0 0 0 0 0 0 0 0 0 0 0 0 0 0 0 0 0 0 0 0 0 0 0 0 0]
[2258546480087665608123721394315006982321449404230860202633627249708044877047443225489559549120559163439757280854159296087204445450143285115205873056286145464668162610588011317467758950853696714915875201892431298933342822590126672286166691148453153065954774129096820999474847937494320549730307528125046 0 0 0 0 0 0 0 0 0 0 0 0 0 0 0 0 0 0 0 1 0 0 0 0 0 0 0 0 0 0 0 0 0 0 0 0 0 0 0 0 0 0 0 0 0 0 0 0 0 0 0 0 0 0 0 0 0 0 0 0 0 0 0 0 0 0 0 0 0 0 0 0 0 0 0 0 0 0 0 0 0 0 0 0 0 0 0 0 0 0 0 0 0 0 0 0 0 0 0]
[3453520519408622250020535728777329153633264319314973257122984000829428596629523159584865692422738851032603811420814689721948841809687948425785679302077789265784945001594601685917303802439885206844596832243553482109113023943694183303658112486829790291994015756965623076233647871380287914690761934121013 0 0 0 0 0 0 0 0 0 0 0 0 0 0 0 0 0 0 0 0 1 0 0 0 0 0 0 0 0 0 0 0 0 0 0 0 0 0 0 0 0 0 0 0 0 0 0 0 0 0 0 0 0 0 0 0 0 0 0 0 0 0 0 0 0 0 0 0 0 0 0 0 0 0 0 0 0 0 0 0 0 0 0 0 0 0 0 0 0 0 0 0 0 0 0 0 0 0 0]
[8576500663164925026719286577803751774067010348222442407851410175843461853051869536524217242879833103834447754466218777820314880846164296714134231268247130443093160211066700369649916370903772801325978625666917614528744934821949395649745982559344011857352600669536637997877378671315882223931119422707488 0 0 0 0 0 0 0 0 0 0 0 0 0 0 0 0 0 0 0 0 0 1 0 0 0 0 0 0 0 0 0 0 0 0 0 0 0 0 0 0 0 0 0 0 0 0 0 0 0 0 0 0 0 0 0 0 0 0 0 0 0 0 0 0 0 0 0 0 0 0 0 0 0 0 0 0 0 0 0 0 0 0 0 0 0 0 0 0 0 0 0 0 0 0 0 0 0 0 0]
[8148216059819336172314256462826691673918328292383872322709661447853633249779016862113176515502133970637275484383291275365821010871837924289035091223770534027991330872704340032922056268781749468399140972234855311089875820348865818391049979154873466458544661520653083680748854593689976557186253843098769 0 0 0 0 0 0 0 0 0 0 0 0 0 0 0 0 0 0 0 0 0 0 1 0 0 0 0 0 0 0 0 0 0 0 0 0 0 0 0 0 0 0 0 0 0 0 0 0 0 0 0 0 0 0 0 0 0 0 0 0 0 0 0 0 0 0 0 0 0 0 0 0 0 0 0 0 0 0 0 0 0 0 0 0 0 0 0 0 0 0 0 0 0 0 0 0 0 0 0]
[5452683233238696317600180026789469110859575641156196907565307287906825343779717874472413929630577470003056040708488446943954627705521897936786526741260097136981750262579534547925657721757252295540002014493048736084106763587056728017383926823046461569845800907977634589647849410849468971759144713313977 0 0 0 0 0 0 0 0 0 0 0 0 0 0 0 0 0 0 0 0 0 0 0 1 0 0 0 0 0 0 0 0 0 0 0 0 0 0 0 0 0 0 0 0 0 0 0 0 0 0 0 0 0 0 0 0 0 0 0 0 0 0 0 0 0 0 0 0 0 0 0 0 0 0 0 0 0 0 0 0 0 0 0 0 0 0 0 0 0 0 0 0 0 0 0 0 0 0 0]
[1337155769058131431427482476730460165075137268682038959978538934149843611472264250711142528743391356588456468795042218207162311259964704752702137337703197498973949199038263152577930800528823936481298137721236588032565080270303869818812786983807838962747975873083448399773152940131353483314134377800573 0 0 0 0 0 0 0 0 0 0 0 0 0 0 0 0 0 0 0 0 0 0 0 0 1 0 0 0 0 0 0 0 0 0 0 0 0 0 0 0 0 0 0 0 0 0 0 0 0 0 0 0 0 0 0 0 0 0 0 0 0 0 0 0 0 0 0 0 0 0 0 0 0 0 0 0 0 0 0 0 0 0 0 0 0 0 0 0 0 0 0 0 0 0 0 0 0 0 0]
[7057114348744664174562141576904946994526144752918978151660516509263433686076124943708945421551856813559971280674129502037422490144536001049444141519406529361390648732459302566590070728729361443488940222801649046422445071729878803671203338535314924983475446954555996217931994341124843410837013080722925 0 0 0 0 0 0 0 0 0 0 0 0 0 0 0 0 0 0 0 0 0 0 0 0 0 1 0 0 0 0 0 0 0 0 0 0 0 0 0 0 0 0 0 0 0 0 0 0 0 0 0 0 0 0 0 0 0 0 0 0 0 0 0 0 0 0 0 0 0 0 0 0 0 0 0 0 0 0 0 0 0 0 0 0 0 0 0 0 0 0 0 0 0 0 0 0 0 0 0]
[7344350090972458498659330519666309251265938142612658926556026404351351527196130252452689165287983966462761585803903506126504577344570715628706896895188397562577754528470916059273273807722600191089086238486409274158884358990643866354016218486020742391930697415328974412323613092059560785973151096402409 0 0 0 0 0 0 0 0 0 0 0 0 0 0 0 0 0 0 0 0 0 0 0 0 0 0 1 0 0 0 0 0 0 0 0 0 0 0 0 0 0 0 0 0 0 0 0 0 0 0 0 0 0 0 0 0 0 0 0 0 0 0 0 0 0 0 0 0 0 0 0 0 0 0 0 0 0 0 0 0 0 0 0 0 0 0 0 0 0 0 0 0 0 0 0 0 0 0 0]
[4335886867747034779597256479780879339061191083088069736811372919464582001957282412076809339577468405556465328804654718687545917313261304432848867540273491065057257363424275738628157967480542516220663492201599019443341621205530497379057258391469193737098630289310056297037496284083601961264866535641894 0 0 0 0 0 0 0 0 0 0 0 0 0 0 0 0 0 0 0 0 0 0 0 0 0 0 0 1 0 0 0 0 0 0 0 0 0 0 0 0 0 0 0 0 0 0 0 0 0 0 0 0 0 0 0 0 0 0 0 0 0 0 0 0 0 0 0 0 0 0 0 0 0 0 0 0 0 0 0 0 0 0 0 0 0 0 0 0 0 0 0 0 0 0 0 0 0 0 0]
[5036603050649683281015266137867893576644258240683101394460078363751054984434985904395312043064608026434419397305294257331343450624343996900758021747305625720477626491750318101277424195268185342115535911546131032106822738119990193902091206276014822723825308173375754529859860093847428089902533865732746 0 0 0 0 0 0 0 0 0 0 0 0 0 0 0 0 0 0 0 0 0 0 0 0 0 0 0 0 1 0 0 0 0 0 0 0 0 0 0 0 0 0 0 0 0 0 0 0 0 0 0 0 0 0 0 0 0 0 0 0 0 0 0 0 0 0 0 0 0 0 0 0 0 0 0 0 0 0 0 0 0 0 0 0 0 0 0 0 0 0 0 0 0 0 0 0 0 0 0]
[2095211119878512829095751566418770353879072325849039786894554473526631183070866430870252977523229042186569542748099450510724950877550603460335389220872271472890535368967356481878078838625392647011824143927155546893703753065456556668398439742999790046311641564159717816855671653734983327443013747927212 0 0 0 0 0 0 0 0 0 0 0 0 0 0 0 0 0 0 0 0 0 0 0 0 0 0 0 0 0 1 0 0 0 0 0 0 0 0 0 0 0 0 0 0 0 0 0 0 0 0 0 0 0 0 0 0 0 0 0 0 0 0 0 0 0 0 0 0 0 0 0 0 0 0 0 0 0 0 0 0 0 0 0 0 0 0 0 0 0 0 0 0 0 0 0 0 0 0 0]
[3194034938160678979951146796354830451234191773275598323009761305548043306200054407411151843383063590221230683033531937528999463917846669240476946646906894486232212030929326084952500713365989130381127081139346508812193996001805748233588710131576804310488920454580844793018712323272741464084179856219566 0 0 0 0 0 0 0 0 0 0 0 0 0 0 0 0 0 0 0 0 0 0 0 0 0 0 0 0 0 0 1 0 0 0 0 0 0 0 0 0 0 0 0 0 0 0 0 0 0 0 0 0 0 0 0 0 0 0 0 0 0 0 0 0 0 0 0 0 0 0 0 0 0 0 0 0 0 0 0 0 0 0 0 0 0 0 0 0 0 0 0 0 0 0 0 0 0 0 0]
[4302817001346819693671735086666200235973126544024270184332159859529618220782926446575517051918914988891139796519942880842292448828240030430819234416274301970069323756401721677474081123689211711145802634069940817857185489023756591829614830169250977169466773205890373752257599734198881328517548194379076 0 0 0 0 0 0 0 0 0 0 0 0 0 0 0 0 0 0 0 0 0 0 0 0 0 0 0 0 0 0 0 1 0 0 0 0 0 0 0 0 0 0 0 0 0 0 0 0 0 0 0 0 0 0 0 0 0 0 0 0 0 0 0 0 0 0 0 0 0 0 0 0 0 0 0 0 0 0 0 0 0 0 0 0 0 0 0 0 0 0 0 0 0 0 0 0 0 0 0]
[3528516247832490695508230269210267852318571927227141046432802239123080285256347521439771413728633715053685600072536027631631418416400957703974526790542277342614350188390360804661031002330918858192429654166009271019325686882275384942871301245161979598711360687417430806496932908953568270231805966011571 0 0 0 0 0 0 0 0 0 0 0 0 0 0 0 0 0 0 0 0 0 0 0 0 0 0 0 0 0 0 0 0 1 0 0 0 0 0 0 0 0 0 0 0 0 0 0 0 0 0 0 0 0 0 0 0 0 0 0 0 0 0 0 0 0 0 0 0 0 0 0 0 0 0 0 0 0 0 0 0 0 0 0 0 0 0 0 0 0 0 0 0 0 0 0 0 0 0 0]
[355373665909495026088581290968717181191749607126125271468846583895639821628430900172327323031088908300615966974202095872590256528729097261609227017332831298558496594835356703042325600083210719731629247854364224784367397644362775087800650529835369946899443604358753986231716743701879383581649536381324 0 0 0 0 0 0 0 0 0 0 0 0 0 0 0 0 0 0 0 0 0 0 0 0 0 0 0 0 0 0 0 0 0 1 0 0 0 0 0 0 0 0 0 0 0 0 0 0 0 0 0 0 0 0 0 0 0 0 0 0 0 0 0 0 0 0 0 0 0 0 0 0 0 0 0 0 0 0 0 0 0 0 0 0 0 0 0 0 0 0 0 0 0 0 0 0 0 0 0]
[1115480180186637472366505820202146115738370563109932101294048301732999658627168919005114375897369635257010091639739626104115441661801262187936310730101099072797583450248824026628772921775803595876060428822111310865787376975059553349241951687239388082400997043657779189318145650613325621093917967801993 0 0 0 0 0 0 0 0 0 0 0 0 0 0 0 0 0 0 0 0 0 0 0 0 0 0 0 0 0 0 0 0 0 0 1 0 0 0 0 0 0 0 0 0 0 0 0 0 0 0 0 0 0 0 0 0 0 0 0 0 0 0 0 0 0 0 0 0 0 0 0 0 0 0 0 0 0 0 0 0 0 0 0 0 0 0 0 0 0 0 0 0 0 0 0 0 0 0 0]
[4145356147439289503742139261752861606010331655914465272236950233642014124637216806530103748897398608206247452637266978166117222773779798458589004496917092335063887246335444257768927590687046752585116937535078811044518165788711180008847345634826892148204785220927767922070241517574319074349563295060251 0 0 0 0 0 0 0 0 0 0 0 0 0 0 0 0 0 0 0 0 0 0 0 0 0 0 0 0 0 0 0 0 0 0 0 1 0 0 0 0 0 0 0 0 0 0 0 0 0 0 0 0 0 0 0 0 0 0 0 0 0 0 0 0 0 0 0 0 0 0 0 0 0 0 0 0 0 0 0 0 0 0 0 0 0 0 0 0 0 0 0 0 0 0 0 0 0 0 0]
[3663561032810897872984030215604289755702091255593305857304855413198813565251605760884948553078945969814805930126094704622687291817072705954746393656982205023844402666208554690908569607516032317391665799666692240254755793540993809377706367950197345731247439016244697216085790274381083075472809870444288 0 0 0 0 0 0 0 0 0 0 0 0 0 0 0 0 0 0 0 0 0 0 0 0 0 0 0 0 0 0 0 0 0 0 0 0 1 0 0 0 0 0 0 0 0 0 0 0 0 0 0 0 0 0 0 0 0 0 0 0 0 0 0 0 0 0 0 0 0 0 0 0 0 0 0 0 0 0 0 0 0 0 0 0 0 0 0 0 0 0 0 0 0 0 0 0 0 0 0]
[3704889771766810128612158300876663564783082693359875297661917737604256369467101935554891372518556205852471295902151583342290837474963061607873228252341996662246887189065056450712441626626349367699860987291366842173213406115878175305051942415977525574992926810451392302434513175784505497556431538167145 0 0 0 0 0 0 0 0 0 0 0 0 0 0 0 0 0 0 0 0 0 0 0 0 0 0 0 0 0 0 0 0 0 0 0 0 0 1 0 0 0 0 0 0 0 0 0 0 0 0 0 0 0 0 0 0 0 0 0 0 0 0 0 0 0 0 0 0 0 0 0 0 0 0 0 0 0 0 0 0 0 0 0 0 0 0 0 0 0 0 0 0 0 0 0 0 0 0 0]
[2577891524564353761640274808213696194864629967622921085657404067976470433215774996764990527096327622153258872820027911394158886237308900576914308097903579413174347962808855115991261985150419420395735581785918950397592066079575529263690418859463405107767814557488594237500460991321909936461420520973947 0 0 0 0 0 0 0 0 0 0 0 0 0 0 0 0 0 0 0 0 0 0 0 0 0 0 0 0 0 0 0 0 0 0 0 0 0 0 1 0 0 0 0 0 0 0 0 0 0 0 0 0 0 0 0 0 0 0 0 0 0 0 0 0 0 0 0 0 0 0 0 0 0 0 0 0 0 0 0 0 0 0 0 0 0 0 0 0 0 0 0 0 0 0 0 0 0 0 0]
[883965975543825029010768170593180979990712838513089938657166096389400615182710903655461240180083282731563530730659104992634581411788255688274730308032735923509073111482050108079043468841917828580219015687494203069974873988619011222607612717582859755192652966374909354794228946318316708281380546390235 0 0 0 0 0 0 0 0 0 0 0 0 0 0 0 0 0 0 0 0 0 0 0 0 0 0 0 0 0 0 0 0 0 0 0 0 0 0 0 1 0 0 0 0 0 0 0 0 0 0 0 0 0 0 0 0 0 0 0 0 0 0 0 0 0 0 0 0 0 0 0 0 0 0 0 0 0 0 0 0 0 0 0 0 0 0 0 0 0 0 0 0 0 0 0 0 0 0 0]
[1158628396958589169307087485477872658449501276845127063162131550147422034610532496229189247413803088800187130871891844192038273360645967447105239634557199099169232120908719874290941242415692196901499071611848185095852312107320802888022911704086775886609222531376360744036211119567118890979075611820424 0 0 0 0 0 0 0 0 0 0 0 0 0 0 0 0 0 0 0 0 0 0 0 0 0 0 0 0 0 0 0 0 0 0 0 0 0 0 0 0 1 0 0 0 0 0 0 0 0 0 0 0 0 0 0 0 0 0 0 0 0 0 0 0 0 0 0 0 0 0 0 0 0 0 0 0 0 0 0 0 0 0 0 0 0 0 0 0 0 0 0 0 0 0 0 0 0 0 0]
[1569204265456147797449659218215231148267689736802328812065055813497966373507263586172993416294076128454132414956654186366525449968053677223335578988491309835417417771286067055068203685982083782953867608773421848461867241961141512076234786657926094097772816725843783572355325758495276205130890135083304 0 0 0 0 0 0 0 0 0 0 0 0 0 0 0 0 0 0 0 0 0 0 0 0 0 0 0 0 0 0 0 0 0 0 0 0 0 0 0 0 0 1 0 0 0 0 0 0 0 0 0 0 0 0 0 0 0 0 0 0 0 0 0 0 0 0 0 0 0 0 0 0 0 0 0 0 0 0 0 0 0 0 0 0 0 0 0 0 0 0 0 0 0 0 0 0 0 0 0]
[5490824125877890485587717125516796017260085709122253287158467175215821885456707715187862029448090247198180430939632729341479277718095860267855909369241245618316888319732992908397423353884259719741575548873546926623351886190343181351118002651473199742531070598832286100917177930608256940435794304057708 0 0 0 0 0 0 0 0 0 0 0 0 0 0 0 0 0 0 0 0 0 0 0 0 0 0 0 0 0 0 0 0 0 0 0 0 0 0 0 0 0 0 1 0 0 0 0 0 0 0 0 0 0 0 0 0 0 0 0 0 0 0 0 0 0 0 0 0 0 0 0 0 0 0 0 0 0 0 0 0 0 0 0 0 0 0 0 0 0 0 0 0 0 0 0 0 0 0 0]
[2189106852522289051023039992240130787979177404212849435210700607125388300515655582653520424802176585825214443916713048256884308966849671424021375060296333294862048249696424833117559226270167242973058686236662163034005527028305878208269002396530069777631480765770364447546368474898337363107226514414415 0 0 0 0 0 0 0 0 0 0 0 0 0 0 0 0 0 0 0 0 0 0 0 0 0 0 0 0 0 0 0 0 0 0 0 0 0 0 0 0 0 0 0 1 0 0 0 0 0 0 0 0 0 0 0 0 0 0 0 0 0 0 0 0 0 0 0 0 0 0 0 0 0 0 0 0 0 0 0 0 0 0 0 0 0 0 0 0 0 0 0 0 0 0 0 0 0 0 0]
[4474210997307902502105833483846446989745926862458389651563828888435500149704302434260599027763945978698244643610676329064703073013700544759772726058473653605770601672328997463214630342004409580468312057885329083451573786638579247269861830637067613709368745778038705601723121770991353447253936542550683 0 0 0 0 0 0 0 0 0 0 0 0 0 0 0 0 0 0 0 0 0 0 0 0 0 0 0 0 0 0 0 0 0 0 0 0 0 0 0 0 0 0 0 0 1 0 0 0 0 0 0 0 0 0 0 0 0 0 0 0 0 0 0 0 0 0 0 0 0 0 0 0 0 0 0 0 0 0 0 0 0 0 0 0 0 0 0 0 0 0 0 0 0 0 0 0 0 0 0]
[4258643881013830516505711534694055984552528219788925054734813147952195307418531824445619530812047684908738550824652880982961369860432966490992830404069963162003579386002975536531246119578673172158822848120502284090292962103886231263167657044335807537104549846946016985559599954590164170189337915134209 0 0 0 0 0 0 0 0 0 0 0 0 0 0 0 0 0 0 0 0 0 0 0 0 0 0 0 0 0 0 0 0 0 0 0 0 0 0 0 0 0 0 0 0 0 1 0 0 0 0 0 0 0 0 0 0 0 0 0 0 0 0 0 0 0 0 0 0 0 0 0 0 0 0 0 0 0 0 0 0 0 0 0 0 0 0 0 0 0 0 0 0 0 0 0 0 0 0 0]
[7817416106136749649406126746742786559162184849759968225562294144571077444529700114049377647479434629275052355255682151550168434655303296109972546550241158531597726181772564865988940353510632907610798719345873292021210596052630681670824198152608402478186168767159103590856108061287022098657143846479301 0 0 0 0 0 0 0 0 0 0 0 0 0 0 0 0 0 0 0 0 0 0 0 0 0 0 0 0 0 0 0 0 0 0 0 0 0 0 0 0 0 0 0 0 0 0 1 0 0 0 0 0 0 0 0 0 0 0 0 0 0 0 0 0 0 0 0 0 0 0 0 0 0 0 0 0 0 0 0 0 0 0 0 0 0 0 0 0 0 0 0 0 0 0 0 0 0 0 0]
[1297497804288716225511160763375296287237217565329267158574859333139176467149144667572698973662451614167803101008017935566102243906408763771134656540308037435949230762757369424403540194066690161542920750849359333661170361333329002308765571601882344575867835023674717700480053511315375905985563131109246 0 0 0 0 0 0 0 0 0 0 0 0 0 0 0 0 0 0 0 0 0 0 0 0 0 0 0 0 0 0 0 0 0 0 0 0 0 0 0 0 0 0 0 0 0 0 0 1 0 0 0 0 0 0 0 0 0 0 0 0 0 0 0 0 0 0 0 0 0 0 0 0 0 0 0 0 0 0 0 0 0 0 0 0 0 0 0 0 0 0 0 0 0 0 0 0 0 0 0]
[878683317589063791580071092469431882527149183346881017162917258378771464838027060892606027989422632108349739918280588859733770851771035432721535593325155436829945329885349071373674616006214016740140980573429837651912645083443334757841729903129639037853275391556967277259913016924397899699131503485020 0 0 0 0 0 0 0 0 0 0 0 0 0 0 0 0 0 0 0 0 0 0 0 0 0 0 0 0 0 0 0 0 0 0 0 0 0 0 0 0 0 0 0 0 0 0 0 0 1 0 0 0 0 0 0 0 0 0 0 0 0 0 0 0 0 0 0 0 0 0 0 0 0 0 0 0 0 0 0 0 0 0 0 0 0 0 0 0 0 0 0 0 0 0 0 0 0 0 0]
[1871324299110398982883049307190397396730655796842785777133107793736859100680363040208204285075051249950516323659112455523091374852427541957085350031380984127400152317350830464942521914225540026409337986201428199408931482277190717997378302848336500471539265648729730412032829226880673626072578061830872 0 0 0 0 0 0 0 0 0 0 0 0 0 0 0 0 0 0 0 0 0 0 0 0 0 0 0 0 0 0 0 0 0 0 0 0 0 0 0 0 0 0 0 0 0 0 0 0 0 1 0 0 0 0 0 0 0 0 0 0 0 0 0 0 0 0 0 0 0 0 0 0 0 0 0 0 0 0 0 0 0 0 0 0 0 0 0 0 0 0 0 0 0 0 0 0 0 0 0]
[7147276273182530562800199283252338513897686012844713780026796841763207646875998173364566546323674458096907003239156859243804646266642391346753793213432475804661602697260140975079171421272593091962596645494941002251336771690828634694367170037322780906816241058275782531508510948785422799744939965442178 0 0 0 0 0 0 0 0 0 0 0 0 0 0 0 0 0 0 0 0 0 0 0 0 0 0 0 0 0 0 0 0 0 0 0 0 0 0 0 0 0 0 0 0 0 0 0 0 0 0 1 0 0 0 0 0 0 0 0 0 0 0 0 0 0 0 0 0 0 0 0 0 0 0 0 0 0 0 0 0 0 0 0 0 0 0 0 0 0 0 0 0 0 0 0 0 0 0 0]
[1282960968852615314947185329482190647948480433395328448116053836132167897648137504510770003389196366924457806774330717368701975173476118673497704795647895162812682689224916268070866632293642427886525247179103749729351087601013713913328300522972094584332228205713012167650860274317440243754260119605799 0 0 0 0 0 0 0 0 0 0 0 0 0 0 0 0 0 0 0 0 0 0 0 0 0 0 0 0 0 0 0 0 0 0 0 0 0 0 0 0 0 0 0 0 0 0 0 0 0 0 0 1 0 0 0 0 0 0 0 0 0 0 0 0 0 0 0 0 0 0 0 0 0 0 0 0 0 0 0 0 0 0 0 0 0 0 0 0 0 0 0 0 0 0 0 0 0 0 0]
[6877306571614572949685678209890388704940647682293681204484671109433364669984171684523945727440107719467118633661659775151296779801975213564695160268423034451453046225484816817731969010632932901740194101373439901215352346829183065474253080401674135517579132348589811927440340660802857074608517546199723 0 0 0 0 0 0 0 0 0 0 0 0 0 0 0 0 0 0 0 0 0 0 0 0 0 0 0 0 0 0 0 0 0 0 0 0 0 0 0 0 0 0 0 0 0 0 0 0 0 0 0 0 1 0 0 0 0 0 0 0 0 0 0 0 0 0 0 0 0 0 0 0 0 0 0 0 0 0 0 0 0 0 0 0 0 0 0 0 0 0 0 0 0 0 0 0 0 0 0]
[5391147773559985044356113236518529413610414344687884446539816559488983051417126263325995468528725519117344684165622487174170000007272101359935707560203022536528711332954469005171876859246962098986351271724777974871901468869483286570380272631383405837548868820547746266162488932535805094130000719808245 0 0 0 0 0 0 0 0 0 0 0 0 0 0 0 0 0 0 0 0 0 0 0 0 0 0 0 0 0 0 0 0 0 0 0 0 0 0 0 0 0 0 0 0 0 0 0 0 0 0 0 0 0 1 0 0 0 0 0 0 0 0 0 0 0 0 0 0 0 0 0 0 0 0 0 0 0 0 0 0 0 0 0 0 0 0 0 0 0 0 0 0 0 0 0 0 0 0 0]
[3221487060456509496929844296599230427354727680842998195612403809433741322613115833876551075955907815345240219207457663959678335382754900120997245255264196769750404082202311910350832129011021253608475865768961110261370271673326002529940980088559591310984057385480577645269292402784579552299788717851358 0 0 0 0 0 0 0 0 0 0 0 0 0 0 0 0 0 0 0 0 0 0 0 0 0 0 0 0 0 0 0 0 0 0 0 0 0 0 0 0 0 0 0 0 0 0 0 0 0 0 0 0 0 0 1 0 0 0 0 0 0 0 0 0 0 0 0 0 0 0 0 0 0 0 0 0 0 0 0 0 0 0 0 0 0 0 0 0 0 0 0 0 0 0 0 0 0 0 0]
[1574345415995783275807257890744889898160764198401814924085543369489039559599464967945561757434688962619266905072920560314989544754478318087606036012711802608633654940779848716535357940926893484947305532144242879135254956757267703784677381607230482523086812484197278124463651983501534535687334500567704 0 0 0 0 0 0 0 0 0 0 0 0 0 0 0 0 0 0 0 0 0 0 0 0 0 0 0 0 0 0 0 0 0 0 0 0 0 0 0 0 0 0 0 0 0 0 0 0 0 0 0 0 0 0 0 1 0 0 0 0 0 0 0 0 0 0 0 0 0 0 0 0 0 0 0 0 0 0 0 0 0 0 0 0 0 0 0 0 0 0 0 0 0 0 0 0 0 0 0]
[7943941740598933699681513711499898373344009932921123993772153759248379656968497208815815953907976657028295551985311149212867378813936781598170591667476011866070158238221851266386629207918824924312912431181660182127340904299135564419850671171693102293249304578909786481740294815216353009354597154493508 0 0 0 0 0 0 0 0 0 0 0 0 0 0 0 0 0 0 0 0 0 0 0 0 0 0 0 0 0 0 0 0 0 0 0 0 0 0 0 0 0 0 0 0 0 0 0 0 0 0 0 0 0 0 0 0 1 0 0 0 0 0 0 0 0 0 0 0 0 0 0 0 0 0 0 0 0 0 0 0 0 0 0 0 0 0 0 0 0 0 0 0 0 0 0 0 0 0 0]
[241881077140872677379968619041756313673587652814588306119644122772094789912872952124500105859519685588242140367706289476571312350256958252991032573980521972396721116676814436522264040679445541257353411819685397327523610242319398280223787514144797642951587747642204702542888645907236144509430320315331 0 0 0 0 0 0 0 0 0 0 0 0 0 0 0 0 0 0 0 0 0 0 0 0 0 0 0 0 0 0 0 0 0 0 0 0 0 0 0 0 0 0 0 0 0 0 0 0 0 0 0 0 0 0 0 0 0 1 0 0 0 0 0 0 0 0 0 0 0 0 0 0 0 0 0 0 0 0 0 0 0 0 0 0 0 0 0 0 0 0 0 0 0 0 0 0 0 0 0]
[2679267638283356273862383024329867258099237792621928033853883517119093176455905918616746057328608845999996980815703022352626305693324942000557061328213666664297619871168242979952106428757400525816377177327745275144422174803569828534554194308685269395829552343250655245044434101716896728092838917557516 0 0 0 0 0 0 0 0 0 0 0 0 0 0 0 0 0 0 0 0 0 0 0 0 0 0 0 0 0 0 0 0 0 0 0 0 0 0 0 0 0 0 0 0 0 0 0 0 0 0 0 0 0 0 0 0 0 0 1 0 0 0 0 0 0 0 0 0 0 0 0 0 0 0 0 0 0 0 0 0 0 0 0 0 0 0 0 0 0 0 0 0 0 0 0 0 0 0 0]
[4786102522335166510346525835741549075412172275508821630612033260810807119557104750606565884373954658593444943348781043812566132100137768204266258254819955509650183732415714796996593005259459873943866964060864546476822958521698095515208547209731587044654233824007282468192619266828517749513233258426895 0 0 0 0 0 0 0 0 0 0 0 0 0 0 0 0 0 0 0 0 0 0 0 0 0 0 0 0 0 0 0 0 0 0 0 0 0 0 0 0 0 0 0 0 0 0 0 0 0 0 0 0 0 0 0 0 0 0 0 1 0 0 0 0 0 0 0 0 0 0 0 0 0 0 0 0 0 0 0 0 0 0 0 0 0 0 0 0 0 0 0 0 0 0 0 0 0 0 0]
[1073248227016222105127809620771682361949457925996913195536709391641618518549374355332676329045088297491576734618343914207490632723880972066813579358178038013883888652316760389230443774249168667929757096657056076435175217745933370786095477444402194551268038996145403447784362950534005993527885387418800 0 0 0 0 0 0 0 0 0 0 0 0 0 0 0 0 0 0 0 0 0 0 0 0 0 0 0 0 0 0 0 0 0 0 0 0 0 0 0 0 0 0 0 0 0 0 0 0 0 0 0 0 0 0 0 0 0 0 0 0 1 0 0 0 0 0 0 0 0 0 0 0 0 0 0 0 0 0 0 0 0 0 0 0 0 0 0 0 0 0 0 0 0 0 0 0 0 0 0]
[1987922218454457806369269097851828909612817437010529974397793296068015032686458168889103230288185813058279682864183891042152535652967998794807906151730535247861024247332097515818285265069781710741740314454202825856829474690961333310147557067304174397053043349558632817294149366965242906441543804732161 0 0 0 0 0 0 0 0 0 0 0 0 0 0 0 0 0 0 0 0 0 0 0 0 0 0 0 0 0 0 0 0 0 0 0 0 0 0 0 0 0 0 0 0 0 0 0 0 0 0 0 0 0 0 0 0 0 0 0 0 0 1 0 0 0 0 0 0 0 0 0 0 0 0 0 0 0 0 0 0 0 0 0 0 0 0 0 0 0 0 0 0 0 0 0 0 0 0 0]
[5572172318647830289159913107254556605473366231227808014421704494380156653304639106968029436007150358821056100041931856313881482819785167006210521072283966367901178363854961936371549612566852137006665860111621742336083509075836803363278723805212535263843841273260329172139154617914794630771192987491863 0 0 0 0 0 0 0 0 0 0 0 0 0 0 0 0 0 0 0 0 0 0 0 0 0 0 0 0 0 0 0 0 0 0 0 0 0 0 0 0 0 0 0 0 0 0 0 0 0 0 0 0 0 0 0 0 0 0 0 0 0 0 1 0 0 0 0 0 0 0 0 0 0 0 0 0 0 0 0 0 0 0 0 0 0 0 0 0 0 0 0 0 0 0 0 0 0 0 0]
[8380394719917532980687472618601866950628449844140843134019808681206421955436651422554155761482743732535322840173379194030805599596063571196656303402434165137302583680214635318158854930247688452328943647415600545894528974646210225668573262269964889110321874190403750430430386988643162334528225362034549 0 0 0 0 0 0 0 0 0 0 0 0 0 0 0 0 0 0 0 0 0 0 0 0 0 0 0 0 0 0 0 0 0 0 0 0 0 0 0 0 0 0 0 0 0 0 0 0 0 0 0 0 0 0 0 0 0 0 0 0 0 0 0 1 0 0 0 0 0 0 0 0 0 0 0 0 0 0 0 0 0 0 0 0 0 0 0 0 0 0 0 0 0 0 0 0 0 0 0]
[8598711773630003556825043641309473720493844023334498785979166708423509939826191368414500143492458999153700104334740674145579019267925311875654430068519744903508511913210984037714979072481593113381950422504334374301408987654582931858238464446346124203429089295147607054661647545430427703609600914596705 0 0 0 0 0 0 0 0 0 0 0 0 0 0 0 0 0 0 0 0 0 0 0 0 0 0 0 0 0 0 0 0 0 0 0 0 0 0 0 0 0 0 0 0 0 0 0 0 0 0 0 0 0 0 0 0 0 0 0 0 0 0 0 0 1 0 0 0 0 0 0 0 0 0 0 0 0 0 0 0 0 0 0 0 0 0 0 0 0 0 0 0 0 0 0 0 0 0 0]
[2523125273305493482317738063583957809553792489780940305805070238114945107551371136678451381007193258461277173481602949831028203655867111623867755826588107557355557961294362844865195814321566191478026442205003843897812880847641207069833538244064353989910661766715974921953781193424457631973864042821826 0 0 0 0 0 0 0 0 0 0 0 0 0 0 0 0 0 0 0 0 0 0 0 0 0 0 0 0 0 0 0 0 0 0 0 0 0 0 0 0 0 0 0 0 0 0 0 0 0 0 0 0 0 0 0 0 0 0 0 0 0 0 0 0 0 1 0 0 0 0 0 0 0 0 0 0 0 0 0 0 0 0 0 0 0 0 0 0 0 0 0 0 0 0 0 0 0 0 0]
[6439898146342024713702605566882237862506742764717676880349578538138662086169039555280308068989370050330717400558882348508050443723250340425833447614294869009963609739679392829962973515849606629368856137180151304345247521237070886635551272146980308889817833740742600113426608775442955762469663679969323 0 0 0 0 0 0 0 0 0 0 0 0 0 0 0 0 0 0 0 0 0 0 0 0 0 0 0 0 0 0 0 0 0 0 0 0 0 0 0 0 0 0 0 0 0 0 0 0 0 0 0 0 0 0 0 0 0 0 0 0 0 0 0 0 0 0 1 0 0 0 0 0 0 0 0 0 0 0 0 0 0 0 0 0 0 0 0 0 0 0 0 0 0 0 0 0 0 0 0]
[747800042573148070185535820848517895878831407377650611324996753732152529573402097407738096998248050110345771693814277410029602150063369842136332925688482145493825362608098665601141053994704610142341117474586163529152911400627324191106518802682788008013000124892036617616234492933079391371790217188631 0 0 0 0 0 0 0 0 0 0 0 0 0 0 0 0 0 0 0 0 0 0 0 0 0 0 0 0 0 0 0 0 0 0 0 0 0 0 0 0 0 0 0 0 0 0 0 0 0 0 0 0 0 0 0 0 0 0 0 0 0 0 0 0 0 0 0 1 0 0 0 0 0 0 0 0 0 0 0 0 0 0 0 0 0 0 0 0 0 0 0 0 0 0 0 0 0 0 0]
[3135602854617031794630504916487365470375970360895006003650926738219075876574310723932259756374249034522920572303635534196006513422832470617355053802440838540492027186973500078633678220146929829239550496401471604827700073097250712105084375061863671583231601783779193992753407380715791740326096548947124 0 0 0 0 0 0 0 0 0 0 0 0 0 0 0 0 0 0 0 0 0 0 0 0 0 0 0 0 0 0 0 0 0 0 0 0 0 0 0 0 0 0 0 0 0 0 0 0 0 0 0 0 0 0 0 0 0 0 0 0 0 0 0 0 0 0 0 0 1 0 0 0 0 0 0 0 0 0 0 0 0 0 0 0 0 0 0 0 0 0 0 0 0 0 0 0 0 0 0]
[3051962548230899731701390653541647179259608619293977732479013983780510741496399443515390778128940969766589302923430447526698369221365784614867558521528717344290472116644511780035151741714148935158432832603822787648971169098866817787662073277764553206600456095391365273394560993053191273679662091291336 0 0 0 0 0 0 0 0 0 0 0 0 0 0 0 0 0 0 0 0 0 0 0 0 0 0 0 0 0 0 0 0 0 0 0 0 0 0 0 0 0 0 0 0 0 0 0 0 0 0 0 0 0 0 0 0 0 0 0 0 0 0 0 0 0 0 0 0 0 1 0 0 0 0 0 0 0 0 0 0 0 0 0 0 0 0 0 0 0 0 0 0 0 0 0 0 0 0 0]
[8586453203910723529924374902264478245699727390019919868666247788807462022654715651065406673982357339828472759800589323659939850982409661170116295197791436764391018432547224718937799371178639206924027323767595188637341873260923949946712541064583688084900476491311419450415131176962999389145558681138645 0 0 0 0 0 0 0 0 0 0 0 0 0 0 0 0 0 0 0 0 0 0 0 0 0 0 0 0 0 0 0 0 0 0 0 0 0 0 0 0 0 0 0 0 0 0 0 0 0 0 0 0 0 0 0 0 0 0 0 0 0 0 0 0 0 0 0 0 0 0 1 0 0 0 0 0 0 0 0 0 0 0 0 0 0 0 0 0 0 0 0 0 0 0 0 0 0 0 0]
[7227460693135253728968568258858927238402466633526271485088710446054467884428528383936040812823822865322594742208958102756966346987330274113276180875582304040377184146990079305784858779400430363026666210906356270539708294514959708850046046332573461998324343788769182924642938178960257350093532647794765 0 0 0 0 0 0 0 0 0 0 0 0 0 0 0 0 0 0 0 0 0 0 0 0 0 0 0 0 0 0 0 0 0 0 0 0 0 0 0 0 0 0 0 0 0 0 0 0 0 0 0 0 0 0 0 0 0 0 0 0 0 0 0 0 0 0 0 0 0 0 0 1 0 0 0 0 0 0 0 0 0 0 0 0 0 0 0 0 0 0 0 0 0 0 0 0 0 0 0]
[241071365689779254633597213492884108887792815320317235216595520492862119245614620170755164356060029251466937743827646273516888330927585833303205127019626832175206584617884791648807757583924962673285890879670799280801930180404460890576159739046742876567117363917642716187800293101781866109955043302211 0 0 0 0 0 0 0 0 0 0 0 0 0 0 0 0 0 0 0 0 0 0 0 0 0 0 0 0 0 0 0 0 0 0 0 0 0 0 0 0 0 0 0 0 0 0 0 0 0 0 0 0 0 0 0 0 0 0 0 0 0 0 0 0 0 0 0 0 0 0 0 0 1 0 0 0 0 0 0 0 0 0 0 0 0 0 0 0 0 0 0 0 0 0 0 0 0 0 0]
[868163779532181692507203934532690111478359529188157050943332123572929072882578531312779095817400423118913126357551019741795570858814132797745974976442760745825857811892638832098267350080282206401321962676232076130000559009460226304704322553747091140581834721949174165670958438183036382520439163574192 0 0 0 0 0 0 0 0 0 0 0 0 0 0 0 0 0 0 0 0 0 0 0 0 0 0 0 0 0 0 0 0 0 0 0 0 0 0 0 0 0 0 0 0 0 0 0 0 0 0 0 0 0 0 0 0 0 0 0 0 0 0 0 0 0 0 0 0 0 0 0 0 0 1 0 0 0 0 0 0 0 0 0 0 0 0 0 0 0 0 0 0 0 0 0 0 0 0 0]
[4900879938959970094105562625637312662076171110075872193142964388295105214791675277350695668868991166419004515752813059062908025413317100643428008600353893921491863607267162204740542211084668467007879534303682854501959268497971167604934163193878408844706992212349482974386625161915127389286641982183797 0 0 0 0 0 0 0 0 0 0 0 0 0 0 0 0 0 0 0 0 0 0 0 0 0 0 0 0 0 0 0 0 0 0 0 0 0 0 0 0 0 0 0 0 0 0 0 0 0 0 0 0 0 0 0 0 0 0 0 0 0 0 0 0 0 0 0 0 0 0 0 0 0 0 1 0 0 0 0 0 0 0 0 0 0 0 0 0 0 0 0 0 0 0 0 0 0 0 0]
[4579133606601716112546130831973241703274488858593155144573545584917114794058796015268723362965138392240434008537165718769152491976650936472838674380140453206969203213651308416824196101220830903426708589462548013297538335845300518611050043725296524369705464760389124482330516549948829011956862238422059 0 0 0 0 0 0 0 0 0 0 0 0 0 0 0 0 0 0 0 0 0 0 0 0 0 0 0 0 0 0 0 0 0 0 0 0 0 0 0 0 0 0 0 0 0 0 0 0 0 0 0 0 0 0 0 0 0 0 0 0 0 0 0 0 0 0 0 0 0 0 0 0 0 0 0 1 0 0 0 0 0 0 0 0 0 0 0 0 0 0 0 0 0 0 0 0 0 0 0]
[7245775404396566264897143886771519806157095717103578501102572316615560096529849903434137051568277783573339464167659717556289895802826021709429800554318934623165704376472505340863953919907761728585655529619802039155774161122572838345674185877045797373282932697533285192596058519009308036890552872649065 0 0 0 0 0 0 0 0 0 0 0 0 0 0 0 0 0 0 0 0 0 0 0 0 0 0 0 0 0 0 0 0 0 0 0 0 0 0 0 0 0 0 0 0 0 0 0 0 0 0 0 0 0 0 0 0 0 0 0 0 0 0 0 0 0 0 0 0 0 0 0 0 0 0 0 0 1 0 0 0 0 0 0 0 0 0 0 0 0 0 0 0 0 0 0 0 0 0 0]
[7320188568842263990675967577277810650877579677472034660331368200873513852243102059800802362619223634858268824957967943787915258029835072054091039679667132215382658213851180662172378193097767621250916585021990353020371231886713127834424680754359939140819398302293075909096057405599752697955253121075173 0 0 0 0 0 0 0 0 0 0 0 0 0 0 0 0 0 0 0 0 0 0 0 0 0 0 0 0 0 0 0 0 0 0 0 0 0 0 0 0 0 0 0 0 0 0 0 0 0 0 0 0 0 0 0 0 0 0 0 0 0 0 0 0 0 0 0 0 0 0 0 0 0 0 0 0 0 1 0 0 0 0 0 0 0 0 0 0 0 0 0 0 0 0 0 0 0 0 0]
[1449622589510133314523041482893239645757941084931320366003052199487179167047858638615185154833811815557981957665375058991599895336508885900868684090825606941509633775321132792660511034312702983811187366744348351332542414385251627133367340884045653135423163220386597217668737628069533370240133777023107 0 0 0 0 0 0 0 0 0 0 0 0 0 0 0 0 0 0 0 0 0 0 0 0 0 0 0 0 0 0 0 0 0 0 0 0 0 0 0 0 0 0 0 0 0 0 0 0 0 0 0 0 0 0 0 0 0 0 0 0 0 0 0 0 0 0 0 0 0 0 0 0 0 0 0 0 0 0 1 0 0 0 0 0 0 0 0 0 0 0 0 0 0 0 0 0 0 0 0]
[1816759758381594857457897288329895050887336162664696383779614798017561916173526955469661108484486174120672421681363059842723855943650735559241142210090699681749186762574442470421538231134623466155651680315483422389467925819246501830136408678424297273135899208535500564899182341818994815204225939952531 0 0 0 0 0 0 0 0 0 0 0 0 0 0 0 0 0 0 0 0 0 0 0 0 0 0 0 0 0 0 0 0 0 0 0 0 0 0 0 0 0 0 0 0 0 0 0 0 0 0 0 0 0 0 0 0 0 0 0 0 0 0 0 0 0 0 0 0 0 0 0 0 0 0 0 0 0 0 0 1 0 0 0 0 0 0 0 0 0 0 0 0 0 0 0 0 0 0 0]
[5261802508538410868314163488548283770146524661325294177312957328071034207880824853939120968125932695045244551084021296228067836687109458361195868915888812886620056137996711830520739816224387618561200948388040790823470076953075828446620968535870253694069060624341973506884617058130250736305252388394982 0 0 0 0 0 0 0 0 0 0 0 0 0 0 0 0 0 0 0 0 0 0 0 0 0 0 0 0 0 0 0 0 0 0 0 0 0 0 0 0 0 0 0 0 0 0 0 0 0 0 0 0 0 0 0 0 0 0 0 0 0 0 0 0 0 0 0 0 0 0 0 0 0 0 0 0 0 0 0 0 1 0 0 0 0 0 0 0 0 0 0 0 0 0 0 0 0 0 0]
[5209519349285447508028842113339084080320858668365003265103455136307135253195257891903414996102435957690009374084856685954209110454937581428097452000838251974309432114740872261437798410656254667011239419587172197836262804559314423988112289448875991004644304122881585809255020669496660068356381090044171 0 0 0 0 0 0 0 0 0 0 0 0 0 0 0 0 0 0 0 0 0 0 0 0 0 0 0 0 0 0 0 0 0 0 0 0 0 0 0 0 0 0 0 0 0 0 0 0 0 0 0 0 0 0 0 0 0 0 0 0 0 0 0 0 0 0 0 0 0 0 0 0 0 0 0 0 0 0 0 0 0 1 0 0 0 0 0 0 0 0 0 0 0 0 0 0 0 0 0]
[3677491980573435087187304719411880584890087437920681208765468565158349073775558448252552192432236432522125435426741058684350025295767374670949229228589029363452952869595365970814215452048795411548818382253343991075618079557288051917779691348740404012501625962678337334885024448693202372094336359910861 0 0 0 0 0 0 0 0 0 0 0 0 0 0 0 0 0 0 0 0 0 0 0 0 0 0 0 0 0 0 0 0 0 0 0 0 0 0 0 0 0 0 0 0 0 0 0 0 0 0 0 0 0 0 0 0 0 0 0 0 0 0 0 0 0 0 0 0 0 0 0 0 0 0 0 0 0 0 0 0 0 0 1 0 0 0 0 0 0 0 0 0 0 0 0 0 0 0 0]
[4258531736274760948292267154152222720534349695321165857116066590718021684197854136916670943599688655435608439220463473218921933060015536480876390108290585768356132474695247622076344409992749867288706599082887361031801095189223193095461574020819332300495899152822395774532396811240883300121353136783143 0 0 0 0 0 0 0 0 0 0 0 0 0 0 0 0 0 0 0 0 0 0 0 0 0 0 0 0 0 0 0 0 0 0 0 0 0 0 0 0 0 0 0 0 0 0 0 0 0 0 0 0 0 0 0 0 0 0 0 0 0 0 0 0 0 0 0 0 0 0 0 0 0 0 0 0 0 0 0 0 0 0 0 1 0 0 0 0 0 0 0 0 0 0 0 0 0 0 0]
[39933651657062586120256943441478904768227801507464027701666621166126493905313267924927858547168668304889856323651883301127621674538918400745837921373626357724277198242394776777135719761187732748068394181947118356038652156438494811870992815863143366236344172360278841905250095659237351976123093907185 0 0 0 0 0 0 0 0 0 0 0 0 0 0 0 0 0 0 0 0 0 0 0 0 0 0 0 0 0 0 0 0 0 0 0 0 0 0 0 0 0 0 0 0 0 0 0 0 0 0 0 0 0 0 0 0 0 0 0 0 0 0 0 0 0 0 0 0 0 0 0 0 0 0 0 0 0 0 0 0 0 0 0 0 1 0 0 0 0 0 0 0 0 0 0 0 0 0 0]
[4473100948896981425966985029970877493816681800675998948122076278219624235541153487991898584705866653945265717446496933246451316245360963772315679253230203313162628893158416957931514741076187001519296760393687001080096833180191798316491915267621628894704446571045326664268347311297313607177505641867883 0 0 0 0 0 0 0 0 0 0 0 0 0 0 0 0 0 0 0 0 0 0 0 0 0 0 0 0 0 0 0 0 0 0 0 0 0 0 0 0 0 0 0 0 0 0 0 0 0 0 0 0 0 0 0 0 0 0 0 0 0 0 0 0 0 0 0 0 0 0 0 0 0 0 0 0 0 0 0 0 0 0 0 0 0 1 0 0 0 0 0 0 0 0 0 0 0 0 0]
[4072048452094746239378085725990459127035174303621676967865297056779006687303048399165965463813985608102748533728326309028602360871906255140169022259276009387322218953726988696802899675571175833657023160082546040678629282113878978512684230547352409172034049129903791269853241133229045754510296529220406 0 0 0 0 0 0 0 0 0 0 0 0 0 0 0 0 0 0 0 0 0 0 0 0 0 0 0 0 0 0 0 0 0 0 0 0 0 0 0 0 0 0 0 0 0 0 0 0 0 0 0 0 0 0 0 0 0 0 0 0 0 0 0 0 0 0 0 0 0 0 0 0 0 0 0 0 0 0 0 0 0 0 0 0 0 0 1 0 0 0 0 0 0 0 0 0 0 0 0]
[8426793032632546674760344494048379586454273047976587806133715149213795327113994452924858883424958711949707445645223545716293532122410677760360236884921905551562469870342691071629367382882935738352243418488570881106092284449174886535584746154146400429342128320960224865329646148455264780508410826015393 0 0 0 0 0 0 0 0 0 0 0 0 0 0 0 0 0 0 0 0 0 0 0 0 0 0 0 0 0 0 0 0 0 0 0 0 0 0 0 0 0 0 0 0 0 0 0 0 0 0 0 0 0 0 0 0 0 0 0 0 0 0 0 0 0 0 0 0 0 0 0 0 0 0 0 0 0 0 0 0 0 0 0 0 0 0 0 1 0 0 0 0 0 0 0 0 0 0 0]
[3041580653174098846822364186695399749050911197738769526848652073363760102127781178249868136699080364181454943387570589760142636969348591169029353965862182089953848026423174026774979885501124209559306010138082869087037705347829158096079257417281828341147058500147042873869180854464263410520901514096431 0 0 0 0 0 0 0 0 0 0 0 0 0 0 0 0 0 0 0 0 0 0 0 0 0 0 0 0 0 0 0 0 0 0 0 0 0 0 0 0 0 0 0 0 0 0 0 0 0 0 0 0 0 0 0 0 0 0 0 0 0 0 0 0 0 0 0 0 0 0 0 0 0 0 0 0 0 0 0 0 0 0 0 0 0 0 0 0 1 0 0 0 0 0 0 0 0 0 0]
[8392308459038452444250042220050570064840480070675551717781955918781085214120575682156361507805435516071743938750053244378577377266949658521314345300252005150154098615365717189680620126379090736454650574701817754207058334280241075306891510474908777175038922701104935624100408405598532745206033816808803 0 0 0 0 0 0 0 0 0 0 0 0 0 0 0 0 0 0 0 0 0 0 0 0 0 0 0 0 0 0 0 0 0 0 0 0 0 0 0 0 0 0 0 0 0 0 0 0 0 0 0 0 0 0 0 0 0 0 0 0 0 0 0 0 0 0 0 0 0 0 0 0 0 0 0 0 0 0 0 0 0 0 0 0 0 0 0 0 0 1 0 0 0 0 0 0 0 0 0]
[402367566538910751192383826455740853108747569419570805415768493216922838063849607812436918776740990894199035642181796776946840591650781944459257111104317545096883098238878769608756850805809031561541244352895022213492816336007401191112111488532817824751532185141095595190831764100215227201642991239480 0 0 0 0 0 0 0 0 0 0 0 0 0 0 0 0 0 0 0 0 0 0 0 0 0 0 0 0 0 0 0 0 0 0 0 0 0 0 0 0 0 0 0 0 0 0 0 0 0 0 0 0 0 0 0 0 0 0 0 0 0 0 0 0 0 0 0 0 0 0 0 0 0 0 0 0 0 0 0 0 0 0 0 0 0 0 0 0 0 0 1 0 0 0 0 0 0 0 0]
[8481588916411811839349540951821936815335481262888242252995150247850048132482447868486876863522516393032748680179478614496774536443200981832227458935978585618577925519909020855139721863670876494235172639856760723035111409228286763948923758129506396416449788659260184837716251133935675069870068556790841 0 0 0 0 0 0 0 0 0 0 0 0 0 0 0 0 0 0 0 0 0 0 0 0 0 0 0 0 0 0 0 0 0 0 0 0 0 0 0 0 0 0 0 0 0 0 0 0 0 0 0 0 0 0 0 0 0 0 0 0 0 0 0 0 0 0 0 0 0 0 0 0 0 0 0 0 0 0 0 0 0 0 0 0 0 0 0 0 0 0 0 1 0 0 0 0 0 0 0]
[5857582638447965986668546347092272597220894692459484063898291518560960038574431228498174847410567755776347281141661986273053235921376759070685989099533738049674193786917154613137727691105603528615648995366545625914031860408178419255341252680037564482322225535105956866694282213957809394540189561930401 0 0 0 0 0 0 0 0 0 0 0 0 0 0 0 0 0 0 0 0 0 0 0 0 0 0 0 0 0 0 0 0 0 0 0 0 0 0 0 0 0 0 0 0 0 0 0 0 0 0 0 0 0 0 0 0 0 0 0 0 0 0 0 0 0 0 0 0 0 0 0 0 0 0 0 0 0 0 0 0 0 0 0 0 0 0 0 0 0 0 0 0 1 0 0 0 0 0 0]
[1032225885617517126461405214285271648553949948954607475805908670111077598354428390517666071658653595450164369094357420109715620828742307578539325528926048922624841121450566079424244408925318833539599101879769716633590422788551169660330650604801164423071347738815009992408507897846744503065880531558689 0 0 0 0 0 0 0 0 0 0 0 0 0 0 0 0 0 0 0 0 0 0 0 0 0 0 0 0 0 0 0 0 0 0 0 0 0 0 0 0 0 0 0 0 0 0 0 0 0 0 0 0 0 0 0 0 0 0 0 0 0 0 0 0 0 0 0 0 0 0 0 0 0 0 0 0 0 0 0 0 0 0 0 0 0 0 0 0 0 0 0 0 0 1 0 0 0 0 0]
[43350712369017752694523079513141359460121301818269072246219485227522045961300180765595991026903640273841864200114511570224880313245242851802279071159125736087520581592096776807027428165952797317652819216002815008572412892806803687687941513891779636422408214424441500996703861765961490668835204630149 0 0 0 0 0 0 0 0 0 0 0 0 0 0 0 0 0 0 0 0 0 0 0 0 0 0 0 0 0 0 0 0 0 0 0 0 0 0 0 0 0 0 0 0 0 0 0 0 0 0 0 0 0 0 0 0 0 0 0 0 0 0 0 0 0 0 0 0 0 0 0 0 0 0 0 0 0 0 0 0 0 0 0 0 0 0 0 0 0 0 0 0 0 0 1 0 0 0 0]
[3782494386445078263162941641048821234663227055623542695625992892501097587879411944983897442103574228623606888625649421721621664491075791873200949742862383561561402129341350067297264711120003790890441220472135465783911886130646423198722062061308680920788252787111598498649624615647224229705577213593683 0 0 0 0 0 0 0 0 0 0 0 0 0 0 0 0 0 0 0 0 0 0 0 0 0 0 0 0 0 0 0 0 0 0 0 0 0 0 0 0 0 0 0 0 0 0 0 0 0 0 0 0 0 0 0 0 0 0 0 0 0 0 0 0 0 0 0 0 0 0 0 0 0 0 0 0 0 0 0 0 0 0 0 0 0 0 0 0 0 0 0 0 0 0 0 1 0 0 0]
[8008651389250336233987517110798338341743266031731052675193118202800985875542189409642409583205141313731487522967097423219427260211126864945200206261647751649592089439220892404112279306458416152634774903278999291951616562249530900326983987864449618579816877753857562760810023506698040204663858729333958 0 0 0 0 0 0 0 0 0 0 0 0 0 0 0 0 0 0 0 0 0 0 0 0 0 0 0 0 0 0 0 0 0 0 0 0 0 0 0 0 0 0 0 0 0 0 0 0 0 0 0 0 0 0 0 0 0 0 0 0 0 0 0 0 0 0 0 0 0 0 0 0 0 0 0 0 0 0 0 0 0 0 0 0 0 0 0 0 0 0 0 0 0 0 0 0 1 0 0]
[927397484447778370167676636562213011223470887690210898700661548922771264825280395296463165613118251131413140649157976532866485377748387495323373499383618303441565522274484527638810370625631147740127544715143831754724030204440911111184290155156605712782674813009986252501093799573759733221230570885254 0 0 0 0 0 0 0 0 0 0 0 0 0 0 0 0 0 0 0 0 0 0 0 0 0 0 0 0 0 0 0 0 0 0 0 0 0 0 0 0 0 0 0 0 0 0 0 0 0 0 0 0 0 0 0 0 0 0 0 0 0 0 0 0 0 0 0 0 0 0 0 0 0 0 0 0 0 0 0 0 0 0 0 0 0 0 0 0 0 0 0 0 0 0 0 0 0 1 0]
[4624099433209596175048385791935964381420219326600283320926708919010259852914891162649215098157457421218610639117288648774007185260946259012482499239947137622286656678172839892351693798556102776980088631284938289476467685120887869850226441801418904778828579971559307421626867771716132028131420827418496 0 0 0 0 0 0 0 0 0 0 0 0 0 0 0 0 0 0 0 0 0 0 0 0 0 0 0 0 0 0 0 0 0 0 0 0 0 0 0 0 0 0 0 0 0 0 0 0 0 0 0 0 0 0 0 0 0 0 0 0 0 0 0 0 0 0 0 0 0 0 0 0 0 0 0 0 0 0 0 0 0 0 0 0 0 0 0 0 0 0 0 0 0 0 0 0 0 0 1]
]
