[[4527319384959476870210217460190533433167546340665345717341773717149412931741253872946820855084584591689625617266710881251175342353671454567969547634065578550139379391160108313570330933076456743363425152952495701959241509240369450898679917869 0 0 0 0 0 0 0 0 0 0 0 0 0 0 0 0 0 0 0 0 0 0 0 0 0 0 0 0 0 0 0 0 0 0 0 0 0 0 0 0 0 0 0 0 0 0 0 0 0 0 0 0 0 0 0 0 0 0 0 0 0 0 0 0 0 0 0 0 0 0 0 0 0 0 0 0 0 0 0]
[1910105355619189050516004647137076005393899825743534628209706219387667740073488464942906382792635762426363893937878400281269158866607755654804100191831171012848014915703428672895460453881002652671879928451998804159573322249345826307019444248 1 0 0 0 0 0 0 0 0 0 0 0 0 0 0 0 0 0 0 0 0 0 0 0 0 0 0 0 0 0 0 0 0 0 0 0 0 0 0 0 0 0 0 0 0 0 0 0 0 0 0 0 0 0 0 0 0 0 0 0 0 0 0 0 0 0 0 0 0 0 0 0 0 0 0 0 0 0 0]
[4218609992566580233842082956132143413693146231893898003079950344880405112651606683435029569668347719684940011064295886139506475980922666742618261680879743054566844572712113597756725793428712400456232684061272023046965635603755071948787320704 0 1 0 0 0 0 0 0 0 0 0 0 0 0 0 0 0 0 0 0 0 0 0 0 0 0 0 0 0 0 0 0 0 0 0 0 0 0 0 0 0 0 0 0 0 0 0 0 0 0 0 0 0 0 0 0 0 0 0 0 0 0 0 0 0 0 0 0 0 0 0 0 0 0 0 0 0 0 0]
[959359540898234256636122081647656547625150720342300387055950438159726317098100899487094748955553345117903876020247661408925282012109443868147797937121520649003250659729478849768531813888752763330096732747220500586280232320708734071696028131 0 0 1 0 0 0 0 0 0 0 0 0 0 0 0 0 0 0 0 0 0 0 0 0 0 0 0 0 0 0 0 0 0 0 0 0 0 0 0 0 0 0 0 0 0 0 0 0 0 0 0 0 0 0 0 0 0 0 0 0 0 0 0 0 0 0 0 0 0 0 0 0 0 0 0 0 0 0 0]
[546930757525023969381346636674765769103539323825435716395327054166347722984902854593137489762590421573750039591803494697137595441419128296160705871647010566958672083287631747819164692831151774383535888363035068715405470917554627754502150968 0 0 0 1 0 0 0 0 0 0 0 0 0 0 0 0 0 0 0 0 0 0 0 0 0 0 0 0 0 0 0 0 0 0 0 0 0 0 0 0 0 0 0 0 0 0 0 0 0 0 0 0 0 0 0 0 0 0 0 0 0 0 0 0 0 0 0 0 0 0 0 0 0 0 0 0 0 0 0]
[3865431312755569762967025885814789799184751994415959967271203641339172364398902618710514883446406838950983683535010667738924000212961385582673793304846297342902982536734126405555117577754919811354452116617260414646703643948954891325892236479 0 0 0 0 1 0 0 0 0 0 0 0 0 0 0 0 0 0 0 0 0 0 0 0 0 0 0 0 0 0 0 0 0 0 0 0 0 0 0 0 0 0 0 0 0 0 0 0 0 0 0 0 0 0 0 0 0 0 0 0 0 0 0 0 0 0 0 0 0 0 0 0 0 0 0 0 0 0 0]
[3051994029272812220259485620272867634638588445065861072338812816537247776877715862270162341218178608243859785280826266368242529129633588238108392032234400253095528246865398997974987714790428843272208370619248398712053561622903799673715126052 0 0 0 0 0 1 0 0 0 0 0 0 0 0 0 0 0 0 0 0 0 0 0 0 0 0 0 0 0 0 0 0 0 0 0 0 0 0 0 0 0 0 0 0 0 0 0 0 0 0 0 0 0 0 0 0 0 0 0 0 0 0 0 0 0 0 0 0 0 0 0 0 0 0 0 0 0 0 0]
[2587270149296168747306319138419847925164880102685946405497389285182952007158275538450185395402325921665708937142481657210897309603056435593177985694788756845593396440146360586991974436706518283606056579703355939672058316391701125513689912561 0 0 0 0 0 0 1 0 0 0 0 0 0 0 0 0 0 0 0 0 0 0 0 0 0 0 0 0 0 0 0 0 0 0 0 0 0 0 0 0 0 0 0 0 0 0 0 0 0 0 0 0 0 0 0 0 0 0 0 0 0 0 0 0 0 0 0 0 0 0 0 0 0 0 0 0 0 0 0]
[674519323681939687470052345381289563691220370409945043000908305750921012171228371159786981625049965258183087328109132497220637376325062307646532174554150732403835956658840928526188017699070073593008706175193500492800076959530239775279402732 0 0 0 0 0 0 0 1 0 0 0 0 0 0 0 0 0 0 0 0 0 0 0 0 0 0 0 0 0 0 0 0 0 0 0 0 0 0 0 0 0 0 0 0 0 0 0 0 0 0 0 0 0 0 0 0 0 0 0 0 0 0 0 0 0 0 0 0 0 0 0 0 0 0 0 0 0 0 0]
[384783827680734072013508479505916604240835026949701967646383176257655603821602647048884917740587143339523919513967266033560980466026025303506399931619341184424858249291538538994376854613180566855330263232410578487880533995087715092222197245 0 0 0 0 0 0 0 0 1 0 0 0 0 0 0 0 0 0 0 0 0 0 0 0 0 0 0 0 0 0 0 0 0 0 0 0 0 0 0 0 0 0 0 0 0 0 0 0 0 0 0 0 0 0 0 0 0 0 0 0 0 0 0 0 0 0 0 0 0 0 0 0 0 0 0 0 0 0 0]
[3647272438764945987081550825621983589341845400855453844842183089568398082603149203521935037038294158055606900069213729560755763060491956041521394581397741367838032540747409078439147716532713624032883320207679806278560683719156490124911187754 0 0 0 0 0 0 0 0 0 1 0 0 0 0 0 0 0 0 0 0 0 0 0 0 0 0 0 0 0 0 0 0 0 0 0 0 0 0 0 0 0 0 0 0 0 0 0 0 0 0 0 0 0 0 0 0 0 0 0 0 0 0 0 0 0 0 0 0 0 0 0 0 0 0 0 0 0 0 0]
[4321973997071180253196278449063530286290695301372044900312329062241499989897863056112236875511845763818339886462882542749866646899116272146770959391564110821082841655812140468050552878395073855244679402589331512382815503714998628331152325494 0 0 0 0 0 0 0 0 0 0 1 0 0 0 0 0 0 0 0 0 0 0 0 0 0 0 0 0 0 0 0 0 0 0 0 0 0 0 0 0 0 0 0 0 0 0 0 0 0 0 0 0 0 0 0 0 0 0 0 0 0 0 0 0 0 0 0 0 0 0 0 0 0 0 0 0 0 0 0]
[2512123911434395102465664196053741536731486153180174613915772122472247919346165086226893082289279335999795270997797590419840544752872283616930364091185409645567509700763928348095513335861408518263630492637448375217334071045326654428586137243 0 0 0 0 0 0 0 0 0 0 0 1 0 0 0 0 0 0 0 0 0 0 0 0 0 0 0 0 0 0 0 0 0 0 0 0 0 0 0 0 0 0 0 0 0 0 0 0 0 0 0 0 0 0 0 0 0 0 0 0 0 0 0 0 0 0 0 0 0 0 0 0 0 0 0 0 0 0 0]
[1891409341550047181662126344314027818050864177295998232941982496541729862630592078062153914255626867963783041893944365879155244021010060163016322105690986372010578488842825792880825812526824788092893851413787128561025173355165180844939415981 0 0 0 0 0 0 0 0 0 0 0 0 1 0 0 0 0 0 0 0 0 0 0 0 0 0 0 0 0 0 0 0 0 0 0 0 0 0 0 0 0 0 0 0 0 0 0 0 0 0 0 0 0 0 0 0 0 0 0 0 0 0 0 0 0 0 0 0 0 0 0 0 0 0 0 0 0 0 0]
[3075550163839605445709656956886529646319158825728628625938181281909237321275032875661691334954264432984263518500112395809172889873641863766356696318893108409199680419172766683992077394841659531371449152703546105924743665327181381713283868457 0 0 0 0 0 0 0 0 0 0 0 0 0 1 0 0 0 0 0 0 0 0 0 0 0 0 0 0 0 0 0 0 0 0 0 0 0 0 0 0 0 0 0 0 0 0 0 0 0 0 0 0 0 0 0 0 0 0 0 0 0 0 0 0 0 0 0 0 0 0 0 0 0 0 0 0 0 0 0]
[2111947858811677992149105204423998851368194821674644688488853736889652159258412699023322824327665458039303712782101979494958649285528820317165528604932738864867179979557223548805797393811280750899615930098477911637566382224145658765074375431 0 0 0 0 0 0 0 0 0 0 0 0 0 0 1 0 0 0 0 0 0 0 0 0 0 0 0 0 0 0 0 0 0 0 0 0 0 0 0 0 0 0 0 0 0 0 0 0 0 0 0 0 0 0 0 0 0 0 0 0 0 0 0 0 0 0 0 0 0 0 0 0 0 0 0 0 0 0 0]
[3048617712806503149562682769649601182810605551922591351156053377369346608515566807824867929186050830289600956160792373339783929651052904796522262166585713034782533702857288826941388173012062203806455100344523649863851132026774863306637469168 0 0 0 0 0 0 0 0 0 0 0 0 0 0 0 1 0 0 0 0 0 0 0 0 0 0 0 0 0 0 0 0 0 0 0 0 0 0 0 0 0 0 0 0 0 0 0 0 0 0 0 0 0 0 0 0 0 0 0 0 0 0 0 0 0 0 0 0 0 0 0 0 0 0 0 0 0 0 0]
[3144826252970727331844437751655161592255557577633074361917172656471426728674204389918079464455591228059307618131400570076693415327665001685360602128397146958227935703999015921037142456967928598954094551535004454665747859727883962804049850146 0 0 0 0 0 0 0 0 0 0 0 0 0 0 0 0 1 0 0 0 0 0 0 0 0 0 0 0 0 0 0 0 0 0 0 0 0 0 0 0 0 0 0 0 0 0 0 0 0 0 0 0 0 0 0 0 0 0 0 0 0 0 0 0 0 0 0 0 0 0 0 0 0 0 0 0 0 0 0]
[2077470151046254399027040754067186835404636115805085327228756245759801801764373504214234745434025849708341119325069763461398440001647695218949716795001378041482546625052643146673704323205081705336240996074830651846099303720977833981218870686 0 0 0 0 0 0 0 0 0 0 0 0 0 0 0 0 0 1 0 0 0 0 0 0 0 0 0 0 0 0 0 0 0 0 0 0 0 0 0 0 0 0 0 0 0 0 0 0 0 0 0 0 0 0 0 0 0 0 0 0 0 0 0 0 0 0 0 0 0 0 0 0 0 0 0 0 0 0 0]
[3054552603185125013987014863069105248217944156699468627726884586576469387855139396609834801109417175862289959317374770220734812142143611562767335879561411062536841544365024808061233538080781688182003085209016781505878505370586306651099275282 0 0 0 0 0 0 0 0 0 0 0 0 0 0 0 0 0 0 1 0 0 0 0 0 0 0 0 0 0 0 0 0 0 0 0 0 0 0 0 0 0 0 0 0 0 0 0 0 0 0 0 0 0 0 0 0 0 0 0 0 0 0 0 0 0 0 0 0 0 0 0 0 0 0 0 0 0 0 0]
[1977556321351443965417185380587214026523827942923274290683103203126955149020916702644927362576003914808473675256645857219221058463512602264256224067879769144336855582930999760178936312676304121393700956507181655990481205471552691802161831597 0 0 0 0 0 0 0 0 0 0 0 0 0 0 0 0 0 0 0 1 0 0 0 0 0 0 0 0 0 0 0 0 0 0 0 0 0 0 0 0 0 0 0 0 0 0 0 0 0 0 0 0 0 0 0 0 0 0 0 0 0 0 0 0 0 0 0 0 0 0 0 0 0 0 0 0 0 0 0]
[979786199599409895188596666421971796870318827730098116519493539748446733897161156547574202195478386059079481265511954828566509044358706060529371376535480368020942559296241849805513458944412554662064063118652351727217702324277931664882106519 0 0 0 0 0 0 0 0 0 0 0 0 0 0 0 0 0 0 0 0 1 0 0 0 0 0 0 0 0 0 0 0 0 0 0 0 0 0 0 0 0 0 0 0 0 0 0 0 0 0 0 0 0 0 0 0 0 0 0 0 0 0 0 0 0 0 0 0 0 0 0 0 0 0 0 0 0 0 0]
[2729570057189970658234122340381250665731650014452557619187887934201355364597910907041694044349952414448840990517905713221494328512834718914454751751965827955942695934679798313064275637983921990918360426824981350255028119028238218369084266691 0 0 0 0 0 0 0 0 0 0 0 0 0 0 0 0 0 0 0 0 0 1 0 0 0 0 0 0 0 0 0 0 0 0 0 0 0 0 0 0 0 0 0 0 0 0 0 0 0 0 0 0 0 0 0 0 0 0 0 0 0 0 0 0 0 0 0 0 0 0 0 0 0 0 0 0 0 0 0]
[2191519129190935994305058218917937350128775567552287363927556677124610522383451504268866959641796581983015926957377097796166262336714619821019407312975429234552331116049668200944622704090070554617315533864981038780432750487941790645168111029 0 0 0 0 0 0 0 0 0 0 0 0 0 0 0 0 0 0 0 0 0 0 1 0 0 0 0 0 0 0 0 0 0 0 0 0 0 0 0 0 0 0 0 0 0 0 0 0 0 0 0 0 0 0 0 0 0 0 0 0 0 0 0 0 0 0 0 0 0 0 0 0 0 0 0 0 0 0 0]
[2582363477012680300122477958498600064717796369704314550009982116256621901946766334047584731092903017506623056831829094566857835231710760379663783673338314745434947728316251837307718511997271014938957972128217952111379716651610598995769444158 0 0 0 0 0 0 0 0 0 0 0 0 0 0 0 0 0 0 0 0 0 0 0 1 0 0 0 0 0 0 0 0 0 0 0 0 0 0 0 0 0 0 0 0 0 0 0 0 0 0 0 0 0 0 0 0 0 0 0 0 0 0 0 0 0 0 0 0 0 0 0 0 0 0 0 0 0 0 0]
[1027990722111354455414003175366446789945146048149455722094244660951704464347197265852293246838242218171899977271626274592134838442362992946009661469194339982421019522058138221816921885801801385835994799530975178133471256192603312134185350771 0 0 0 0 0 0 0 0 0 0 0 0 0 0 0 0 0 0 0 0 0 0 0 0 1 0 0 0 0 0 0 0 0 0 0 0 0 0 0 0 0 0 0 0 0 0 0 0 0 0 0 0 0 0 0 0 0 0 0 0 0 0 0 0 0 0 0 0 0 0 0 0 0 0 0 0 0 0 0]
[889630628129261395818248711566791210531812380044833355065464733657946370307062754506964604289744905653539250006362629828447152350930223394581885180986372132612238344667629418118370576068821295641057314500661036879395804665790090675517947905 0 0 0 0 0 0 0 0 0 0 0 0 0 0 0 0 0 0 0 0 0 0 0 0 0 1 0 0 0 0 0 0 0 0 0 0 0 0 0 0 0 0 0 0 0 0 0 0 0 0 0 0 0 0 0 0 0 0 0 0 0 0 0 0 0 0 0 0 0 0 0 0 0 0 0 0 0 0 0]
[572518446631660813905097619439548279899109840871259448008511940894553636895741164488674409847906627059953083580454379591026652341880111020908559448452882918719398213503143538751486447344583558911885020615046931893536502665754073485923045134 0 0 0 0 0 0 0 0 0 0 0 0 0 0 0 0 0 0 0 0 0 0 0 0 0 0 1 0 0 0 0 0 0 0 0 0 0 0 0 0 0 0 0 0 0 0 0 0 0 0 0 0 0 0 0 0 0 0 0 0 0 0 0 0 0 0 0 0 0 0 0 0 0 0 0 0 0 0 0]
[1294485678073867319045973472093604482776641499933945214818944189097746060137463862992366970045698402749022279506125810058564420932931161111446548807353802848370350675606049084919176688758219729895374884581728489086261671301232739355709282238 0 0 0 0 0 0 0 0 0 0 0 0 0 0 0 0 0 0 0 0 0 0 0 0 0 0 0 1 0 0 0 0 0 0 0 0 0 0 0 0 0 0 0 0 0 0 0 0 0 0 0 0 0 0 0 0 0 0 0 0 0 0 0 0 0 0 0 0 0 0 0 0 0 0 0 0 0 0 0]
[2739165644961510509860547226937142995322005328480180365553621433632013080755225003799328190128856839053062546975094466220698907448967285923541060798919052157011020299627499312659409756980807969912397646787327602190621137017614271140637421732 0 0 0 0 0 0 0 0 0 0 0 0 0 0 0 0 0 0 0 0 0 0 0 0 0 0 0 0 1 0 0 0 0 0 0 0 0 0 0 0 0 0 0 0 0 0 0 0 0 0 0 0 0 0 0 0 0 0 0 0 0 0 0 0 0 0 0 0 0 0 0 0 0 0 0 0 0 0 0]
[2549387830336320526990551637582393429524313589792838651249010760241089906050459280365456549052398297994574453205177527410843445932139041983335211472858700898240895416348293086538470444239983784058719929731514209738089633789446516494202838601 0 0 0 0 0 0 0 0 0 0 0 0 0 0 0 0 0 0 0 0 0 0 0 0 0 0 0 0 0 1 0 0 0 0 0 0 0 0 0 0 0 0 0 0 0 0 0 0 0 0 0 0 0 0 0 0 0 0 0 0 0 0 0 0 0 0 0 0 0 0 0 0 0 0 0 0 0 0 0]
[4465971085694231060245411944690107436066000735011490285170820768566971678482847325178324315338372394023434759802322636944831635467857048336302165586026639909500794251200554252539222839766996628648709370797439174863397280783711017377508714515 0 0 0 0 0 0 0 0 0 0 0 0 0 0 0 0 0 0 0 0 0 0 0 0 0 0 0 0 0 0 1 0 0 0 0 0 0 0 0 0 0 0 0 0 0 0 0 0 0 0 0 0 0 0 0 0 0 0 0 0 0 0 0 0 0 0 0 0 0 0 0 0 0 0 0 0 0 0 0]
[2125819809030288179863629404692007867619016431876040967944861697619047251415575561497262076495249003494495187461072433784407948188246243536014526374795230706466073806677329165187140767771367226264997548001858451864152928127673498266619555030 0 0 0 0 0 0 0 0 0 0 0 0 0 0 0 0 0 0 0 0 0 0 0 0 0 0 0 0 0 0 0 1 0 0 0 0 0 0 0 0 0 0 0 0 0 0 0 0 0 0 0 0 0 0 0 0 0 0 0 0 0 0 0 0 0 0 0 0 0 0 0 0 0 0 0 0 0 0 0]
[2701984723647404670900722513557919581816259780066855619079686054198600299287386800632997743643695699044156897375881540332566468028934748338500188034375185763138960233592199189560590074581967169190398441980917656283707592675868845915291306375 0 0 0 0 0 0 0 0 0 0 0 0 0 0 0 0 0 0 0 0 0 0 0 0 0 0 0 0 0 0 0 0 1 0 0 0 0 0 0 0 0 0 0 0 0 0 0 0 0 0 0 0 0 0 0 0 0 0 0 0 0 0 0 0 0 0 0 0 0 0 0 0 0 0 0 0 0 0 0]
[4446298185046469026520207051639496159949885074804539647011579790987590091076975419952653366321361478069337419479379706149797779280670614470474711281640334198737622196493487787622090852463389573396761359848390147520087486927451262357454286154 0 0 0 0 0 0 0 0 0 0 0 0 0 0 0 0 0 0 0 0 0 0 0 0 0 0 0 0 0 0 0 0 0 1 0 0 0 0 0 0 0 0 0 0 0 0 0 0 0 0 0 0 0 0 0 0 0 0 0 0 0 0 0 0 0 0 0 0 0 0 0 0 0 0 0 0 0 0 0]
[786260744963968507507224535534638755834849214447479943062673580131390130929873328419166936785613389454514281454741057615116962918335089731125381629684160884511610574969480531283790154778287211655546490734588233421214122001314929241220540955 0 0 0 0 0 0 0 0 0 0 0 0 0 0 0 0 0 0 0 0 0 0 0 0 0 0 0 0 0 0 0 0 0 0 1 0 0 0 0 0 0 0 0 0 0 0 0 0 0 0 0 0 0 0 0 0 0 0 0 0 0 0 0 0 0 0 0 0 0 0 0 0 0 0 0 0 0 0 0]
[2281568515446742758097042552799749905823570972962512339480616006316609995851219419542197586350785820884456280272691124240009706818943375798559562937687567849130510641702902199257934876186947230326252240050819665276020498785916993639836281560 0 0 0 0 0 0 0 0 0 0 0 0 0 0 0 0 0 0 0 0 0 0 0 0 0 0 0 0 0 0 0 0 0 0 0 1 0 0 0 0 0 0 0 0 0 0 0 0 0 0 0 0 0 0 0 0 0 0 0 0 0 0 0 0 0 0 0 0 0 0 0 0 0 0 0 0 0 0 0]
[1754278755501458285850254387833658902939518894097083262247565203656978809835871635049140106996562689351075487042072115329014411911551387739151296411619893023586511682259698073596828483982472299614464905650398529839416222782500294588327106284 0 0 0 0 0 0 0 0 0 0 0 0 0 0 0 0 0 0 0 0 0 0 0 0 0 0 0 0 0 0 0 0 0 0 0 0 1 0 0 0 0 0 0 0 0 0 0 0 0 0 0 0 0 0 0 0 0 0 0 0 0 0 0 0 0 0 0 0 0 0 0 0 0 0 0 0 0 0 0]
[4354819193094560395160792653517887351135027933120149083319487793447754589511127903335388138867133339688532508054953453001454521556514418225614035193686592072628581622009773887861761302935558372328617532058836451507828263203402264668921044476 0 0 0 0 0 0 0 0 0 0 0 0 0 0 0 0 0 0 0 0 0 0 0 0 0 0 0 0 0 0 0 0 0 0 0 0 0 1 0 0 0 0 0 0 0 0 0 0 0 0 0 0 0 0 0 0 0 0 0 0 0 0 0 0 0 0 0 0 0 0 0 0 0 0 0 0 0 0 0]
[168691994637236872029574420686357336601973924829630712846935418981828483104037789898648626883005153487823588383974085551596505419643351988938659419571585154739623133427678397183225210526513867840758161888648866378766859963691525241791644298 0 0 0 0 0 0 0 0 0 0 0 0 0 0 0 0 0 0 0 0 0 0 0 0 0 0 0 0 0 0 0 0 0 0 0 0 0 0 1 0 0 0 0 0 0 0 0 0 0 0 0 0 0 0 0 0 0 0 0 0 0 0 0 0 0 0 0 0 0 0 0 0 0 0 0 0 0 0 0]
[3488012397271775067436015769369689176669499750730036801823054597243820099461771253480280111133466962300264039585981335776073053682915729918384607051955438641489862797146184544659921730224132660999902850114957761241152114978999082511751015174 0 0 0 0 0 0 0 0 0 0 0 0 0 0 0 0 0 0 0 0 0 0 0 0 0 0 0 0 0 0 0 0 0 0 0 0 0 0 0 1 0 0 0 0 0 0 0 0 0 0 0 0 0 0 0 0 0 0 0 0 0 0 0 0 0 0 0 0 0 0 0 0 0 0 0 0 0 0 0]
[373397688999857497079606820017356958493031009623058745955223825724025072758193303496525407603929276792130105798934106375030834095983094649891341557111108525670982759778114351501989132524519899555630703015633897521899839177442304130013126000 0 0 0 0 0 0 0 0 0 0 0 0 0 0 0 0 0 0 0 0 0 0 0 0 0 0 0 0 0 0 0 0 0 0 0 0 0 0 0 0 1 0 0 0 0 0 0 0 0 0 0 0 0 0 0 0 0 0 0 0 0 0 0 0 0 0 0 0 0 0 0 0 0 0 0 0 0 0 0]
[1006894176665347966355594368556668628093514096112945974163650921755232841793522673525707928776134292096898014550508083255024462058502777109510084818526997551102724193763265077995046017874879764627642195755549131855914445093211708288545684702 0 0 0 0 0 0 0 0 0 0 0 0 0 0 0 0 0 0 0 0 0 0 0 0 0 0 0 0 0 0 0 0 0 0 0 0 0 0 0 0 0 1 0 0 0 0 0 0 0 0 0 0 0 0 0 0 0 0 0 0 0 0 0 0 0 0 0 0 0 0 0 0 0 0 0 0 0 0 0]
[1038591535357045093875157082958395595560086471834398887539378018502912456802869932393444119333797275722577520950966996505682338121367789914861411837651519589934435037037572025385094516839049632060023105755681770706624175591612993696004445026 0 0 0 0 0 0 0 0 0 0 0 0 0 0 0 0 0 0 0 0 0 0 0 0 0 0 0 0 0 0 0 0 0 0 0 0 0 0 0 0 0 0 1 0 0 0 0 0 0 0 0 0 0 0 0 0 0 0 0 0 0 0 0 0 0 0 0 0 0 0 0 0 0 0 0 0 0 0 0]
[884512695761410620508787015613781205550326756851573811894484686262176784927198402304190390839375829947702638965646082351013336055087411405927764905594191767797336633087424389063417841857011512607975762157400429275317809802417804958511581987 0 0 0 0 0 0 0 0 0 0 0 0 0 0 0 0 0 0 0 0 0 0 0 0 0 0 0 0 0 0 0 0 0 0 0 0 0 0 0 0 0 0 0 1 0 0 0 0 0 0 0 0 0 0 0 0 0 0 0 0 0 0 0 0 0 0 0 0 0 0 0 0 0 0 0 0 0 0 0]
[3929643484361518380648709905447790557969930562543431141836782401418324372612762911911357047419409982298818170105684381359933217101132307077281063797288268348911896674754239560431185855709216336460421974681528218189907606005629541060544379430 0 0 0 0 0 0 0 0 0 0 0 0 0 0 0 0 0 0 0 0 0 0 0 0 0 0 0 0 0 0 0 0 0 0 0 0 0 0 0 0 0 0 0 0 1 0 0 0 0 0 0 0 0 0 0 0 0 0 0 0 0 0 0 0 0 0 0 0 0 0 0 0 0 0 0 0 0 0 0]
[2833604427570087989591005934555592282175330350038266218487707155957028731314900629343927512789970014656728133632540238799698836652936136843331519456084131268673361955687920227824920046535827510537773258972258723911562723820425417114290773077 0 0 0 0 0 0 0 0 0 0 0 0 0 0 0 0 0 0 0 0 0 0 0 0 0 0 0 0 0 0 0 0 0 0 0 0 0 0 0 0 0 0 0 0 0 1 0 0 0 0 0 0 0 0 0 0 0 0 0 0 0 0 0 0 0 0 0 0 0 0 0 0 0 0 0 0 0 0 0]
[3347525376520144299967405716271291664669004519713465545110136933913269093537283370130791104772194552885371393820825181762816123283344393663441113995763169267852854199659701597334302603003411898057553539421722078340103929291373529658577727549 0 0 0 0 0 0 0 0 0 0 0 0 0 0 0 0 0 0 0 0 0 0 0 0 0 0 0 0 0 0 0 0 0 0 0 0 0 0 0 0 0 0 0 0 0 0 1 0 0 0 0 0 0 0 0 0 0 0 0 0 0 0 0 0 0 0 0 0 0 0 0 0 0 0 0 0 0 0 0]
[1944718844227050331354014318275073838946286165083292728819992902419771150088929932333270866295256428019304578457461017167936490571194196609242040647436425026705870739984025067626177723132656021612302219419486199155470739425015941713236544486 0 0 0 0 0 0 0 0 0 0 0 0 0 0 0 0 0 0 0 0 0 0 0 0 0 0 0 0 0 0 0 0 0 0 0 0 0 0 0 0 0 0 0 0 0 0 0 1 0 0 0 0 0 0 0 0 0 0 0 0 0 0 0 0 0 0 0 0 0 0 0 0 0 0 0 0 0 0 0]
[4251347156584701927632536618537461451033471909164713016771907345216553847220839785309006011948460630596596763985801837432900717056406056257354599059891396436585515138449033445800741315215004168521991137312037820067436055646200549614443464555 0 0 0 0 0 0 0 0 0 0 0 0 0 0 0 0 0 0 0 0 0 0 0 0 0 0 0 0 0 0 0 0 0 0 0 0 0 0 0 0 0 0 0 0 0 0 0 0 1 0 0 0 0 0 0 0 0 0 0 0 0 0 0 0 0 0 0 0 0 0 0 0 0 0 0 0 0 0 0]
[388716284879037545304561576713642766445635933311634084448628447398470564189809415653151207940899834501760296264923746115241512557616826274938826468118161163353688552786117316930669155605573971640942312108078075215107704074593468110873367727 0 0 0 0 0 0 0 0 0 0 0 0 0 0 0 0 0 0 0 0 0 0 0 0 0 0 0 0 0 0 0 0 0 0 0 0 0 0 0 0 0 0 0 0 0 0 0 0 0 1 0 0 0 0 0 0 0 0 0 0 0 0 0 0 0 0 0 0 0 0 0 0 0 0 0 0 0 0 0]
[956519152601840484806834380625162475008807712717656208903877431792729063590149333241113128937679369548421635914853023139875952173617500556929160748078519606695247354033001808374683747186054856178784040832187664105510243773653712149057309703 0 0 0 0 0 0 0 0 0 0 0 0 0 0 0 0 0 0 0 0 0 0 0 0 0 0 0 0 0 0 0 0 0 0 0 0 0 0 0 0 0 0 0 0 0 0 0 0 0 0 1 0 0 0 0 0 0 0 0 0 0 0 0 0 0 0 0 0 0 0 0 0 0 0 0 0 0 0 0]
[3662996240230397225496437436310375451343453890076719653616765411034943283477847311608418758567242858003078057102366616344374296733837440635753001266529585828922816524143666490532122386195093999962125454362090308578932066006715187160511865098 0 0 0 0 0 0 0 0 0 0 0 0 0 0 0 0 0 0 0 0 0 0 0 0 0 0 0 0 0 0 0 0 0 0 0 0 0 0 0 0 0 0 0 0 0 0 0 0 0 0 0 1 0 0 0 0 0 0 0 0 0 0 0 0 0 0 0 0 0 0 0 0 0 0 0 0 0 0 0]
[3682677220133613292936701215730508273664012879614405091120174161020844329317192566681814623071588842614374033718610942277145163382459359816212990627482511906942189835236345836230571081039705393464916052223934542053754073826967059082783948701 0 0 0 0 0 0 0 0 0 0 0 0 0 0 0 0 0 0 0 0 0 0 0 0 0 0 0 0 0 0 0 0 0 0 0 0 0 0 0 0 0 0 0 0 0 0 0 0 0 0 0 0 1 0 0 0 0 0 0 0 0 0 0 0 0 0 0 0 0 0 0 0 0 0 0 0 0 0 0]
[3781694887607267862870509882801058913258460826005072887672468521203316266344259629764630004443672287620335543965607499227130684425719379111952325359350074241564634101036874205701967468327973662121622645497678955810550930088326402323241341009 0 0 0 0 0 0 0 0 0 0 0 0 0 0 0 0 0 0 0 0 0 0 0 0 0 0 0 0 0 0 0 0 0 0 0 0 0 0 0 0 0 0 0 0 0 0 0 0 0 0 0 0 0 1 0 0 0 0 0 0 0 0 0 0 0 0 0 0 0 0 0 0 0 0 0 0 0 0 0]
[1844694967561325412746215528299293521429011912156852027685823804286920398138123631697748935569206569790683139160381796345074581622547340435000462405463624620429736806946091951298852031809053478897799377625628299231454910641730995579918305176 0 0 0 0 0 0 0 0 0 0 0 0 0 0 0 0 0 0 0 0 0 0 0 0 0 0 0 0 0 0 0 0 0 0 0 0 0 0 0 0 0 0 0 0 0 0 0 0 0 0 0 0 0 0 1 0 0 0 0 0 0 0 0 0 0 0 0 0 0 0 0 0 0 0 0 0 0 0 0]
[995784123655870138842597807204730723994839232363317163129388332820978675888302123800353708007823788453134652292825133117914269876261788179194641368604372133041973114008667715982616587696904418763850557280162614927098790121988967824836236948 0 0 0 0 0 0 0 0 0 0 0 0 0 0 0 0 0 0 0 0 0 0 0 0 0 0 0 0 0 0 0 0 0 0 0 0 0 0 0 0 0 0 0 0 0 0 0 0 0 0 0 0 0 0 0 1 0 0 0 0 0 0 0 0 0 0 0 0 0 0 0 0 0 0 0 0 0 0 0]
[2019735190793757427936022222670657321235702409093344375939922030779818822026488930595751693489104100065409348008135406145483830626220141926894944191776068839292820244257372493386657335115454084466475959572897418127406293802592285664880616543 0 0 0 0 0 0 0 0 0 0 0 0 0 0 0 0 0 0 0 0 0 0 0 0 0 0 0 0 0 0 0 0 0 0 0 0 0 0 0 0 0 0 0 0 0 0 0 0 0 0 0 0 0 0 0 0 1 0 0 0 0 0 0 0 0 0 0 0 0 0 0 0 0 0 0 0 0 0 0]
[1939545958199193592474347213955801965665042202531561889709826180781916867352247789938924538422648062167593555843542925671298320881818305092191291068915520983990487947385005257633569004504077131112627446824668069688780289103583362312379462972 0 0 0 0 0 0 0 0 0 0 0 0 0 0 0 0 0 0 0 0 0 0 0 0 0 0 0 0 0 0 0 0 0 0 0 0 0 0 0 0 0 0 0 0 0 0 0 0 0 0 0 0 0 0 0 0 0 1 0 0 0 0 0 0 0 0 0 0 0 0 0 0 0 0 0 0 0 0 0]
[4354158647033120722837677227504647818194117930103001978048975195241869575072127719511154246541881377569414604596086541446352977966105854141898849107126463301839286502098848069224937508724259630883748828929456889665256587681408304202235496762 0 0 0 0 0 0 0 0 0 0 0 0 0 0 0 0 0 0 0 0 0 0 0 0 0 0 0 0 0 0 0 0 0 0 0 0 0 0 0 0 0 0 0 0 0 0 0 0 0 0 0 0 0 0 0 0 0 0 1 0 0 0 0 0 0 0 0 0 0 0 0 0 0 0 0 0 0 0 0]
[2313235222567253567638484163185298399573624563164249526673976445655480669722201248174124251645933132851139659120329519244262506875273527939922783647399775576694949604731143370585107773877407321086872112410548212698558549187468988217799745050 0 0 0 0 0 0 0 0 0 0 0 0 0 0 0 0 0 0 0 0 0 0 0 0 0 0 0 0 0 0 0 0 0 0 0 0 0 0 0 0 0 0 0 0 0 0 0 0 0 0 0 0 0 0 0 0 0 0 0 1 0 0 0 0 0 0 0 0 0 0 0 0 0 0 0 0 0 0 0]
[150314229795433696313137991386968543308917180325621853118335328120070202486832111431186214051292039526241825908226100278711570725502489711800464846757990948150843490398402736496987559992510396557095125024753403614889200387974672462228657507 0 0 0 0 0 0 0 0 0 0 0 0 0 0 0 0 0 0 0 0 0 0 0 0 0 0 0 0 0 0 0 0 0 0 0 0 0 0 0 0 0 0 0 0 0 0 0 0 0 0 0 0 0 0 0 0 0 0 0 0 1 0 0 0 0 0 0 0 0 0 0 0 0 0 0 0 0 0 0]
[4162719798811009878136345714230078936422692284079430162060587939319075073202802384597535197334091867286473104645047275289008486980533597585177293559709582576646669699248712127087599061348272065400735384468875084234116749166095609319410103956 0 0 0 0 0 0 0 0 0 0 0 0 0 0 0 0 0 0 0 0 0 0 0 0 0 0 0 0 0 0 0 0 0 0 0 0 0 0 0 0 0 0 0 0 0 0 0 0 0 0 0 0 0 0 0 0 0 0 0 0 0 1 0 0 0 0 0 0 0 0 0 0 0 0 0 0 0 0 0]
[1266200448439249456594456948748206227539109753628505600864257649881508190294478878060513987751097895543904909051653915813936078239731859370299220417700980660126627913096542038821935625960541202839653480039334591329076879873072864239410538974 0 0 0 0 0 0 0 0 0 0 0 0 0 0 0 0 0 0 0 0 0 0 0 0 0 0 0 0 0 0 0 0 0 0 0 0 0 0 0 0 0 0 0 0 0 0 0 0 0 0 0 0 0 0 0 0 0 0 0 0 0 0 1 0 0 0 0 0 0 0 0 0 0 0 0 0 0 0 0]
[3010807712042639692742561014247007658432123124662128810196068475213722318688756987235597412591971510866601393207938552493961928947530638944750759564095148722731406466242251505798419287997194809126118044872495539519333993369734574476939393820 0 0 0 0 0 0 0 0 0 0 0 0 0 0 0 0 0 0 0 0 0 0 0 0 0 0 0 0 0 0 0 0 0 0 0 0 0 0 0 0 0 0 0 0 0 0 0 0 0 0 0 0 0 0 0 0 0 0 0 0 0 0 0 1 0 0 0 0 0 0 0 0 0 0 0 0 0 0 0]
[3040859008256899364019298399970448804286599060043850824784896052907093297289060761506116986851457238363628601855966471541296767864549837462235833273529353556105312229075386014634318091467711799452101549570263202425237447961734068512755425007 0 0 0 0 0 0 0 0 0 0 0 0 0 0 0 0 0 0 0 0 0 0 0 0 0 0 0 0 0 0 0 0 0 0 0 0 0 0 0 0 0 0 0 0 0 0 0 0 0 0 0 0 0 0 0 0 0 0 0 0 0 0 0 0 1 0 0 0 0 0 0 0 0 0 0 0 0 0 0]
[2545712738091556496124234517155056339714190818397924802614365976968127023423723367477530166731112378699829970085411865797780246207417064485859943021141046280025739863296882245207034678831676885057103629138995333324016952614987760164867752407 0 0 0 0 0 0 0 0 0 0 0 0 0 0 0 0 0 0 0 0 0 0 0 0 0 0 0 0 0 0 0 0 0 0 0 0 0 0 0 0 0 0 0 0 0 0 0 0 0 0 0 0 0 0 0 0 0 0 0 0 0 0 0 0 0 1 0 0 0 0 0 0 0 0 0 0 0 0 0]
[2450938245137438564909755345702157265887825671311242052732972603479579696837567534356510114945327817356621784538006772703780109399373757297417809167885863218798834768904153779190543333857809030038664023015355867178509648990332047754832293269 0 0 0 0 0 0 0 0 0 0 0 0 0 0 0 0 0 0 0 0 0 0 0 0 0 0 0 0 0 0 0 0 0 0 0 0 0 0 0 0 0 0 0 0 0 0 0 0 0 0 0 0 0 0 0 0 0 0 0 0 0 0 0 0 0 0 1 0 0 0 0 0 0 0 0 0 0 0 0]
[4122992808548718911114848705059897050441917148173614178162098876302951384702079025103304456290626782782092915177880121979099099113210182647729572761048583448212369206962166880896372461867390020229977206611009469037168453317188854887730942273 0 0 0 0 0 0 0 0 0 0 0 0 0 0 0 0 0 0 0 0 0 0 0 0 0 0 0 0 0 0 0 0 0 0 0 0 0 0 0 0 0 0 0 0 0 0 0 0 0 0 0 0 0 0 0 0 0 0 0 0 0 0 0 0 0 0 0 1 0 0 0 0 0 0 0 0 0 0 0]
[1495615306264126160759457323140558771348839641859517484767276956819888320376480154058258978235726656341289518525997661692766525504517955713517203946310114282988081991962729504061565406823626922282327562704144210612979305790497715672257283390 0 0 0 0 0 0 0 0 0 0 0 0 0 0 0 0 0 0 0 0 0 0 0 0 0 0 0 0 0 0 0 0 0 0 0 0 0 0 0 0 0 0 0 0 0 0 0 0 0 0 0 0 0 0 0 0 0 0 0 0 0 0 0 0 0 0 0 0 1 0 0 0 0 0 0 0 0 0 0]
[859882830079617083681670223086185443523347455633533786830965339112844886759583011589220637218033667999421461633389481034388297977577393906820972996089247494619332345129627763582114128635786811476268660241138684385171961158077989474620224819 0 0 0 0 0 0 0 0 0 0 0 0 0 0 0 0 0 0 0 0 0 0 0 0 0 0 0 0 0 0 0 0 0 0 0 0 0 0 0 0 0 0 0 0 0 0 0 0 0 0 0 0 0 0 0 0 0 0 0 0 0 0 0 0 0 0 0 0 0 1 0 0 0 0 0 0 0 0 0]
[2619189156088536687345788690014042653694131627518260768585442847976537546964858459750762686212979536639818246914117374541226849953320929110289210993426763867758430125912943269301443180065871482475551691000546582030453047512021836831854643550 0 0 0 0 0 0 0 0 0 0 0 0 0 0 0 0 0 0 0 0 0 0 0 0 0 0 0 0 0 0 0 0 0 0 0 0 0 0 0 0 0 0 0 0 0 0 0 0 0 0 0 0 0 0 0 0 0 0 0 0 0 0 0 0 0 0 0 0 0 0 1 0 0 0 0 0 0 0 0]
[2691995553220239312349764769007942479906010089623426873938196663368782206496322735814763728182735513252706609284478086210758575427657260240030794818103767948796954840785100666854993175826342349392380020392876740141727306686987041574341458190 0 0 0 0 0 0 0 0 0 0 0 0 0 0 0 0 0 0 0 0 0 0 0 0 0 0 0 0 0 0 0 0 0 0 0 0 0 0 0 0 0 0 0 0 0 0 0 0 0 0 0 0 0 0 0 0 0 0 0 0 0 0 0 0 0 0 0 0 0 0 0 1 0 0 0 0 0 0 0]
[3705170879452666284071458589136087568927893508603427424804144573680826517927334765188767952580009081162328790137366717583802654134726118732143812670409408080838886205322152655155913645917095072275202514155235709694900734515054421701791798308 0 0 0 0 0 0 0 0 0 0 0 0 0 0 0 0 0 0 0 0 0 0 0 0 0 0 0 0 0 0 0 0 0 0 0 0 0 0 0 0 0 0 0 0 0 0 0 0 0 0 0 0 0 0 0 0 0 0 0 0 0 0 0 0 0 0 0 0 0 0 0 0 1 0 0 0 0 0 0]
[3956127347741876044137311448509139040370419740966521563564507338224120962588719230393028612926234336265338065028643425961599749150131155624381843508971034734520899448756205996468992808104954204488367605426477105566761216524102284863060973362 0 0 0 0 0 0 0 0 0 0 0 0 0 0 0 0 0 0 0 0 0 0 0 0 0 0 0 0 0 0 0 0 0 0 0 0 0 0 0 0 0 0 0 0 0 0 0 0 0 0 0 0 0 0 0 0 0 0 0 0 0 0 0 0 0 0 0 0 0 0 0 0 0 1 0 0 0 0 0]
[3746414916438039296848930965251140661177982585804391163011128106443703054954053026464947202527616206261898204639826321036101706599054503933544395951180174897704777439058827147031519984694700232007547620474685536111973106168785087443973099053 0 0 0 0 0 0 0 0 0 0 0 0 0 0 0 0 0 0 0 0 0 0 0 0 0 0 0 0 0 0 0 0 0 0 0 0 0 0 0 0 0 0 0 0 0 0 0 0 0 0 0 0 0 0 0 0 0 0 0 0 0 0 0 0 0 0 0 0 0 0 0 0 0 0 1 0 0 0 0]
[3276162145145159394034837469706485177617855900713612907930506544882545439486273765086332648045631364302267406334068514186293330637532338485128687574676959793502101773022582962920609307644399958897328653560956094975084071249119326557465593888 0 0 0 0 0 0 0 0 0 0 0 0 0 0 0 0 0 0 0 0 0 0 0 0 0 0 0 0 0 0 0 0 0 0 0 0 0 0 0 0 0 0 0 0 0 0 0 0 0 0 0 0 0 0 0 0 0 0 0 0 0 0 0 0 0 0 0 0 0 0 0 0 0 0 0 1 0 0 0]
[757386337125835191020945180243667046242221661983088278182896581420489386761303933000704275476919015247863118807162283759012051159784814255490340422008224556282433446656691147169064468784078309388473154168573157918210845723206406795690924923 0 0 0 0 0 0 0 0 0 0 0 0 0 0 0 0 0 0 0 0 0 0 0 0 0 0 0 0 0 0 0 0 0 0 0 0 0 0 0 0 0 0 0 0 0 0 0 0 0 0 0 0 0 0 0 0 0 0 0 0 0 0 0 0 0 0 0 0 0 0 0 0 0 0 0 0 1 0 0]
[3944162355698309516387786141247099656946763276672584671266822082092394800138052984480988472796791046847247890273766920913780015925473908800676132558856289087962182753662886332657251592048194273244388945516235866409225322645283877271651673953 0 0 0 0 0 0 0 0 0 0 0 0 0 0 0 0 0 0 0 0 0 0 0 0 0 0 0 0 0 0 0 0 0 0 0 0 0 0 0 0 0 0 0 0 0 0 0 0 0 0 0 0 0 0 0 0 0 0 0 0 0 0 0 0 0 0 0 0 0 0 0 0 0 0 0 0 0 1 0]
[3363569221490513603203183890789289801046772818251623708370410280232691045864114228108995825009832942741374230429620337216215565859663249488970459255766803994051018209248695284607911983193525436995296246958203375569603295386982546565132410928 0 0 0 0 0 0 0 0 0 0 0 0 0 0 0 0 0 0 0 0 0 0 0 0 0 0 0 0 0 0 0 0 0 0 0 0 0 0 0 0 0 0 0 0 0 0 0 0 0 0 0 0 0 0 0 0 0 0 0 0 0 0 0 0 0 0 0 0 0 0 0 0 0 0 0 0 0 0 1]
]
