[[7288291365213522334620075284138421479628307118652843139710657630153170416379879727016503344134809065577787873255961805237188770690881937020006874850666048241584414083358060304019330927202484972362345719749844954572845442677612371114781602433438299388149314659188455419947 0 0 0 0 0 0 0 0 0 0 0 0 0 0 0 0 0 0 0 0 0 0 0 0 0 0 0 0 0 0 0 0 0 0 0 0 0 0 0 0 0 0 0 0 0 0 0 0 0 0 0 0 0 0 0 0 0 0 0 0 0 0 0 0 0 0 0 0 0 0 0 0 0 0 0 0 0 0 0 0 0 0 0 0 0 0 0 0 0]
[3717974931345402277704466881250660995533814992084986124618061305489035051996013153019761051034358242540863016166289625619360259232555335247635392084565624895252946452329843385590198349464445612377424091183757357760331164705417744689197421397954637038995696984808704469557 1 0 0 0 0 0 0 0 0 0 0 0 0 0 0 0 0 0 0 0 0 0 0 0 0 0 0 0 0 0 0 0 0 0 0 0 0 0 0 0 0 0 0 0 0 0 0 0 0 0 0 0 0 0 0 0 0 0 0 0 0 0 0 0 0 0 0 0 0 0 0 0 0 0 0 0 0 0 0 0 0 0 0 0 0 0 0 0 0]
[4041615100347288343979568781769739902800070980344803643549819154210269438265086879585376577143095695568990407821465898378599860442719699852081233459796088637926803823386884371495687275786439857276417426445907019162867119826420960688030754033304454311785593266743993252864 0 1 0 0 0 0 0 0 0 0 0 0 0 0 0 0 0 0 0 0 0 0 0 0 0 0 0 0 0 0 0 0 0 0 0 0 0 0 0 0 0 0 0 0 0 0 0 0 0 0 0 0 0 0 0 0 0 0 0 0 0 0 0 0 0 0 0 0 0 0 0 0 0 0 0 0 0 0 0 0 0 0 0 0 0 0 0 0 0]
[2575405821677142154039462913190927439593875069806154381615958945512782189595077194697811508931060453968414587536701664474877353179439040824126937300630838798293602194534413507198356184129698177673180147852681198995757772704975940763157491943715745422445553772592329325223 0 0 1 0 0 0 0 0 0 0 0 0 0 0 0 0 0 0 0 0 0 0 0 0 0 0 0 0 0 0 0 0 0 0 0 0 0 0 0 0 0 0 0 0 0 0 0 0 0 0 0 0 0 0 0 0 0 0 0 0 0 0 0 0 0 0 0 0 0 0 0 0 0 0 0 0 0 0 0 0 0 0 0 0 0 0 0 0 0]
[6138679023769240740508717306213279669237379247443479352703524925562460151506305541864752071671112235977469727226424798380565078568517593788443894847784056126200442213531910433534221200469695227222381706359302965442646859957110036453308156236140295347661363197261197278433 0 0 0 1 0 0 0 0 0 0 0 0 0 0 0 0 0 0 0 0 0 0 0 0 0 0 0 0 0 0 0 0 0 0 0 0 0 0 0 0 0 0 0 0 0 0 0 0 0 0 0 0 0 0 0 0 0 0 0 0 0 0 0 0 0 0 0 0 0 0 0 0 0 0 0 0 0 0 0 0 0 0 0 0 0 0 0 0 0]
[6033653632802168075674840389845880616082766596893884173675549469145069556817302428273664649900748267488509863860321196446484072210539069259589804290099294068960242705005615538374275024207341301900093569769287088202163675660200955135675464220129425239547313669314429135719 0 0 0 0 1 0 0 0 0 0 0 0 0 0 0 0 0 0 0 0 0 0 0 0 0 0 0 0 0 0 0 0 0 0 0 0 0 0 0 0 0 0 0 0 0 0 0 0 0 0 0 0 0 0 0 0 0 0 0 0 0 0 0 0 0 0 0 0 0 0 0 0 0 0 0 0 0 0 0 0 0 0 0 0 0 0 0 0 0]
[344044372238805344757550618585943829512810007329627623192394824952251809716839204260680427996678679915252890956854085498000307685682346977971405495305709892633316939104446159214067150337720159994059176750740555619265454870358929667816046603624055258201111843810439845335 0 0 0 0 0 1 0 0 0 0 0 0 0 0 0 0 0 0 0 0 0 0 0 0 0 0 0 0 0 0 0 0 0 0 0 0 0 0 0 0 0 0 0 0 0 0 0 0 0 0 0 0 0 0 0 0 0 0 0 0 0 0 0 0 0 0 0 0 0 0 0 0 0 0 0 0 0 0 0 0 0 0 0 0 0 0 0 0 0]
[1620717316246259751457122816942656729752737495857333898609565235882784978152200446989610935164840839643272079598509155941048741742434426502564109596038302529257270207147228406871271440049470956993160799277451377675472432993637185867897508841203933428691409051086350465441 0 0 0 0 0 0 1 0 0 0 0 0 0 0 0 0 0 0 0 0 0 0 0 0 0 0 0 0 0 0 0 0 0 0 0 0 0 0 0 0 0 0 0 0 0 0 0 0 0 0 0 0 0 0 0 0 0 0 0 0 0 0 0 0 0 0 0 0 0 0 0 0 0 0 0 0 0 0 0 0 0 0 0 0 0 0 0 0 0]
[4393855006121650583372666905923098254225328337999834593745731436238137523353451523944720490924664073406993265602732493867329277964776999323269988895852940137682094748898133741427135337398016219458793702506469692023916235368443660154858615795153288184768066283546905496797 0 0 0 0 0 0 0 1 0 0 0 0 0 0 0 0 0 0 0 0 0 0 0 0 0 0 0 0 0 0 0 0 0 0 0 0 0 0 0 0 0 0 0 0 0 0 0 0 0 0 0 0 0 0 0 0 0 0 0 0 0 0 0 0 0 0 0 0 0 0 0 0 0 0 0 0 0 0 0 0 0 0 0 0 0 0 0 0 0]
[6659691801234992808434858368470415559733229913271663486008728966217220497296908671095069003864275706920372620439369923693025921099746176878967141487491465285395124548798855841682825047738227427115606828380482929978478034520611752211085787937969410115350418237512456322861 0 0 0 0 0 0 0 0 1 0 0 0 0 0 0 0 0 0 0 0 0 0 0 0 0 0 0 0 0 0 0 0 0 0 0 0 0 0 0 0 0 0 0 0 0 0 0 0 0 0 0 0 0 0 0 0 0 0 0 0 0 0 0 0 0 0 0 0 0 0 0 0 0 0 0 0 0 0 0 0 0 0 0 0 0 0 0 0 0]
[4218980200739632803005516609418364801739919507489224996348946055837357787832958674522150870763863579868983674499719696267928441565382416575118512788913812773206795460484239547418836444427799752214144295165456532254234379634307815924441860709676473924525241464853252987630 0 0 0 0 0 0 0 0 0 1 0 0 0 0 0 0 0 0 0 0 0 0 0 0 0 0 0 0 0 0 0 0 0 0 0 0 0 0 0 0 0 0 0 0 0 0 0 0 0 0 0 0 0 0 0 0 0 0 0 0 0 0 0 0 0 0 0 0 0 0 0 0 0 0 0 0 0 0 0 0 0 0 0 0 0 0 0 0 0]
[4419720326118386656728775068264543894496287249908318577115120579017018958323437279630240095640094495862013993120191406129695749448594886239884665428652736994581570266068662324688027658473453203153342535324028232125616664306761198192896406147589755621817902198087138068623 0 0 0 0 0 0 0 0 0 0 1 0 0 0 0 0 0 0 0 0 0 0 0 0 0 0 0 0 0 0 0 0 0 0 0 0 0 0 0 0 0 0 0 0 0 0 0 0 0 0 0 0 0 0 0 0 0 0 0 0 0 0 0 0 0 0 0 0 0 0 0 0 0 0 0 0 0 0 0 0 0 0 0 0 0 0 0 0 0]
[4619986321509922473194562619600905824973626669151923738617141329344774846051075402086814195694546950985849292328281299875207495713870011158397956488590953757950934965665263808616154599646668089676570934395843002353906036558189204789320745734249551754868134288474866275376 0 0 0 0 0 0 0 0 0 0 0 1 0 0 0 0 0 0 0 0 0 0 0 0 0 0 0 0 0 0 0 0 0 0 0 0 0 0 0 0 0 0 0 0 0 0 0 0 0 0 0 0 0 0 0 0 0 0 0 0 0 0 0 0 0 0 0 0 0 0 0 0 0 0 0 0 0 0 0 0 0 0 0 0 0 0 0 0 0]
[1214492356971670862804394627228775247663041029699672711438392118105778093365695614361820738974302002849104975999806412381950386752822303066404037592270709368287643349668775748458072687168019241981589479218214898303459816177329719543136019319270898604498417474961022069732 0 0 0 0 0 0 0 0 0 0 0 0 1 0 0 0 0 0 0 0 0 0 0 0 0 0 0 0 0 0 0 0 0 0 0 0 0 0 0 0 0 0 0 0 0 0 0 0 0 0 0 0 0 0 0 0 0 0 0 0 0 0 0 0 0 0 0 0 0 0 0 0 0 0 0 0 0 0 0 0 0 0 0 0 0 0 0 0 0]
[7002672802817500954479127573857332811095567024953467727759622547826929158118340031190031499170165022606800608843963607006452245673247782617373003622924221040403314520601679529249827887533393861110302060565822599117627319413307455147112031282303208324410849972987627800768 0 0 0 0 0 0 0 0 0 0 0 0 0 1 0 0 0 0 0 0 0 0 0 0 0 0 0 0 0 0 0 0 0 0 0 0 0 0 0 0 0 0 0 0 0 0 0 0 0 0 0 0 0 0 0 0 0 0 0 0 0 0 0 0 0 0 0 0 0 0 0 0 0 0 0 0 0 0 0 0 0 0 0 0 0 0 0 0 0]
[749264471381531371664860096979974137651194901895139611938698285651593914188769711091844749326502436576987134418706924909248054913152454457911938111546297865420839651097723517860651192368206536064849803483614888601683456132874076339188302146931103498266678258821456204673 0 0 0 0 0 0 0 0 0 0 0 0 0 0 1 0 0 0 0 0 0 0 0 0 0 0 0 0 0 0 0 0 0 0 0 0 0 0 0 0 0 0 0 0 0 0 0 0 0 0 0 0 0 0 0 0 0 0 0 0 0 0 0 0 0 0 0 0 0 0 0 0 0 0 0 0 0 0 0 0 0 0 0 0 0 0 0 0 0]
[6821990362690163843222943648030276633761188373749850000481942612856487584661248616192720132716592307606271831154433618568529804238898537305697083574698756547611524550040670372883662647604259568923304418881721228719915677303879400935612929705699675951597410114175840369522 0 0 0 0 0 0 0 0 0 0 0 0 0 0 0 1 0 0 0 0 0 0 0 0 0 0 0 0 0 0 0 0 0 0 0 0 0 0 0 0 0 0 0 0 0 0 0 0 0 0 0 0 0 0 0 0 0 0 0 0 0 0 0 0 0 0 0 0 0 0 0 0 0 0 0 0 0 0 0 0 0 0 0 0 0 0 0 0 0]
[2031941418980328196645202843577875652619153274572211338580981666279954721235237256586927537054461303362500438883645162116723472314083051527513206146574395544457591699220180124356726038371084755938419267108540041756140481932657451922682685652759777558777414044269605982396 0 0 0 0 0 0 0 0 0 0 0 0 0 0 0 0 1 0 0 0 0 0 0 0 0 0 0 0 0 0 0 0 0 0 0 0 0 0 0 0 0 0 0 0 0 0 0 0 0 0 0 0 0 0 0 0 0 0 0 0 0 0 0 0 0 0 0 0 0 0 0 0 0 0 0 0 0 0 0 0 0 0 0 0 0 0 0 0 0]
[6788235318947925760191149430997321064696337771583669064111227117114793339892523842289481144813464807302490084150216455743110690637184283140415866652769415524565920977806711051933214908381747975865440281528764066079216302120328195820064125921437081923176199044435143250461 0 0 0 0 0 0 0 0 0 0 0 0 0 0 0 0 0 1 0 0 0 0 0 0 0 0 0 0 0 0 0 0 0 0 0 0 0 0 0 0 0 0 0 0 0 0 0 0 0 0 0 0 0 0 0 0 0 0 0 0 0 0 0 0 0 0 0 0 0 0 0 0 0 0 0 0 0 0 0 0 0 0 0 0 0 0 0 0 0]
[5596312323564170403681138020639095082813926052865203218158337712193766609594963571080481165665848697262681439589264909342676386967849591441094308399868001496541407875378476376037666632833390600230946579859294617980621009149365462267532522943439814897808076172520953528622 0 0 0 0 0 0 0 0 0 0 0 0 0 0 0 0 0 0 1 0 0 0 0 0 0 0 0 0 0 0 0 0 0 0 0 0 0 0 0 0 0 0 0 0 0 0 0 0 0 0 0 0 0 0 0 0 0 0 0 0 0 0 0 0 0 0 0 0 0 0 0 0 0 0 0 0 0 0 0 0 0 0 0 0 0 0 0 0 0]
[731497390290377687981182750401166940059711646915844021166449618201745364309162354713055754405567378627489621079030910094678134126630059623005712173632719324149433067223423545094021336586745997337194323824531668914497289807313427842313292842776574666489972651051232513445 0 0 0 0 0 0 0 0 0 0 0 0 0 0 0 0 0 0 0 1 0 0 0 0 0 0 0 0 0 0 0 0 0 0 0 0 0 0 0 0 0 0 0 0 0 0 0 0 0 0 0 0 0 0 0 0 0 0 0 0 0 0 0 0 0 0 0 0 0 0 0 0 0 0 0 0 0 0 0 0 0 0 0 0 0 0 0 0 0]
[3134747041500052724596771275191250335954748728911175450095231235413397429519539110754420323629709200547328299697862156130734580509109218559732948891114787359710411585066413836645254508598819422601056325526818170821991293815334256977771789386071374109859830367663436422443 0 0 0 0 0 0 0 0 0 0 0 0 0 0 0 0 0 0 0 0 1 0 0 0 0 0 0 0 0 0 0 0 0 0 0 0 0 0 0 0 0 0 0 0 0 0 0 0 0 0 0 0 0 0 0 0 0 0 0 0 0 0 0 0 0 0 0 0 0 0 0 0 0 0 0 0 0 0 0 0 0 0 0 0 0 0 0 0 0]
[891497340095331301885277550675967194103766456029821076668093274736339025868768753116732822015633754323867880820058090844840300992873737972469170060599036591136210916010415656679296732708049225738159167058767626060082273275532477629228886035943705244247651093091659650021 0 0 0 0 0 0 0 0 0 0 0 0 0 0 0 0 0 0 0 0 0 1 0 0 0 0 0 0 0 0 0 0 0 0 0 0 0 0 0 0 0 0 0 0 0 0 0 0 0 0 0 0 0 0 0 0 0 0 0 0 0 0 0 0 0 0 0 0 0 0 0 0 0 0 0 0 0 0 0 0 0 0 0 0 0 0 0 0 0]
[173027975932231025511795661198316502559262019530100871792282434602271861620708517733580872150141298298308962623769740581402374338263718925264408672418121808241220187223354820757284616000628638838558075105471106053757038434048443034288368943492234253861077974519797002620 0 0 0 0 0 0 0 0 0 0 0 0 0 0 0 0 0 0 0 0 0 0 1 0 0 0 0 0 0 0 0 0 0 0 0 0 0 0 0 0 0 0 0 0 0 0 0 0 0 0 0 0 0 0 0 0 0 0 0 0 0 0 0 0 0 0 0 0 0 0 0 0 0 0 0 0 0 0 0 0 0 0 0 0 0 0 0 0 0]
[1602225245641959124716335698990940976997367582581428772552141569382982216496784532662010433205580041147631867976423840318778475401627291326818522283437408913207250775025358389440482591598413963121016373191856184221479403163199629088920606754188274184042228024733673517639 0 0 0 0 0 0 0 0 0 0 0 0 0 0 0 0 0 0 0 0 0 0 0 1 0 0 0 0 0 0 0 0 0 0 0 0 0 0 0 0 0 0 0 0 0 0 0 0 0 0 0 0 0 0 0 0 0 0 0 0 0 0 0 0 0 0 0 0 0 0 0 0 0 0 0 0 0 0 0 0 0 0 0 0 0 0 0 0 0]
[1573918705419755977134246757102789021854746723079310800097791867015890384601021863671147238107684216515703191207735821621469249804759963077898958429833900493145917443848928680015668961345172399309823454001595886633856010427768385106281257113485209827236758814592532982942 0 0 0 0 0 0 0 0 0 0 0 0 0 0 0 0 0 0 0 0 0 0 0 0 1 0 0 0 0 0 0 0 0 0 0 0 0 0 0 0 0 0 0 0 0 0 0 0 0 0 0 0 0 0 0 0 0 0 0 0 0 0 0 0 0 0 0 0 0 0 0 0 0 0 0 0 0 0 0 0 0 0 0 0 0 0 0 0 0]
[2474327995159797147153438434692161599508612058754449626526418585010925060780472071140333806820119591208766688805821317429250191663803098378482493237399159408731001469220920909800641370617263912037313115441029322698343455437887780591088145495416848469321717375971640734078 0 0 0 0 0 0 0 0 0 0 0 0 0 0 0 0 0 0 0 0 0 0 0 0 0 1 0 0 0 0 0 0 0 0 0 0 0 0 0 0 0 0 0 0 0 0 0 0 0 0 0 0 0 0 0 0 0 0 0 0 0 0 0 0 0 0 0 0 0 0 0 0 0 0 0 0 0 0 0 0 0 0 0 0 0 0 0 0 0]
[1480525765974124836412534050905912455296698366512344520157232406771743707836569176999473406521445593912245788794359626061840883406420224872716934487152967073841349009519252566627103773945366964868863475078534687798688795477971720814817441898478136097150305692724509900875 0 0 0 0 0 0 0 0 0 0 0 0 0 0 0 0 0 0 0 0 0 0 0 0 0 0 1 0 0 0 0 0 0 0 0 0 0 0 0 0 0 0 0 0 0 0 0 0 0 0 0 0 0 0 0 0 0 0 0 0 0 0 0 0 0 0 0 0 0 0 0 0 0 0 0 0 0 0 0 0 0 0 0 0 0 0 0 0 0]
[4980769118981017687623717946396158822514389980277699326369489732903480113504788106027345288555996826198854947613001398138356923609984854869194617431854920964136106274482258717871617805805458118307186691662974391522060099076390334769821411667404776223558251731963408087061 0 0 0 0 0 0 0 0 0 0 0 0 0 0 0 0 0 0 0 0 0 0 0 0 0 0 0 1 0 0 0 0 0 0 0 0 0 0 0 0 0 0 0 0 0 0 0 0 0 0 0 0 0 0 0 0 0 0 0 0 0 0 0 0 0 0 0 0 0 0 0 0 0 0 0 0 0 0 0 0 0 0 0 0 0 0 0 0 0]
[5522454327299959903551418265568613353311761576351636877190364110281896046665761762734654619242165904750207619098260558897734282777313553162099083022474548435629510114453738916278574019809729737506553930865406140538012197368507878978846854275733760237019860343463576462598 0 0 0 0 0 0 0 0 0 0 0 0 0 0 0 0 0 0 0 0 0 0 0 0 0 0 0 0 1 0 0 0 0 0 0 0 0 0 0 0 0 0 0 0 0 0 0 0 0 0 0 0 0 0 0 0 0 0 0 0 0 0 0 0 0 0 0 0 0 0 0 0 0 0 0 0 0 0 0 0 0 0 0 0 0 0 0 0 0]
[2673896145208653796537869727339060660748673293853027837733082131762000175786664229883995462971870151986699179097410149812631909630166933486287533633896509648874026234152193093778092411507357247862102501823089332001230071766493192698111447614958533999990772856332146722249 0 0 0 0 0 0 0 0 0 0 0 0 0 0 0 0 0 0 0 0 0 0 0 0 0 0 0 0 0 1 0 0 0 0 0 0 0 0 0 0 0 0 0 0 0 0 0 0 0 0 0 0 0 0 0 0 0 0 0 0 0 0 0 0 0 0 0 0 0 0 0 0 0 0 0 0 0 0 0 0 0 0 0 0 0 0 0 0 0]
[2793815899807565843968395539175151783668597265610660648608448205135880296683052818613418525796051741483658942002660916851434380909412057799571878317074154002765065633789939042483820560683953394741009843383166833299490221301594793321222548695263118212847764739147108817106 0 0 0 0 0 0 0 0 0 0 0 0 0 0 0 0 0 0 0 0 0 0 0 0 0 0 0 0 0 0 1 0 0 0 0 0 0 0 0 0 0 0 0 0 0 0 0 0 0 0 0 0 0 0 0 0 0 0 0 0 0 0 0 0 0 0 0 0 0 0 0 0 0 0 0 0 0 0 0 0 0 0 0 0 0 0 0 0 0]
[3468406002627999702440619327207652354628571409197730372204524360296211200269810894906641256819222236463537258961308236160663624059073119254549555622902817228489580526320564504948601791822309440771982925507482798252050491508974224365085399808992101100268367282419192017695 0 0 0 0 0 0 0 0 0 0 0 0 0 0 0 0 0 0 0 0 0 0 0 0 0 0 0 0 0 0 0 1 0 0 0 0 0 0 0 0 0 0 0 0 0 0 0 0 0 0 0 0 0 0 0 0 0 0 0 0 0 0 0 0 0 0 0 0 0 0 0 0 0 0 0 0 0 0 0 0 0 0 0 0 0 0 0 0 0]
[4425951997284216463707094323925098426425097785042350939472416988292056798214532226251738861003788152340450566904024944187335452370818766701242192615078035962154702736527648434953419178092331452419057680094295829808842707842975652248733635111569925020414945785602443430479 0 0 0 0 0 0 0 0 0 0 0 0 0 0 0 0 0 0 0 0 0 0 0 0 0 0 0 0 0 0 0 0 1 0 0 0 0 0 0 0 0 0 0 0 0 0 0 0 0 0 0 0 0 0 0 0 0 0 0 0 0 0 0 0 0 0 0 0 0 0 0 0 0 0 0 0 0 0 0 0 0 0 0 0 0 0 0 0 0]
[6955693194093247065717829024814707051838975739502374279352748614030409623988023757538813282265705413145294925054422033798436629080579652390328180455564002922488619133091003661545858066844220434263409272060931922621757060909775931905247746912134067826534835226256976777568 0 0 0 0 0 0 0 0 0 0 0 0 0 0 0 0 0 0 0 0 0 0 0 0 0 0 0 0 0 0 0 0 0 1 0 0 0 0 0 0 0 0 0 0 0 0 0 0 0 0 0 0 0 0 0 0 0 0 0 0 0 0 0 0 0 0 0 0 0 0 0 0 0 0 0 0 0 0 0 0 0 0 0 0 0 0 0 0 0]
[6149643826606771692205633282220699534585427697814704453817805138509799501168220912656196235310405588426601686135798176459176922629609200452847534588816948747958303687371817278287262548086447173244713891811127157477464925128587071918985678312718336789055669796358430695110 0 0 0 0 0 0 0 0 0 0 0 0 0 0 0 0 0 0 0 0 0 0 0 0 0 0 0 0 0 0 0 0 0 0 1 0 0 0 0 0 0 0 0 0 0 0 0 0 0 0 0 0 0 0 0 0 0 0 0 0 0 0 0 0 0 0 0 0 0 0 0 0 0 0 0 0 0 0 0 0 0 0 0 0 0 0 0 0 0]
[1590549307322007925647730785457232278496016551477903731846371488208459291554103641710956051013786113559200163223247096329430859929029005043474789948017503380062586095698044717307476763803079073501531230955843886095356683995589936679992529664829754326397714606055400132646 0 0 0 0 0 0 0 0 0 0 0 0 0 0 0 0 0 0 0 0 0 0 0 0 0 0 0 0 0 0 0 0 0 0 0 1 0 0 0 0 0 0 0 0 0 0 0 0 0 0 0 0 0 0 0 0 0 0 0 0 0 0 0 0 0 0 0 0 0 0 0 0 0 0 0 0 0 0 0 0 0 0 0 0 0 0 0 0 0]
[3604047437989427885611868237670278041144435816224094453448934709881731622934126081362709880099452421692295525257356387126372042775823324335898087293961984743166448750212581338737406231825094909392057477321893533686966526485541226497555074057528626433335483492075287676526 0 0 0 0 0 0 0 0 0 0 0 0 0 0 0 0 0 0 0 0 0 0 0 0 0 0 0 0 0 0 0 0 0 0 0 0 1 0 0 0 0 0 0 0 0 0 0 0 0 0 0 0 0 0 0 0 0 0 0 0 0 0 0 0 0 0 0 0 0 0 0 0 0 0 0 0 0 0 0 0 0 0 0 0 0 0 0 0 0]
[61552864029296568263607444894314167250476228747836208312572052249335510342493238817671830710590377007845658812002173052287787777881925214207394944508261041766107477273625518385070841575710659610900030043071618305660111510582963650994148878262098296841931531859063510081 0 0 0 0 0 0 0 0 0 0 0 0 0 0 0 0 0 0 0 0 0 0 0 0 0 0 0 0 0 0 0 0 0 0 0 0 0 1 0 0 0 0 0 0 0 0 0 0 0 0 0 0 0 0 0 0 0 0 0 0 0 0 0 0 0 0 0 0 0 0 0 0 0 0 0 0 0 0 0 0 0 0 0 0 0 0 0 0 0]
[1395841065683056165237757255282123851880168263579521787275437993445582030712090614784728891399004604649851636582674307922176054178012644602854849655201536308976862643085037944928536392725770034747807587120831990287059988208395374008778712334871193882005347990973595143567 0 0 0 0 0 0 0 0 0 0 0 0 0 0 0 0 0 0 0 0 0 0 0 0 0 0 0 0 0 0 0 0 0 0 0 0 0 0 1 0 0 0 0 0 0 0 0 0 0 0 0 0 0 0 0 0 0 0 0 0 0 0 0 0 0 0 0 0 0 0 0 0 0 0 0 0 0 0 0 0 0 0 0 0 0 0 0 0 0]
[1748606566035538367415592883026452394099298409126768206432609811798157528309377875628687605944857927163486206735138878997829316441028011218410905380244171445219237696437314744797673552001363964321112267954271435558800823015030134255530920952005817030397696558687787436137 0 0 0 0 0 0 0 0 0 0 0 0 0 0 0 0 0 0 0 0 0 0 0 0 0 0 0 0 0 0 0 0 0 0 0 0 0 0 0 1 0 0 0 0 0 0 0 0 0 0 0 0 0 0 0 0 0 0 0 0 0 0 0 0 0 0 0 0 0 0 0 0 0 0 0 0 0 0 0 0 0 0 0 0 0 0 0 0 0]
[5686151768475022947029206148550694365872154528294252424318828911378990861063270237644100618996608764128825480192477391666737401700311151990316098089006908385511637381318861129388656814074493844289585238010676239218554873455109696960662482599249322910455707632212736716316 0 0 0 0 0 0 0 0 0 0 0 0 0 0 0 0 0 0 0 0 0 0 0 0 0 0 0 0 0 0 0 0 0 0 0 0 0 0 0 0 1 0 0 0 0 0 0 0 0 0 0 0 0 0 0 0 0 0 0 0 0 0 0 0 0 0 0 0 0 0 0 0 0 0 0 0 0 0 0 0 0 0 0 0 0 0 0 0 0]
[1802143774115538074270065251177040788021139900610012779940391314358726122805511139494802298978715710603933511406388170922263216122317915104114607966603892172671349145306879636964286508378484855408589808700978964999303731861463281033356926912550009360669989007223340657948 0 0 0 0 0 0 0 0 0 0 0 0 0 0 0 0 0 0 0 0 0 0 0 0 0 0 0 0 0 0 0 0 0 0 0 0 0 0 0 0 0 1 0 0 0 0 0 0 0 0 0 0 0 0 0 0 0 0 0 0 0 0 0 0 0 0 0 0 0 0 0 0 0 0 0 0 0 0 0 0 0 0 0 0 0 0 0 0 0]
[2076819724817197696965278270298214413425624845097493502871706947466047335402163529376307258441668274077751473561171640695271723114135763099742019562904837818077311532608568929696724353958165177412409480670186149119317407956657577117627355955478934280767015570846363982182 0 0 0 0 0 0 0 0 0 0 0 0 0 0 0 0 0 0 0 0 0 0 0 0 0 0 0 0 0 0 0 0 0 0 0 0 0 0 0 0 0 0 1 0 0 0 0 0 0 0 0 0 0 0 0 0 0 0 0 0 0 0 0 0 0 0 0 0 0 0 0 0 0 0 0 0 0 0 0 0 0 0 0 0 0 0 0 0 0]
[1175591408196637683742133008975277679143432655417094596528185349188219143090844936881329312640170977369999481991139546721511565644755943769909910456227870797784756000034524968721314420509800824893597477373142724869642317187749082300512785968582881958793648509109530337360 0 0 0 0 0 0 0 0 0 0 0 0 0 0 0 0 0 0 0 0 0 0 0 0 0 0 0 0 0 0 0 0 0 0 0 0 0 0 0 0 0 0 0 1 0 0 0 0 0 0 0 0 0 0 0 0 0 0 0 0 0 0 0 0 0 0 0 0 0 0 0 0 0 0 0 0 0 0 0 0 0 0 0 0 0 0 0 0 0]
[6089658846051700082749762671883170337809007711814816257996144104941921700721411526664783080015772314808099091295404400092940799638827339663812588839760437065845980154101305542727123362721698240760295327461917650100590721877818684255598492648285015594879208377703914798892 0 0 0 0 0 0 0 0 0 0 0 0 0 0 0 0 0 0 0 0 0 0 0 0 0 0 0 0 0 0 0 0 0 0 0 0 0 0 0 0 0 0 0 0 1 0 0 0 0 0 0 0 0 0 0 0 0 0 0 0 0 0 0 0 0 0 0 0 0 0 0 0 0 0 0 0 0 0 0 0 0 0 0 0 0 0 0 0 0]
[1586445694345979973169136191714148916465331672897564467730960406462557556435039560931738952987267323492849405205191071953471228651800598509961242766366734274764177137274954017182661063972255114274125322716677983802206063024221741383405302242412517516570328541535381829407 0 0 0 0 0 0 0 0 0 0 0 0 0 0 0 0 0 0 0 0 0 0 0 0 0 0 0 0 0 0 0 0 0 0 0 0 0 0 0 0 0 0 0 0 0 1 0 0 0 0 0 0 0 0 0 0 0 0 0 0 0 0 0 0 0 0 0 0 0 0 0 0 0 0 0 0 0 0 0 0 0 0 0 0 0 0 0 0 0]
[1820909251404668773030897859680292202607281712812737223600516013119211308548903888890633587578946307593113637516006863990517301967831970418427262478471733164253088419394591818936797781417358256253428845289595664987490887850109882771882035372687967989178217037974673539473 0 0 0 0 0 0 0 0 0 0 0 0 0 0 0 0 0 0 0 0 0 0 0 0 0 0 0 0 0 0 0 0 0 0 0 0 0 0 0 0 0 0 0 0 0 0 1 0 0 0 0 0 0 0 0 0 0 0 0 0 0 0 0 0 0 0 0 0 0 0 0 0 0 0 0 0 0 0 0 0 0 0 0 0 0 0 0 0 0]
[5693099590707163452657311844760902158603921531342363150848248461255761507818261234568983041151496246304126300835388206554849675771840314675926426189136440509336527756294345228994891200858007800982383832779355383249296561861663745500027933825865602107514187767158976083719 0 0 0 0 0 0 0 0 0 0 0 0 0 0 0 0 0 0 0 0 0 0 0 0 0 0 0 0 0 0 0 0 0 0 0 0 0 0 0 0 0 0 0 0 0 0 0 1 0 0 0 0 0 0 0 0 0 0 0 0 0 0 0 0 0 0 0 0 0 0 0 0 0 0 0 0 0 0 0 0 0 0 0 0 0 0 0 0 0]
[1801500547325659740062190201367146300413855111800916724558041018875224644956673558459859877521489902322375026340688626939131435001722892018475959857902875314114827164318699687142489009033167806672205152297406238464815980872332206505702849401704403423107393556792183097243 0 0 0 0 0 0 0 0 0 0 0 0 0 0 0 0 0 0 0 0 0 0 0 0 0 0 0 0 0 0 0 0 0 0 0 0 0 0 0 0 0 0 0 0 0 0 0 0 1 0 0 0 0 0 0 0 0 0 0 0 0 0 0 0 0 0 0 0 0 0 0 0 0 0 0 0 0 0 0 0 0 0 0 0 0 0 0 0 0]
[2485293634628772970349481295896397137708494580332315885784209559114538769503509968391970115773922625225981708458933800525125277471890395480603023160294884471860844534331645917172101073617460645806741746694014835159106236810141180058969293548699085813814397316901017215313 0 0 0 0 0 0 0 0 0 0 0 0 0 0 0 0 0 0 0 0 0 0 0 0 0 0 0 0 0 0 0 0 0 0 0 0 0 0 0 0 0 0 0 0 0 0 0 0 0 1 0 0 0 0 0 0 0 0 0 0 0 0 0 0 0 0 0 0 0 0 0 0 0 0 0 0 0 0 0 0 0 0 0 0 0 0 0 0 0]
[1200269693852571463762962356938896088386455012512986194931979455839025041421383187194851658582029830819119334758118180499026329802362739753375519213204543647397120419491470630127469352659930708404431781803245513599396303402544658024191006269571701781873631958254207932379 0 0 0 0 0 0 0 0 0 0 0 0 0 0 0 0 0 0 0 0 0 0 0 0 0 0 0 0 0 0 0 0 0 0 0 0 0 0 0 0 0 0 0 0 0 0 0 0 0 0 1 0 0 0 0 0 0 0 0 0 0 0 0 0 0 0 0 0 0 0 0 0 0 0 0 0 0 0 0 0 0 0 0 0 0 0 0 0 0]
[2995929713332649486765557231234676017413917241686110300838532417961539062448423592087564250403416182031576119997618817514600612707411961723033101193132044559845134499525905189991346241660312425462265156356965311208532629915357093869305819995478810884739141168607955081951 0 0 0 0 0 0 0 0 0 0 0 0 0 0 0 0 0 0 0 0 0 0 0 0 0 0 0 0 0 0 0 0 0 0 0 0 0 0 0 0 0 0 0 0 0 0 0 0 0 0 0 1 0 0 0 0 0 0 0 0 0 0 0 0 0 0 0 0 0 0 0 0 0 0 0 0 0 0 0 0 0 0 0 0 0 0 0 0 0]
[344734391999398514296733560020008427268929577180909144037781208970155382176322545543644508950469195178398690019314124324092114298456330278107687520937099709544773523928435725205681453913001145113117876923281307111851699066483994225259009414102830730658379589887179676535 0 0 0 0 0 0 0 0 0 0 0 0 0 0 0 0 0 0 0 0 0 0 0 0 0 0 0 0 0 0 0 0 0 0 0 0 0 0 0 0 0 0 0 0 0 0 0 0 0 0 0 0 1 0 0 0 0 0 0 0 0 0 0 0 0 0 0 0 0 0 0 0 0 0 0 0 0 0 0 0 0 0 0 0 0 0 0 0 0]
[3516536128499909364054122247546651784438324066346436681838519469500713911847971190240913754421659653955906263645193465347605754620490772907444642320983942706899943924435674958640355576106498173900512600291920922536137214743327570297657513232378162887387618517683771258469 0 0 0 0 0 0 0 0 0 0 0 0 0 0 0 0 0 0 0 0 0 0 0 0 0 0 0 0 0 0 0 0 0 0 0 0 0 0 0 0 0 0 0 0 0 0 0 0 0 0 0 0 0 1 0 0 0 0 0 0 0 0 0 0 0 0 0 0 0 0 0 0 0 0 0 0 0 0 0 0 0 0 0 0 0 0 0 0 0]
[4918385985418503268815584962750652136015353895873968267919382681348296293180141799797209416481575037564360449666407664939659650051446568249284409533208378014216607057965668840853597925969191440507128210483818137677571337436059215729197451981655764002579424852276194992497 0 0 0 0 0 0 0 0 0 0 0 0 0 0 0 0 0 0 0 0 0 0 0 0 0 0 0 0 0 0 0 0 0 0 0 0 0 0 0 0 0 0 0 0 0 0 0 0 0 0 0 0 0 0 1 0 0 0 0 0 0 0 0 0 0 0 0 0 0 0 0 0 0 0 0 0 0 0 0 0 0 0 0 0 0 0 0 0 0]
[1154012639440856885172484811754511857997678202087088236449355068332463182160645766925683281000813971637951838590526711577319350112972008671069326124985132433031513974174895400658948520209669753140762780653303949360583752630602398743686845560007981604449555450902517678647 0 0 0 0 0 0 0 0 0 0 0 0 0 0 0 0 0 0 0 0 0 0 0 0 0 0 0 0 0 0 0 0 0 0 0 0 0 0 0 0 0 0 0 0 0 0 0 0 0 0 0 0 0 0 0 1 0 0 0 0 0 0 0 0 0 0 0 0 0 0 0 0 0 0 0 0 0 0 0 0 0 0 0 0 0 0 0 0 0]
[4006244604990684229916856979780771687940508281715823551566806220933414119399840401107422052134350864987269176849152164367302525750200486436458537449095343259725972909012903195954354772116923462274469325011781912353818840762070593665967924308124798182352371653270767896765 0 0 0 0 0 0 0 0 0 0 0 0 0 0 0 0 0 0 0 0 0 0 0 0 0 0 0 0 0 0 0 0 0 0 0 0 0 0 0 0 0 0 0 0 0 0 0 0 0 0 0 0 0 0 0 0 1 0 0 0 0 0 0 0 0 0 0 0 0 0 0 0 0 0 0 0 0 0 0 0 0 0 0 0 0 0 0 0 0]
[3396627861937659401888120488741648784595924761517676640118702239202816585285901856891261824016446891848030388080351936688838326137039839846161312408379116795448548905968340028681279180060252638944922701011063464521324124518020630103738167748337651566032693709776705877609 0 0 0 0 0 0 0 0 0 0 0 0 0 0 0 0 0 0 0 0 0 0 0 0 0 0 0 0 0 0 0 0 0 0 0 0 0 0 0 0 0 0 0 0 0 0 0 0 0 0 0 0 0 0 0 0 0 1 0 0 0 0 0 0 0 0 0 0 0 0 0 0 0 0 0 0 0 0 0 0 0 0 0 0 0 0 0 0 0]
[5175297193617993075275663734728525501374431629286691576185415328406490059491686799206735494831127444004307171532068800477256873859394684394578739984649101987387506598708189201501586073891283889716278370339666211521119473875921864130628670131654894242606828293427707777021 0 0 0 0 0 0 0 0 0 0 0 0 0 0 0 0 0 0 0 0 0 0 0 0 0 0 0 0 0 0 0 0 0 0 0 0 0 0 0 0 0 0 0 0 0 0 0 0 0 0 0 0 0 0 0 0 0 0 1 0 0 0 0 0 0 0 0 0 0 0 0 0 0 0 0 0 0 0 0 0 0 0 0 0 0 0 0 0 0]
[1043304375106757746988884762542156073178416789146204776129798797905561308624442302301079620534443758749418043114166691450342767891667194064553917493770927268676303954349856953037272365634463170370174089637303493777620671807523803892045664098015871259938797416784388520524 0 0 0 0 0 0 0 0 0 0 0 0 0 0 0 0 0 0 0 0 0 0 0 0 0 0 0 0 0 0 0 0 0 0 0 0 0 0 0 0 0 0 0 0 0 0 0 0 0 0 0 0 0 0 0 0 0 0 0 1 0 0 0 0 0 0 0 0 0 0 0 0 0 0 0 0 0 0 0 0 0 0 0 0 0 0 0 0 0]
[2768503641340936564345187677429431947409817360168435741955175546248770262461741553834350176327246256060752672137060420019326072472344566053745899563461692010336702104860322829537336943910235382682639166012356897205958716332939495944094107227626072827372839730642704887036 0 0 0 0 0 0 0 0 0 0 0 0 0 0 0 0 0 0 0 0 0 0 0 0 0 0 0 0 0 0 0 0 0 0 0 0 0 0 0 0 0 0 0 0 0 0 0 0 0 0 0 0 0 0 0 0 0 0 0 0 1 0 0 0 0 0 0 0 0 0 0 0 0 0 0 0 0 0 0 0 0 0 0 0 0 0 0 0 0]
[1045776853952962323232433279218698248008326217961651048712948104958326508966647580209865904964846812391423113883573559849668668532662232853529786162713727988822711261077704168257577583152155760478516678745938641343259652392035838074476736329431088808856437025822569570436 0 0 0 0 0 0 0 0 0 0 0 0 0 0 0 0 0 0 0 0 0 0 0 0 0 0 0 0 0 0 0 0 0 0 0 0 0 0 0 0 0 0 0 0 0 0 0 0 0 0 0 0 0 0 0 0 0 0 0 0 0 1 0 0 0 0 0 0 0 0 0 0 0 0 0 0 0 0 0 0 0 0 0 0 0 0 0 0 0]
[163584411250395383566427697913388398813752302900562204506704744497146982807116672414259544745248958089590235686068470089590655358305697315741333930166517103471198776272082795075732976387522611695852506805907084784744890204025636878676065282866015950481498539559252191450 0 0 0 0 0 0 0 0 0 0 0 0 0 0 0 0 0 0 0 0 0 0 0 0 0 0 0 0 0 0 0 0 0 0 0 0 0 0 0 0 0 0 0 0 0 0 0 0 0 0 0 0 0 0 0 0 0 0 0 0 0 0 1 0 0 0 0 0 0 0 0 0 0 0 0 0 0 0 0 0 0 0 0 0 0 0 0 0 0]
[6454455687126683950561330477849114131338927559379847245582940706965770115218820495936629653758329883333315214245638569522374368408478483128957748447182840489583275723378297490247384008025392842541538287834905789461540848088008994223751318471327374426371245271866873633279 0 0 0 0 0 0 0 0 0 0 0 0 0 0 0 0 0 0 0 0 0 0 0 0 0 0 0 0 0 0 0 0 0 0 0 0 0 0 0 0 0 0 0 0 0 0 0 0 0 0 0 0 0 0 0 0 0 0 0 0 0 0 0 1 0 0 0 0 0 0 0 0 0 0 0 0 0 0 0 0 0 0 0 0 0 0 0 0 0]
[2572516459994761113953745000695072799228410076886865335402840770362728570726672811053957742420380834826717602620836177565826489327121868498326316832072308078266073059488844928679105624504795171790578042586525400821273119840106071941449725354124691124123420606535522189779 0 0 0 0 0 0 0 0 0 0 0 0 0 0 0 0 0 0 0 0 0 0 0 0 0 0 0 0 0 0 0 0 0 0 0 0 0 0 0 0 0 0 0 0 0 0 0 0 0 0 0 0 0 0 0 0 0 0 0 0 0 0 0 0 1 0 0 0 0 0 0 0 0 0 0 0 0 0 0 0 0 0 0 0 0 0 0 0 0]
[2995812628696791596145405411684491800512384435664369483430591406598980371159519601225083446811236062359259259297442716122530736320077797217694050757653830900118843633930119818795873558645573109392180775617957348844678451773007450035633611740845880988101845290707834657057 0 0 0 0 0 0 0 0 0 0 0 0 0 0 0 0 0 0 0 0 0 0 0 0 0 0 0 0 0 0 0 0 0 0 0 0 0 0 0 0 0 0 0 0 0 0 0 0 0 0 0 0 0 0 0 0 0 0 0 0 0 0 0 0 0 1 0 0 0 0 0 0 0 0 0 0 0 0 0 0 0 0 0 0 0 0 0 0 0]
[419822536398149656312279488269891910552828901782373598486459215406142366539148408016510262945083888812601495227895805044106124198262312936457898060348599025772077141981850728790102210309452258395342770529392017747457322650886654616635735219452442325891119564163588529864 0 0 0 0 0 0 0 0 0 0 0 0 0 0 0 0 0 0 0 0 0 0 0 0 0 0 0 0 0 0 0 0 0 0 0 0 0 0 0 0 0 0 0 0 0 0 0 0 0 0 0 0 0 0 0 0 0 0 0 0 0 0 0 0 0 0 1 0 0 0 0 0 0 0 0 0 0 0 0 0 0 0 0 0 0 0 0 0 0]
[6658604651422674781429440918838281303714965399466801296427412667310710956673163073860484712313033588711242424652710246237458352822878103751060987965297448892902258754118495155899603470263322322023007142265558023604916276685933402635858494042074995660518584783309756012477 0 0 0 0 0 0 0 0 0 0 0 0 0 0 0 0 0 0 0 0 0 0 0 0 0 0 0 0 0 0 0 0 0 0 0 0 0 0 0 0 0 0 0 0 0 0 0 0 0 0 0 0 0 0 0 0 0 0 0 0 0 0 0 0 0 0 0 1 0 0 0 0 0 0 0 0 0 0 0 0 0 0 0 0 0 0 0 0 0]
[6874187651494700203190984516013570945604248643991635321646820862787168636663607388709522207233559464846103241752664885426117052028669291071704777040016901760487083548130902864412975612518190573291354133301624289397143783347737274971686750428563024869249492792851298385822 0 0 0 0 0 0 0 0 0 0 0 0 0 0 0 0 0 0 0 0 0 0 0 0 0 0 0 0 0 0 0 0 0 0 0 0 0 0 0 0 0 0 0 0 0 0 0 0 0 0 0 0 0 0 0 0 0 0 0 0 0 0 0 0 0 0 0 0 1 0 0 0 0 0 0 0 0 0 0 0 0 0 0 0 0 0 0 0 0]
[882196163292456119916915685675260437666539741787465676993900517607759829194637196157267483994797827251352835570744519459015115558694317695196528441015251827582963451930728416609999659364565103773691769394675459161701598959304164158643480827712394692723126040108104254236 0 0 0 0 0 0 0 0 0 0 0 0 0 0 0 0 0 0 0 0 0 0 0 0 0 0 0 0 0 0 0 0 0 0 0 0 0 0 0 0 0 0 0 0 0 0 0 0 0 0 0 0 0 0 0 0 0 0 0 0 0 0 0 0 0 0 0 0 0 1 0 0 0 0 0 0 0 0 0 0 0 0 0 0 0 0 0 0 0]
[6264209872240207750185541164805804885348607347640659591291342453277422049848782618939275937482398689698667135192032835582725812038605513346563242396226910535598626076807207562896913946610790201062716816196635539290834306700133081108211313119622381095999848713481027616022 0 0 0 0 0 0 0 0 0 0 0 0 0 0 0 0 0 0 0 0 0 0 0 0 0 0 0 0 0 0 0 0 0 0 0 0 0 0 0 0 0 0 0 0 0 0 0 0 0 0 0 0 0 0 0 0 0 0 0 0 0 0 0 0 0 0 0 0 0 0 1 0 0 0 0 0 0 0 0 0 0 0 0 0 0 0 0 0 0]
[4242100641221097054253899139886662966250086032825334744933271562613854885238614096907402498298991899380858191452523950321068621032161266027397665951577163682581985624534762887831485268868451739420333195597375170199842676125155076018854334028872996876755839830357149758225 0 0 0 0 0 0 0 0 0 0 0 0 0 0 0 0 0 0 0 0 0 0 0 0 0 0 0 0 0 0 0 0 0 0 0 0 0 0 0 0 0 0 0 0 0 0 0 0 0 0 0 0 0 0 0 0 0 0 0 0 0 0 0 0 0 0 0 0 0 0 0 1 0 0 0 0 0 0 0 0 0 0 0 0 0 0 0 0 0]
[3884802035771948774492477631497984418579601252552083909305871344372715005135542426076274683150976429356776692000031066109946002185927517914664485516324278490062695519811762762086472088389869139245173987717814122233007585546516895546682606339994670997684999859872859741611 0 0 0 0 0 0 0 0 0 0 0 0 0 0 0 0 0 0 0 0 0 0 0 0 0 0 0 0 0 0 0 0 0 0 0 0 0 0 0 0 0 0 0 0 0 0 0 0 0 0 0 0 0 0 0 0 0 0 0 0 0 0 0 0 0 0 0 0 0 0 0 0 1 0 0 0 0 0 0 0 0 0 0 0 0 0 0 0 0]
[6780103755352663558309115979521173909576600742389258231559865932404129167595743684297067024449987561281353485620818546673313535054610013099928463132911924967747170173540471797583265999348394095954458765467676089884077976269542190897458534738484133558279111445927858899780 0 0 0 0 0 0 0 0 0 0 0 0 0 0 0 0 0 0 0 0 0 0 0 0 0 0 0 0 0 0 0 0 0 0 0 0 0 0 0 0 0 0 0 0 0 0 0 0 0 0 0 0 0 0 0 0 0 0 0 0 0 0 0 0 0 0 0 0 0 0 0 0 0 1 0 0 0 0 0 0 0 0 0 0 0 0 0 0 0]
[6902325617132329813703774262967003030480506948598458961338396176220931604487075819844821319631472630821523409449716765138982234146515931842683432616922906499799016985190580045722797141511922810074974364644913147619946955328286475740961781723748908139940279784935888323407 0 0 0 0 0 0 0 0 0 0 0 0 0 0 0 0 0 0 0 0 0 0 0 0 0 0 0 0 0 0 0 0 0 0 0 0 0 0 0 0 0 0 0 0 0 0 0 0 0 0 0 0 0 0 0 0 0 0 0 0 0 0 0 0 0 0 0 0 0 0 0 0 0 0 1 0 0 0 0 0 0 0 0 0 0 0 0 0 0]
[5568917894618905640719671634753728973498844693298745758993243021247239057093022314255839279591069150885164878187101977593916352199953132806339379689215967997414625176918531305823202564074815844153150716690824713291668333520596044694846476115219016260598517673007590474521 0 0 0 0 0 0 0 0 0 0 0 0 0 0 0 0 0 0 0 0 0 0 0 0 0 0 0 0 0 0 0 0 0 0 0 0 0 0 0 0 0 0 0 0 0 0 0 0 0 0 0 0 0 0 0 0 0 0 0 0 0 0 0 0 0 0 0 0 0 0 0 0 0 0 0 1 0 0 0 0 0 0 0 0 0 0 0 0 0]
[5217004276392201345810220090728228588968028988486963021373806056953309500411848312220824638992475728505656309441558389957949896638997057409675145445764003156763037757912586712038668010838346765914922800719379248188019700746780330501439787576309251300114782185845286064410 0 0 0 0 0 0 0 0 0 0 0 0 0 0 0 0 0 0 0 0 0 0 0 0 0 0 0 0 0 0 0 0 0 0 0 0 0 0 0 0 0 0 0 0 0 0 0 0 0 0 0 0 0 0 0 0 0 0 0 0 0 0 0 0 0 0 0 0 0 0 0 0 0 0 0 0 1 0 0 0 0 0 0 0 0 0 0 0 0]
[1581970916318410384828312394921613564847375699444717645477962547230991301598716890787889304948167746870860950491366893336274927875788467074834412185781543116120335158723865651615569444879555803482462507285261776044268315964759192724750663956503925751692041843747181613642 0 0 0 0 0 0 0 0 0 0 0 0 0 0 0 0 0 0 0 0 0 0 0 0 0 0 0 0 0 0 0 0 0 0 0 0 0 0 0 0 0 0 0 0 0 0 0 0 0 0 0 0 0 0 0 0 0 0 0 0 0 0 0 0 0 0 0 0 0 0 0 0 0 0 0 0 0 1 0 0 0 0 0 0 0 0 0 0 0]
[7140892223504222025414589026653981509208757648421474912301596430977578572565163117115107756115988392727199962586138465936627309733391039778458278114515238595598889888669680430816154927361423634997590854620409850480764927479752818440049268886803680115526373260809654657409 0 0 0 0 0 0 0 0 0 0 0 0 0 0 0 0 0 0 0 0 0 0 0 0 0 0 0 0 0 0 0 0 0 0 0 0 0 0 0 0 0 0 0 0 0 0 0 0 0 0 0 0 0 0 0 0 0 0 0 0 0 0 0 0 0 0 0 0 0 0 0 0 0 0 0 0 0 0 1 0 0 0 0 0 0 0 0 0 0]
[3480120719691686301023194685589147468844749529876701221079328650090711514314892249865294686213740796460655357157653713343110470990144878721913953695620378524614204592723574340934246680070851098709819605000475462414087358485124431589048053824566362192265283105805325209604 0 0 0 0 0 0 0 0 0 0 0 0 0 0 0 0 0 0 0 0 0 0 0 0 0 0 0 0 0 0 0 0 0 0 0 0 0 0 0 0 0 0 0 0 0 0 0 0 0 0 0 0 0 0 0 0 0 0 0 0 0 0 0 0 0 0 0 0 0 0 0 0 0 0 0 0 0 0 0 1 0 0 0 0 0 0 0 0 0]
[417252248161033765409575801460260975458104822208164680632720543885903103262182335947665201740013496662050425602057201397158384156860839008500011435780903327462954669282363397110272425997116735363361804919433021034100146746723380300383364060821203120965537724282318305077 0 0 0 0 0 0 0 0 0 0 0 0 0 0 0 0 0 0 0 0 0 0 0 0 0 0 0 0 0 0 0 0 0 0 0 0 0 0 0 0 0 0 0 0 0 0 0 0 0 0 0 0 0 0 0 0 0 0 0 0 0 0 0 0 0 0 0 0 0 0 0 0 0 0 0 0 0 0 0 0 1 0 0 0 0 0 0 0 0]
[7016286748447392032931107892346419747401188989483797633972695406459383142440374905594994958101765713652873364153944335344945430208796806475607890001687915219084482871006478120245486186900884902510783234974821359837393595871296266296412797822562455826300913260946774207870 0 0 0 0 0 0 0 0 0 0 0 0 0 0 0 0 0 0 0 0 0 0 0 0 0 0 0 0 0 0 0 0 0 0 0 0 0 0 0 0 0 0 0 0 0 0 0 0 0 0 0 0 0 0 0 0 0 0 0 0 0 0 0 0 0 0 0 0 0 0 0 0 0 0 0 0 0 0 0 0 0 1 0 0 0 0 0 0 0]
[1442407457234411300029091116222519786845836200217534003077596539753322184520186449387736736985663315512490389202901264617620117652523746370236405203835204945924211388407969772915578978814046354685030027879058754550240878777025713315933115893431797943755928470258930920071 0 0 0 0 0 0 0 0 0 0 0 0 0 0 0 0 0 0 0 0 0 0 0 0 0 0 0 0 0 0 0 0 0 0 0 0 0 0 0 0 0 0 0 0 0 0 0 0 0 0 0 0 0 0 0 0 0 0 0 0 0 0 0 0 0 0 0 0 0 0 0 0 0 0 0 0 0 0 0 0 0 0 1 0 0 0 0 0 0]
[3302819844774870521429793112539970205109662115876162407499461001205467010331173052835578442724672413391662437850755342206436309250890384024870251459433514194678152864278643324731654499692581539118204405125827225094599728167488949185661846945872370283834813084353151706130 0 0 0 0 0 0 0 0 0 0 0 0 0 0 0 0 0 0 0 0 0 0 0 0 0 0 0 0 0 0 0 0 0 0 0 0 0 0 0 0 0 0 0 0 0 0 0 0 0 0 0 0 0 0 0 0 0 0 0 0 0 0 0 0 0 0 0 0 0 0 0 0 0 0 0 0 0 0 0 0 0 0 0 1 0 0 0 0 0]
[3582597653309940370028559756609085193653816276320021672508690899603354487574472578247824392319357322773940453621017357617017553940328813021359967747605181249957406894287212986390285963406267881523076999479695017154723082776811150925702460564560840283252009827095854392586 0 0 0 0 0 0 0 0 0 0 0 0 0 0 0 0 0 0 0 0 0 0 0 0 0 0 0 0 0 0 0 0 0 0 0 0 0 0 0 0 0 0 0 0 0 0 0 0 0 0 0 0 0 0 0 0 0 0 0 0 0 0 0 0 0 0 0 0 0 0 0 0 0 0 0 0 0 0 0 0 0 0 0 0 1 0 0 0 0]
[6376415596546362331560339374374761490227300211086524373263245499231349975501451211826528597618656820623167943484855450520611730342844000250860953725130527041100493070846895444307253290418060417186660785272010944644342440395476571739235788344314872695377699738755618544473 0 0 0 0 0 0 0 0 0 0 0 0 0 0 0 0 0 0 0 0 0 0 0 0 0 0 0 0 0 0 0 0 0 0 0 0 0 0 0 0 0 0 0 0 0 0 0 0 0 0 0 0 0 0 0 0 0 0 0 0 0 0 0 0 0 0 0 0 0 0 0 0 0 0 0 0 0 0 0 0 0 0 0 0 0 1 0 0 0]
[4229616564435553337674513567219976032555375276923223774101214769991303747053452620597997118843919041412222875026247837391071722865910712095705806280594380759780695970104176709255014798872805931815827513287546724844510742454595649317367038588352228144120954339752722561599 0 0 0 0 0 0 0 0 0 0 0 0 0 0 0 0 0 0 0 0 0 0 0 0 0 0 0 0 0 0 0 0 0 0 0 0 0 0 0 0 0 0 0 0 0 0 0 0 0 0 0 0 0 0 0 0 0 0 0 0 0 0 0 0 0 0 0 0 0 0 0 0 0 0 0 0 0 0 0 0 0 0 0 0 0 0 1 0 0]
[2463466552295829326802986834963072032596915218081616740681563083446351580936823098279663431214268476079878447028228440196837389375799585255184765431363112938385985423259641652115027276625075195367525686358869123973675692254988215360772515263239503706524883279710247162375 0 0 0 0 0 0 0 0 0 0 0 0 0 0 0 0 0 0 0 0 0 0 0 0 0 0 0 0 0 0 0 0 0 0 0 0 0 0 0 0 0 0 0 0 0 0 0 0 0 0 0 0 0 0 0 0 0 0 0 0 0 0 0 0 0 0 0 0 0 0 0 0 0 0 0 0 0 0 0 0 0 0 0 0 0 0 0 1 0]
[2033723851118138177126715593499027047133144678923602815126627651862412888039948596806657140000693776535931792686672683426263806429954708716211638442910813165377075430895345095132426379376116868577013945879641500157335210946596946144061404355576026653684184177591153580655 0 0 0 0 0 0 0 0 0 0 0 0 0 0 0 0 0 0 0 0 0 0 0 0 0 0 0 0 0 0 0 0 0 0 0 0 0 0 0 0 0 0 0 0 0 0 0 0 0 0 0 0 0 0 0 0 0 0 0 0 0 0 0 0 0 0 0 0 0 0 0 0 0 0 0 0 0 0 0 0 0 0 0 0 0 0 0 0 1]
]
