[[9829237139019794599943192586703334741778911475921943329278379352363892564304532689183279431315671052124719408328690552237766768960613495442771619893903839543798871520369178504974170546150934491566917814043904166305084924806462097909666435442393505588849095719160185661260279034623870467810483893003381774756313638285874975325477123 0 0 0 0 0 0 0 0 0 0 0 0 0 0 0 0 0 0 0 0 0 0 0 0 0 0 0 0 0 0 0 0 0 0 0 0 0 0 0 0 0 0 0 0 0 0 0 0 0 0 0 0 0 0 0 0 0 0 0 0 0 0 0 0 0 0 0 0 0 0 0 0 0 0 0 0 0 0 0 0 0 0 0 0 0 0 0 0 0 0 0 0 0 0 0 0 0 0 0 0 0 0 0 0 0 0 0 0 0]
[1751580014316208025574726681077510696648023358412467613655184789543185787705619305598846037213683409410592440735381384545176080384042690921878047028407447779423762915288193941017549436608539569749459393053081469058135448992457991591415066973674085627480956204530484804284794436363707798448357398822886406873648020228734345558381020 1 0 0 0 0 0 0 0 0 0 0 0 0 0 0 0 0 0 0 0 0 0 0 0 0 0 0 0 0 0 0 0 0 0 0 0 0 0 0 0 0 0 0 0 0 0 0 0 0 0 0 0 0 0 0 0 0 0 0 0 0 0 0 0 0 0 0 0 0 0 0 0 0 0 0 0 0 0 0 0 0 0 0 0 0 0 0 0 0 0 0 0 0 0 0 0 0 0 0 0 0 0 0 0 0 0 0 0 0]
[1575209216686918155038577475809759292697680330459853030989929410545334086988081622925335482760909845393364665506031202498921640047992365657460246819557718174583298107263455227633553982857700124258804118877052888533683107609246160166212643950076036898820226904737389847294374352412731113473289318916925934864682804194051176400723383 0 1 0 0 0 0 0 0 0 0 0 0 0 0 0 0 0 0 0 0 0 0 0 0 0 0 0 0 0 0 0 0 0 0 0 0 0 0 0 0 0 0 0 0 0 0 0 0 0 0 0 0 0 0 0 0 0 0 0 0 0 0 0 0 0 0 0 0 0 0 0 0 0 0 0 0 0 0 0 0 0 0 0 0 0 0 0 0 0 0 0 0 0 0 0 0 0 0 0 0 0 0 0 0 0 0 0 0 0]
[4866954557242687026099151502249909727281602337691297724489351217110261177876522837101766766892838870424129186692763428864160945337330953159767690137664891951385111072593428604316463697287813006259078116329142575525956664473677055856163957041278652873533136688043459913203550684370955342547704603073570264423125173894024524270457908 0 0 1 0 0 0 0 0 0 0 0 0 0 0 0 0 0 0 0 0 0 0 0 0 0 0 0 0 0 0 0 0 0 0 0 0 0 0 0 0 0 0 0 0 0 0 0 0 0 0 0 0 0 0 0 0 0 0 0 0 0 0 0 0 0 0 0 0 0 0 0 0 0 0 0 0 0 0 0 0 0 0 0 0 0 0 0 0 0 0 0 0 0 0 0 0 0 0 0 0 0 0 0 0 0 0 0 0 0]
[1574168950380322758478560675113659539794900048567100645749614892903076180952632699904474721787339325146190088896848523709857281547249482923658762800847258845235383532964717019960885526424392235536028586705623506678952535698187098094287856269731436818613008269439991172752773304691783219863950436075598285335904949068297385754710464 0 0 0 1 0 0 0 0 0 0 0 0 0 0 0 0 0 0 0 0 0 0 0 0 0 0 0 0 0 0 0 0 0 0 0 0 0 0 0 0 0 0 0 0 0 0 0 0 0 0 0 0 0 0 0 0 0 0 0 0 0 0 0 0 0 0 0 0 0 0 0 0 0 0 0 0 0 0 0 0 0 0 0 0 0 0 0 0 0 0 0 0 0 0 0 0 0 0 0 0 0 0 0 0 0 0 0 0 0]
[5338574290891896569160180827703328176066659106570019010898457872335734329253136003364514827541849624612483233884120955048003860415509563491340536101886416536797490401234832761786003703040853098899712171321847597730848949060236539351521365186540023479094695016609093252208475876925092485295790831840728802285999015783005162554586635 0 0 0 0 1 0 0 0 0 0 0 0 0 0 0 0 0 0 0 0 0 0 0 0 0 0 0 0 0 0 0 0 0 0 0 0 0 0 0 0 0 0 0 0 0 0 0 0 0 0 0 0 0 0 0 0 0 0 0 0 0 0 0 0 0 0 0 0 0 0 0 0 0 0 0 0 0 0 0 0 0 0 0 0 0 0 0 0 0 0 0 0 0 0 0 0 0 0 0 0 0 0 0 0 0 0 0 0 0]
[6720836545953704721706673252728449183594327410293460674203422180507590875179562950675332087609522460527850719319157062840466867430019938285969206694103466591953566837038400851857445953705807643427477289294647208746597136876199267733650156095955940778625728333993496653187948658446040454172098205492867213976169746072619012089897870 0 0 0 0 0 1 0 0 0 0 0 0 0 0 0 0 0 0 0 0 0 0 0 0 0 0 0 0 0 0 0 0 0 0 0 0 0 0 0 0 0 0 0 0 0 0 0 0 0 0 0 0 0 0 0 0 0 0 0 0 0 0 0 0 0 0 0 0 0 0 0 0 0 0 0 0 0 0 0 0 0 0 0 0 0 0 0 0 0 0 0 0 0 0 0 0 0 0 0 0 0 0 0 0 0 0 0 0 0]
[7371996823580580899707462558856415735609280720606199632435846038520123272865234843239180330748843970311796868926633372083787641217494174807114628954650280828069727420161516088002647408946890824932223523578996133537304670820343702936178916040410883724520190542770414043985181886496176897260953167265754202125417150717020534620249105 0 0 0 0 0 0 1 0 0 0 0 0 0 0 0 0 0 0 0 0 0 0 0 0 0 0 0 0 0 0 0 0 0 0 0 0 0 0 0 0 0 0 0 0 0 0 0 0 0 0 0 0 0 0 0 0 0 0 0 0 0 0 0 0 0 0 0 0 0 0 0 0 0 0 0 0 0 0 0 0 0 0 0 0 0 0 0 0 0 0 0 0 0 0 0 0 0 0 0 0 0 0 0 0 0 0 0 0 0]
[6460875166282994357865804848888088193350819019820529523736178563078398577654071512382672752406654811014518441062732044182466863273881611177673139458277008580809799573498802143126015350966809184151988372508234735445875426571073016316660933570807406542525746602139447849548967668393092810773868802049271584824623010536658605723157461 0 0 0 0 0 0 0 1 0 0 0 0 0 0 0 0 0 0 0 0 0 0 0 0 0 0 0 0 0 0 0 0 0 0 0 0 0 0 0 0 0 0 0 0 0 0 0 0 0 0 0 0 0 0 0 0 0 0 0 0 0 0 0 0 0 0 0 0 0 0 0 0 0 0 0 0 0 0 0 0 0 0 0 0 0 0 0 0 0 0 0 0 0 0 0 0 0 0 0 0 0 0 0 0 0 0 0 0 0]
[6204189422473035850142477004210832856208300271826773822194151705614540286176686973395802744055713160242412880451567022179668055850458136216552171737485634808750168229144628045764781382949329988346245701559153749555132114870218787042174801162670691602815667059630671196491012581702859408774847104052703019502436244997572023755112125 0 0 0 0 0 0 0 0 1 0 0 0 0 0 0 0 0 0 0 0 0 0 0 0 0 0 0 0 0 0 0 0 0 0 0 0 0 0 0 0 0 0 0 0 0 0 0 0 0 0 0 0 0 0 0 0 0 0 0 0 0 0 0 0 0 0 0 0 0 0 0 0 0 0 0 0 0 0 0 0 0 0 0 0 0 0 0 0 0 0 0 0 0 0 0 0 0 0 0 0 0 0 0 0 0 0 0 0 0]
[1141348835249732524123119368867314815895871169914476252987906494987500685165007922430660676554756141128459306100647290999182906358736806930751350943187985514049239536241997335569358436704124589395597313259385918481947570158387499012002537092059081312933120519351893446516189930737833042026614933485780524566697001378949422493253722 0 0 0 0 0 0 0 0 0 1 0 0 0 0 0 0 0 0 0 0 0 0 0 0 0 0 0 0 0 0 0 0 0 0 0 0 0 0 0 0 0 0 0 0 0 0 0 0 0 0 0 0 0 0 0 0 0 0 0 0 0 0 0 0 0 0 0 0 0 0 0 0 0 0 0 0 0 0 0 0 0 0 0 0 0 0 0 0 0 0 0 0 0 0 0 0 0 0 0 0 0 0 0 0 0 0 0 0 0]
[2148142559218722141835239835175611351539212087476322437516108199733185459800255444463375346726964896771191333695159112532565953962326094571676801955512885197772038924540154942649965891445801957978984052327346709169697755842657444673835749517551901954685225354751476469844720545367859781227971075355136645001647292551837857753128176 0 0 0 0 0 0 0 0 0 0 1 0 0 0 0 0 0 0 0 0 0 0 0 0 0 0 0 0 0 0 0 0 0 0 0 0 0 0 0 0 0 0 0 0 0 0 0 0 0 0 0 0 0 0 0 0 0 0 0 0 0 0 0 0 0 0 0 0 0 0 0 0 0 0 0 0 0 0 0 0 0 0 0 0 0 0 0 0 0 0 0 0 0 0 0 0 0 0 0 0 0 0 0 0 0 0 0 0 0]
[5164888613619762823621742805874196792027280309798150730685179454860931936492424572694613415382883127289158741050368388167933095149443227334039837795444316236584744575356559059013234695813656832326041929661035023099682343070039163418114024449262871385072214514517222863830964185315322491477990397221055486748834687660650800424778943 0 0 0 0 0 0 0 0 0 0 0 1 0 0 0 0 0 0 0 0 0 0 0 0 0 0 0 0 0 0 0 0 0 0 0 0 0 0 0 0 0 0 0 0 0 0 0 0 0 0 0 0 0 0 0 0 0 0 0 0 0 0 0 0 0 0 0 0 0 0 0 0 0 0 0 0 0 0 0 0 0 0 0 0 0 0 0 0 0 0 0 0 0 0 0 0 0 0 0 0 0 0 0 0 0 0 0 0 0]
[3205094103053095971059531160155274087103090582559482603147581505663010146416191714535411674108974178226549275198856833944714656776962778820973387955710112793249034806958893706422591330546674535010216948138139316960534599540627499943065012836334304582634033137837528115066803784115676738112280127523229273142471698309282419576450427 0 0 0 0 0 0 0 0 0 0 0 0 1 0 0 0 0 0 0 0 0 0 0 0 0 0 0 0 0 0 0 0 0 0 0 0 0 0 0 0 0 0 0 0 0 0 0 0 0 0 0 0 0 0 0 0 0 0 0 0 0 0 0 0 0 0 0 0 0 0 0 0 0 0 0 0 0 0 0 0 0 0 0 0 0 0 0 0 0 0 0 0 0 0 0 0 0 0 0 0 0 0 0 0 0 0 0 0 0]
[2816181767345940958890139763125465518825487655404607446788919065657560472247901121089250322212855389993627310250203927209707908151519226140961593306985240988421749454848405585419994283451603391135669538549057680773718277647874060992883529613135673495950280791110157418804472021994902737974882977219991098394663403748949255581120949 0 0 0 0 0 0 0 0 0 0 0 0 0 1 0 0 0 0 0 0 0 0 0 0 0 0 0 0 0 0 0 0 0 0 0 0 0 0 0 0 0 0 0 0 0 0 0 0 0 0 0 0 0 0 0 0 0 0 0 0 0 0 0 0 0 0 0 0 0 0 0 0 0 0 0 0 0 0 0 0 0 0 0 0 0 0 0 0 0 0 0 0 0 0 0 0 0 0 0 0 0 0 0 0 0 0 0 0 0]
[1718880180046333096524928276474522190105429764592472894415219855196177091212884581524269953958067371563457364903082522962557502143237800543994036163871480225587895969257608534675548480250305747664200851701712902496975558079961792938897060374471604143574826749945160221438377042627271683249120228103804153461833002180672722121006787 0 0 0 0 0 0 0 0 0 0 0 0 0 0 1 0 0 0 0 0 0 0 0 0 0 0 0 0 0 0 0 0 0 0 0 0 0 0 0 0 0 0 0 0 0 0 0 0 0 0 0 0 0 0 0 0 0 0 0 0 0 0 0 0 0 0 0 0 0 0 0 0 0 0 0 0 0 0 0 0 0 0 0 0 0 0 0 0 0 0 0 0 0 0 0 0 0 0 0 0 0 0 0 0 0 0 0 0 0]
[9783729366910523225745950258414636574421771862835678898774870355668678870729276443564819833169128147782545973865816628972238734320761706583449298642168616706842232969142094567937324432733270088679076151641559993179439776859116287171208159932811019726119967558756182900778802119024056234304825593972958071275113056101430070955589646 0 0 0 0 0 0 0 0 0 0 0 0 0 0 0 1 0 0 0 0 0 0 0 0 0 0 0 0 0 0 0 0 0 0 0 0 0 0 0 0 0 0 0 0 0 0 0 0 0 0 0 0 0 0 0 0 0 0 0 0 0 0 0 0 0 0 0 0 0 0 0 0 0 0 0 0 0 0 0 0 0 0 0 0 0 0 0 0 0 0 0 0 0 0 0 0 0 0 0 0 0 0 0 0 0 0 0 0 0]
[86655378090580624673216818220503598437836735868737499397304661381991187860164651307014800236197818048356086273627138566474815460906091153102816981943642473984263104779141587410871319148325575936939192882960816273948567734551752865006473911044970863144065765801851262309908729035132163140088070386668222748506214961916985785551798 0 0 0 0 0 0 0 0 0 0 0 0 0 0 0 0 1 0 0 0 0 0 0 0 0 0 0 0 0 0 0 0 0 0 0 0 0 0 0 0 0 0 0 0 0 0 0 0 0 0 0 0 0 0 0 0 0 0 0 0 0 0 0 0 0 0 0 0 0 0 0 0 0 0 0 0 0 0 0 0 0 0 0 0 0 0 0 0 0 0 0 0 0 0 0 0 0 0 0 0 0 0 0 0 0 0 0 0 0]
[7106403797956559092925155475157157572796240890469708152939749142936073739124993799592135240783751503472598689950312884570724865848198353319817555853680514652444315106200406790054751131000399545596004981297155047685426167521621140769855005668019626018083594452397986243609624953790803755039659618560428213081959262586838150740702871 0 0 0 0 0 0 0 0 0 0 0 0 0 0 0 0 0 1 0 0 0 0 0 0 0 0 0 0 0 0 0 0 0 0 0 0 0 0 0 0 0 0 0 0 0 0 0 0 0 0 0 0 0 0 0 0 0 0 0 0 0 0 0 0 0 0 0 0 0 0 0 0 0 0 0 0 0 0 0 0 0 0 0 0 0 0 0 0 0 0 0 0 0 0 0 0 0 0 0 0 0 0 0 0 0 0 0 0 0]
[2368053801290003942919194876246614571010691249646641627515131648779521464530462064969611457505681197126455191022816958667328071320004680487531008229517389282801064398161827250984598670456785476272916428285814218563134795186586983067722609046039465360119516396039350858264258550344255052475570359902000280703093489768016231645686188 0 0 0 0 0 0 0 0 0 0 0 0 0 0 0 0 0 0 1 0 0 0 0 0 0 0 0 0 0 0 0 0 0 0 0 0 0 0 0 0 0 0 0 0 0 0 0 0 0 0 0 0 0 0 0 0 0 0 0 0 0 0 0 0 0 0 0 0 0 0 0 0 0 0 0 0 0 0 0 0 0 0 0 0 0 0 0 0 0 0 0 0 0 0 0 0 0 0 0 0 0 0 0 0 0 0 0 0 0]
[932496082480892109044903387808374858657616076889563437052922106264778481773388548678489622545612767254435753192591949921844177895145902764456110093857941191699296294338906432264613793445156244353236990631371610479634755843557722095295239935116572268773003170022925271642595946792050931772650155239082964060591203008838816532704836 0 0 0 0 0 0 0 0 0 0 0 0 0 0 0 0 0 0 0 1 0 0 0 0 0 0 0 0 0 0 0 0 0 0 0 0 0 0 0 0 0 0 0 0 0 0 0 0 0 0 0 0 0 0 0 0 0 0 0 0 0 0 0 0 0 0 0 0 0 0 0 0 0 0 0 0 0 0 0 0 0 0 0 0 0 0 0 0 0 0 0 0 0 0 0 0 0 0 0 0 0 0 0 0 0 0 0 0 0]
[1583310310787691194253995855903419446983410960061075150577133660463092523812897654523362933801376917760931568979594337759754558921872592188076506480241444441087326715757182905101973590981333870804788227218544215051532141119474026027387634108277720456191987339465498775813135758512383012422458991019009407833223717617108579901056331 0 0 0 0 0 0 0 0 0 0 0 0 0 0 0 0 0 0 0 0 1 0 0 0 0 0 0 0 0 0 0 0 0 0 0 0 0 0 0 0 0 0 0 0 0 0 0 0 0 0 0 0 0 0 0 0 0 0 0 0 0 0 0 0 0 0 0 0 0 0 0 0 0 0 0 0 0 0 0 0 0 0 0 0 0 0 0 0 0 0 0 0 0 0 0 0 0 0 0 0 0 0 0 0 0 0 0 0 0]
[5034090821540289074830404762779490498663848616654230621599963981992028758662937831567252322935195670473603566652454963426630045826829011268797048940215447515016174545188954756168329667493724821246635359351124558016193378475878742898931324802371181856417959505764004421677104219118073173989726701521708602432971444273352817358951355 0 0 0 0 0 0 0 0 0 0 0 0 0 0 0 0 0 0 0 0 0 1 0 0 0 0 0 0 0 0 0 0 0 0 0 0 0 0 0 0 0 0 0 0 0 0 0 0 0 0 0 0 0 0 0 0 0 0 0 0 0 0 0 0 0 0 0 0 0 0 0 0 0 0 0 0 0 0 0 0 0 0 0 0 0 0 0 0 0 0 0 0 0 0 0 0 0 0 0 0 0 0 0 0 0 0 0 0 0]
[7262010068369711484231958188051256635369050535737677792667186390515186429558331064332236967734535763664369643463754684015019815351052656284926031924484447285566763421688189407311012782911445830570894026633914634707016704650934909530984291112802215214771356202791581475185647931607919101379881864870494733386906251504039619951564465 0 0 0 0 0 0 0 0 0 0 0 0 0 0 0 0 0 0 0 0 0 0 1 0 0 0 0 0 0 0 0 0 0 0 0 0 0 0 0 0 0 0 0 0 0 0 0 0 0 0 0 0 0 0 0 0 0 0 0 0 0 0 0 0 0 0 0 0 0 0 0 0 0 0 0 0 0 0 0 0 0 0 0 0 0 0 0 0 0 0 0 0 0 0 0 0 0 0 0 0 0 0 0 0 0 0 0 0 0]
[8187329464117935974545248125305567469449313777246067704211286719150175543843065078196083797702988188525628358738110866304007373270050532291815406153626265115383367831357048548402123499562364668367349412621599090686998042402914213587093406257465865422064285692857833325287053363526270809423186340711759107808179129158047630236779167 0 0 0 0 0 0 0 0 0 0 0 0 0 0 0 0 0 0 0 0 0 0 0 1 0 0 0 0 0 0 0 0 0 0 0 0 0 0 0 0 0 0 0 0 0 0 0 0 0 0 0 0 0 0 0 0 0 0 0 0 0 0 0 0 0 0 0 0 0 0 0 0 0 0 0 0 0 0 0 0 0 0 0 0 0 0 0 0 0 0 0 0 0 0 0 0 0 0 0 0 0 0 0 0 0 0 0 0 0]
[5805672546194403476198338927708487081628726449452941285998265540733414897006648922413901109528099240360079557612368045987282475019185656152201594814146828887239560919657012951948128186746078046408853828518833873241653787064306069002326083071221618296729332617754768736953616260043040867636901526218930325349355236449758215636439929 0 0 0 0 0 0 0 0 0 0 0 0 0 0 0 0 0 0 0 0 0 0 0 0 1 0 0 0 0 0 0 0 0 0 0 0 0 0 0 0 0 0 0 0 0 0 0 0 0 0 0 0 0 0 0 0 0 0 0 0 0 0 0 0 0 0 0 0 0 0 0 0 0 0 0 0 0 0 0 0 0 0 0 0 0 0 0 0 0 0 0 0 0 0 0 0 0 0 0 0 0 0 0 0 0 0 0 0 0]
[1048075220336254321458459334794595018583886709470287557908863180256614329407579129906326963171503920830335515652108020419894545850879969013018471394022958828471037939605337274713387412037253496935927271451546187354427634800285223735118679793311396961651159156006189183878024240320435086476089344316129092409549890114735224624647740 0 0 0 0 0 0 0 0 0 0 0 0 0 0 0 0 0 0 0 0 0 0 0 0 0 1 0 0 0 0 0 0 0 0 0 0 0 0 0 0 0 0 0 0 0 0 0 0 0 0 0 0 0 0 0 0 0 0 0 0 0 0 0 0 0 0 0 0 0 0 0 0 0 0 0 0 0 0 0 0 0 0 0 0 0 0 0 0 0 0 0 0 0 0 0 0 0 0 0 0 0 0 0 0 0 0 0 0 0]
[3845770535344766909418210490382538364201183811617481701558002912591491935017336336393569184709864436533859624359255888571288542073123443159946348746287934814992915471431887769150559598561725283848954933011562617816490651640244543024174389405858636849259909498024373648607542595155879125029875133673685314960507539217819181964566786 0 0 0 0 0 0 0 0 0 0 0 0 0 0 0 0 0 0 0 0 0 0 0 0 0 0 1 0 0 0 0 0 0 0 0 0 0 0 0 0 0 0 0 0 0 0 0 0 0 0 0 0 0 0 0 0 0 0 0 0 0 0 0 0 0 0 0 0 0 0 0 0 0 0 0 0 0 0 0 0 0 0 0 0 0 0 0 0 0 0 0 0 0 0 0 0 0 0 0 0 0 0 0 0 0 0 0 0 0]
[3055089496887726364268208215431194678271288894365840841388739131879036843046193475554942762623082885170321702462239568299893259927857677528829403914474238569596331591860820106982347275941383877294095095021442878397163454066297091938248494828128875300339539874811439706332114644639353432801740539393052848485617021997876844452905250 0 0 0 0 0 0 0 0 0 0 0 0 0 0 0 0 0 0 0 0 0 0 0 0 0 0 0 1 0 0 0 0 0 0 0 0 0 0 0 0 0 0 0 0 0 0 0 0 0 0 0 0 0 0 0 0 0 0 0 0 0 0 0 0 0 0 0 0 0 0 0 0 0 0 0 0 0 0 0 0 0 0 0 0 0 0 0 0 0 0 0 0 0 0 0 0 0 0 0 0 0 0 0 0 0 0 0 0 0]
[5098808431658905157695141167065413599470923242964630606689757757439351274813486546913634611702377705699142255030571286340382398894088038370746420461492471021609985961018389331097109712560725432143979895978533785579770307850627423587880067001920014190757402430982762719249900668593266726419612776456675136427277242012577389897985928 0 0 0 0 0 0 0 0 0 0 0 0 0 0 0 0 0 0 0 0 0 0 0 0 0 0 0 0 1 0 0 0 0 0 0 0 0 0 0 0 0 0 0 0 0 0 0 0 0 0 0 0 0 0 0 0 0 0 0 0 0 0 0 0 0 0 0 0 0 0 0 0 0 0 0 0 0 0 0 0 0 0 0 0 0 0 0 0 0 0 0 0 0 0 0 0 0 0 0 0 0 0 0 0 0 0 0 0 0]
[7220906594945290873599981186803801851830083938144223177379362685661229957675159331264737053431595548049122315222381463862203101679054791445397805333472973635303856861051114391920989920813045526728431631570726709680817399310150124944358909794367176091503599787642245863737761249154637616384073301553030863858671634562309004813156663 0 0 0 0 0 0 0 0 0 0 0 0 0 0 0 0 0 0 0 0 0 0 0 0 0 0 0 0 0 1 0 0 0 0 0 0 0 0 0 0 0 0 0 0 0 0 0 0 0 0 0 0 0 0 0 0 0 0 0 0 0 0 0 0 0 0 0 0 0 0 0 0 0 0 0 0 0 0 0 0 0 0 0 0 0 0 0 0 0 0 0 0 0 0 0 0 0 0 0 0 0 0 0 0 0 0 0 0 0]
[141499356362598096972933387848477634131695549678419338138845812085067288566167334001735386243995612044392043270335391659296590275854688550684096442341161437515991503644811879743895232607476125706986512215536170504684989027956473368470930489887776361315846723156991299156231397807853532593546445747305287720511266053178918714921462 0 0 0 0 0 0 0 0 0 0 0 0 0 0 0 0 0 0 0 0 0 0 0 0 0 0 0 0 0 0 1 0 0 0 0 0 0 0 0 0 0 0 0 0 0 0 0 0 0 0 0 0 0 0 0 0 0 0 0 0 0 0 0 0 0 0 0 0 0 0 0 0 0 0 0 0 0 0 0 0 0 0 0 0 0 0 0 0 0 0 0 0 0 0 0 0 0 0 0 0 0 0 0 0 0 0 0 0 0]
[70530440088664697590267474495882247582314131845751501099162080834615389572350695080627697092090599745843039570750242083732096925808350146300759826788151488869027007590863832930796867592412377539850417572491635242637301540491406131570450450726225062669655115393636878960817311393163143868564353035370644295775283998039086532074147 0 0 0 0 0 0 0 0 0 0 0 0 0 0 0 0 0 0 0 0 0 0 0 0 0 0 0 0 0 0 0 1 0 0 0 0 0 0 0 0 0 0 0 0 0 0 0 0 0 0 0 0 0 0 0 0 0 0 0 0 0 0 0 0 0 0 0 0 0 0 0 0 0 0 0 0 0 0 0 0 0 0 0 0 0 0 0 0 0 0 0 0 0 0 0 0 0 0 0 0 0 0 0 0 0 0 0 0 0]
[2367843401269010887027258091446528889266959027942514228337605792033212318894570763765484086066873081243150123279386355846035788640930854939821502808302353326147770427370938789119998225441091706489967818059974309035535701385247435236472864662195938839016820734570224653684766916122440970791731820634446541282942267743404079345930810 0 0 0 0 0 0 0 0 0 0 0 0 0 0 0 0 0 0 0 0 0 0 0 0 0 0 0 0 0 0 0 0 1 0 0 0 0 0 0 0 0 0 0 0 0 0 0 0 0 0 0 0 0 0 0 0 0 0 0 0 0 0 0 0 0 0 0 0 0 0 0 0 0 0 0 0 0 0 0 0 0 0 0 0 0 0 0 0 0 0 0 0 0 0 0 0 0 0 0 0 0 0 0 0 0 0 0 0 0]
[3226453799702836015804617440411939364268286427283583341511958606105128723847221275841869235312201282781380997562929348682158299279520513081159396541992384496650283266019491382140394951690414780076971188513478710195032348614183773383091643606303794892853341390873838901061875092127610731384609192913154458323953804520112725546229232 0 0 0 0 0 0 0 0 0 0 0 0 0 0 0 0 0 0 0 0 0 0 0 0 0 0 0 0 0 0 0 0 0 1 0 0 0 0 0 0 0 0 0 0 0 0 0 0 0 0 0 0 0 0 0 0 0 0 0 0 0 0 0 0 0 0 0 0 0 0 0 0 0 0 0 0 0 0 0 0 0 0 0 0 0 0 0 0 0 0 0 0 0 0 0 0 0 0 0 0 0 0 0 0 0 0 0 0 0]
[4659700020761348160519075376243760326146885664126553276424049781408013741196311352935296021243867131197500092756018388636803129791053954759193708262276664665165130802930087971666343959763595967371857532706578960788404093650710988228405955078298570200002652891518090697212584104447967710918443053373076216517883047559049092145517909 0 0 0 0 0 0 0 0 0 0 0 0 0 0 0 0 0 0 0 0 0 0 0 0 0 0 0 0 0 0 0 0 0 0 1 0 0 0 0 0 0 0 0 0 0 0 0 0 0 0 0 0 0 0 0 0 0 0 0 0 0 0 0 0 0 0 0 0 0 0 0 0 0 0 0 0 0 0 0 0 0 0 0 0 0 0 0 0 0 0 0 0 0 0 0 0 0 0 0 0 0 0 0 0 0 0 0 0 0]
[6734518670317956174908672884605086819438144418846934819585199220876110361429671494118739427653136452929698526824614803159356662411987188057976039973442373583105614081036130161898879629607622126373607852354827426396243263924760124580848283061263703141855203610833848956897806605632204098558326199484016807510601512261039046390864664 0 0 0 0 0 0 0 0 0 0 0 0 0 0 0 0 0 0 0 0 0 0 0 0 0 0 0 0 0 0 0 0 0 0 0 1 0 0 0 0 0 0 0 0 0 0 0 0 0 0 0 0 0 0 0 0 0 0 0 0 0 0 0 0 0 0 0 0 0 0 0 0 0 0 0 0 0 0 0 0 0 0 0 0 0 0 0 0 0 0 0 0 0 0 0 0 0 0 0 0 0 0 0 0 0 0 0 0 0]
[5030766035447633328789274349715666850447037864059777363983826628808791868457620703129539385152407079313497253408839483588673029377432127310518596836279988585954434097962692666012047703392322359621568535777678189790543147045443076367636983184199651341209030057105898146555933269894290364049403536341912761124475032203376528547215836 0 0 0 0 0 0 0 0 0 0 0 0 0 0 0 0 0 0 0 0 0 0 0 0 0 0 0 0 0 0 0 0 0 0 0 0 1 0 0 0 0 0 0 0 0 0 0 0 0 0 0 0 0 0 0 0 0 0 0 0 0 0 0 0 0 0 0 0 0 0 0 0 0 0 0 0 0 0 0 0 0 0 0 0 0 0 0 0 0 0 0 0 0 0 0 0 0 0 0 0 0 0 0 0 0 0 0 0 0]
[6298990480855586159629520706364462206232951772089519049019558216730345192731100069637355084201877691414027162034849130690283451433337431815658839224373720072937111126638585124921890936287619141654499815910910604489148332098861772903411460865200263191140865012536976948380712208564165317399247163415260367373365443055716798073402938 0 0 0 0 0 0 0 0 0 0 0 0 0 0 0 0 0 0 0 0 0 0 0 0 0 0 0 0 0 0 0 0 0 0 0 0 0 1 0 0 0 0 0 0 0 0 0 0 0 0 0 0 0 0 0 0 0 0 0 0 0 0 0 0 0 0 0 0 0 0 0 0 0 0 0 0 0 0 0 0 0 0 0 0 0 0 0 0 0 0 0 0 0 0 0 0 0 0 0 0 0 0 0 0 0 0 0 0 0]
[6213448262774039653432549081930590638676490391275460870950195232585148595814376440108686686649007526166541764781650723130291853188755857940602213056326380593002697669544644068167060500441635224833318139824555654117956463584382553616274502125887673137597120304717119215675145215538897686646434752380048805169300210470554546361427699 0 0 0 0 0 0 0 0 0 0 0 0 0 0 0 0 0 0 0 0 0 0 0 0 0 0 0 0 0 0 0 0 0 0 0 0 0 0 1 0 0 0 0 0 0 0 0 0 0 0 0 0 0 0 0 0 0 0 0 0 0 0 0 0 0 0 0 0 0 0 0 0 0 0 0 0 0 0 0 0 0 0 0 0 0 0 0 0 0 0 0 0 0 0 0 0 0 0 0 0 0 0 0 0 0 0 0 0 0]
[1188225602707905271852633845790837042154997952777895423007755932686850380297910266520221588523380537352950188160245859996840905741730674576209770214420222081089074667796156353096623568121302388671986954417074892489339424412623611880224218732382500571181784430351438816999135221100816542750449153472921296185250966639029823267412442 0 0 0 0 0 0 0 0 0 0 0 0 0 0 0 0 0 0 0 0 0 0 0 0 0 0 0 0 0 0 0 0 0 0 0 0 0 0 0 1 0 0 0 0 0 0 0 0 0 0 0 0 0 0 0 0 0 0 0 0 0 0 0 0 0 0 0 0 0 0 0 0 0 0 0 0 0 0 0 0 0 0 0 0 0 0 0 0 0 0 0 0 0 0 0 0 0 0 0 0 0 0 0 0 0 0 0 0 0]
[7921762324934364657911461884032511992687208803736670638117878050125371054955042600540841276515688417963249857787593446362197367753961125450778122208231656967753397936481320006686582358728938733327539482657532300392072345081993683784651693183682180117073436688526712976904812105575265728514144244143930969258170670470995735507593 0 0 0 0 0 0 0 0 0 0 0 0 0 0 0 0 0 0 0 0 0 0 0 0 0 0 0 0 0 0 0 0 0 0 0 0 0 0 0 0 1 0 0 0 0 0 0 0 0 0 0 0 0 0 0 0 0 0 0 0 0 0 0 0 0 0 0 0 0 0 0 0 0 0 0 0 0 0 0 0 0 0 0 0 0 0 0 0 0 0 0 0 0 0 0 0 0 0 0 0 0 0 0 0 0 0 0 0 0]
[2914131735443615047903615065985805469391350176968627378154771125566422244819268973079897405712262049167573151865834279613087982363836146875099771298654654577795884941107090427518842495048211722485103013290455818176025136921930394910916813536934301996066388458790500258999437262499149842379112303138279008298115194823719285864234655 0 0 0 0 0 0 0 0 0 0 0 0 0 0 0 0 0 0 0 0 0 0 0 0 0 0 0 0 0 0 0 0 0 0 0 0 0 0 0 0 0 1 0 0 0 0 0 0 0 0 0 0 0 0 0 0 0 0 0 0 0 0 0 0 0 0 0 0 0 0 0 0 0 0 0 0 0 0 0 0 0 0 0 0 0 0 0 0 0 0 0 0 0 0 0 0 0 0 0 0 0 0 0 0 0 0 0 0 0]
[6236578823934178876373961946775210713623124763176599285402475188625179385024696334733818442617595111798691625733632720472336926421268605736225016317638790867263588595753514029551294369357928623921769170315253379297952167459185396816750942012962342600960564884618729845801730669649109103348585503601229104327816366188570407849402930 0 0 0 0 0 0 0 0 0 0 0 0 0 0 0 0 0 0 0 0 0 0 0 0 0 0 0 0 0 0 0 0 0 0 0 0 0 0 0 0 0 0 1 0 0 0 0 0 0 0 0 0 0 0 0 0 0 0 0 0 0 0 0 0 0 0 0 0 0 0 0 0 0 0 0 0 0 0 0 0 0 0 0 0 0 0 0 0 0 0 0 0 0 0 0 0 0 0 0 0 0 0 0 0 0 0 0 0 0]
[1140719686841415119099657845463102068942348381836850370851165258309037963844270855946851423457965545760003146639275898072341738033372348711698922467194369770559081268846764118505965551748260495114816477560221575665683008748884349134443877139953692817484022983225323035637224184798890173035904924126298745201377155802276446500197681 0 0 0 0 0 0 0 0 0 0 0 0 0 0 0 0 0 0 0 0 0 0 0 0 0 0 0 0 0 0 0 0 0 0 0 0 0 0 0 0 0 0 0 1 0 0 0 0 0 0 0 0 0 0 0 0 0 0 0 0 0 0 0 0 0 0 0 0 0 0 0 0 0 0 0 0 0 0 0 0 0 0 0 0 0 0 0 0 0 0 0 0 0 0 0 0 0 0 0 0 0 0 0 0 0 0 0 0 0]
[8977869953883420841925219913494720719421693267588954231782477207106015949959771284522003717335991275178504635709112748731196219567442103660491383027235119535278938164690968093480015377686609881167869198881439404946945875071076629726336854181283999064395137176923599425926778807791954886009929482293133791891680166914530276262009651 0 0 0 0 0 0 0 0 0 0 0 0 0 0 0 0 0 0 0 0 0 0 0 0 0 0 0 0 0 0 0 0 0 0 0 0 0 0 0 0 0 0 0 0 1 0 0 0 0 0 0 0 0 0 0 0 0 0 0 0 0 0 0 0 0 0 0 0 0 0 0 0 0 0 0 0 0 0 0 0 0 0 0 0 0 0 0 0 0 0 0 0 0 0 0 0 0 0 0 0 0 0 0 0 0 0 0 0 0]
[8755474368090955350397495008466221533378496288208961078659708184251954833718200864036732026710345908145529946376253924161360540838753230679645637637641729402755849007647347333271796006845709267212320353348652681467572358593819128860280857707700417930034883205164045238570133506782047043382557919415438745690180238390356526947661008 0 0 0 0 0 0 0 0 0 0 0 0 0 0 0 0 0 0 0 0 0 0 0 0 0 0 0 0 0 0 0 0 0 0 0 0 0 0 0 0 0 0 0 0 0 1 0 0 0 0 0 0 0 0 0 0 0 0 0 0 0 0 0 0 0 0 0 0 0 0 0 0 0 0 0 0 0 0 0 0 0 0 0 0 0 0 0 0 0 0 0 0 0 0 0 0 0 0 0 0 0 0 0 0 0 0 0 0 0]
[87785883776690673492566531344917986978328737239290397527064043192528935020989034739342354244016009049430115466638862928677827558825434363828205149319975202837644827004880201636429564551500397571754027790865769987500510627999447642645389645151593879790762283069956250060424848097453110107279779575610382770897718047772209001508415 0 0 0 0 0 0 0 0 0 0 0 0 0 0 0 0 0 0 0 0 0 0 0 0 0 0 0 0 0 0 0 0 0 0 0 0 0 0 0 0 0 0 0 0 0 0 1 0 0 0 0 0 0 0 0 0 0 0 0 0 0 0 0 0 0 0 0 0 0 0 0 0 0 0 0 0 0 0 0 0 0 0 0 0 0 0 0 0 0 0 0 0 0 0 0 0 0 0 0 0 0 0 0 0 0 0 0 0 0]
[7430891076323700222897293171188738319120902742240238800820928566762791072421835163911282592488982468553232307019946529019973727845779888533642339534431322865982657253849561739296778133065367450401522580379750767293911866907686686778790667538711671792291481653217633048230985680196833365542414719001571970093239622998546818965034167 0 0 0 0 0 0 0 0 0 0 0 0 0 0 0 0 0 0 0 0 0 0 0 0 0 0 0 0 0 0 0 0 0 0 0 0 0 0 0 0 0 0 0 0 0 0 0 1 0 0 0 0 0 0 0 0 0 0 0 0 0 0 0 0 0 0 0 0 0 0 0 0 0 0 0 0 0 0 0 0 0 0 0 0 0 0 0 0 0 0 0 0 0 0 0 0 0 0 0 0 0 0 0 0 0 0 0 0 0]
[9342134726573108989484822385876215848509807301693392421408668739103424363074428477914711377056647558937687973825770189353610566094552014893853117941059872288648537142873233017220514873438299200445792721474276786692310336834586359600642967739849500822370402268563869975245721988065705981452299260209721725135149689916505390674240158 0 0 0 0 0 0 0 0 0 0 0 0 0 0 0 0 0 0 0 0 0 0 0 0 0 0 0 0 0 0 0 0 0 0 0 0 0 0 0 0 0 0 0 0 0 0 0 0 1 0 0 0 0 0 0 0 0 0 0 0 0 0 0 0 0 0 0 0 0 0 0 0 0 0 0 0 0 0 0 0 0 0 0 0 0 0 0 0 0 0 0 0 0 0 0 0 0 0 0 0 0 0 0 0 0 0 0 0 0]
[1187233389353197065041825314030690657438232486771854053974032486122424392357363486783556858826457373507323855098299632860394724937716084784250049697279447966474231903315438340460345041725441903717231308820413118194185643634143571041826000104312041677531334033319648172135926108460345091337587376167547705317562508344359328941924903 0 0 0 0 0 0 0 0 0 0 0 0 0 0 0 0 0 0 0 0 0 0 0 0 0 0 0 0 0 0 0 0 0 0 0 0 0 0 0 0 0 0 0 0 0 0 0 0 0 1 0 0 0 0 0 0 0 0 0 0 0 0 0 0 0 0 0 0 0 0 0 0 0 0 0 0 0 0 0 0 0 0 0 0 0 0 0 0 0 0 0 0 0 0 0 0 0 0 0 0 0 0 0 0 0 0 0 0 0]
[2603616425273662789465480997135493397333591735796446102211177869370085293116099106973640330097337021029159276307414026081949355349557794374279463877464279957657260230408814421914941741023800215389847134614414699825058640517263357412157494295725382720432530249858610036254785985288352809439891212953191625054039576680211241568572339 0 0 0 0 0 0 0 0 0 0 0 0 0 0 0 0 0 0 0 0 0 0 0 0 0 0 0 0 0 0 0 0 0 0 0 0 0 0 0 0 0 0 0 0 0 0 0 0 0 0 1 0 0 0 0 0 0 0 0 0 0 0 0 0 0 0 0 0 0 0 0 0 0 0 0 0 0 0 0 0 0 0 0 0 0 0 0 0 0 0 0 0 0 0 0 0 0 0 0 0 0 0 0 0 0 0 0 0 0]
[122245361874880100111787664060339197491429560927070725120369965422728072103520715211246934333184525093364020998776184688022751071952187081314442876507637023541443140444739468449612323055807119024847140125309680105212524766155906511370099970384973063775491269580865675370095612004655257850413430235114105692953795719821756269422566 0 0 0 0 0 0 0 0 0 0 0 0 0 0 0 0 0 0 0 0 0 0 0 0 0 0 0 0 0 0 0 0 0 0 0 0 0 0 0 0 0 0 0 0 0 0 0 0 0 0 0 1 0 0 0 0 0 0 0 0 0 0 0 0 0 0 0 0 0 0 0 0 0 0 0 0 0 0 0 0 0 0 0 0 0 0 0 0 0 0 0 0 0 0 0 0 0 0 0 0 0 0 0 0 0 0 0 0 0]
[156417906204647700355659582990036616301296452623222661189376726030061993849879170365557305157159678824651540426735703664551381197510162960635551867144606734447288030751304441860609203015274669279962216196517073759214351205128581461441444393671584409316092014041824312922360443140327495263563947855048340785273680257172405215606526 0 0 0 0 0 0 0 0 0 0 0 0 0 0 0 0 0 0 0 0 0 0 0 0 0 0 0 0 0 0 0 0 0 0 0 0 0 0 0 0 0 0 0 0 0 0 0 0 0 0 0 0 1 0 0 0 0 0 0 0 0 0 0 0 0 0 0 0 0 0 0 0 0 0 0 0 0 0 0 0 0 0 0 0 0 0 0 0 0 0 0 0 0 0 0 0 0 0 0 0 0 0 0 0 0 0 0 0 0]
[1047279135541091013750006111443518787865848195164356485758342708557112371741881096005270243876682106709501756544785700108335072059324241594713385536264086823595587729829180054631916399435551866154036677082709956162393239856973079097577005477075738869752234373794362275032561128726845987739445135630375184780068760348219207483674448 0 0 0 0 0 0 0 0 0 0 0 0 0 0 0 0 0 0 0 0 0 0 0 0 0 0 0 0 0 0 0 0 0 0 0 0 0 0 0 0 0 0 0 0 0 0 0 0 0 0 0 0 0 1 0 0 0 0 0 0 0 0 0 0 0 0 0 0 0 0 0 0 0 0 0 0 0 0 0 0 0 0 0 0 0 0 0 0 0 0 0 0 0 0 0 0 0 0 0 0 0 0 0 0 0 0 0 0 0]
[4010713552398732891995306055527598386591117357576245151340040574149502741612213735354388751979594512339212763517130833389940556905556323728044390041705396103112309471807774889524596366526771158261014086284745743662078223089185146585950939503447016067269074029567672011886151749543506326126841162852841965149223992338252992784483835 0 0 0 0 0 0 0 0 0 0 0 0 0 0 0 0 0 0 0 0 0 0 0 0 0 0 0 0 0 0 0 0 0 0 0 0 0 0 0 0 0 0 0 0 0 0 0 0 0 0 0 0 0 0 1 0 0 0 0 0 0 0 0 0 0 0 0 0 0 0 0 0 0 0 0 0 0 0 0 0 0 0 0 0 0 0 0 0 0 0 0 0 0 0 0 0 0 0 0 0 0 0 0 0 0 0 0 0 0]
[6071052693965263078462204760838838616095389597858205685812748848099531184086720484184837819971621467989794096312346342850155257139137353952364517630026262044415098831271026163401117078644383640272960333688449790548521481772125818337479688297291863644777945871603090306976652741360206164410500609401467928879781084859703819231439328 0 0 0 0 0 0 0 0 0 0 0 0 0 0 0 0 0 0 0 0 0 0 0 0 0 0 0 0 0 0 0 0 0 0 0 0 0 0 0 0 0 0 0 0 0 0 0 0 0 0 0 0 0 0 0 1 0 0 0 0 0 0 0 0 0 0 0 0 0 0 0 0 0 0 0 0 0 0 0 0 0 0 0 0 0 0 0 0 0 0 0 0 0 0 0 0 0 0 0 0 0 0 0 0 0 0 0 0 0]
[1067812835926810877104036867500608822495490433342745259889096037940392486694435467557684961898151256436101036748611391421741738013179379868560263466333977531711479517153410533701081800209654032408815313481799736477763808976279627270662915681577417149188710521347335076458530650510636137457650706608027224067908690105247444710345766 0 0 0 0 0 0 0 0 0 0 0 0 0 0 0 0 0 0 0 0 0 0 0 0 0 0 0 0 0 0 0 0 0 0 0 0 0 0 0 0 0 0 0 0 0 0 0 0 0 0 0 0 0 0 0 0 1 0 0 0 0 0 0 0 0 0 0 0 0 0 0 0 0 0 0 0 0 0 0 0 0 0 0 0 0 0 0 0 0 0 0 0 0 0 0 0 0 0 0 0 0 0 0 0 0 0 0 0 0]
[1318830366629892117401954366686323647716585353698027261036529216220404203060194447918009705758531968707004410785137298125576846691736893743776450472463408961919873878291320996079816117919406549656724724403406714467192950094817666329437419258612524945467132253732851046846572069009816862602395808174295659961063341428087048240939685 0 0 0 0 0 0 0 0 0 0 0 0 0 0 0 0 0 0 0 0 0 0 0 0 0 0 0 0 0 0 0 0 0 0 0 0 0 0 0 0 0 0 0 0 0 0 0 0 0 0 0 0 0 0 0 0 0 1 0 0 0 0 0 0 0 0 0 0 0 0 0 0 0 0 0 0 0 0 0 0 0 0 0 0 0 0 0 0 0 0 0 0 0 0 0 0 0 0 0 0 0 0 0 0 0 0 0 0 0]
[3391997777057907079334525004208586208513740265740296188979429411574661313704722324594125598646821358927732597765046138390224648365190803967801897475776849416955688862895504154373668843452487406630215133119677427629481960839014835957224607181776714898197870804722271220482412206360986595729537651101362058592579755377817381767714815 0 0 0 0 0 0 0 0 0 0 0 0 0 0 0 0 0 0 0 0 0 0 0 0 0 0 0 0 0 0 0 0 0 0 0 0 0 0 0 0 0 0 0 0 0 0 0 0 0 0 0 0 0 0 0 0 0 0 1 0 0 0 0 0 0 0 0 0 0 0 0 0 0 0 0 0 0 0 0 0 0 0 0 0 0 0 0 0 0 0 0 0 0 0 0 0 0 0 0 0 0 0 0 0 0 0 0 0 0]
[5972453138105906886044769732841996379652299710473611996499935419978963839721869359120917325804299112288179940090877462063752704809322080816693094268648616325257393816686912641561323160956654196075685835770927440783481151341553807394125568632720689164376086447340518522326114414667155318837228754495780556289918379639552567374867493 0 0 0 0 0 0 0 0 0 0 0 0 0 0 0 0 0 0 0 0 0 0 0 0 0 0 0 0 0 0 0 0 0 0 0 0 0 0 0 0 0 0 0 0 0 0 0 0 0 0 0 0 0 0 0 0 0 0 0 1 0 0 0 0 0 0 0 0 0 0 0 0 0 0 0 0 0 0 0 0 0 0 0 0 0 0 0 0 0 0 0 0 0 0 0 0 0 0 0 0 0 0 0 0 0 0 0 0 0]
[2375423009894776885674197152022666011588569093639754288432648550259194927790137109311877552402389272300878633164139189727053807969589182576760421742661032694811875469356420493560095041566561092453065002221323808387102516775541078718040198529400044551958581788578692181161786341672938088416921082980541869430403831735012774970000409 0 0 0 0 0 0 0 0 0 0 0 0 0 0 0 0 0 0 0 0 0 0 0 0 0 0 0 0 0 0 0 0 0 0 0 0 0 0 0 0 0 0 0 0 0 0 0 0 0 0 0 0 0 0 0 0 0 0 0 0 1 0 0 0 0 0 0 0 0 0 0 0 0 0 0 0 0 0 0 0 0 0 0 0 0 0 0 0 0 0 0 0 0 0 0 0 0 0 0 0 0 0 0 0 0 0 0 0 0]
[6799901765643333181105731260048021214472072540314166818804742733957169072456909160577240082021566341495053556919029148290060875825094543320293359151308274510948503916016518968025294416049630476946288407992652788845385384328674470596381407691761303528638162007622360669953271606425987269988680440867931160182186802821426574937935420 0 0 0 0 0 0 0 0 0 0 0 0 0 0 0 0 0 0 0 0 0 0 0 0 0 0 0 0 0 0 0 0 0 0 0 0 0 0 0 0 0 0 0 0 0 0 0 0 0 0 0 0 0 0 0 0 0 0 0 0 0 1 0 0 0 0 0 0 0 0 0 0 0 0 0 0 0 0 0 0 0 0 0 0 0 0 0 0 0 0 0 0 0 0 0 0 0 0 0 0 0 0 0 0 0 0 0 0 0]
[4836531148588800550525606754633762331133254135840427727622976664458554631026991129020660987582571469012469912982837632201592131563701024534481680326305431046192343495108159071249288914487369995696199841388513111159106358990785617409047844625453615499364467149838262808132228249130851055239969094221896165336421114231676883841902754 0 0 0 0 0 0 0 0 0 0 0 0 0 0 0 0 0 0 0 0 0 0 0 0 0 0 0 0 0 0 0 0 0 0 0 0 0 0 0 0 0 0 0 0 0 0 0 0 0 0 0 0 0 0 0 0 0 0 0 0 0 0 1 0 0 0 0 0 0 0 0 0 0 0 0 0 0 0 0 0 0 0 0 0 0 0 0 0 0 0 0 0 0 0 0 0 0 0 0 0 0 0 0 0 0 0 0 0 0]
[651635929437019497734438356685785072444337042914925857217691954028427409182278302137405003740345860960423294880637953418329242560417250797493017581677828295944539424426029441271767510861322066306291738078670585406500532672685121776333029013645500923513619345503518476415126549070108678062272040886541996923391741601474389346915516 0 0 0 0 0 0 0 0 0 0 0 0 0 0 0 0 0 0 0 0 0 0 0 0 0 0 0 0 0 0 0 0 0 0 0 0 0 0 0 0 0 0 0 0 0 0 0 0 0 0 0 0 0 0 0 0 0 0 0 0 0 0 0 1 0 0 0 0 0 0 0 0 0 0 0 0 0 0 0 0 0 0 0 0 0 0 0 0 0 0 0 0 0 0 0 0 0 0 0 0 0 0 0 0 0 0 0 0 0]
[2907377625311802988605248006169676910144032464207546179756782889834848808809072433221553517753681112239534389362706791119828046223104891631094142166756335492498192656687471839266056091234251104933544835767086847196557814974230688489940027004359394258986690990555300421533898097700096665289774114074364002031431588925460808364691862 0 0 0 0 0 0 0 0 0 0 0 0 0 0 0 0 0 0 0 0 0 0 0 0 0 0 0 0 0 0 0 0 0 0 0 0 0 0 0 0 0 0 0 0 0 0 0 0 0 0 0 0 0 0 0 0 0 0 0 0 0 0 0 0 1 0 0 0 0 0 0 0 0 0 0 0 0 0 0 0 0 0 0 0 0 0 0 0 0 0 0 0 0 0 0 0 0 0 0 0 0 0 0 0 0 0 0 0 0]
[307652494275938831932991074438393456330306533207082601089191043975205950055392392092869406378483296771585347172421759963083597576036474349918914043414868663884498145163516108204280454291755126957808049653746772316734538440420114966188378233028587752775117401285512703703650672519160618629169248594394273495377660169292206693661150 0 0 0 0 0 0 0 0 0 0 0 0 0 0 0 0 0 0 0 0 0 0 0 0 0 0 0 0 0 0 0 0 0 0 0 0 0 0 0 0 0 0 0 0 0 0 0 0 0 0 0 0 0 0 0 0 0 0 0 0 0 0 0 0 0 1 0 0 0 0 0 0 0 0 0 0 0 0 0 0 0 0 0 0 0 0 0 0 0 0 0 0 0 0 0 0 0 0 0 0 0 0 0 0 0 0 0 0 0]
[3813641609532520342781692148718855759253500664198793809888627818806896529342582472996894136728507688836784319459050492805812902235561991297290916432734683329453448606022838974545157322085603077874619332867513154035886479699205148097275317051505615159961927733193258147525468910732055462988689860348737992618167450778859316468577479 0 0 0 0 0 0 0 0 0 0 0 0 0 0 0 0 0 0 0 0 0 0 0 0 0 0 0 0 0 0 0 0 0 0 0 0 0 0 0 0 0 0 0 0 0 0 0 0 0 0 0 0 0 0 0 0 0 0 0 0 0 0 0 0 0 0 1 0 0 0 0 0 0 0 0 0 0 0 0 0 0 0 0 0 0 0 0 0 0 0 0 0 0 0 0 0 0 0 0 0 0 0 0 0 0 0 0 0 0]
[8287550404050916201737931055181221583907501176928897799422228363188454077914198335238126975937270612157539024747152157933696734588377494148106499893723834212769407673661674698615987242552511351886134546565671071374045990591061516878121277850546212605820343291572389551095073981364786814008214660648433472502997182036786787394757670 0 0 0 0 0 0 0 0 0 0 0 0 0 0 0 0 0 0 0 0 0 0 0 0 0 0 0 0 0 0 0 0 0 0 0 0 0 0 0 0 0 0 0 0 0 0 0 0 0 0 0 0 0 0 0 0 0 0 0 0 0 0 0 0 0 0 0 1 0 0 0 0 0 0 0 0 0 0 0 0 0 0 0 0 0 0 0 0 0 0 0 0 0 0 0 0 0 0 0 0 0 0 0 0 0 0 0 0 0]
[5572295519872323558140245130655106515209556963510100054958075835113309784464141472743198625799704415172614770272962767559950078912841827857329668785443328348522249594549531829968676603124068355648944782013457408192963734633613708543892892806379747558928751840459912713432421555295235514976606688023358734433260579985225374137542204 0 0 0 0 0 0 0 0 0 0 0 0 0 0 0 0 0 0 0 0 0 0 0 0 0 0 0 0 0 0 0 0 0 0 0 0 0 0 0 0 0 0 0 0 0 0 0 0 0 0 0 0 0 0 0 0 0 0 0 0 0 0 0 0 0 0 0 0 1 0 0 0 0 0 0 0 0 0 0 0 0 0 0 0 0 0 0 0 0 0 0 0 0 0 0 0 0 0 0 0 0 0 0 0 0 0 0 0 0]
[4508531240929028448653253543467653350306039825478425177576313984079476551701040765329762356643782530431648691956522231883359138754038124026090840423615129346963855421349278705555562013577226885170378039214028751505611362974522549998077551618303346296756506272531444304504931086280593546173405890927682240620639818213706016139756451 0 0 0 0 0 0 0 0 0 0 0 0 0 0 0 0 0 0 0 0 0 0 0 0 0 0 0 0 0 0 0 0 0 0 0 0 0 0 0 0 0 0 0 0 0 0 0 0 0 0 0 0 0 0 0 0 0 0 0 0 0 0 0 0 0 0 0 0 0 1 0 0 0 0 0 0 0 0 0 0 0 0 0 0 0 0 0 0 0 0 0 0 0 0 0 0 0 0 0 0 0 0 0 0 0 0 0 0 0]
[7209978480555355343992233901912188997640885447812718329816296910846806212449292616839549888426379374814396950159544093773441472697651013430474847138573277944017164716443763205667970700398636222458588244480769511623946038719779272139050944871969383177546293883924252386406133839226018769268536957745423004811268909300801497078506424 0 0 0 0 0 0 0 0 0 0 0 0 0 0 0 0 0 0 0 0 0 0 0 0 0 0 0 0 0 0 0 0 0 0 0 0 0 0 0 0 0 0 0 0 0 0 0 0 0 0 0 0 0 0 0 0 0 0 0 0 0 0 0 0 0 0 0 0 0 0 1 0 0 0 0 0 0 0 0 0 0 0 0 0 0 0 0 0 0 0 0 0 0 0 0 0 0 0 0 0 0 0 0 0 0 0 0 0 0]
[3999906562591925391072702774824170112017433296890118303393962611461870586086640051459751242340161031738750111530780339669310217394605617752867922027423941777217613038061917592727336496523409860840905306943145286868086183040374987326890647224930976855458037041550590141093683432040470990413401318226270688313221098876098242882662019 0 0 0 0 0 0 0 0 0 0 0 0 0 0 0 0 0 0 0 0 0 0 0 0 0 0 0 0 0 0 0 0 0 0 0 0 0 0 0 0 0 0 0 0 0 0 0 0 0 0 0 0 0 0 0 0 0 0 0 0 0 0 0 0 0 0 0 0 0 0 0 1 0 0 0 0 0 0 0 0 0 0 0 0 0 0 0 0 0 0 0 0 0 0 0 0 0 0 0 0 0 0 0 0 0 0 0 0 0]
[6130810673908055159444941998363847973048262447975621713005648070898344525054646354112612716575394994559990634202009181158294371659730755762999717229694853091570057350718634716011371517088417225972264174449388506792467386235429694884464782385502745399709239200511873447989881720592936776565887588743168768153127549479237622274080940 0 0 0 0 0 0 0 0 0 0 0 0 0 0 0 0 0 0 0 0 0 0 0 0 0 0 0 0 0 0 0 0 0 0 0 0 0 0 0 0 0 0 0 0 0 0 0 0 0 0 0 0 0 0 0 0 0 0 0 0 0 0 0 0 0 0 0 0 0 0 0 0 1 0 0 0 0 0 0 0 0 0 0 0 0 0 0 0 0 0 0 0 0 0 0 0 0 0 0 0 0 0 0 0 0 0 0 0 0]
[7846192802294391912962034651139374273380841425332014631059409257330034085910159365538167770461194762916446129310070311169279108549625167800088650253878190915683231380558429664166983354719268701364148564722168035344618180833390332707126851300062211283633970463667922107603446187304935215393481701131621370086414099741487005496741797 0 0 0 0 0 0 0 0 0 0 0 0 0 0 0 0 0 0 0 0 0 0 0 0 0 0 0 0 0 0 0 0 0 0 0 0 0 0 0 0 0 0 0 0 0 0 0 0 0 0 0 0 0 0 0 0 0 0 0 0 0 0 0 0 0 0 0 0 0 0 0 0 0 1 0 0 0 0 0 0 0 0 0 0 0 0 0 0 0 0 0 0 0 0 0 0 0 0 0 0 0 0 0 0 0 0 0 0 0]
[1963890083673764111060854715555479448519879846653960487841870670426906353185332784971563108268822927877242032686620498435974382660694249126508324860684631951739035771504757529360573877597976367299185811530164958716255782558065197904089302677173745278451723422622946312788068042400028703708678675715482330898455402591335300235533209 0 0 0 0 0 0 0 0 0 0 0 0 0 0 0 0 0 0 0 0 0 0 0 0 0 0 0 0 0 0 0 0 0 0 0 0 0 0 0 0 0 0 0 0 0 0 0 0 0 0 0 0 0 0 0 0 0 0 0 0 0 0 0 0 0 0 0 0 0 0 0 0 0 0 1 0 0 0 0 0 0 0 0 0 0 0 0 0 0 0 0 0 0 0 0 0 0 0 0 0 0 0 0 0 0 0 0 0 0]
[1992540710719967511492011015275874845506426909682440373298520323108230215060454174643665714450433587932881442577797205999860523936702126065921973433689936803325737064316931222187052052298818707796266150347417269141807309750165100065872411236989762820431417500263292852136294968169368214476509452720203396756663584680618251636481861 0 0 0 0 0 0 0 0 0 0 0 0 0 0 0 0 0 0 0 0 0 0 0 0 0 0 0 0 0 0 0 0 0 0 0 0 0 0 0 0 0 0 0 0 0 0 0 0 0 0 0 0 0 0 0 0 0 0 0 0 0 0 0 0 0 0 0 0 0 0 0 0 0 0 0 1 0 0 0 0 0 0 0 0 0 0 0 0 0 0 0 0 0 0 0 0 0 0 0 0 0 0 0 0 0 0 0 0 0]
[7711841844088616552076271604485007553214161273634780816837833606284083912891910836915362616142201225444444565167899103217724502591208907519702820840455441423188408599492163390183587146308605582990647167205289858485389302322437613752136446132261513260040362561705415161669154830320024957464830084049749053627066177093714408584937371 0 0 0 0 0 0 0 0 0 0 0 0 0 0 0 0 0 0 0 0 0 0 0 0 0 0 0 0 0 0 0 0 0 0 0 0 0 0 0 0 0 0 0 0 0 0 0 0 0 0 0 0 0 0 0 0 0 0 0 0 0 0 0 0 0 0 0 0 0 0 0 0 0 0 0 0 1 0 0 0 0 0 0 0 0 0 0 0 0 0 0 0 0 0 0 0 0 0 0 0 0 0 0 0 0 0 0 0 0]
[4426576080599755684675929448225284238155664682062799184218130681402316051635916614371882753846165693274713328904416536520240740013199168397235568457426922872706734306066727237280478084355453556174278804653814568770109016411053990056849067119747995774255949810449191581012385951083665752296551352635680758269653371451559135572691506 0 0 0 0 0 0 0 0 0 0 0 0 0 0 0 0 0 0 0 0 0 0 0 0 0 0 0 0 0 0 0 0 0 0 0 0 0 0 0 0 0 0 0 0 0 0 0 0 0 0 0 0 0 0 0 0 0 0 0 0 0 0 0 0 0 0 0 0 0 0 0 0 0 0 0 0 0 1 0 0 0 0 0 0 0 0 0 0 0 0 0 0 0 0 0 0 0 0 0 0 0 0 0 0 0 0 0 0 0]
[8140398657973054677134961880787913541001000184992884080766445697775635765569751126790356618835056623282564191222167431179639865139820203227447012763988827235146847414276916636459864272454379091624849804424995871168825017421572760918476891775985142466120915506908323135128003163968376036268460366621262299769253741483380983933173334 0 0 0 0 0 0 0 0 0 0 0 0 0 0 0 0 0 0 0 0 0 0 0 0 0 0 0 0 0 0 0 0 0 0 0 0 0 0 0 0 0 0 0 0 0 0 0 0 0 0 0 0 0 0 0 0 0 0 0 0 0 0 0 0 0 0 0 0 0 0 0 0 0 0 0 0 0 0 1 0 0 0 0 0 0 0 0 0 0 0 0 0 0 0 0 0 0 0 0 0 0 0 0 0 0 0 0 0 0]
[5505335858993612671729407682535739040839946165810964595894893435029620965579831882394801359796344509305386447337157110606820349189215456916857522173021769823798376440585464847667111405007716898141103368658195169158794411270059219556537040146304064039865585511183888393962774696009216037927060541135236658384703057942597200005616071 0 0 0 0 0 0 0 0 0 0 0 0 0 0 0 0 0 0 0 0 0 0 0 0 0 0 0 0 0 0 0 0 0 0 0 0 0 0 0 0 0 0 0 0 0 0 0 0 0 0 0 0 0 0 0 0 0 0 0 0 0 0 0 0 0 0 0 0 0 0 0 0 0 0 0 0 0 0 0 1 0 0 0 0 0 0 0 0 0 0 0 0 0 0 0 0 0 0 0 0 0 0 0 0 0 0 0 0 0]
[723323475787106530779218395072760897202740868219295424537827221404884432510966504058559058329896013032713614221479813097263000045561452233845276266103499978417284419098706817077456787592879985218916842179111626106404989029702437525204834635211460928842748913695400147572651558202344345654515113400478408050566045447782379435367190 0 0 0 0 0 0 0 0 0 0 0 0 0 0 0 0 0 0 0 0 0 0 0 0 0 0 0 0 0 0 0 0 0 0 0 0 0 0 0 0 0 0 0 0 0 0 0 0 0 0 0 0 0 0 0 0 0 0 0 0 0 0 0 0 0 0 0 0 0 0 0 0 0 0 0 0 0 0 0 0 1 0 0 0 0 0 0 0 0 0 0 0 0 0 0 0 0 0 0 0 0 0 0 0 0 0 0 0 0]
[7428080267366988560703422317904559425341040379547420230820144009466423680702794133480997429446442808889521452399436257586446856829809604476033711927254704858152725415833087164162277201179253289519275779332125763952643549945870963674972771603050698263251215255527430164478048921669360238350231997530443118942362940339918005166839395 0 0 0 0 0 0 0 0 0 0 0 0 0 0 0 0 0 0 0 0 0 0 0 0 0 0 0 0 0 0 0 0 0 0 0 0 0 0 0 0 0 0 0 0 0 0 0 0 0 0 0 0 0 0 0 0 0 0 0 0 0 0 0 0 0 0 0 0 0 0 0 0 0 0 0 0 0 0 0 0 0 1 0 0 0 0 0 0 0 0 0 0 0 0 0 0 0 0 0 0 0 0 0 0 0 0 0 0 0]
[2991217796888990605975489977034480991761591421263012384041110383667868567920758151020958433915882379674485046218030838080902256244367315495892634221916367915614592503767632177500171126388461156516765351198205663144126846631724688720481917462523415832428408190824559422380788999819180455382360355126827487647145235078996215168509554 0 0 0 0 0 0 0 0 0 0 0 0 0 0 0 0 0 0 0 0 0 0 0 0 0 0 0 0 0 0 0 0 0 0 0 0 0 0 0 0 0 0 0 0 0 0 0 0 0 0 0 0 0 0 0 0 0 0 0 0 0 0 0 0 0 0 0 0 0 0 0 0 0 0 0 0 0 0 0 0 0 0 1 0 0 0 0 0 0 0 0 0 0 0 0 0 0 0 0 0 0 0 0 0 0 0 0 0 0]
[8697996591787617007420147368654140409985003881715205821609958362801708835042973698784445070767684951069308769958575734438807799039328435534453866409769653202582472419079358644308226743906455908579685864298734134081185113580532359691518272831469184405538317239950303579314037897879276335165462583152444056928978613932671248252126367 0 0 0 0 0 0 0 0 0 0 0 0 0 0 0 0 0 0 0 0 0 0 0 0 0 0 0 0 0 0 0 0 0 0 0 0 0 0 0 0 0 0 0 0 0 0 0 0 0 0 0 0 0 0 0 0 0 0 0 0 0 0 0 0 0 0 0 0 0 0 0 0 0 0 0 0 0 0 0 0 0 0 0 1 0 0 0 0 0 0 0 0 0 0 0 0 0 0 0 0 0 0 0 0 0 0 0 0 0]
[5070505625968794301765379503563363830764415240904283648008364305656744240564354307648325794585708663667879490255012232356841402152167975152523587612009303985623961697324079198299052075822926961809242945353935327666345696110498323987016080777144207048663889142512337401873300499756962408931247827207180770988446270083081377820541272 0 0 0 0 0 0 0 0 0 0 0 0 0 0 0 0 0 0 0 0 0 0 0 0 0 0 0 0 0 0 0 0 0 0 0 0 0 0 0 0 0 0 0 0 0 0 0 0 0 0 0 0 0 0 0 0 0 0 0 0 0 0 0 0 0 0 0 0 0 0 0 0 0 0 0 0 0 0 0 0 0 0 0 0 1 0 0 0 0 0 0 0 0 0 0 0 0 0 0 0 0 0 0 0 0 0 0 0 0]
[6754813693588318977071940425306435352557005914649918367395781657105989331839293967424046900899680248404454601111476193623669634162295270705965671295599660106060592137143541363362864459356908902042396501219941642144625064912886673062338466579075061990497871107154396337705411038288641357791079716945303959579863354690630112209637752 0 0 0 0 0 0 0 0 0 0 0 0 0 0 0 0 0 0 0 0 0 0 0 0 0 0 0 0 0 0 0 0 0 0 0 0 0 0 0 0 0 0 0 0 0 0 0 0 0 0 0 0 0 0 0 0 0 0 0 0 0 0 0 0 0 0 0 0 0 0 0 0 0 0 0 0 0 0 0 0 0 0 0 0 0 1 0 0 0 0 0 0 0 0 0 0 0 0 0 0 0 0 0 0 0 0 0 0 0]
[5770492542699967026830919978800135332157294284445590890871353850118742642582435950542476394225608929392011362481834039729839197253943750752740710010115029418558661164338155876497024970282539289167334267025024030672251854676966296708267365191023845420072897406425927823534397658792701453411844308593765963681229351614362383156077359 0 0 0 0 0 0 0 0 0 0 0 0 0 0 0 0 0 0 0 0 0 0 0 0 0 0 0 0 0 0 0 0 0 0 0 0 0 0 0 0 0 0 0 0 0 0 0 0 0 0 0 0 0 0 0 0 0 0 0 0 0 0 0 0 0 0 0 0 0 0 0 0 0 0 0 0 0 0 0 0 0 0 0 0 0 0 1 0 0 0 0 0 0 0 0 0 0 0 0 0 0 0 0 0 0 0 0 0 0]
[7013366426848404603069790849350453072760562643500077036243365397642887844306632687365757566860595611648262268988366029967934480579383419142169549915386082176441408016262442367891864080651710633554948506182240728025937304596976313698445544429949939241523695431947129945685507872744877153334648844318107142677366828176266767582467373 0 0 0 0 0 0 0 0 0 0 0 0 0 0 0 0 0 0 0 0 0 0 0 0 0 0 0 0 0 0 0 0 0 0 0 0 0 0 0 0 0 0 0 0 0 0 0 0 0 0 0 0 0 0 0 0 0 0 0 0 0 0 0 0 0 0 0 0 0 0 0 0 0 0 0 0 0 0 0 0 0 0 0 0 0 0 0 1 0 0 0 0 0 0 0 0 0 0 0 0 0 0 0 0 0 0 0 0 0]
[2713345119314054619714507673754877092899467608323112657418927099816852514001541489366416643935494127776519820134581368644342742878207473048165954202328051374039390562186704356049649674807415549272384023304913329722339478392592286750353778034598298552002670810078266212396168503115604131191485048078371528194076065469370291927811304 0 0 0 0 0 0 0 0 0 0 0 0 0 0 0 0 0 0 0 0 0 0 0 0 0 0 0 0 0 0 0 0 0 0 0 0 0 0 0 0 0 0 0 0 0 0 0 0 0 0 0 0 0 0 0 0 0 0 0 0 0 0 0 0 0 0 0 0 0 0 0 0 0 0 0 0 0 0 0 0 0 0 0 0 0 0 0 0 1 0 0 0 0 0 0 0 0 0 0 0 0 0 0 0 0 0 0 0 0]
[6973108907234611215130434897507618756816550271043530493181876011262581072514865696035878982303492727099405112022093156235537275397907445594600195399545313357714355902266561458778032023499102741333786419433376942172927292987973264411345635614210741342454639613271622049334572198879170646931245434032591444158537484988647133140653856 0 0 0 0 0 0 0 0 0 0 0 0 0 0 0 0 0 0 0 0 0 0 0 0 0 0 0 0 0 0 0 0 0 0 0 0 0 0 0 0 0 0 0 0 0 0 0 0 0 0 0 0 0 0 0 0 0 0 0 0 0 0 0 0 0 0 0 0 0 0 0 0 0 0 0 0 0 0 0 0 0 0 0 0 0 0 0 0 0 1 0 0 0 0 0 0 0 0 0 0 0 0 0 0 0 0 0 0 0]
[8918412625072881222524976056637244588871901916171326477759672398235525456777134048232060044037640530231115993995176607658945276448845994678223810722622257123847019421889591004675259498461082504025979576767637485778970141254349239489963331893103149998932147122192089243148544297310356002812734156288633063969713128629052103332032313 0 0 0 0 0 0 0 0 0 0 0 0 0 0 0 0 0 0 0 0 0 0 0 0 0 0 0 0 0 0 0 0 0 0 0 0 0 0 0 0 0 0 0 0 0 0 0 0 0 0 0 0 0 0 0 0 0 0 0 0 0 0 0 0 0 0 0 0 0 0 0 0 0 0 0 0 0 0 0 0 0 0 0 0 0 0 0 0 0 0 1 0 0 0 0 0 0 0 0 0 0 0 0 0 0 0 0 0 0]
[4712868901380185795872123659654090878643191919589700535286970953126839155267879643089304295703421245354895553036545474042407804665111416513873720493968518476585613378096108884951990421434218911720794037130164552027329127227999860955380586542346956801987951897449912693315519738378612521000053546206016904840844338551653205387364423 0 0 0 0 0 0 0 0 0 0 0 0 0 0 0 0 0 0 0 0 0 0 0 0 0 0 0 0 0 0 0 0 0 0 0 0 0 0 0 0 0 0 0 0 0 0 0 0 0 0 0 0 0 0 0 0 0 0 0 0 0 0 0 0 0 0 0 0 0 0 0 0 0 0 0 0 0 0 0 0 0 0 0 0 0 0 0 0 0 0 0 1 0 0 0 0 0 0 0 0 0 0 0 0 0 0 0 0 0]
[1787738326151080992083716958789256439537391354663228950391565229231772201802684720662378912748808616639043465554720290247857560794891142345038850373291822629747980400400095039011455565115913043287440642795566588252118954450693205958954985684664030598546341376339031768736904455212474625749528718507967580478321025705322860248098865 0 0 0 0 0 0 0 0 0 0 0 0 0 0 0 0 0 0 0 0 0 0 0 0 0 0 0 0 0 0 0 0 0 0 0 0 0 0 0 0 0 0 0 0 0 0 0 0 0 0 0 0 0 0 0 0 0 0 0 0 0 0 0 0 0 0 0 0 0 0 0 0 0 0 0 0 0 0 0 0 0 0 0 0 0 0 0 0 0 0 0 0 1 0 0 0 0 0 0 0 0 0 0 0 0 0 0 0 0]
[2540400654440075260647967972704772962463988826750919176145867900931530663096845918588675124509136566685819591603236858498822411569895506742439418827176986685369607106892234824416219908506254086007844839808698473450119728674797222479904000442008875059562891824616179106206008113030292897705340996100133307509001173359798147274275391 0 0 0 0 0 0 0 0 0 0 0 0 0 0 0 0 0 0 0 0 0 0 0 0 0 0 0 0 0 0 0 0 0 0 0 0 0 0 0 0 0 0 0 0 0 0 0 0 0 0 0 0 0 0 0 0 0 0 0 0 0 0 0 0 0 0 0 0 0 0 0 0 0 0 0 0 0 0 0 0 0 0 0 0 0 0 0 0 0 0 0 0 0 1 0 0 0 0 0 0 0 0 0 0 0 0 0 0 0]
[4466781633764257283579985474307818451080096136369272554793571439725655954283592280334515614872930200888395484482743373068495585371250914111524466330864778348730867356198932696803777449681003298849216808281663676145573283265467622936796503653952696636162716247493466647373526769661810541147162803214516976993225659416197794499658972 0 0 0 0 0 0 0 0 0 0 0 0 0 0 0 0 0 0 0 0 0 0 0 0 0 0 0 0 0 0 0 0 0 0 0 0 0 0 0 0 0 0 0 0 0 0 0 0 0 0 0 0 0 0 0 0 0 0 0 0 0 0 0 0 0 0 0 0 0 0 0 0 0 0 0 0 0 0 0 0 0 0 0 0 0 0 0 0 0 0 0 0 0 0 1 0 0 0 0 0 0 0 0 0 0 0 0 0 0]
[6216964992997643517428279374908065404331706124848381072628772147730491534688511535330046238619645695549964046130910440076075262440404050000263462697339592853723069720128384884999475963941615812211328743816026143832646562088324572747136916579871433967190337757261008229535384634690611623701686474334503510263631883984174586208345811 0 0 0 0 0 0 0 0 0 0 0 0 0 0 0 0 0 0 0 0 0 0 0 0 0 0 0 0 0 0 0 0 0 0 0 0 0 0 0 0 0 0 0 0 0 0 0 0 0 0 0 0 0 0 0 0 0 0 0 0 0 0 0 0 0 0 0 0 0 0 0 0 0 0 0 0 0 0 0 0 0 0 0 0 0 0 0 0 0 0 0 0 0 0 0 1 0 0 0 0 0 0 0 0 0 0 0 0 0]
[9255945795561354187920371798309809073401987729568464096333011083871499967806614557912024311445868594450586272333794807313664416103278983027649759194666013963000258096709532844175047890601742525990016515534197492422305543099642871224385289329300736027975599180865619323148469585441605802286030633519047315177196742586630138599971680 0 0 0 0 0 0 0 0 0 0 0 0 0 0 0 0 0 0 0 0 0 0 0 0 0 0 0 0 0 0 0 0 0 0 0 0 0 0 0 0 0 0 0 0 0 0 0 0 0 0 0 0 0 0 0 0 0 0 0 0 0 0 0 0 0 0 0 0 0 0 0 0 0 0 0 0 0 0 0 0 0 0 0 0 0 0 0 0 0 0 0 0 0 0 0 0 1 0 0 0 0 0 0 0 0 0 0 0 0]
[1938494268107482329342255891560281224384390471603093904508232454057153339988419881373919902087240979256877379935812388486806563732206357092757757423480143670105228124753704562108375978849836273388039823470054696036533717654173350352615072533288226740209433295631738429342750512581313390382606949623511463192856094175208134262641775 0 0 0 0 0 0 0 0 0 0 0 0 0 0 0 0 0 0 0 0 0 0 0 0 0 0 0 0 0 0 0 0 0 0 0 0 0 0 0 0 0 0 0 0 0 0 0 0 0 0 0 0 0 0 0 0 0 0 0 0 0 0 0 0 0 0 0 0 0 0 0 0 0 0 0 0 0 0 0 0 0 0 0 0 0 0 0 0 0 0 0 0 0 0 0 0 0 1 0 0 0 0 0 0 0 0 0 0 0]
[6778788918892286851120040061086762563583512096026811371367575322974915675534264292162783617509852646835027143716217514729529783675890885878952158728994460353488488404554756965618824737708755847304195500564011625141219988265127755079156646022321370133247734170579113676211310354620758858959854896071453300819682767550472358166674022 0 0 0 0 0 0 0 0 0 0 0 0 0 0 0 0 0 0 0 0 0 0 0 0 0 0 0 0 0 0 0 0 0 0 0 0 0 0 0 0 0 0 0 0 0 0 0 0 0 0 0 0 0 0 0 0 0 0 0 0 0 0 0 0 0 0 0 0 0 0 0 0 0 0 0 0 0 0 0 0 0 0 0 0 0 0 0 0 0 0 0 0 0 0 0 0 0 0 1 0 0 0 0 0 0 0 0 0 0]
[3229357298978363713029617840209970014532113310120543574615977832335171372832155926343100766806597626114019859490814619414377882141319063251815913669901390550766638038218561045364758043396889056392721631475499591658975715474085498113336985295715527420796431543860580890842381440242149936334983221304529076617575988970377347817166671 0 0 0 0 0 0 0 0 0 0 0 0 0 0 0 0 0 0 0 0 0 0 0 0 0 0 0 0 0 0 0 0 0 0 0 0 0 0 0 0 0 0 0 0 0 0 0 0 0 0 0 0 0 0 0 0 0 0 0 0 0 0 0 0 0 0 0 0 0 0 0 0 0 0 0 0 0 0 0 0 0 0 0 0 0 0 0 0 0 0 0 0 0 0 0 0 0 0 0 1 0 0 0 0 0 0 0 0 0]
[1718789782629155232217733585329087772128953604486738520216364923132762820848146255908577068395004144812961137945512426800400995163825457151902766387878125010914011071028529444292102298988948948085186229902171998931139406928564731686004122865730572120878577424106063403107548908225440118206252261943175290198583714696898086895647567 0 0 0 0 0 0 0 0 0 0 0 0 0 0 0 0 0 0 0 0 0 0 0 0 0 0 0 0 0 0 0 0 0 0 0 0 0 0 0 0 0 0 0 0 0 0 0 0 0 0 0 0 0 0 0 0 0 0 0 0 0 0 0 0 0 0 0 0 0 0 0 0 0 0 0 0 0 0 0 0 0 0 0 0 0 0 0 0 0 0 0 0 0 0 0 0 0 0 0 0 1 0 0 0 0 0 0 0 0]
[1726694331380124379841998750796674601891366282937683955150536555464876377023292972790181739202973277304290488756503676331916851416584222171597647364343321163336570868259172789257606024039560195503075082988148910685924070117158053767512037883694218231695339760451388350380072130160372555800220412501631187823775446386228481016229246 0 0 0 0 0 0 0 0 0 0 0 0 0 0 0 0 0 0 0 0 0 0 0 0 0 0 0 0 0 0 0 0 0 0 0 0 0 0 0 0 0 0 0 0 0 0 0 0 0 0 0 0 0 0 0 0 0 0 0 0 0 0 0 0 0 0 0 0 0 0 0 0 0 0 0 0 0 0 0 0 0 0 0 0 0 0 0 0 0 0 0 0 0 0 0 0 0 0 0 0 0 1 0 0 0 0 0 0 0]
[8762497524230323760992365670692677702660386258685563193415764609834566625191071149300185311507862884383398064377246212193243820946157017123463483034816320932915564884277236090873372254841495789895737035628190717251009161593974358435617277041191451345047306944019398144605421736945309329807171597986736180019176875451890708553878648 0 0 0 0 0 0 0 0 0 0 0 0 0 0 0 0 0 0 0 0 0 0 0 0 0 0 0 0 0 0 0 0 0 0 0 0 0 0 0 0 0 0 0 0 0 0 0 0 0 0 0 0 0 0 0 0 0 0 0 0 0 0 0 0 0 0 0 0 0 0 0 0 0 0 0 0 0 0 0 0 0 0 0 0 0 0 0 0 0 0 0 0 0 0 0 0 0 0 0 0 0 0 1 0 0 0 0 0 0]
[8497148260273622837350391654207264772469053343495290570741212653312079273503164293875435503642732702697114655381882059204764470095875644741786309025788883054515025699023299066159221340398320724462024946217876988017616184210957706374805606315645027311750395009481988487846141646780393677691572810300742445100253359657727330124637793 0 0 0 0 0 0 0 0 0 0 0 0 0 0 0 0 0 0 0 0 0 0 0 0 0 0 0 0 0 0 0 0 0 0 0 0 0 0 0 0 0 0 0 0 0 0 0 0 0 0 0 0 0 0 0 0 0 0 0 0 0 0 0 0 0 0 0 0 0 0 0 0 0 0 0 0 0 0 0 0 0 0 0 0 0 0 0 0 0 0 0 0 0 0 0 0 0 0 0 0 0 0 0 1 0 0 0 0 0]
[6850356039994442109508759243712012498901885082506177340997511536658843351264806495286382941130446336998055286795771378679547275902459577956953036128104342477864476614566034588353978323791896395762369524198971226550324917122159734076934505440647009061509315247551274792632067306510395564581451921722813158592845453933077603354302786 0 0 0 0 0 0 0 0 0 0 0 0 0 0 0 0 0 0 0 0 0 0 0 0 0 0 0 0 0 0 0 0 0 0 0 0 0 0 0 0 0 0 0 0 0 0 0 0 0 0 0 0 0 0 0 0 0 0 0 0 0 0 0 0 0 0 0 0 0 0 0 0 0 0 0 0 0 0 0 0 0 0 0 0 0 0 0 0 0 0 0 0 0 0 0 0 0 0 0 0 0 0 0 0 1 0 0 0 0]
[8112803212246282165490772751693981166323639676063141774989855526254698739071697601082908834095958074308906561513803277959118043463175411394467455766451687769548188255836179831189760025202317041711847270829154073248971935864060100756255927090832665063061770143061726894041656763582321781271532735922745862001406398967080100352926452 0 0 0 0 0 0 0 0 0 0 0 0 0 0 0 0 0 0 0 0 0 0 0 0 0 0 0 0 0 0 0 0 0 0 0 0 0 0 0 0 0 0 0 0 0 0 0 0 0 0 0 0 0 0 0 0 0 0 0 0 0 0 0 0 0 0 0 0 0 0 0 0 0 0 0 0 0 0 0 0 0 0 0 0 0 0 0 0 0 0 0 0 0 0 0 0 0 0 0 0 0 0 0 0 0 1 0 0 0]
[537285928456000038160721242190201973757828194533355266965959942978340652687462638714640185867344010134049779231183239722358495191729793485768140020389523462034916679382959059165856405471583214099751950692203575248142275021241390862518971228336274395657289704120376522379032194527376553375199596587980838072354449765291694313075186 0 0 0 0 0 0 0 0 0 0 0 0 0 0 0 0 0 0 0 0 0 0 0 0 0 0 0 0 0 0 0 0 0 0 0 0 0 0 0 0 0 0 0 0 0 0 0 0 0 0 0 0 0 0 0 0 0 0 0 0 0 0 0 0 0 0 0 0 0 0 0 0 0 0 0 0 0 0 0 0 0 0 0 0 0 0 0 0 0 0 0 0 0 0 0 0 0 0 0 0 0 0 0 0 0 0 1 0 0]
[7467164035150339171249550911397929756978413454500080885617115528616275311026277504909364017758592465848893196238158247745065471496580035044874672575483995085721133230114092730784984978087122196851578972929721937964030049390026947035036159172419181986891556197233507604294625503201515713359883971637668032306493994032397990072528719 0 0 0 0 0 0 0 0 0 0 0 0 0 0 0 0 0 0 0 0 0 0 0 0 0 0 0 0 0 0 0 0 0 0 0 0 0 0 0 0 0 0 0 0 0 0 0 0 0 0 0 0 0 0 0 0 0 0 0 0 0 0 0 0 0 0 0 0 0 0 0 0 0 0 0 0 0 0 0 0 0 0 0 0 0 0 0 0 0 0 0 0 0 0 0 0 0 0 0 0 0 0 0 0 0 0 0 1 0]
[724515527822544959607150770262082081750482310785642287340747252181670632168333648493975214005159982785589142673524259966230474722804360377564486687333585083035875693176176182538081249023842534397995031570964354860848434799387652578059307267013706144134523667417156233169797329678733311274280186795310931178213223919330067781015620 0 0 0 0 0 0 0 0 0 0 0 0 0 0 0 0 0 0 0 0 0 0 0 0 0 0 0 0 0 0 0 0 0 0 0 0 0 0 0 0 0 0 0 0 0 0 0 0 0 0 0 0 0 0 0 0 0 0 0 0 0 0 0 0 0 0 0 0 0 0 0 0 0 0 0 0 0 0 0 0 0 0 0 0 0 0 0 0 0 0 0 0 0 0 0 0 0 0 0 0 0 0 0 0 0 0 0 0 1]
]
