[[6199994016952583455295826682393275675928949075010053345563742960218775376163013874517055489699921155001217952184785830638157271385272024792965547076832759494265630919491995299766907301640159858247324063106047586920742442577925755629849843099 0 0 0 0 0 0 0 0 0 0 0 0 0 0 0 0 0 0 0 0 0 0 0 0 0 0 0 0 0 0 0 0 0 0 0 0 0 0 0 0 0 0 0 0 0 0 0 0 0 0 0 0 0 0 0 0 0 0 0 0 0 0 0 0 0 0 0 0 0 0 0 0 0 0 0 0 0 0 0]
[1937044055599743299924727427985539262137098956326367158008267321038899082742153638618390126765581848084882408845316521243841691122010636354026732556228606190781818821316282503093353257072089547030130436575346915722414708753155773815308154018 1 0 0 0 0 0 0 0 0 0 0 0 0 0 0 0 0 0 0 0 0 0 0 0 0 0 0 0 0 0 0 0 0 0 0 0 0 0 0 0 0 0 0 0 0 0 0 0 0 0 0 0 0 0 0 0 0 0 0 0 0 0 0 0 0 0 0 0 0 0 0 0 0 0 0 0 0 0 0]
[2646293043552362733681200955400959901250452730328921512303985117223528554362134277045409168281676309173065654269683943165616779800306760367882313005948611044767373180160407894469716441878068978741168980148160647234721996269515399435815867090 0 1 0 0 0 0 0 0 0 0 0 0 0 0 0 0 0 0 0 0 0 0 0 0 0 0 0 0 0 0 0 0 0 0 0 0 0 0 0 0 0 0 0 0 0 0 0 0 0 0 0 0 0 0 0 0 0 0 0 0 0 0 0 0 0 0 0 0 0 0 0 0 0 0 0 0 0 0 0]
[5086021450532888650177836899778195686989520780860600847289926588753382097046289249261478381410169927556760684012318131221026478294727658776570562493279332267021920494285262379647074453951325720795708219161265918439305373713960656232962121729 0 0 1 0 0 0 0 0 0 0 0 0 0 0 0 0 0 0 0 0 0 0 0 0 0 0 0 0 0 0 0 0 0 0 0 0 0 0 0 0 0 0 0 0 0 0 0 0 0 0 0 0 0 0 0 0 0 0 0 0 0 0 0 0 0 0 0 0 0 0 0 0 0 0 0 0 0 0 0]
[5513376234630180594253600142502797081529382269358744228090915227213417315567802638537668930511808479102788764797901904650595234671864693321133417338092410313651933466775783686198512545226723039024258303314048821342021933000060795308475175038 0 0 0 1 0 0 0 0 0 0 0 0 0 0 0 0 0 0 0 0 0 0 0 0 0 0 0 0 0 0 0 0 0 0 0 0 0 0 0 0 0 0 0 0 0 0 0 0 0 0 0 0 0 0 0 0 0 0 0 0 0 0 0 0 0 0 0 0 0 0 0 0 0 0 0 0 0 0 0]
[2643089840818080753971298943870753297262056259411723914001037326352930586646404689996716421486609621211066720357460351178002146979677035651606314711870147187268182402008467050335233174920083496355921154564743898693379368824545089725392876614 0 0 0 0 1 0 0 0 0 0 0 0 0 0 0 0 0 0 0 0 0 0 0 0 0 0 0 0 0 0 0 0 0 0 0 0 0 0 0 0 0 0 0 0 0 0 0 0 0 0 0 0 0 0 0 0 0 0 0 0 0 0 0 0 0 0 0 0 0 0 0 0 0 0 0 0 0 0 0]
[3943705843449760047872377956385459776343007275288390090552756885200012830805707632352909420509379238014581303705031772925995010879275654479937379690158707313161559170133947475915664842943794748599441943349350001009531557616944292121530637762 0 0 0 0 0 1 0 0 0 0 0 0 0 0 0 0 0 0 0 0 0 0 0 0 0 0 0 0 0 0 0 0 0 0 0 0 0 0 0 0 0 0 0 0 0 0 0 0 0 0 0 0 0 0 0 0 0 0 0 0 0 0 0 0 0 0 0 0 0 0 0 0 0 0 0 0 0 0 0]
[2773692970882053383762910743860712675444120786002145823961658349772470267259284561672379505390079909726287090179196386912208601123280925769908981078988652182819253354313000018380083792114246125588416512768832820446826946262550297794459006679 0 0 0 0 0 0 1 0 0 0 0 0 0 0 0 0 0 0 0 0 0 0 0 0 0 0 0 0 0 0 0 0 0 0 0 0 0 0 0 0 0 0 0 0 0 0 0 0 0 0 0 0 0 0 0 0 0 0 0 0 0 0 0 0 0 0 0 0 0 0 0 0 0 0 0 0 0 0 0]
[1434423814143837410479349202552192153706056441906427868188504374261939826590884914555583297464526820967388418905848134097303959894983140495750167330057400851212286609484318860673026467933606932313115760608856590564855505063621382635643844132 0 0 0 0 0 0 0 1 0 0 0 0 0 0 0 0 0 0 0 0 0 0 0 0 0 0 0 0 0 0 0 0 0 0 0 0 0 0 0 0 0 0 0 0 0 0 0 0 0 0 0 0 0 0 0 0 0 0 0 0 0 0 0 0 0 0 0 0 0 0 0 0 0 0 0 0 0 0 0]
[2759046892991646679806168752368306148036755673008705251577193954022279200764418001228784193609005590448573628278604663596569204065232397869300840749897275249398840896202467054755856749209798604209198830665264363744698495247450971589341640218 0 0 0 0 0 0 0 0 1 0 0 0 0 0 0 0 0 0 0 0 0 0 0 0 0 0 0 0 0 0 0 0 0 0 0 0 0 0 0 0 0 0 0 0 0 0 0 0 0 0 0 0 0 0 0 0 0 0 0 0 0 0 0 0 0 0 0 0 0 0 0 0 0 0 0 0 0 0 0]
[3214827904432064866598099353134359743694395135673577831372005806260136163325135385805777728496604326442476957091522420563653173796636974024553957881607533574084465913865362215285071137348888828326628504741172244840224758258228730198746268018 0 0 0 0 0 0 0 0 0 1 0 0 0 0 0 0 0 0 0 0 0 0 0 0 0 0 0 0 0 0 0 0 0 0 0 0 0 0 0 0 0 0 0 0 0 0 0 0 0 0 0 0 0 0 0 0 0 0 0 0 0 0 0 0 0 0 0 0 0 0 0 0 0 0 0 0 0 0 0]
[68796723642833486912893884596592837477736189601052593808363480951683881411150813477954809712937132528150113018315710848357508647416075447395653362138001445289264136161633893423435926507042242247585140309575309618411822085658902740073934626 0 0 0 0 0 0 0 0 0 0 1 0 0 0 0 0 0 0 0 0 0 0 0 0 0 0 0 0 0 0 0 0 0 0 0 0 0 0 0 0 0 0 0 0 0 0 0 0 0 0 0 0 0 0 0 0 0 0 0 0 0 0 0 0 0 0 0 0 0 0 0 0 0 0 0 0 0 0 0]
[6072788628555380899718745089601937557481476271165889974087951448524607558696733395767408070185883060790757989693050107125703906827713581131655460307913232510589225927515244315311318503818226460958956278506754035241293326911962649149758841010 0 0 0 0 0 0 0 0 0 0 0 1 0 0 0 0 0 0 0 0 0 0 0 0 0 0 0 0 0 0 0 0 0 0 0 0 0 0 0 0 0 0 0 0 0 0 0 0 0 0 0 0 0 0 0 0 0 0 0 0 0 0 0 0 0 0 0 0 0 0 0 0 0 0 0 0 0 0 0]
[428962907097929869673895603968009481185206436100773003030932504519617284541660866311151656842121247064248616923065639989621851598288207356697741576016758869812005830996429434401335593667342356013272257667704824136991657561981168484174955045 0 0 0 0 0 0 0 0 0 0 0 0 1 0 0 0 0 0 0 0 0 0 0 0 0 0 0 0 0 0 0 0 0 0 0 0 0 0 0 0 0 0 0 0 0 0 0 0 0 0 0 0 0 0 0 0 0 0 0 0 0 0 0 0 0 0 0 0 0 0 0 0 0 0 0 0 0 0 0]
[4712250716680406415931618102537730772646110927145786891625742200876145844961156935285975375358953173277339493337455194265760558760830362570431301878447432444808254446995658201916515149371520261363778185056445757583000922089182232849722520405 0 0 0 0 0 0 0 0 0 0 0 0 0 1 0 0 0 0 0 0 0 0 0 0 0 0 0 0 0 0 0 0 0 0 0 0 0 0 0 0 0 0 0 0 0 0 0 0 0 0 0 0 0 0 0 0 0 0 0 0 0 0 0 0 0 0 0 0 0 0 0 0 0 0 0 0 0 0 0]
[4673868706170443808989804704655515856117293524339237883000536605882735819025408720258672611340324182157965670504931304557370353917265922161162321473342024905536844827140531389614450469531978989649212836524591716250669962983839491543878167774 0 0 0 0 0 0 0 0 0 0 0 0 0 0 1 0 0 0 0 0 0 0 0 0 0 0 0 0 0 0 0 0 0 0 0 0 0 0 0 0 0 0 0 0 0 0 0 0 0 0 0 0 0 0 0 0 0 0 0 0 0 0 0 0 0 0 0 0 0 0 0 0 0 0 0 0 0 0 0]
[2807311281243495941525479741339189312165500880576502299361556345406012148452944458839053785855957104749260316219330000364385781784983375247847014746014557112490635296356450733760606001788391467608268427357999146131189348086786524051779542691 0 0 0 0 0 0 0 0 0 0 0 0 0 0 0 1 0 0 0 0 0 0 0 0 0 0 0 0 0 0 0 0 0 0 0 0 0 0 0 0 0 0 0 0 0 0 0 0 0 0 0 0 0 0 0 0 0 0 0 0 0 0 0 0 0 0 0 0 0 0 0 0 0 0 0 0 0 0 0]
[3708278853225639910451541041014795516612171992132235788085265560799567352093001417220830834264730483686476793983426955136558193283290184899154549247255620251516769677001762296187252288247337354109154297955937281797065289275971866208689590505 0 0 0 0 0 0 0 0 0 0 0 0 0 0 0 0 1 0 0 0 0 0 0 0 0 0 0 0 0 0 0 0 0 0 0 0 0 0 0 0 0 0 0 0 0 0 0 0 0 0 0 0 0 0 0 0 0 0 0 0 0 0 0 0 0 0 0 0 0 0 0 0 0 0 0 0 0 0 0]
[4089311796719526893226819144317774911935291809611558303588068776603058855996510110040595468364557930834431475723530768963974489683419126477102242374147230865014115430280872928316508896878938462519057697304031531340753570086254292947557414166 0 0 0 0 0 0 0 0 0 0 0 0 0 0 0 0 0 1 0 0 0 0 0 0 0 0 0 0 0 0 0 0 0 0 0 0 0 0 0 0 0 0 0 0 0 0 0 0 0 0 0 0 0 0 0 0 0 0 0 0 0 0 0 0 0 0 0 0 0 0 0 0 0 0 0 0 0 0 0]
[5859131384074971091787069291160484845920170273006168952155196241269220840416980555376449026652375010231443407529794621560715688367294021064234953014741737747038611061316491182286408455137413341672581625398518773595799833318565590512366199217 0 0 0 0 0 0 0 0 0 0 0 0 0 0 0 0 0 0 1 0 0 0 0 0 0 0 0 0 0 0 0 0 0 0 0 0 0 0 0 0 0 0 0 0 0 0 0 0 0 0 0 0 0 0 0 0 0 0 0 0 0 0 0 0 0 0 0 0 0 0 0 0 0 0 0 0 0 0 0]
[987341002381437320629154471495311794232300945339152746341258922555426306522015662136483961817901999802989736782462623912820055904325197225440842557176571602946572743048346666355760879766734172496077087912636801615616826860792727394672116154 0 0 0 0 0 0 0 0 0 0 0 0 0 0 0 0 0 0 0 1 0 0 0 0 0 0 0 0 0 0 0 0 0 0 0 0 0 0 0 0 0 0 0 0 0 0 0 0 0 0 0 0 0 0 0 0 0 0 0 0 0 0 0 0 0 0 0 0 0 0 0 0 0 0 0 0 0 0 0]
[2655816832504311597098776128168523673787300660684663197586731163215635611940521880255411038183001590946179260131245755609222164215384554307625795775836274400838411121755977312388159800915389116482324751650429225276879160914817820801268445064 0 0 0 0 0 0 0 0 0 0 0 0 0 0 0 0 0 0 0 0 1 0 0 0 0 0 0 0 0 0 0 0 0 0 0 0 0 0 0 0 0 0 0 0 0 0 0 0 0 0 0 0 0 0 0 0 0 0 0 0 0 0 0 0 0 0 0 0 0 0 0 0 0 0 0 0 0 0 0]
[4302198656549236381791954578485531572325158863747287681526601888326290251860751958344465631646972363135710444792008896224741132258776054508307170734585861916791749686265287302789996065803627145995506875431232811588993170412313287797494056774 0 0 0 0 0 0 0 0 0 0 0 0 0 0 0 0 0 0 0 0 0 1 0 0 0 0 0 0 0 0 0 0 0 0 0 0 0 0 0 0 0 0 0 0 0 0 0 0 0 0 0 0 0 0 0 0 0 0 0 0 0 0 0 0 0 0 0 0 0 0 0 0 0 0 0 0 0 0 0]
[874209513376460490889703532441830743165431817596637544665866696031037062221573488938166806802574245166274142056606149464412896217689048020109858468469431668915242908227481351798484337301041769898021644059582929679665114575853834021239785482 0 0 0 0 0 0 0 0 0 0 0 0 0 0 0 0 0 0 0 0 0 0 1 0 0 0 0 0 0 0 0 0 0 0 0 0 0 0 0 0 0 0 0 0 0 0 0 0 0 0 0 0 0 0 0 0 0 0 0 0 0 0 0 0 0 0 0 0 0 0 0 0 0 0 0 0 0 0 0]
[270685394525263577180772607108136651474162456456001704388731694448772935441389295924425446812935826920270302242442118905801514231110124679548796371343928864739215940639533185088346350838802755838617786668528471441101305335596257771161637829 0 0 0 0 0 0 0 0 0 0 0 0 0 0 0 0 0 0 0 0 0 0 0 1 0 0 0 0 0 0 0 0 0 0 0 0 0 0 0 0 0 0 0 0 0 0 0 0 0 0 0 0 0 0 0 0 0 0 0 0 0 0 0 0 0 0 0 0 0 0 0 0 0 0 0 0 0 0 0]
[4807477460544989079657961275999972230249248772312774612697253148271391443048852111924747156273163627123530734144976220230507585152930054618539432783962408574453414374927641149989895675866570642112569678743756831211807239326996278517282072939 0 0 0 0 0 0 0 0 0 0 0 0 0 0 0 0 0 0 0 0 0 0 0 0 1 0 0 0 0 0 0 0 0 0 0 0 0 0 0 0 0 0 0 0 0 0 0 0 0 0 0 0 0 0 0 0 0 0 0 0 0 0 0 0 0 0 0 0 0 0 0 0 0 0 0 0 0 0 0]
[2114889040734266222585855697417032344024365163293482145141749980280607057035271099678044720459979741711571309689331555541218383249913061568139091414255603354922196487525459771822180246169339777549997119363334586178443030427740488176364885165 0 0 0 0 0 0 0 0 0 0 0 0 0 0 0 0 0 0 0 0 0 0 0 0 0 1 0 0 0 0 0 0 0 0 0 0 0 0 0 0 0 0 0 0 0 0 0 0 0 0 0 0 0 0 0 0 0 0 0 0 0 0 0 0 0 0 0 0 0 0 0 0 0 0 0 0 0 0 0]
[3304161027244297598391557160389887089285933740821657674759544017921178743157377020575000448003166908224835238416042186206898212173303829340534921761383840735103046263196599151951013061510067887253264994679064917617734048454398935526075630446 0 0 0 0 0 0 0 0 0 0 0 0 0 0 0 0 0 0 0 0 0 0 0 0 0 0 1 0 0 0 0 0 0 0 0 0 0 0 0 0 0 0 0 0 0 0 0 0 0 0 0 0 0 0 0 0 0 0 0 0 0 0 0 0 0 0 0 0 0 0 0 0 0 0 0 0 0 0 0]
[385529065474953943910658485413868856096672947680113112115226356421380445348954888715271370702711908717240937053584005123954656200700170638387296022878984741113119718906287892712761128206578030756424331452651066250267051061978096326501966466 0 0 0 0 0 0 0 0 0 0 0 0 0 0 0 0 0 0 0 0 0 0 0 0 0 0 0 1 0 0 0 0 0 0 0 0 0 0 0 0 0 0 0 0 0 0 0 0 0 0 0 0 0 0 0 0 0 0 0 0 0 0 0 0 0 0 0 0 0 0 0 0 0 0 0 0 0 0 0]
[4297496640316226641274555990247441918227692180351080973710775808944877516008873745265845848243326806355444882550999506759279899829592439342175678989151907236731208873808361439849654525728289806154178109615333531653745091341198791401064394332 0 0 0 0 0 0 0 0 0 0 0 0 0 0 0 0 0 0 0 0 0 0 0 0 0 0 0 0 1 0 0 0 0 0 0 0 0 0 0 0 0 0 0 0 0 0 0 0 0 0 0 0 0 0 0 0 0 0 0 0 0 0 0 0 0 0 0 0 0 0 0 0 0 0 0 0 0 0 0]
[5877045718727353482588235552344672103159308404271732625606376978008617081794815519642124619619110416321188265529736710092224582114410400849536561277264784345876724716268087799459609904491662884362316888061962711831379576615431480487000450623 0 0 0 0 0 0 0 0 0 0 0 0 0 0 0 0 0 0 0 0 0 0 0 0 0 0 0 0 0 1 0 0 0 0 0 0 0 0 0 0 0 0 0 0 0 0 0 0 0 0 0 0 0 0 0 0 0 0 0 0 0 0 0 0 0 0 0 0 0 0 0 0 0 0 0 0 0 0 0]
[1456815895247275010867154562973469246599583105314541876823461852968181674825800470741392020744536105851588623913507297430670960101374342873033331086656579544664431748734830659095052757647643883545592007149771570335113972873322755706872302015 0 0 0 0 0 0 0 0 0 0 0 0 0 0 0 0 0 0 0 0 0 0 0 0 0 0 0 0 0 0 1 0 0 0 0 0 0 0 0 0 0 0 0 0 0 0 0 0 0 0 0 0 0 0 0 0 0 0 0 0 0 0 0 0 0 0 0 0 0 0 0 0 0 0 0 0 0 0 0]
[5377289238354803219268369036356104989865769636235385673123101230859720752956266264015039866981566044711720690476739678616985364583534063490830971307943843361615748863611471105990464429576096734026364183274233314406039622076293055974678458919 0 0 0 0 0 0 0 0 0 0 0 0 0 0 0 0 0 0 0 0 0 0 0 0 0 0 0 0 0 0 0 1 0 0 0 0 0 0 0 0 0 0 0 0 0 0 0 0 0 0 0 0 0 0 0 0 0 0 0 0 0 0 0 0 0 0 0 0 0 0 0 0 0 0 0 0 0 0 0]
[3599438696799855118844666917059532159399310303306075743217732501606560853438101148999907051479395679911952143696151655221934845846373140436419544265648707747417013387219053206266544877236780543318605111611455250381980094743400984212452159828 0 0 0 0 0 0 0 0 0 0 0 0 0 0 0 0 0 0 0 0 0 0 0 0 0 0 0 0 0 0 0 0 1 0 0 0 0 0 0 0 0 0 0 0 0 0 0 0 0 0 0 0 0 0 0 0 0 0 0 0 0 0 0 0 0 0 0 0 0 0 0 0 0 0 0 0 0 0 0]
[826519358420423147230988410872694055461891895305511891406964859197723876042984844361582316758729785290714909996740181139996192059411464080965924667884082525972343290533914294444999981475071691031424950918735774043955370572262667489983000498 0 0 0 0 0 0 0 0 0 0 0 0 0 0 0 0 0 0 0 0 0 0 0 0 0 0 0 0 0 0 0 0 0 1 0 0 0 0 0 0 0 0 0 0 0 0 0 0 0 0 0 0 0 0 0 0 0 0 0 0 0 0 0 0 0 0 0 0 0 0 0 0 0 0 0 0 0 0 0]
[4735281325889543944072152905772070986059761975384282262894934769869668147676975016006098048609672756147317469092882067602309205620263433700235941852930105910430841251314270150162392330403669840442095869240728641660557530776655990162485747819 0 0 0 0 0 0 0 0 0 0 0 0 0 0 0 0 0 0 0 0 0 0 0 0 0 0 0 0 0 0 0 0 0 0 1 0 0 0 0 0 0 0 0 0 0 0 0 0 0 0 0 0 0 0 0 0 0 0 0 0 0 0 0 0 0 0 0 0 0 0 0 0 0 0 0 0 0 0 0]
[4765748447752602162624971663387397872243896916181338575226825519740311635999942668758003926566820678835540991617672612056457130184586000912173116059393606305968060173942534165046220413896106249465438725995790748204926889137732036144372194702 0 0 0 0 0 0 0 0 0 0 0 0 0 0 0 0 0 0 0 0 0 0 0 0 0 0 0 0 0 0 0 0 0 0 0 1 0 0 0 0 0 0 0 0 0 0 0 0 0 0 0 0 0 0 0 0 0 0 0 0 0 0 0 0 0 0 0 0 0 0 0 0 0 0 0 0 0 0 0]
[5415033258605442523269659301032150615247836323008386816808016674520233318536782077276462377228620406159994539237544694339148600931205643549047289125213986266759834211653372704332916594835634327393372208282476724014614938435471013521831668506 0 0 0 0 0 0 0 0 0 0 0 0 0 0 0 0 0 0 0 0 0 0 0 0 0 0 0 0 0 0 0 0 0 0 0 0 1 0 0 0 0 0 0 0 0 0 0 0 0 0 0 0 0 0 0 0 0 0 0 0 0 0 0 0 0 0 0 0 0 0 0 0 0 0 0 0 0 0 0]
[2519320026099437228300324732342298523259852569316837292368513005905155857502926830952772708425676504852288790380617370605179508278426691487801943121113523906191064907211256524226686751094490921830040762384540171489154198769249665139503511110 0 0 0 0 0 0 0 0 0 0 0 0 0 0 0 0 0 0 0 0 0 0 0 0 0 0 0 0 0 0 0 0 0 0 0 0 0 1 0 0 0 0 0 0 0 0 0 0 0 0 0 0 0 0 0 0 0 0 0 0 0 0 0 0 0 0 0 0 0 0 0 0 0 0 0 0 0 0 0]
[2585456413990006950625134627884503338708010905477688843637560012656567318489989942813258852905736605689763856854373026562721855176862829521836023241973777157619452619955765801934982235726924773491897059611935049853221034061364798263976197766 0 0 0 0 0 0 0 0 0 0 0 0 0 0 0 0 0 0 0 0 0 0 0 0 0 0 0 0 0 0 0 0 0 0 0 0 0 0 1 0 0 0 0 0 0 0 0 0 0 0 0 0 0 0 0 0 0 0 0 0 0 0 0 0 0 0 0 0 0 0 0 0 0 0 0 0 0 0 0]
[4171118352148682928305419879384679227991904351269107654550275777054236789219768501977662392013111083584736555631129003035423231588730857351697756183135319891057156098274193087291069004773498405016683259713022208617078045158462055024188259821 0 0 0 0 0 0 0 0 0 0 0 0 0 0 0 0 0 0 0 0 0 0 0 0 0 0 0 0 0 0 0 0 0 0 0 0 0 0 0 1 0 0 0 0 0 0 0 0 0 0 0 0 0 0 0 0 0 0 0 0 0 0 0 0 0 0 0 0 0 0 0 0 0 0 0 0 0 0 0]
[1857118941441146920212495218155426154688881569658760284898443919520203907823980174703335786398694169615247848433842885178401584561354799507478547835925236131157266398396250728655339576796032982518604726784930748519094595004690130013254864157 0 0 0 0 0 0 0 0 0 0 0 0 0 0 0 0 0 0 0 0 0 0 0 0 0 0 0 0 0 0 0 0 0 0 0 0 0 0 0 0 1 0 0 0 0 0 0 0 0 0 0 0 0 0 0 0 0 0 0 0 0 0 0 0 0 0 0 0 0 0 0 0 0 0 0 0 0 0 0]
[5237043952526426622108842162290900016173190582464212846284142141261864506218571491438624741479230474745857914545846204585458908944074295344565830641287031254243544500606704479984492572517728963932678114912921952176674509463160305530770388743 0 0 0 0 0 0 0 0 0 0 0 0 0 0 0 0 0 0 0 0 0 0 0 0 0 0 0 0 0 0 0 0 0 0 0 0 0 0 0 0 0 1 0 0 0 0 0 0 0 0 0 0 0 0 0 0 0 0 0 0 0 0 0 0 0 0 0 0 0 0 0 0 0 0 0 0 0 0 0]
[450674634736250454642533791680024280145463041587973202935826509674479634311189708304102975071873874993458377664744973655779210836545402584680348063894596463988478781075995845351555040952724128799137927265012917680792371985201834012316460720 0 0 0 0 0 0 0 0 0 0 0 0 0 0 0 0 0 0 0 0 0 0 0 0 0 0 0 0 0 0 0 0 0 0 0 0 0 0 0 0 0 0 1 0 0 0 0 0 0 0 0 0 0 0 0 0 0 0 0 0 0 0 0 0 0 0 0 0 0 0 0 0 0 0 0 0 0 0 0]
[2167834908047690513735252781222405268212753196528516912634970095554585906808441061370244017260317294122355200552980479001338078373516931147556486497332476303887262146023442723081359252157159990045342087794230143327397438047636916458072227147 0 0 0 0 0 0 0 0 0 0 0 0 0 0 0 0 0 0 0 0 0 0 0 0 0 0 0 0 0 0 0 0 0 0 0 0 0 0 0 0 0 0 0 1 0 0 0 0 0 0 0 0 0 0 0 0 0 0 0 0 0 0 0 0 0 0 0 0 0 0 0 0 0 0 0 0 0 0 0]
[1095162903303733298084980770236684530208544596978207201239271070207349838858711635755145063528989414834216807491706893011970567772915363574178322229316819747993500729466916448459672187428480501236729348350604798598788401195299133870130500630 0 0 0 0 0 0 0 0 0 0 0 0 0 0 0 0 0 0 0 0 0 0 0 0 0 0 0 0 0 0 0 0 0 0 0 0 0 0 0 0 0 0 0 0 1 0 0 0 0 0 0 0 0 0 0 0 0 0 0 0 0 0 0 0 0 0 0 0 0 0 0 0 0 0 0 0 0 0 0]
[5152936411581626963157686821094754228362452050221197065781037120507648870355681550255523621219272434902153767049246113009215358726965604411428849997955476519228470134760637478723151063985233490853024226903515318475128130096218503662066788051 0 0 0 0 0 0 0 0 0 0 0 0 0 0 0 0 0 0 0 0 0 0 0 0 0 0 0 0 0 0 0 0 0 0 0 0 0 0 0 0 0 0 0 0 0 1 0 0 0 0 0 0 0 0 0 0 0 0 0 0 0 0 0 0 0 0 0 0 0 0 0 0 0 0 0 0 0 0 0]
[6149764250091320853916713488627846988304142310966783443903775569514582612458859580795055122562609016865135842731233373133017205764580590869272314263529548065697864834496738358644983589827778027930996710120576772789315369369723347225686262518 0 0 0 0 0 0 0 0 0 0 0 0 0 0 0 0 0 0 0 0 0 0 0 0 0 0 0 0 0 0 0 0 0 0 0 0 0 0 0 0 0 0 0 0 0 0 1 0 0 0 0 0 0 0 0 0 0 0 0 0 0 0 0 0 0 0 0 0 0 0 0 0 0 0 0 0 0 0 0]
[5167567195153502092086699473087007942090281918151188555131038914661561047812086643645191499020494407959452094237349636163769346390539018369968055794080728714133858188186860819117278910823688614225121522213098586376864459263155148113880667962 0 0 0 0 0 0 0 0 0 0 0 0 0 0 0 0 0 0 0 0 0 0 0 0 0 0 0 0 0 0 0 0 0 0 0 0 0 0 0 0 0 0 0 0 0 0 0 1 0 0 0 0 0 0 0 0 0 0 0 0 0 0 0 0 0 0 0 0 0 0 0 0 0 0 0 0 0 0 0]
[2804275194471784294253859701006989787093615552766364326812802554621933969039271133712789834930689613698341852922465521502898012179742841386360296780190821224860057612997232169841904622463554211794583423916406875248380813777007377943868329552 0 0 0 0 0 0 0 0 0 0 0 0 0 0 0 0 0 0 0 0 0 0 0 0 0 0 0 0 0 0 0 0 0 0 0 0 0 0 0 0 0 0 0 0 0 0 0 0 1 0 0 0 0 0 0 0 0 0 0 0 0 0 0 0 0 0 0 0 0 0 0 0 0 0 0 0 0 0 0]
[5567737397549194384351701462252651893010254680684020421509588167638439817228033705873876567597176110146342984647403281306935567926435625955924538964377339311734983308325201967093291478642590675014622321230852336016078424882589790254677652875 0 0 0 0 0 0 0 0 0 0 0 0 0 0 0 0 0 0 0 0 0 0 0 0 0 0 0 0 0 0 0 0 0 0 0 0 0 0 0 0 0 0 0 0 0 0 0 0 0 1 0 0 0 0 0 0 0 0 0 0 0 0 0 0 0 0 0 0 0 0 0 0 0 0 0 0 0 0 0]
[5282888544885359782895429246534327989352540218259802087022728999284717724456131328351119947321074173871826487983983165713486315145279338686125419242004397258660053819483170278140111918022150253776903782726157937836265371209889345682131770327 0 0 0 0 0 0 0 0 0 0 0 0 0 0 0 0 0 0 0 0 0 0 0 0 0 0 0 0 0 0 0 0 0 0 0 0 0 0 0 0 0 0 0 0 0 0 0 0 0 0 1 0 0 0 0 0 0 0 0 0 0 0 0 0 0 0 0 0 0 0 0 0 0 0 0 0 0 0 0]
[2681349259523332812411907230231934706573578814170920099563436183366767302065444428104800017289644249285687892069708292909094508607650877412065066306260324514794179550144113023499130760945712738277798973282669381577706405220883071543576024951 0 0 0 0 0 0 0 0 0 0 0 0 0 0 0 0 0 0 0 0 0 0 0 0 0 0 0 0 0 0 0 0 0 0 0 0 0 0 0 0 0 0 0 0 0 0 0 0 0 0 0 1 0 0 0 0 0 0 0 0 0 0 0 0 0 0 0 0 0 0 0 0 0 0 0 0 0 0 0]
[973644768552103253023499433567597794378777596645780524293228191558692314235868019210434247470510218947106521307909429824337045133475963696184174747421537822502971757572718551505981187958009830739310676431783881268168592490590415323061461437 0 0 0 0 0 0 0 0 0 0 0 0 0 0 0 0 0 0 0 0 0 0 0 0 0 0 0 0 0 0 0 0 0 0 0 0 0 0 0 0 0 0 0 0 0 0 0 0 0 0 0 0 1 0 0 0 0 0 0 0 0 0 0 0 0 0 0 0 0 0 0 0 0 0 0 0 0 0 0]
[1208816280299688827895563020039395589702323464901181698712204229696563570282572257897826168077787414111391083470133112663738921769418401954002920156403461305358191679198025588964490754311479376978131592568421962907859029565993616737660457736 0 0 0 0 0 0 0 0 0 0 0 0 0 0 0 0 0 0 0 0 0 0 0 0 0 0 0 0 0 0 0 0 0 0 0 0 0 0 0 0 0 0 0 0 0 0 0 0 0 0 0 0 0 1 0 0 0 0 0 0 0 0 0 0 0 0 0 0 0 0 0 0 0 0 0 0 0 0 0]
[5233045576863298424591656974355061639742163728588116991372365678043807635808797060831143939082833620890747261349262927826408810611921267268142394211203973686840075149599861971447101573010149392853455158157846170007732040479471153732788877818 0 0 0 0 0 0 0 0 0 0 0 0 0 0 0 0 0 0 0 0 0 0 0 0 0 0 0 0 0 0 0 0 0 0 0 0 0 0 0 0 0 0 0 0 0 0 0 0 0 0 0 0 0 0 1 0 0 0 0 0 0 0 0 0 0 0 0 0 0 0 0 0 0 0 0 0 0 0 0]
[1601510302844948563137901600013905823925269816830271294524252248555696506368795077980056197141621701130672608335861017281783926458851029125717806415888762990482242578276721457603707589955110618288012817643758380705472234027386064338852043119 0 0 0 0 0 0 0 0 0 0 0 0 0 0 0 0 0 0 0 0 0 0 0 0 0 0 0 0 0 0 0 0 0 0 0 0 0 0 0 0 0 0 0 0 0 0 0 0 0 0 0 0 0 0 0 1 0 0 0 0 0 0 0 0 0 0 0 0 0 0 0 0 0 0 0 0 0 0 0]
[2943672301646629139419545655977250340387618975092258522899975658106328761116631956486875050839772690896665321362376428362164911824807064447815133897776426458092191093518600522398111429631370933106518966253166466097076433815405632509059212813 0 0 0 0 0 0 0 0 0 0 0 0 0 0 0 0 0 0 0 0 0 0 0 0 0 0 0 0 0 0 0 0 0 0 0 0 0 0 0 0 0 0 0 0 0 0 0 0 0 0 0 0 0 0 0 0 1 0 0 0 0 0 0 0 0 0 0 0 0 0 0 0 0 0 0 0 0 0 0]
[394598470259625411998770167611472786060417127115449582529317370187808555513680559548439849626917851679983501936321280260406607591450817864539122448021478622846822134271269913650385191531377654775093886868919464033336973920964160506253804816 0 0 0 0 0 0 0 0 0 0 0 0 0 0 0 0 0 0 0 0 0 0 0 0 0 0 0 0 0 0 0 0 0 0 0 0 0 0 0 0 0 0 0 0 0 0 0 0 0 0 0 0 0 0 0 0 0 1 0 0 0 0 0 0 0 0 0 0 0 0 0 0 0 0 0 0 0 0 0]
[2146138347228720865706662578642469638471657355975195490720709933140248937587159751009955961786928939635446760988542027246463945425324666988717899627321085733736639156761321933452697451062031639898871016717707438426189370850554558349166402487 0 0 0 0 0 0 0 0 0 0 0 0 0 0 0 0 0 0 0 0 0 0 0 0 0 0 0 0 0 0 0 0 0 0 0 0 0 0 0 0 0 0 0 0 0 0 0 0 0 0 0 0 0 0 0 0 0 0 1 0 0 0 0 0 0 0 0 0 0 0 0 0 0 0 0 0 0 0 0]
[6039692833551365152053766967181857872327529597844906574113610883066891943242195562276159636189454813506398280809901587871997615973667170857865728557883769149122104929912999274342512311148726214722221249004058623248131128224827356626885116494 0 0 0 0 0 0 0 0 0 0 0 0 0 0 0 0 0 0 0 0 0 0 0 0 0 0 0 0 0 0 0 0 0 0 0 0 0 0 0 0 0 0 0 0 0 0 0 0 0 0 0 0 0 0 0 0 0 0 0 1 0 0 0 0 0 0 0 0 0 0 0 0 0 0 0 0 0 0 0]
[6101659465440819552022110296745913496136655427663224682551434416523366706130639593781424481238456604386590430338892745248651537629749168367750083690585097196605530983239861525664910019626966357492213810500085361274558860196457355080563533420 0 0 0 0 0 0 0 0 0 0 0 0 0 0 0 0 0 0 0 0 0 0 0 0 0 0 0 0 0 0 0 0 0 0 0 0 0 0 0 0 0 0 0 0 0 0 0 0 0 0 0 0 0 0 0 0 0 0 0 0 1 0 0 0 0 0 0 0 0 0 0 0 0 0 0 0 0 0 0]
[4543497567051398307673690184076096357198120583644564641094637720535491617858119349173197846344326186480881297648299691297530919778433503236478885094970690597616662495113915474851304650812858749530975771756067911273294566217021715102331811213 0 0 0 0 0 0 0 0 0 0 0 0 0 0 0 0 0 0 0 0 0 0 0 0 0 0 0 0 0 0 0 0 0 0 0 0 0 0 0 0 0 0 0 0 0 0 0 0 0 0 0 0 0 0 0 0 0 0 0 0 0 1 0 0 0 0 0 0 0 0 0 0 0 0 0 0 0 0 0]
[430994230617664506015185584548813600133104865511469963246825424969107462507308570358783930953593829808372797008786253249952089399171989138175449520181751841903854617325048102232116817170196108826168708902491255280209696146859892600662029779 0 0 0 0 0 0 0 0 0 0 0 0 0 0 0 0 0 0 0 0 0 0 0 0 0 0 0 0 0 0 0 0 0 0 0 0 0 0 0 0 0 0 0 0 0 0 0 0 0 0 0 0 0 0 0 0 0 0 0 0 0 0 1 0 0 0 0 0 0 0 0 0 0 0 0 0 0 0 0]
[742480177775191102547038639467750136844202173003652154147945515052136135919834430101159342029026919101404129424347170942462102462541464847472738650208089991276552747186130423114218731437632066089864693182132076238143463152536178888901385025 0 0 0 0 0 0 0 0 0 0 0 0 0 0 0 0 0 0 0 0 0 0 0 0 0 0 0 0 0 0 0 0 0 0 0 0 0 0 0 0 0 0 0 0 0 0 0 0 0 0 0 0 0 0 0 0 0 0 0 0 0 0 0 1 0 0 0 0 0 0 0 0 0 0 0 0 0 0 0]
[1674958587979383966976199842005172534103179239422044811659409454665534864535158587319845279317654881808270031961472792485514555641632611917250883697798611578909816759687873587822249151242794182182617688301675889180983387528530530705180287936 0 0 0 0 0 0 0 0 0 0 0 0 0 0 0 0 0 0 0 0 0 0 0 0 0 0 0 0 0 0 0 0 0 0 0 0 0 0 0 0 0 0 0 0 0 0 0 0 0 0 0 0 0 0 0 0 0 0 0 0 0 0 0 0 1 0 0 0 0 0 0 0 0 0 0 0 0 0 0]
[1563037047333584830161396499649495374623307435574097972437065592146947089035897268862186998084884743414919073744933437178139549622244777009451137956027439251576224276286614065321189362250121697838330545393246928517178304569578752227236038191 0 0 0 0 0 0 0 0 0 0 0 0 0 0 0 0 0 0 0 0 0 0 0 0 0 0 0 0 0 0 0 0 0 0 0 0 0 0 0 0 0 0 0 0 0 0 0 0 0 0 0 0 0 0 0 0 0 0 0 0 0 0 0 0 0 1 0 0 0 0 0 0 0 0 0 0 0 0 0]
[1900951604319902974387622892544186930844843226909035506182481382297328332338760482559880160903222892843014134514746033254430526711390227781115977847752493976814939521029651112240971435654676650073171591929889055494343132275470656240933114020 0 0 0 0 0 0 0 0 0 0 0 0 0 0 0 0 0 0 0 0 0 0 0 0 0 0 0 0 0 0 0 0 0 0 0 0 0 0 0 0 0 0 0 0 0 0 0 0 0 0 0 0 0 0 0 0 0 0 0 0 0 0 0 0 0 0 1 0 0 0 0 0 0 0 0 0 0 0 0]
[5661474283262529171235162849543883986375957887914485355738649211666565294101237923570672828443754314457879876593513805533164466168286451778442615302629803147888628195187514822812760452869548590463030412168654419360781652101288985866848868386 0 0 0 0 0 0 0 0 0 0 0 0 0 0 0 0 0 0 0 0 0 0 0 0 0 0 0 0 0 0 0 0 0 0 0 0 0 0 0 0 0 0 0 0 0 0 0 0 0 0 0 0 0 0 0 0 0 0 0 0 0 0 0 0 0 0 0 1 0 0 0 0 0 0 0 0 0 0 0]
[2159302678712520818123269667293815878293207659458174599823024420571601640355737464267715022662556457896425202350718872839255902291808510632981760256884297912190007779764806945080689844117424726769993842538900650796740012091134103262431355900 0 0 0 0 0 0 0 0 0 0 0 0 0 0 0 0 0 0 0 0 0 0 0 0 0 0 0 0 0 0 0 0 0 0 0 0 0 0 0 0 0 0 0 0 0 0 0 0 0 0 0 0 0 0 0 0 0 0 0 0 0 0 0 0 0 0 0 0 1 0 0 0 0 0 0 0 0 0 0]
[4750443582314147241555056708396331683390985698909991279595816852468799114888283969685718671204549006415707206392830820802582065093699888017569459767023611306623936684731850563185647033910208158906252056575890961578751096206161127352490273584 0 0 0 0 0 0 0 0 0 0 0 0 0 0 0 0 0 0 0 0 0 0 0 0 0 0 0 0 0 0 0 0 0 0 0 0 0 0 0 0 0 0 0 0 0 0 0 0 0 0 0 0 0 0 0 0 0 0 0 0 0 0 0 0 0 0 0 0 0 1 0 0 0 0 0 0 0 0 0]
[1744446080559588978956688100084965502167905164983618864899104003585214182248397423188531540678241224650879217747750444615267755584245548438437330950537926070001275010497248292722744849950354849484225923265255613362162392644508383599885612291 0 0 0 0 0 0 0 0 0 0 0 0 0 0 0 0 0 0 0 0 0 0 0 0 0 0 0 0 0 0 0 0 0 0 0 0 0 0 0 0 0 0 0 0 0 0 0 0 0 0 0 0 0 0 0 0 0 0 0 0 0 0 0 0 0 0 0 0 0 0 1 0 0 0 0 0 0 0 0]
[4625598500842458037241965125442980595332168582645514191218223236413533289943279974549210079900021532427234903958137199229245743245687241542012208767870801405349158433783727602159574838204946663195713048145052283691474579213523916202010243453 0 0 0 0 0 0 0 0 0 0 0 0 0 0 0 0 0 0 0 0 0 0 0 0 0 0 0 0 0 0 0 0 0 0 0 0 0 0 0 0 0 0 0 0 0 0 0 0 0 0 0 0 0 0 0 0 0 0 0 0 0 0 0 0 0 0 0 0 0 0 0 1 0 0 0 0 0 0 0]
[3648259080647977612576284142085919527823185904388557987015648276217899784965963443803678377422492283525141089194647297107954657090130844728626148779049222438978130829521177679654765725044909423837374953990452111754728918134814014594838639628 0 0 0 0 0 0 0 0 0 0 0 0 0 0 0 0 0 0 0 0 0 0 0 0 0 0 0 0 0 0 0 0 0 0 0 0 0 0 0 0 0 0 0 0 0 0 0 0 0 0 0 0 0 0 0 0 0 0 0 0 0 0 0 0 0 0 0 0 0 0 0 0 1 0 0 0 0 0 0]
[5703247994138294567948072528373756978614145640183990806203780875066883596264931910952996634362623175543396779233736493609823073671936804100134889350832281312418292400797025258607251961486443680530105610748469041263503623908800913379784895692 0 0 0 0 0 0 0 0 0 0 0 0 0 0 0 0 0 0 0 0 0 0 0 0 0 0 0 0 0 0 0 0 0 0 0 0 0 0 0 0 0 0 0 0 0 0 0 0 0 0 0 0 0 0 0 0 0 0 0 0 0 0 0 0 0 0 0 0 0 0 0 0 0 1 0 0 0 0 0]
[2397318739095949372653693204104403017095049867122782525165838496725176398502868913487119933261004282401743311342428628906798500594267282906880050938186737697511828890541791501069330420501502202676969147703089049577489266008122808631269076541 0 0 0 0 0 0 0 0 0 0 0 0 0 0 0 0 0 0 0 0 0 0 0 0 0 0 0 0 0 0 0 0 0 0 0 0 0 0 0 0 0 0 0 0 0 0 0 0 0 0 0 0 0 0 0 0 0 0 0 0 0 0 0 0 0 0 0 0 0 0 0 0 0 0 1 0 0 0 0]
[4831853316320118587578848850884825375655117254490804340539622271429314111652350458929785695983363089287625672153827591116174541458912653942691255205859061023375507463377090765424032151426276707250560123371680408326600355896658347518364530599 0 0 0 0 0 0 0 0 0 0 0 0 0 0 0 0 0 0 0 0 0 0 0 0 0 0 0 0 0 0 0 0 0 0 0 0 0 0 0 0 0 0 0 0 0 0 0 0 0 0 0 0 0 0 0 0 0 0 0 0 0 0 0 0 0 0 0 0 0 0 0 0 0 0 0 1 0 0 0]
[2284276436363577938483786394353971097787724629280950451026454680625077636458872213805220226176193680645546254485867115157885142436547726994971514142497802443002306304577422297265437488584467392470177185261981788709237714647395967233330716311 0 0 0 0 0 0 0 0 0 0 0 0 0 0 0 0 0 0 0 0 0 0 0 0 0 0 0 0 0 0 0 0 0 0 0 0 0 0 0 0 0 0 0 0 0 0 0 0 0 0 0 0 0 0 0 0 0 0 0 0 0 0 0 0 0 0 0 0 0 0 0 0 0 0 0 0 1 0 0]
[5775392875479591505971749314765904918922074375707011689340558261675071115513115403066534094973420033629837651041393645768138068709689967777354449827790707914084521634005681141570573122155417432150037277205683982407373332317880046513740688493 0 0 0 0 0 0 0 0 0 0 0 0 0 0 0 0 0 0 0 0 0 0 0 0 0 0 0 0 0 0 0 0 0 0 0 0 0 0 0 0 0 0 0 0 0 0 0 0 0 0 0 0 0 0 0 0 0 0 0 0 0 0 0 0 0 0 0 0 0 0 0 0 0 0 0 0 0 1 0]
[5689335786704550144547089925096495933656062603547895089030304505589387058162070503977206707898285535293032808457163566460431291562414280241222180539611130027823087228413111413032067252204412214523212077199639000619811837513378928787279138860 0 0 0 0 0 0 0 0 0 0 0 0 0 0 0 0 0 0 0 0 0 0 0 0 0 0 0 0 0 0 0 0 0 0 0 0 0 0 0 0 0 0 0 0 0 0 0 0 0 0 0 0 0 0 0 0 0 0 0 0 0 0 0 0 0 0 0 0 0 0 0 0 0 0 0 0 0 0 1]
]
