[[12258560846132953805592096525935257943681166862640377462032572305572619658725898087716230838575940406456350613744177947556367455631268119136175647196397849948974698570409677978005441882507506160568617600376865263933168001505743120026101681813139719128376121043991962339170884869369630385703617085706075608821861974463775477955961239 0 0 0 0 0 0 0 0 0 0 0 0 0 0 0 0 0 0 0 0 0 0 0 0 0 0 0 0 0 0 0 0 0 0 0 0 0 0 0 0 0 0 0 0 0 0 0 0 0 0 0 0 0 0 0 0 0 0 0 0 0 0 0 0 0 0 0 0 0 0 0 0 0 0 0 0 0 0 0 0 0 0 0 0 0 0 0 0 0 0 0 0 0 0 0 0 0 0 0 0 0 0 0 0 0 0 0 0 0]
[12213751388613459757474511587574731671344738958899318053232438150558240290751691205498157427070772406805263888074011055196400575476639403275730060886701565960487678055544785006603393591936452987760613710405967873709385901377846241093094359436986400443062180731285826530705967947728533852521285146976947457370359530215519528081175791 1 0 0 0 0 0 0 0 0 0 0 0 0 0 0 0 0 0 0 0 0 0 0 0 0 0 0 0 0 0 0 0 0 0 0 0 0 0 0 0 0 0 0 0 0 0 0 0 0 0 0 0 0 0 0 0 0 0 0 0 0 0 0 0 0 0 0 0 0 0 0 0 0 0 0 0 0 0 0 0 0 0 0 0 0 0 0 0 0 0 0 0 0 0 0 0 0 0 0 0 0 0 0 0 0 0 0 0 0]
[11339259634525941078418000090148140235622104223895474635522559259198743813617402182818431834314732928231072852598691481374591560946489844209905183504202060086365331536056300631097606997771831928698000788810330572917287265349427414914145859659806663857868041446133161975721171753898122832944202118816350781013865814670478680152443848 0 1 0 0 0 0 0 0 0 0 0 0 0 0 0 0 0 0 0 0 0 0 0 0 0 0 0 0 0 0 0 0 0 0 0 0 0 0 0 0 0 0 0 0 0 0 0 0 0 0 0 0 0 0 0 0 0 0 0 0 0 0 0 0 0 0 0 0 0 0 0 0 0 0 0 0 0 0 0 0 0 0 0 0 0 0 0 0 0 0 0 0 0 0 0 0 0 0 0 0 0 0 0 0 0 0 0 0 0]
[11169661305047673215746060583426193722263255361166991721032102512566829981685121468121950713305966808644516227991858460479479864816079392300979936113323566230815344128976803102251292679424210360403428546666232874463841950419334475249127889064487420362293541948000399789949741037952567858471666942032964112996997556892504973633413627 0 0 1 0 0 0 0 0 0 0 0 0 0 0 0 0 0 0 0 0 0 0 0 0 0 0 0 0 0 0 0 0 0 0 0 0 0 0 0 0 0 0 0 0 0 0 0 0 0 0 0 0 0 0 0 0 0 0 0 0 0 0 0 0 0 0 0 0 0 0 0 0 0 0 0 0 0 0 0 0 0 0 0 0 0 0 0 0 0 0 0 0 0 0 0 0 0 0 0 0 0 0 0 0 0 0 0 0 0]
[5246867684072886749097031341329288824683343826261386956434639738771544900328117219313242364766007060569828623809685449543622817947245177871611260411907112869335235744365146063031342839516684023932101685568819381573356591775173033482071488638282136874230242442733462937657961018026214166232189797072075182277031325877860070252835106 0 0 0 1 0 0 0 0 0 0 0 0 0 0 0 0 0 0 0 0 0 0 0 0 0 0 0 0 0 0 0 0 0 0 0 0 0 0 0 0 0 0 0 0 0 0 0 0 0 0 0 0 0 0 0 0 0 0 0 0 0 0 0 0 0 0 0 0 0 0 0 0 0 0 0 0 0 0 0 0 0 0 0 0 0 0 0 0 0 0 0 0 0 0 0 0 0 0 0 0 0 0 0 0 0 0 0 0 0]
[9192738520299128823821147782113424513138328811173802811467268355614828554693764078202722162037765695720817560136676252917564979828349771205168026474002646294668722799902189671436370674052683750890627007969048802085261156056238186699206039461385701275762008884689869750891250226142520402078715461665105743594217384868109481035513635 0 0 0 0 1 0 0 0 0 0 0 0 0 0 0 0 0 0 0 0 0 0 0 0 0 0 0 0 0 0 0 0 0 0 0 0 0 0 0 0 0 0 0 0 0 0 0 0 0 0 0 0 0 0 0 0 0 0 0 0 0 0 0 0 0 0 0 0 0 0 0 0 0 0 0 0 0 0 0 0 0 0 0 0 0 0 0 0 0 0 0 0 0 0 0 0 0 0 0 0 0 0 0 0 0 0 0 0 0]
[1141567611048964298555919196611836512808628644266894648101732878495151522710707557938649549835713218739238634236399436861984967353173029303509276524557063630614865524554428281951050493622275573389136120260334521440376456363302972819859970951408285776866918013048921095232193081615813559348255411365444513484096524243951937188206129 0 0 0 0 0 1 0 0 0 0 0 0 0 0 0 0 0 0 0 0 0 0 0 0 0 0 0 0 0 0 0 0 0 0 0 0 0 0 0 0 0 0 0 0 0 0 0 0 0 0 0 0 0 0 0 0 0 0 0 0 0 0 0 0 0 0 0 0 0 0 0 0 0 0 0 0 0 0 0 0 0 0 0 0 0 0 0 0 0 0 0 0 0 0 0 0 0 0 0 0 0 0 0 0 0 0 0 0 0]
[7405076881637365382570067009261864452265486414116231594638386009634166586443742061250028804675515473931674891383782651522410631339794588717373780004910544636119934972424422783854227816921669779080894519658499445292724185300219437001854091548063940753522617420474065898172821761451489269895574372905986121229386481792855339480398422 0 0 0 0 0 0 1 0 0 0 0 0 0 0 0 0 0 0 0 0 0 0 0 0 0 0 0 0 0 0 0 0 0 0 0 0 0 0 0 0 0 0 0 0 0 0 0 0 0 0 0 0 0 0 0 0 0 0 0 0 0 0 0 0 0 0 0 0 0 0 0 0 0 0 0 0 0 0 0 0 0 0 0 0 0 0 0 0 0 0 0 0 0 0 0 0 0 0 0 0 0 0 0 0 0 0 0 0 0]
[65061863010365451607883280208244128509067274784432001452251506778931379779683898688167111748399598623342125265121398901695215749479179488653631463886185495104011156123886721340967505491853184153862773321638171679300056110377766553603953161536053693056873210787289229624335423838110907584228235372459661627160981506278004056322214 0 0 0 0 0 0 0 1 0 0 0 0 0 0 0 0 0 0 0 0 0 0 0 0 0 0 0 0 0 0 0 0 0 0 0 0 0 0 0 0 0 0 0 0 0 0 0 0 0 0 0 0 0 0 0 0 0 0 0 0 0 0 0 0 0 0 0 0 0 0 0 0 0 0 0 0 0 0 0 0 0 0 0 0 0 0 0 0 0 0 0 0 0 0 0 0 0 0 0 0 0 0 0 0 0 0 0 0 0]
[392582866306050474615903561180379898265294351592525787553573708370115548222274945201605226543589566900685761623976615396152590519318182106584740190256390888576349941850560806674556003987850337587046698134961957645954653416600582556664915475088382901003611468164021889308454264240158428057860037650389856024097860281967874340147224 0 0 0 0 0 0 0 0 1 0 0 0 0 0 0 0 0 0 0 0 0 0 0 0 0 0 0 0 0 0 0 0 0 0 0 0 0 0 0 0 0 0 0 0 0 0 0 0 0 0 0 0 0 0 0 0 0 0 0 0 0 0 0 0 0 0 0 0 0 0 0 0 0 0 0 0 0 0 0 0 0 0 0 0 0 0 0 0 0 0 0 0 0 0 0 0 0 0 0 0 0 0 0 0 0 0 0 0 0]
[206372988054701372235781834511968316030247931813106583663616236207295479038476131962572558972909961331828766794119106016929824353356968061387749439007371157416683723434483682866682840709454814127726167461467488697702590628367940304122263364478186423051904564869795407335965920463437133187223311593910543994892790684482213907301691 0 0 0 0 0 0 0 0 0 1 0 0 0 0 0 0 0 0 0 0 0 0 0 0 0 0 0 0 0 0 0 0 0 0 0 0 0 0 0 0 0 0 0 0 0 0 0 0 0 0 0 0 0 0 0 0 0 0 0 0 0 0 0 0 0 0 0 0 0 0 0 0 0 0 0 0 0 0 0 0 0 0 0 0 0 0 0 0 0 0 0 0 0 0 0 0 0 0 0 0 0 0 0 0 0 0 0 0 0]
[9328029240564883459094030591523579960075210452437682411039341728723629820685639092449014135863684104099179606980997530200224837329924871890406957539254772900972387282201227864881379864624061143010059476893890957516351038800135701803575824063374413476607852870720865910614848841704341699354558145041722703959919998692485183730963381 0 0 0 0 0 0 0 0 0 0 1 0 0 0 0 0 0 0 0 0 0 0 0 0 0 0 0 0 0 0 0 0 0 0 0 0 0 0 0 0 0 0 0 0 0 0 0 0 0 0 0 0 0 0 0 0 0 0 0 0 0 0 0 0 0 0 0 0 0 0 0 0 0 0 0 0 0 0 0 0 0 0 0 0 0 0 0 0 0 0 0 0 0 0 0 0 0 0 0 0 0 0 0 0 0 0 0 0 0]
[12164087933654169669415431273892571544171387638454182763731327590186170197131960556135049250996775112243156283442193387827487442656618338508616257170268270610689552765675480633207063480560619866848968637372238202565074209654569420915755403693952869911614492032021715543381015603451415285329826966602779702713833166269531235091087883 0 0 0 0 0 0 0 0 0 0 0 1 0 0 0 0 0 0 0 0 0 0 0 0 0 0 0 0 0 0 0 0 0 0 0 0 0 0 0 0 0 0 0 0 0 0 0 0 0 0 0 0 0 0 0 0 0 0 0 0 0 0 0 0 0 0 0 0 0 0 0 0 0 0 0 0 0 0 0 0 0 0 0 0 0 0 0 0 0 0 0 0 0 0 0 0 0 0 0 0 0 0 0 0 0 0 0 0 0]
[360750302370438640010208741868185971266998788532926482060686405504108122543136316173277052317142225431530415883822613359082556008361762978280471913811187061305383950771850611944951175632574791319107655939245435325041790472922661303371450346776090730939047758628132177575942659691839489660938881862439811342527010126761449552773563 0 0 0 0 0 0 0 0 0 0 0 0 1 0 0 0 0 0 0 0 0 0 0 0 0 0 0 0 0 0 0 0 0 0 0 0 0 0 0 0 0 0 0 0 0 0 0 0 0 0 0 0 0 0 0 0 0 0 0 0 0 0 0 0 0 0 0 0 0 0 0 0 0 0 0 0 0 0 0 0 0 0 0 0 0 0 0 0 0 0 0 0 0 0 0 0 0 0 0 0 0 0 0 0 0 0 0 0 0]
[9230797246566788217346839738701672481120037317951308489815876675950151606087156800205120231154273367779663677818189740645776445881230362735043694217732851868027441942590171229407448345593110624370122260612130892923870073586352105137729389209331999809236033892369158240800384225676592332650541999706983184928195054081094689459880627 0 0 0 0 0 0 0 0 0 0 0 0 0 1 0 0 0 0 0 0 0 0 0 0 0 0 0 0 0 0 0 0 0 0 0 0 0 0 0 0 0 0 0 0 0 0 0 0 0 0 0 0 0 0 0 0 0 0 0 0 0 0 0 0 0 0 0 0 0 0 0 0 0 0 0 0 0 0 0 0 0 0 0 0 0 0 0 0 0 0 0 0 0 0 0 0 0 0 0 0 0 0 0 0 0 0 0 0 0]
[9470660879590691883632883019612989473878167488623361706527706702866332374445495404103681332846609964000197974953789820001348729089407893548059588665617591034408682001228940297431491047977425074393480630616597743497818123729290552634157397088208216511621216177007448614737070014715314000258114802877100964300594345143061911290980804 0 0 0 0 0 0 0 0 0 0 0 0 0 0 1 0 0 0 0 0 0 0 0 0 0 0 0 0 0 0 0 0 0 0 0 0 0 0 0 0 0 0 0 0 0 0 0 0 0 0 0 0 0 0 0 0 0 0 0 0 0 0 0 0 0 0 0 0 0 0 0 0 0 0 0 0 0 0 0 0 0 0 0 0 0 0 0 0 0 0 0 0 0 0 0 0 0 0 0 0 0 0 0 0 0 0 0 0 0]
[779791098053651713784824912173255235400645995000226587603573964260048201599553965382871100117502435389171415516496801236221655005053486899077527739373777124019797532323328108932225977307190991773357308526608617261818943752976765334978355240863151912300499052250013252196999842572604452637156044776056289793824156840435296987643547 0 0 0 0 0 0 0 0 0 0 0 0 0 0 0 1 0 0 0 0 0 0 0 0 0 0 0 0 0 0 0 0 0 0 0 0 0 0 0 0 0 0 0 0 0 0 0 0 0 0 0 0 0 0 0 0 0 0 0 0 0 0 0 0 0 0 0 0 0 0 0 0 0 0 0 0 0 0 0 0 0 0 0 0 0 0 0 0 0 0 0 0 0 0 0 0 0 0 0 0 0 0 0 0 0 0 0 0 0]
[7598992653781366170260186621261197503648309689727959454850088363560251143780902966195517817490787857194570869650770219536003161182456170974277099398938801595846325830603841663527176782115510488962015959792720609634991692985992249503672586163335344675077777606688142018104252712612918616753799934320454321269852013433955053216145191 0 0 0 0 0 0 0 0 0 0 0 0 0 0 0 0 1 0 0 0 0 0 0 0 0 0 0 0 0 0 0 0 0 0 0 0 0 0 0 0 0 0 0 0 0 0 0 0 0 0 0 0 0 0 0 0 0 0 0 0 0 0 0 0 0 0 0 0 0 0 0 0 0 0 0 0 0 0 0 0 0 0 0 0 0 0 0 0 0 0 0 0 0 0 0 0 0 0 0 0 0 0 0 0 0 0 0 0 0]
[8350603475518032412779006387437322555398560626378085460813838451265367277500715450424568246241473350206903022103327043633030900499294823109659714965203339638942084659080477313483081234808019597593016076178329408745506367382018691940457883011674909714308118199880310945442377386239311251876516296055144474880469206118785272393622875 0 0 0 0 0 0 0 0 0 0 0 0 0 0 0 0 0 1 0 0 0 0 0 0 0 0 0 0 0 0 0 0 0 0 0 0 0 0 0 0 0 0 0 0 0 0 0 0 0 0 0 0 0 0 0 0 0 0 0 0 0 0 0 0 0 0 0 0 0 0 0 0 0 0 0 0 0 0 0 0 0 0 0 0 0 0 0 0 0 0 0 0 0 0 0 0 0 0 0 0 0 0 0 0 0 0 0 0 0]
[2427691915961945278223037280321905667623364323148189930949169284659473139407082477835748207541940327026625183136077641976275163232660317988850739226901709182022180907141442732474565799614586141508985923773283991332113881606979127851021317933706151106117544731997555120469479257762772070584108905337092278235577499400664949097176271 0 0 0 0 0 0 0 0 0 0 0 0 0 0 0 0 0 0 1 0 0 0 0 0 0 0 0 0 0 0 0 0 0 0 0 0 0 0 0 0 0 0 0 0 0 0 0 0 0 0 0 0 0 0 0 0 0 0 0 0 0 0 0 0 0 0 0 0 0 0 0 0 0 0 0 0 0 0 0 0 0 0 0 0 0 0 0 0 0 0 0 0 0 0 0 0 0 0 0 0 0 0 0 0 0 0 0 0 0]
[8735292555000761499058601313634798950982727363978016956432067732904392500761714206369108525196418915565693628620299986065125220250292786581273062570525456142536819677310357966806216988536643403764900734362373358201069135167505006792122876834931711815244390653284147067000409632736041612930125914724889191526526364681987316202389412 0 0 0 0 0 0 0 0 0 0 0 0 0 0 0 0 0 0 0 1 0 0 0 0 0 0 0 0 0 0 0 0 0 0 0 0 0 0 0 0 0 0 0 0 0 0 0 0 0 0 0 0 0 0 0 0 0 0 0 0 0 0 0 0 0 0 0 0 0 0 0 0 0 0 0 0 0 0 0 0 0 0 0 0 0 0 0 0 0 0 0 0 0 0 0 0 0 0 0 0 0 0 0 0 0 0 0 0 0]
[3695906937470188754958975177312748669323470579665092723115611604238530808910143524798131233072032373386899764005292672820069777291549510836985311631546140326084333399051588429216028496887858823983454306441539782033317477695531135773878687558902957568649150892851806899983721082624810884488977620606511357676525054103049068352730380 0 0 0 0 0 0 0 0 0 0 0 0 0 0 0 0 0 0 0 0 1 0 0 0 0 0 0 0 0 0 0 0 0 0 0 0 0 0 0 0 0 0 0 0 0 0 0 0 0 0 0 0 0 0 0 0 0 0 0 0 0 0 0 0 0 0 0 0 0 0 0 0 0 0 0 0 0 0 0 0 0 0 0 0 0 0 0 0 0 0 0 0 0 0 0 0 0 0 0 0 0 0 0 0 0 0 0 0 0]
[1860578180549861953766609890873687424018670704466134993301334207921335493897802616607275334654416818849471788309538460436690373388841161965029028762446775536326016079012573520029029105652736400416513318483469437403639973541778655032824631705167689772007055182594095846783984299967006397965719741853770021152824127220983422408662906 0 0 0 0 0 0 0 0 0 0 0 0 0 0 0 0 0 0 0 0 0 1 0 0 0 0 0 0 0 0 0 0 0 0 0 0 0 0 0 0 0 0 0 0 0 0 0 0 0 0 0 0 0 0 0 0 0 0 0 0 0 0 0 0 0 0 0 0 0 0 0 0 0 0 0 0 0 0 0 0 0 0 0 0 0 0 0 0 0 0 0 0 0 0 0 0 0 0 0 0 0 0 0 0 0 0 0 0 0]
[12036526795039833428122957838580039979409443823191336998535759608770326428101259087740499594105143047743044819713197907375175266807779475693657676939616950788304125942645737142171666704186435644181802285980357686747741377432792440308621789558199683052812139988376181002983550891264622499749150120845585834337107553914048426822861070 0 0 0 0 0 0 0 0 0 0 0 0 0 0 0 0 0 0 0 0 0 0 1 0 0 0 0 0 0 0 0 0 0 0 0 0 0 0 0 0 0 0 0 0 0 0 0 0 0 0 0 0 0 0 0 0 0 0 0 0 0 0 0 0 0 0 0 0 0 0 0 0 0 0 0 0 0 0 0 0 0 0 0 0 0 0 0 0 0 0 0 0 0 0 0 0 0 0 0 0 0 0 0 0 0 0 0 0 0]
[2535310954244241580816229322037555757076313478870783361154000068502825615143541680646947727513625200759607032159857777789241571132098592384924451173832153281528816868609894937610513964529326074605867523286823860516028880619647023806352992766399412227020564137079658080737216791160616608775448794966100392134040422170780236494454407 0 0 0 0 0 0 0 0 0 0 0 0 0 0 0 0 0 0 0 0 0 0 0 1 0 0 0 0 0 0 0 0 0 0 0 0 0 0 0 0 0 0 0 0 0 0 0 0 0 0 0 0 0 0 0 0 0 0 0 0 0 0 0 0 0 0 0 0 0 0 0 0 0 0 0 0 0 0 0 0 0 0 0 0 0 0 0 0 0 0 0 0 0 0 0 0 0 0 0 0 0 0 0 0 0 0 0 0 0]
[4970296320223961299039084550053729964704022892750109934189918075294107973134436100157104641226816742084290037574887308360118309124031713136086021926321395536756981627218369684126599755018338442148564664653110213974920785602893854423336275050280292003637675799494330707494542078904078789440271621865891335243150278805315384485817978 0 0 0 0 0 0 0 0 0 0 0 0 0 0 0 0 0 0 0 0 0 0 0 0 1 0 0 0 0 0 0 0 0 0 0 0 0 0 0 0 0 0 0 0 0 0 0 0 0 0 0 0 0 0 0 0 0 0 0 0 0 0 0 0 0 0 0 0 0 0 0 0 0 0 0 0 0 0 0 0 0 0 0 0 0 0 0 0 0 0 0 0 0 0 0 0 0 0 0 0 0 0 0 0 0 0 0 0 0]
[4547409401933176533998774139753869896699657219906806777265715468657828681770064971588275689459996830740557594386008665466297966651703605959125376976038057606127466646138572427097106477415722758268495074265055299487157786528832331366186398432060742181662625063771928504464314443521379637435661268306044553911299840226645084606432204 0 0 0 0 0 0 0 0 0 0 0 0 0 0 0 0 0 0 0 0 0 0 0 0 0 1 0 0 0 0 0 0 0 0 0 0 0 0 0 0 0 0 0 0 0 0 0 0 0 0 0 0 0 0 0 0 0 0 0 0 0 0 0 0 0 0 0 0 0 0 0 0 0 0 0 0 0 0 0 0 0 0 0 0 0 0 0 0 0 0 0 0 0 0 0 0 0 0 0 0 0 0 0 0 0 0 0 0 0]
[10280735548499626236677043300131478269007912854957748196306602609897719042369787015119313131420970909530232212798500863944794048640239849199970433565389367004711144508965333825662591287609954690657014264356570830839100786392471899811198283317353565376135661685978833491873279278011184323127740994889069665426761796806267178387331817 0 0 0 0 0 0 0 0 0 0 0 0 0 0 0 0 0 0 0 0 0 0 0 0 0 0 1 0 0 0 0 0 0 0 0 0 0 0 0 0 0 0 0 0 0 0 0 0 0 0 0 0 0 0 0 0 0 0 0 0 0 0 0 0 0 0 0 0 0 0 0 0 0 0 0 0 0 0 0 0 0 0 0 0 0 0 0 0 0 0 0 0 0 0 0 0 0 0 0 0 0 0 0 0 0 0 0 0 0]
[2181627531834446481302019099858462655861599689277751255559189900045854186465160205251506796922413844092495292402230225098484079135109950009260117026173241582403780141085160053633815972820094090935196180896741657040899415559575563696832109244884136997929849922109202508489238597868924029610617721649131510183911417242487963187266401 0 0 0 0 0 0 0 0 0 0 0 0 0 0 0 0 0 0 0 0 0 0 0 0 0 0 0 1 0 0 0 0 0 0 0 0 0 0 0 0 0 0 0 0 0 0 0 0 0 0 0 0 0 0 0 0 0 0 0 0 0 0 0 0 0 0 0 0 0 0 0 0 0 0 0 0 0 0 0 0 0 0 0 0 0 0 0 0 0 0 0 0 0 0 0 0 0 0 0 0 0 0 0 0 0 0 0 0 0]
[2081551375702875468090464267970285756886408451180976717659527088797525677468872716673768569634626190629268371449533112775799473891599862986819282125319208088120649667370678014380862987498856125513484098857016478941902157085857304521239799156454638652170811896664184427585589744495313070391423856480213941136590191562506598676129350 0 0 0 0 0 0 0 0 0 0 0 0 0 0 0 0 0 0 0 0 0 0 0 0 0 0 0 0 1 0 0 0 0 0 0 0 0 0 0 0 0 0 0 0 0 0 0 0 0 0 0 0 0 0 0 0 0 0 0 0 0 0 0 0 0 0 0 0 0 0 0 0 0 0 0 0 0 0 0 0 0 0 0 0 0 0 0 0 0 0 0 0 0 0 0 0 0 0 0 0 0 0 0 0 0 0 0 0 0]
[6254799087740891153102130437391918805885362238557836702231913208786469651455203650814468257587843660774240599662245530053977190411435139062616646628910006232637711115703727752897035189195054190513814483979420801975643892721495990806974341192056175224279620371480355421953861670574679374220350099688065441221376730809378384457576402 0 0 0 0 0 0 0 0 0 0 0 0 0 0 0 0 0 0 0 0 0 0 0 0 0 0 0 0 0 1 0 0 0 0 0 0 0 0 0 0 0 0 0 0 0 0 0 0 0 0 0 0 0 0 0 0 0 0 0 0 0 0 0 0 0 0 0 0 0 0 0 0 0 0 0 0 0 0 0 0 0 0 0 0 0 0 0 0 0 0 0 0 0 0 0 0 0 0 0 0 0 0 0 0 0 0 0 0 0]
[12004435128066702957858183789013427961034476516149936343678521804856513657466714953693220692603069776514150305716927667567019734591907544806945271634105866000343640942136129751060575291105127428811310439064623882494244973952402687602169112334832255584548716288832983707001388466737252260102341811847643045527614727500022579838403613 0 0 0 0 0 0 0 0 0 0 0 0 0 0 0 0 0 0 0 0 0 0 0 0 0 0 0 0 0 0 1 0 0 0 0 0 0 0 0 0 0 0 0 0 0 0 0 0 0 0 0 0 0 0 0 0 0 0 0 0 0 0 0 0 0 0 0 0 0 0 0 0 0 0 0 0 0 0 0 0 0 0 0 0 0 0 0 0 0 0 0 0 0 0 0 0 0 0 0 0 0 0 0 0 0 0 0 0 0]
[12171893121459671879175266256991621879649450219526897043475862927933300542800792577705932653077204672707295333260107021270952337507359313609634184938664686853261384257001708088670040174931925499646745953551312367928368398204112976313202763181398787605550522571002254647413955305733224942770151694583709402837812039319542375786985636 0 0 0 0 0 0 0 0 0 0 0 0 0 0 0 0 0 0 0 0 0 0 0 0 0 0 0 0 0 0 0 1 0 0 0 0 0 0 0 0 0 0 0 0 0 0 0 0 0 0 0 0 0 0 0 0 0 0 0 0 0 0 0 0 0 0 0 0 0 0 0 0 0 0 0 0 0 0 0 0 0 0 0 0 0 0 0 0 0 0 0 0 0 0 0 0 0 0 0 0 0 0 0 0 0 0 0 0 0]
[793213792183733174195115251645626619846120534424787559106503808492431728691952480680006935779643399664042927308123119031213395501258014478942142826588761004479595592353066380298416578247898195223967082894237019643772047698369595322931331521518655870039122764246212917619965460341405232241298391281558724086038822150352619204776362 0 0 0 0 0 0 0 0 0 0 0 0 0 0 0 0 0 0 0 0 0 0 0 0 0 0 0 0 0 0 0 0 1 0 0 0 0 0 0 0 0 0 0 0 0 0 0 0 0 0 0 0 0 0 0 0 0 0 0 0 0 0 0 0 0 0 0 0 0 0 0 0 0 0 0 0 0 0 0 0 0 0 0 0 0 0 0 0 0 0 0 0 0 0 0 0 0 0 0 0 0 0 0 0 0 0 0 0 0]
[7537543241133381343998009581441963452787568023872413075165059154526015070796387773315907315569791742516788038373759045588030449427573055412751032204201027459308630695206994586688823932019265886331315301625319593873331419885377965602395609787434491017038808018208900871783836119699001545810640396020380040809987352591113617705618192 0 0 0 0 0 0 0 0 0 0 0 0 0 0 0 0 0 0 0 0 0 0 0 0 0 0 0 0 0 0 0 0 0 1 0 0 0 0 0 0 0 0 0 0 0 0 0 0 0 0 0 0 0 0 0 0 0 0 0 0 0 0 0 0 0 0 0 0 0 0 0 0 0 0 0 0 0 0 0 0 0 0 0 0 0 0 0 0 0 0 0 0 0 0 0 0 0 0 0 0 0 0 0 0 0 0 0 0 0]
[6145373043138344267222933204771696426651309726317512076075704747142066674468851072452035184101512219908993439578868297384416253065645457543571723044329453919278552430734923782411836078316867844806074943878150103941906950609288722162412317640107318168066240979286909711406798292278357002007309603559460874396708079449018358309954008 0 0 0 0 0 0 0 0 0 0 0 0 0 0 0 0 0 0 0 0 0 0 0 0 0 0 0 0 0 0 0 0 0 0 1 0 0 0 0 0 0 0 0 0 0 0 0 0 0 0 0 0 0 0 0 0 0 0 0 0 0 0 0 0 0 0 0 0 0 0 0 0 0 0 0 0 0 0 0 0 0 0 0 0 0 0 0 0 0 0 0 0 0 0 0 0 0 0 0 0 0 0 0 0 0 0 0 0 0]
[3310911512994830265600791026760757001801363836872496911367322125949787213064528749274887978110164183034357381849067888495076227323796922473516324704080012656478065905534279226315874590626000907811277994275835717879983066757767226401451448826871556927500820150009470735131429013584518903329871558067381213334451915526356462085583481 0 0 0 0 0 0 0 0 0 0 0 0 0 0 0 0 0 0 0 0 0 0 0 0 0 0 0 0 0 0 0 0 0 0 0 1 0 0 0 0 0 0 0 0 0 0 0 0 0 0 0 0 0 0 0 0 0 0 0 0 0 0 0 0 0 0 0 0 0 0 0 0 0 0 0 0 0 0 0 0 0 0 0 0 0 0 0 0 0 0 0 0 0 0 0 0 0 0 0 0 0 0 0 0 0 0 0 0 0]
[1520263434453967715964658603929585041627723638891139412489505489163494729560280914400156166712443261029225761581560979767038352932019864304328115471273344574859076844880766909702415709831050161184249318203767392960515469971473625735702477057243072872315859073311397057262197485268271990672387662353596851767215170777790857338209348 0 0 0 0 0 0 0 0 0 0 0 0 0 0 0 0 0 0 0 0 0 0 0 0 0 0 0 0 0 0 0 0 0 0 0 0 1 0 0 0 0 0 0 0 0 0 0 0 0 0 0 0 0 0 0 0 0 0 0 0 0 0 0 0 0 0 0 0 0 0 0 0 0 0 0 0 0 0 0 0 0 0 0 0 0 0 0 0 0 0 0 0 0 0 0 0 0 0 0 0 0 0 0 0 0 0 0 0 0]
[2301402024933131659678846499800118593517195080388285599588583304506389889880874046589949361500663913749929367963007136016297862067952534825668827845610956219292441063082750194020919664479847922274177023683378013139280616516917620734822201489256370554530516592903448601265804362235014352969828639223814030782266949962093065582473823 0 0 0 0 0 0 0 0 0 0 0 0 0 0 0 0 0 0 0 0 0 0 0 0 0 0 0 0 0 0 0 0 0 0 0 0 0 1 0 0 0 0 0 0 0 0 0 0 0 0 0 0 0 0 0 0 0 0 0 0 0 0 0 0 0 0 0 0 0 0 0 0 0 0 0 0 0 0 0 0 0 0 0 0 0 0 0 0 0 0 0 0 0 0 0 0 0 0 0 0 0 0 0 0 0 0 0 0 0]
[11254436763876816785840304939447112559070794346237168093115874038430040368689940944272134052993982887484663821225720690211586017707690166708966327396875154662870790353614837835784586679796655737435110991955875089718941549179064495057908188994332197127930313559873149212641539990900331687421894503538719445324996279211647499807581428 0 0 0 0 0 0 0 0 0 0 0 0 0 0 0 0 0 0 0 0 0 0 0 0 0 0 0 0 0 0 0 0 0 0 0 0 0 0 1 0 0 0 0 0 0 0 0 0 0 0 0 0 0 0 0 0 0 0 0 0 0 0 0 0 0 0 0 0 0 0 0 0 0 0 0 0 0 0 0 0 0 0 0 0 0 0 0 0 0 0 0 0 0 0 0 0 0 0 0 0 0 0 0 0 0 0 0 0 0]
[3804741203092299561840710137388790998246165265142583309774203068379373284612436068045548468503997858080190872629290901063366839601319935659076033964770709133760937605718076942284454737468425980219406372708617582010587976562244126951281317608651034473679414780814174398498457039407546018744711703645102547671378400082694233257448095 0 0 0 0 0 0 0 0 0 0 0 0 0 0 0 0 0 0 0 0 0 0 0 0 0 0 0 0 0 0 0 0 0 0 0 0 0 0 0 1 0 0 0 0 0 0 0 0 0 0 0 0 0 0 0 0 0 0 0 0 0 0 0 0 0 0 0 0 0 0 0 0 0 0 0 0 0 0 0 0 0 0 0 0 0 0 0 0 0 0 0 0 0 0 0 0 0 0 0 0 0 0 0 0 0 0 0 0 0]
[8729847137861232937328554181543102355585793361782224785284350346546585416949620554264238707217998899091585007617483270788616713947759611852055289481721962528651425100575634865086263951360223279574494120865199324104087330054305699243835437468087428962812344470504886441793493147564668440367199034204399473215850089067463215254566241 0 0 0 0 0 0 0 0 0 0 0 0 0 0 0 0 0 0 0 0 0 0 0 0 0 0 0 0 0 0 0 0 0 0 0 0 0 0 0 0 1 0 0 0 0 0 0 0 0 0 0 0 0 0 0 0 0 0 0 0 0 0 0 0 0 0 0 0 0 0 0 0 0 0 0 0 0 0 0 0 0 0 0 0 0 0 0 0 0 0 0 0 0 0 0 0 0 0 0 0 0 0 0 0 0 0 0 0 0]
[11327830071491239021075370452725766349424344352323721824629971728677171163290242922310320705332925371364260496543286702306714073904196017697699365665740946517971759600587740774780104970270545034929837734408898379748518608773950386572045322280337195471404007029581722550967928337587766076674011384382098248116739654796718821143608680 0 0 0 0 0 0 0 0 0 0 0 0 0 0 0 0 0 0 0 0 0 0 0 0 0 0 0 0 0 0 0 0 0 0 0 0 0 0 0 0 0 1 0 0 0 0 0 0 0 0 0 0 0 0 0 0 0 0 0 0 0 0 0 0 0 0 0 0 0 0 0 0 0 0 0 0 0 0 0 0 0 0 0 0 0 0 0 0 0 0 0 0 0 0 0 0 0 0 0 0 0 0 0 0 0 0 0 0 0]
[6838853787516684331903508105565271042829947818001504123020726757203054086647879028710858669668986238057025087764742320242084974890471357221800635056731962979615662638215708227827814737113175624211575440098973474554504186167873774210933139808955806106740352629544567810686952709887941261857922652621445374967619692750934863222828050 0 0 0 0 0 0 0 0 0 0 0 0 0 0 0 0 0 0 0 0 0 0 0 0 0 0 0 0 0 0 0 0 0 0 0 0 0 0 0 0 0 0 1 0 0 0 0 0 0 0 0 0 0 0 0 0 0 0 0 0 0 0 0 0 0 0 0 0 0 0 0 0 0 0 0 0 0 0 0 0 0 0 0 0 0 0 0 0 0 0 0 0 0 0 0 0 0 0 0 0 0 0 0 0 0 0 0 0 0]
[3989666285326104537054772671800982758224191121961491597887964400761381745208930155564320647257109621207838883178333856349334760908010700998191425231444327113442320716279551956853453624269868538626454793709898439419456439660644265043954445091119321364535206594322627946361648977989115945666849104181725415411562146083199892778131442 0 0 0 0 0 0 0 0 0 0 0 0 0 0 0 0 0 0 0 0 0 0 0 0 0 0 0 0 0 0 0 0 0 0 0 0 0 0 0 0 0 0 0 1 0 0 0 0 0 0 0 0 0 0 0 0 0 0 0 0 0 0 0 0 0 0 0 0 0 0 0 0 0 0 0 0 0 0 0 0 0 0 0 0 0 0 0 0 0 0 0 0 0 0 0 0 0 0 0 0 0 0 0 0 0 0 0 0 0]
[5563640540664644330251959750275635473491292005987438011324505157684516741027809459150618244896808120242107456742704915414221934340492359288254923441357784482716398860988837356289542381700710631670044788982214337148583857190012880511812378623486290042027728488785777781560718550346417550056362989426687322844098745552195448083366195 0 0 0 0 0 0 0 0 0 0 0 0 0 0 0 0 0 0 0 0 0 0 0 0 0 0 0 0 0 0 0 0 0 0 0 0 0 0 0 0 0 0 0 0 1 0 0 0 0 0 0 0 0 0 0 0 0 0 0 0 0 0 0 0 0 0 0 0 0 0 0 0 0 0 0 0 0 0 0 0 0 0 0 0 0 0 0 0 0 0 0 0 0 0 0 0 0 0 0 0 0 0 0 0 0 0 0 0 0]
[1847260598399176577741581021370546369049962552113235870286797069447002167472020385909245069922762997831409780550406528552575250151828746613307788315759377098452801697973103665402121905482946327825610550976103523902787428032190707048535143791729747870735772339419737126093943591935869245554195196233655297538582986612214052086447476 0 0 0 0 0 0 0 0 0 0 0 0 0 0 0 0 0 0 0 0 0 0 0 0 0 0 0 0 0 0 0 0 0 0 0 0 0 0 0 0 0 0 0 0 0 1 0 0 0 0 0 0 0 0 0 0 0 0 0 0 0 0 0 0 0 0 0 0 0 0 0 0 0 0 0 0 0 0 0 0 0 0 0 0 0 0 0 0 0 0 0 0 0 0 0 0 0 0 0 0 0 0 0 0 0 0 0 0 0]
[10518093652289579244168154214959697603635668080876622067421183314297382463041788121188420832641610770150857406969643800896025775312667382958444634997711884333235055524418577579918739720035538019451413501225123266006917056482507894077351101233870857935186247646680102946803860040978222316047850271875412654263296887811616755357568300 0 0 0 0 0 0 0 0 0 0 0 0 0 0 0 0 0 0 0 0 0 0 0 0 0 0 0 0 0 0 0 0 0 0 0 0 0 0 0 0 0 0 0 0 0 0 1 0 0 0 0 0 0 0 0 0 0 0 0 0 0 0 0 0 0 0 0 0 0 0 0 0 0 0 0 0 0 0 0 0 0 0 0 0 0 0 0 0 0 0 0 0 0 0 0 0 0 0 0 0 0 0 0 0 0 0 0 0 0]
[1452578169853107552951971131983907470509346711386458049928674610228717811482395026458360528947622095101805019255803393209841018263834034033666944233530100545987081562111985527887554641814845956520589278192316962381016726175582374959756268175535174069007089429377594829397494770502419786727994069667879117349732069548033084296217585 0 0 0 0 0 0 0 0 0 0 0 0 0 0 0 0 0 0 0 0 0 0 0 0 0 0 0 0 0 0 0 0 0 0 0 0 0 0 0 0 0 0 0 0 0 0 0 1 0 0 0 0 0 0 0 0 0 0 0 0 0 0 0 0 0 0 0 0 0 0 0 0 0 0 0 0 0 0 0 0 0 0 0 0 0 0 0 0 0 0 0 0 0 0 0 0 0 0 0 0 0 0 0 0 0 0 0 0 0]
[6977702556460587130363870677409631289222065907072438617787837846925616256219752475848449154594816872815256381346872824576827261455775514648001685733249313743220506060122350696814318770306240703590347245009397575736237893628751195652746390668423657741863002830905386463926743653889144478991179211636950557173938841413319730764936279 0 0 0 0 0 0 0 0 0 0 0 0 0 0 0 0 0 0 0 0 0 0 0 0 0 0 0 0 0 0 0 0 0 0 0 0 0 0 0 0 0 0 0 0 0 0 0 0 1 0 0 0 0 0 0 0 0 0 0 0 0 0 0 0 0 0 0 0 0 0 0 0 0 0 0 0 0 0 0 0 0 0 0 0 0 0 0 0 0 0 0 0 0 0 0 0 0 0 0 0 0 0 0 0 0 0 0 0 0]
[4797753269484706983245721368843192179453591287878409904641903161131755906638154471718582199530596294665373001241838508048093024637321548661873225132676118256215532486170462401443065152857723180941704272791268176412977696473832991620085536619951884253552674403387524667956484137229696665390740837952348433682000976482089449468840800 0 0 0 0 0 0 0 0 0 0 0 0 0 0 0 0 0 0 0 0 0 0 0 0 0 0 0 0 0 0 0 0 0 0 0 0 0 0 0 0 0 0 0 0 0 0 0 0 0 1 0 0 0 0 0 0 0 0 0 0 0 0 0 0 0 0 0 0 0 0 0 0 0 0 0 0 0 0 0 0 0 0 0 0 0 0 0 0 0 0 0 0 0 0 0 0 0 0 0 0 0 0 0 0 0 0 0 0 0]
[9447661285194286730045578213029975248493803272383284851701311477886625146555751110903178255122980526111888901967903669354531808740284453754500106643545423902426139799772190268794041519270455517472653685799883223505161277780727334462293636978159612759394864812223160503947471789974239995551458465227691603451282005601010887568955841 0 0 0 0 0 0 0 0 0 0 0 0 0 0 0 0 0 0 0 0 0 0 0 0 0 0 0 0 0 0 0 0 0 0 0 0 0 0 0 0 0 0 0 0 0 0 0 0 0 0 1 0 0 0 0 0 0 0 0 0 0 0 0 0 0 0 0 0 0 0 0 0 0 0 0 0 0 0 0 0 0 0 0 0 0 0 0 0 0 0 0 0 0 0 0 0 0 0 0 0 0 0 0 0 0 0 0 0 0]
[6432948527000572095526814315770335057993700076230545611133034050620386006355851796230862367848388060825760632363201012269095549505416007211258584078332896038252907091866697594726927033505430695319217559563293687454880393457982830810589464364981865679228727428709597624374015998513047985915609726197082174064293894541088197009876970 0 0 0 0 0 0 0 0 0 0 0 0 0 0 0 0 0 0 0 0 0 0 0 0 0 0 0 0 0 0 0 0 0 0 0 0 0 0 0 0 0 0 0 0 0 0 0 0 0 0 0 1 0 0 0 0 0 0 0 0 0 0 0 0 0 0 0 0 0 0 0 0 0 0 0 0 0 0 0 0 0 0 0 0 0 0 0 0 0 0 0 0 0 0 0 0 0 0 0 0 0 0 0 0 0 0 0 0 0]
[7084458425693615756171872184905227125240438292096073830020978421122469024259271804319080952665345927306007565738730481175127568178102677478872549691187107214389963366682612704389664525485353746294859252560383951353219805506796213736080650669085405318426154146030037490444997382869562169430193728307593303191859394858540387579349918 0 0 0 0 0 0 0 0 0 0 0 0 0 0 0 0 0 0 0 0 0 0 0 0 0 0 0 0 0 0 0 0 0 0 0 0 0 0 0 0 0 0 0 0 0 0 0 0 0 0 0 0 1 0 0 0 0 0 0 0 0 0 0 0 0 0 0 0 0 0 0 0 0 0 0 0 0 0 0 0 0 0 0 0 0 0 0 0 0 0 0 0 0 0 0 0 0 0 0 0 0 0 0 0 0 0 0 0 0]
[3962739463718793104101414708850942809685396149508360286049979580562596653390288079995847314354982380028659460519590653278658110942483779117747538309328258020187893038654421311660203828772010686617043496981705269036473403814545836199913355316775142567091536952180336015785089032653635393428046326614700816011642552104896489404274228 0 0 0 0 0 0 0 0 0 0 0 0 0 0 0 0 0 0 0 0 0 0 0 0 0 0 0 0 0 0 0 0 0 0 0 0 0 0 0 0 0 0 0 0 0 0 0 0 0 0 0 0 0 1 0 0 0 0 0 0 0 0 0 0 0 0 0 0 0 0 0 0 0 0 0 0 0 0 0 0 0 0 0 0 0 0 0 0 0 0 0 0 0 0 0 0 0 0 0 0 0 0 0 0 0 0 0 0 0]
[7826383387490564182234043327399551308986662375718459495547979754430546757763513220693518587395909809341999945101186923593840678292905808255725559716789818672710416613217814163218226221696435112958760231695839000038861680595699196739798222831379786263089478458737975307342654369899848169550817791733514817867770914239610087545520747 0 0 0 0 0 0 0 0 0 0 0 0 0 0 0 0 0 0 0 0 0 0 0 0 0 0 0 0 0 0 0 0 0 0 0 0 0 0 0 0 0 0 0 0 0 0 0 0 0 0 0 0 0 0 1 0 0 0 0 0 0 0 0 0 0 0 0 0 0 0 0 0 0 0 0 0 0 0 0 0 0 0 0 0 0 0 0 0 0 0 0 0 0 0 0 0 0 0 0 0 0 0 0 0 0 0 0 0 0]
[7169587194896761783137351589250717422833372222590709932544473850431654812955206288916295328974559003794392375689542205572544135919011917763917456344218737577257548630999955065063687695424063894539519420415279232612458191085988454876834016128120908626156496064954122043930634642248455079461247510361838972399972703690777860089186953 0 0 0 0 0 0 0 0 0 0 0 0 0 0 0 0 0 0 0 0 0 0 0 0 0 0 0 0 0 0 0 0 0 0 0 0 0 0 0 0 0 0 0 0 0 0 0 0 0 0 0 0 0 0 0 1 0 0 0 0 0 0 0 0 0 0 0 0 0 0 0 0 0 0 0 0 0 0 0 0 0 0 0 0 0 0 0 0 0 0 0 0 0 0 0 0 0 0 0 0 0 0 0 0 0 0 0 0 0]
[8732482501423517505973453871227806285211184300025144618722388774654214477565680500690982813491934884270592318737312214940398099388410018078103023476309322884105721543020448263794340048866857061615663801581064706663934655599148394079105060814670680419049289772052349122217890640650387049729671583017100284982971148026326070390738190 0 0 0 0 0 0 0 0 0 0 0 0 0 0 0 0 0 0 0 0 0 0 0 0 0 0 0 0 0 0 0 0 0 0 0 0 0 0 0 0 0 0 0 0 0 0 0 0 0 0 0 0 0 0 0 0 1 0 0 0 0 0 0 0 0 0 0 0 0 0 0 0 0 0 0 0 0 0 0 0 0 0 0 0 0 0 0 0 0 0 0 0 0 0 0 0 0 0 0 0 0 0 0 0 0 0 0 0 0]
[11795625131089604426826835763641925952977152133166107634468766931480025927305136475610359999767414443520326396514425499489672202732370192773700492337186903137682922177684543893896221170127814412884669939382704420096681545874848462037330790459722926607890349842247703804554370231483146294592677222625223733040476683531054064539842811 0 0 0 0 0 0 0 0 0 0 0 0 0 0 0 0 0 0 0 0 0 0 0 0 0 0 0 0 0 0 0 0 0 0 0 0 0 0 0 0 0 0 0 0 0 0 0 0 0 0 0 0 0 0 0 0 0 1 0 0 0 0 0 0 0 0 0 0 0 0 0 0 0 0 0 0 0 0 0 0 0 0 0 0 0 0 0 0 0 0 0 0 0 0 0 0 0 0 0 0 0 0 0 0 0 0 0 0 0]
[11505515991052880121573635534393590938485125060822568838408977631365363499630824088128585188753167402572206839556713069151764243302248741221912468399583995378578447917973407701415829261937957883506335494618859971918772272971697206211913976797194245414535126828552091369618027973312883806945086742127096454075308460287567104253317257 0 0 0 0 0 0 0 0 0 0 0 0 0 0 0 0 0 0 0 0 0 0 0 0 0 0 0 0 0 0 0 0 0 0 0 0 0 0 0 0 0 0 0 0 0 0 0 0 0 0 0 0 0 0 0 0 0 0 1 0 0 0 0 0 0 0 0 0 0 0 0 0 0 0 0 0 0 0 0 0 0 0 0 0 0 0 0 0 0 0 0 0 0 0 0 0 0 0 0 0 0 0 0 0 0 0 0 0 0]
[2823554155743245548417153069398883538227513225859541982526258283212700735597207911161810469087416325028587702665332195329655842589206642071056436392509788905108460577425274869458357284647231254083461225857522049697802911553463096025882910099946435181200084669883132106845158876680897577454745850604491030242644849534921119673124924 0 0 0 0 0 0 0 0 0 0 0 0 0 0 0 0 0 0 0 0 0 0 0 0 0 0 0 0 0 0 0 0 0 0 0 0 0 0 0 0 0 0 0 0 0 0 0 0 0 0 0 0 0 0 0 0 0 0 0 1 0 0 0 0 0 0 0 0 0 0 0 0 0 0 0 0 0 0 0 0 0 0 0 0 0 0 0 0 0 0 0 0 0 0 0 0 0 0 0 0 0 0 0 0 0 0 0 0 0]
[4935235731177909728607495914032880165079749957330114681910594726707297325600719655166707476345593838617043355567650302018424630174740809132491897454085225277299105064094849762502671496256029481900560458146257106142100762142481471358683391716103364688040715155762891405912538870241603024479897162839284458948091951936293917902236463 0 0 0 0 0 0 0 0 0 0 0 0 0 0 0 0 0 0 0 0 0 0 0 0 0 0 0 0 0 0 0 0 0 0 0 0 0 0 0 0 0 0 0 0 0 0 0 0 0 0 0 0 0 0 0 0 0 0 0 0 1 0 0 0 0 0 0 0 0 0 0 0 0 0 0 0 0 0 0 0 0 0 0 0 0 0 0 0 0 0 0 0 0 0 0 0 0 0 0 0 0 0 0 0 0 0 0 0 0]
[6529977947962662100723331973908524161478277576196339142740876158152742302093913260134615679973092495887284115973204236213157087174781264546954017871193138832948642211420963349435891934892326400374503793636388458853520927313323468459855045689375094538568250578885882247695229385824965677275369539718365051162861238842796205128849300 0 0 0 0 0 0 0 0 0 0 0 0 0 0 0 0 0 0 0 0 0 0 0 0 0 0 0 0 0 0 0 0 0 0 0 0 0 0 0 0 0 0 0 0 0 0 0 0 0 0 0 0 0 0 0 0 0 0 0 0 0 1 0 0 0 0 0 0 0 0 0 0 0 0 0 0 0 0 0 0 0 0 0 0 0 0 0 0 0 0 0 0 0 0 0 0 0 0 0 0 0 0 0 0 0 0 0 0 0]
[5306285554485612315077154909151653512681510171961895541237043384032436094181463779725536124295343494990830463124757917210547137686698570884228521204654890363681611483231876765477984193447815966245761936076316848719027375490466936439911313702696678606557988225708122110990852213351872009100974634256798044157205600108438959658241779 0 0 0 0 0 0 0 0 0 0 0 0 0 0 0 0 0 0 0 0 0 0 0 0 0 0 0 0 0 0 0 0 0 0 0 0 0 0 0 0 0 0 0 0 0 0 0 0 0 0 0 0 0 0 0 0 0 0 0 0 0 0 1 0 0 0 0 0 0 0 0 0 0 0 0 0 0 0 0 0 0 0 0 0 0 0 0 0 0 0 0 0 0 0 0 0 0 0 0 0 0 0 0 0 0 0 0 0 0]
[6209080981086751104459130411295909555228220493605072981240756190788153086755726163074719051909831274435743321314356664490135343448646925605183248670544571793747460415670531605278621312346176129441381789791477671624024107148996604894965565489817731801832800509871382674976569999329966403638067521409747415645215298316454034380529843 0 0 0 0 0 0 0 0 0 0 0 0 0 0 0 0 0 0 0 0 0 0 0 0 0 0 0 0 0 0 0 0 0 0 0 0 0 0 0 0 0 0 0 0 0 0 0 0 0 0 0 0 0 0 0 0 0 0 0 0 0 0 0 1 0 0 0 0 0 0 0 0 0 0 0 0 0 0 0 0 0 0 0 0 0 0 0 0 0 0 0 0 0 0 0 0 0 0 0 0 0 0 0 0 0 0 0 0 0]
[6348257540734234738911324996807952802734830557553795965167977955499260578158871925600510505978083342278856726491793883268439663244488134580069536118166772428807710028696435210562784205559697572800886537636463700399451377169959448497804506615392338374567846011625220285610813353605942562977774178399692867219977346836406404367014162 0 0 0 0 0 0 0 0 0 0 0 0 0 0 0 0 0 0 0 0 0 0 0 0 0 0 0 0 0 0 0 0 0 0 0 0 0 0 0 0 0 0 0 0 0 0 0 0 0 0 0 0 0 0 0 0 0 0 0 0 0 0 0 0 1 0 0 0 0 0 0 0 0 0 0 0 0 0 0 0 0 0 0 0 0 0 0 0 0 0 0 0 0 0 0 0 0 0 0 0 0 0 0 0 0 0 0 0 0]
[5792214863991418718204044340469031351609353835969871551369366088741781641982812601626997707776803179060964734814125361060279752041144520347078312138375579569337949839652721090152093939242932773229645203750321451288906537255747326983837480238330759511052115093912346795990156440714948007962380322780261577899588356288406083577586780 0 0 0 0 0 0 0 0 0 0 0 0 0 0 0 0 0 0 0 0 0 0 0 0 0 0 0 0 0 0 0 0 0 0 0 0 0 0 0 0 0 0 0 0 0 0 0 0 0 0 0 0 0 0 0 0 0 0 0 0 0 0 0 0 0 1 0 0 0 0 0 0 0 0 0 0 0 0 0 0 0 0 0 0 0 0 0 0 0 0 0 0 0 0 0 0 0 0 0 0 0 0 0 0 0 0 0 0 0]
[728208300889417596351627506099143734972702968069775756021406395647816976266316669882594787029062784396268072948917180424628909461420094122725667927628621811885442000676303455804788884665966297244075780452908215727677153498750171129906730992331881306348574285301234469596924366752083374974391702083742302487580912100410001991092288 0 0 0 0 0 0 0 0 0 0 0 0 0 0 0 0 0 0 0 0 0 0 0 0 0 0 0 0 0 0 0 0 0 0 0 0 0 0 0 0 0 0 0 0 0 0 0 0 0 0 0 0 0 0 0 0 0 0 0 0 0 0 0 0 0 0 1 0 0 0 0 0 0 0 0 0 0 0 0 0 0 0 0 0 0 0 0 0 0 0 0 0 0 0 0 0 0 0 0 0 0 0 0 0 0 0 0 0 0]
[5398605158379948900023746503285856421003376763688969326595916478167027462914392896524624964928544171770687435093289324591284825445961639405040452928556776817791239360663291611002972713907879672228906680444153310328841677699353217381901411512923386292387551099717399672943144426205141108995206801527667395188173783690946373205497384 0 0 0 0 0 0 0 0 0 0 0 0 0 0 0 0 0 0 0 0 0 0 0 0 0 0 0 0 0 0 0 0 0 0 0 0 0 0 0 0 0 0 0 0 0 0 0 0 0 0 0 0 0 0 0 0 0 0 0 0 0 0 0 0 0 0 0 1 0 0 0 0 0 0 0 0 0 0 0 0 0 0 0 0 0 0 0 0 0 0 0 0 0 0 0 0 0 0 0 0 0 0 0 0 0 0 0 0 0]
[10925127787987733400561721163309489581638967827331608414987365752883325387771709116715055615200515685944339475603497438980699391378740675877059267652768214524670344391100333470229049425308418771359961246121274986295155279131242962964881351149805999500043483584016741252213595975091601825092175495991373229208309752054242330859262489 0 0 0 0 0 0 0 0 0 0 0 0 0 0 0 0 0 0 0 0 0 0 0 0 0 0 0 0 0 0 0 0 0 0 0 0 0 0 0 0 0 0 0 0 0 0 0 0 0 0 0 0 0 0 0 0 0 0 0 0 0 0 0 0 0 0 0 0 1 0 0 0 0 0 0 0 0 0 0 0 0 0 0 0 0 0 0 0 0 0 0 0 0 0 0 0 0 0 0 0 0 0 0 0 0 0 0 0 0]
[188155404976626336373210899628947661604026345553934403537483867130613343808805545870220829578460242187036762957887056291331815918872386839379910360229469323425797527285722684254427405371458400486123088756068937781149112815659801323094621789805935822491546835614151490396066790869990290877513875933077475737962427267466016791288690 0 0 0 0 0 0 0 0 0 0 0 0 0 0 0 0 0 0 0 0 0 0 0 0 0 0 0 0 0 0 0 0 0 0 0 0 0 0 0 0 0 0 0 0 0 0 0 0 0 0 0 0 0 0 0 0 0 0 0 0 0 0 0 0 0 0 0 0 0 1 0 0 0 0 0 0 0 0 0 0 0 0 0 0 0 0 0 0 0 0 0 0 0 0 0 0 0 0 0 0 0 0 0 0 0 0 0 0 0]
[11167837236371075081409837172163979049005239674753058914720914654735903697299367010934654183061196150423530665561820350032520401543269703301364903209961723800942515758114682468291875947702871846540359678935942069025981789324881596130630457622744542588826839269794520310678260371249754875983679008439012186151366806999287029914445889 0 0 0 0 0 0 0 0 0 0 0 0 0 0 0 0 0 0 0 0 0 0 0 0 0 0 0 0 0 0 0 0 0 0 0 0 0 0 0 0 0 0 0 0 0 0 0 0 0 0 0 0 0 0 0 0 0 0 0 0 0 0 0 0 0 0 0 0 0 0 1 0 0 0 0 0 0 0 0 0 0 0 0 0 0 0 0 0 0 0 0 0 0 0 0 0 0 0 0 0 0 0 0 0 0 0 0 0 0]
[4434075374764954649320631474335738019967129440145401364581926486956193079075237548772644204723668404923841591345628130218463877625445457111556290417623834623221565914586250941625735852701322790996788768522044976609516537763757696179430115971651198875224936173686306429645133317583318271244694535615938479523620895450881453967482648 0 0 0 0 0 0 0 0 0 0 0 0 0 0 0 0 0 0 0 0 0 0 0 0 0 0 0 0 0 0 0 0 0 0 0 0 0 0 0 0 0 0 0 0 0 0 0 0 0 0 0 0 0 0 0 0 0 0 0 0 0 0 0 0 0 0 0 0 0 0 0 1 0 0 0 0 0 0 0 0 0 0 0 0 0 0 0 0 0 0 0 0 0 0 0 0 0 0 0 0 0 0 0 0 0 0 0 0 0]
[12250438370901825401138356119647819802783076075559167221130483769043707109318771386546966076346723014175639547162333769219927540176398050079903368480958606252860574541296092575056092571612334015161277116495996085245450090845604902908114692056556658983554239223520347358532938475290922980325818418782568938741852971720073372852823488 0 0 0 0 0 0 0 0 0 0 0 0 0 0 0 0 0 0 0 0 0 0 0 0 0 0 0 0 0 0 0 0 0 0 0 0 0 0 0 0 0 0 0 0 0 0 0 0 0 0 0 0 0 0 0 0 0 0 0 0 0 0 0 0 0 0 0 0 0 0 0 0 1 0 0 0 0 0 0 0 0 0 0 0 0 0 0 0 0 0 0 0 0 0 0 0 0 0 0 0 0 0 0 0 0 0 0 0 0]
[7856260513851613499176244799790801902414329919958544030115395211961050865080451421363374983343484399855654351465893996111297175308946692951111738490222815359824876431941682715650745705992865279382648833194250003624719272987674230958877503228280486453017309019787891876443877298530613396969876446129429132417569397739332035514893173 0 0 0 0 0 0 0 0 0 0 0 0 0 0 0 0 0 0 0 0 0 0 0 0 0 0 0 0 0 0 0 0 0 0 0 0 0 0 0 0 0 0 0 0 0 0 0 0 0 0 0 0 0 0 0 0 0 0 0 0 0 0 0 0 0 0 0 0 0 0 0 0 0 1 0 0 0 0 0 0 0 0 0 0 0 0 0 0 0 0 0 0 0 0 0 0 0 0 0 0 0 0 0 0 0 0 0 0 0]
[11388301889741985293896846466683306332904493452187715126819530018022133264809753946014354679030780833606315266362485349671251494429105997487509464303468261282993750776675333073052913247937057883963051883260935927005676310376811921526826337564715794805726720677848135258174605128576702624852225052868544461296209711575547123838278853 0 0 0 0 0 0 0 0 0 0 0 0 0 0 0 0 0 0 0 0 0 0 0 0 0 0 0 0 0 0 0 0 0 0 0 0 0 0 0 0 0 0 0 0 0 0 0 0 0 0 0 0 0 0 0 0 0 0 0 0 0 0 0 0 0 0 0 0 0 0 0 0 0 0 1 0 0 0 0 0 0 0 0 0 0 0 0 0 0 0 0 0 0 0 0 0 0 0 0 0 0 0 0 0 0 0 0 0 0]
[9270458217073651948175787289859343021709418058107632830895076675935292613810501359406662920077783196064882491969643379452262031738258860905309806126231827198892497859834890649865090036052474013111046141643845434547962490509336995469392795291575503076890958838293268236757953427799602864710489113382387272447759641477898798150661786 0 0 0 0 0 0 0 0 0 0 0 0 0 0 0 0 0 0 0 0 0 0 0 0 0 0 0 0 0 0 0 0 0 0 0 0 0 0 0 0 0 0 0 0 0 0 0 0 0 0 0 0 0 0 0 0 0 0 0 0 0 0 0 0 0 0 0 0 0 0 0 0 0 0 0 1 0 0 0 0 0 0 0 0 0 0 0 0 0 0 0 0 0 0 0 0 0 0 0 0 0 0 0 0 0 0 0 0 0]
[5442365416202211011265245948867000178874621036022930404531388947433660262580549410183587133690718537168731581139423054801514609337286602334169850761396147772666983631936210772094889211176417608969759516082624197159135865287513614515147166250017866068651704991284999475901794721069013977191162621714783341486480844370029311931212983 0 0 0 0 0 0 0 0 0 0 0 0 0 0 0 0 0 0 0 0 0 0 0 0 0 0 0 0 0 0 0 0 0 0 0 0 0 0 0 0 0 0 0 0 0 0 0 0 0 0 0 0 0 0 0 0 0 0 0 0 0 0 0 0 0 0 0 0 0 0 0 0 0 0 0 0 1 0 0 0 0 0 0 0 0 0 0 0 0 0 0 0 0 0 0 0 0 0 0 0 0 0 0 0 0 0 0 0 0]
[10300742953532850816379876606678680046515922478844112429367795549655168556954942583234099856437552907698411392919986871450953263747281076399004236630846777565474847386713888472098304889165446465342135959221646005580535431289866834106479878821752608511517198575844964596493639427750538309661580796722280508077255473203178626228571090 0 0 0 0 0 0 0 0 0 0 0 0 0 0 0 0 0 0 0 0 0 0 0 0 0 0 0 0 0 0 0 0 0 0 0 0 0 0 0 0 0 0 0 0 0 0 0 0 0 0 0 0 0 0 0 0 0 0 0 0 0 0 0 0 0 0 0 0 0 0 0 0 0 0 0 0 0 1 0 0 0 0 0 0 0 0 0 0 0 0 0 0 0 0 0 0 0 0 0 0 0 0 0 0 0 0 0 0 0]
[11368698272783966601423992407148808675333476984387648403148850545868525206581639182898036096959536063223680323788886607257739757520792495207044971851553787264531858894769555883229651858279484773753464963317813139945716275530178711536588619163390719243514502107225411364772954332235616774147967049386824233789956443154511587096118082 0 0 0 0 0 0 0 0 0 0 0 0 0 0 0 0 0 0 0 0 0 0 0 0 0 0 0 0 0 0 0 0 0 0 0 0 0 0 0 0 0 0 0 0 0 0 0 0 0 0 0 0 0 0 0 0 0 0 0 0 0 0 0 0 0 0 0 0 0 0 0 0 0 0 0 0 0 0 1 0 0 0 0 0 0 0 0 0 0 0 0 0 0 0 0 0 0 0 0 0 0 0 0 0 0 0 0 0 0]
[2217298408056269442440306682160139864955675905030783721542698337425796649503561782305988435497914370211680035150071415799700051496477249322655160854283409561925584701056625801393216338981145417351528173414480831591730892794044750817010309330896085878384449229582231532447967943821989416429101734114563356985423300987878441982104741 0 0 0 0 0 0 0 0 0 0 0 0 0 0 0 0 0 0 0 0 0 0 0 0 0 0 0 0 0 0 0 0 0 0 0 0 0 0 0 0 0 0 0 0 0 0 0 0 0 0 0 0 0 0 0 0 0 0 0 0 0 0 0 0 0 0 0 0 0 0 0 0 0 0 0 0 0 0 0 1 0 0 0 0 0 0 0 0 0 0 0 0 0 0 0 0 0 0 0 0 0 0 0 0 0 0 0 0 0]
[4883403419081954707361340163206204593869346701142963440458877598535052951628866100994590213740835399537521882417388569635842823252710088945890999443328991690356595268635333582666542916964159096736893418002253551807169847223719113015482893877418420663286887793203159499968668353350319779634826332916371910879420308739562909372261281 0 0 0 0 0 0 0 0 0 0 0 0 0 0 0 0 0 0 0 0 0 0 0 0 0 0 0 0 0 0 0 0 0 0 0 0 0 0 0 0 0 0 0 0 0 0 0 0 0 0 0 0 0 0 0 0 0 0 0 0 0 0 0 0 0 0 0 0 0 0 0 0 0 0 0 0 0 0 0 0 1 0 0 0 0 0 0 0 0 0 0 0 0 0 0 0 0 0 0 0 0 0 0 0 0 0 0 0 0]
[12239030020154555726328671691245214348780838590967673308370134957270189303100877330202559296702355650644599326263360314117446617323346903589772493934302848066332203218261980717279897925260855466310222167702480981566045067777365792856532584477561513958912205751858538414412621238519090808126966104298910518663458037993307875515815626 0 0 0 0 0 0 0 0 0 0 0 0 0 0 0 0 0 0 0 0 0 0 0 0 0 0 0 0 0 0 0 0 0 0 0 0 0 0 0 0 0 0 0 0 0 0 0 0 0 0 0 0 0 0 0 0 0 0 0 0 0 0 0 0 0 0 0 0 0 0 0 0 0 0 0 0 0 0 0 0 0 1 0 0 0 0 0 0 0 0 0 0 0 0 0 0 0 0 0 0 0 0 0 0 0 0 0 0 0]
[1547050916291916238148689495891739647683325795259705598773212364169889924651791772986965509054538906059643472592059238383640584864441873446305423956445875037277150565035700797881379121585302567925343676829526356812482280024642268877568021996154633171832295672448462292470445067810957884601324488430831875308114058291543903620626227 0 0 0 0 0 0 0 0 0 0 0 0 0 0 0 0 0 0 0 0 0 0 0 0 0 0 0 0 0 0 0 0 0 0 0 0 0 0 0 0 0 0 0 0 0 0 0 0 0 0 0 0 0 0 0 0 0 0 0 0 0 0 0 0 0 0 0 0 0 0 0 0 0 0 0 0 0 0 0 0 0 0 1 0 0 0 0 0 0 0 0 0 0 0 0 0 0 0 0 0 0 0 0 0 0 0 0 0 0]
[2798254838901217080483446888699589887701792924935696725490703104637292696947364367004609078606598733524950091158835911866684681944396258045154753863913331436561649213703621083690038358182206604582324298547254578610951878493836194754194947495976338430663661666746331351724995991601674091075154932100721559577579502277046464108143321 0 0 0 0 0 0 0 0 0 0 0 0 0 0 0 0 0 0 0 0 0 0 0 0 0 0 0 0 0 0 0 0 0 0 0 0 0 0 0 0 0 0 0 0 0 0 0 0 0 0 0 0 0 0 0 0 0 0 0 0 0 0 0 0 0 0 0 0 0 0 0 0 0 0 0 0 0 0 0 0 0 0 0 1 0 0 0 0 0 0 0 0 0 0 0 0 0 0 0 0 0 0 0 0 0 0 0 0 0]
[3822182531950499060690520807809882694901203463362363876950591627150165694596844492918690291587251992986895183350941282262319207887499327057091483566226577184009275567882925637232924264591295658926945307434621564178479233295600180987323404335198338519485980548765194590059272285690593631503636344008165531210047556750557301058957278 0 0 0 0 0 0 0 0 0 0 0 0 0 0 0 0 0 0 0 0 0 0 0 0 0 0 0 0 0 0 0 0 0 0 0 0 0 0 0 0 0 0 0 0 0 0 0 0 0 0 0 0 0 0 0 0 0 0 0 0 0 0 0 0 0 0 0 0 0 0 0 0 0 0 0 0 0 0 0 0 0 0 0 0 1 0 0 0 0 0 0 0 0 0 0 0 0 0 0 0 0 0 0 0 0 0 0 0 0]
[1438674167783553228676782904819582967933578898317373103626340007571995577938658396336590362675372364899637035236771379012001750257583338253954587324078043482680115620854144317247137465156364743675933443527231721200775414426549372272532074718782517580127481555927338533484126714831157502510618557216414067015089309212015262912831046 0 0 0 0 0 0 0 0 0 0 0 0 0 0 0 0 0 0 0 0 0 0 0 0 0 0 0 0 0 0 0 0 0 0 0 0 0 0 0 0 0 0 0 0 0 0 0 0 0 0 0 0 0 0 0 0 0 0 0 0 0 0 0 0 0 0 0 0 0 0 0 0 0 0 0 0 0 0 0 0 0 0 0 0 0 1 0 0 0 0 0 0 0 0 0 0 0 0 0 0 0 0 0 0 0 0 0 0 0]
[3157310603677976846509176642452438551654949368712736806202365589280153811273951430515284730007384586428987650089616060429801377352734687730708221154669392344145142273194396977147642112921321739237218593748981259909960763183054408656603814602885021266395936849181578554980039913215658797196901532885539617596172996922501665916421580 0 0 0 0 0 0 0 0 0 0 0 0 0 0 0 0 0 0 0 0 0 0 0 0 0 0 0 0 0 0 0 0 0 0 0 0 0 0 0 0 0 0 0 0 0 0 0 0 0 0 0 0 0 0 0 0 0 0 0 0 0 0 0 0 0 0 0 0 0 0 0 0 0 0 0 0 0 0 0 0 0 0 0 0 0 0 1 0 0 0 0 0 0 0 0 0 0 0 0 0 0 0 0 0 0 0 0 0 0]
[701369230267845931130230870870217402179235535579290581119479612463780990305380243240383971233959681161553494000734692339387237723823902213508029360002569905978338050950765921360493279356565964627901431896489312355654456976133449683991074854011528400657240499184498729459097408811925184765146535361949298892026254412185303972488464 0 0 0 0 0 0 0 0 0 0 0 0 0 0 0 0 0 0 0 0 0 0 0 0 0 0 0 0 0 0 0 0 0 0 0 0 0 0 0 0 0 0 0 0 0 0 0 0 0 0 0 0 0 0 0 0 0 0 0 0 0 0 0 0 0 0 0 0 0 0 0 0 0 0 0 0 0 0 0 0 0 0 0 0 0 0 0 1 0 0 0 0 0 0 0 0 0 0 0 0 0 0 0 0 0 0 0 0 0]
[4709409258751969189287635970661027519323742746881583666740067005584198739681585099498214980031786516289183787656364369617177373379959871945152507502152123880552955791215085858984528195525494194825743587342886003115727959058093059539416586375451451676812438827568139386470239946277477330489958854428722269290645092900380772931845804 0 0 0 0 0 0 0 0 0 0 0 0 0 0 0 0 0 0 0 0 0 0 0 0 0 0 0 0 0 0 0 0 0 0 0 0 0 0 0 0 0 0 0 0 0 0 0 0 0 0 0 0 0 0 0 0 0 0 0 0 0 0 0 0 0 0 0 0 0 0 0 0 0 0 0 0 0 0 0 0 0 0 0 0 0 0 0 0 1 0 0 0 0 0 0 0 0 0 0 0 0 0 0 0 0 0 0 0 0]
[728597660653953804682615415999170695131140174330871981574597702661965461832569127207935934686539647608706749993484566339980837731169128456516050498512198659230613065123345355338402934650659638355973459925108929524569455707579724037994219617966215088914113443990322662964993615505717847567529175282433323518206835793935832466554276 0 0 0 0 0 0 0 0 0 0 0 0 0 0 0 0 0 0 0 0 0 0 0 0 0 0 0 0 0 0 0 0 0 0 0 0 0 0 0 0 0 0 0 0 0 0 0 0 0 0 0 0 0 0 0 0 0 0 0 0 0 0 0 0 0 0 0 0 0 0 0 0 0 0 0 0 0 0 0 0 0 0 0 0 0 0 0 0 0 1 0 0 0 0 0 0 0 0 0 0 0 0 0 0 0 0 0 0 0]
[7275927170812810129379803732665797361830017375975082162561331644688566670878045145215488701955364170581842262472853887504570082945503389057091165265294960872025562307474929705475733179168533423861836888688452008053558437114457172612394740199338846535114445892455579960410308564472231929586146502105585321608622891971600691847459880 0 0 0 0 0 0 0 0 0 0 0 0 0 0 0 0 0 0 0 0 0 0 0 0 0 0 0 0 0 0 0 0 0 0 0 0 0 0 0 0 0 0 0 0 0 0 0 0 0 0 0 0 0 0 0 0 0 0 0 0 0 0 0 0 0 0 0 0 0 0 0 0 0 0 0 0 0 0 0 0 0 0 0 0 0 0 0 0 0 0 1 0 0 0 0 0 0 0 0 0 0 0 0 0 0 0 0 0 0]
[768411900148396755405619089608251945475441104298316653240319988024453235415387900626958316963187954906271978468510387238447289867605304414742806954947404119498632859051073316400891810659173733349049195364325857071711869685846325840265280707850616656890204487911148687904133031085980140287007764561259658679504102794876103991045173 0 0 0 0 0 0 0 0 0 0 0 0 0 0 0 0 0 0 0 0 0 0 0 0 0 0 0 0 0 0 0 0 0 0 0 0 0 0 0 0 0 0 0 0 0 0 0 0 0 0 0 0 0 0 0 0 0 0 0 0 0 0 0 0 0 0 0 0 0 0 0 0 0 0 0 0 0 0 0 0 0 0 0 0 0 0 0 0 0 0 0 1 0 0 0 0 0 0 0 0 0 0 0 0 0 0 0 0 0]
[6422840510924318178277484078820903765716556082843171933389333267769885559191758733441556030982787440007559496201402773731937050782763229891375120997562009166734467677925876689570124220972517131626705989861263160221321278365537347597965259737139065053151081802948127191725012346600330761158138170251793831244415375717089959163048681 0 0 0 0 0 0 0 0 0 0 0 0 0 0 0 0 0 0 0 0 0 0 0 0 0 0 0 0 0 0 0 0 0 0 0 0 0 0 0 0 0 0 0 0 0 0 0 0 0 0 0 0 0 0 0 0 0 0 0 0 0 0 0 0 0 0 0 0 0 0 0 0 0 0 0 0 0 0 0 0 0 0 0 0 0 0 0 0 0 0 0 0 1 0 0 0 0 0 0 0 0 0 0 0 0 0 0 0 0]
[9283737177621388152635982993164047301773572597806772873182252124546611046216535836529328327723812745925176741482653244852848677262875308671449527634492170039167150601956675291813704159966429524768575447264745309332333729256671005633762270053078573224127305523377626507386592275104493061066894081225087047963567801915324707675876334 0 0 0 0 0 0 0 0 0 0 0 0 0 0 0 0 0 0 0 0 0 0 0 0 0 0 0 0 0 0 0 0 0 0 0 0 0 0 0 0 0 0 0 0 0 0 0 0 0 0 0 0 0 0 0 0 0 0 0 0 0 0 0 0 0 0 0 0 0 0 0 0 0 0 0 0 0 0 0 0 0 0 0 0 0 0 0 0 0 0 0 0 0 1 0 0 0 0 0 0 0 0 0 0 0 0 0 0 0]
[11316917570523732592494286766633865922232249689887770344478440832935478861550644884715994956403514924747353482050801741870078270027153717242495193110531370002118968428898196076957210891282292023891160890441336736309910471976676764557784751366570227710365407586965318281409867458445937692366774252199264718184527038710251751943384882 0 0 0 0 0 0 0 0 0 0 0 0 0 0 0 0 0 0 0 0 0 0 0 0 0 0 0 0 0 0 0 0 0 0 0 0 0 0 0 0 0 0 0 0 0 0 0 0 0 0 0 0 0 0 0 0 0 0 0 0 0 0 0 0 0 0 0 0 0 0 0 0 0 0 0 0 0 0 0 0 0 0 0 0 0 0 0 0 0 0 0 0 0 0 1 0 0 0 0 0 0 0 0 0 0 0 0 0 0]
[1150302066129043706713169309067853685987441310737877585939465789962354444352348007884316905663892286105760117082135521026680752868183803062564759339670844723798287450796658966478978534861294883014496746773186543678964617578992223554992251465020185467231662481400877833881847760130833964099771123797364422727364273514294256411030757 0 0 0 0 0 0 0 0 0 0 0 0 0 0 0 0 0 0 0 0 0 0 0 0 0 0 0 0 0 0 0 0 0 0 0 0 0 0 0 0 0 0 0 0 0 0 0 0 0 0 0 0 0 0 0 0 0 0 0 0 0 0 0 0 0 0 0 0 0 0 0 0 0 0 0 0 0 0 0 0 0 0 0 0 0 0 0 0 0 0 0 0 0 0 0 1 0 0 0 0 0 0 0 0 0 0 0 0 0]
[6085890259690647909764602918155376210243777455708635148997777056240297726806569585721282721237194515433274442270328601651988187650510382658348123232912023249764939589765802380351094451036528331603305833544886301085892933340151383600017599368846575320207967186772870853739883246972850443061891514145077109132135503720736936226945116 0 0 0 0 0 0 0 0 0 0 0 0 0 0 0 0 0 0 0 0 0 0 0 0 0 0 0 0 0 0 0 0 0 0 0 0 0 0 0 0 0 0 0 0 0 0 0 0 0 0 0 0 0 0 0 0 0 0 0 0 0 0 0 0 0 0 0 0 0 0 0 0 0 0 0 0 0 0 0 0 0 0 0 0 0 0 0 0 0 0 0 0 0 0 0 0 1 0 0 0 0 0 0 0 0 0 0 0 0]
[5756603014823372166340764503453853687325427048471747847353274642807895474259176750021960381077365056259390262860851867832248380921804790430586308525006953191687199810400890616355538615730058930934756832265467985590732267157519890831433334908983283341461065200883131051523428852916545737446919042746268521522856897976207079402333311 0 0 0 0 0 0 0 0 0 0 0 0 0 0 0 0 0 0 0 0 0 0 0 0 0 0 0 0 0 0 0 0 0 0 0 0 0 0 0 0 0 0 0 0 0 0 0 0 0 0 0 0 0 0 0 0 0 0 0 0 0 0 0 0 0 0 0 0 0 0 0 0 0 0 0 0 0 0 0 0 0 0 0 0 0 0 0 0 0 0 0 0 0 0 0 0 0 1 0 0 0 0 0 0 0 0 0 0 0]
[3666060120558459591942510287963670808787032885849766565885270774297021019629129805070168619202233713768204769183488315939789872964834093064436903133451706140247364134228410964499376668562287026929596048422350945780542326822139600899345293781979187070643417318310753861843876789741146908159985205734810455818539200460687978737055201 0 0 0 0 0 0 0 0 0 0 0 0 0 0 0 0 0 0 0 0 0 0 0 0 0 0 0 0 0 0 0 0 0 0 0 0 0 0 0 0 0 0 0 0 0 0 0 0 0 0 0 0 0 0 0 0 0 0 0 0 0 0 0 0 0 0 0 0 0 0 0 0 0 0 0 0 0 0 0 0 0 0 0 0 0 0 0 0 0 0 0 0 0 0 0 0 0 0 1 0 0 0 0 0 0 0 0 0 0]
[8659594595158608346489882709660639180184901842029131327386642341371589692084484621314161406447655752774663849477982691872884876020630058918112102946369753053740646168617772959293614723783137465228252075200082481569402403953274055600346206295566780652124216333357672233068849000607630745135098865959098611911223368234788417104323374 0 0 0 0 0 0 0 0 0 0 0 0 0 0 0 0 0 0 0 0 0 0 0 0 0 0 0 0 0 0 0 0 0 0 0 0 0 0 0 0 0 0 0 0 0 0 0 0 0 0 0 0 0 0 0 0 0 0 0 0 0 0 0 0 0 0 0 0 0 0 0 0 0 0 0 0 0 0 0 0 0 0 0 0 0 0 0 0 0 0 0 0 0 0 0 0 0 0 0 1 0 0 0 0 0 0 0 0 0]
[2970937954317090106355418726527442056919244805763674763208601665021603328728994234430194878769953489778960189078317207461294188677047363969957617058147692845068231071236627639839249611762092735412146250531198531161046106238245615072972922643963975437955884051430954359521076262479083347592337887299565473726663603216298434268854075 0 0 0 0 0 0 0 0 0 0 0 0 0 0 0 0 0 0 0 0 0 0 0 0 0 0 0 0 0 0 0 0 0 0 0 0 0 0 0 0 0 0 0 0 0 0 0 0 0 0 0 0 0 0 0 0 0 0 0 0 0 0 0 0 0 0 0 0 0 0 0 0 0 0 0 0 0 0 0 0 0 0 0 0 0 0 0 0 0 0 0 0 0 0 0 0 0 0 0 0 1 0 0 0 0 0 0 0 0]
[4604754232998646074482593765820169917120625930285456572597896803351977245851392822750145721795487056821532902486982372068728884773920282727803966376409481111224641387678376668777736984565699282785077574231722849431904293151216139240591792936788370044282840490254443250924273215534571343662955060136700664212490095827925442381410929 0 0 0 0 0 0 0 0 0 0 0 0 0 0 0 0 0 0 0 0 0 0 0 0 0 0 0 0 0 0 0 0 0 0 0 0 0 0 0 0 0 0 0 0 0 0 0 0 0 0 0 0 0 0 0 0 0 0 0 0 0 0 0 0 0 0 0 0 0 0 0 0 0 0 0 0 0 0 0 0 0 0 0 0 0 0 0 0 0 0 0 0 0 0 0 0 0 0 0 0 0 1 0 0 0 0 0 0 0]
[9997509645145838393546859273557796156517589569005650933345750493225421494523909176353994248940101784127266483447929136879645944162009553732552589230824047147061790570954680374203795669602051985937110046769149609173059387976506393623981672520383858950874355370162398493841883555570240346960100365505763160653997564274925824755356977 0 0 0 0 0 0 0 0 0 0 0 0 0 0 0 0 0 0 0 0 0 0 0 0 0 0 0 0 0 0 0 0 0 0 0 0 0 0 0 0 0 0 0 0 0 0 0 0 0 0 0 0 0 0 0 0 0 0 0 0 0 0 0 0 0 0 0 0 0 0 0 0 0 0 0 0 0 0 0 0 0 0 0 0 0 0 0 0 0 0 0 0 0 0 0 0 0 0 0 0 0 0 1 0 0 0 0 0 0]
[4441313853372194433727974013487461513067078467879058763325584091383420975903773619646402088629847427786661738651169878367881769744197639283561395411341689525647811375598966469661797533565262257740938385878306257951780348140231352118788796519403911921402412877476261643128209184943642672484393647173009989818487486121122043842321483 0 0 0 0 0 0 0 0 0 0 0 0 0 0 0 0 0 0 0 0 0 0 0 0 0 0 0 0 0 0 0 0 0 0 0 0 0 0 0 0 0 0 0 0 0 0 0 0 0 0 0 0 0 0 0 0 0 0 0 0 0 0 0 0 0 0 0 0 0 0 0 0 0 0 0 0 0 0 0 0 0 0 0 0 0 0 0 0 0 0 0 0 0 0 0 0 0 0 0 0 0 0 0 1 0 0 0 0 0]
[11761992283664387135063913198819572916567585520690934038429044298856561591081499436835343237379806064060284399274025921530764973886466244802404396558812836414352298229524898018156078845831702031934050580062561552892781739023365702298100635818933380258447484374542131525651712098986888713073989343014848415556189704657668600085354601 0 0 0 0 0 0 0 0 0 0 0 0 0 0 0 0 0 0 0 0 0 0 0 0 0 0 0 0 0 0 0 0 0 0 0 0 0 0 0 0 0 0 0 0 0 0 0 0 0 0 0 0 0 0 0 0 0 0 0 0 0 0 0 0 0 0 0 0 0 0 0 0 0 0 0 0 0 0 0 0 0 0 0 0 0 0 0 0 0 0 0 0 0 0 0 0 0 0 0 0 0 0 0 0 1 0 0 0 0]
[9754171658371546097220469202094477292507288856148681362757056007576820921798025112376190945420518014749909862381418046760845539928432147999274711589646878226949788800902302558787401983749579002157686284959916762037455272086527839573982365741065516743908829501466970810271396562226844265624429084639101688177192323323551779722664970 0 0 0 0 0 0 0 0 0 0 0 0 0 0 0 0 0 0 0 0 0 0 0 0 0 0 0 0 0 0 0 0 0 0 0 0 0 0 0 0 0 0 0 0 0 0 0 0 0 0 0 0 0 0 0 0 0 0 0 0 0 0 0 0 0 0 0 0 0 0 0 0 0 0 0 0 0 0 0 0 0 0 0 0 0 0 0 0 0 0 0 0 0 0 0 0 0 0 0 0 0 0 0 0 0 1 0 0 0]
[1189912380567036821253415316468355088641277290999283125880386697260826199783463576080303514744052012962840626352981176748589588420104948204239804927927107374810208466493821993060825678615715115534672477579414203227305826240756622337074991591358043973857204508654132067172817450926318132331663454759030287922149475864561746419565138 0 0 0 0 0 0 0 0 0 0 0 0 0 0 0 0 0 0 0 0 0 0 0 0 0 0 0 0 0 0 0 0 0 0 0 0 0 0 0 0 0 0 0 0 0 0 0 0 0 0 0 0 0 0 0 0 0 0 0 0 0 0 0 0 0 0 0 0 0 0 0 0 0 0 0 0 0 0 0 0 0 0 0 0 0 0 0 0 0 0 0 0 0 0 0 0 0 0 0 0 0 0 0 0 0 0 1 0 0]
[7648353727977526936182087922545271195841639332398624646871331023058762220289645606589017789457890786909775374585971294722907265171426407675698531439160942308961659981007806679131489539991893668275635975224576803428100186527649749573299042606919351912385362734125222871568943290406658538321850388511253445855723577004269068499344229 0 0 0 0 0 0 0 0 0 0 0 0 0 0 0 0 0 0 0 0 0 0 0 0 0 0 0 0 0 0 0 0 0 0 0 0 0 0 0 0 0 0 0 0 0 0 0 0 0 0 0 0 0 0 0 0 0 0 0 0 0 0 0 0 0 0 0 0 0 0 0 0 0 0 0 0 0 0 0 0 0 0 0 0 0 0 0 0 0 0 0 0 0 0 0 0 0 0 0 0 0 0 0 0 0 0 0 1 0]
[1150386294098465609918219423617009567264522241892013332718851528167157789158546285007105825216701246578374184164728987694924368560603756150686642734577756943309260477297905140500018075367175096510988896385817559782292788075502139912315902450047659833392578942336000938037591652955880843248704409300037439685870582991580621413780646 0 0 0 0 0 0 0 0 0 0 0 0 0 0 0 0 0 0 0 0 0 0 0 0 0 0 0 0 0 0 0 0 0 0 0 0 0 0 0 0 0 0 0 0 0 0 0 0 0 0 0 0 0 0 0 0 0 0 0 0 0 0 0 0 0 0 0 0 0 0 0 0 0 0 0 0 0 0 0 0 0 0 0 0 0 0 0 0 0 0 0 0 0 0 0 0 0 0 0 0 0 0 0 0 0 0 0 0 1]
]
