[[6283624003965836096338787289494426522949127546232552865221830628710426922027130535592237808066901437882371202379518445138961682414142822379734276725612497183384852342953654108957240129354896908061945132416495441727920294476956762967494869168774731790755240428401896853527 0 0 0 0 0 0 0 0 0 0 0 0 0 0 0 0 0 0 0 0 0 0 0 0 0 0 0 0 0 0 0 0 0 0 0 0 0 0 0 0 0 0 0 0 0 0 0 0 0 0 0 0 0 0 0 0 0 0 0 0 0 0 0 0 0 0 0 0 0 0 0 0 0 0 0 0 0 0 0 0 0 0 0 0 0 0 0 0 0]
[5781732104812079000562668920103794218900232442902316474463518884608341187840333080089592880860094130210256254528030852212697108872406689843054768365833995923301789229832736340898126654170761740277340818705142789958685791349150102905086922288453307837108658939901195376243 1 0 0 0 0 0 0 0 0 0 0 0 0 0 0 0 0 0 0 0 0 0 0 0 0 0 0 0 0 0 0 0 0 0 0 0 0 0 0 0 0 0 0 0 0 0 0 0 0 0 0 0 0 0 0 0 0 0 0 0 0 0 0 0 0 0 0 0 0 0 0 0 0 0 0 0 0 0 0 0 0 0 0 0 0 0 0 0 0]
[227791646575607268194685429590750222272708706413153316893213121439083476878451203648887803692163807763061730493374013610102097810145245854379531589109810301377523521897048388821104410720868268724190835048364569332804777065332526478174564158626794788867665362147807990326 0 1 0 0 0 0 0 0 0 0 0 0 0 0 0 0 0 0 0 0 0 0 0 0 0 0 0 0 0 0 0 0 0 0 0 0 0 0 0 0 0 0 0 0 0 0 0 0 0 0 0 0 0 0 0 0 0 0 0 0 0 0 0 0 0 0 0 0 0 0 0 0 0 0 0 0 0 0 0 0 0 0 0 0 0 0 0 0 0]
[3330106947755750216071310465767020175130797548310044244184153510155201150456818697541162953007049367129381217621149100498337524965892860772498681247756187929129213907183487199569140918010712326641399259052189463210905553388131257543181459978339674299113780647811756518967 0 0 1 0 0 0 0 0 0 0 0 0 0 0 0 0 0 0 0 0 0 0 0 0 0 0 0 0 0 0 0 0 0 0 0 0 0 0 0 0 0 0 0 0 0 0 0 0 0 0 0 0 0 0 0 0 0 0 0 0 0 0 0 0 0 0 0 0 0 0 0 0 0 0 0 0 0 0 0 0 0 0 0 0 0 0 0 0 0]
[5333204534681714920107639662288457889385481169079560299739182587093622190649956501629807426700263583563597185577768847614533358227126037154964168843309273732507820079658922673857024506167788864803904383547839096677286494340760476389148181219906208812507411423504100393444 0 0 0 1 0 0 0 0 0 0 0 0 0 0 0 0 0 0 0 0 0 0 0 0 0 0 0 0 0 0 0 0 0 0 0 0 0 0 0 0 0 0 0 0 0 0 0 0 0 0 0 0 0 0 0 0 0 0 0 0 0 0 0 0 0 0 0 0 0 0 0 0 0 0 0 0 0 0 0 0 0 0 0 0 0 0 0 0 0]
[4466459285780963096256977311334519266366902632569528388368908017276846382971603050825773348689112522797846683048862454351944260877107643477162162986496655945327365859170285359915052046420746885656691229809090451622849460132468049025235551260130555212599107258937985998210 0 0 0 0 1 0 0 0 0 0 0 0 0 0 0 0 0 0 0 0 0 0 0 0 0 0 0 0 0 0 0 0 0 0 0 0 0 0 0 0 0 0 0 0 0 0 0 0 0 0 0 0 0 0 0 0 0 0 0 0 0 0 0 0 0 0 0 0 0 0 0 0 0 0 0 0 0 0 0 0 0 0 0 0 0 0 0 0 0]
[4459355904367452343089318869286584083741158659309544732564224662061653520353408854496737165555467189472191675707698104319679017360853109896826043890668366089852514095593592795539964152218853897669960474841576062925292216517065436069363598016295801451835885712188911794106 0 0 0 0 0 1 0 0 0 0 0 0 0 0 0 0 0 0 0 0 0 0 0 0 0 0 0 0 0 0 0 0 0 0 0 0 0 0 0 0 0 0 0 0 0 0 0 0 0 0 0 0 0 0 0 0 0 0 0 0 0 0 0 0 0 0 0 0 0 0 0 0 0 0 0 0 0 0 0 0 0 0 0 0 0 0 0 0 0]
[4276058043959014023206114521404949390703428691718636640319364519660245049252502305305874264355341303565423166189274217238648203061401832267961163675609858052746585609260710580784885592506148081094014544414030924627321153915593080512767413979477000118228792759495487942301 0 0 0 0 0 0 1 0 0 0 0 0 0 0 0 0 0 0 0 0 0 0 0 0 0 0 0 0 0 0 0 0 0 0 0 0 0 0 0 0 0 0 0 0 0 0 0 0 0 0 0 0 0 0 0 0 0 0 0 0 0 0 0 0 0 0 0 0 0 0 0 0 0 0 0 0 0 0 0 0 0 0 0 0 0 0 0 0 0]
[5690810344213607178699703035652896103016735788658585138554104668023055020345628851154510516557403896638894971376424491082705077956280195544165974378507111134375209935990837869131125754577164279572499110398177326990120949261767502409453909412150963707104837817347472957593 0 0 0 0 0 0 0 1 0 0 0 0 0 0 0 0 0 0 0 0 0 0 0 0 0 0 0 0 0 0 0 0 0 0 0 0 0 0 0 0 0 0 0 0 0 0 0 0 0 0 0 0 0 0 0 0 0 0 0 0 0 0 0 0 0 0 0 0 0 0 0 0 0 0 0 0 0 0 0 0 0 0 0 0 0 0 0 0 0]
[1669916708955664011476888158617567733356057808961188498948051671278923647538700643449284289706688969789382848607411931589147617701794713221745821169130362095749508251788319319405743254395808347775463541299132332835194686129726100533374662400685878933981376233681103812893 0 0 0 0 0 0 0 0 1 0 0 0 0 0 0 0 0 0 0 0 0 0 0 0 0 0 0 0 0 0 0 0 0 0 0 0 0 0 0 0 0 0 0 0 0 0 0 0 0 0 0 0 0 0 0 0 0 0 0 0 0 0 0 0 0 0 0 0 0 0 0 0 0 0 0 0 0 0 0 0 0 0 0 0 0 0 0 0 0]
[551550965217837250338000228323116602426122651083730003098295197344302513766380470994711830399641169736029696665174824753073286796214986089810697549817833289614345586848059151559502451085483625604982650889301195005994216618404667717366506936677570608436811857195544311340 0 0 0 0 0 0 0 0 0 1 0 0 0 0 0 0 0 0 0 0 0 0 0 0 0 0 0 0 0 0 0 0 0 0 0 0 0 0 0 0 0 0 0 0 0 0 0 0 0 0 0 0 0 0 0 0 0 0 0 0 0 0 0 0 0 0 0 0 0 0 0 0 0 0 0 0 0 0 0 0 0 0 0 0 0 0 0 0 0]
[5817069995500921644448192074874581353012615226270983683731510883448721240874036149883931604844579377574468747907274421390827075273600617481518266060465837722622016658900842839677553432268110345184559695480284561945604138362167962290794791404571327101038801012177005733974 0 0 0 0 0 0 0 0 0 0 1 0 0 0 0 0 0 0 0 0 0 0 0 0 0 0 0 0 0 0 0 0 0 0 0 0 0 0 0 0 0 0 0 0 0 0 0 0 0 0 0 0 0 0 0 0 0 0 0 0 0 0 0 0 0 0 0 0 0 0 0 0 0 0 0 0 0 0 0 0 0 0 0 0 0 0 0 0 0]
[4137073017563235803031994193191216353348231788115205337170322851689482937743624850743978633032914119492309702009328243378270413886874426863929851367012365638106785537712896177969475150093042435847550477025594148521339345114709697112994852854231800997957081672512122674780 0 0 0 0 0 0 0 0 0 0 0 1 0 0 0 0 0 0 0 0 0 0 0 0 0 0 0 0 0 0 0 0 0 0 0 0 0 0 0 0 0 0 0 0 0 0 0 0 0 0 0 0 0 0 0 0 0 0 0 0 0 0 0 0 0 0 0 0 0 0 0 0 0 0 0 0 0 0 0 0 0 0 0 0 0 0 0 0 0]
[5895368507934349916370951884395487203967548972718252514105815200036875316023379954039009498267237957943371167736625742259224459452156199945809193797944915803957256952989617298123378593831662880514753787136434939948146230950172305507789374827232773450828688122776196236932 0 0 0 0 0 0 0 0 0 0 0 0 1 0 0 0 0 0 0 0 0 0 0 0 0 0 0 0 0 0 0 0 0 0 0 0 0 0 0 0 0 0 0 0 0 0 0 0 0 0 0 0 0 0 0 0 0 0 0 0 0 0 0 0 0 0 0 0 0 0 0 0 0 0 0 0 0 0 0 0 0 0 0 0 0 0 0 0 0]
[2512926308278393358721890550312032790551444986574395285850259475920512173192845422895868983293530506513511869521094650155291408803838250582189246023707257148430901422651068088948047830627385379949971116432633099340673880653092151764846142758358478147769872836725943337263 0 0 0 0 0 0 0 0 0 0 0 0 0 1 0 0 0 0 0 0 0 0 0 0 0 0 0 0 0 0 0 0 0 0 0 0 0 0 0 0 0 0 0 0 0 0 0 0 0 0 0 0 0 0 0 0 0 0 0 0 0 0 0 0 0 0 0 0 0 0 0 0 0 0 0 0 0 0 0 0 0 0 0 0 0 0 0 0 0]
[3269568721511594772841669342735785883041012698096637196674375212264454452343675647867167426414399562836373864793661144992686431959879331061087644981203752896597587568416939644641219764191087257578161064310524133199374786839928289155494906002911205834297313173023200474609 0 0 0 0 0 0 0 0 0 0 0 0 0 0 1 0 0 0 0 0 0 0 0 0 0 0 0 0 0 0 0 0 0 0 0 0 0 0 0 0 0 0 0 0 0 0 0 0 0 0 0 0 0 0 0 0 0 0 0 0 0 0 0 0 0 0 0 0 0 0 0 0 0 0 0 0 0 0 0 0 0 0 0 0 0 0 0 0 0]
[4741985520575175190491616197797518637540518910815111079128370460526395028526403698980946466341266606195313675862650496354508080724872540693279283095222775790627029565395057749620644908124826555591604456693491242902574304832706826906488167484615640076806428740498284662888 0 0 0 0 0 0 0 0 0 0 0 0 0 0 0 1 0 0 0 0 0 0 0 0 0 0 0 0 0 0 0 0 0 0 0 0 0 0 0 0 0 0 0 0 0 0 0 0 0 0 0 0 0 0 0 0 0 0 0 0 0 0 0 0 0 0 0 0 0 0 0 0 0 0 0 0 0 0 0 0 0 0 0 0 0 0 0 0 0]
[5935066774854766283682488236517005311850050798255246615145570135063717665013085001512135938505739140924455922283768491378759771732875345013815177741341479207781712305504605208881493049441154464234989791948166424505886458038801185148778640015967357767126968130599407132520 0 0 0 0 0 0 0 0 0 0 0 0 0 0 0 0 1 0 0 0 0 0 0 0 0 0 0 0 0 0 0 0 0 0 0 0 0 0 0 0 0 0 0 0 0 0 0 0 0 0 0 0 0 0 0 0 0 0 0 0 0 0 0 0 0 0 0 0 0 0 0 0 0 0 0 0 0 0 0 0 0 0 0 0 0 0 0 0 0]
[2351656966263540370953307614894477166092173004978856927300322353140083837829531608747266518457952788785592179358186851560123284701810269691132208915508640245006878126115947586091558203827419104367620899937087630833101324352783657917746937806945091838764764802548544042289 0 0 0 0 0 0 0 0 0 0 0 0 0 0 0 0 0 1 0 0 0 0 0 0 0 0 0 0 0 0 0 0 0 0 0 0 0 0 0 0 0 0 0 0 0 0 0 0 0 0 0 0 0 0 0 0 0 0 0 0 0 0 0 0 0 0 0 0 0 0 0 0 0 0 0 0 0 0 0 0 0 0 0 0 0 0 0 0 0]
[779382146393790560067665307766178936492985561853091392507933406636794782617417112077979159623519989491309856959216549972437965336658240460757313958877424374370286048342120566014571147604166755557146821961787436423637151118289466401991957081684332963707842384194033150779 0 0 0 0 0 0 0 0 0 0 0 0 0 0 0 0 0 0 1 0 0 0 0 0 0 0 0 0 0 0 0 0 0 0 0 0 0 0 0 0 0 0 0 0 0 0 0 0 0 0 0 0 0 0 0 0 0 0 0 0 0 0 0 0 0 0 0 0 0 0 0 0 0 0 0 0 0 0 0 0 0 0 0 0 0 0 0 0 0]
[2334814873802210502110832493439830593201046406626768296901776141166620306416874872714588386133310606996545790605385364395935921887297589992642012060544663385078693411692823364753749152443941537042667497118514020067721487738673731187936529469668875625507077371492187893938 0 0 0 0 0 0 0 0 0 0 0 0 0 0 0 0 0 0 0 1 0 0 0 0 0 0 0 0 0 0 0 0 0 0 0 0 0 0 0 0 0 0 0 0 0 0 0 0 0 0 0 0 0 0 0 0 0 0 0 0 0 0 0 0 0 0 0 0 0 0 0 0 0 0 0 0 0 0 0 0 0 0 0 0 0 0 0 0 0]
[2655755935309857520468015133226453722684464508147369338808443563012224627059709436088026643473239250019198810894580944954259418218460895807679959351657477840067724411060229688890261938337908625852261456292416793658759144807679537968792398276290972397277071274957590661181 0 0 0 0 0 0 0 0 0 0 0 0 0 0 0 0 0 0 0 0 1 0 0 0 0 0 0 0 0 0 0 0 0 0 0 0 0 0 0 0 0 0 0 0 0 0 0 0 0 0 0 0 0 0 0 0 0 0 0 0 0 0 0 0 0 0 0 0 0 0 0 0 0 0 0 0 0 0 0 0 0 0 0 0 0 0 0 0 0]
[4367749907944882615744626115782234145553645137784205621821358898317262472536134211841341954966660459335743344402197231852332974221223695181128770658647622726990365538275840075114925823339872513048088066514597140283916480474151569140233395313482290390694155802759747808958 0 0 0 0 0 0 0 0 0 0 0 0 0 0 0 0 0 0 0 0 0 1 0 0 0 0 0 0 0 0 0 0 0 0 0 0 0 0 0 0 0 0 0 0 0 0 0 0 0 0 0 0 0 0 0 0 0 0 0 0 0 0 0 0 0 0 0 0 0 0 0 0 0 0 0 0 0 0 0 0 0 0 0 0 0 0 0 0 0]
[5362311885275592444823226008238982171578506720138097134273331381615541195903730650803080124920026242479066678613676248580446386017046743244176387925084384490771783070517125122159382312620069571970085454895891600654458373086482579453897091849133083163552253085806151412307 0 0 0 0 0 0 0 0 0 0 0 0 0 0 0 0 0 0 0 0 0 0 1 0 0 0 0 0 0 0 0 0 0 0 0 0 0 0 0 0 0 0 0 0 0 0 0 0 0 0 0 0 0 0 0 0 0 0 0 0 0 0 0 0 0 0 0 0 0 0 0 0 0 0 0 0 0 0 0 0 0 0 0 0 0 0 0 0 0]
[1070632461741181109249534313502989641568614385528035309371329591137233840636426950980967698245610773825253768067639149740843754987352848145066097381593015801341101967579216911477689104064421960503065132152311502901400359908462793607919259976116566326143425432877443647221 0 0 0 0 0 0 0 0 0 0 0 0 0 0 0 0 0 0 0 0 0 0 0 1 0 0 0 0 0 0 0 0 0 0 0 0 0 0 0 0 0 0 0 0 0 0 0 0 0 0 0 0 0 0 0 0 0 0 0 0 0 0 0 0 0 0 0 0 0 0 0 0 0 0 0 0 0 0 0 0 0 0 0 0 0 0 0 0 0]
[3841639988248958311114542255559468912693619062969570933427017723033154948509955667730518237991582432778517493057326744871776565193464971698086995514989893575494733456433322775039612604015067056709232297394586434369914671023961049182152509761279170161166556793510545991838 0 0 0 0 0 0 0 0 0 0 0 0 0 0 0 0 0 0 0 0 0 0 0 0 1 0 0 0 0 0 0 0 0 0 0 0 0 0 0 0 0 0 0 0 0 0 0 0 0 0 0 0 0 0 0 0 0 0 0 0 0 0 0 0 0 0 0 0 0 0 0 0 0 0 0 0 0 0 0 0 0 0 0 0 0 0 0 0 0]
[4304935922915581022004570035592353322380908796229747577084416682519604882727279217039689232710507701509725695517237328483404853615013295753909149349237769306243822897100262043184069079956553660366458892978216699930727576781579048136831117977148779315894992910548169201145 0 0 0 0 0 0 0 0 0 0 0 0 0 0 0 0 0 0 0 0 0 0 0 0 0 1 0 0 0 0 0 0 0 0 0 0 0 0 0 0 0 0 0 0 0 0 0 0 0 0 0 0 0 0 0 0 0 0 0 0 0 0 0 0 0 0 0 0 0 0 0 0 0 0 0 0 0 0 0 0 0 0 0 0 0 0 0 0 0]
[1854254055593530079615184077117886516161866286433658948867547966048636152595743213832787202537866372208303796679819159798033389189159469289655526655024965823946735808440866802552309440843827657996279955263573352406788715318156739075801090932136049778303098963978283761006 0 0 0 0 0 0 0 0 0 0 0 0 0 0 0 0 0 0 0 0 0 0 0 0 0 0 1 0 0 0 0 0 0 0 0 0 0 0 0 0 0 0 0 0 0 0 0 0 0 0 0 0 0 0 0 0 0 0 0 0 0 0 0 0 0 0 0 0 0 0 0 0 0 0 0 0 0 0 0 0 0 0 0 0 0 0 0 0 0]
[6112487118562165715039214950629432135953907710969626383891027621575448715919349045619084504163569991293054137780596166788084058491389855341313453758278726798746159843899357128990057349804951387861174393459689850629844237448747842665669563442439404407569011407873830722991 0 0 0 0 0 0 0 0 0 0 0 0 0 0 0 0 0 0 0 0 0 0 0 0 0 0 0 1 0 0 0 0 0 0 0 0 0 0 0 0 0 0 0 0 0 0 0 0 0 0 0 0 0 0 0 0 0 0 0 0 0 0 0 0 0 0 0 0 0 0 0 0 0 0 0 0 0 0 0 0 0 0 0 0 0 0 0 0 0]
[4412889895819245467069910731620959488558439218297558548187576774165183212023685510393660170271688411715657908102045091993819121048542923326360758806805549830160806413184190638936172251622266967091068023262901912717885631621519806011821679902144285418515319614047613950195 0 0 0 0 0 0 0 0 0 0 0 0 0 0 0 0 0 0 0 0 0 0 0 0 0 0 0 0 1 0 0 0 0 0 0 0 0 0 0 0 0 0 0 0 0 0 0 0 0 0 0 0 0 0 0 0 0 0 0 0 0 0 0 0 0 0 0 0 0 0 0 0 0 0 0 0 0 0 0 0 0 0 0 0 0 0 0 0 0]
[2397372842643975017568865344396205417224824934234449500388921487130998630626471008224179673560492209135117451479849311106748715582447429258857590920999789043571942353696175054014749475674614629272477213142478280896825336225119756825150539583457413755851170455080510207086 0 0 0 0 0 0 0 0 0 0 0 0 0 0 0 0 0 0 0 0 0 0 0 0 0 0 0 0 0 1 0 0 0 0 0 0 0 0 0 0 0 0 0 0 0 0 0 0 0 0 0 0 0 0 0 0 0 0 0 0 0 0 0 0 0 0 0 0 0 0 0 0 0 0 0 0 0 0 0 0 0 0 0 0 0 0 0 0 0]
[2013483870538584867142268123799534711273479607704130291125749632010388363037568332365317173157976537308003234056193174189619318643286000034135451185673924288015848574297406308447095098656481495629795504231355471123219207498383758714776307902907715156457605822930667375036 0 0 0 0 0 0 0 0 0 0 0 0 0 0 0 0 0 0 0 0 0 0 0 0 0 0 0 0 0 0 1 0 0 0 0 0 0 0 0 0 0 0 0 0 0 0 0 0 0 0 0 0 0 0 0 0 0 0 0 0 0 0 0 0 0 0 0 0 0 0 0 0 0 0 0 0 0 0 0 0 0 0 0 0 0 0 0 0 0]
[1687346226558755364093165234606002415395439138992819186781555909268174512924462449964576159153697993629402304768105416582537279098892741357254526147094144954168092916795358062477461111499115741485427694668846086752934645787567799365702991790362602469836168732068907844708 0 0 0 0 0 0 0 0 0 0 0 0 0 0 0 0 0 0 0 0 0 0 0 0 0 0 0 0 0 0 0 1 0 0 0 0 0 0 0 0 0 0 0 0 0 0 0 0 0 0 0 0 0 0 0 0 0 0 0 0 0 0 0 0 0 0 0 0 0 0 0 0 0 0 0 0 0 0 0 0 0 0 0 0 0 0 0 0 0]
[2668444918982140943741301280582403987349046266785883335052452853630278970882930860083814943535672872809790350843966474471713005289863365126019544694666832285421937609035890387867779531859810148206555626816436825989872862004931204836221498154732657983017299692831033650766 0 0 0 0 0 0 0 0 0 0 0 0 0 0 0 0 0 0 0 0 0 0 0 0 0 0 0 0 0 0 0 0 1 0 0 0 0 0 0 0 0 0 0 0 0 0 0 0 0 0 0 0 0 0 0 0 0 0 0 0 0 0 0 0 0 0 0 0 0 0 0 0 0 0 0 0 0 0 0 0 0 0 0 0 0 0 0 0 0]
[1074365410406733918596405747088363261758188297416449971303524523861363500396697061857839693088486275352993703715628841913376711238062461758241997112271906639051315092687295939433106558301928161470056495641630295727987590442445327536170583479048386548710593501145398742610 0 0 0 0 0 0 0 0 0 0 0 0 0 0 0 0 0 0 0 0 0 0 0 0 0 0 0 0 0 0 0 0 0 1 0 0 0 0 0 0 0 0 0 0 0 0 0 0 0 0 0 0 0 0 0 0 0 0 0 0 0 0 0 0 0 0 0 0 0 0 0 0 0 0 0 0 0 0 0 0 0 0 0 0 0 0 0 0 0]
[1891841008627023680514079643486177799298982520477647567689728387490762202593307265450130777317153569404722346971488578722979032225424821250275295133777047236035207965537137696531962900567404143356800732920844135559041859081573646737355629892164841715773223195678665927785 0 0 0 0 0 0 0 0 0 0 0 0 0 0 0 0 0 0 0 0 0 0 0 0 0 0 0 0 0 0 0 0 0 0 1 0 0 0 0 0 0 0 0 0 0 0 0 0 0 0 0 0 0 0 0 0 0 0 0 0 0 0 0 0 0 0 0 0 0 0 0 0 0 0 0 0 0 0 0 0 0 0 0 0 0 0 0 0 0]
[4223926183972150870732121266001526239602452846817713619678727692173033985583378609520415208415976643822623486292315264339765136904823863632757898131332757202664272328613225834070024442220405248179471888773260250972442023628538299768552624451678425468627733121083918774154 0 0 0 0 0 0 0 0 0 0 0 0 0 0 0 0 0 0 0 0 0 0 0 0 0 0 0 0 0 0 0 0 0 0 0 1 0 0 0 0 0 0 0 0 0 0 0 0 0 0 0 0 0 0 0 0 0 0 0 0 0 0 0 0 0 0 0 0 0 0 0 0 0 0 0 0 0 0 0 0 0 0 0 0 0 0 0 0 0]
[3577051601264362183174968157938373675275340209298658803283789169381274718376989913206308078479141299419527343740186425781725543542496004277649697698531903802139471791292085162184836112604882372999160851864730521633292197937860333408537943617654395438021305218370492836802 0 0 0 0 0 0 0 0 0 0 0 0 0 0 0 0 0 0 0 0 0 0 0 0 0 0 0 0 0 0 0 0 0 0 0 0 1 0 0 0 0 0 0 0 0 0 0 0 0 0 0 0 0 0 0 0 0 0 0 0 0 0 0 0 0 0 0 0 0 0 0 0 0 0 0 0 0 0 0 0 0 0 0 0 0 0 0 0 0]
[2804945871065206722897825694677489718074472208895616361855110157143453878106465158370893793404919988940829337138791370736887881392342920189993484821514729933208549190845169585130396956136445084794690640055625166193983924915836461243397734379843661372072545858801695988587 0 0 0 0 0 0 0 0 0 0 0 0 0 0 0 0 0 0 0 0 0 0 0 0 0 0 0 0 0 0 0 0 0 0 0 0 0 1 0 0 0 0 0 0 0 0 0 0 0 0 0 0 0 0 0 0 0 0 0 0 0 0 0 0 0 0 0 0 0 0 0 0 0 0 0 0 0 0 0 0 0 0 0 0 0 0 0 0 0]
[3429128583741393568121013657998182089292574237063261213843472854409523496318639929561978718950259297037454855946514002008171082425252432320366553247132719533144137598069746735590172422753957681603063682755099054775867328380668628341959084450762538807140432868301778068433 0 0 0 0 0 0 0 0 0 0 0 0 0 0 0 0 0 0 0 0 0 0 0 0 0 0 0 0 0 0 0 0 0 0 0 0 0 0 1 0 0 0 0 0 0 0 0 0 0 0 0 0 0 0 0 0 0 0 0 0 0 0 0 0 0 0 0 0 0 0 0 0 0 0 0 0 0 0 0 0 0 0 0 0 0 0 0 0 0]
[4765284443488084474739069078750520406460353260425276657435855477637496948878867663925391242679938221872690442411763541880211197966865307616305780352154859530652375313022180548655834191032629905557930835583183825709937348798844213918273239181911362795000947953468412370837 0 0 0 0 0 0 0 0 0 0 0 0 0 0 0 0 0 0 0 0 0 0 0 0 0 0 0 0 0 0 0 0 0 0 0 0 0 0 0 1 0 0 0 0 0 0 0 0 0 0 0 0 0 0 0 0 0 0 0 0 0 0 0 0 0 0 0 0 0 0 0 0 0 0 0 0 0 0 0 0 0 0 0 0 0 0 0 0 0]
[2358172073911688100744718648912198096491755102009536526129039416374719742732717723846137561640747351176785644082995115405273481675019721106454435139513821395251067562980237666134396382471918197089621590925872833691564429815165293546064249278812011241768591135343169091308 0 0 0 0 0 0 0 0 0 0 0 0 0 0 0 0 0 0 0 0 0 0 0 0 0 0 0 0 0 0 0 0 0 0 0 0 0 0 0 0 1 0 0 0 0 0 0 0 0 0 0 0 0 0 0 0 0 0 0 0 0 0 0 0 0 0 0 0 0 0 0 0 0 0 0 0 0 0 0 0 0 0 0 0 0 0 0 0 0]
[2606477087595867139818451618708648227468843133056940535525191421534931167800525149908650528973133569594400388480724580148330090898755267193853680458691071830752414240350935089334711386193259546049112641754581928562791188104146832003502473137130485330593323383931367227569 0 0 0 0 0 0 0 0 0 0 0 0 0 0 0 0 0 0 0 0 0 0 0 0 0 0 0 0 0 0 0 0 0 0 0 0 0 0 0 0 0 1 0 0 0 0 0 0 0 0 0 0 0 0 0 0 0 0 0 0 0 0 0 0 0 0 0 0 0 0 0 0 0 0 0 0 0 0 0 0 0 0 0 0 0 0 0 0 0]
[3609908674459249828056373954048924963012079765896702047229456723564859652811791534526074469272542599351131393003050763044409562096042755180469810214675661869037114040690946807163042044841682383204920920510269702944211265732201425793849792171416210053047841199123876569025 0 0 0 0 0 0 0 0 0 0 0 0 0 0 0 0 0 0 0 0 0 0 0 0 0 0 0 0 0 0 0 0 0 0 0 0 0 0 0 0 0 0 1 0 0 0 0 0 0 0 0 0 0 0 0 0 0 0 0 0 0 0 0 0 0 0 0 0 0 0 0 0 0 0 0 0 0 0 0 0 0 0 0 0 0 0 0 0 0]
[4676531206311645789501011885713056256182367331470936169767897867655373096777590001876482020409594054767761506129055555864707080885896765947857334645974177364696291477457707876027268857929219814226699967649102406660695969972617366549361467627368647137593550357439646620095 0 0 0 0 0 0 0 0 0 0 0 0 0 0 0 0 0 0 0 0 0 0 0 0 0 0 0 0 0 0 0 0 0 0 0 0 0 0 0 0 0 0 0 1 0 0 0 0 0 0 0 0 0 0 0 0 0 0 0 0 0 0 0 0 0 0 0 0 0 0 0 0 0 0 0 0 0 0 0 0 0 0 0 0 0 0 0 0 0]
[4342738080184601599894657579868143911671846377934507055277539852810807711177771555646529470038953083823648689764299245536578780901675689038432400583808132803062198412730532628193329566117355278336122995302956804343955779184281912519377581527367596712744549167001235694911 0 0 0 0 0 0 0 0 0 0 0 0 0 0 0 0 0 0 0 0 0 0 0 0 0 0 0 0 0 0 0 0 0 0 0 0 0 0 0 0 0 0 0 0 1 0 0 0 0 0 0 0 0 0 0 0 0 0 0 0 0 0 0 0 0 0 0 0 0 0 0 0 0 0 0 0 0 0 0 0 0 0 0 0 0 0 0 0 0]
[2946576154669899759024794202266229429398926104240121483694437603041096068527519750689833635711570156943764339422942087986030583283039600245238041731929726606511160922649958459852471503450883276554129344468131797567778437441672652122963305409790868072276376792850732412584 0 0 0 0 0 0 0 0 0 0 0 0 0 0 0 0 0 0 0 0 0 0 0 0 0 0 0 0 0 0 0 0 0 0 0 0 0 0 0 0 0 0 0 0 0 1 0 0 0 0 0 0 0 0 0 0 0 0 0 0 0 0 0 0 0 0 0 0 0 0 0 0 0 0 0 0 0 0 0 0 0 0 0 0 0 0 0 0 0]
[4277459399659829936920906932392062496862696399171727495640868744557537129096557869005776031657006768239738151373245208292288677296311357664026139907333708902323039360637953028789123334448079356986555473001855544728351229137723938840143832792902349594661834431177507969929 0 0 0 0 0 0 0 0 0 0 0 0 0 0 0 0 0 0 0 0 0 0 0 0 0 0 0 0 0 0 0 0 0 0 0 0 0 0 0 0 0 0 0 0 0 0 1 0 0 0 0 0 0 0 0 0 0 0 0 0 0 0 0 0 0 0 0 0 0 0 0 0 0 0 0 0 0 0 0 0 0 0 0 0 0 0 0 0 0]
[34772268783111000825624426448374644352727568616180341893858586980764974295687956783588975372862840045963800930315779383537557467366305595838596007339228421524019938777108051673161168561595564646734069195284034320634490692549868849848101920127696597446500191678032804962 0 0 0 0 0 0 0 0 0 0 0 0 0 0 0 0 0 0 0 0 0 0 0 0 0 0 0 0 0 0 0 0 0 0 0 0 0 0 0 0 0 0 0 0 0 0 0 1 0 0 0 0 0 0 0 0 0 0 0 0 0 0 0 0 0 0 0 0 0 0 0 0 0 0 0 0 0 0 0 0 0 0 0 0 0 0 0 0 0]
[5819742962820301215959826820040173822721724025675804249483266078715035489071778660207540090053896727488976838912188474112144252852745877527977236693100262399668444993479478788233442047562061713227090777892424868053836769243136397993905611876628633113384208140629641475213 0 0 0 0 0 0 0 0 0 0 0 0 0 0 0 0 0 0 0 0 0 0 0 0 0 0 0 0 0 0 0 0 0 0 0 0 0 0 0 0 0 0 0 0 0 0 0 0 1 0 0 0 0 0 0 0 0 0 0 0 0 0 0 0 0 0 0 0 0 0 0 0 0 0 0 0 0 0 0 0 0 0 0 0 0 0 0 0 0]
[4598967642792996724577256214169727857529049494466757337736463720798770637721702382062856725888918636072416925376865973599958339755929108217269564001043712702744902040572800092492274243592826355044384654302090855909335829746960130437065426967460811007538144318985603302506 0 0 0 0 0 0 0 0 0 0 0 0 0 0 0 0 0 0 0 0 0 0 0 0 0 0 0 0 0 0 0 0 0 0 0 0 0 0 0 0 0 0 0 0 0 0 0 0 0 1 0 0 0 0 0 0 0 0 0 0 0 0 0 0 0 0 0 0 0 0 0 0 0 0 0 0 0 0 0 0 0 0 0 0 0 0 0 0 0]
[1230523550594530705300683111791644433516927522809021433207484620712700665341942518370825149704395770548667582576976344431855411928253769571782515097130879241670033080564676683827144039606481342103952347996156646709056650230564369216548437700848372057630001094804277270958 0 0 0 0 0 0 0 0 0 0 0 0 0 0 0 0 0 0 0 0 0 0 0 0 0 0 0 0 0 0 0 0 0 0 0 0 0 0 0 0 0 0 0 0 0 0 0 0 0 0 1 0 0 0 0 0 0 0 0 0 0 0 0 0 0 0 0 0 0 0 0 0 0 0 0 0 0 0 0 0 0 0 0 0 0 0 0 0 0]
[4396987685605341889784129636121599318642316612927678613184039735009947530163006359688388176923739601571807224480801213026032105659498940617161179570934821101832487151550339369246559728307675407748898266702761249851934459395469257765702771538871916335866154110038208476786 0 0 0 0 0 0 0 0 0 0 0 0 0 0 0 0 0 0 0 0 0 0 0 0 0 0 0 0 0 0 0 0 0 0 0 0 0 0 0 0 0 0 0 0 0 0 0 0 0 0 0 1 0 0 0 0 0 0 0 0 0 0 0 0 0 0 0 0 0 0 0 0 0 0 0 0 0 0 0 0 0 0 0 0 0 0 0 0 0]
[2576192095596449163357326379554761405082835412326116895559433011167959751353366785443758808452316391457266379556308031738700477250882101213319886641834501776966789406384472108938995026280242480660863115850472361828941305663523311440274110236023134976379438941762980331984 0 0 0 0 0 0 0 0 0 0 0 0 0 0 0 0 0 0 0 0 0 0 0 0 0 0 0 0 0 0 0 0 0 0 0 0 0 0 0 0 0 0 0 0 0 0 0 0 0 0 0 0 1 0 0 0 0 0 0 0 0 0 0 0 0 0 0 0 0 0 0 0 0 0 0 0 0 0 0 0 0 0 0 0 0 0 0 0 0]
[4934271007743575276746268264004264891914958119925806916533372081798521363349867417125967376519587920219209382466556263313395809533681116170314451717424765602808013187521739502067039745880432399415354729463183637921809192965323346808152758221920657578388803268797737185256 0 0 0 0 0 0 0 0 0 0 0 0 0 0 0 0 0 0 0 0 0 0 0 0 0 0 0 0 0 0 0 0 0 0 0 0 0 0 0 0 0 0 0 0 0 0 0 0 0 0 0 0 0 1 0 0 0 0 0 0 0 0 0 0 0 0 0 0 0 0 0 0 0 0 0 0 0 0 0 0 0 0 0 0 0 0 0 0 0]
[3121407600281911529927757805912105144371873334737718131684323464150103249239973629635359668789414419468236190745088523743618648905826516469377732122437964025718736767368587307794408074181169109995366547286032293027240564721847558027671877418232635031208759157978640851969 0 0 0 0 0 0 0 0 0 0 0 0 0 0 0 0 0 0 0 0 0 0 0 0 0 0 0 0 0 0 0 0 0 0 0 0 0 0 0 0 0 0 0 0 0 0 0 0 0 0 0 0 0 0 1 0 0 0 0 0 0 0 0 0 0 0 0 0 0 0 0 0 0 0 0 0 0 0 0 0 0 0 0 0 0 0 0 0 0]
[4806375126760456563194090741627036666725932457767884707484358242639379983898873857004064509088138384520308573209514517616276420849241841357551529024441811886867879272518400982441226832772737177347713249936556486874793014653892603334440790811474763063203553048509794367382 0 0 0 0 0 0 0 0 0 0 0 0 0 0 0 0 0 0 0 0 0 0 0 0 0 0 0 0 0 0 0 0 0 0 0 0 0 0 0 0 0 0 0 0 0 0 0 0 0 0 0 0 0 0 0 1 0 0 0 0 0 0 0 0 0 0 0 0 0 0 0 0 0 0 0 0 0 0 0 0 0 0 0 0 0 0 0 0 0]
[3791866261268481887669592644554474630767834692200480768802524560183924598543058294266440461105804271695786638324344862432332477954065585205056598298167139389226990095108291341405714888102389079490655273541054725646601589304976077541020039808803063548279935299628736989025 0 0 0 0 0 0 0 0 0 0 0 0 0 0 0 0 0 0 0 0 0 0 0 0 0 0 0 0 0 0 0 0 0 0 0 0 0 0 0 0 0 0 0 0 0 0 0 0 0 0 0 0 0 0 0 0 1 0 0 0 0 0 0 0 0 0 0 0 0 0 0 0 0 0 0 0 0 0 0 0 0 0 0 0 0 0 0 0 0]
[1472601443790796521021362472845021917484435976903632237253356412841513769515210288651923960232913400777578926015154768059037795261690947674991436396895666280588352517285260382617253272672002964275254971410892290459588778944989587639044060831375125349530829031829150532919 0 0 0 0 0 0 0 0 0 0 0 0 0 0 0 0 0 0 0 0 0 0 0 0 0 0 0 0 0 0 0 0 0 0 0 0 0 0 0 0 0 0 0 0 0 0 0 0 0 0 0 0 0 0 0 0 0 1 0 0 0 0 0 0 0 0 0 0 0 0 0 0 0 0 0 0 0 0 0 0 0 0 0 0 0 0 0 0 0]
[1318336203028239192460945471752287605111228873992212026503290637429169875374204924750707695763073035419690899387255710726101500681152436686197429572225351453562744372438358080303667190474731745518511834324486690516584413890269345392264314892103149188544289835975686328421 0 0 0 0 0 0 0 0 0 0 0 0 0 0 0 0 0 0 0 0 0 0 0 0 0 0 0 0 0 0 0 0 0 0 0 0 0 0 0 0 0 0 0 0 0 0 0 0 0 0 0 0 0 0 0 0 0 0 1 0 0 0 0 0 0 0 0 0 0 0 0 0 0 0 0 0 0 0 0 0 0 0 0 0 0 0 0 0 0]
[3756076757278704839261929561704212412838692500612378698477750416973662755479618657861709670662606250553102441666939811238832003828067638517482943257705774508782243509137195074828573917601310444577806300217619420941873046252710499147474199658012803742149730806149670942402 0 0 0 0 0 0 0 0 0 0 0 0 0 0 0 0 0 0 0 0 0 0 0 0 0 0 0 0 0 0 0 0 0 0 0 0 0 0 0 0 0 0 0 0 0 0 0 0 0 0 0 0 0 0 0 0 0 0 0 1 0 0 0 0 0 0 0 0 0 0 0 0 0 0 0 0 0 0 0 0 0 0 0 0 0 0 0 0 0]
[4420915274386067141295263629561960747516619584205798775938459800362114233533628591712447294702675821999233122990128413658963882020607712876651677306990665185068522776875746768712778412245184799085147397099976316508868826966794569180564375472646755954125815366555821480212 0 0 0 0 0 0 0 0 0 0 0 0 0 0 0 0 0 0 0 0 0 0 0 0 0 0 0 0 0 0 0 0 0 0 0 0 0 0 0 0 0 0 0 0 0 0 0 0 0 0 0 0 0 0 0 0 0 0 0 0 1 0 0 0 0 0 0 0 0 0 0 0 0 0 0 0 0 0 0 0 0 0 0 0 0 0 0 0 0]
[5854510543559578681663987631876707328532583282836038438205680418889390022975960841546043073887904493456662609251294317993502035036079651164279774195542519891767184899568373546905283047605427041419134327231149330793940931914934712886679463251249749789143058433791378056409 0 0 0 0 0 0 0 0 0 0 0 0 0 0 0 0 0 0 0 0 0 0 0 0 0 0 0 0 0 0 0 0 0 0 0 0 0 0 0 0 0 0 0 0 0 0 0 0 0 0 0 0 0 0 0 0 0 0 0 0 0 1 0 0 0 0 0 0 0 0 0 0 0 0 0 0 0 0 0 0 0 0 0 0 0 0 0 0 0]
[5815914181144553424533196923213752067884863960408406859427464332631340530182919961842584569661432855127326081476417455442037029812050778838431559151647062515913259970687822000996945619270960332801127630899321758381353620163443108567897188909642341541515065575346807717694 0 0 0 0 0 0 0 0 0 0 0 0 0 0 0 0 0 0 0 0 0 0 0 0 0 0 0 0 0 0 0 0 0 0 0 0 0 0 0 0 0 0 0 0 0 0 0 0 0 0 0 0 0 0 0 0 0 0 0 0 0 0 1 0 0 0 0 0 0 0 0 0 0 0 0 0 0 0 0 0 0 0 0 0 0 0 0 0 0]
[2124800399735580915630511705714756502100874375943337618142932435157440730473447862786036878120402313047281138897563491932199730645899646755201002170457478069178384873150843552900046798833954155862984961224879343732853881318647797505601251086352615945689283430377191786197 0 0 0 0 0 0 0 0 0 0 0 0 0 0 0 0 0 0 0 0 0 0 0 0 0 0 0 0 0 0 0 0 0 0 0 0 0 0 0 0 0 0 0 0 0 0 0 0 0 0 0 0 0 0 0 0 0 0 0 0 0 0 0 1 0 0 0 0 0 0 0 0 0 0 0 0 0 0 0 0 0 0 0 0 0 0 0 0 0]
[4480684983363544331769890459303451670844755350094205322976477768837468120070494563145313883432942774517235396295078977950097005097586851501750366547574884960388202421694986031164129868051418419508293143684103351406316055069644639449101159554010870815277466213371511596139 0 0 0 0 0 0 0 0 0 0 0 0 0 0 0 0 0 0 0 0 0 0 0 0 0 0 0 0 0 0 0 0 0 0 0 0 0 0 0 0 0 0 0 0 0 0 0 0 0 0 0 0 0 0 0 0 0 0 0 0 0 0 0 0 1 0 0 0 0 0 0 0 0 0 0 0 0 0 0 0 0 0 0 0 0 0 0 0 0]
[2712277023284901028389264709959220373102688696658484986401170287278901299536996411385266883691567317096502412822716601130111190621454848268224965156744303000866514033326058460627501218109816534406660023922188063249897668741104225089639885383140253653363507442447032668554 0 0 0 0 0 0 0 0 0 0 0 0 0 0 0 0 0 0 0 0 0 0 0 0 0 0 0 0 0 0 0 0 0 0 0 0 0 0 0 0 0 0 0 0 0 0 0 0 0 0 0 0 0 0 0 0 0 0 0 0 0 0 0 0 0 1 0 0 0 0 0 0 0 0 0 0 0 0 0 0 0 0 0 0 0 0 0 0 0]
[2003871959996103271089626424433795579589353181297350639218447063426263119676977377579937596368611720825732129776218559104384191166882015640854138486210133301708113172141198841667401843007492312880422909058400672232422868787128286295567131093161793416882919408623543032479 0 0 0 0 0 0 0 0 0 0 0 0 0 0 0 0 0 0 0 0 0 0 0 0 0 0 0 0 0 0 0 0 0 0 0 0 0 0 0 0 0 0 0 0 0 0 0 0 0 0 0 0 0 0 0 0 0 0 0 0 0 0 0 0 0 0 1 0 0 0 0 0 0 0 0 0 0 0 0 0 0 0 0 0 0 0 0 0 0]
[4867595865985510599629860234674317957254456044380850986151182154202979891935651479441318644534531021092463324065481114950040482910142587063686786404214453430125545528910766295192799604551189526335065566658268456018592724734846038618594012095497427134721346397695982127917 0 0 0 0 0 0 0 0 0 0 0 0 0 0 0 0 0 0 0 0 0 0 0 0 0 0 0 0 0 0 0 0 0 0 0 0 0 0 0 0 0 0 0 0 0 0 0 0 0 0 0 0 0 0 0 0 0 0 0 0 0 0 0 0 0 0 0 1 0 0 0 0 0 0 0 0 0 0 0 0 0 0 0 0 0 0 0 0 0]
[5445569000530114847473989533696411738279740700352148901364155495479360871848768507379720851262275756609671259977877467744838249526570608598365247817004971599758913665305989347800695401045887768268511002350277133521659042404717213401958153693715105236207178703288127126269 0 0 0 0 0 0 0 0 0 0 0 0 0 0 0 0 0 0 0 0 0 0 0 0 0 0 0 0 0 0 0 0 0 0 0 0 0 0 0 0 0 0 0 0 0 0 0 0 0 0 0 0 0 0 0 0 0 0 0 0 0 0 0 0 0 0 0 0 1 0 0 0 0 0 0 0 0 0 0 0 0 0 0 0 0 0 0 0 0]
[1512484369649473169920270092417073216896157855207991460449462918637686639460951509997764597678218258409075770407545649339924211754771530532865359632230233987682313253829812361837349175310900127264421472710596275314437053097153498889744691486037490473262593599933170690463 0 0 0 0 0 0 0 0 0 0 0 0 0 0 0 0 0 0 0 0 0 0 0 0 0 0 0 0 0 0 0 0 0 0 0 0 0 0 0 0 0 0 0 0 0 0 0 0 0 0 0 0 0 0 0 0 0 0 0 0 0 0 0 0 0 0 0 0 0 1 0 0 0 0 0 0 0 0 0 0 0 0 0 0 0 0 0 0 0]
[270912554599222350221686850529591496768403861924929929261078821518417424735394801602715447039981411643735592432515758274169474729258131524826317191502107882232418474775262549477357463710903378333987607131426466203166922067006128029200790563972942599620500108127470035727 0 0 0 0 0 0 0 0 0 0 0 0 0 0 0 0 0 0 0 0 0 0 0 0 0 0 0 0 0 0 0 0 0 0 0 0 0 0 0 0 0 0 0 0 0 0 0 0 0 0 0 0 0 0 0 0 0 0 0 0 0 0 0 0 0 0 0 0 0 0 1 0 0 0 0 0 0 0 0 0 0 0 0 0 0 0 0 0 0]
[3973359673065908952867824802443888618833322109526113671317060148679153884782295721219812066335741554109102858798609819116029093807587458518138161874352537203474169091282937999729415609530455714093153624898705746785345525953142064781392131532650618393832573589101007008212 0 0 0 0 0 0 0 0 0 0 0 0 0 0 0 0 0 0 0 0 0 0 0 0 0 0 0 0 0 0 0 0 0 0 0 0 0 0 0 0 0 0 0 0 0 0 0 0 0 0 0 0 0 0 0 0 0 0 0 0 0 0 0 0 0 0 0 0 0 0 0 1 0 0 0 0 0 0 0 0 0 0 0 0 0 0 0 0 0]
[2367937781863145764674915054042635645567514296816017757147318600172791044501289873015703223025932266849666614392827201173256714885851335861140282692279579039480092063235004804531687805045459161163302973613632703207561354075491863158712622682757148016251574605185306965360 0 0 0 0 0 0 0 0 0 0 0 0 0 0 0 0 0 0 0 0 0 0 0 0 0 0 0 0 0 0 0 0 0 0 0 0 0 0 0 0 0 0 0 0 0 0 0 0 0 0 0 0 0 0 0 0 0 0 0 0 0 0 0 0 0 0 0 0 0 0 0 0 1 0 0 0 0 0 0 0 0 0 0 0 0 0 0 0 0]
[3019063238853140101988759364059269758971662350438810608933754367089825019940363649140109362377983075892041011327011670591726878155080083473638937989854034154898751747773424391926905992551774071776036706010040117404999836650872861112005915363435828144028803166507462332578 0 0 0 0 0 0 0 0 0 0 0 0 0 0 0 0 0 0 0 0 0 0 0 0 0 0 0 0 0 0 0 0 0 0 0 0 0 0 0 0 0 0 0 0 0 0 0 0 0 0 0 0 0 0 0 0 0 0 0 0 0 0 0 0 0 0 0 0 0 0 0 0 0 1 0 0 0 0 0 0 0 0 0 0 0 0 0 0 0]
[2205745110430147619484030256704384340761984622566322498000626556840237696325717805415673341188053581154122870890011154058803412219760417052199554558671535209436550867032149064115336577658089639741688170618345764849763654025861303559645953754376935225200895233109428744722 0 0 0 0 0 0 0 0 0 0 0 0 0 0 0 0 0 0 0 0 0 0 0 0 0 0 0 0 0 0 0 0 0 0 0 0 0 0 0 0 0 0 0 0 0 0 0 0 0 0 0 0 0 0 0 0 0 0 0 0 0 0 0 0 0 0 0 0 0 0 0 0 0 0 1 0 0 0 0 0 0 0 0 0 0 0 0 0 0]
[2030509128631193993950015117089437123179539441486226623680603608480393568471445484236035351256058488202519958056254888034039029591223215577654768466159945653414402545333730052754979957821598939084917271522708886268931580599231858631426960628035714434776529750912945399519 0 0 0 0 0 0 0 0 0 0 0 0 0 0 0 0 0 0 0 0 0 0 0 0 0 0 0 0 0 0 0 0 0 0 0 0 0 0 0 0 0 0 0 0 0 0 0 0 0 0 0 0 0 0 0 0 0 0 0 0 0 0 0 0 0 0 0 0 0 0 0 0 0 0 0 1 0 0 0 0 0 0 0 0 0 0 0 0 0]
[5601990315992045373218173736383387809705283713192483442857676686807733525080186718541558439467849632682590002269875280813542182721564946663079061215016008616108792063514626704268009366053747305316840159785133372865631996239093304878518629155642814295411038765417278396903 0 0 0 0 0 0 0 0 0 0 0 0 0 0 0 0 0 0 0 0 0 0 0 0 0 0 0 0 0 0 0 0 0 0 0 0 0 0 0 0 0 0 0 0 0 0 0 0 0 0 0 0 0 0 0 0 0 0 0 0 0 0 0 0 0 0 0 0 0 0 0 0 0 0 0 0 1 0 0 0 0 0 0 0 0 0 0 0 0]
[3443070122983091210243156230267247813327861839242346041574676863336659060878914061311636134137287695757674670987483152647375387419924406589710381326869470334441356634135506683302335346099733565888053198403426600107371701473710150157250262047823925547035620720596489289241 0 0 0 0 0 0 0 0 0 0 0 0 0 0 0 0 0 0 0 0 0 0 0 0 0 0 0 0 0 0 0 0 0 0 0 0 0 0 0 0 0 0 0 0 0 0 0 0 0 0 0 0 0 0 0 0 0 0 0 0 0 0 0 0 0 0 0 0 0 0 0 0 0 0 0 0 0 1 0 0 0 0 0 0 0 0 0 0 0]
[4200061191178327678572785948580811506650464903471547356656976614884291096025899240444125654990798978321711459856924103138862612420845395798120216166197614500662906448625546485218324184067760240914663402313023612986405835773301266487555253508858248536962631110838579333855 0 0 0 0 0 0 0 0 0 0 0 0 0 0 0 0 0 0 0 0 0 0 0 0 0 0 0 0 0 0 0 0 0 0 0 0 0 0 0 0 0 0 0 0 0 0 0 0 0 0 0 0 0 0 0 0 0 0 0 0 0 0 0 0 0 0 0 0 0 0 0 0 0 0 0 0 0 0 1 0 0 0 0 0 0 0 0 0 0]
[4887039435843916828472032163817766999121819965432881388270603839823811348159758253746972873486107049306862231145990968270078857890186208935364143355670333328626169374624819092698855485718964752639918987110057045809360277592494299970175071932474245506735111280683477515494 0 0 0 0 0 0 0 0 0 0 0 0 0 0 0 0 0 0 0 0 0 0 0 0 0 0 0 0 0 0 0 0 0 0 0 0 0 0 0 0 0 0 0 0 0 0 0 0 0 0 0 0 0 0 0 0 0 0 0 0 0 0 0 0 0 0 0 0 0 0 0 0 0 0 0 0 0 0 0 1 0 0 0 0 0 0 0 0 0]
[6133161182078214812754068727521314285956112117309425385954115621036873884272694162557760963585608391454774440837654744483859320970318309764175106569679683661921196505119913856411791064997646791265814686288347846244713893390944212740000531175940264655908222066510046608725 0 0 0 0 0 0 0 0 0 0 0 0 0 0 0 0 0 0 0 0 0 0 0 0 0 0 0 0 0 0 0 0 0 0 0 0 0 0 0 0 0 0 0 0 0 0 0 0 0 0 0 0 0 0 0 0 0 0 0 0 0 0 0 0 0 0 0 0 0 0 0 0 0 0 0 0 0 0 0 0 1 0 0 0 0 0 0 0 0]
[1986166474825261327481482971394824686827290540631189201937653150128157976711236363182937326429264660974297436136021341623232881480255893455530863608847274127112389768130692409901351866955552187789035893677633908528803971022087062446056231272863151954138382439138283638550 0 0 0 0 0 0 0 0 0 0 0 0 0 0 0 0 0 0 0 0 0 0 0 0 0 0 0 0 0 0 0 0 0 0 0 0 0 0 0 0 0 0 0 0 0 0 0 0 0 0 0 0 0 0 0 0 0 0 0 0 0 0 0 0 0 0 0 0 0 0 0 0 0 0 0 0 0 0 0 0 0 1 0 0 0 0 0 0 0]
[5218330523356473346451390702554084150515422302841629876217231971475232332997604947427239960455229376332298082600700820340138211213893834280594085888502513437210320781775174137263074920192759660425609840108729030284570265820585035938846391985109996290787027006637292242385 0 0 0 0 0 0 0 0 0 0 0 0 0 0 0 0 0 0 0 0 0 0 0 0 0 0 0 0 0 0 0 0 0 0 0 0 0 0 0 0 0 0 0 0 0 0 0 0 0 0 0 0 0 0 0 0 0 0 0 0 0 0 0 0 0 0 0 0 0 0 0 0 0 0 0 0 0 0 0 0 0 0 1 0 0 0 0 0 0]
[1247059175118275406577695138160542924041561995932502400697619784527295135178425578083598527993809694042440696140541739344526258818232669497673634165623406531660944891975429635946398630270555593092053968849241958741310494568400463696883827526076480807772224642798253040328 0 0 0 0 0 0 0 0 0 0 0 0 0 0 0 0 0 0 0 0 0 0 0 0 0 0 0 0 0 0 0 0 0 0 0 0 0 0 0 0 0 0 0 0 0 0 0 0 0 0 0 0 0 0 0 0 0 0 0 0 0 0 0 0 0 0 0 0 0 0 0 0 0 0 0 0 0 0 0 0 0 0 0 1 0 0 0 0 0]
[2923070150299365056052963728111684256590338766422712385456591649273636654703296952509696451637615581928320928524054852318258733559233051020071877833217926234857852612241871979625850551958604112281070217747061572468281528312233380557244198004481983509351443301666858202016 0 0 0 0 0 0 0 0 0 0 0 0 0 0 0 0 0 0 0 0 0 0 0 0 0 0 0 0 0 0 0 0 0 0 0 0 0 0 0 0 0 0 0 0 0 0 0 0 0 0 0 0 0 0 0 0 0 0 0 0 0 0 0 0 0 0 0 0 0 0 0 0 0 0 0 0 0 0 0 0 0 0 0 0 1 0 0 0 0]
[5063884428690872740419233129724664265440328335595097146125302447116716778620873318040799583217915127638373705673354168877796774867649125614530239715295572249108304844508700129830034236462303737741732449708101657581868355176689040175004786131607283445664807031967385386967 0 0 0 0 0 0 0 0 0 0 0 0 0 0 0 0 0 0 0 0 0 0 0 0 0 0 0 0 0 0 0 0 0 0 0 0 0 0 0 0 0 0 0 0 0 0 0 0 0 0 0 0 0 0 0 0 0 0 0 0 0 0 0 0 0 0 0 0 0 0 0 0 0 0 0 0 0 0 0 0 0 0 0 0 0 1 0 0 0]
[3905752273579008411556843234578283114669859088398279235560968212541192846085273354700002956749770120009029829936640031793752348784434919589233185619646572435310429744098661810459111778166265625242486878234429829956710347265341477223686365237176263278423829384806428808133 0 0 0 0 0 0 0 0 0 0 0 0 0 0 0 0 0 0 0 0 0 0 0 0 0 0 0 0 0 0 0 0 0 0 0 0 0 0 0 0 0 0 0 0 0 0 0 0 0 0 0 0 0 0 0 0 0 0 0 0 0 0 0 0 0 0 0 0 0 0 0 0 0 0 0 0 0 0 0 0 0 0 0 0 0 0 1 0 0]
[5418084671083709118022711749809644600544335064157184051532392756403060615265575054089663179437013462546031419281969661237633683353405718773225244345926109303073401749088347639156706035061057876650179507497449489481610069933130816978719892861889383505470354233785354085064 0 0 0 0 0 0 0 0 0 0 0 0 0 0 0 0 0 0 0 0 0 0 0 0 0 0 0 0 0 0 0 0 0 0 0 0 0 0 0 0 0 0 0 0 0 0 0 0 0 0 0 0 0 0 0 0 0 0 0 0 0 0 0 0 0 0 0 0 0 0 0 0 0 0 0 0 0 0 0 0 0 0 0 0 0 0 0 1 0]
[4040897936520394502668530383095248836472619092854984731632446014734382756443910804801292825204569913333247729705546699616926952780970548840095909685734851555638042949081099289884861559789302425544668100779341255726365596646769199108469735577647278720339387114060230582565 0 0 0 0 0 0 0 0 0 0 0 0 0 0 0 0 0 0 0 0 0 0 0 0 0 0 0 0 0 0 0 0 0 0 0 0 0 0 0 0 0 0 0 0 0 0 0 0 0 0 0 0 0 0 0 0 0 0 0 0 0 0 0 0 0 0 0 0 0 0 0 0 0 0 0 0 0 0 0 0 0 0 0 0 0 0 0 0 1]
]
