[[5369112521116669927923733103496773118312937308794970333457959944617272427991074177905640605346143945822809878579556834681988169008220782754186050760280427778655633860607400999679737960870260439197243486203755506689644004383759005340582945133868712821223315359207006815352840514741683194196066741079191 0 0 0 0 0 0 0 0 0 0 0 0 0 0 0 0 0 0 0 0 0 0 0 0 0 0 0 0 0 0 0 0 0 0 0 0 0 0 0 0 0 0 0 0 0 0 0 0 0 0 0 0 0 0 0 0 0 0 0 0 0 0 0 0 0 0 0 0 0 0 0 0 0 0 0 0 0 0 0 0 0 0 0 0 0 0 0 0 0 0 0 0 0 0 0 0 0 0 0]
[4940103023519417557967422408890758161986999944626407493299322792025764903501098155863143541518114183995413185983367694600045267231588749027035211451619714950091527070466299567232811910691942290594492483783775946314863778861267475084356225561106179939624363870036868564441814675420433232855006944462604 1 0 0 0 0 0 0 0 0 0 0 0 0 0 0 0 0 0 0 0 0 0 0 0 0 0 0 0 0 0 0 0 0 0 0 0 0 0 0 0 0 0 0 0 0 0 0 0 0 0 0 0 0 0 0 0 0 0 0 0 0 0 0 0 0 0 0 0 0 0 0 0 0 0 0 0 0 0 0 0 0 0 0 0 0 0 0 0 0 0 0 0 0 0 0 0 0 0 0]
[2795945730915482950934059197714818578074969291077622377813667636568910249113609471369837108751864837194960691225013249009885944980680166641886064387659150579479286441992098951857693913424075734309473603774729289248455760863269484022819339746399162510595516726465088007937136263512239933848946280488406 0 1 0 0 0 0 0 0 0 0 0 0 0 0 0 0 0 0 0 0 0 0 0 0 0 0 0 0 0 0 0 0 0 0 0 0 0 0 0 0 0 0 0 0 0 0 0 0 0 0 0 0 0 0 0 0 0 0 0 0 0 0 0 0 0 0 0 0 0 0 0 0 0 0 0 0 0 0 0 0 0 0 0 0 0 0 0 0 0 0 0 0 0 0 0 0 0 0 0]
[3522977727314683030717417934950831562630987280609521179126605291484623929321903175592403990437183585374315262579229298843270534632022696014892331814490621266301692726773003432511432600118323838873444236071493010198329091868818241988324075540865950711326526099054937247777651787421747072992599752038307 0 0 1 0 0 0 0 0 0 0 0 0 0 0 0 0 0 0 0 0 0 0 0 0 0 0 0 0 0 0 0 0 0 0 0 0 0 0 0 0 0 0 0 0 0 0 0 0 0 0 0 0 0 0 0 0 0 0 0 0 0 0 0 0 0 0 0 0 0 0 0 0 0 0 0 0 0 0 0 0 0 0 0 0 0 0 0 0 0 0 0 0 0 0 0 0 0 0 0]
[657910137426667306601250689818908868498422727127070962148838028550816145305270583591408661411548621302254378060652844141540232643209094236837328318492246095530594425333426473084056055789745833056318657037996012209917060180696773420311498736330298267849661488630718053908389288837163439136368777106086 0 0 0 1 0 0 0 0 0 0 0 0 0 0 0 0 0 0 0 0 0 0 0 0 0 0 0 0 0 0 0 0 0 0 0 0 0 0 0 0 0 0 0 0 0 0 0 0 0 0 0 0 0 0 0 0 0 0 0 0 0 0 0 0 0 0 0 0 0 0 0 0 0 0 0 0 0 0 0 0 0 0 0 0 0 0 0 0 0 0 0 0 0 0 0 0 0 0 0]
[334804049477807177816446094381919234793681003654251790951126657626810902453850641330995082737697658407759214152715178474484113506923891559174436605131188980303066031963965459631474507669680568450973072522083469751350872825170670563667836679585169353196360576633854776762444549904428440814379499003586 0 0 0 0 1 0 0 0 0 0 0 0 0 0 0 0 0 0 0 0 0 0 0 0 0 0 0 0 0 0 0 0 0 0 0 0 0 0 0 0 0 0 0 0 0 0 0 0 0 0 0 0 0 0 0 0 0 0 0 0 0 0 0 0 0 0 0 0 0 0 0 0 0 0 0 0 0 0 0 0 0 0 0 0 0 0 0 0 0 0 0 0 0 0 0 0 0 0 0]
[2093733589753717297387082439322137635158144790405699685884310945431484203653299511023702577029849858313469193512305596057964695443004333086006593865935776973823730287296394497800612607639943654132400227270611194324795981772319655581894021087873567908818604211995388041618104923832864404858777148084903 0 0 0 0 0 1 0 0 0 0 0 0 0 0 0 0 0 0 0 0 0 0 0 0 0 0 0 0 0 0 0 0 0 0 0 0 0 0 0 0 0 0 0 0 0 0 0 0 0 0 0 0 0 0 0 0 0 0 0 0 0 0 0 0 0 0 0 0 0 0 0 0 0 0 0 0 0 0 0 0 0 0 0 0 0 0 0 0 0 0 0 0 0 0 0 0 0 0 0]
[4339113782555704093021077469504875409221033526693305346565325967687589348436884244800219045370717278978359502502400643099760261955206778431214020410406693518057273001573529834238760998574244077922995255935161795438295568916281756314276998084982090484591396321945987788846508249857707542431284934890824 0 0 0 0 0 0 1 0 0 0 0 0 0 0 0 0 0 0 0 0 0 0 0 0 0 0 0 0 0 0 0 0 0 0 0 0 0 0 0 0 0 0 0 0 0 0 0 0 0 0 0 0 0 0 0 0 0 0 0 0 0 0 0 0 0 0 0 0 0 0 0 0 0 0 0 0 0 0 0 0 0 0 0 0 0 0 0 0 0 0 0 0 0 0 0 0 0 0 0]
[3810082006252153896084198823730821473981176108003894291399982981988125494043071830638859704218594351693665112294589369986285797194129651126857863504930619617486870279727111580982522303840806339057771489487317071063758382513159244411775389434411552629787193427421409455592374045932046291696376192519075 0 0 0 0 0 0 0 1 0 0 0 0 0 0 0 0 0 0 0 0 0 0 0 0 0 0 0 0 0 0 0 0 0 0 0 0 0 0 0 0 0 0 0 0 0 0 0 0 0 0 0 0 0 0 0 0 0 0 0 0 0 0 0 0 0 0 0 0 0 0 0 0 0 0 0 0 0 0 0 0 0 0 0 0 0 0 0 0 0 0 0 0 0 0 0 0 0 0 0]
[4330152742754628143238102245491487202659402639584214831519537680506645710200913442587966832185453728167268576326853513822079725272174582700151148831588909471809398252701747275062954668679734733989687115581435706073699705559585313405744695095053731632278435122981420872524099595145083311011968511452244 0 0 0 0 0 0 0 0 1 0 0 0 0 0 0 0 0 0 0 0 0 0 0 0 0 0 0 0 0 0 0 0 0 0 0 0 0 0 0 0 0 0 0 0 0 0 0 0 0 0 0 0 0 0 0 0 0 0 0 0 0 0 0 0 0 0 0 0 0 0 0 0 0 0 0 0 0 0 0 0 0 0 0 0 0 0 0 0 0 0 0 0 0 0 0 0 0 0 0]
[4486899411239785952207899957260062764939973997205328428436931109247953843132230362627405932644387043058146114144769239104528922100562282366265084829777830670476982365471775603988425245274622221338941628301740084240411702201161721911821218318628339796247728822900081788715675969161561486742016678915870 0 0 0 0 0 0 0 0 0 1 0 0 0 0 0 0 0 0 0 0 0 0 0 0 0 0 0 0 0 0 0 0 0 0 0 0 0 0 0 0 0 0 0 0 0 0 0 0 0 0 0 0 0 0 0 0 0 0 0 0 0 0 0 0 0 0 0 0 0 0 0 0 0 0 0 0 0 0 0 0 0 0 0 0 0 0 0 0 0 0 0 0 0 0 0 0 0 0 0]
[3722153877544338735050729530500237324214603697114264139193302766593219672992060040794516738569623814403070220157822932785865918672952258450080333444130743225448107516855821800763920059208897175064626231095203801512446084469736911259585525520279324254385900394515622274349483762928959109339273834234525 0 0 0 0 0 0 0 0 0 0 1 0 0 0 0 0 0 0 0 0 0 0 0 0 0 0 0 0 0 0 0 0 0 0 0 0 0 0 0 0 0 0 0 0 0 0 0 0 0 0 0 0 0 0 0 0 0 0 0 0 0 0 0 0 0 0 0 0 0 0 0 0 0 0 0 0 0 0 0 0 0 0 0 0 0 0 0 0 0 0 0 0 0 0 0 0 0 0 0]
[3736102074998812466537274644806806930476124937746962487870878730086316891546018279606280793262504640945034446721474342982740610218783413972792501498733781831836649858017072984811560576732257979765216194924714620096957486026490094178394403407778556179395378530534316694120700371473508947964379539597956 0 0 0 0 0 0 0 0 0 0 0 1 0 0 0 0 0 0 0 0 0 0 0 0 0 0 0 0 0 0 0 0 0 0 0 0 0 0 0 0 0 0 0 0 0 0 0 0 0 0 0 0 0 0 0 0 0 0 0 0 0 0 0 0 0 0 0 0 0 0 0 0 0 0 0 0 0 0 0 0 0 0 0 0 0 0 0 0 0 0 0 0 0 0 0 0 0 0 0]
[2356381743613102566520999559778767533902750902306559934114460142500389007817053120514404109360058580095687672500797499873329943661963090886975914746646549091562438556898843374195052473510379769376686190803054843252668793517667822523732916625828202879857858405376250884890011402351288975365298479208681 0 0 0 0 0 0 0 0 0 0 0 0 1 0 0 0 0 0 0 0 0 0 0 0 0 0 0 0 0 0 0 0 0 0 0 0 0 0 0 0 0 0 0 0 0 0 0 0 0 0 0 0 0 0 0 0 0 0 0 0 0 0 0 0 0 0 0 0 0 0 0 0 0 0 0 0 0 0 0 0 0 0 0 0 0 0 0 0 0 0 0 0 0 0 0 0 0 0 0]
[1960538032337107286349535390890464276895069596547069162467902925993899155128955048454891959765011654733195079352718665166623762410325621511724195588488183188121123433693902182857136191234037600628246974034939964787364019168051602937464357317966654329622176255110423002564840301943376854213352048731323 0 0 0 0 0 0 0 0 0 0 0 0 0 1 0 0 0 0 0 0 0 0 0 0 0 0 0 0 0 0 0 0 0 0 0 0 0 0 0 0 0 0 0 0 0 0 0 0 0 0 0 0 0 0 0 0 0 0 0 0 0 0 0 0 0 0 0 0 0 0 0 0 0 0 0 0 0 0 0 0 0 0 0 0 0 0 0 0 0 0 0 0 0 0 0 0 0 0 0]
[1788626241232302181815589964833065751647623942526807634210642974235002151573684828623249399456047164235203489377034247183968184462947850538594708482591381413657648340641230861819701194807011049032287230106604362801457982813631258731395622734972542930322023565428777994904545000164971701168474044505772 0 0 0 0 0 0 0 0 0 0 0 0 0 0 1 0 0 0 0 0 0 0 0 0 0 0 0 0 0 0 0 0 0 0 0 0 0 0 0 0 0 0 0 0 0 0 0 0 0 0 0 0 0 0 0 0 0 0 0 0 0 0 0 0 0 0 0 0 0 0 0 0 0 0 0 0 0 0 0 0 0 0 0 0 0 0 0 0 0 0 0 0 0 0 0 0 0 0 0]
[5194017103940430742641098161442780074435866261176140808835103367327641984705725711098759633240308310315493612294060778883235413153585776979629071964254274439765622579097600951984912087664518779265107331345860311702149062334541263702509916634921549440495923829534009203502877084225702635434510761510337 0 0 0 0 0 0 0 0 0 0 0 0 0 0 0 1 0 0 0 0 0 0 0 0 0 0 0 0 0 0 0 0 0 0 0 0 0 0 0 0 0 0 0 0 0 0 0 0 0 0 0 0 0 0 0 0 0 0 0 0 0 0 0 0 0 0 0 0 0 0 0 0 0 0 0 0 0 0 0 0 0 0 0 0 0 0 0 0 0 0 0 0 0 0 0 0 0 0 0]
[4757207776378055685512411069391503046149778028083219613444779387363030348077885450632645453515637885993628885273901116568165284010991529901695522874481417866021714637843493019000753791675883678288266593201839824574532446139186089121621961093301849704313174028724094260086753756283283223743811685577783 0 0 0 0 0 0 0 0 0 0 0 0 0 0 0 0 1 0 0 0 0 0 0 0 0 0 0 0 0 0 0 0 0 0 0 0 0 0 0 0 0 0 0 0 0 0 0 0 0 0 0 0 0 0 0 0 0 0 0 0 0 0 0 0 0 0 0 0 0 0 0 0 0 0 0 0 0 0 0 0 0 0 0 0 0 0 0 0 0 0 0 0 0 0 0 0 0 0 0]
[2827023195564679048406763948255286970207084478654371290617621688133080766913094623712072915409458922998624323848346027699339927079149660476019739782799832019940689527664126376428780395666679904649316887159656149706051413951640793608867865811188697518631342988646036720972529080379155591387122463752669 0 0 0 0 0 0 0 0 0 0 0 0 0 0 0 0 0 1 0 0 0 0 0 0 0 0 0 0 0 0 0 0 0 0 0 0 0 0 0 0 0 0 0 0 0 0 0 0 0 0 0 0 0 0 0 0 0 0 0 0 0 0 0 0 0 0 0 0 0 0 0 0 0 0 0 0 0 0 0 0 0 0 0 0 0 0 0 0 0 0 0 0 0 0 0 0 0 0 0]
[4182949859930426608967443587916171614287386755385920635990145703783658894795293876059130799424500617593742307188481136605005278314093557880005698699255414810028666235533423986305945696237310674844307144859007427694723925328642373934038180062226689971481749735839613236211746208990223714745642905664743 0 0 0 0 0 0 0 0 0 0 0 0 0 0 0 0 0 0 1 0 0 0 0 0 0 0 0 0 0 0 0 0 0 0 0 0 0 0 0 0 0 0 0 0 0 0 0 0 0 0 0 0 0 0 0 0 0 0 0 0 0 0 0 0 0 0 0 0 0 0 0 0 0 0 0 0 0 0 0 0 0 0 0 0 0 0 0 0 0 0 0 0 0 0 0 0 0 0 0]
[514396455839852861093391050513792774561080622944518721461036555569838727533904585284184689848306789041734667545097855077342757721562971258045233324267143665264519548508745906677906232324633892208163102072924371008015585503579536585689881585266843891394928415597443833435742282636970272605614505451043 0 0 0 0 0 0 0 0 0 0 0 0 0 0 0 0 0 0 0 1 0 0 0 0 0 0 0 0 0 0 0 0 0 0 0 0 0 0 0 0 0 0 0 0 0 0 0 0 0 0 0 0 0 0 0 0 0 0 0 0 0 0 0 0 0 0 0 0 0 0 0 0 0 0 0 0 0 0 0 0 0 0 0 0 0 0 0 0 0 0 0 0 0 0 0 0 0 0 0]
[3878635391103694187198522669285698953821114147621159303359179516029983471193778714596181507405833048944886410792804669073732261616511515172146936361969597996232406610684763315721671340637241670693916426246622180952805865772354889906403707786366303147738092781093897949442014409265826218215332829732858 0 0 0 0 0 0 0 0 0 0 0 0 0 0 0 0 0 0 0 0 1 0 0 0 0 0 0 0 0 0 0 0 0 0 0 0 0 0 0 0 0 0 0 0 0 0 0 0 0 0 0 0 0 0 0 0 0 0 0 0 0 0 0 0 0 0 0 0 0 0 0 0 0 0 0 0 0 0 0 0 0 0 0 0 0 0 0 0 0 0 0 0 0 0 0 0 0 0 0]
[1551696519723897242735601960968322422864692698797783224212170876136490947818291626898421213762752285506930082794474282777135096906684117738023791515503083687066296433726105292738389642253632586780997915393185831268230413503047137469035645900591294513600630020053468737610039799001643743257231957292451 0 0 0 0 0 0 0 0 0 0 0 0 0 0 0 0 0 0 0 0 0 1 0 0 0 0 0 0 0 0 0 0 0 0 0 0 0 0 0 0 0 0 0 0 0 0 0 0 0 0 0 0 0 0 0 0 0 0 0 0 0 0 0 0 0 0 0 0 0 0 0 0 0 0 0 0 0 0 0 0 0 0 0 0 0 0 0 0 0 0 0 0 0 0 0 0 0 0 0]
[954405734451123214338460192783432234506324006296039000028121285271440652599858049109374347466339022531169205825535842242584139920612937882686069452938373164627594034061671954999779274593029893113346052827638275312286834764809687753574703011167283566137609717426566615891500060329908082860001630797981 0 0 0 0 0 0 0 0 0 0 0 0 0 0 0 0 0 0 0 0 0 0 1 0 0 0 0 0 0 0 0 0 0 0 0 0 0 0 0 0 0 0 0 0 0 0 0 0 0 0 0 0 0 0 0 0 0 0 0 0 0 0 0 0 0 0 0 0 0 0 0 0 0 0 0 0 0 0 0 0 0 0 0 0 0 0 0 0 0 0 0 0 0 0 0 0 0 0 0]
[3581084716241019488068252553723707891415516155626839319726266009434272910609538782529092923248209884916347354366731211125418995332912538613760905811514579764080954095616367885374743267519089343637583553801166212060733896387157148119093170911447263409088653133409965766174258668666253343157529246298045 0 0 0 0 0 0 0 0 0 0 0 0 0 0 0 0 0 0 0 0 0 0 0 1 0 0 0 0 0 0 0 0 0 0 0 0 0 0 0 0 0 0 0 0 0 0 0 0 0 0 0 0 0 0 0 0 0 0 0 0 0 0 0 0 0 0 0 0 0 0 0 0 0 0 0 0 0 0 0 0 0 0 0 0 0 0 0 0 0 0 0 0 0 0 0 0 0 0 0]
[4131553152958253545948080720065142294579990066710385886709268821035786150551105482344223883834327766812733236580020491994146088676152462003718356732707351352319816517539328649254921199671064111083758575920360743018098511479276243340441849630082656627524692122476604304312452284088177390029143968654655 0 0 0 0 0 0 0 0 0 0 0 0 0 0 0 0 0 0 0 0 0 0 0 0 1 0 0 0 0 0 0 0 0 0 0 0 0 0 0 0 0 0 0 0 0 0 0 0 0 0 0 0 0 0 0 0 0 0 0 0 0 0 0 0 0 0 0 0 0 0 0 0 0 0 0 0 0 0 0 0 0 0 0 0 0 0 0 0 0 0 0 0 0 0 0 0 0 0 0]
[3761359933490312486756801795446362861803150946076639954165789701147307064279912081814782487234059594658655536262548660317616781468446593939934088252916977443539470360096374619840844392518418576157029704758720142144424486543485817152217068637693625780144603173759689571773199877211774206178756886013107 0 0 0 0 0 0 0 0 0 0 0 0 0 0 0 0 0 0 0 0 0 0 0 0 0 1 0 0 0 0 0 0 0 0 0 0 0 0 0 0 0 0 0 0 0 0 0 0 0 0 0 0 0 0 0 0 0 0 0 0 0 0 0 0 0 0 0 0 0 0 0 0 0 0 0 0 0 0 0 0 0 0 0 0 0 0 0 0 0 0 0 0 0 0 0 0 0 0 0]
[4683576892078770036816887947991852261668929797631088283349199429596201442154393733541645945223337058389728407817574691731620467574991313912721818398959178641938092053385473195265622040048741603264698594800298847236832804701451691934665099582792628897750704962836635600005422640957825127121535430169676 0 0 0 0 0 0 0 0 0 0 0 0 0 0 0 0 0 0 0 0 0 0 0 0 0 0 1 0 0 0 0 0 0 0 0 0 0 0 0 0 0 0 0 0 0 0 0 0 0 0 0 0 0 0 0 0 0 0 0 0 0 0 0 0 0 0 0 0 0 0 0 0 0 0 0 0 0 0 0 0 0 0 0 0 0 0 0 0 0 0 0 0 0 0 0 0 0 0 0]
[198251916053450342814890875577389353309748875452289773421989969395525378525834663824668299221305845462728163284660130732799416028899571325603147547262015107959317755254571804093708861161993624868542695599223097001480623428226004382685795945801530337714773848523937524905005652140401073797486534681265 0 0 0 0 0 0 0 0 0 0 0 0 0 0 0 0 0 0 0 0 0 0 0 0 0 0 0 1 0 0 0 0 0 0 0 0 0 0 0 0 0 0 0 0 0 0 0 0 0 0 0 0 0 0 0 0 0 0 0 0 0 0 0 0 0 0 0 0 0 0 0 0 0 0 0 0 0 0 0 0 0 0 0 0 0 0 0 0 0 0 0 0 0 0 0 0 0 0 0]
[908038248481919230258694974481896912983302102567209479565751696913647488245284369459367687970826886179772459649301319221542427919165192234661524522375984398395149630406575706154603149797889223160496570605173994877049815496298816541458447670131206714131097695827770252136827513629432333594470891248147 0 0 0 0 0 0 0 0 0 0 0 0 0 0 0 0 0 0 0 0 0 0 0 0 0 0 0 0 1 0 0 0 0 0 0 0 0 0 0 0 0 0 0 0 0 0 0 0 0 0 0 0 0 0 0 0 0 0 0 0 0 0 0 0 0 0 0 0 0 0 0 0 0 0 0 0 0 0 0 0 0 0 0 0 0 0 0 0 0 0 0 0 0 0 0 0 0 0 0]
[455483725898612559920135963644450648285559233857652364767962235688835856924754761456257667004328682367863172708549317293605327700357238578885054362719676286621066641763975767409121654006390712836177475468066804262726109350168291117204632821834894598084603912558321964525496468653495629658782582958500 0 0 0 0 0 0 0 0 0 0 0 0 0 0 0 0 0 0 0 0 0 0 0 0 0 0 0 0 0 1 0 0 0 0 0 0 0 0 0 0 0 0 0 0 0 0 0 0 0 0 0 0 0 0 0 0 0 0 0 0 0 0 0 0 0 0 0 0 0 0 0 0 0 0 0 0 0 0 0 0 0 0 0 0 0 0 0 0 0 0 0 0 0 0 0 0 0 0 0]
[292891430373721892418502473569967151440936768250597640260160328238431362302000921651226724285131063580983712187274477025950519691112256018091577209565268859761099087585907323271010590758360976147029774350388780743554588720946087570083552089960852703690191201335839176230023512671797315790848341865242 0 0 0 0 0 0 0 0 0 0 0 0 0 0 0 0 0 0 0 0 0 0 0 0 0 0 0 0 0 0 1 0 0 0 0 0 0 0 0 0 0 0 0 0 0 0 0 0 0 0 0 0 0 0 0 0 0 0 0 0 0 0 0 0 0 0 0 0 0 0 0 0 0 0 0 0 0 0 0 0 0 0 0 0 0 0 0 0 0 0 0 0 0 0 0 0 0 0 0]
[3613282646263975900538051910996882406208792243225953736345671422102700555660407353526460821029237087397459349398422982156848290045980387588561698042319599712372883125801618491942640827500971027362797908233447402120913068737167265063703958368388129438959007337928295063304977025913513347642244031308950 0 0 0 0 0 0 0 0 0 0 0 0 0 0 0 0 0 0 0 0 0 0 0 0 0 0 0 0 0 0 0 1 0 0 0 0 0 0 0 0 0 0 0 0 0 0 0 0 0 0 0 0 0 0 0 0 0 0 0 0 0 0 0 0 0 0 0 0 0 0 0 0 0 0 0 0 0 0 0 0 0 0 0 0 0 0 0 0 0 0 0 0 0 0 0 0 0 0 0]
[238331733447372143725077701947788038472753758913227240547527984591443604462525536499094063278681643635011764189375341907897919226294836581040174652295890236705086441101073864339127035146703751596227285964053488526527970017860439550621111756828569389740098214454536508480630645469741763742748656515445 0 0 0 0 0 0 0 0 0 0 0 0 0 0 0 0 0 0 0 0 0 0 0 0 0 0 0 0 0 0 0 0 1 0 0 0 0 0 0 0 0 0 0 0 0 0 0 0 0 0 0 0 0 0 0 0 0 0 0 0 0 0 0 0 0 0 0 0 0 0 0 0 0 0 0 0 0 0 0 0 0 0 0 0 0 0 0 0 0 0 0 0 0 0 0 0 0 0 0]
[1074249102628478643825470771317261461408180153837151613006273452547427819104904486747326895082067280080277713939136114046258584041289675388037313373963202534670369131300380556304350707146158545994895198858483147164866056616655077031755217630851932471716705739803022949248294736948540700153858444885952 0 0 0 0 0 0 0 0 0 0 0 0 0 0 0 0 0 0 0 0 0 0 0 0 0 0 0 0 0 0 0 0 0 1 0 0 0 0 0 0 0 0 0 0 0 0 0 0 0 0 0 0 0 0 0 0 0 0 0 0 0 0 0 0 0 0 0 0 0 0 0 0 0 0 0 0 0 0 0 0 0 0 0 0 0 0 0 0 0 0 0 0 0 0 0 0 0 0 0]
[2813674828248344878835521874688088905731242022227430899458436849899303303934717619283032906953214393136947493691158858644931376657379608167032817479599404192135962519761819076220287463917176015686500424484858861715569438036698028927648686318741465812260240593456006803920945362602082801243129176142235 0 0 0 0 0 0 0 0 0 0 0 0 0 0 0 0 0 0 0 0 0 0 0 0 0 0 0 0 0 0 0 0 0 0 1 0 0 0 0 0 0 0 0 0 0 0 0 0 0 0 0 0 0 0 0 0 0 0 0 0 0 0 0 0 0 0 0 0 0 0 0 0 0 0 0 0 0 0 0 0 0 0 0 0 0 0 0 0 0 0 0 0 0 0 0 0 0 0 0]
[2361703455240361159433173329578558710910477053925923885679736776933498671483068302872319341620471065178032172210196904064235730845568627339559781867439999153077718923175872660904068043975094080026884789210676339548885049912491115936151826374384534158729230939916329796807561252288837390372568619372385 0 0 0 0 0 0 0 0 0 0 0 0 0 0 0 0 0 0 0 0 0 0 0 0 0 0 0 0 0 0 0 0 0 0 0 1 0 0 0 0 0 0 0 0 0 0 0 0 0 0 0 0 0 0 0 0 0 0 0 0 0 0 0 0 0 0 0 0 0 0 0 0 0 0 0 0 0 0 0 0 0 0 0 0 0 0 0 0 0 0 0 0 0 0 0 0 0 0 0]
[1905378705636465976410986467094742453033915349553987277225868442582252620217214343475723319299408560900900859546540352388547118456422092374090131549538073528659920630953874600821932577313752021377532438386389414784479604236097472107695258135073328078726408190625469316091004559054677662735230043338327 0 0 0 0 0 0 0 0 0 0 0 0 0 0 0 0 0 0 0 0 0 0 0 0 0 0 0 0 0 0 0 0 0 0 0 0 1 0 0 0 0 0 0 0 0 0 0 0 0 0 0 0 0 0 0 0 0 0 0 0 0 0 0 0 0 0 0 0 0 0 0 0 0 0 0 0 0 0 0 0 0 0 0 0 0 0 0 0 0 0 0 0 0 0 0 0 0 0 0]
[3823269265555805819836323074659065814542460350053285634435917691098767139511544185054259087308144100657902370034004745079378688778751370966048971345517226595271673347405468190732024546193847474941092050715282847136650517140247190036409002353977693166108270041378260816659152963137551656002712303658107 0 0 0 0 0 0 0 0 0 0 0 0 0 0 0 0 0 0 0 0 0 0 0 0 0 0 0 0 0 0 0 0 0 0 0 0 0 1 0 0 0 0 0 0 0 0 0 0 0 0 0 0 0 0 0 0 0 0 0 0 0 0 0 0 0 0 0 0 0 0 0 0 0 0 0 0 0 0 0 0 0 0 0 0 0 0 0 0 0 0 0 0 0 0 0 0 0 0 0]
[3509214604133871794651678772137904816063578579240298161934380197672099683133836446855242420882051340737428189933690796570880024191833658851365104311942900552405485897232526117077108481680287689597621112696697457331828981996079852971290565528375754227049929218026438759280209256635374633703004510616118 0 0 0 0 0 0 0 0 0 0 0 0 0 0 0 0 0 0 0 0 0 0 0 0 0 0 0 0 0 0 0 0 0 0 0 0 0 0 1 0 0 0 0 0 0 0 0 0 0 0 0 0 0 0 0 0 0 0 0 0 0 0 0 0 0 0 0 0 0 0 0 0 0 0 0 0 0 0 0 0 0 0 0 0 0 0 0 0 0 0 0 0 0 0 0 0 0 0 0]
[4469124668743979648798108038660508327132127523821855243020670628314274434112626067986511977969242510264177318126045481687961513493636610288810749193628256543855807151456947541820792583121099037029194572319224833379015197624611941210477439757593532248421069176205813031816171422535651956924595762135810 0 0 0 0 0 0 0 0 0 0 0 0 0 0 0 0 0 0 0 0 0 0 0 0 0 0 0 0 0 0 0 0 0 0 0 0 0 0 0 1 0 0 0 0 0 0 0 0 0 0 0 0 0 0 0 0 0 0 0 0 0 0 0 0 0 0 0 0 0 0 0 0 0 0 0 0 0 0 0 0 0 0 0 0 0 0 0 0 0 0 0 0 0 0 0 0 0 0 0]
[2029166302181819754400441038049322296291294038537994928381745917755618731721148940911005878416463549068259330468021963317081108505067296230093286468428007856115089217115593514539324389734602980547438022214378772955016632986235536698905011054427071244384749055398897479527193048672709164872091487364448 0 0 0 0 0 0 0 0 0 0 0 0 0 0 0 0 0 0 0 0 0 0 0 0 0 0 0 0 0 0 0 0 0 0 0 0 0 0 0 0 1 0 0 0 0 0 0 0 0 0 0 0 0 0 0 0 0 0 0 0 0 0 0 0 0 0 0 0 0 0 0 0 0 0 0 0 0 0 0 0 0 0 0 0 0 0 0 0 0 0 0 0 0 0 0 0 0 0 0]
[4074803460148936812689922878239902276984804128348100378208427569958161110092678882748418578629683769295609529937706486687952740220268306700606502185986381118449286160214993395548280049635013032606020214924417750968000708192053220749240823696705671008487577790807026275248403050214357934709456528501143 0 0 0 0 0 0 0 0 0 0 0 0 0 0 0 0 0 0 0 0 0 0 0 0 0 0 0 0 0 0 0 0 0 0 0 0 0 0 0 0 0 1 0 0 0 0 0 0 0 0 0 0 0 0 0 0 0 0 0 0 0 0 0 0 0 0 0 0 0 0 0 0 0 0 0 0 0 0 0 0 0 0 0 0 0 0 0 0 0 0 0 0 0 0 0 0 0 0 0]
[4475493186417080482948243549802698405022232717871884527137189235919125958260748106924714168556770905801116742845543585046055391880274164367402101591139466331886092076727006996981407003901906916389137401091330810179449625495876253056929810275540038123495674172157382013150478010458119830184923863214728 0 0 0 0 0 0 0 0 0 0 0 0 0 0 0 0 0 0 0 0 0 0 0 0 0 0 0 0 0 0 0 0 0 0 0 0 0 0 0 0 0 0 1 0 0 0 0 0 0 0 0 0 0 0 0 0 0 0 0 0 0 0 0 0 0 0 0 0 0 0 0 0 0 0 0 0 0 0 0 0 0 0 0 0 0 0 0 0 0 0 0 0 0 0 0 0 0 0 0]
[3891741146432452097280522157495760116115732932234102636624458041793750035161033994171051819534757622280059910519022927503566229837039865681155585514161753372915895367578454956947041804050648391323321646212308411757132190459867379716837830170663504199870142578507714129020586528929106444711307479628065 0 0 0 0 0 0 0 0 0 0 0 0 0 0 0 0 0 0 0 0 0 0 0 0 0 0 0 0 0 0 0 0 0 0 0 0 0 0 0 0 0 0 0 1 0 0 0 0 0 0 0 0 0 0 0 0 0 0 0 0 0 0 0 0 0 0 0 0 0 0 0 0 0 0 0 0 0 0 0 0 0 0 0 0 0 0 0 0 0 0 0 0 0 0 0 0 0 0 0]
[3259514606481360527905721967789346710199948384006418851470497188654769749125841175503125706662946518262622025712011630626962998281082184176556905185524909537418394011220753801736748304950475495652390999039693746281699236662380610608665840239726499776957327017906567171639595276523515830575018581085420 0 0 0 0 0 0 0 0 0 0 0 0 0 0 0 0 0 0 0 0 0 0 0 0 0 0 0 0 0 0 0 0 0 0 0 0 0 0 0 0 0 0 0 0 1 0 0 0 0 0 0 0 0 0 0 0 0 0 0 0 0 0 0 0 0 0 0 0 0 0 0 0 0 0 0 0 0 0 0 0 0 0 0 0 0 0 0 0 0 0 0 0 0 0 0 0 0 0 0]
[4058949728922642520056715911858543250373325540009660602890349126168022315210970976795272951914262872329423078203405974708700753347701021676579294892424566323650399637627107706471208163986203113971839876837928473176733984647285369772379068878179930540761253343671578542254332883103859524593438177129321 0 0 0 0 0 0 0 0 0 0 0 0 0 0 0 0 0 0 0 0 0 0 0 0 0 0 0 0 0 0 0 0 0 0 0 0 0 0 0 0 0 0 0 0 0 1 0 0 0 0 0 0 0 0 0 0 0 0 0 0 0 0 0 0 0 0 0 0 0 0 0 0 0 0 0 0 0 0 0 0 0 0 0 0 0 0 0 0 0 0 0 0 0 0 0 0 0 0 0]
[2709250265670174933838319438715363905972445091381372141069403296263022816182569362921003832915776335669324284015872077399881895772340913308256661475795082234226611922103562949916400989277460557824341922461508240677998129704304098603160984597998013146023304718136620421115543322710767566601770999678711 0 0 0 0 0 0 0 0 0 0 0 0 0 0 0 0 0 0 0 0 0 0 0 0 0 0 0 0 0 0 0 0 0 0 0 0 0 0 0 0 0 0 0 0 0 0 1 0 0 0 0 0 0 0 0 0 0 0 0 0 0 0 0 0 0 0 0 0 0 0 0 0 0 0 0 0 0 0 0 0 0 0 0 0 0 0 0 0 0 0 0 0 0 0 0 0 0 0 0]
[144987486384273646711217824556760439369052237731314225406854009597664572689544431928515483626812606156124379392391689459956317950222143965166278203585364056526409749251994380166540062881279352029494381530158258766715117422035228794688543457459112471363537245180918237724014466787495630944764776318181 0 0 0 0 0 0 0 0 0 0 0 0 0 0 0 0 0 0 0 0 0 0 0 0 0 0 0 0 0 0 0 0 0 0 0 0 0 0 0 0 0 0 0 0 0 0 0 1 0 0 0 0 0 0 0 0 0 0 0 0 0 0 0 0 0 0 0 0 0 0 0 0 0 0 0 0 0 0 0 0 0 0 0 0 0 0 0 0 0 0 0 0 0 0 0 0 0 0 0]
[3738002490253968833514724118114167556259214050897789179094975631652143708572975840513797609183574280375265209986007130983952328753238331925638280430053236172204829493731197032674273231850043125853695029731422511633063796266131196576333625060062200311441155750191754501842965852943812799167494535809107 0 0 0 0 0 0 0 0 0 0 0 0 0 0 0 0 0 0 0 0 0 0 0 0 0 0 0 0 0 0 0 0 0 0 0 0 0 0 0 0 0 0 0 0 0 0 0 0 1 0 0 0 0 0 0 0 0 0 0 0 0 0 0 0 0 0 0 0 0 0 0 0 0 0 0 0 0 0 0 0 0 0 0 0 0 0 0 0 0 0 0 0 0 0 0 0 0 0 0]
[1275223633465464418344109918299468270545554128944771266697647207415068405240243223055221927040662301208566404094439333790278298626681321789001345573960409683465107098644654737243491698227335849051750655504164494294174567932730977241469408408503004192135313605890297453174265058030840096983139020397004 0 0 0 0 0 0 0 0 0 0 0 0 0 0 0 0 0 0 0 0 0 0 0 0 0 0 0 0 0 0 0 0 0 0 0 0 0 0 0 0 0 0 0 0 0 0 0 0 0 1 0 0 0 0 0 0 0 0 0 0 0 0 0 0 0 0 0 0 0 0 0 0 0 0 0 0 0 0 0 0 0 0 0 0 0 0 0 0 0 0 0 0 0 0 0 0 0 0 0]
[584806546803359283327227306556054331177892633444790558058884135833503234125881457234208524569947031097679098929526390694534245192848061723180521744535195894659395539215323947803107732203522769045784938753963549730365025230703919344981375119946986772415361219706423475456743324453549899874883997874260 0 0 0 0 0 0 0 0 0 0 0 0 0 0 0 0 0 0 0 0 0 0 0 0 0 0 0 0 0 0 0 0 0 0 0 0 0 0 0 0 0 0 0 0 0 0 0 0 0 0 1 0 0 0 0 0 0 0 0 0 0 0 0 0 0 0 0 0 0 0 0 0 0 0 0 0 0 0 0 0 0 0 0 0 0 0 0 0 0 0 0 0 0 0 0 0 0 0 0]
[4038206180405575224473086641750309590700677702108525886335882763437339002046530578981929399785970724952858126224366144119576626095482853606473263661646195459237076862592388634077176995871240760430230866477144807843742887350729800708135291237575836355693614299982692316266200849459123167284117787904359 0 0 0 0 0 0 0 0 0 0 0 0 0 0 0 0 0 0 0 0 0 0 0 0 0 0 0 0 0 0 0 0 0 0 0 0 0 0 0 0 0 0 0 0 0 0 0 0 0 0 0 1 0 0 0 0 0 0 0 0 0 0 0 0 0 0 0 0 0 0 0 0 0 0 0 0 0 0 0 0 0 0 0 0 0 0 0 0 0 0 0 0 0 0 0 0 0 0 0]
[4568964177776265310987261311989708075463771167210734537177332932104032263909098473286295534726315552025562866567935424424864563585225712288155420638996291010967574002584059586433332337791841352957712194864613316688288823104600331831478051543409259284317672350810340750095875504255851158215434907490139 0 0 0 0 0 0 0 0 0 0 0 0 0 0 0 0 0 0 0 0 0 0 0 0 0 0 0 0 0 0 0 0 0 0 0 0 0 0 0 0 0 0 0 0 0 0 0 0 0 0 0 0 1 0 0 0 0 0 0 0 0 0 0 0 0 0 0 0 0 0 0 0 0 0 0 0 0 0 0 0 0 0 0 0 0 0 0 0 0 0 0 0 0 0 0 0 0 0 0]
[2652474752877088872676633223588696003108102150291336788660052316149878823590204964389636576272150533777894521547846572980290261580035515565390115558205907893882213328742388505524508084978856925666416955484291326445198102206631041336852514809997710461234906211020074468621888066222517275252281289602574 0 0 0 0 0 0 0 0 0 0 0 0 0 0 0 0 0 0 0 0 0 0 0 0 0 0 0 0 0 0 0 0 0 0 0 0 0 0 0 0 0 0 0 0 0 0 0 0 0 0 0 0 0 1 0 0 0 0 0 0 0 0 0 0 0 0 0 0 0 0 0 0 0 0 0 0 0 0 0 0 0 0 0 0 0 0 0 0 0 0 0 0 0 0 0 0 0 0 0]
[3677457211842904551866597394011322363734149066298129636409135065000574093067373756939088169288136711501273463511956131498726386471815944152540090264024786242761947332571926581023045014976645589193168087792840538058704214567861087949286047175423001468119743068086025360924135829350078506513355520653749 0 0 0 0 0 0 0 0 0 0 0 0 0 0 0 0 0 0 0 0 0 0 0 0 0 0 0 0 0 0 0 0 0 0 0 0 0 0 0 0 0 0 0 0 0 0 0 0 0 0 0 0 0 0 1 0 0 0 0 0 0 0 0 0 0 0 0 0 0 0 0 0 0 0 0 0 0 0 0 0 0 0 0 0 0 0 0 0 0 0 0 0 0 0 0 0 0 0 0]
[2035297713709611134715801667243866096600883300786297697677424441181079506102884798202924487747903059527835104630988555683613446428926992638221021715998614635332159025497202037370245485976924770352170916395697589603791724056057258211843753468259195567095367092843628917853487952492766381835370843295854 0 0 0 0 0 0 0 0 0 0 0 0 0 0 0 0 0 0 0 0 0 0 0 0 0 0 0 0 0 0 0 0 0 0 0 0 0 0 0 0 0 0 0 0 0 0 0 0 0 0 0 0 0 0 0 1 0 0 0 0 0 0 0 0 0 0 0 0 0 0 0 0 0 0 0 0 0 0 0 0 0 0 0 0 0 0 0 0 0 0 0 0 0 0 0 0 0 0 0]
[410514148525186401709992990423487310766740151070447344864329242202661523595472658191268977905538444271920351866759908446373000927009877800375114741932139265896796922091543792538843240809510516640441427569486369272467900872404179733449009297773027927878509377037279408403006080050627296195286067314881 0 0 0 0 0 0 0 0 0 0 0 0 0 0 0 0 0 0 0 0 0 0 0 0 0 0 0 0 0 0 0 0 0 0 0 0 0 0 0 0 0 0 0 0 0 0 0 0 0 0 0 0 0 0 0 0 1 0 0 0 0 0 0 0 0 0 0 0 0 0 0 0 0 0 0 0 0 0 0 0 0 0 0 0 0 0 0 0 0 0 0 0 0 0 0 0 0 0 0]
[1554309712194385372516385874124118553410647819957410903333326955994858040054018667705038440995684733211589793454332443959244485687033070720411487451675370083578691641444367066953484955928505297819165556626730568478665936603259210596073331428457008406466553985782163437952179570739527510563267325441372 0 0 0 0 0 0 0 0 0 0 0 0 0 0 0 0 0 0 0 0 0 0 0 0 0 0 0 0 0 0 0 0 0 0 0 0 0 0 0 0 0 0 0 0 0 0 0 0 0 0 0 0 0 0 0 0 0 1 0 0 0 0 0 0 0 0 0 0 0 0 0 0 0 0 0 0 0 0 0 0 0 0 0 0 0 0 0 0 0 0 0 0 0 0 0 0 0 0 0]
[4364522754991127734655860258363133692364389097116394970196692609826319282478426279722379412397572598970093474793081260553728207849311601845443902180552490358049949986300250135053477341700113851806895877109501350410735942471888634763235496836704551164740720338168959903474720416569261620613676683851529 0 0 0 0 0 0 0 0 0 0 0 0 0 0 0 0 0 0 0 0 0 0 0 0 0 0 0 0 0 0 0 0 0 0 0 0 0 0 0 0 0 0 0 0 0 0 0 0 0 0 0 0 0 0 0 0 0 0 1 0 0 0 0 0 0 0 0 0 0 0 0 0 0 0 0 0 0 0 0 0 0 0 0 0 0 0 0 0 0 0 0 0 0 0 0 0 0 0 0]
[1198786729905812244058658294459693624251855506950694248696511015411657206252238747003443605051191162720040159690653763260968782950270938022309858340769581122744833145387491272083554240904439907736231962329360259980951944446340375213960336146046906844502793595691747633791921291485475934576903105398163 0 0 0 0 0 0 0 0 0 0 0 0 0 0 0 0 0 0 0 0 0 0 0 0 0 0 0 0 0 0 0 0 0 0 0 0 0 0 0 0 0 0 0 0 0 0 0 0 0 0 0 0 0 0 0 0 0 0 0 1 0 0 0 0 0 0 0 0 0 0 0 0 0 0 0 0 0 0 0 0 0 0 0 0 0 0 0 0 0 0 0 0 0 0 0 0 0 0 0]
[2545111752841900550030021885710635182141595923313984493950329642385100569650736235839845586723002233350916958921164307334333666765521923494135154187246524251380043001475997969684917840491569130632691563463264105025656879480075638869318122235558971547702518957232034720909554978378812080855340293572697 0 0 0 0 0 0 0 0 0 0 0 0 0 0 0 0 0 0 0 0 0 0 0 0 0 0 0 0 0 0 0 0 0 0 0 0 0 0 0 0 0 0 0 0 0 0 0 0 0 0 0 0 0 0 0 0 0 0 0 0 1 0 0 0 0 0 0 0 0 0 0 0 0 0 0 0 0 0 0 0 0 0 0 0 0 0 0 0 0 0 0 0 0 0 0 0 0 0 0]
[3836286297692844433573761036291392348610050789955823218185823614840827090365844684241004789940845936913340458570773035924758611860534582405028563322831404851318195723930243126446983443423636661042437019540573760669353530202430567498049758559620049195535107365739692680863580174672812113741933034634192 0 0 0 0 0 0 0 0 0 0 0 0 0 0 0 0 0 0 0 0 0 0 0 0 0 0 0 0 0 0 0 0 0 0 0 0 0 0 0 0 0 0 0 0 0 0 0 0 0 0 0 0 0 0 0 0 0 0 0 0 0 1 0 0 0 0 0 0 0 0 0 0 0 0 0 0 0 0 0 0 0 0 0 0 0 0 0 0 0 0 0 0 0 0 0 0 0 0 0]
[2559496489513389283440671716525139369859548794972607824360050715188395159333765285819571427804533578907235684669446601113802501154401082553114787748787888204865198014915822040459751816124091632177593334603944319321042262664660746708441757462504778621174131521875648870969396185647139794319877719471708 0 0 0 0 0 0 0 0 0 0 0 0 0 0 0 0 0 0 0 0 0 0 0 0 0 0 0 0 0 0 0 0 0 0 0 0 0 0 0 0 0 0 0 0 0 0 0 0 0 0 0 0 0 0 0 0 0 0 0 0 0 0 1 0 0 0 0 0 0 0 0 0 0 0 0 0 0 0 0 0 0 0 0 0 0 0 0 0 0 0 0 0 0 0 0 0 0 0 0]
[4926671966675769736836724934719570569650935646818112851638644462462435911488496485053052854910136289298832972911427673500782773064648957291750594563247197991007999860997763947606698695181735335780467865856809844504160925526349864163147727646204401534203553984815537518969344303909768189317752525383464 0 0 0 0 0 0 0 0 0 0 0 0 0 0 0 0 0 0 0 0 0 0 0 0 0 0 0 0 0 0 0 0 0 0 0 0 0 0 0 0 0 0 0 0 0 0 0 0 0 0 0 0 0 0 0 0 0 0 0 0 0 0 0 1 0 0 0 0 0 0 0 0 0 0 0 0 0 0 0 0 0 0 0 0 0 0 0 0 0 0 0 0 0 0 0 0 0 0 0]
[3124657591617259610543445204710140298202630631357694194055878405705842951953686795899403675775706367423788915298007891182769230861714812843985193784910728496095778139232940207938636374278521572506111545874644180486673210226852407759502110998140023484856189307787640373330678911677895168387784549780818 0 0 0 0 0 0 0 0 0 0 0 0 0 0 0 0 0 0 0 0 0 0 0 0 0 0 0 0 0 0 0 0 0 0 0 0 0 0 0 0 0 0 0 0 0 0 0 0 0 0 0 0 0 0 0 0 0 0 0 0 0 0 0 0 1 0 0 0 0 0 0 0 0 0 0 0 0 0 0 0 0 0 0 0 0 0 0 0 0 0 0 0 0 0 0 0 0 0 0]
[2075802109042384523461998867475809454394288631158660854881848761262971074922149860410595315539997761202001601910802180718361094923290520726635725991402402612106968020391422687150642760829640339261268155661988456145428320219432838541979907391308706031139298278217734491758819286331589840253276347941210 0 0 0 0 0 0 0 0 0 0 0 0 0 0 0 0 0 0 0 0 0 0 0 0 0 0 0 0 0 0 0 0 0 0 0 0 0 0 0 0 0 0 0 0 0 0 0 0 0 0 0 0 0 0 0 0 0 0 0 0 0 0 0 0 0 1 0 0 0 0 0 0 0 0 0 0 0 0 0 0 0 0 0 0 0 0 0 0 0 0 0 0 0 0 0 0 0 0 0]
[4046824244857472539359420776976567531838155958116146956710385688325496117632448427682369000474040561152713861047360641600047177089543753779102373565065176970998599254943784070628768803848771323350842850145031158725441788096631754627006657496059429571676938028584492201520100509050505141377569774277121 0 0 0 0 0 0 0 0 0 0 0 0 0 0 0 0 0 0 0 0 0 0 0 0 0 0 0 0 0 0 0 0 0 0 0 0 0 0 0 0 0 0 0 0 0 0 0 0 0 0 0 0 0 0 0 0 0 0 0 0 0 0 0 0 0 0 1 0 0 0 0 0 0 0 0 0 0 0 0 0 0 0 0 0 0 0 0 0 0 0 0 0 0 0 0 0 0 0 0]
[2101801764544414963764686318727197763805042317322372009603645571621569458158686545534552401185807439554751555824130484999028615514143442011891036228604637976594200324042909653710531745811944632602272179786057600537182073165539261033698906693910720369494850590659832465676556724232232732169534414783424 0 0 0 0 0 0 0 0 0 0 0 0 0 0 0 0 0 0 0 0 0 0 0 0 0 0 0 0 0 0 0 0 0 0 0 0 0 0 0 0 0 0 0 0 0 0 0 0 0 0 0 0 0 0 0 0 0 0 0 0 0 0 0 0 0 0 0 1 0 0 0 0 0 0 0 0 0 0 0 0 0 0 0 0 0 0 0 0 0 0 0 0 0 0 0 0 0 0 0]
[4593463923809520101523112370912433788092799564005453751641081908825110487132475514712267606819920072289360399121166362692334077717737761794877952713839543470700332917488558776359336907853877918679710210944105324628825345902156711417240048493865146270613135100862215338917494353707903644318085829364372 0 0 0 0 0 0 0 0 0 0 0 0 0 0 0 0 0 0 0 0 0 0 0 0 0 0 0 0 0 0 0 0 0 0 0 0 0 0 0 0 0 0 0 0 0 0 0 0 0 0 0 0 0 0 0 0 0 0 0 0 0 0 0 0 0 0 0 0 1 0 0 0 0 0 0 0 0 0 0 0 0 0 0 0 0 0 0 0 0 0 0 0 0 0 0 0 0 0 0]
[4551184624318764197280276645720995526291459583862664839447176139012230875659513437882945060810089636287037603732172404331582799155307293952036137449982027709903648909584557248074916375251111195390228306785614184643836800049871517589803766319607205592317813544131171245815160039218063235350234962059757 0 0 0 0 0 0 0 0 0 0 0 0 0 0 0 0 0 0 0 0 0 0 0 0 0 0 0 0 0 0 0 0 0 0 0 0 0 0 0 0 0 0 0 0 0 0 0 0 0 0 0 0 0 0 0 0 0 0 0 0 0 0 0 0 0 0 0 0 0 1 0 0 0 0 0 0 0 0 0 0 0 0 0 0 0 0 0 0 0 0 0 0 0 0 0 0 0 0 0]
[4222252045906546888646173492849373084909924298020513372520331768950300318663536632750369529880136489167624490924818326617689822112881927509630405540762803044527834127821525405687594285556512086008211088571436779217574340596410915978521907599487356893241765776823614504359023818020751135876061926129519 0 0 0 0 0 0 0 0 0 0 0 0 0 0 0 0 0 0 0 0 0 0 0 0 0 0 0 0 0 0 0 0 0 0 0 0 0 0 0 0 0 0 0 0 0 0 0 0 0 0 0 0 0 0 0 0 0 0 0 0 0 0 0 0 0 0 0 0 0 0 1 0 0 0 0 0 0 0 0 0 0 0 0 0 0 0 0 0 0 0 0 0 0 0 0 0 0 0 0]
[1264043827059878890059647719537430010315270795237674488237163573611288813880705623572027064809375475749581572924670907589954439063953415355405696970550229670347219870334850325683902898815061349240631215319947335890089266624361106075911230181657498949480459769122644253859019557272205301835640840540825 0 0 0 0 0 0 0 0 0 0 0 0 0 0 0 0 0 0 0 0 0 0 0 0 0 0 0 0 0 0 0 0 0 0 0 0 0 0 0 0 0 0 0 0 0 0 0 0 0 0 0 0 0 0 0 0 0 0 0 0 0 0 0 0 0 0 0 0 0 0 0 1 0 0 0 0 0 0 0 0 0 0 0 0 0 0 0 0 0 0 0 0 0 0 0 0 0 0 0]
[2152762533187690253237264031573289575845254513063347355022427899959345704389352993006891677272760700842668792381731023487156421582370666903187683033153731536225723479409888365959399101728312530132850701213965764352589412512381693450104766254690353596761034344281874037559211334366438082055013067876893 0 0 0 0 0 0 0 0 0 0 0 0 0 0 0 0 0 0 0 0 0 0 0 0 0 0 0 0 0 0 0 0 0 0 0 0 0 0 0 0 0 0 0 0 0 0 0 0 0 0 0 0 0 0 0 0 0 0 0 0 0 0 0 0 0 0 0 0 0 0 0 0 1 0 0 0 0 0 0 0 0 0 0 0 0 0 0 0 0 0 0 0 0 0 0 0 0 0 0]
[1865409488629340695529728341849783979453379943452609024791209948784529693285110025620768544870652160369231878388587415119410269598976679185061786852116834709558324755548654654790852196893160332651350586784750439951217095762202837663519844494154057409637908933202078304956917462006087605953056151606073 0 0 0 0 0 0 0 0 0 0 0 0 0 0 0 0 0 0 0 0 0 0 0 0 0 0 0 0 0 0 0 0 0 0 0 0 0 0 0 0 0 0 0 0 0 0 0 0 0 0 0 0 0 0 0 0 0 0 0 0 0 0 0 0 0 0 0 0 0 0 0 0 0 1 0 0 0 0 0 0 0 0 0 0 0 0 0 0 0 0 0 0 0 0 0 0 0 0 0]
[1256536676744693067289524422931594804714088553734494989000054276157503202370356963342242591737358358765298638761358474207475768427380104789464627556213442733156623912757726382899454187960273043171400516280553785966915276741164890860825483535155083793829014653209124124668149440563049790056392510556113 0 0 0 0 0 0 0 0 0 0 0 0 0 0 0 0 0 0 0 0 0 0 0 0 0 0 0 0 0 0 0 0 0 0 0 0 0 0 0 0 0 0 0 0 0 0 0 0 0 0 0 0 0 0 0 0 0 0 0 0 0 0 0 0 0 0 0 0 0 0 0 0 0 0 1 0 0 0 0 0 0 0 0 0 0 0 0 0 0 0 0 0 0 0 0 0 0 0 0]
[4373721232578238275813387323202113583564240773404058707236677652929340896485814550410696111864650041990058667574647001706611053568188644369474104781698017121137305855615691663180566246809367831765130529466688616007125157706899515367518621088405947219771198160181541409182913109210838903065516698861910 0 0 0 0 0 0 0 0 0 0 0 0 0 0 0 0 0 0 0 0 0 0 0 0 0 0 0 0 0 0 0 0 0 0 0 0 0 0 0 0 0 0 0 0 0 0 0 0 0 0 0 0 0 0 0 0 0 0 0 0 0 0 0 0 0 0 0 0 0 0 0 0 0 0 0 1 0 0 0 0 0 0 0 0 0 0 0 0 0 0 0 0 0 0 0 0 0 0 0]
[4704501171560044624637644174409715630509225734881588627662477993395888460935255091509825167396726600846592006598176014160948369354495953432873799341245884692339957923621356580470228579619730453378518629249318865488496826154400327840042773154240382279882228320650671820201485792038119548753897513697033 0 0 0 0 0 0 0 0 0 0 0 0 0 0 0 0 0 0 0 0 0 0 0 0 0 0 0 0 0 0 0 0 0 0 0 0 0 0 0 0 0 0 0 0 0 0 0 0 0 0 0 0 0 0 0 0 0 0 0 0 0 0 0 0 0 0 0 0 0 0 0 0 0 0 0 0 1 0 0 0 0 0 0 0 0 0 0 0 0 0 0 0 0 0 0 0 0 0 0]
[2263909663520853462334316606015939323189964079714794763142285586842215787348228098000414448826202179125230086461146081842460934673217261134783798922028795339337948504831364369101992541037203450847340150968821175073539538070278031054295672242640067495935673862086334744030567567401274884771054696339832 0 0 0 0 0 0 0 0 0 0 0 0 0 0 0 0 0 0 0 0 0 0 0 0 0 0 0 0 0 0 0 0 0 0 0 0 0 0 0 0 0 0 0 0 0 0 0 0 0 0 0 0 0 0 0 0 0 0 0 0 0 0 0 0 0 0 0 0 0 0 0 0 0 0 0 0 0 1 0 0 0 0 0 0 0 0 0 0 0 0 0 0 0 0 0 0 0 0 0]
[4547904290459766495583562520840310522740717913938680778406661247739941396406889128640143455218742425926610298599039707907441370699788463090881752274472904189708940691845343578432416081063104592712719834242005522976424061035087844275204634581478687330476471377708139563274369196184295254319457658785221 0 0 0 0 0 0 0 0 0 0 0 0 0 0 0 0 0 0 0 0 0 0 0 0 0 0 0 0 0 0 0 0 0 0 0 0 0 0 0 0 0 0 0 0 0 0 0 0 0 0 0 0 0 0 0 0 0 0 0 0 0 0 0 0 0 0 0 0 0 0 0 0 0 0 0 0 0 0 1 0 0 0 0 0 0 0 0 0 0 0 0 0 0 0 0 0 0 0 0]
[5074247117714550351410079828396065271071315045221573023233982571689481368358588811078068675590004863608156205041564348077734961766594058982570418645949804110426998078270030141174594712508982600652761425582977151244302933637257865653869408370654428675077469403947603387717613282117563007200256865052538 0 0 0 0 0 0 0 0 0 0 0 0 0 0 0 0 0 0 0 0 0 0 0 0 0 0 0 0 0 0 0 0 0 0 0 0 0 0 0 0 0 0 0 0 0 0 0 0 0 0 0 0 0 0 0 0 0 0 0 0 0 0 0 0 0 0 0 0 0 0 0 0 0 0 0 0 0 0 0 1 0 0 0 0 0 0 0 0 0 0 0 0 0 0 0 0 0 0 0]
[4144442658814539620351014127195849796166867881143110791701765865277828268730874679898940221484144977756672239915712078347756547032431177747953083954644083086169191352374212342843327747306967698111429377068262381637983647638796587445568573707648275970124104114371425178486504795166012120497541975212108 0 0 0 0 0 0 0 0 0 0 0 0 0 0 0 0 0 0 0 0 0 0 0 0 0 0 0 0 0 0 0 0 0 0 0 0 0 0 0 0 0 0 0 0 0 0 0 0 0 0 0 0 0 0 0 0 0 0 0 0 0 0 0 0 0 0 0 0 0 0 0 0 0 0 0 0 0 0 0 0 1 0 0 0 0 0 0 0 0 0 0 0 0 0 0 0 0 0 0]
[937834595457011411005355572658760971672224920675148398891409919272010403465785919243595522088982945378315850317182141628929108320288443269034690595358859399490999429841156591002488765774741721164603651140575623307778261508782976461468027803721337564834038035596963371908294181846460479082260795067816 0 0 0 0 0 0 0 0 0 0 0 0 0 0 0 0 0 0 0 0 0 0 0 0 0 0 0 0 0 0 0 0 0 0 0 0 0 0 0 0 0 0 0 0 0 0 0 0 0 0 0 0 0 0 0 0 0 0 0 0 0 0 0 0 0 0 0 0 0 0 0 0 0 0 0 0 0 0 0 0 0 1 0 0 0 0 0 0 0 0 0 0 0 0 0 0 0 0 0]
[3220437588164713296538470318529466473299070825234246849473536545200119190074688338987996361694571270454192108633870575034288514579146566700530493446175013567424539238089398008150468167523673359754300872406179059294634723928333384531738267037202437780568987797544921891599404111252677204667726385836600 0 0 0 0 0 0 0 0 0 0 0 0 0 0 0 0 0 0 0 0 0 0 0 0 0 0 0 0 0 0 0 0 0 0 0 0 0 0 0 0 0 0 0 0 0 0 0 0 0 0 0 0 0 0 0 0 0 0 0 0 0 0 0 0 0 0 0 0 0 0 0 0 0 0 0 0 0 0 0 0 0 0 1 0 0 0 0 0 0 0 0 0 0 0 0 0 0 0 0]
[961707153503631416731469504179251760934613250380047037026335263459168804737228523253678152623041720997579076338005452477513741009869871904685977648669654588442706573030297005501051015362018973460709442144664222016439992135924417509451108166609021267616800404320855561199851223784860970053164262295118 0 0 0 0 0 0 0 0 0 0 0 0 0 0 0 0 0 0 0 0 0 0 0 0 0 0 0 0 0 0 0 0 0 0 0 0 0 0 0 0 0 0 0 0 0 0 0 0 0 0 0 0 0 0 0 0 0 0 0 0 0 0 0 0 0 0 0 0 0 0 0 0 0 0 0 0 0 0 0 0 0 0 0 1 0 0 0 0 0 0 0 0 0 0 0 0 0 0 0]
[4908523754158594497429001638183581303791620827143085119901698696485103409203139126566575771935487267118561489220082152699181741670095040484888889703483309536974594673348855172507357543692464866110960167033980054656425020267346569296553102411549858525155119244941545142086750283473906253554419666361558 0 0 0 0 0 0 0 0 0 0 0 0 0 0 0 0 0 0 0 0 0 0 0 0 0 0 0 0 0 0 0 0 0 0 0 0 0 0 0 0 0 0 0 0 0 0 0 0 0 0 0 0 0 0 0 0 0 0 0 0 0 0 0 0 0 0 0 0 0 0 0 0 0 0 0 0 0 0 0 0 0 0 0 0 1 0 0 0 0 0 0 0 0 0 0 0 0 0 0]
[2708440638996072023849547771483958350378912749462332298093776650922985584281020934814778931997177420424238883823528636951406148665212928303741133220035911632637675319139125333093892019055135932732465836593166678462763831543519581915917226392350271723397774649222431306687277687242029365927025699380028 0 0 0 0 0 0 0 0 0 0 0 0 0 0 0 0 0 0 0 0 0 0 0 0 0 0 0 0 0 0 0 0 0 0 0 0 0 0 0 0 0 0 0 0 0 0 0 0 0 0 0 0 0 0 0 0 0 0 0 0 0 0 0 0 0 0 0 0 0 0 0 0 0 0 0 0 0 0 0 0 0 0 0 0 0 1 0 0 0 0 0 0 0 0 0 0 0 0 0]
[3945498551254488922879801524254064488345852402113105032196454372836465668392889915302960559005010248033627804475959223493849739182595308508822699238118627472386918370062517372029004558273447356514363046629920006015205524146658648957920354422285857409109463868210506549194973368045057614076758746407328 0 0 0 0 0 0 0 0 0 0 0 0 0 0 0 0 0 0 0 0 0 0 0 0 0 0 0 0 0 0 0 0 0 0 0 0 0 0 0 0 0 0 0 0 0 0 0 0 0 0 0 0 0 0 0 0 0 0 0 0 0 0 0 0 0 0 0 0 0 0 0 0 0 0 0 0 0 0 0 0 0 0 0 0 0 0 1 0 0 0 0 0 0 0 0 0 0 0 0]
[226884779919712007431062746371514360524622630266433231410005970494437042874290228096609925521269737401265698826891715662440701839915079389815337062483005826525771492101127826310825347152146235835610704517078489853358316590956380909610473630612116177134660174195965316304324143565116764552419291906664 0 0 0 0 0 0 0 0 0 0 0 0 0 0 0 0 0 0 0 0 0 0 0 0 0 0 0 0 0 0 0 0 0 0 0 0 0 0 0 0 0 0 0 0 0 0 0 0 0 0 0 0 0 0 0 0 0 0 0 0 0 0 0 0 0 0 0 0 0 0 0 0 0 0 0 0 0 0 0 0 0 0 0 0 0 0 0 1 0 0 0 0 0 0 0 0 0 0 0]
[136103764323595848858655687809879708151754970324642398281519802992686906254139558092647403980494644573318939391330694244734617242196467532162545868337627898535382669697734632510118417363706862141754382064155914689836450606828555214887128726546569420536617371504580032605119884829875196819653502610480 0 0 0 0 0 0 0 0 0 0 0 0 0 0 0 0 0 0 0 0 0 0 0 0 0 0 0 0 0 0 0 0 0 0 0 0 0 0 0 0 0 0 0 0 0 0 0 0 0 0 0 0 0 0 0 0 0 0 0 0 0 0 0 0 0 0 0 0 0 0 0 0 0 0 0 0 0 0 0 0 0 0 0 0 0 0 0 0 1 0 0 0 0 0 0 0 0 0 0]
[2384416073455436681964906490501495840392731719321119887173689166289447466046359601522655240865444420101315515833297234105613860464981712179902581797959300670631073848065141823126545864799472023598942822046633399720867081428180389699882531948297085097025302111103053434735058177255537978336674318087328 0 0 0 0 0 0 0 0 0 0 0 0 0 0 0 0 0 0 0 0 0 0 0 0 0 0 0 0 0 0 0 0 0 0 0 0 0 0 0 0 0 0 0 0 0 0 0 0 0 0 0 0 0 0 0 0 0 0 0 0 0 0 0 0 0 0 0 0 0 0 0 0 0 0 0 0 0 0 0 0 0 0 0 0 0 0 0 0 0 1 0 0 0 0 0 0 0 0 0]
[458431114109864416673680989922197629052136037302069910266551237777999578398106502326889210420645968359677817431336596233976707972077244874434072111541159174465628948600106038546998866802894820908667575714639590132565873781640541168470150013885504376625299008892454499114746736785537567215963138932897 0 0 0 0 0 0 0 0 0 0 0 0 0 0 0 0 0 0 0 0 0 0 0 0 0 0 0 0 0 0 0 0 0 0 0 0 0 0 0 0 0 0 0 0 0 0 0 0 0 0 0 0 0 0 0 0 0 0 0 0 0 0 0 0 0 0 0 0 0 0 0 0 0 0 0 0 0 0 0 0 0 0 0 0 0 0 0 0 0 0 1 0 0 0 0 0 0 0 0]
[2590702241247777617468679708804834426818857967553697009184172200875120546679454413657914487751288333282038314103772113784486297539812977103014366204711879963546026315511600884757205041457832138405664875702739820779245069988112669543597669806693836744919788903401254436889610664564660610540925980299611 0 0 0 0 0 0 0 0 0 0 0 0 0 0 0 0 0 0 0 0 0 0 0 0 0 0 0 0 0 0 0 0 0 0 0 0 0 0 0 0 0 0 0 0 0 0 0 0 0 0 0 0 0 0 0 0 0 0 0 0 0 0 0 0 0 0 0 0 0 0 0 0 0 0 0 0 0 0 0 0 0 0 0 0 0 0 0 0 0 0 0 1 0 0 0 0 0 0 0]
[2161815728151181299536915347546683124861156159956037452701472134522699608755515923362127189674277296981932898169627198311823535130144963277196374745108151735864201421870531208623867728410492926998992401703113853042436555896895879127776239625458910752504158508651702166002314888143045956553565133443665 0 0 0 0 0 0 0 0 0 0 0 0 0 0 0 0 0 0 0 0 0 0 0 0 0 0 0 0 0 0 0 0 0 0 0 0 0 0 0 0 0 0 0 0 0 0 0 0 0 0 0 0 0 0 0 0 0 0 0 0 0 0 0 0 0 0 0 0 0 0 0 0 0 0 0 0 0 0 0 0 0 0 0 0 0 0 0 0 0 0 0 0 1 0 0 0 0 0 0]
[3244385600052631949121777957441291933393464635219153320353853966785407503325839718992834177006278094989633194877491260974065348492396418754971119615642240679078689845774550497409818350812197299051814241389222017421252324483743787784785053155018155778984209927884411032118297843276212730198007525328526 0 0 0 0 0 0 0 0 0 0 0 0 0 0 0 0 0 0 0 0 0 0 0 0 0 0 0 0 0 0 0 0 0 0 0 0 0 0 0 0 0 0 0 0 0 0 0 0 0 0 0 0 0 0 0 0 0 0 0 0 0 0 0 0 0 0 0 0 0 0 0 0 0 0 0 0 0 0 0 0 0 0 0 0 0 0 0 0 0 0 0 0 0 1 0 0 0 0 0]
[3523144541959838643803062487441214169798206346383185691004683221175504894680222148836163019866831837391196707099744852995494204675427203528000658812662634717087623170467665246121111959950321667024198032767929097230329696250299948017249674049302817682506450737805554312271527627861608006378502031381743 0 0 0 0 0 0 0 0 0 0 0 0 0 0 0 0 0 0 0 0 0 0 0 0 0 0 0 0 0 0 0 0 0 0 0 0 0 0 0 0 0 0 0 0 0 0 0 0 0 0 0 0 0 0 0 0 0 0 0 0 0 0 0 0 0 0 0 0 0 0 0 0 0 0 0 0 0 0 0 0 0 0 0 0 0 0 0 0 0 0 0 0 0 0 1 0 0 0 0]
[1969796868386526501455510601946389786783337275895932682031111299025779457768216273759598166475325615163944700141581641455869063925566518749172745372081675920015363949618272272688364531503457131151164311913146887334087505433507218832984152808908774651139700918677843223716749444755447958459459719647704 0 0 0 0 0 0 0 0 0 0 0 0 0 0 0 0 0 0 0 0 0 0 0 0 0 0 0 0 0 0 0 0 0 0 0 0 0 0 0 0 0 0 0 0 0 0 0 0 0 0 0 0 0 0 0 0 0 0 0 0 0 0 0 0 0 0 0 0 0 0 0 0 0 0 0 0 0 0 0 0 0 0 0 0 0 0 0 0 0 0 0 0 0 0 0 1 0 0 0]
[1400909593490229144762777949393787113164189147840975311373137759911625693040920639507485656617264092710108617951598677752271124457294240773977704538277378668383773045303115569339371353864697412680516132946597031850218869337660657955566236279719445965112788164011961127607967502666455777466721233857385 0 0 0 0 0 0 0 0 0 0 0 0 0 0 0 0 0 0 0 0 0 0 0 0 0 0 0 0 0 0 0 0 0 0 0 0 0 0 0 0 0 0 0 0 0 0 0 0 0 0 0 0 0 0 0 0 0 0 0 0 0 0 0 0 0 0 0 0 0 0 0 0 0 0 0 0 0 0 0 0 0 0 0 0 0 0 0 0 0 0 0 0 0 0 0 0 1 0 0]
[2710273160170789789374623146265561742877291528427310206322385094331676007398665176617420477022645734409431708450510058717714674400109696538422280133536695061919165312592619825645828626161755267495420736656098908306129893819458832879546875682349627444130653412136830802792684778890073675117413315480131 0 0 0 0 0 0 0 0 0 0 0 0 0 0 0 0 0 0 0 0 0 0 0 0 0 0 0 0 0 0 0 0 0 0 0 0 0 0 0 0 0 0 0 0 0 0 0 0 0 0 0 0 0 0 0 0 0 0 0 0 0 0 0 0 0 0 0 0 0 0 0 0 0 0 0 0 0 0 0 0 0 0 0 0 0 0 0 0 0 0 0 0 0 0 0 0 0 1 0]
[5121560188864591359805646581989139060898111893541791404519278064122255668613545156495004870780550668239689692405997116221018468523415031656169477291653583972586264284046977364736091467579175084847631180769105491511357096621970108885529881163226541534061696750476681950855764358096867698452197453692692 0 0 0 0 0 0 0 0 0 0 0 0 0 0 0 0 0 0 0 0 0 0 0 0 0 0 0 0 0 0 0 0 0 0 0 0 0 0 0 0 0 0 0 0 0 0 0 0 0 0 0 0 0 0 0 0 0 0 0 0 0 0 0 0 0 0 0 0 0 0 0 0 0 0 0 0 0 0 0 0 0 0 0 0 0 0 0 0 0 0 0 0 0 0 0 0 0 0 1]
]
