[[6767906765211391944071747210872516370037786212530816526976459591426087547602493051916042434364101379138729322275633594810482420776675696772858058242720137509809075281465648020238236255876513594472384754875611294082335692934706456866803537980452904809876604083834629195910226421211874553908054395498113 0 0 0 0 0 0 0 0 0 0 0 0 0 0 0 0 0 0 0 0 0 0 0 0 0 0 0 0 0 0 0 0 0 0 0 0 0 0 0 0 0 0 0 0 0 0 0 0 0 0 0 0 0 0 0 0 0 0 0 0 0 0 0 0 0 0 0 0 0 0 0 0 0 0 0 0 0 0 0 0 0 0 0 0 0 0 0 0 0 0 0 0 0 0 0 0 0 0 0]
[4490143987296423949749747146676902551099335971134446568335521031855696246638364636401086973296170328747682237383233493766137301287763941770063501167754218866376951989692149167916856396923093022089610536666691140008019453434151463692942075396590424401960462592696613443676401900657420395603654261405664 1 0 0 0 0 0 0 0 0 0 0 0 0 0 0 0 0 0 0 0 0 0 0 0 0 0 0 0 0 0 0 0 0 0 0 0 0 0 0 0 0 0 0 0 0 0 0 0 0 0 0 0 0 0 0 0 0 0 0 0 0 0 0 0 0 0 0 0 0 0 0 0 0 0 0 0 0 0 0 0 0 0 0 0 0 0 0 0 0 0 0 0 0 0 0 0 0 0 0]
[2403398611609767733531077588592048959645132774367089629846904364752606776854821103478133226957312423398844489997335520732105126686887901987699297729749815150647288112168387360363342122742751982337147917121769991949166379256919895934947696960157826543791032763585728060116708281396525656545579261611865 0 1 0 0 0 0 0 0 0 0 0 0 0 0 0 0 0 0 0 0 0 0 0 0 0 0 0 0 0 0 0 0 0 0 0 0 0 0 0 0 0 0 0 0 0 0 0 0 0 0 0 0 0 0 0 0 0 0 0 0 0 0 0 0 0 0 0 0 0 0 0 0 0 0 0 0 0 0 0 0 0 0 0 0 0 0 0 0 0 0 0 0 0 0 0 0 0 0 0]
[5719997034143223794121115802376063523377074815443014486785945503154602373495947080543240173746079351175633111783261244032132508088546298132563549793559925186695771022217068403390948695315825009250910856421828302600681027881332794331215274963809680502301819561192644012165594808001636998846788857279070 0 0 1 0 0 0 0 0 0 0 0 0 0 0 0 0 0 0 0 0 0 0 0 0 0 0 0 0 0 0 0 0 0 0 0 0 0 0 0 0 0 0 0 0 0 0 0 0 0 0 0 0 0 0 0 0 0 0 0 0 0 0 0 0 0 0 0 0 0 0 0 0 0 0 0 0 0 0 0 0 0 0 0 0 0 0 0 0 0 0 0 0 0 0 0 0 0 0 0]
[2171855301255982793844019447368013911568751076098895841333004080288545739576940593250839819001453838493818041898878129313157176086918095206173927301317463538544656794571334807947470377860723919642157023749582514895124068024955161717980220841422646755533181221921373084082409617633700843079895799986752 0 0 0 1 0 0 0 0 0 0 0 0 0 0 0 0 0 0 0 0 0 0 0 0 0 0 0 0 0 0 0 0 0 0 0 0 0 0 0 0 0 0 0 0 0 0 0 0 0 0 0 0 0 0 0 0 0 0 0 0 0 0 0 0 0 0 0 0 0 0 0 0 0 0 0 0 0 0 0 0 0 0 0 0 0 0 0 0 0 0 0 0 0 0 0 0 0 0 0]
[3600859458287771297076627321822381064399271515717102780501684044179468013198062790062374588162040414777907712855321943518771998277109692184753126359153966541540960684591043754736526032975116958310919648873596279160011278601092708790304873605886117930375726635708060753705820316668292813690998890942078 0 0 0 0 1 0 0 0 0 0 0 0 0 0 0 0 0 0 0 0 0 0 0 0 0 0 0 0 0 0 0 0 0 0 0 0 0 0 0 0 0 0 0 0 0 0 0 0 0 0 0 0 0 0 0 0 0 0 0 0 0 0 0 0 0 0 0 0 0 0 0 0 0 0 0 0 0 0 0 0 0 0 0 0 0 0 0 0 0 0 0 0 0 0 0 0 0 0 0]
[1900622184207602872380925914386606106871129176633430217774683741436214152154989912019970145229673716381448571955534879389916294204134625987603379928667882861914535642749591268840251672938684711632370538788735343160407406531277729144470244453242916579641535651036598290786566966628728212251372824383489 0 0 0 0 0 1 0 0 0 0 0 0 0 0 0 0 0 0 0 0 0 0 0 0 0 0 0 0 0 0 0 0 0 0 0 0 0 0 0 0 0 0 0 0 0 0 0 0 0 0 0 0 0 0 0 0 0 0 0 0 0 0 0 0 0 0 0 0 0 0 0 0 0 0 0 0 0 0 0 0 0 0 0 0 0 0 0 0 0 0 0 0 0 0 0 0 0 0 0]
[3764276011309585538941703122356692907063161843332259037697292181213806216218788873454582319563774731777139035483703881477478898501070104047554486329506751955929943358568945884285770140046866979833922472600083193989118371466944201101286568921312431758246049060074340538123702169325068535532551298393877 0 0 0 0 0 0 1 0 0 0 0 0 0 0 0 0 0 0 0 0 0 0 0 0 0 0 0 0 0 0 0 0 0 0 0 0 0 0 0 0 0 0 0 0 0 0 0 0 0 0 0 0 0 0 0 0 0 0 0 0 0 0 0 0 0 0 0 0 0 0 0 0 0 0 0 0 0 0 0 0 0 0 0 0 0 0 0 0 0 0 0 0 0 0 0 0 0 0 0]
[1811640997871045779587816147919167189712828713474880333953625708352509114708396411563176506672285909108614080928314536081870677513436507816538351255105007968539292424610384485663421432004765058306623927557545185411937704599926218616886277438334391726757627384261017130048206831198921779074170876081841 0 0 0 0 0 0 0 1 0 0 0 0 0 0 0 0 0 0 0 0 0 0 0 0 0 0 0 0 0 0 0 0 0 0 0 0 0 0 0 0 0 0 0 0 0 0 0 0 0 0 0 0 0 0 0 0 0 0 0 0 0 0 0 0 0 0 0 0 0 0 0 0 0 0 0 0 0 0 0 0 0 0 0 0 0 0 0 0 0 0 0 0 0 0 0 0 0 0 0]
[5907366327408975487693396595613502377601711111994710924013315495669508208534162320757273166794454771615598282361021837969459537672620150938187611587003891731481049069269391646883460427350806347861470742639314505799017862034070563169897590699467169269101469192824049267674037406336637599343214268410092 0 0 0 0 0 0 0 0 1 0 0 0 0 0 0 0 0 0 0 0 0 0 0 0 0 0 0 0 0 0 0 0 0 0 0 0 0 0 0 0 0 0 0 0 0 0 0 0 0 0 0 0 0 0 0 0 0 0 0 0 0 0 0 0 0 0 0 0 0 0 0 0 0 0 0 0 0 0 0 0 0 0 0 0 0 0 0 0 0 0 0 0 0 0 0 0 0 0 0]
[6007595946455254675752179092183046846048178964769780125297398395585802657319843265659287881086212626357828025370171982028778034714103235957028350022352935719103631943495749677749260060740034747892144382448636617697751898222456833995735026179766359104474018069176886800876680819041014554524507735951963 0 0 0 0 0 0 0 0 0 1 0 0 0 0 0 0 0 0 0 0 0 0 0 0 0 0 0 0 0 0 0 0 0 0 0 0 0 0 0 0 0 0 0 0 0 0 0 0 0 0 0 0 0 0 0 0 0 0 0 0 0 0 0 0 0 0 0 0 0 0 0 0 0 0 0 0 0 0 0 0 0 0 0 0 0 0 0 0 0 0 0 0 0 0 0 0 0 0 0]
[4263069267984767132297480358924997944191379853048451364062466754371527543606145696298329229396461118388428716016744082144140861623304805576637291756286065271451694170909542920281815238601761109793553311933984403717659431840616970154458265984155723885007017456924802952414921540461557400181678957649200 0 0 0 0 0 0 0 0 0 0 1 0 0 0 0 0 0 0 0 0 0 0 0 0 0 0 0 0 0 0 0 0 0 0 0 0 0 0 0 0 0 0 0 0 0 0 0 0 0 0 0 0 0 0 0 0 0 0 0 0 0 0 0 0 0 0 0 0 0 0 0 0 0 0 0 0 0 0 0 0 0 0 0 0 0 0 0 0 0 0 0 0 0 0 0 0 0 0 0]
[2676307828672571775289783947999796050549615564362738979785507707722622771854725304180363189576474224366319689621790060689131230592594810007894700577280085610612515307280828708966174647063291756081825668194179030976105949938985355305105346276101316637901896750052158404049236040410650351965313023461321 0 0 0 0 0 0 0 0 0 0 0 1 0 0 0 0 0 0 0 0 0 0 0 0 0 0 0 0 0 0 0 0 0 0 0 0 0 0 0 0 0 0 0 0 0 0 0 0 0 0 0 0 0 0 0 0 0 0 0 0 0 0 0 0 0 0 0 0 0 0 0 0 0 0 0 0 0 0 0 0 0 0 0 0 0 0 0 0 0 0 0 0 0 0 0 0 0 0 0]
[1918958416895547457417277192915160777411849290579152375719083870626342290804034943193522000558537390956557555666488017012010449566542081953732504982265956813231400259114755313098573277868450505903245317404065975035953884452558786898338065084404271513636094277573350601435549858978050633001166297834589 0 0 0 0 0 0 0 0 0 0 0 0 1 0 0 0 0 0 0 0 0 0 0 0 0 0 0 0 0 0 0 0 0 0 0 0 0 0 0 0 0 0 0 0 0 0 0 0 0 0 0 0 0 0 0 0 0 0 0 0 0 0 0 0 0 0 0 0 0 0 0 0 0 0 0 0 0 0 0 0 0 0 0 0 0 0 0 0 0 0 0 0 0 0 0 0 0 0 0]
[5762163214900729579145451590607805884563873324445745376012059017717293852132258156621529863394540259581900215759755203868911966630250255149022336051795365130322318302699459863026071148478894199478539695425031988501769008037249882640310690043706697224153657767504632303623152623658082673730520898864251 0 0 0 0 0 0 0 0 0 0 0 0 0 1 0 0 0 0 0 0 0 0 0 0 0 0 0 0 0 0 0 0 0 0 0 0 0 0 0 0 0 0 0 0 0 0 0 0 0 0 0 0 0 0 0 0 0 0 0 0 0 0 0 0 0 0 0 0 0 0 0 0 0 0 0 0 0 0 0 0 0 0 0 0 0 0 0 0 0 0 0 0 0 0 0 0 0 0 0]
[5284634698325417292393548722066901476780798818714155180544521914741958570767950434065591395845872075022507307562580904485726628369187920265564743564036553618633031727655678808272121017499862352539745975552200591177707484886692977112200986005500765181530534675837453600367575373402342810730528243574434 0 0 0 0 0 0 0 0 0 0 0 0 0 0 1 0 0 0 0 0 0 0 0 0 0 0 0 0 0 0 0 0 0 0 0 0 0 0 0 0 0 0 0 0 0 0 0 0 0 0 0 0 0 0 0 0 0 0 0 0 0 0 0 0 0 0 0 0 0 0 0 0 0 0 0 0 0 0 0 0 0 0 0 0 0 0 0 0 0 0 0 0 0 0 0 0 0 0 0]
[1923764892770199179487306836314725099099543632033632329068744278851911383710323842462761312270270603165613854332637995526481047221995566262381287550243986626829457043770386981433415108869147788857931740461506269156256333478112730094207333904677568220467218403958767433634170034369551637919797782185553 0 0 0 0 0 0 0 0 0 0 0 0 0 0 0 1 0 0 0 0 0 0 0 0 0 0 0 0 0 0 0 0 0 0 0 0 0 0 0 0 0 0 0 0 0 0 0 0 0 0 0 0 0 0 0 0 0 0 0 0 0 0 0 0 0 0 0 0 0 0 0 0 0 0 0 0 0 0 0 0 0 0 0 0 0 0 0 0 0 0 0 0 0 0 0 0 0 0 0]
[3039321109058955364375770313485536902070966927579682673454381406657362951139633965196071152418694004278911718375614583407868692221120886598355461408493376258649996479882098740420646509710991438881056707084479290160327366379452827458153024823482663718336165101315677846577328109519806092302920044761113 0 0 0 0 0 0 0 0 0 0 0 0 0 0 0 0 1 0 0 0 0 0 0 0 0 0 0 0 0 0 0 0 0 0 0 0 0 0 0 0 0 0 0 0 0 0 0 0 0 0 0 0 0 0 0 0 0 0 0 0 0 0 0 0 0 0 0 0 0 0 0 0 0 0 0 0 0 0 0 0 0 0 0 0 0 0 0 0 0 0 0 0 0 0 0 0 0 0 0]
[2690661085607763718710885288159989029845834024041156795988909726005890289321163533206390529762077938075923646032965739789922853896558855507993698374424717584774200844314710055038447867410198481405917739220796916892726784423575296952470936686304525417545207928925399937539382363823347773211275058037488 0 0 0 0 0 0 0 0 0 0 0 0 0 0 0 0 0 1 0 0 0 0 0 0 0 0 0 0 0 0 0 0 0 0 0 0 0 0 0 0 0 0 0 0 0 0 0 0 0 0 0 0 0 0 0 0 0 0 0 0 0 0 0 0 0 0 0 0 0 0 0 0 0 0 0 0 0 0 0 0 0 0 0 0 0 0 0 0 0 0 0 0 0 0 0 0 0 0 0]
[6480601506081606707040308401016520755205516086386346145707745315674813977696862471676485720024717596160808167074494123020534669792526373944591960915902692917837365666817961489007963452466029727331419609861779612421153669392680870340821855640531443638755349580384000773440398070040601235881934877013889 0 0 0 0 0 0 0 0 0 0 0 0 0 0 0 0 0 0 1 0 0 0 0 0 0 0 0 0 0 0 0 0 0 0 0 0 0 0 0 0 0 0 0 0 0 0 0 0 0 0 0 0 0 0 0 0 0 0 0 0 0 0 0 0 0 0 0 0 0 0 0 0 0 0 0 0 0 0 0 0 0 0 0 0 0 0 0 0 0 0 0 0 0 0 0 0 0 0 0]
[5599119517297639703664566497455841879238473882671951737127005579245903776970743567118858315097222652005923019664737946247890318732079722499049557294400091454329147705774920816998811879541980245621792905284835416962000877246251611306374338696991475389423353738614969120836132958956322775147667868687686 0 0 0 0 0 0 0 0 0 0 0 0 0 0 0 0 0 0 0 1 0 0 0 0 0 0 0 0 0 0 0 0 0 0 0 0 0 0 0 0 0 0 0 0 0 0 0 0 0 0 0 0 0 0 0 0 0 0 0 0 0 0 0 0 0 0 0 0 0 0 0 0 0 0 0 0 0 0 0 0 0 0 0 0 0 0 0 0 0 0 0 0 0 0 0 0 0 0 0]
[4044546798400033045450352310004457098066263228461627738559606492084591659507880897810745222908366414073874005557222576406915804647175861729361317115631877510374002281231298249278246455366074247364336491614064446438489553114151151034197560355860053707805842271299471498286381279140161000781499459900485 0 0 0 0 0 0 0 0 0 0 0 0 0 0 0 0 0 0 0 0 1 0 0 0 0 0 0 0 0 0 0 0 0 0 0 0 0 0 0 0 0 0 0 0 0 0 0 0 0 0 0 0 0 0 0 0 0 0 0 0 0 0 0 0 0 0 0 0 0 0 0 0 0 0 0 0 0 0 0 0 0 0 0 0 0 0 0 0 0 0 0 0 0 0 0 0 0 0 0]
[6585441711124620944459770228402550400431727557185643397527075095662880623087196233542994027314607851660801014321781383161763022877609291775011469111608457445840832279973694921506999634264037474848465774708018361831719442390505214398726008747207915017558938282334810655578857243355092744745318437286914 0 0 0 0 0 0 0 0 0 0 0 0 0 0 0 0 0 0 0 0 0 1 0 0 0 0 0 0 0 0 0 0 0 0 0 0 0 0 0 0 0 0 0 0 0 0 0 0 0 0 0 0 0 0 0 0 0 0 0 0 0 0 0 0 0 0 0 0 0 0 0 0 0 0 0 0 0 0 0 0 0 0 0 0 0 0 0 0 0 0 0 0 0 0 0 0 0 0 0]
[4642134534807099907027477436825294765026911453990528281819175744449040004658756852605126106497060859922940153197989024830172385161914036359583943020759293959691986627026761753935104016862154425387730573786890423398773479438873429726386434903248111943630021532219010486744822834382329525006171559562107 0 0 0 0 0 0 0 0 0 0 0 0 0 0 0 0 0 0 0 0 0 0 1 0 0 0 0 0 0 0 0 0 0 0 0 0 0 0 0 0 0 0 0 0 0 0 0 0 0 0 0 0 0 0 0 0 0 0 0 0 0 0 0 0 0 0 0 0 0 0 0 0 0 0 0 0 0 0 0 0 0 0 0 0 0 0 0 0 0 0 0 0 0 0 0 0 0 0 0]
[1280203220749696104932634515923048023843773162469414337092818816896207738781983404782106174704035079610734983354282480821249948584907689656688898856501604156637682952851204700097590119927347429483946474676173896124863135752962677892517790213736139012798731634685037991894553915817776039939944431426146 0 0 0 0 0 0 0 0 0 0 0 0 0 0 0 0 0 0 0 0 0 0 0 1 0 0 0 0 0 0 0 0 0 0 0 0 0 0 0 0 0 0 0 0 0 0 0 0 0 0 0 0 0 0 0 0 0 0 0 0 0 0 0 0 0 0 0 0 0 0 0 0 0 0 0 0 0 0 0 0 0 0 0 0 0 0 0 0 0 0 0 0 0 0 0 0 0 0 0]
[2233979584385711227521684427524256249737938917595392206344873063803348413741738719652227848819639153594274681058503328671791910266360049833828233486785759646400762736808693059785968212182626779361779722295513879517995120287119839667525447659612660769206637099893697558364036757499414446069401351612596 0 0 0 0 0 0 0 0 0 0 0 0 0 0 0 0 0 0 0 0 0 0 0 0 1 0 0 0 0 0 0 0 0 0 0 0 0 0 0 0 0 0 0 0 0 0 0 0 0 0 0 0 0 0 0 0 0 0 0 0 0 0 0 0 0 0 0 0 0 0 0 0 0 0 0 0 0 0 0 0 0 0 0 0 0 0 0 0 0 0 0 0 0 0 0 0 0 0 0]
[6412283046328070453065308334957593073341352363939634997586574656345800342927756965301379339205260553357402627882627062039295512305753119402047964432033960423709865511805273305880922118239360238672784721277800722626391294849075381269435526753999915823344747164742371537823829039246474144257967130120041 0 0 0 0 0 0 0 0 0 0 0 0 0 0 0 0 0 0 0 0 0 0 0 0 0 1 0 0 0 0 0 0 0 0 0 0 0 0 0 0 0 0 0 0 0 0 0 0 0 0 0 0 0 0 0 0 0 0 0 0 0 0 0 0 0 0 0 0 0 0 0 0 0 0 0 0 0 0 0 0 0 0 0 0 0 0 0 0 0 0 0 0 0 0 0 0 0 0 0]
[3016039965065916990820273185062258923922904180443948256365779959143193831724009264503914500927609989678400787175738999730154750327744710820501679637399412062524029275768513956057168560713232210721148139568609236913490203616667209141273187137129880519126163180246407000129873000221806532530583986594882 0 0 0 0 0 0 0 0 0 0 0 0 0 0 0 0 0 0 0 0 0 0 0 0 0 0 1 0 0 0 0 0 0 0 0 0 0 0 0 0 0 0 0 0 0 0 0 0 0 0 0 0 0 0 0 0 0 0 0 0 0 0 0 0 0 0 0 0 0 0 0 0 0 0 0 0 0 0 0 0 0 0 0 0 0 0 0 0 0 0 0 0 0 0 0 0 0 0 0]
[1256964240280445838219358780939388528776263071212466771993289004772328053198997562409187851174591598935850313588167698200875147788739300602442130860445075464628154446192588902282108063303084664079748877145687244835402957675071169318321209224607669972511224501464856650642779294105674705413181000934786 0 0 0 0 0 0 0 0 0 0 0 0 0 0 0 0 0 0 0 0 0 0 0 0 0 0 0 1 0 0 0 0 0 0 0 0 0 0 0 0 0 0 0 0 0 0 0 0 0 0 0 0 0 0 0 0 0 0 0 0 0 0 0 0 0 0 0 0 0 0 0 0 0 0 0 0 0 0 0 0 0 0 0 0 0 0 0 0 0 0 0 0 0 0 0 0 0 0 0]
[6166599873385388819279202966325410482001090307214204704838618294894146794384707356079258499974440778546064150701611699956929394543288452900948313943719722946792838754583402678998605547764990008117794421117445660466837068056648775401183696143710792307529217544415205471934031215747215978555445960416953 0 0 0 0 0 0 0 0 0 0 0 0 0 0 0 0 0 0 0 0 0 0 0 0 0 0 0 0 1 0 0 0 0 0 0 0 0 0 0 0 0 0 0 0 0 0 0 0 0 0 0 0 0 0 0 0 0 0 0 0 0 0 0 0 0 0 0 0 0 0 0 0 0 0 0 0 0 0 0 0 0 0 0 0 0 0 0 0 0 0 0 0 0 0 0 0 0 0 0]
[4309826105231631074529794362204635151075084601594814134184526712050020395259041162060679106503547852763522121727865787833678615539764770262134150957627018021089768755120232712153982159241430914883986809495651729186639026509420597547325179107013873166030164529100770848919113423570747888056717946462423 0 0 0 0 0 0 0 0 0 0 0 0 0 0 0 0 0 0 0 0 0 0 0 0 0 0 0 0 0 1 0 0 0 0 0 0 0 0 0 0 0 0 0 0 0 0 0 0 0 0 0 0 0 0 0 0 0 0 0 0 0 0 0 0 0 0 0 0 0 0 0 0 0 0 0 0 0 0 0 0 0 0 0 0 0 0 0 0 0 0 0 0 0 0 0 0 0 0 0]
[5288235429857810982423948130537392250358916716791582826363617326901460241774357388136102042251730053384013252044558892153066144512922026566295026105694188030235638322228652621646377772089710916063060810365421361633930595542249623920910475687681791745893122174868176659311955922350894547119268776129996 0 0 0 0 0 0 0 0 0 0 0 0 0 0 0 0 0 0 0 0 0 0 0 0 0 0 0 0 0 0 1 0 0 0 0 0 0 0 0 0 0 0 0 0 0 0 0 0 0 0 0 0 0 0 0 0 0 0 0 0 0 0 0 0 0 0 0 0 0 0 0 0 0 0 0 0 0 0 0 0 0 0 0 0 0 0 0 0 0 0 0 0 0 0 0 0 0 0 0]
[791869033888257906256658695735500160409795695910697606872656653734327581952233154359283889454089632110586770825862416596829706151609377266164170387852406148755010601937297174773196889024982924859298945474553613632220688344313598839008756196248209404786769284994726132143372162162995764217710043994544 0 0 0 0 0 0 0 0 0 0 0 0 0 0 0 0 0 0 0 0 0 0 0 0 0 0 0 0 0 0 0 1 0 0 0 0 0 0 0 0 0 0 0 0 0 0 0 0 0 0 0 0 0 0 0 0 0 0 0 0 0 0 0 0 0 0 0 0 0 0 0 0 0 0 0 0 0 0 0 0 0 0 0 0 0 0 0 0 0 0 0 0 0 0 0 0 0 0 0]
[175705292034242620842998665890456026714251426256937278100063361070837234840167034625093729821551354975443451295350306220038320076506445401680273184045329980163907578653351616559399350901101074073491340282674876065410638823512743467687930841569753512809029595943771311813746827797989108015911290139055 0 0 0 0 0 0 0 0 0 0 0 0 0 0 0 0 0 0 0 0 0 0 0 0 0 0 0 0 0 0 0 0 1 0 0 0 0 0 0 0 0 0 0 0 0 0 0 0 0 0 0 0 0 0 0 0 0 0 0 0 0 0 0 0 0 0 0 0 0 0 0 0 0 0 0 0 0 0 0 0 0 0 0 0 0 0 0 0 0 0 0 0 0 0 0 0 0 0 0]
[980298907620208420925184616055418893662583306413825269767772765039678443749385348990319061702174522742360030942539297783514041114253671211266540801428497567423420912780606037588982487866628398310907401020214363795348243503458014905030380880343997675643337919325201582258345263536074382220322451477284 0 0 0 0 0 0 0 0 0 0 0 0 0 0 0 0 0 0 0 0 0 0 0 0 0 0 0 0 0 0 0 0 0 1 0 0 0 0 0 0 0 0 0 0 0 0 0 0 0 0 0 0 0 0 0 0 0 0 0 0 0 0 0 0 0 0 0 0 0 0 0 0 0 0 0 0 0 0 0 0 0 0 0 0 0 0 0 0 0 0 0 0 0 0 0 0 0 0 0]
[5823439957942852661476052241275883585475829730459724345373036005922982285561893071615819209734624637457731458660445728595073444108523474191044163772121231078888504180720145362385657914370263964901124123770084738524507798776835416346541084119370824677666803240246930166908468391083202768526941884040899 0 0 0 0 0 0 0 0 0 0 0 0 0 0 0 0 0 0 0 0 0 0 0 0 0 0 0 0 0 0 0 0 0 0 1 0 0 0 0 0 0 0 0 0 0 0 0 0 0 0 0 0 0 0 0 0 0 0 0 0 0 0 0 0 0 0 0 0 0 0 0 0 0 0 0 0 0 0 0 0 0 0 0 0 0 0 0 0 0 0 0 0 0 0 0 0 0 0 0]
[629017445758933502849720393882754809091784351556990443464363670726685241178480538682295442141453003753274683243808453127572714627632405319243443398287618860055077286243120661732648232894944838348566778429225235010150991877366835442650893110581699568681611323585390937131694318454964010207427969168135 0 0 0 0 0 0 0 0 0 0 0 0 0 0 0 0 0 0 0 0 0 0 0 0 0 0 0 0 0 0 0 0 0 0 0 1 0 0 0 0 0 0 0 0 0 0 0 0 0 0 0 0 0 0 0 0 0 0 0 0 0 0 0 0 0 0 0 0 0 0 0 0 0 0 0 0 0 0 0 0 0 0 0 0 0 0 0 0 0 0 0 0 0 0 0 0 0 0 0]
[162423625210306931691393275069470586816838473502139583786002218199326727050862403155328517381587828222809301710600025075582506754544244938305964093988774590437781746173089336494520202413337313444112798636153965457217809766802196256923508862733860398989843395525967899284796100535825669227339473454622 0 0 0 0 0 0 0 0 0 0 0 0 0 0 0 0 0 0 0 0 0 0 0 0 0 0 0 0 0 0 0 0 0 0 0 0 1 0 0 0 0 0 0 0 0 0 0 0 0 0 0 0 0 0 0 0 0 0 0 0 0 0 0 0 0 0 0 0 0 0 0 0 0 0 0 0 0 0 0 0 0 0 0 0 0 0 0 0 0 0 0 0 0 0 0 0 0 0 0]
[3592886671748103815160159520131144316791847924114650330467882971611653222919835371764158911235896004902716009409495836178700364473952495864237079510656772237374110555565573701242491116194455436426053440259025780310877425000552301938686618110195374379824300727111484138069856206086357276891823442123969 0 0 0 0 0 0 0 0 0 0 0 0 0 0 0 0 0 0 0 0 0 0 0 0 0 0 0 0 0 0 0 0 0 0 0 0 0 1 0 0 0 0 0 0 0 0 0 0 0 0 0 0 0 0 0 0 0 0 0 0 0 0 0 0 0 0 0 0 0 0 0 0 0 0 0 0 0 0 0 0 0 0 0 0 0 0 0 0 0 0 0 0 0 0 0 0 0 0 0]
[2371606637345043653050484388812323457102216617213723123872549224467629551145547829174492253295085681642418834848982662783858997622751313471485626194883727915344569577526543041115864351655276691908889699791127359643999594698606150229603866826721403625303052507556646643731232462869619451242144253457694 0 0 0 0 0 0 0 0 0 0 0 0 0 0 0 0 0 0 0 0 0 0 0 0 0 0 0 0 0 0 0 0 0 0 0 0 0 0 1 0 0 0 0 0 0 0 0 0 0 0 0 0 0 0 0 0 0 0 0 0 0 0 0 0 0 0 0 0 0 0 0 0 0 0 0 0 0 0 0 0 0 0 0 0 0 0 0 0 0 0 0 0 0 0 0 0 0 0 0]
[861798035268044901003917837446411875499447313419817202989368847897888355733142628077265026355931361020379540917970805537651889735523661324338983412980671233329070822428001236970981661481711041936185529380467154211629079106092237757857347943671629489842687898807721786311645401791096899067772277507744 0 0 0 0 0 0 0 0 0 0 0 0 0 0 0 0 0 0 0 0 0 0 0 0 0 0 0 0 0 0 0 0 0 0 0 0 0 0 0 1 0 0 0 0 0 0 0 0 0 0 0 0 0 0 0 0 0 0 0 0 0 0 0 0 0 0 0 0 0 0 0 0 0 0 0 0 0 0 0 0 0 0 0 0 0 0 0 0 0 0 0 0 0 0 0 0 0 0 0]
[135320213028572834643544033081406378640780370398627242643397124634247075810872346436190869947737553446472744371201554590331983121580048100633918327381225259503255217329919355987761958099502345574218644907532281812938120111044075496323789832874800880263568831463366333106555517502221653165593192904008 0 0 0 0 0 0 0 0 0 0 0 0 0 0 0 0 0 0 0 0 0 0 0 0 0 0 0 0 0 0 0 0 0 0 0 0 0 0 0 0 1 0 0 0 0 0 0 0 0 0 0 0 0 0 0 0 0 0 0 0 0 0 0 0 0 0 0 0 0 0 0 0 0 0 0 0 0 0 0 0 0 0 0 0 0 0 0 0 0 0 0 0 0 0 0 0 0 0 0]
[5428301347750976838045144159521435383150845687383411301173330818982771795890124727295425203391797221241301103393229431524713979417072624269650255292361437108790212549891110134474065388389648805061194698215872025189992131148491212257057439776453531434571306021410133401816694272981279058143251343470105 0 0 0 0 0 0 0 0 0 0 0 0 0 0 0 0 0 0 0 0 0 0 0 0 0 0 0 0 0 0 0 0 0 0 0 0 0 0 0 0 0 1 0 0 0 0 0 0 0 0 0 0 0 0 0 0 0 0 0 0 0 0 0 0 0 0 0 0 0 0 0 0 0 0 0 0 0 0 0 0 0 0 0 0 0 0 0 0 0 0 0 0 0 0 0 0 0 0 0]
[1885261674057434694421847560028008379813908872024352937230663998602161874803913237835294242767281434002545702281316117328098229176310996902500036195802808865506947513671176609291905892656595282101502435407813506101181173952531820939431916151559147683226398583439008925128857627449128604915490717890536 0 0 0 0 0 0 0 0 0 0 0 0 0 0 0 0 0 0 0 0 0 0 0 0 0 0 0 0 0 0 0 0 0 0 0 0 0 0 0 0 0 0 1 0 0 0 0 0 0 0 0 0 0 0 0 0 0 0 0 0 0 0 0 0 0 0 0 0 0 0 0 0 0 0 0 0 0 0 0 0 0 0 0 0 0 0 0 0 0 0 0 0 0 0 0 0 0 0 0]
[5960034769928556968747818939420084305236969947719800840201279207407082767447337914962304345029262652624797800508968581846645892309292640395316101291312277894352798870396192578978073369441180296696294196954712577496236335282965295987547529170382245946909954181313236913151642449091154354721768375851125 0 0 0 0 0 0 0 0 0 0 0 0 0 0 0 0 0 0 0 0 0 0 0 0 0 0 0 0 0 0 0 0 0 0 0 0 0 0 0 0 0 0 0 1 0 0 0 0 0 0 0 0 0 0 0 0 0 0 0 0 0 0 0 0 0 0 0 0 0 0 0 0 0 0 0 0 0 0 0 0 0 0 0 0 0 0 0 0 0 0 0 0 0 0 0 0 0 0 0]
[1588850958729065927577979937931670484716762500473405995227005180990599157945970552108412261023153289094873208222768712519603616242692677870495721823328397492795274771889240381646954799293504761041543064382141029276174343075396230967564622901990206604640157421602601049641381339094945158803989697936907 0 0 0 0 0 0 0 0 0 0 0 0 0 0 0 0 0 0 0 0 0 0 0 0 0 0 0 0 0 0 0 0 0 0 0 0 0 0 0 0 0 0 0 0 1 0 0 0 0 0 0 0 0 0 0 0 0 0 0 0 0 0 0 0 0 0 0 0 0 0 0 0 0 0 0 0 0 0 0 0 0 0 0 0 0 0 0 0 0 0 0 0 0 0 0 0 0 0 0]
[3546207980949067685958759883915101719939102563932069109141645818166022896269736407535355557734531596052566071686721590323291678020010278897183550004720422596549161809407303103249151623486342196803160769358933299378649630745346791283082651084114117219400045951671891967552427519360030243433207988982256 0 0 0 0 0 0 0 0 0 0 0 0 0 0 0 0 0 0 0 0 0 0 0 0 0 0 0 0 0 0 0 0 0 0 0 0 0 0 0 0 0 0 0 0 0 1 0 0 0 0 0 0 0 0 0 0 0 0 0 0 0 0 0 0 0 0 0 0 0 0 0 0 0 0 0 0 0 0 0 0 0 0 0 0 0 0 0 0 0 0 0 0 0 0 0 0 0 0 0]
[3173998633999636951954193384467219219557869081619283850943815905442669914912695166860886748947056276905934121096288233866098999447716209980566444347131936946734484835191132450291208737656761948233356656791254195694712850190926588047408996859708793360153703742802576905212786760876302592067240261372205 0 0 0 0 0 0 0 0 0 0 0 0 0 0 0 0 0 0 0 0 0 0 0 0 0 0 0 0 0 0 0 0 0 0 0 0 0 0 0 0 0 0 0 0 0 0 1 0 0 0 0 0 0 0 0 0 0 0 0 0 0 0 0 0 0 0 0 0 0 0 0 0 0 0 0 0 0 0 0 0 0 0 0 0 0 0 0 0 0 0 0 0 0 0 0 0 0 0 0]
[3102370001978196633937286624807129644120447557116694933214738079159223147710420205449562654740974298196611288913624183896982314755068153502963654154258724305525374058920249195862374149996070262412540927158824278579464345100299857893303597828893781931981585106161671399463092037818033050255882212087203 0 0 0 0 0 0 0 0 0 0 0 0 0 0 0 0 0 0 0 0 0 0 0 0 0 0 0 0 0 0 0 0 0 0 0 0 0 0 0 0 0 0 0 0 0 0 0 1 0 0 0 0 0 0 0 0 0 0 0 0 0 0 0 0 0 0 0 0 0 0 0 0 0 0 0 0 0 0 0 0 0 0 0 0 0 0 0 0 0 0 0 0 0 0 0 0 0 0 0]
[3774445303273691988606603423678190314253756405142078050102969970613727021612154111700258177822198165226107934662880062083039983972239882048328406092799800045220679087289967958329722452320379996556661041544718098548546963847778096683298430811055225751952021603657660324958062261261164230790277306983798 0 0 0 0 0 0 0 0 0 0 0 0 0 0 0 0 0 0 0 0 0 0 0 0 0 0 0 0 0 0 0 0 0 0 0 0 0 0 0 0 0 0 0 0 0 0 0 0 1 0 0 0 0 0 0 0 0 0 0 0 0 0 0 0 0 0 0 0 0 0 0 0 0 0 0 0 0 0 0 0 0 0 0 0 0 0 0 0 0 0 0 0 0 0 0 0 0 0 0]
[5378578644457020782858259047911322017722172475535274917003302615572556353332757622928597128874157494001502529559427128508022034316546338163876823301932637112128490245101663766240407674564347035563352588497262761972445145268244290802292388761586327113667937401821809727224562974248006279948175116980507 0 0 0 0 0 0 0 0 0 0 0 0 0 0 0 0 0 0 0 0 0 0 0 0 0 0 0 0 0 0 0 0 0 0 0 0 0 0 0 0 0 0 0 0 0 0 0 0 0 1 0 0 0 0 0 0 0 0 0 0 0 0 0 0 0 0 0 0 0 0 0 0 0 0 0 0 0 0 0 0 0 0 0 0 0 0 0 0 0 0 0 0 0 0 0 0 0 0 0]
[4681406078754356220693896940474285003995121893761754603334918608093716215285987218545764083443065249315527519108845448579338400433766027694125138360658999653510792782905215826980181296099788952318339198908984256151347841360312195022698830862361159712821138273095342636518517817842630488416622609859434 0 0 0 0 0 0 0 0 0 0 0 0 0 0 0 0 0 0 0 0 0 0 0 0 0 0 0 0 0 0 0 0 0 0 0 0 0 0 0 0 0 0 0 0 0 0 0 0 0 0 1 0 0 0 0 0 0 0 0 0 0 0 0 0 0 0 0 0 0 0 0 0 0 0 0 0 0 0 0 0 0 0 0 0 0 0 0 0 0 0 0 0 0 0 0 0 0 0 0]
[4620974270026124811344564353801179819742981001010422788344616507852423343302928419014640788890978772618167046455884580544209045161071504915505015395049288894607446793494156398057583083595787315784740017170139368739452070890634107635319949872067571817064643443646336609277418488165111714454623011254419 0 0 0 0 0 0 0 0 0 0 0 0 0 0 0 0 0 0 0 0 0 0 0 0 0 0 0 0 0 0 0 0 0 0 0 0 0 0 0 0 0 0 0 0 0 0 0 0 0 0 0 1 0 0 0 0 0 0 0 0 0 0 0 0 0 0 0 0 0 0 0 0 0 0 0 0 0 0 0 0 0 0 0 0 0 0 0 0 0 0 0 0 0 0 0 0 0 0 0]
[2272139904616382038858369093376593395852743921796028618950059329060445048797156637012824016010301988541154774371127230608161828005741801189690414101223213782483546426785628471547263000953896135357482352995169366029624107393062767284575126764163129938114122312662259030281621296911542968664398858475301 0 0 0 0 0 0 0 0 0 0 0 0 0 0 0 0 0 0 0 0 0 0 0 0 0 0 0 0 0 0 0 0 0 0 0 0 0 0 0 0 0 0 0 0 0 0 0 0 0 0 0 0 1 0 0 0 0 0 0 0 0 0 0 0 0 0 0 0 0 0 0 0 0 0 0 0 0 0 0 0 0 0 0 0 0 0 0 0 0 0 0 0 0 0 0 0 0 0 0]
[138245108227214732364657957901722213655739858323178965250405361012664355361255661232986737741699764718274801011455102326656372225001144206182005798597296768616333387914798868708668964484676502385716946616798724222938880082980923107984998510077519609169061068940862806425817625369608774679842694011908 0 0 0 0 0 0 0 0 0 0 0 0 0 0 0 0 0 0 0 0 0 0 0 0 0 0 0 0 0 0 0 0 0 0 0 0 0 0 0 0 0 0 0 0 0 0 0 0 0 0 0 0 0 1 0 0 0 0 0 0 0 0 0 0 0 0 0 0 0 0 0 0 0 0 0 0 0 0 0 0 0 0 0 0 0 0 0 0 0 0 0 0 0 0 0 0 0 0 0]
[2089795391965929002012740559848304477023115177092144719618794715471057397286881673202769666524168927749357337955221749528340762565151897487316296060797067740016627482235056373615303104534135199220037354755287141494657906703910318775609629028446379938450963331675199885756237033361922310315278924894207 0 0 0 0 0 0 0 0 0 0 0 0 0 0 0 0 0 0 0 0 0 0 0 0 0 0 0 0 0 0 0 0 0 0 0 0 0 0 0 0 0 0 0 0 0 0 0 0 0 0 0 0 0 0 1 0 0 0 0 0 0 0 0 0 0 0 0 0 0 0 0 0 0 0 0 0 0 0 0 0 0 0 0 0 0 0 0 0 0 0 0 0 0 0 0 0 0 0 0]
[156580222632794234121448075145955480456947086514195291358482590680960322122162928937340536396006062312839015782044446931009977617780834949471431083253666708230602919263612871183951314720121392622780953112271828382714795321838076941307001171221649297120826404794151550754044701710981853200904684523852 0 0 0 0 0 0 0 0 0 0 0 0 0 0 0 0 0 0 0 0 0 0 0 0 0 0 0 0 0 0 0 0 0 0 0 0 0 0 0 0 0 0 0 0 0 0 0 0 0 0 0 0 0 0 0 1 0 0 0 0 0 0 0 0 0 0 0 0 0 0 0 0 0 0 0 0 0 0 0 0 0 0 0 0 0 0 0 0 0 0 0 0 0 0 0 0 0 0 0]
[244446976636707501683899245584025466381184734655795331763668129227633606496026953010005828924143379655059055041435115430428528457322843136458797222064795849428020041477801090760850126908794268659050443713623626444562743982553173768982845432115794158776752792894862763773033057674866492160760254144307 0 0 0 0 0 0 0 0 0 0 0 0 0 0 0 0 0 0 0 0 0 0 0 0 0 0 0 0 0 0 0 0 0 0 0 0 0 0 0 0 0 0 0 0 0 0 0 0 0 0 0 0 0 0 0 0 1 0 0 0 0 0 0 0 0 0 0 0 0 0 0 0 0 0 0 0 0 0 0 0 0 0 0 0 0 0 0 0 0 0 0 0 0 0 0 0 0 0 0]
[5279570628898147894433623654864788740694393474946189360064628097732054137173613991180434021367082656671667662304143619828221113351181530096513480296153570063914276565861686723517929184565460514728818968495913393158339658378092861309670858454743823799579241420456740121460383750632604762961946131133879 0 0 0 0 0 0 0 0 0 0 0 0 0 0 0 0 0 0 0 0 0 0 0 0 0 0 0 0 0 0 0 0 0 0 0 0 0 0 0 0 0 0 0 0 0 0 0 0 0 0 0 0 0 0 0 0 0 1 0 0 0 0 0 0 0 0 0 0 0 0 0 0 0 0 0 0 0 0 0 0 0 0 0 0 0 0 0 0 0 0 0 0 0 0 0 0 0 0 0]
[4468538211823152202515975756034278060673256123912988032110879474268177167389308025943330630894016893750590703797883609207487613873261119983297449784506566145602163799409331746778827416260495464367362703057090639031806589136316845566541545732205283782027517163010229174096728010933267929658729595081223 0 0 0 0 0 0 0 0 0 0 0 0 0 0 0 0 0 0 0 0 0 0 0 0 0 0 0 0 0 0 0 0 0 0 0 0 0 0 0 0 0 0 0 0 0 0 0 0 0 0 0 0 0 0 0 0 0 0 1 0 0 0 0 0 0 0 0 0 0 0 0 0 0 0 0 0 0 0 0 0 0 0 0 0 0 0 0 0 0 0 0 0 0 0 0 0 0 0 0]
[1657161316524696487994139250070433534050257593614525856558805515169517063107494995417062510962981318508613951647768597323941398325447710394610393621050889806983092178309242607311349226563747060400480260526010155268683964220908696505332823778883791630891716380265724833471217381318704057146655417542094 0 0 0 0 0 0 0 0 0 0 0 0 0 0 0 0 0 0 0 0 0 0 0 0 0 0 0 0 0 0 0 0 0 0 0 0 0 0 0 0 0 0 0 0 0 0 0 0 0 0 0 0 0 0 0 0 0 0 0 1 0 0 0 0 0 0 0 0 0 0 0 0 0 0 0 0 0 0 0 0 0 0 0 0 0 0 0 0 0 0 0 0 0 0 0 0 0 0 0]
[3083793907136696353071086208368150316315720506915798354091748981505143256055278322257926942497159426291910081125774170085593300538003845549915390074796539369151904341951449090528894921005865706194397256296096154695489946687746043533114857786997729983837481086313495662880202611723866497977520506321549 0 0 0 0 0 0 0 0 0 0 0 0 0 0 0 0 0 0 0 0 0 0 0 0 0 0 0 0 0 0 0 0 0 0 0 0 0 0 0 0 0 0 0 0 0 0 0 0 0 0 0 0 0 0 0 0 0 0 0 0 1 0 0 0 0 0 0 0 0 0 0 0 0 0 0 0 0 0 0 0 0 0 0 0 0 0 0 0 0 0 0 0 0 0 0 0 0 0 0]
[1958511453959807981385080189939486360648258366792857197342235353517651542722637049830101209379621718960354513054349177208741476978344616004338160844210250890882559622845230844977714218497679514654275105457778785952946676691671824069857429097875207054846266865159788750072585370022716668842875236966019 0 0 0 0 0 0 0 0 0 0 0 0 0 0 0 0 0 0 0 0 0 0 0 0 0 0 0 0 0 0 0 0 0 0 0 0 0 0 0 0 0 0 0 0 0 0 0 0 0 0 0 0 0 0 0 0 0 0 0 0 0 1 0 0 0 0 0 0 0 0 0 0 0 0 0 0 0 0 0 0 0 0 0 0 0 0 0 0 0 0 0 0 0 0 0 0 0 0 0]
[5032388326355156741507664134205948061452838795958117818698928684518684934651065321126046145355448157214260612996409221927211178692398130084334986369593777110070943738912946574742839930191271367844497033605015579084202764591317653813169836377696218765781134378815451514553585664470220385602164572746583 0 0 0 0 0 0 0 0 0 0 0 0 0 0 0 0 0 0 0 0 0 0 0 0 0 0 0 0 0 0 0 0 0 0 0 0 0 0 0 0 0 0 0 0 0 0 0 0 0 0 0 0 0 0 0 0 0 0 0 0 0 0 1 0 0 0 0 0 0 0 0 0 0 0 0 0 0 0 0 0 0 0 0 0 0 0 0 0 0 0 0 0 0 0 0 0 0 0 0]
[3776443865979613238363426206074845626138804929168477373234602199168021402913331646703647623995880900353329784526029613864190429763439182839125574116429077524054779691634965921303452320467046040050058366415839634446902117878837479767150929933691338635000522076302577164962454559394873551270266706018172 0 0 0 0 0 0 0 0 0 0 0 0 0 0 0 0 0 0 0 0 0 0 0 0 0 0 0 0 0 0 0 0 0 0 0 0 0 0 0 0 0 0 0 0 0 0 0 0 0 0 0 0 0 0 0 0 0 0 0 0 0 0 0 1 0 0 0 0 0 0 0 0 0 0 0 0 0 0 0 0 0 0 0 0 0 0 0 0 0 0 0 0 0 0 0 0 0 0 0]
[6384336220250928147442609514642765731321672059171560890408976459311267465486181028539687101689606858300838123744195251625105116013809261966695132353274747519974090590298841614488913781509019408567915822687150217401222030563693609091644418519543962620240729087642495266598144864696618674248882059254481 0 0 0 0 0 0 0 0 0 0 0 0 0 0 0 0 0 0 0 0 0 0 0 0 0 0 0 0 0 0 0 0 0 0 0 0 0 0 0 0 0 0 0 0 0 0 0 0 0 0 0 0 0 0 0 0 0 0 0 0 0 0 0 0 1 0 0 0 0 0 0 0 0 0 0 0 0 0 0 0 0 0 0 0 0 0 0 0 0 0 0 0 0 0 0 0 0 0 0]
[3014042803603224514573352240198067517795868495846411809441031659769002603016920987258533015022653300450309202551754318809346420559641641983686766688696668580036135110469428930931607556262821149026155588883869355578418402440128452445316609690326808031023312987630640513571577176291648334806906605245252 0 0 0 0 0 0 0 0 0 0 0 0 0 0 0 0 0 0 0 0 0 0 0 0 0 0 0 0 0 0 0 0 0 0 0 0 0 0 0 0 0 0 0 0 0 0 0 0 0 0 0 0 0 0 0 0 0 0 0 0 0 0 0 0 0 1 0 0 0 0 0 0 0 0 0 0 0 0 0 0 0 0 0 0 0 0 0 0 0 0 0 0 0 0 0 0 0 0 0]
[4242193415763804745157022183975001274755029619272537490888616682696394500761662853041168844674867717192844764081285814534053584759409674807013909951488586310812389693038515476189209123411078487868186519167165114918298083717078096397916888580063519625499200416089696104060982327886927265722967715970546 0 0 0 0 0 0 0 0 0 0 0 0 0 0 0 0 0 0 0 0 0 0 0 0 0 0 0 0 0 0 0 0 0 0 0 0 0 0 0 0 0 0 0 0 0 0 0 0 0 0 0 0 0 0 0 0 0 0 0 0 0 0 0 0 0 0 1 0 0 0 0 0 0 0 0 0 0 0 0 0 0 0 0 0 0 0 0 0 0 0 0 0 0 0 0 0 0 0 0]
[305586503169414621895293831207355703706814885679281800434599349421173239215428356780133449637451233426461773517627570025376862681357539606733425412849573792765513254857501527743082933108161660581511280626505376839142495385818551395845559576537218596031845616538766305762890934677160141411707722089827 0 0 0 0 0 0 0 0 0 0 0 0 0 0 0 0 0 0 0 0 0 0 0 0 0 0 0 0 0 0 0 0 0 0 0 0 0 0 0 0 0 0 0 0 0 0 0 0 0 0 0 0 0 0 0 0 0 0 0 0 0 0 0 0 0 0 0 1 0 0 0 0 0 0 0 0 0 0 0 0 0 0 0 0 0 0 0 0 0 0 0 0 0 0 0 0 0 0 0]
[1008723490510869213002396817086502526550878837708652113081310018661073779177230010875836784868718985017165730628865170831199425538366978027544769387538963797847352726866534776134255551947576095017707387112177068267387534819538710092764471112931899058429415631212191165824335239670840199429372137025663 0 0 0 0 0 0 0 0 0 0 0 0 0 0 0 0 0 0 0 0 0 0 0 0 0 0 0 0 0 0 0 0 0 0 0 0 0 0 0 0 0 0 0 0 0 0 0 0 0 0 0 0 0 0 0 0 0 0 0 0 0 0 0 0 0 0 0 0 1 0 0 0 0 0 0 0 0 0 0 0 0 0 0 0 0 0 0 0 0 0 0 0 0 0 0 0 0 0 0]
[4179318317029332756246849078685932984210959918263929531401378160596156420640998745084163809057274324395152402294552218327230009942507410423668986266340557997295908258565263645985054620691876966346294563091548870694156869531110955776183626911351805175180565765283063820707829650157963878260053529390203 0 0 0 0 0 0 0 0 0 0 0 0 0 0 0 0 0 0 0 0 0 0 0 0 0 0 0 0 0 0 0 0 0 0 0 0 0 0 0 0 0 0 0 0 0 0 0 0 0 0 0 0 0 0 0 0 0 0 0 0 0 0 0 0 0 0 0 0 0 1 0 0 0 0 0 0 0 0 0 0 0 0 0 0 0 0 0 0 0 0 0 0 0 0 0 0 0 0 0]
[4697228089142300846641944660297523987195315490637929460474922462466565061365985410802739993963293491433556744741764467608877850499451615382698769410139004669974070718478428571086487499651141438046222674433533794196729262052407801689661703202474863190433487288389147710397892518937912438606237917570572 0 0 0 0 0 0 0 0 0 0 0 0 0 0 0 0 0 0 0 0 0 0 0 0 0 0 0 0 0 0 0 0 0 0 0 0 0 0 0 0 0 0 0 0 0 0 0 0 0 0 0 0 0 0 0 0 0 0 0 0 0 0 0 0 0 0 0 0 0 0 1 0 0 0 0 0 0 0 0 0 0 0 0 0 0 0 0 0 0 0 0 0 0 0 0 0 0 0 0]
[1596063507695621951084306564776539115992442480362728413947922526710284234047241898598600009868562072366637848033834021409190655043359113082764277586807241961492557094735853607325024563623110107297372503941701886084128210066581078152950896718769027839025736241199365476862295067687560483443686994940235 0 0 0 0 0 0 0 0 0 0 0 0 0 0 0 0 0 0 0 0 0 0 0 0 0 0 0 0 0 0 0 0 0 0 0 0 0 0 0 0 0 0 0 0 0 0 0 0 0 0 0 0 0 0 0 0 0 0 0 0 0 0 0 0 0 0 0 0 0 0 0 1 0 0 0 0 0 0 0 0 0 0 0 0 0 0 0 0 0 0 0 0 0 0 0 0 0 0 0]
[2227604864759224013398908730065529495192531026341448288225720157900297437100783851124975342512216639116345546601222556870700752418591683797438952718660552479650645081997707483632562678975291277733039202530293838879188450311919979181930079162873624373069034399396465561802417941122977394979738302971449 0 0 0 0 0 0 0 0 0 0 0 0 0 0 0 0 0 0 0 0 0 0 0 0 0 0 0 0 0 0 0 0 0 0 0 0 0 0 0 0 0 0 0 0 0 0 0 0 0 0 0 0 0 0 0 0 0 0 0 0 0 0 0 0 0 0 0 0 0 0 0 0 1 0 0 0 0 0 0 0 0 0 0 0 0 0 0 0 0 0 0 0 0 0 0 0 0 0 0]
[6103137312848888726903237364462386446179968391775118161434614252593392358655697329038953692668975817840361387060678183877813367238146683785647973942084350854156847395884027344234489158749450388499078547264170012887345894050362259935583326085641739201567187281123741600045736263765736838272106868502022 0 0 0 0 0 0 0 0 0 0 0 0 0 0 0 0 0 0 0 0 0 0 0 0 0 0 0 0 0 0 0 0 0 0 0 0 0 0 0 0 0 0 0 0 0 0 0 0 0 0 0 0 0 0 0 0 0 0 0 0 0 0 0 0 0 0 0 0 0 0 0 0 0 1 0 0 0 0 0 0 0 0 0 0 0 0 0 0 0 0 0 0 0 0 0 0 0 0 0]
[6121405195091422930773515960493964372812973288415949037243325297594642478219204758034762509460704644747741071841476011571790689630623396535129315363145639984111481492263152830539750977947291529514389658455955257834048929660693102287585800734394161466415458709079615218535010028766037338996921084292827 0 0 0 0 0 0 0 0 0 0 0 0 0 0 0 0 0 0 0 0 0 0 0 0 0 0 0 0 0 0 0 0 0 0 0 0 0 0 0 0 0 0 0 0 0 0 0 0 0 0 0 0 0 0 0 0 0 0 0 0 0 0 0 0 0 0 0 0 0 0 0 0 0 0 1 0 0 0 0 0 0 0 0 0 0 0 0 0 0 0 0 0 0 0 0 0 0 0 0]
[3099741925809553027098731337733757905992403169048743547158175831638767240614380211656056259574596800885641866724811551619141756404900378246856293194166838191807095479962785093964903446665820840802266621786003159309918874911847738447235654476782647742318727121356876010444687038500037240838792292468014 0 0 0 0 0 0 0 0 0 0 0 0 0 0 0 0 0 0 0 0 0 0 0 0 0 0 0 0 0 0 0 0 0 0 0 0 0 0 0 0 0 0 0 0 0 0 0 0 0 0 0 0 0 0 0 0 0 0 0 0 0 0 0 0 0 0 0 0 0 0 0 0 0 0 0 1 0 0 0 0 0 0 0 0 0 0 0 0 0 0 0 0 0 0 0 0 0 0 0]
[6417075695299246412605439588848506261794346832830533440096180732658148027028503840320639977507400028955779337168742591802658279260939025298972080009926499791041452942941159913942690346103418845173719222571760382465946050061583796164963087943588541329056337838846327168059125396084269650419695442919358 0 0 0 0 0 0 0 0 0 0 0 0 0 0 0 0 0 0 0 0 0 0 0 0 0 0 0 0 0 0 0 0 0 0 0 0 0 0 0 0 0 0 0 0 0 0 0 0 0 0 0 0 0 0 0 0 0 0 0 0 0 0 0 0 0 0 0 0 0 0 0 0 0 0 0 0 1 0 0 0 0 0 0 0 0 0 0 0 0 0 0 0 0 0 0 0 0 0 0]
[3128348261127996485986724073216901106641047532228122242652867566421683359923001417678115081461773361681944761652557283826544386510501480612383915893657492142081513583017974806903444698565004533078871162745061582620468322362497140261950018549254160285372839773205315571227520093565635223936481168736348 0 0 0 0 0 0 0 0 0 0 0 0 0 0 0 0 0 0 0 0 0 0 0 0 0 0 0 0 0 0 0 0 0 0 0 0 0 0 0 0 0 0 0 0 0 0 0 0 0 0 0 0 0 0 0 0 0 0 0 0 0 0 0 0 0 0 0 0 0 0 0 0 0 0 0 0 0 1 0 0 0 0 0 0 0 0 0 0 0 0 0 0 0 0 0 0 0 0 0]
[6415678832173690466352905477965444766282816376316665377709413360505828987629499813085354697795993641388645536502334757909607955591637009498979844466359889040667716456305106687592012335827023873953983151021871762178834245295509693610467548236965941519301277609595880241848242480790201037248020433404772 0 0 0 0 0 0 0 0 0 0 0 0 0 0 0 0 0 0 0 0 0 0 0 0 0 0 0 0 0 0 0 0 0 0 0 0 0 0 0 0 0 0 0 0 0 0 0 0 0 0 0 0 0 0 0 0 0 0 0 0 0 0 0 0 0 0 0 0 0 0 0 0 0 0 0 0 0 0 1 0 0 0 0 0 0 0 0 0 0 0 0 0 0 0 0 0 0 0 0]
[3651863512630780872017473784302496661179437740625857457627061422222259870346270450481240573352657895553155303024625128842264836936690295518967771547141090555629679329407421772267979877051405709479159779838155839926339032623555640740009008422508579060737508035546059224377104734092335529217432502912268 0 0 0 0 0 0 0 0 0 0 0 0 0 0 0 0 0 0 0 0 0 0 0 0 0 0 0 0 0 0 0 0 0 0 0 0 0 0 0 0 0 0 0 0 0 0 0 0 0 0 0 0 0 0 0 0 0 0 0 0 0 0 0 0 0 0 0 0 0 0 0 0 0 0 0 0 0 0 0 1 0 0 0 0 0 0 0 0 0 0 0 0 0 0 0 0 0 0 0]
[2800238225338548834215232007263573796934916829254342384373564745002773407221003750993778609763055590638285832129471930359677590868502210968011661465781121946497199169827427838607565460193911925761379013791799278009692264563444663455176221457724048255975377224940283307611534415376043979095402723135208 0 0 0 0 0 0 0 0 0 0 0 0 0 0 0 0 0 0 0 0 0 0 0 0 0 0 0 0 0 0 0 0 0 0 0 0 0 0 0 0 0 0 0 0 0 0 0 0 0 0 0 0 0 0 0 0 0 0 0 0 0 0 0 0 0 0 0 0 0 0 0 0 0 0 0 0 0 0 0 0 1 0 0 0 0 0 0 0 0 0 0 0 0 0 0 0 0 0 0]
[4898811773472187833473352912578581428912035146285167182397486836490343980025487731324499094861813975077320796012928949869889497888886465627184917414092522476565897578432548140237398715276112775221063600756749362564193490135184032086884443996114055458861936527392190454644864334362789172737726636074371 0 0 0 0 0 0 0 0 0 0 0 0 0 0 0 0 0 0 0 0 0 0 0 0 0 0 0 0 0 0 0 0 0 0 0 0 0 0 0 0 0 0 0 0 0 0 0 0 0 0 0 0 0 0 0 0 0 0 0 0 0 0 0 0 0 0 0 0 0 0 0 0 0 0 0 0 0 0 0 0 0 1 0 0 0 0 0 0 0 0 0 0 0 0 0 0 0 0 0]
[3877360433636696585545732908789995987683312035402676020913361965106311962306904918012037260860975007126915480432935086081305951322299026788785174105888744398921916284440188437702484277317551643061980190461669353433356586121993081351362774952919787264215764983739506562961467251920280924646037479359509 0 0 0 0 0 0 0 0 0 0 0 0 0 0 0 0 0 0 0 0 0 0 0 0 0 0 0 0 0 0 0 0 0 0 0 0 0 0 0 0 0 0 0 0 0 0 0 0 0 0 0 0 0 0 0 0 0 0 0 0 0 0 0 0 0 0 0 0 0 0 0 0 0 0 0 0 0 0 0 0 0 0 1 0 0 0 0 0 0 0 0 0 0 0 0 0 0 0 0]
[6617263794124361274148759928913088124157925481927542256244799534917280912400157178659725116120319558834793705794664516725125578857842389591536184559288644957666919161421177353064971977767515032459478938261304266721115056560084262243927175089608183504391401109785134495880229816108024376993449537932315 0 0 0 0 0 0 0 0 0 0 0 0 0 0 0 0 0 0 0 0 0 0 0 0 0 0 0 0 0 0 0 0 0 0 0 0 0 0 0 0 0 0 0 0 0 0 0 0 0 0 0 0 0 0 0 0 0 0 0 0 0 0 0 0 0 0 0 0 0 0 0 0 0 0 0 0 0 0 0 0 0 0 0 1 0 0 0 0 0 0 0 0 0 0 0 0 0 0 0]
[3355562650255047649628989639447086025924505863427026701787638060353726416890398043440654444696451497832529628240915885617733859778300368512819114500616744007370136088053060357129121856723230234849656126046966640323211826459205830427616632348327496689378068473231402899109496567557275407274200686180645 0 0 0 0 0 0 0 0 0 0 0 0 0 0 0 0 0 0 0 0 0 0 0 0 0 0 0 0 0 0 0 0 0 0 0 0 0 0 0 0 0 0 0 0 0 0 0 0 0 0 0 0 0 0 0 0 0 0 0 0 0 0 0 0 0 0 0 0 0 0 0 0 0 0 0 0 0 0 0 0 0 0 0 0 1 0 0 0 0 0 0 0 0 0 0 0 0 0 0]
[1200113839443314972157325514158050762457524509008431118006402508630149853967164859575807706175066635106305670940330922520771605158008983601215177192531400491582107092926386481626544042642945076189639952794969007731966287840275758251114351302949179708214359225516119485482106356319563953268888310124002 0 0 0 0 0 0 0 0 0 0 0 0 0 0 0 0 0 0 0 0 0 0 0 0 0 0 0 0 0 0 0 0 0 0 0 0 0 0 0 0 0 0 0 0 0 0 0 0 0 0 0 0 0 0 0 0 0 0 0 0 0 0 0 0 0 0 0 0 0 0 0 0 0 0 0 0 0 0 0 0 0 0 0 0 0 1 0 0 0 0 0 0 0 0 0 0 0 0 0]
[2069903177013715609025659533615566632455756377942682165442790233587121678566319633706036600450051965318649007866333718535253830203672584871065402987338426606192870765022165231117655341125766173961585781112724585487289294446844322759322305269601798077195145591642267580132495380326695700449292064817212 0 0 0 0 0 0 0 0 0 0 0 0 0 0 0 0 0 0 0 0 0 0 0 0 0 0 0 0 0 0 0 0 0 0 0 0 0 0 0 0 0 0 0 0 0 0 0 0 0 0 0 0 0 0 0 0 0 0 0 0 0 0 0 0 0 0 0 0 0 0 0 0 0 0 0 0 0 0 0 0 0 0 0 0 0 0 1 0 0 0 0 0 0 0 0 0 0 0 0]
[2052937426717796908987102566340000254303700920505602147195728280301318534720547026749229007151518344966258778202988935028114017409226065821157494600457692523062227370354127470036035551642593220442837863240219037819663620902430631989275459005494015745394137529134648366489146654959483455993558600852529 0 0 0 0 0 0 0 0 0 0 0 0 0 0 0 0 0 0 0 0 0 0 0 0 0 0 0 0 0 0 0 0 0 0 0 0 0 0 0 0 0 0 0 0 0 0 0 0 0 0 0 0 0 0 0 0 0 0 0 0 0 0 0 0 0 0 0 0 0 0 0 0 0 0 0 0 0 0 0 0 0 0 0 0 0 0 0 1 0 0 0 0 0 0 0 0 0 0 0]
[5464729030793598713563428570675660534434976297471892467697190393500319694558611943677068735340277561482530588656099841304075774854717173692030600098197292830208560637875858519072457986110680291885364011506109684712143180354858846674485927316738393422562823868322261265640673454053011675065888286884659 0 0 0 0 0 0 0 0 0 0 0 0 0 0 0 0 0 0 0 0 0 0 0 0 0 0 0 0 0 0 0 0 0 0 0 0 0 0 0 0 0 0 0 0 0 0 0 0 0 0 0 0 0 0 0 0 0 0 0 0 0 0 0 0 0 0 0 0 0 0 0 0 0 0 0 0 0 0 0 0 0 0 0 0 0 0 0 0 1 0 0 0 0 0 0 0 0 0 0]
[6013671145945824127533164624456338179937669740629364371802117160373896892993914380627998450085466670922043182988679492543926404385995417006721316003014736930411203773237875218284375738534070004363351391469456680772342028078465014344351002182555934928172480314722667700227572373040195466923212724488668 0 0 0 0 0 0 0 0 0 0 0 0 0 0 0 0 0 0 0 0 0 0 0 0 0 0 0 0 0 0 0 0 0 0 0 0 0 0 0 0 0 0 0 0 0 0 0 0 0 0 0 0 0 0 0 0 0 0 0 0 0 0 0 0 0 0 0 0 0 0 0 0 0 0 0 0 0 0 0 0 0 0 0 0 0 0 0 0 0 1 0 0 0 0 0 0 0 0 0]
[392663541678057402008261397956918979505455479160419477895982580582921419608981734881461292691602206504566148343265520310530409028103417791686547721980761927531858579397134545781109420747558310651403128929003153270420007423116614106946736207224389585893425387302524590161696719584277813544939565616504 0 0 0 0 0 0 0 0 0 0 0 0 0 0 0 0 0 0 0 0 0 0 0 0 0 0 0 0 0 0 0 0 0 0 0 0 0 0 0 0 0 0 0 0 0 0 0 0 0 0 0 0 0 0 0 0 0 0 0 0 0 0 0 0 0 0 0 0 0 0 0 0 0 0 0 0 0 0 0 0 0 0 0 0 0 0 0 0 0 0 1 0 0 0 0 0 0 0 0]
[493162253804540513038843402505168230326652526679448217292337088575707001981247253249531010246670385706922260296923812854815793695905028552774183450212221043257293096273006209356610128535633972440562712277483537521220111296149804657584782914437679341679184931941151826079841657992265984861835227326753 0 0 0 0 0 0 0 0 0 0 0 0 0 0 0 0 0 0 0 0 0 0 0 0 0 0 0 0 0 0 0 0 0 0 0 0 0 0 0 0 0 0 0 0 0 0 0 0 0 0 0 0 0 0 0 0 0 0 0 0 0 0 0 0 0 0 0 0 0 0 0 0 0 0 0 0 0 0 0 0 0 0 0 0 0 0 0 0 0 0 0 1 0 0 0 0 0 0 0]
[5636196887514260706658099328718473583856626375294268268482948902321173380172991806551845546852034057897962111118216027997014603849092844051818951836884454351038981198286648583544362449655684128027565671117005853089305430804218854777366571440479504531480287993771648023807016726071624897652989206215567 0 0 0 0 0 0 0 0 0 0 0 0 0 0 0 0 0 0 0 0 0 0 0 0 0 0 0 0 0 0 0 0 0 0 0 0 0 0 0 0 0 0 0 0 0 0 0 0 0 0 0 0 0 0 0 0 0 0 0 0 0 0 0 0 0 0 0 0 0 0 0 0 0 0 0 0 0 0 0 0 0 0 0 0 0 0 0 0 0 0 0 0 1 0 0 0 0 0 0]
[4814417217772058623017976066609448751478803608259806390753277089461374292696967793399254830607090000293100984537487285682931426064214589374041858602937356177697193265075384255164121146988407368272088951401008243315612655391018134239181857578969729888834724597488605134376174049162034053334464704616728 0 0 0 0 0 0 0 0 0 0 0 0 0 0 0 0 0 0 0 0 0 0 0 0 0 0 0 0 0 0 0 0 0 0 0 0 0 0 0 0 0 0 0 0 0 0 0 0 0 0 0 0 0 0 0 0 0 0 0 0 0 0 0 0 0 0 0 0 0 0 0 0 0 0 0 0 0 0 0 0 0 0 0 0 0 0 0 0 0 0 0 0 0 1 0 0 0 0 0]
[3511480675352391103707241610453625764135618212284169783716174727374925440010241851375114059027708635200030540677347234732786315806672350098586838994538380264687283794836802615097163185653840629726541939507209823279694975358180550608749939963486608050532576474778239078145894390236616317138279402015765 0 0 0 0 0 0 0 0 0 0 0 0 0 0 0 0 0 0 0 0 0 0 0 0 0 0 0 0 0 0 0 0 0 0 0 0 0 0 0 0 0 0 0 0 0 0 0 0 0 0 0 0 0 0 0 0 0 0 0 0 0 0 0 0 0 0 0 0 0 0 0 0 0 0 0 0 0 0 0 0 0 0 0 0 0 0 0 0 0 0 0 0 0 0 1 0 0 0 0]
[1115783909451851919263474378190018826013096691832653299131445412978118573725318601021315472103833298549242814671774894076417087298816885877222300761192870097405818843547229632743191921085849740870681627932798028062195337101709590081497611384601125960780102399798369525409925392923898299080583655239054 0 0 0 0 0 0 0 0 0 0 0 0 0 0 0 0 0 0 0 0 0 0 0 0 0 0 0 0 0 0 0 0 0 0 0 0 0 0 0 0 0 0 0 0 0 0 0 0 0 0 0 0 0 0 0 0 0 0 0 0 0 0 0 0 0 0 0 0 0 0 0 0 0 0 0 0 0 0 0 0 0 0 0 0 0 0 0 0 0 0 0 0 0 0 0 1 0 0 0]
[6653003992824717445988008842410434307924233186282216148080201017868317610012152915030447520691873577466961557075008887301212224652200342275049511554310983589445239532239332685996514230508392822619398439010149128003471773533336195202239162739672625618803231871166258426053242515369768307531863176323016 0 0 0 0 0 0 0 0 0 0 0 0 0 0 0 0 0 0 0 0 0 0 0 0 0 0 0 0 0 0 0 0 0 0 0 0 0 0 0 0 0 0 0 0 0 0 0 0 0 0 0 0 0 0 0 0 0 0 0 0 0 0 0 0 0 0 0 0 0 0 0 0 0 0 0 0 0 0 0 0 0 0 0 0 0 0 0 0 0 0 0 0 0 0 0 0 1 0 0]
[5690366901079127767557547817746323991649757968288802580848619735777894301358204356431949101036826061479311785532014763591073667521621888912494425164945037045152635598188946064284306267563212573827459286405813307685160084106732680316561227865736754702684603416077650547868836971337784627907869180718903 0 0 0 0 0 0 0 0 0 0 0 0 0 0 0 0 0 0 0 0 0 0 0 0 0 0 0 0 0 0 0 0 0 0 0 0 0 0 0 0 0 0 0 0 0 0 0 0 0 0 0 0 0 0 0 0 0 0 0 0 0 0 0 0 0 0 0 0 0 0 0 0 0 0 0 0 0 0 0 0 0 0 0 0 0 0 0 0 0 0 0 0 0 0 0 0 0 1 0]
[3276833848428182279663897318937462373749610163685569762040210172035526671838066523610138451033275621315730503998110917930922483379326706383679575965159369842290797935631201268337118797122317726142502851071049234337643919691746058205991699623481250474717956763964130983913690200889293766745938189141930 0 0 0 0 0 0 0 0 0 0 0 0 0 0 0 0 0 0 0 0 0 0 0 0 0 0 0 0 0 0 0 0 0 0 0 0 0 0 0 0 0 0 0 0 0 0 0 0 0 0 0 0 0 0 0 0 0 0 0 0 0 0 0 0 0 0 0 0 0 0 0 0 0 0 0 0 0 0 0 0 0 0 0 0 0 0 0 0 0 0 0 0 0 0 0 0 0 0 1]
]
