[[3910697348815937295506579842246677995878620276844610124049680305500904061182990178514765478202820988529859214183469880343330936505370076109226062971612233747297474593472938774779429550162516323938830038124166183 0 0 0 0 0 0 0 0 0 0 0 0 0 0 0 0 0 0 0 0 0 0 0 0 0 0 0 0 0 0 0 0 0 0 0 0 0 0 0 0 0 0 0 0 0 0 0 0 0 0 0 0 0 0 0 0 0 0 0 0 0 0 0 0 0 0 0 0 0]
[3789391476824508889593806085698420741798815659528576014486523230769456428357673850766747069090395998864079499265852838642721454147794398828059894969261075663448788880540753151981524625660510145356378680337024467 1 0 0 0 0 0 0 0 0 0 0 0 0 0 0 0 0 0 0 0 0 0 0 0 0 0 0 0 0 0 0 0 0 0 0 0 0 0 0 0 0 0 0 0 0 0 0 0 0 0 0 0 0 0 0 0 0 0 0 0 0 0 0 0 0 0 0 0 0]
[2863960660847861159511696208209615807099377532640925271658615949517941108045669597877758225181795690366270717192526110851560105681996053305810791903547268884547783339046075024167127415886523245240907994863612391 0 1 0 0 0 0 0 0 0 0 0 0 0 0 0 0 0 0 0 0 0 0 0 0 0 0 0 0 0 0 0 0 0 0 0 0 0 0 0 0 0 0 0 0 0 0 0 0 0 0 0 0 0 0 0 0 0 0 0 0 0 0 0 0 0 0 0 0 0]
[3005870590727598873821518776087446062168552908094899122574765645384937802361862482228054644807729969578986425517986117231132702802593339361616798588843319004368821867115443408281570145538866813815851971373322860 0 0 1 0 0 0 0 0 0 0 0 0 0 0 0 0 0 0 0 0 0 0 0 0 0 0 0 0 0 0 0 0 0 0 0 0 0 0 0 0 0 0 0 0 0 0 0 0 0 0 0 0 0 0 0 0 0 0 0 0 0 0 0 0 0 0 0 0 0]
[3779478352698804835913236079374211612679441862915330760372968600816750970726494443842492147822433738620896711940864562675524581438763773953521400412670517783130172726178421692802348168975167328451598322680320403 0 0 0 1 0 0 0 0 0 0 0 0 0 0 0 0 0 0 0 0 0 0 0 0 0 0 0 0 0 0 0 0 0 0 0 0 0 0 0 0 0 0 0 0 0 0 0 0 0 0 0 0 0 0 0 0 0 0 0 0 0 0 0 0 0 0 0 0 0]
[2335415438795583292033223468065600258651168018465588531835051829932624734588607048859914876452842349866646666604524697238723194395201895269209473131594239822738454603275000361121012482790048582476652537204064483 0 0 0 0 1 0 0 0 0 0 0 0 0 0 0 0 0 0 0 0 0 0 0 0 0 0 0 0 0 0 0 0 0 0 0 0 0 0 0 0 0 0 0 0 0 0 0 0 0 0 0 0 0 0 0 0 0 0 0 0 0 0 0 0 0 0 0 0 0]
[1566861255693352457678514366218618573383712626232687764192621467198703253423946121172306555082275973208797797269064806770415443437205020898823347056664481418471289183844937375249940024452332798491997794399641054 0 0 0 0 0 1 0 0 0 0 0 0 0 0 0 0 0 0 0 0 0 0 0 0 0 0 0 0 0 0 0 0 0 0 0 0 0 0 0 0 0 0 0 0 0 0 0 0 0 0 0 0 0 0 0 0 0 0 0 0 0 0 0 0 0 0 0 0 0]
[667658676181205665375996147898414714021988450686140965383341299422193030797318288873747425204424250870708883981348119987946939087003047766279094859776300906288202862390607122243499206462365097720517044698029086 0 0 0 0 0 0 1 0 0 0 0 0 0 0 0 0 0 0 0 0 0 0 0 0 0 0 0 0 0 0 0 0 0 0 0 0 0 0 0 0 0 0 0 0 0 0 0 0 0 0 0 0 0 0 0 0 0 0 0 0 0 0 0 0 0 0 0 0 0]
[3226003601982688831617427255891304923958735733663054192064419211496912362704703990114042621661217675635607116668421285124048765130854813305173144697798213138750543844636270761017939027033566348728711212654650163 0 0 0 0 0 0 0 1 0 0 0 0 0 0 0 0 0 0 0 0 0 0 0 0 0 0 0 0 0 0 0 0 0 0 0 0 0 0 0 0 0 0 0 0 0 0 0 0 0 0 0 0 0 0 0 0 0 0 0 0 0 0 0 0 0 0 0 0 0]
[1500765317136983326895305485690145095611889181920130421471107840532375963376847697722943213520807309139103326578476267536724675083091453810961789555818220628824587174589564040923320028442054170877151247365025488 0 0 0 0 0 0 0 0 1 0 0 0 0 0 0 0 0 0 0 0 0 0 0 0 0 0 0 0 0 0 0 0 0 0 0 0 0 0 0 0 0 0 0 0 0 0 0 0 0 0 0 0 0 0 0 0 0 0 0 0 0 0 0 0 0 0 0 0 0]
[616157318563049407196927045972938743554238642207732859939188226960882964776904382296732535663451496233088274301076583719190250042125606588193792944983254703319266173255165407677162985478600913280663036135015238 0 0 0 0 0 0 0 0 0 1 0 0 0 0 0 0 0 0 0 0 0 0 0 0 0 0 0 0 0 0 0 0 0 0 0 0 0 0 0 0 0 0 0 0 0 0 0 0 0 0 0 0 0 0 0 0 0 0 0 0 0 0 0 0 0 0 0 0 0]
[2581938657273796226759993671962793149284954370233001749879961836225585250391599953440481799286284897258056127809180022534452718083872483124783664964149827052568835320903020557050390049466025217814265126928427214 0 0 0 0 0 0 0 0 0 0 1 0 0 0 0 0 0 0 0 0 0 0 0 0 0 0 0 0 0 0 0 0 0 0 0 0 0 0 0 0 0 0 0 0 0 0 0 0 0 0 0 0 0 0 0 0 0 0 0 0 0 0 0 0 0 0 0 0 0]
[2214456199810073158342946539186452448451448305037043402201309009119249524840261283966561280113429127292417073794468000793996926063056076788341128706811029323086248327894686902927173053365622186423498722603933852 0 0 0 0 0 0 0 0 0 0 0 1 0 0 0 0 0 0 0 0 0 0 0 0 0 0 0 0 0 0 0 0 0 0 0 0 0 0 0 0 0 0 0 0 0 0 0 0 0 0 0 0 0 0 0 0 0 0 0 0 0 0 0 0 0 0 0 0 0]
[1826938996349852142335824546489395291226947965788362425648423405761271876563640317580269586946669468907847223437886265312374250584712081143554472976639175764496446972642040713285840645448220516475466789912792501 0 0 0 0 0 0 0 0 0 0 0 0 1 0 0 0 0 0 0 0 0 0 0 0 0 0 0 0 0 0 0 0 0 0 0 0 0 0 0 0 0 0 0 0 0 0 0 0 0 0 0 0 0 0 0 0 0 0 0 0 0 0 0 0 0 0 0 0 0]
[1082693684763503089629541637046303220792885100670015169485760219483666813484565343299108644650305621750222115732265712863933790798489270459105523969129202593432821382901662537761514606365954737021975670214663942 0 0 0 0 0 0 0 0 0 0 0 0 0 1 0 0 0 0 0 0 0 0 0 0 0 0 0 0 0 0 0 0 0 0 0 0 0 0 0 0 0 0 0 0 0 0 0 0 0 0 0 0 0 0 0 0 0 0 0 0 0 0 0 0 0 0 0 0 0]
[2615377515203363974368821882097374594713500637777749973192573822271171717512553861650610121923328224340280946175119281087219484078547759471045048856731372538221041661977542783937238904001043886385332298512685868 0 0 0 0 0 0 0 0 0 0 0 0 0 0 1 0 0 0 0 0 0 0 0 0 0 0 0 0 0 0 0 0 0 0 0 0 0 0 0 0 0 0 0 0 0 0 0 0 0 0 0 0 0 0 0 0 0 0 0 0 0 0 0 0 0 0 0 0 0]
[288198019948801963751398925450721025550429843120776183668640974804005246631470059597942290916038801357193688069446640508893950033506998633695775382015710234507033324726159832877209806341652720699279306089531807 0 0 0 0 0 0 0 0 0 0 0 0 0 0 0 1 0 0 0 0 0 0 0 0 0 0 0 0 0 0 0 0 0 0 0 0 0 0 0 0 0 0 0 0 0 0 0 0 0 0 0 0 0 0 0 0 0 0 0 0 0 0 0 0 0 0 0 0 0]
[3039588996190895506353886514967830589860302180342478714110222241437664020588759497492716286026151522931574753557101141390245779048904429590827605383977008220046995375945390332660534712261846679165808804502338625 0 0 0 0 0 0 0 0 0 0 0 0 0 0 0 0 1 0 0 0 0 0 0 0 0 0 0 0 0 0 0 0 0 0 0 0 0 0 0 0 0 0 0 0 0 0 0 0 0 0 0 0 0 0 0 0 0 0 0 0 0 0 0 0 0 0 0 0 0]
[1836815257321653377667611987783143360934390546853075276938479889364795198807680379904875690201764846087189847101432665426156339816952369005286228590508980965845553370883091807713189958032292641452666368061588447 0 0 0 0 0 0 0 0 0 0 0 0 0 0 0 0 0 1 0 0 0 0 0 0 0 0 0 0 0 0 0 0 0 0 0 0 0 0 0 0 0 0 0 0 0 0 0 0 0 0 0 0 0 0 0 0 0 0 0 0 0 0 0 0 0 0 0 0 0]
[1072233384444432265683271571825796079380461179550985536805321291703242928668974665008926160084142313130060878896229895307609591024390652047664377536339931668273840249211959437478681198483515309491257880855890773 0 0 0 0 0 0 0 0 0 0 0 0 0 0 0 0 0 0 1 0 0 0 0 0 0 0 0 0 0 0 0 0 0 0 0 0 0 0 0 0 0 0 0 0 0 0 0 0 0 0 0 0 0 0 0 0 0 0 0 0 0 0 0 0 0 0 0 0 0]
[924043103578898548973588558741920849805278865949063703894972464241256232941909752888663930568533299712229156599932022367660175637814427566991770578159547285753370105628195454445389647772169702213815937861097606 0 0 0 0 0 0 0 0 0 0 0 0 0 0 0 0 0 0 0 1 0 0 0 0 0 0 0 0 0 0 0 0 0 0 0 0 0 0 0 0 0 0 0 0 0 0 0 0 0 0 0 0 0 0 0 0 0 0 0 0 0 0 0 0 0 0 0 0 0]
[781639131577776375398491833407335971997489644977766637459795181203867704068841415844679538003267054326242614729078056438081617206824800488481034334946417545868785109481580150061523349729101494346170671835232019 0 0 0 0 0 0 0 0 0 0 0 0 0 0 0 0 0 0 0 0 1 0 0 0 0 0 0 0 0 0 0 0 0 0 0 0 0 0 0 0 0 0 0 0 0 0 0 0 0 0 0 0 0 0 0 0 0 0 0 0 0 0 0 0 0 0 0 0 0]
[3646382157178368506619805437541228777890637547580114166683026378049176045883595799085108431510347625418682582724074442636740637981849489731624991076085960871662823324162280668297262989210031314248052453467404667 0 0 0 0 0 0 0 0 0 0 0 0 0 0 0 0 0 0 0 0 0 1 0 0 0 0 0 0 0 0 0 0 0 0 0 0 0 0 0 0 0 0 0 0 0 0 0 0 0 0 0 0 0 0 0 0 0 0 0 0 0 0 0 0 0 0 0 0 0]
[1093401675541151404524883601713917671698778746649869229277935818573350861812649212010234755239961381326305659936988604694473955514074386307412140826116124051931729756317757512146386540338257991803998790614240428 0 0 0 0 0 0 0 0 0 0 0 0 0 0 0 0 0 0 0 0 0 0 1 0 0 0 0 0 0 0 0 0 0 0 0 0 0 0 0 0 0 0 0 0 0 0 0 0 0 0 0 0 0 0 0 0 0 0 0 0 0 0 0 0 0 0 0 0 0]
[1385414227233495596766221324564936795192640769538583209482880775455286235732398905978528900885702415258569280354299244033685731551214599471247260116326984350270354740162697886095938431252665874840071146923206870 0 0 0 0 0 0 0 0 0 0 0 0 0 0 0 0 0 0 0 0 0 0 0 1 0 0 0 0 0 0 0 0 0 0 0 0 0 0 0 0 0 0 0 0 0 0 0 0 0 0 0 0 0 0 0 0 0 0 0 0 0 0 0 0 0 0 0 0 0]
[3795636838874210646176705789414356236172512232462566505224833584312359219222811305946928497948089937584007657246611159416873904899245604732518614642134193526100658402946635697545767156575575720813588635457022477 0 0 0 0 0 0 0 0 0 0 0 0 0 0 0 0 0 0 0 0 0 0 0 0 1 0 0 0 0 0 0 0 0 0 0 0 0 0 0 0 0 0 0 0 0 0 0 0 0 0 0 0 0 0 0 0 0 0 0 0 0 0 0 0 0 0 0 0 0]
[2265746903509636857572692548051741710149825047211580624773852406323323322333698346187728918423301733862609459925851655164134003876822887583635569409116623489467170548196858831803352477667915677060164963864691246 0 0 0 0 0 0 0 0 0 0 0 0 0 0 0 0 0 0 0 0 0 0 0 0 0 1 0 0 0 0 0 0 0 0 0 0 0 0 0 0 0 0 0 0 0 0 0 0 0 0 0 0 0 0 0 0 0 0 0 0 0 0 0 0 0 0 0 0 0]
[1497471831048591859949530426678919443863834330094370243598800046446629963864162844009670703129926206382921697673342848798634727167892920588414616407629420057339809118553488565999316542483159441767054979707790853 0 0 0 0 0 0 0 0 0 0 0 0 0 0 0 0 0 0 0 0 0 0 0 0 0 0 1 0 0 0 0 0 0 0 0 0 0 0 0 0 0 0 0 0 0 0 0 0 0 0 0 0 0 0 0 0 0 0 0 0 0 0 0 0 0 0 0 0 0]
[2229876329869996506171624702427198306940407209005735597652424200181953438991443024774200838300545222483136603209211512441678730646708422276130531580943974790790556266159698751838582260499551529686114564804667532 0 0 0 0 0 0 0 0 0 0 0 0 0 0 0 0 0 0 0 0 0 0 0 0 0 0 0 1 0 0 0 0 0 0 0 0 0 0 0 0 0 0 0 0 0 0 0 0 0 0 0 0 0 0 0 0 0 0 0 0 0 0 0 0 0 0 0 0 0]
[3141131609279065478965404661784117288057216879135113340610381968754437246069451285806719500494084443781547442755919344530768257464928964590719823568296215836996953821988136268541385987741471542671095212358034761 0 0 0 0 0 0 0 0 0 0 0 0 0 0 0 0 0 0 0 0 0 0 0 0 0 0 0 0 1 0 0 0 0 0 0 0 0 0 0 0 0 0 0 0 0 0 0 0 0 0 0 0 0 0 0 0 0 0 0 0 0 0 0 0 0 0 0 0 0]
[3877613398988061914461817896622749313572550637102684759953519070009724933881527573710309232977293082937327882804073831285332028372532228347465373101167132514388640750717877928434994550063682557170958116910008045 0 0 0 0 0 0 0 0 0 0 0 0 0 0 0 0 0 0 0 0 0 0 0 0 0 0 0 0 0 1 0 0 0 0 0 0 0 0 0 0 0 0 0 0 0 0 0 0 0 0 0 0 0 0 0 0 0 0 0 0 0 0 0 0 0 0 0 0 0]
[3094375602289029332754186253601575738485397576327462805589964699541129675492869044971035338981466541496994113493123906940771007760534808793491605868794472987674481958143548864343479983822390645043745612843068437 0 0 0 0 0 0 0 0 0 0 0 0 0 0 0 0 0 0 0 0 0 0 0 0 0 0 0 0 0 0 1 0 0 0 0 0 0 0 0 0 0 0 0 0 0 0 0 0 0 0 0 0 0 0 0 0 0 0 0 0 0 0 0 0 0 0 0 0 0]
[1851840379748624915044198659587342048345371811122919929217817271262933451845192078908122968867486145300638819908865214986904126908347181951288921544342590247300343102753320025368520464440199631835772925368981732 0 0 0 0 0 0 0 0 0 0 0 0 0 0 0 0 0 0 0 0 0 0 0 0 0 0 0 0 0 0 0 1 0 0 0 0 0 0 0 0 0 0 0 0 0 0 0 0 0 0 0 0 0 0 0 0 0 0 0 0 0 0 0 0 0 0 0 0 0]
[2614487069114073459012673398750503763927268470493992942606139804694744967782980535091413835987493582094837764681322791533267084420283470126121163351598102227236792811960388101518630244883899576017636060444996421 0 0 0 0 0 0 0 0 0 0 0 0 0 0 0 0 0 0 0 0 0 0 0 0 0 0 0 0 0 0 0 0 1 0 0 0 0 0 0 0 0 0 0 0 0 0 0 0 0 0 0 0 0 0 0 0 0 0 0 0 0 0 0 0 0 0 0 0 0]
[1826685363006165074791258914766074512539607675172569390514047067775283662141982024977844004063063382160487634865884201075455776953385250290461387940990426938085515219976517797012167519784125731887665697052815293 0 0 0 0 0 0 0 0 0 0 0 0 0 0 0 0 0 0 0 0 0 0 0 0 0 0 0 0 0 0 0 0 0 1 0 0 0 0 0 0 0 0 0 0 0 0 0 0 0 0 0 0 0 0 0 0 0 0 0 0 0 0 0 0 0 0 0 0 0]
[3257897871696184734088750976148570443598343604288312500939304473019031685676136707079307685284719692128734195222453722382902046439765977050334793504180816839571430650729473402677378573560179035026599216894581787 0 0 0 0 0 0 0 0 0 0 0 0 0 0 0 0 0 0 0 0 0 0 0 0 0 0 0 0 0 0 0 0 0 0 1 0 0 0 0 0 0 0 0 0 0 0 0 0 0 0 0 0 0 0 0 0 0 0 0 0 0 0 0 0 0 0 0 0 0]
[61801323384988494981263130074857061799168153401888198918273769103116498481064405408539507126236388923051810164922112932541932223735711712802201830781574237415312432256034239352669857882323433638987878124144293 0 0 0 0 0 0 0 0 0 0 0 0 0 0 0 0 0 0 0 0 0 0 0 0 0 0 0 0 0 0 0 0 0 0 0 1 0 0 0 0 0 0 0 0 0 0 0 0 0 0 0 0 0 0 0 0 0 0 0 0 0 0 0 0 0 0 0 0 0]
[2140613134263734615280219748038148932811929304325702057951002785160904715457410152899385127230999791082831755092527093856965763204740882599491096529559958493141387014025061381344037781245472158481941207306299450 0 0 0 0 0 0 0 0 0 0 0 0 0 0 0 0 0 0 0 0 0 0 0 0 0 0 0 0 0 0 0 0 0 0 0 0 1 0 0 0 0 0 0 0 0 0 0 0 0 0 0 0 0 0 0 0 0 0 0 0 0 0 0 0 0 0 0 0 0]
[1652620354292412154761603688194400021665128330740515774162330835378819849341945460245833871148171718196197068379245276793618807666100126249489792600330395491363792202905365499969010081631831112362400887169051179 0 0 0 0 0 0 0 0 0 0 0 0 0 0 0 0 0 0 0 0 0 0 0 0 0 0 0 0 0 0 0 0 0 0 0 0 0 1 0 0 0 0 0 0 0 0 0 0 0 0 0 0 0 0 0 0 0 0 0 0 0 0 0 0 0 0 0 0 0]
[958798366112949511130775292258847312244890600078459927905497869009571389014594816104863044022534777153053652279074473475959235368655504709902267108191329705140187436852233126965702980571786801912330253400149296 0 0 0 0 0 0 0 0 0 0 0 0 0 0 0 0 0 0 0 0 0 0 0 0 0 0 0 0 0 0 0 0 0 0 0 0 0 0 1 0 0 0 0 0 0 0 0 0 0 0 0 0 0 0 0 0 0 0 0 0 0 0 0 0 0 0 0 0 0]
[1907178309082224528358769329884210558522757963931324067763263662577514056903026363918467140368464076736347392834042797892668793283244296498688735402791736841385458602047166371450967365803811270049828259648390939 0 0 0 0 0 0 0 0 0 0 0 0 0 0 0 0 0 0 0 0 0 0 0 0 0 0 0 0 0 0 0 0 0 0 0 0 0 0 0 1 0 0 0 0 0 0 0 0 0 0 0 0 0 0 0 0 0 0 0 0 0 0 0 0 0 0 0 0 0]
[3794608859927886965243598475541637927137271996119161193956239376325199198037712326635722887374402265221528660474368927988586179046547354532147939750536200600143305529212620527159023600892392378666251917405862782 0 0 0 0 0 0 0 0 0 0 0 0 0 0 0 0 0 0 0 0 0 0 0 0 0 0 0 0 0 0 0 0 0 0 0 0 0 0 0 0 1 0 0 0 0 0 0 0 0 0 0 0 0 0 0 0 0 0 0 0 0 0 0 0 0 0 0 0 0]
[1232238513392434310579309130102208283342257682191491334970576059276924463268706572364085377284534579797416105130199212669471885036494712611500235553040667751299077640213710731857903443541399496834307006379159343 0 0 0 0 0 0 0 0 0 0 0 0 0 0 0 0 0 0 0 0 0 0 0 0 0 0 0 0 0 0 0 0 0 0 0 0 0 0 0 0 0 1 0 0 0 0 0 0 0 0 0 0 0 0 0 0 0 0 0 0 0 0 0 0 0 0 0 0 0]
[704543202419740439846560536858972225618810309120588004215926616426139372029363210332151423995596295038999632967361889409176672058060412008732690192436279567778468188641281639872130095651994757006494485804749012 0 0 0 0 0 0 0 0 0 0 0 0 0 0 0 0 0 0 0 0 0 0 0 0 0 0 0 0 0 0 0 0 0 0 0 0 0 0 0 0 0 0 1 0 0 0 0 0 0 0 0 0 0 0 0 0 0 0 0 0 0 0 0 0 0 0 0 0 0]
[2579708937370321757539610076204111316459757124662548565461035641775512686864144157920888692391716160690941878264777393742183073194551245596311894009306325954147235070246319493727720982193431595784467386092467932 0 0 0 0 0 0 0 0 0 0 0 0 0 0 0 0 0 0 0 0 0 0 0 0 0 0 0 0 0 0 0 0 0 0 0 0 0 0 0 0 0 0 0 1 0 0 0 0 0 0 0 0 0 0 0 0 0 0 0 0 0 0 0 0 0 0 0 0 0]
[2137718875956593619846345277807601781119776706850107724459177813007141457748496487053744707073700639995962089315766824600035118228384070092980363726286656029251815093322193838328297207061418909731880934695014724 0 0 0 0 0 0 0 0 0 0 0 0 0 0 0 0 0 0 0 0 0 0 0 0 0 0 0 0 0 0 0 0 0 0 0 0 0 0 0 0 0 0 0 0 1 0 0 0 0 0 0 0 0 0 0 0 0 0 0 0 0 0 0 0 0 0 0 0 0]
[3269480960031832293013351977826264282997969174759662597821995988270798905725994738218479696336473168317288337578910057139412524855890758876203447725227302572747847545895498162745209472375074143337543515572774231 0 0 0 0 0 0 0 0 0 0 0 0 0 0 0 0 0 0 0 0 0 0 0 0 0 0 0 0 0 0 0 0 0 0 0 0 0 0 0 0 0 0 0 0 0 1 0 0 0 0 0 0 0 0 0 0 0 0 0 0 0 0 0 0 0 0 0 0 0]
[2621352894602844535841537316935871053855388045869485637838965245131486649729777761628466029222489372545107813908704962305216548453046817192974160219516527373707387614460383377572762266858246362529706271864500699 0 0 0 0 0 0 0 0 0 0 0 0 0 0 0 0 0 0 0 0 0 0 0 0 0 0 0 0 0 0 0 0 0 0 0 0 0 0 0 0 0 0 0 0 0 0 1 0 0 0 0 0 0 0 0 0 0 0 0 0 0 0 0 0 0 0 0 0 0]
[3448491156366968219911787619760135377342718693026438353255357325795145188218376763307184229674882589207695916766310322831910263752600975124353271128840447049903177787458327926839705436263071385031217026274397693 0 0 0 0 0 0 0 0 0 0 0 0 0 0 0 0 0 0 0 0 0 0 0 0 0 0 0 0 0 0 0 0 0 0 0 0 0 0 0 0 0 0 0 0 0 0 0 1 0 0 0 0 0 0 0 0 0 0 0 0 0 0 0 0 0 0 0 0 0]
[2753772085039016109601543242544635102626839658554491854076397968633954688482597922582869547011421388958879042065828425754323297792048173969061294657793299703609539192109324035867944479491320286813672913535908962 0 0 0 0 0 0 0 0 0 0 0 0 0 0 0 0 0 0 0 0 0 0 0 0 0 0 0 0 0 0 0 0 0 0 0 0 0 0 0 0 0 0 0 0 0 0 0 0 1 0 0 0 0 0 0 0 0 0 0 0 0 0 0 0 0 0 0 0 0]
[3197535908849541372858966684185111333837226444243813311615282311507283584114118384002242764258985509627719447388189145415880608265553707110540581492875037779804712008177439724516689373468045777800642496291773251 0 0 0 0 0 0 0 0 0 0 0 0 0 0 0 0 0 0 0 0 0 0 0 0 0 0 0 0 0 0 0 0 0 0 0 0 0 0 0 0 0 0 0 0 0 0 0 0 0 1 0 0 0 0 0 0 0 0 0 0 0 0 0 0 0 0 0 0 0]
[273690654611621175162585211511624983867411564218328931387690678742436360318621302376145799361447006845322493210771050940057466062020112111767343170989570848046551038545853520592765976272098844269479402082915821 0 0 0 0 0 0 0 0 0 0 0 0 0 0 0 0 0 0 0 0 0 0 0 0 0 0 0 0 0 0 0 0 0 0 0 0 0 0 0 0 0 0 0 0 0 0 0 0 0 0 1 0 0 0 0 0 0 0 0 0 0 0 0 0 0 0 0 0 0]
[2901793871202749520505286892159974784164753532888798570904767940281744165515140298416528873072928649431533450220594701294140053172830796709006677332177245693022232938982792090832738424860572327684135922359707299 0 0 0 0 0 0 0 0 0 0 0 0 0 0 0 0 0 0 0 0 0 0 0 0 0 0 0 0 0 0 0 0 0 0 0 0 0 0 0 0 0 0 0 0 0 0 0 0 0 0 0 1 0 0 0 0 0 0 0 0 0 0 0 0 0 0 0 0 0]
[912289303322033153415283975256698334054373660855173333254606887268791383162963283225764077724838373605063281849438201551871692645649289150801759729730086354126694734595668475738409027471356361721207556622224062 0 0 0 0 0 0 0 0 0 0 0 0 0 0 0 0 0 0 0 0 0 0 0 0 0 0 0 0 0 0 0 0 0 0 0 0 0 0 0 0 0 0 0 0 0 0 0 0 0 0 0 0 1 0 0 0 0 0 0 0 0 0 0 0 0 0 0 0 0]
[1627051969171364422326348556866918031425113850247759299384691855484233526346502413270138484200161024852057023673975245891418955116713427663705525321583414651614503445418149580963079537908842622634214848898028998 0 0 0 0 0 0 0 0 0 0 0 0 0 0 0 0 0 0 0 0 0 0 0 0 0 0 0 0 0 0 0 0 0 0 0 0 0 0 0 0 0 0 0 0 0 0 0 0 0 0 0 0 0 1 0 0 0 0 0 0 0 0 0 0 0 0 0 0 0]
[3341541583288497649309493512458361342231511624619590446650641591017722916057750638915743363901499739996549954134041363747007030976118864512656667142919268609239343189476767921436202943939607249222071610008451792 0 0 0 0 0 0 0 0 0 0 0 0 0 0 0 0 0 0 0 0 0 0 0 0 0 0 0 0 0 0 0 0 0 0 0 0 0 0 0 0 0 0 0 0 0 0 0 0 0 0 0 0 0 0 1 0 0 0 0 0 0 0 0 0 0 0 0 0 0]
[912743151563089382124408455571350303253243858556932364535199638791638820010116173377397596853167297953265620715705510493533371671329662538779779944761932504567660673752193955525295440056688179206700182628707505 0 0 0 0 0 0 0 0 0 0 0 0 0 0 0 0 0 0 0 0 0 0 0 0 0 0 0 0 0 0 0 0 0 0 0 0 0 0 0 0 0 0 0 0 0 0 0 0 0 0 0 0 0 0 0 1 0 0 0 0 0 0 0 0 0 0 0 0 0]
[1396101257691097988317135995314524142771868747204353256967051984244813093933680772013727909026943133610166659338910637526977180824943694784502773554641916522424845340214042310982986994679887299136824181342529142 0 0 0 0 0 0 0 0 0 0 0 0 0 0 0 0 0 0 0 0 0 0 0 0 0 0 0 0 0 0 0 0 0 0 0 0 0 0 0 0 0 0 0 0 0 0 0 0 0 0 0 0 0 0 0 0 1 0 0 0 0 0 0 0 0 0 0 0 0]
[2970533478199699744248745652448954700122795757096530460001504987937091518923285149024879647993716841912648979109458282837625514946136140056249009160746416070104455989363700359647668639582858613441350557593088625 0 0 0 0 0 0 0 0 0 0 0 0 0 0 0 0 0 0 0 0 0 0 0 0 0 0 0 0 0 0 0 0 0 0 0 0 0 0 0 0 0 0 0 0 0 0 0 0 0 0 0 0 0 0 0 0 0 1 0 0 0 0 0 0 0 0 0 0 0]
[278149027797666342841617307645893633937567262284223717921410175937677750473477531552842455834829336452411308761921098311189586159839000373214326652110560125687914786145774133516421598698956227706891438707656227 0 0 0 0 0 0 0 0 0 0 0 0 0 0 0 0 0 0 0 0 0 0 0 0 0 0 0 0 0 0 0 0 0 0 0 0 0 0 0 0 0 0 0 0 0 0 0 0 0 0 0 0 0 0 0 0 0 0 1 0 0 0 0 0 0 0 0 0 0]
[444768216678653912670958795384199891547705498875537021542603011496440851779396763628658691847667516240894671341253309761091560528132872629208006170406910616110744792618921410679630754248047992109104677536688535 0 0 0 0 0 0 0 0 0 0 0 0 0 0 0 0 0 0 0 0 0 0 0 0 0 0 0 0 0 0 0 0 0 0 0 0 0 0 0 0 0 0 0 0 0 0 0 0 0 0 0 0 0 0 0 0 0 0 0 1 0 0 0 0 0 0 0 0 0]
[2532294043446746457149556331168604354868352302784267815143593619881995278945605224646772167111770662977269755228152286499883159341628695396558726273192896840091039172842908030783100536405439051538013216108878238 0 0 0 0 0 0 0 0 0 0 0 0 0 0 0 0 0 0 0 0 0 0 0 0 0 0 0 0 0 0 0 0 0 0 0 0 0 0 0 0 0 0 0 0 0 0 0 0 0 0 0 0 0 0 0 0 0 0 0 0 1 0 0 0 0 0 0 0 0]
[3430606160561872009524258937233678756339316522445467300443944383302536731085249278609364890640339541192163037710091543460107459028661032300781234470715236181450558306817774018465610497246895809196468130758823847 0 0 0 0 0 0 0 0 0 0 0 0 0 0 0 0 0 0 0 0 0 0 0 0 0 0 0 0 0 0 0 0 0 0 0 0 0 0 0 0 0 0 0 0 0 0 0 0 0 0 0 0 0 0 0 0 0 0 0 0 0 1 0 0 0 0 0 0 0]
[1212909343363874492517519799807889452070852816062476554348153193412368816879421908393375462930452470165470637583047735934283203973742289892869003618195071687351262125280604707216290839766273453208504463387730883 0 0 0 0 0 0 0 0 0 0 0 0 0 0 0 0 0 0 0 0 0 0 0 0 0 0 0 0 0 0 0 0 0 0 0 0 0 0 0 0 0 0 0 0 0 0 0 0 0 0 0 0 0 0 0 0 0 0 0 0 0 0 1 0 0 0 0 0 0]
[1225996320506354792704208387922798285514051416472849709876619828942264062951346841368640752511663027167056306224012828973628989082904483471967313527449647767225554694231553707608795813479063453006900181544990539 0 0 0 0 0 0 0 0 0 0 0 0 0 0 0 0 0 0 0 0 0 0 0 0 0 0 0 0 0 0 0 0 0 0 0 0 0 0 0 0 0 0 0 0 0 0 0 0 0 0 0 0 0 0 0 0 0 0 0 0 0 0 0 1 0 0 0 0 0]
[958357797414130961957278057297579242001312972622519753538351406763876909184945173546970008610735100526773261161503854968166153687559344399165716149372089894709916188352283413676888298007043638298686488694695299 0 0 0 0 0 0 0 0 0 0 0 0 0 0 0 0 0 0 0 0 0 0 0 0 0 0 0 0 0 0 0 0 0 0 0 0 0 0 0 0 0 0 0 0 0 0 0 0 0 0 0 0 0 0 0 0 0 0 0 0 0 0 0 0 1 0 0 0 0]
[246943051499204650658948656852330511480645296544911529447341136092921442258332031793066220886208151469679359148500661552868783303247370677923889881833112537456295338801578598814617179578964966725126129929734664 0 0 0 0 0 0 0 0 0 0 0 0 0 0 0 0 0 0 0 0 0 0 0 0 0 0 0 0 0 0 0 0 0 0 0 0 0 0 0 0 0 0 0 0 0 0 0 0 0 0 0 0 0 0 0 0 0 0 0 0 0 0 0 0 0 1 0 0 0]
[1509176336442105042294052361522559002091040673113474201348580802903779725992558615910520593003439852664771341997046888322645625221421170103408570650714629744432564552488806958231499864725355403044371670700044409 0 0 0 0 0 0 0 0 0 0 0 0 0 0 0 0 0 0 0 0 0 0 0 0 0 0 0 0 0 0 0 0 0 0 0 0 0 0 0 0 0 0 0 0 0 0 0 0 0 0 0 0 0 0 0 0 0 0 0 0 0 0 0 0 0 0 1 0 0]
[3240174008971357761793415519031405304008312512665012304506545764957108559108884194019168992753799697743894613297822081684357398727118827699610500034819403704382403900336322881931195396405802656267122820582254536 0 0 0 0 0 0 0 0 0 0 0 0 0 0 0 0 0 0 0 0 0 0 0 0 0 0 0 0 0 0 0 0 0 0 0 0 0 0 0 0 0 0 0 0 0 0 0 0 0 0 0 0 0 0 0 0 0 0 0 0 0 0 0 0 0 0 0 1 0]
[1176734170947558102741231577740629442019403460175592230562650241394348517418758722498762291780816935428457519409061464982278148104837380337205307275909404011277396079513777682505480598952888701196302138998310465 0 0 0 0 0 0 0 0 0 0 0 0 0 0 0 0 0 0 0 0 0 0 0 0 0 0 0 0 0 0 0 0 0 0 0 0 0 0 0 0 0 0 0 0 0 0 0 0 0 0 0 0 0 0 0 0 0 0 0 0 0 0 0 0 0 0 0 0 1]
]
