[[3194578078333937692013893623433853429855705848638460816356656114832930612182394559522608762935191970138765666260975581956011039140096738024595679724764945099442957889516730943509619012297271400995098148919379341 0 0 0 0 0 0 0 0 0 0 0 0 0 0 0 0 0 0 0 0 0 0 0 0 0 0 0 0 0 0 0 0 0 0 0 0 0 0 0 0 0 0 0 0 0 0 0 0 0 0 0 0 0 0 0 0 0 0 0 0 0 0 0 0 0 0 0 0 0]
[452749702972090615967401284055244296924426487063014073289352140419201603993844351258669735229760184529649564168640747935871375690469503901286360420740583366498790278321685148848036618780003550237101718861650486 1 0 0 0 0 0 0 0 0 0 0 0 0 0 0 0 0 0 0 0 0 0 0 0 0 0 0 0 0 0 0 0 0 0 0 0 0 0 0 0 0 0 0 0 0 0 0 0 0 0 0 0 0 0 0 0 0 0 0 0 0 0 0 0 0 0 0 0 0]
[523835189820533189076608802958922162543912966365599658862387179105432303713060156930317584831790021734665488744560591666700665665009209197327852922269367951486895604698532706456767631983697764432206277694704312 0 1 0 0 0 0 0 0 0 0 0 0 0 0 0 0 0 0 0 0 0 0 0 0 0 0 0 0 0 0 0 0 0 0 0 0 0 0 0 0 0 0 0 0 0 0 0 0 0 0 0 0 0 0 0 0 0 0 0 0 0 0 0 0 0 0 0 0 0]
[754059254971108019282271970484799610087488169279176748180845643972980944582043654094555534681857687119612061698806013217525867775104442800154549641136912141296494140581281868235898227881860482308716798014545365 0 0 1 0 0 0 0 0 0 0 0 0 0 0 0 0 0 0 0 0 0 0 0 0 0 0 0 0 0 0 0 0 0 0 0 0 0 0 0 0 0 0 0 0 0 0 0 0 0 0 0 0 0 0 0 0 0 0 0 0 0 0 0 0 0 0 0 0 0]
[903069012213811532640386134907540374637940986764918603132207968854872357263187046083691941044433719228845843996059760576412745730907003892120946267461697769104085064955203286956544924974132273520598745005037533 0 0 0 1 0 0 0 0 0 0 0 0 0 0 0 0 0 0 0 0 0 0 0 0 0 0 0 0 0 0 0 0 0 0 0 0 0 0 0 0 0 0 0 0 0 0 0 0 0 0 0 0 0 0 0 0 0 0 0 0 0 0 0 0 0 0 0 0 0]
[2207853045497695260317269101747314495615361494380913837792442539819580600141393252357790649318172493514685834939619659535269751342852544744959759528189657551199606349976385138159560968035096616374622607458886434 0 0 0 0 1 0 0 0 0 0 0 0 0 0 0 0 0 0 0 0 0 0 0 0 0 0 0 0 0 0 0 0 0 0 0 0 0 0 0 0 0 0 0 0 0 0 0 0 0 0 0 0 0 0 0 0 0 0 0 0 0 0 0 0 0 0 0 0 0]
[2125205349611547998698175781612143225839029017054705272697834278746569708521719833575845659626503473306578997092315135258578637944352283218696116450402551552694761641915476109344469066299896169619496358688962763 0 0 0 0 0 1 0 0 0 0 0 0 0 0 0 0 0 0 0 0 0 0 0 0 0 0 0 0 0 0 0 0 0 0 0 0 0 0 0 0 0 0 0 0 0 0 0 0 0 0 0 0 0 0 0 0 0 0 0 0 0 0 0 0 0 0 0 0 0]
[2424828132501467969450882371092831156667040612390480159663500103511765328922082817121931191221212649168130495031164876711278097190178181867949496408402124064070169960691866273422256790931481036912492463663454218 0 0 0 0 0 0 1 0 0 0 0 0 0 0 0 0 0 0 0 0 0 0 0 0 0 0 0 0 0 0 0 0 0 0 0 0 0 0 0 0 0 0 0 0 0 0 0 0 0 0 0 0 0 0 0 0 0 0 0 0 0 0 0 0 0 0 0 0 0]
[121757892596399538947278225652764662002855795786188264193944057687823611960024926362248052223524224821141965812805161025103642113036163287160893070275976740155596469919556946865833507495564308532783087158058369 0 0 0 0 0 0 0 1 0 0 0 0 0 0 0 0 0 0 0 0 0 0 0 0 0 0 0 0 0 0 0 0 0 0 0 0 0 0 0 0 0 0 0 0 0 0 0 0 0 0 0 0 0 0 0 0 0 0 0 0 0 0 0 0 0 0 0 0 0]
[3109851216206943188922439473187329465541409266435738569088641061333917138091234752960328874296000241752298680814070234725082916319022077202435119609727016989285573303898507036579247102384400365284789321274292618 0 0 0 0 0 0 0 0 1 0 0 0 0 0 0 0 0 0 0 0 0 0 0 0 0 0 0 0 0 0 0 0 0 0 0 0 0 0 0 0 0 0 0 0 0 0 0 0 0 0 0 0 0 0 0 0 0 0 0 0 0 0 0 0 0 0 0 0 0]
[257266370195226983632798009228336680726085904955233481780996679110733718261585591149334087372169191100538819617557075877078858667030587519395687881460373177102731671429346471145932674884796762106983772142627856 0 0 0 0 0 0 0 0 0 1 0 0 0 0 0 0 0 0 0 0 0 0 0 0 0 0 0 0 0 0 0 0 0 0 0 0 0 0 0 0 0 0 0 0 0 0 0 0 0 0 0 0 0 0 0 0 0 0 0 0 0 0 0 0 0 0 0 0 0]
[2546016146282178359295488994324469400500551332249250106557693049348749094086300179306362680828812937560191129221561858360826405671407131245372424857763128595471896162567251132175125190296482689921292452099401803 0 0 0 0 0 0 0 0 0 0 1 0 0 0 0 0 0 0 0 0 0 0 0 0 0 0 0 0 0 0 0 0 0 0 0 0 0 0 0 0 0 0 0 0 0 0 0 0 0 0 0 0 0 0 0 0 0 0 0 0 0 0 0 0 0 0 0 0 0]
[1289560219036027133626508017855446413035070231379700848216522912471540162859259647963200246054180861808460027992309424972243140290373635261737396548995994612224337739332997293270641092359289745428454257784386378 0 0 0 0 0 0 0 0 0 0 0 1 0 0 0 0 0 0 0 0 0 0 0 0 0 0 0 0 0 0 0 0 0 0 0 0 0 0 0 0 0 0 0 0 0 0 0 0 0 0 0 0 0 0 0 0 0 0 0 0 0 0 0 0 0 0 0 0 0]
[2916811043538314957716639332168414798455490985738139900702773836509459720983029455797268176774184940050556240932276471913518133149122836109225623178641329910247715889705849446248303600854609448212612090649419406 0 0 0 0 0 0 0 0 0 0 0 0 1 0 0 0 0 0 0 0 0 0 0 0 0 0 0 0 0 0 0 0 0 0 0 0 0 0 0 0 0 0 0 0 0 0 0 0 0 0 0 0 0 0 0 0 0 0 0 0 0 0 0 0 0 0 0 0 0]
[910953405798094778943880162518371054890366740751190994510491291760678807721503622923190879588211789192504155578726503699959114485425981921963368332239139872017100512277206403503418258024322426531968510966574518 0 0 0 0 0 0 0 0 0 0 0 0 0 1 0 0 0 0 0 0 0 0 0 0 0 0 0 0 0 0 0 0 0 0 0 0 0 0 0 0 0 0 0 0 0 0 0 0 0 0 0 0 0 0 0 0 0 0 0 0 0 0 0 0 0 0 0 0 0]
[1817846060364215080810615454291445068128760332187570658633220974968239583823540131265056309087127669981925444209283937600458181615972362714315313996105414355001647847317576465597798514025446358440088175913068542 0 0 0 0 0 0 0 0 0 0 0 0 0 0 1 0 0 0 0 0 0 0 0 0 0 0 0 0 0 0 0 0 0 0 0 0 0 0 0 0 0 0 0 0 0 0 0 0 0 0 0 0 0 0 0 0 0 0 0 0 0 0 0 0 0 0 0 0 0]
[1762868698268240044420244556700170948848138601806411563740256749212454651583292405247780021007151448819886444949456899000826915121860573296554304557725043999192321038097243686414658604797069142290030392682819977 0 0 0 0 0 0 0 0 0 0 0 0 0 0 0 1 0 0 0 0 0 0 0 0 0 0 0 0 0 0 0 0 0 0 0 0 0 0 0 0 0 0 0 0 0 0 0 0 0 0 0 0 0 0 0 0 0 0 0 0 0 0 0 0 0 0 0 0 0]
[688729146315794477918010411194288960395145237222170434015084394173419608000826913151365253646937540822504567812284707290536612323093117221823350592648386410594240705556242649223939707501057248157640032319680487 0 0 0 0 0 0 0 0 0 0 0 0 0 0 0 0 1 0 0 0 0 0 0 0 0 0 0 0 0 0 0 0 0 0 0 0 0 0 0 0 0 0 0 0 0 0 0 0 0 0 0 0 0 0 0 0 0 0 0 0 0 0 0 0 0 0 0 0 0]
[718209682895874971489759598416317754310646161146298447932872192322752246264621469879617650686104263212672322478745413418276407989098804830029546517678712380225906951540473227860394921665631779505709930751476543 0 0 0 0 0 0 0 0 0 0 0 0 0 0 0 0 0 1 0 0 0 0 0 0 0 0 0 0 0 0 0 0 0 0 0 0 0 0 0 0 0 0 0 0 0 0 0 0 0 0 0 0 0 0 0 0 0 0 0 0 0 0 0 0 0 0 0 0 0]
[2340397243918063582148169484919863843443990318222504219973071804563123666064802955321007308150342221390267481216634916835535645820579483746617580605747860583984436655679255613905252338782915176401541176770437086 0 0 0 0 0 0 0 0 0 0 0 0 0 0 0 0 0 0 1 0 0 0 0 0 0 0 0 0 0 0 0 0 0 0 0 0 0 0 0 0 0 0 0 0 0 0 0 0 0 0 0 0 0 0 0 0 0 0 0 0 0 0 0 0 0 0 0 0 0]
[2343422900145174258612361658137925262512595702063702915086074665034944702673524759839017652623905170748851981816088331274454597372501901658976687297932513170898683573908083606179467202714579655544424488616057052 0 0 0 0 0 0 0 0 0 0 0 0 0 0 0 0 0 0 0 1 0 0 0 0 0 0 0 0 0 0 0 0 0 0 0 0 0 0 0 0 0 0 0 0 0 0 0 0 0 0 0 0 0 0 0 0 0 0 0 0 0 0 0 0 0 0 0 0 0]
[411314820034808699157691522403500845993959988110193852620277231242791811953402998157892313836436571716576603723371059776200987206926029967948593025953169292224271571213525601807920013298276443426953591845161455 0 0 0 0 0 0 0 0 0 0 0 0 0 0 0 0 0 0 0 0 1 0 0 0 0 0 0 0 0 0 0 0 0 0 0 0 0 0 0 0 0 0 0 0 0 0 0 0 0 0 0 0 0 0 0 0 0 0 0 0 0 0 0 0 0 0 0 0 0]
[520581516671948888537121095879782390317444668292052962794237476746752792500430668153810414255011013664515712762324095729227060069408413479155204728644544520400988150607932934259424550766297046388266007122234997 0 0 0 0 0 0 0 0 0 0 0 0 0 0 0 0 0 0 0 0 0 1 0 0 0 0 0 0 0 0 0 0 0 0 0 0 0 0 0 0 0 0 0 0 0 0 0 0 0 0 0 0 0 0 0 0 0 0 0 0 0 0 0 0 0 0 0 0 0]
[2739955837839915484172330113448060802326729545977294045184368514750693603145055980725431866235625469796839765932872915100427180833827211355502939940208714581732992919272209932779388854992273913923659732206755239 0 0 0 0 0 0 0 0 0 0 0 0 0 0 0 0 0 0 0 0 0 0 1 0 0 0 0 0 0 0 0 0 0 0 0 0 0 0 0 0 0 0 0 0 0 0 0 0 0 0 0 0 0 0 0 0 0 0 0 0 0 0 0 0 0 0 0 0 0]
[1264174326405288871949402135734493064515054347880464949473552007488049187841349879640000758221369844744168955744383356796435069029397755389776365194603963172864008474404987311463739828531489294224127809240296605 0 0 0 0 0 0 0 0 0 0 0 0 0 0 0 0 0 0 0 0 0 0 0 1 0 0 0 0 0 0 0 0 0 0 0 0 0 0 0 0 0 0 0 0 0 0 0 0 0 0 0 0 0 0 0 0 0 0 0 0 0 0 0 0 0 0 0 0 0]
[2039655154890199507507973877657485997089051344615899560347231481240495860269688282900768907455163687399282574492084026095143937545850867340321231739262610866615557553852515045757165728421204689671865625356902935 0 0 0 0 0 0 0 0 0 0 0 0 0 0 0 0 0 0 0 0 0 0 0 0 1 0 0 0 0 0 0 0 0 0 0 0 0 0 0 0 0 0 0 0 0 0 0 0 0 0 0 0 0 0 0 0 0 0 0 0 0 0 0 0 0 0 0 0 0]
[1114424529743400075996547927297548899377368939564687597137103272883543524563526580011694216187922961529493260198238063646054684879763376446541751925239807914906368488993545789690227183378891321613400613276087579 0 0 0 0 0 0 0 0 0 0 0 0 0 0 0 0 0 0 0 0 0 0 0 0 0 1 0 0 0 0 0 0 0 0 0 0 0 0 0 0 0 0 0 0 0 0 0 0 0 0 0 0 0 0 0 0 0 0 0 0 0 0 0 0 0 0 0 0 0]
[1556131414606399526514237120932105041621031001926303665256999489621007431808930319045632860263843097405443850592734896947363108394112196787012752808339707231840178734473612196118001177766800557035827195453107560 0 0 0 0 0 0 0 0 0 0 0 0 0 0 0 0 0 0 0 0 0 0 0 0 0 0 1 0 0 0 0 0 0 0 0 0 0 0 0 0 0 0 0 0 0 0 0 0 0 0 0 0 0 0 0 0 0 0 0 0 0 0 0 0 0 0 0 0 0]
[1833219734366707876567443445090674414660605981339014532603276686057206685759003379778180569409278226643934567329165025958371381079477330609477208993021806040931985247170267254411561577793890769785257267331236495 0 0 0 0 0 0 0 0 0 0 0 0 0 0 0 0 0 0 0 0 0 0 0 0 0 0 0 1 0 0 0 0 0 0 0 0 0 0 0 0 0 0 0 0 0 0 0 0 0 0 0 0 0 0 0 0 0 0 0 0 0 0 0 0 0 0 0 0 0]
[1931206869161563703680441807754985891306041497278188898678044756444177480790466386031427369577344551584419757106627618359843573047841134413814640372737026123622582330455330657845567740089720496928529447516724614 0 0 0 0 0 0 0 0 0 0 0 0 0 0 0 0 0 0 0 0 0 0 0 0 0 0 0 0 1 0 0 0 0 0 0 0 0 0 0 0 0 0 0 0 0 0 0 0 0 0 0 0 0 0 0 0 0 0 0 0 0 0 0 0 0 0 0 0 0]
[3185071388025508029192344437348519576459481960373392926959881101872292096373174678297326703383296708692046429269579074318484808343989911911578343701643282624085877460644380035026255788042664685497785069629263907 0 0 0 0 0 0 0 0 0 0 0 0 0 0 0 0 0 0 0 0 0 0 0 0 0 0 0 0 0 1 0 0 0 0 0 0 0 0 0 0 0 0 0 0 0 0 0 0 0 0 0 0 0 0 0 0 0 0 0 0 0 0 0 0 0 0 0 0 0]
[780050641971175331742185368585883250493307739279129677595456462475579727086698774356969982676947098508554143272552945834391529631109789559569544250152633814494407675749745585693435181465291947475111277869357932 0 0 0 0 0 0 0 0 0 0 0 0 0 0 0 0 0 0 0 0 0 0 0 0 0 0 0 0 0 0 1 0 0 0 0 0 0 0 0 0 0 0 0 0 0 0 0 0 0 0 0 0 0 0 0 0 0 0 0 0 0 0 0 0 0 0 0 0 0]
[1449075710673082397639791666705018549100008304724902860512232755675976572402406365646452126911114422326351790536247224624354654317328420714781945110579508101741900286484140927684530880977923341238658945820130771 0 0 0 0 0 0 0 0 0 0 0 0 0 0 0 0 0 0 0 0 0 0 0 0 0 0 0 0 0 0 0 1 0 0 0 0 0 0 0 0 0 0 0 0 0 0 0 0 0 0 0 0 0 0 0 0 0 0 0 0 0 0 0 0 0 0 0 0 0]
[81168938617303572832531893232110452579006359470279500463796069933512721088740457911571923520642923626476384083181840806997317066579620113120775671929099032105698436840930012654244789857057118433681756237404045 0 0 0 0 0 0 0 0 0 0 0 0 0 0 0 0 0 0 0 0 0 0 0 0 0 0 0 0 0 0 0 0 1 0 0 0 0 0 0 0 0 0 0 0 0 0 0 0 0 0 0 0 0 0 0 0 0 0 0 0 0 0 0 0 0 0 0 0 0]
[2754887919627885445607887345089977691679293178120481951044353258248122682801965577944603965033738473500735982369646844686030931297975191034980147626283757186173321295998235559232895321009723112350190412507310166 0 0 0 0 0 0 0 0 0 0 0 0 0 0 0 0 0 0 0 0 0 0 0 0 0 0 0 0 0 0 0 0 0 1 0 0 0 0 0 0 0 0 0 0 0 0 0 0 0 0 0 0 0 0 0 0 0 0 0 0 0 0 0 0 0 0 0 0 0]
[2162162763969323487637390231028594172058245796274338618513801291814429324089063020102808848327554378491722400176174661495990540290639511242576625632678679954645847348979165343924231707478018168851770560017985112 0 0 0 0 0 0 0 0 0 0 0 0 0 0 0 0 0 0 0 0 0 0 0 0 0 0 0 0 0 0 0 0 0 0 1 0 0 0 0 0 0 0 0 0 0 0 0 0 0 0 0 0 0 0 0 0 0 0 0 0 0 0 0 0 0 0 0 0 0]
[1672977063031871096135409991356683933446393091041670801387223251714943208633975873386265649527419141435941952463288226982572273493218903520000543589642142631517172382517005512075289020734397436535338523725551334 0 0 0 0 0 0 0 0 0 0 0 0 0 0 0 0 0 0 0 0 0 0 0 0 0 0 0 0 0 0 0 0 0 0 0 1 0 0 0 0 0 0 0 0 0 0 0 0 0 0 0 0 0 0 0 0 0 0 0 0 0 0 0 0 0 0 0 0 0]
[870486086579006265057909546591226110801114466875689766344835700056930666508367081988638400099110501312725474253684253110784686333038907604129567234885487554380729960770434602174571577440256260707549646982659066 0 0 0 0 0 0 0 0 0 0 0 0 0 0 0 0 0 0 0 0 0 0 0 0 0 0 0 0 0 0 0 0 0 0 0 0 1 0 0 0 0 0 0 0 0 0 0 0 0 0 0 0 0 0 0 0 0 0 0 0 0 0 0 0 0 0 0 0 0]
[490316492479411479132635873273423193750498343163160798955051897367850923854997025799491113831151089882017405383446921064682120066684601240679751388964760148618314691204144814089302244977943674576810420291072829 0 0 0 0 0 0 0 0 0 0 0 0 0 0 0 0 0 0 0 0 0 0 0 0 0 0 0 0 0 0 0 0 0 0 0 0 0 1 0 0 0 0 0 0 0 0 0 0 0 0 0 0 0 0 0 0 0 0 0 0 0 0 0 0 0 0 0 0 0]
[1853055224073528738974267199855296887684438150725984054287255615197106633811955924787340930026553502978960706926337923574667993761772250347874206539560251508971629639001748787234628506758819671680531643624021857 0 0 0 0 0 0 0 0 0 0 0 0 0 0 0 0 0 0 0 0 0 0 0 0 0 0 0 0 0 0 0 0 0 0 0 0 0 0 1 0 0 0 0 0 0 0 0 0 0 0 0 0 0 0 0 0 0 0 0 0 0 0 0 0 0 0 0 0 0]
[523802821135577254858777550218606203533197923300877469374626770920066684991944971149966491434235907482214998228836948520492271479735222904865873889531308958977351471893494395665456823001462662707233662955569251 0 0 0 0 0 0 0 0 0 0 0 0 0 0 0 0 0 0 0 0 0 0 0 0 0 0 0 0 0 0 0 0 0 0 0 0 0 0 0 1 0 0 0 0 0 0 0 0 0 0 0 0 0 0 0 0 0 0 0 0 0 0 0 0 0 0 0 0 0]
[3132544940100092789655453487124359413687402322585799430475860211088951835339145249181562203102491283969098499465983708411656853671018035388241681717083896831145505276566798640936129505349076668465483003493470817 0 0 0 0 0 0 0 0 0 0 0 0 0 0 0 0 0 0 0 0 0 0 0 0 0 0 0 0 0 0 0 0 0 0 0 0 0 0 0 0 1 0 0 0 0 0 0 0 0 0 0 0 0 0 0 0 0 0 0 0 0 0 0 0 0 0 0 0 0]
[1176338733261756275548950266440472884506280006884852880709695672233157097746487511064881476265764131329903990404518234738950210350376855092402009019795739642310655290511973502769405594347599528104153102560176412 0 0 0 0 0 0 0 0 0 0 0 0 0 0 0 0 0 0 0 0 0 0 0 0 0 0 0 0 0 0 0 0 0 0 0 0 0 0 0 0 0 1 0 0 0 0 0 0 0 0 0 0 0 0 0 0 0 0 0 0 0 0 0 0 0 0 0 0 0]
[2847505629477454626363403424893455217110433588113337626403991749349452928421565032468955495094136320079342144937978585780530962316661860801357831823152938741397565908785730030057822246767335021316965876397333877 0 0 0 0 0 0 0 0 0 0 0 0 0 0 0 0 0 0 0 0 0 0 0 0 0 0 0 0 0 0 0 0 0 0 0 0 0 0 0 0 0 0 1 0 0 0 0 0 0 0 0 0 0 0 0 0 0 0 0 0 0 0 0 0 0 0 0 0 0]
[3137948957509969192924209462803028905977389865128009431109711288913774240768589363212728062819004395658527991249309786486626158427476268593621902131887721983689221620230569207412760613273130134127207483244555790 0 0 0 0 0 0 0 0 0 0 0 0 0 0 0 0 0 0 0 0 0 0 0 0 0 0 0 0 0 0 0 0 0 0 0 0 0 0 0 0 0 0 0 1 0 0 0 0 0 0 0 0 0 0 0 0 0 0 0 0 0 0 0 0 0 0 0 0 0]
[2853452752794881583601333441979619775101755234784391923153244827624630029861063646320082983796722779763963826011603723890840855436378130196664714907811108652852125588579863744611823147709681556310449852275839624 0 0 0 0 0 0 0 0 0 0 0 0 0 0 0 0 0 0 0 0 0 0 0 0 0 0 0 0 0 0 0 0 0 0 0 0 0 0 0 0 0 0 0 0 1 0 0 0 0 0 0 0 0 0 0 0 0 0 0 0 0 0 0 0 0 0 0 0 0]
[2065117127042654397907080618960245046702450316141933562149943601768503674832191102615588021261094946109816899882777446429524365156032011907817441935511067973392419306774187695735617345622310469513655980313840244 0 0 0 0 0 0 0 0 0 0 0 0 0 0 0 0 0 0 0 0 0 0 0 0 0 0 0 0 0 0 0 0 0 0 0 0 0 0 0 0 0 0 0 0 0 1 0 0 0 0 0 0 0 0 0 0 0 0 0 0 0 0 0 0 0 0 0 0 0]
[1327323403271779578542071494540974066694919666678227075520900698872167186316969393833744201708806987678507611627670469236391033655913377058010266584973848596236527797567870672970534937700460157956371760032429731 0 0 0 0 0 0 0 0 0 0 0 0 0 0 0 0 0 0 0 0 0 0 0 0 0 0 0 0 0 0 0 0 0 0 0 0 0 0 0 0 0 0 0 0 0 0 1 0 0 0 0 0 0 0 0 0 0 0 0 0 0 0 0 0 0 0 0 0 0]
[215327162890522562886334003486620559079556359750107760140184538387467304822154926948389619420807620826481689526299269133639048950890057817901547839613351058120452580190899084164864541867876350320523910733316084 0 0 0 0 0 0 0 0 0 0 0 0 0 0 0 0 0 0 0 0 0 0 0 0 0 0 0 0 0 0 0 0 0 0 0 0 0 0 0 0 0 0 0 0 0 0 0 1 0 0 0 0 0 0 0 0 0 0 0 0 0 0 0 0 0 0 0 0 0]
[380967690392691160651643886285954665866694028310167112397125253564377330413559391853145100423486164547035284906195174631409366411293849155857581623438988204424036462079053468491011606502041188195692206586933785 0 0 0 0 0 0 0 0 0 0 0 0 0 0 0 0 0 0 0 0 0 0 0 0 0 0 0 0 0 0 0 0 0 0 0 0 0 0 0 0 0 0 0 0 0 0 0 0 1 0 0 0 0 0 0 0 0 0 0 0 0 0 0 0 0 0 0 0 0]
[1466801151653983841457986879833291332711110547127551356422572272156919729280631214149271242079011318709628026569535988759601550804313980996481174491582885413429650547769294157108279676375152422858575601349636851 0 0 0 0 0 0 0 0 0 0 0 0 0 0 0 0 0 0 0 0 0 0 0 0 0 0 0 0 0 0 0 0 0 0 0 0 0 0 0 0 0 0 0 0 0 0 0 0 0 1 0 0 0 0 0 0 0 0 0 0 0 0 0 0 0 0 0 0 0]
[1592464165882534018050052648439705761072825970488552228897593482129078805845226880924924734012213932092354218367506060989233441386457126497323259068512687122540602126240622718298412365807190370924365352601671439 0 0 0 0 0 0 0 0 0 0 0 0 0 0 0 0 0 0 0 0 0 0 0 0 0 0 0 0 0 0 0 0 0 0 0 0 0 0 0 0 0 0 0 0 0 0 0 0 0 0 1 0 0 0 0 0 0 0 0 0 0 0 0 0 0 0 0 0 0]
[443586563835861037691946990028723823169612822294732426882872670672172901508273275711555321783831994886625265036214566932915204377433514864709268208158131240519750726781758049146970565800847625916103144096651345 0 0 0 0 0 0 0 0 0 0 0 0 0 0 0 0 0 0 0 0 0 0 0 0 0 0 0 0 0 0 0 0 0 0 0 0 0 0 0 0 0 0 0 0 0 0 0 0 0 0 0 1 0 0 0 0 0 0 0 0 0 0 0 0 0 0 0 0 0]
[2647464292512677226991229832139021142349257051245434796609656510118207582755833031429337716950728388262772583108825753513665620979973675832203840321689044030084890637612675671633382610380705866057298708725254864 0 0 0 0 0 0 0 0 0 0 0 0 0 0 0 0 0 0 0 0 0 0 0 0 0 0 0 0 0 0 0 0 0 0 0 0 0 0 0 0 0 0 0 0 0 0 0 0 0 0 0 0 1 0 0 0 0 0 0 0 0 0 0 0 0 0 0 0 0]
[662643739250113047797879490129164605247059149211541457511140261011317597195242531931275317139958682654992062332838762105879439433192942078176098009375626768105102268171547716674635775538419288550216826021942511 0 0 0 0 0 0 0 0 0 0 0 0 0 0 0 0 0 0 0 0 0 0 0 0 0 0 0 0 0 0 0 0 0 0 0 0 0 0 0 0 0 0 0 0 0 0 0 0 0 0 0 0 0 1 0 0 0 0 0 0 0 0 0 0 0 0 0 0 0]
[2182892220878103402437933251373451426212079049047909930804064680526619279865516582641450894077854568926964045633093711298602801998862848378295356757452960059741403155649843751828857690180403984111774781942038717 0 0 0 0 0 0 0 0 0 0 0 0 0 0 0 0 0 0 0 0 0 0 0 0 0 0 0 0 0 0 0 0 0 0 0 0 0 0 0 0 0 0 0 0 0 0 0 0 0 0 0 0 0 0 1 0 0 0 0 0 0 0 0 0 0 0 0 0 0]
[1779300742965690702095501831280423564672310670838266628581614915852258921519799994578496110736395483283311732052759543838369721875107232642392123255959243364039161293726592870824267775718730615348816664197012820 0 0 0 0 0 0 0 0 0 0 0 0 0 0 0 0 0 0 0 0 0 0 0 0 0 0 0 0 0 0 0 0 0 0 0 0 0 0 0 0 0 0 0 0 0 0 0 0 0 0 0 0 0 0 0 1 0 0 0 0 0 0 0 0 0 0 0 0 0]
[190120051995868302136239990788017138785414689192037285327719224494465160922677744190164544842195158528824752344375198510510389571303046605394314568287914927157460506973543002542931552818913278858713577858585219 0 0 0 0 0 0 0 0 0 0 0 0 0 0 0 0 0 0 0 0 0 0 0 0 0 0 0 0 0 0 0 0 0 0 0 0 0 0 0 0 0 0 0 0 0 0 0 0 0 0 0 0 0 0 0 0 1 0 0 0 0 0 0 0 0 0 0 0 0]
[2289679403963310283036717236697044318762862072182163657067407532641658922243608600946037144814952273598016115414063171358250461358606499527101159562931509857946288255083864769043863488782261586349010460533804061 0 0 0 0 0 0 0 0 0 0 0 0 0 0 0 0 0 0 0 0 0 0 0 0 0 0 0 0 0 0 0 0 0 0 0 0 0 0 0 0 0 0 0 0 0 0 0 0 0 0 0 0 0 0 0 0 0 1 0 0 0 0 0 0 0 0 0 0 0]
[2279062070187813938497805741598907542032103209036948427967675054130167805428701440223110829779595225038289906164012833680811131900758552550539140303191407432243635345494285607774080121307556196598683054948530630 0 0 0 0 0 0 0 0 0 0 0 0 0 0 0 0 0 0 0 0 0 0 0 0 0 0 0 0 0 0 0 0 0 0 0 0 0 0 0 0 0 0 0 0 0 0 0 0 0 0 0 0 0 0 0 0 0 0 1 0 0 0 0 0 0 0 0 0 0]
[3045397495834372525664602282822114224365688935755886852013569589959514696842866089837469290146712940934960395502855470652075389406603996112387225800955494228007539459335020123347920579839752092959876132247968798 0 0 0 0 0 0 0 0 0 0 0 0 0 0 0 0 0 0 0 0 0 0 0 0 0 0 0 0 0 0 0 0 0 0 0 0 0 0 0 0 0 0 0 0 0 0 0 0 0 0 0 0 0 0 0 0 0 0 0 1 0 0 0 0 0 0 0 0 0]
[781159082967245652871054057296575385445833434175482439824970378515949045091763559761012457121110300674400894734054343507852592455034320500799375786232886987704392068824813450300764243357475534766626393205841563 0 0 0 0 0 0 0 0 0 0 0 0 0 0 0 0 0 0 0 0 0 0 0 0 0 0 0 0 0 0 0 0 0 0 0 0 0 0 0 0 0 0 0 0 0 0 0 0 0 0 0 0 0 0 0 0 0 0 0 0 1 0 0 0 0 0 0 0 0]
[908548065445905066678809809144140843810167244722153345760999454864069023750163542379272926436663909586644795447594205881090731819686730689470921027450004995488749205964936616730839975027430244686463027286109384 0 0 0 0 0 0 0 0 0 0 0 0 0 0 0 0 0 0 0 0 0 0 0 0 0 0 0 0 0 0 0 0 0 0 0 0 0 0 0 0 0 0 0 0 0 0 0 0 0 0 0 0 0 0 0 0 0 0 0 0 0 1 0 0 0 0 0 0 0]
[1211776816675271298341739874654747864625532192955556877321033894115597084559554712171140485332598451702197583141298578136931405360015567819815748582222477338388126197769107172515444829779124861036470093511321902 0 0 0 0 0 0 0 0 0 0 0 0 0 0 0 0 0 0 0 0 0 0 0 0 0 0 0 0 0 0 0 0 0 0 0 0 0 0 0 0 0 0 0 0 0 0 0 0 0 0 0 0 0 0 0 0 0 0 0 0 0 0 1 0 0 0 0 0 0]
[1993820208429754977134929371742389733349479564307333510517905527665676279904260845106849198972369793715927958917488981313724043329163176944161631557188456611784274201753646759831051860189873827127360339644139356 0 0 0 0 0 0 0 0 0 0 0 0 0 0 0 0 0 0 0 0 0 0 0 0 0 0 0 0 0 0 0 0 0 0 0 0 0 0 0 0 0 0 0 0 0 0 0 0 0 0 0 0 0 0 0 0 0 0 0 0 0 0 0 1 0 0 0 0 0]
[2620912199704010835367364842607284922673006833429385013677098404062452750091559618344919769448298588268255929421574963346682386812748355057361317991906022164187005897267778912934968609174557835955750359232938763 0 0 0 0 0 0 0 0 0 0 0 0 0 0 0 0 0 0 0 0 0 0 0 0 0 0 0 0 0 0 0 0 0 0 0 0 0 0 0 0 0 0 0 0 0 0 0 0 0 0 0 0 0 0 0 0 0 0 0 0 0 0 0 0 1 0 0 0 0]
[2095061789377453853679564048281625060225455743475351529237346751590032941757212131873534698159717472894461149442372853354739482717873337673119373460136968546105618325126864410057247947618731202374139003870265867 0 0 0 0 0 0 0 0 0 0 0 0 0 0 0 0 0 0 0 0 0 0 0 0 0 0 0 0 0 0 0 0 0 0 0 0 0 0 0 0 0 0 0 0 0 0 0 0 0 0 0 0 0 0 0 0 0 0 0 0 0 0 0 0 0 1 0 0 0]
[2437287957307568918412677150110651224546838608314745339301244635765491106932068554629768052730835992506445834563974578658470816686017532928694701537605840048299778138922889034950379676059090548821764244934379577 0 0 0 0 0 0 0 0 0 0 0 0 0 0 0 0 0 0 0 0 0 0 0 0 0 0 0 0 0 0 0 0 0 0 0 0 0 0 0 0 0 0 0 0 0 0 0 0 0 0 0 0 0 0 0 0 0 0 0 0 0 0 0 0 0 0 1 0 0]
[860497468979931122827158444237612805562981484931866370374440723164291075650567384942995372091439432252741785758342517057545512375376775412312705269817980952130879980972414763308771296831151938070431427575990480 0 0 0 0 0 0 0 0 0 0 0 0 0 0 0 0 0 0 0 0 0 0 0 0 0 0 0 0 0 0 0 0 0 0 0 0 0 0 0 0 0 0 0 0 0 0 0 0 0 0 0 0 0 0 0 0 0 0 0 0 0 0 0 0 0 0 0 1 0]
[702191999224507504686716809880132542692323208674240655196081133784772231694257728931035818350678674000621555248862145356834393916801351598888170985557914193983871096687346466295092874489027425333351429100523509 0 0 0 0 0 0 0 0 0 0 0 0 0 0 0 0 0 0 0 0 0 0 0 0 0 0 0 0 0 0 0 0 0 0 0 0 0 0 0 0 0 0 0 0 0 0 0 0 0 0 0 0 0 0 0 0 0 0 0 0 0 0 0 0 0 0 0 0 1]
]
