[[4810374051063966732886899076714410407066513606034386647508302830568929930532957524005086620697181223534363864033915439250345938106060393805945045374881415858319823307714560475283706871824934985816666558072862627038519127977316317817773913529 0 0 0 0 0 0 0 0 0 0 0 0 0 0 0 0 0 0 0 0 0 0 0 0 0 0 0 0 0 0 0 0 0 0 0 0 0 0 0 0 0 0 0 0 0 0 0 0 0 0 0 0 0 0 0 0 0 0 0 0 0 0 0 0 0 0 0 0 0 0 0 0 0 0 0 0 0 0 0]
[3391156429305455420884390629253800164195577292856148148469836581230161623742824995031169442411884822292678564169606106594334298010387963618338262008851805757471131309502923936480746254931438624815994051573850211271681030580754399465434449325 1 0 0 0 0 0 0 0 0 0 0 0 0 0 0 0 0 0 0 0 0 0 0 0 0 0 0 0 0 0 0 0 0 0 0 0 0 0 0 0 0 0 0 0 0 0 0 0 0 0 0 0 0 0 0 0 0 0 0 0 0 0 0 0 0 0 0 0 0 0 0 0 0 0 0 0 0 0 0]
[3410207147322938092709976261614659395706393209601178133759172891020535840880279009840366579928432661463591742330039095204139640958935969798869027598744840798607508787781007963969502803917433527172255136420957644648189709264639595498908865347 0 1 0 0 0 0 0 0 0 0 0 0 0 0 0 0 0 0 0 0 0 0 0 0 0 0 0 0 0 0 0 0 0 0 0 0 0 0 0 0 0 0 0 0 0 0 0 0 0 0 0 0 0 0 0 0 0 0 0 0 0 0 0 0 0 0 0 0 0 0 0 0 0 0 0 0 0 0 0]
[4341305824047565168522097374952695439195446476559875858718237526699789334283558838184712032285195872055058240073463129348425085816898736769988925103732675610505099785140885461118779995930781860402459844637944117248379938652407690187004988845 0 0 1 0 0 0 0 0 0 0 0 0 0 0 0 0 0 0 0 0 0 0 0 0 0 0 0 0 0 0 0 0 0 0 0 0 0 0 0 0 0 0 0 0 0 0 0 0 0 0 0 0 0 0 0 0 0 0 0 0 0 0 0 0 0 0 0 0 0 0 0 0 0 0 0 0 0 0 0]
[1561139896231869374219992540405683758683073297176652367499392317354495134211184667975032649461147676574855587439488740451566160413159687756099555441916888078459678202017380877373949208456997561695933287207295528528618978964302903787745266856 0 0 0 1 0 0 0 0 0 0 0 0 0 0 0 0 0 0 0 0 0 0 0 0 0 0 0 0 0 0 0 0 0 0 0 0 0 0 0 0 0 0 0 0 0 0 0 0 0 0 0 0 0 0 0 0 0 0 0 0 0 0 0 0 0 0 0 0 0 0 0 0 0 0 0 0 0 0 0]
[2239292498950153336863147752768840347577023812816133098002624022176570462081073673547827888956550178183770260985274624973631147687580729513581882436948186033864091357918324293403158024450088389678044330904491091943792543045538900920228909445 0 0 0 0 1 0 0 0 0 0 0 0 0 0 0 0 0 0 0 0 0 0 0 0 0 0 0 0 0 0 0 0 0 0 0 0 0 0 0 0 0 0 0 0 0 0 0 0 0 0 0 0 0 0 0 0 0 0 0 0 0 0 0 0 0 0 0 0 0 0 0 0 0 0 0 0 0 0 0]
[4581108671833031370600977678681270460918854491455165392008914504704371978892734635492148595661644824120917125706622289905300143518275337263709295644232812172529585956398538723713004690984317624078050300690928712111851403435967191426855990233 0 0 0 0 0 1 0 0 0 0 0 0 0 0 0 0 0 0 0 0 0 0 0 0 0 0 0 0 0 0 0 0 0 0 0 0 0 0 0 0 0 0 0 0 0 0 0 0 0 0 0 0 0 0 0 0 0 0 0 0 0 0 0 0 0 0 0 0 0 0 0 0 0 0 0 0 0 0 0]
[2803165303866615108459048915855568521545748804947684040088183791016984735151878847993827342217990412842154637939880923888712804692896907723062057846845027186013602096812392763643335627058819696944681559147983485322886908454775538340530962436 0 0 0 0 0 0 1 0 0 0 0 0 0 0 0 0 0 0 0 0 0 0 0 0 0 0 0 0 0 0 0 0 0 0 0 0 0 0 0 0 0 0 0 0 0 0 0 0 0 0 0 0 0 0 0 0 0 0 0 0 0 0 0 0 0 0 0 0 0 0 0 0 0 0 0 0 0 0 0]
[3177076285377161737830889213737061404871903895294379816850128275308615501234657815054917572888511641732613447447119160234959457681819823421054992212638763507374516621274975273724134690414896932599079783148097952762328841006928745127911325384 0 0 0 0 0 0 0 1 0 0 0 0 0 0 0 0 0 0 0 0 0 0 0 0 0 0 0 0 0 0 0 0 0 0 0 0 0 0 0 0 0 0 0 0 0 0 0 0 0 0 0 0 0 0 0 0 0 0 0 0 0 0 0 0 0 0 0 0 0 0 0 0 0 0 0 0 0 0 0]
[1614355866453475606417091242866707012780423015470343110078023267627666137218097365084248500928110653789657782703162593010436928961800847083363067376203665570650183841059483223098206839256159565979854171386725399449433412432946350158798080407 0 0 0 0 0 0 0 0 1 0 0 0 0 0 0 0 0 0 0 0 0 0 0 0 0 0 0 0 0 0 0 0 0 0 0 0 0 0 0 0 0 0 0 0 0 0 0 0 0 0 0 0 0 0 0 0 0 0 0 0 0 0 0 0 0 0 0 0 0 0 0 0 0 0 0 0 0 0 0]
[3915184778880878641421136961568589816573841687632385062933863963562528524601427912602585504788480932308742091592251973823092326059592141002127393846119888302926366057697117828842338893200753459827905215403578489540236343140473865186315612921 0 0 0 0 0 0 0 0 0 1 0 0 0 0 0 0 0 0 0 0 0 0 0 0 0 0 0 0 0 0 0 0 0 0 0 0 0 0 0 0 0 0 0 0 0 0 0 0 0 0 0 0 0 0 0 0 0 0 0 0 0 0 0 0 0 0 0 0 0 0 0 0 0 0 0 0 0 0 0]
[3921696294956030719034342418005756783655021981528064446311192100427044127174066402322292087874585744180997449984617906742233167535515303393750397867191694988307309989614063572583147302024011214337611117888791747992323299703350356561193218974 0 0 0 0 0 0 0 0 0 0 1 0 0 0 0 0 0 0 0 0 0 0 0 0 0 0 0 0 0 0 0 0 0 0 0 0 0 0 0 0 0 0 0 0 0 0 0 0 0 0 0 0 0 0 0 0 0 0 0 0 0 0 0 0 0 0 0 0 0 0 0 0 0 0 0 0 0 0 0]
[2963936539711242743477242302773891751772178376608239471968492479240478611383677255383957586011542361505759126146375340066282991010127708284827712050667826106357480971999340813388973774142417069032965413734619797987174742944284032230798409611 0 0 0 0 0 0 0 0 0 0 0 1 0 0 0 0 0 0 0 0 0 0 0 0 0 0 0 0 0 0 0 0 0 0 0 0 0 0 0 0 0 0 0 0 0 0 0 0 0 0 0 0 0 0 0 0 0 0 0 0 0 0 0 0 0 0 0 0 0 0 0 0 0 0 0 0 0 0 0]
[4599751094816362022803011799857279331008284714442646707720014632689575060524363581130872810222538961347655615137935675886049832702004216882186125519804680695684941507790725207131128928067108388084464011261515040548515279835142985705503323113 0 0 0 0 0 0 0 0 0 0 0 0 1 0 0 0 0 0 0 0 0 0 0 0 0 0 0 0 0 0 0 0 0 0 0 0 0 0 0 0 0 0 0 0 0 0 0 0 0 0 0 0 0 0 0 0 0 0 0 0 0 0 0 0 0 0 0 0 0 0 0 0 0 0 0 0 0 0 0]
[2740137114851902476611310298571973571004453843798751490192887879352150760123033193296511493305906877361056442088100961965450109984063264811551394299218830668773440232337673724503664239626866803072985083796310593892348205589210327613159007011 0 0 0 0 0 0 0 0 0 0 0 0 0 1 0 0 0 0 0 0 0 0 0 0 0 0 0 0 0 0 0 0 0 0 0 0 0 0 0 0 0 0 0 0 0 0 0 0 0 0 0 0 0 0 0 0 0 0 0 0 0 0 0 0 0 0 0 0 0 0 0 0 0 0 0 0 0 0 0]
[1830627276784377439612592088189280998287622341102911612036695647281407953765348047094569142017247912632468041521432252928153897474665825992396716387065730159132157788219593472850662701973208704334525536112891370595584550020389678721540583965 0 0 0 0 0 0 0 0 0 0 0 0 0 0 1 0 0 0 0 0 0 0 0 0 0 0 0 0 0 0 0 0 0 0 0 0 0 0 0 0 0 0 0 0 0 0 0 0 0 0 0 0 0 0 0 0 0 0 0 0 0 0 0 0 0 0 0 0 0 0 0 0 0 0 0 0 0 0 0]
[1011384648456626072614426428896887496763380153166327322058393393269298296713300588280183704661972180616499191060099083861083636747356196716866135414152973322922154803746599400403702827519085101803887570945001599200271966823660560293701971205 0 0 0 0 0 0 0 0 0 0 0 0 0 0 0 1 0 0 0 0 0 0 0 0 0 0 0 0 0 0 0 0 0 0 0 0 0 0 0 0 0 0 0 0 0 0 0 0 0 0 0 0 0 0 0 0 0 0 0 0 0 0 0 0 0 0 0 0 0 0 0 0 0 0 0 0 0 0 0]
[660971844888797071559307870448686032595805183405814268506303982787070997851446904047994344271773354452751770823268196019465189488686545295486513372310055609602360339589851875240736646125501217327274864858243643119347833429021969008801406766 0 0 0 0 0 0 0 0 0 0 0 0 0 0 0 0 1 0 0 0 0 0 0 0 0 0 0 0 0 0 0 0 0 0 0 0 0 0 0 0 0 0 0 0 0 0 0 0 0 0 0 0 0 0 0 0 0 0 0 0 0 0 0 0 0 0 0 0 0 0 0 0 0 0 0 0 0 0 0]
[189144210860066578523256003761381094416511848557957974298909005439101610797431506838649626943133002730396545962027927268704880663420818747371902596302620422704984922483448153140153841743395950385621036067707024997976217995265396636635465598 0 0 0 0 0 0 0 0 0 0 0 0 0 0 0 0 0 1 0 0 0 0 0 0 0 0 0 0 0 0 0 0 0 0 0 0 0 0 0 0 0 0 0 0 0 0 0 0 0 0 0 0 0 0 0 0 0 0 0 0 0 0 0 0 0 0 0 0 0 0 0 0 0 0 0 0 0 0 0]
[2318574378770885744482087643498799375896459087051831942100610848335924075749075867620269953965932683296380487622106274715152428659200615821436085716594223420543251272321166867269349716029873364181989209717594430808645990792310995401405282728 0 0 0 0 0 0 0 0 0 0 0 0 0 0 0 0 0 0 1 0 0 0 0 0 0 0 0 0 0 0 0 0 0 0 0 0 0 0 0 0 0 0 0 0 0 0 0 0 0 0 0 0 0 0 0 0 0 0 0 0 0 0 0 0 0 0 0 0 0 0 0 0 0 0 0 0 0 0 0]
[1585427958574450799246270825420631690093117057233269058835493717397413085120544116550720045365512645116434200477143104451438089161597507817934144724126051689877437526721925454587360848615514721100821198977357682073114818433600839059211039971 0 0 0 0 0 0 0 0 0 0 0 0 0 0 0 0 0 0 0 1 0 0 0 0 0 0 0 0 0 0 0 0 0 0 0 0 0 0 0 0 0 0 0 0 0 0 0 0 0 0 0 0 0 0 0 0 0 0 0 0 0 0 0 0 0 0 0 0 0 0 0 0 0 0 0 0 0 0 0]
[3839652622866990095718968335454377074132498838944619993769318454921342668007375689904986733348264093070363709580349411276683502996099064523879926353735579693126944442776519544182041305721514086074086969059002862749903525370899972485637051853 0 0 0 0 0 0 0 0 0 0 0 0 0 0 0 0 0 0 0 0 1 0 0 0 0 0 0 0 0 0 0 0 0 0 0 0 0 0 0 0 0 0 0 0 0 0 0 0 0 0 0 0 0 0 0 0 0 0 0 0 0 0 0 0 0 0 0 0 0 0 0 0 0 0 0 0 0 0 0]
[641522268150939789994540300943809522863432507703245319493849670956620016341011718413286329307442827742437456547088014903056064455950735708249839674363880344502948444277085076395785622253007716882363544801053383285857863768568021597256813395 0 0 0 0 0 0 0 0 0 0 0 0 0 0 0 0 0 0 0 0 0 1 0 0 0 0 0 0 0 0 0 0 0 0 0 0 0 0 0 0 0 0 0 0 0 0 0 0 0 0 0 0 0 0 0 0 0 0 0 0 0 0 0 0 0 0 0 0 0 0 0 0 0 0 0 0 0 0 0]
[572851308360927779885491579259152097821708478068780711824756231496139030930735310100935321660190707714359246849586478237367390050171065678215857223135299223941179108603491434452852433205023642090664962717760977027515703706338084324897791717 0 0 0 0 0 0 0 0 0 0 0 0 0 0 0 0 0 0 0 0 0 0 1 0 0 0 0 0 0 0 0 0 0 0 0 0 0 0 0 0 0 0 0 0 0 0 0 0 0 0 0 0 0 0 0 0 0 0 0 0 0 0 0 0 0 0 0 0 0 0 0 0 0 0 0 0 0 0 0]
[1650816271802410214149425275247906239778935379871508710483202911072651444460606265201198048664432176367737906987634621253929195464924391971048432112225359075956630212456156286410515110737486117432164602207791701715327376733604369554367368063 0 0 0 0 0 0 0 0 0 0 0 0 0 0 0 0 0 0 0 0 0 0 0 1 0 0 0 0 0 0 0 0 0 0 0 0 0 0 0 0 0 0 0 0 0 0 0 0 0 0 0 0 0 0 0 0 0 0 0 0 0 0 0 0 0 0 0 0 0 0 0 0 0 0 0 0 0 0 0]
[201349091299145512484616993675922296929304981348761615159708879222071013126631723177679305434654649842727087289545818380262128329225234604203417356765726666338259093986706894850380872386092580231984882998501136619079963841457941095840415860 0 0 0 0 0 0 0 0 0 0 0 0 0 0 0 0 0 0 0 0 0 0 0 0 1 0 0 0 0 0 0 0 0 0 0 0 0 0 0 0 0 0 0 0 0 0 0 0 0 0 0 0 0 0 0 0 0 0 0 0 0 0 0 0 0 0 0 0 0 0 0 0 0 0 0 0 0 0 0]
[3803181712276669674538759414606039109896537566156415638147356224564244080195644727309807566118302927815665265700956964837672453370168704697333494276098266700843352831681218889228488080740128532390043237095981359106347846427933697588032639776 0 0 0 0 0 0 0 0 0 0 0 0 0 0 0 0 0 0 0 0 0 0 0 0 0 1 0 0 0 0 0 0 0 0 0 0 0 0 0 0 0 0 0 0 0 0 0 0 0 0 0 0 0 0 0 0 0 0 0 0 0 0 0 0 0 0 0 0 0 0 0 0 0 0 0 0 0 0 0]
[4535545300517025500400026615480088095504213710069522521422909549767055920534246122727407665294686118580212648124663448914422159015913704805275923590856352020524592194277886405426942228218025084439910465470808166151685520330475072502606718625 0 0 0 0 0 0 0 0 0 0 0 0 0 0 0 0 0 0 0 0 0 0 0 0 0 0 1 0 0 0 0 0 0 0 0 0 0 0 0 0 0 0 0 0 0 0 0 0 0 0 0 0 0 0 0 0 0 0 0 0 0 0 0 0 0 0 0 0 0 0 0 0 0 0 0 0 0 0 0]
[481877307940550612119101075019015178148663486320062189042868202090254438105826713221029562614291634896977051275520200808882954451588283720151944146518257798371305304929138092729211835826343794028729534816448230336723647011528300007778846299 0 0 0 0 0 0 0 0 0 0 0 0 0 0 0 0 0 0 0 0 0 0 0 0 0 0 0 1 0 0 0 0 0 0 0 0 0 0 0 0 0 0 0 0 0 0 0 0 0 0 0 0 0 0 0 0 0 0 0 0 0 0 0 0 0 0 0 0 0 0 0 0 0 0 0 0 0 0 0]
[2022776626717831294215737061889046552348302108423288423637159505600865533709287244320662829235232812456528604611691109446584693451135355869781501308477987714918217169025469170986119717669650383990555645946799931599038480079355472057562041372 0 0 0 0 0 0 0 0 0 0 0 0 0 0 0 0 0 0 0 0 0 0 0 0 0 0 0 0 1 0 0 0 0 0 0 0 0 0 0 0 0 0 0 0 0 0 0 0 0 0 0 0 0 0 0 0 0 0 0 0 0 0 0 0 0 0 0 0 0 0 0 0 0 0 0 0 0 0 0]
[2471852590586855891678036146718583663020747534840384105600760828794637991963945052298772538079579533746678288450924483800652596464165968102853287470075064215233804595700972331657547255514767532847637665314358629089849791822297859150881524315 0 0 0 0 0 0 0 0 0 0 0 0 0 0 0 0 0 0 0 0 0 0 0 0 0 0 0 0 0 1 0 0 0 0 0 0 0 0 0 0 0 0 0 0 0 0 0 0 0 0 0 0 0 0 0 0 0 0 0 0 0 0 0 0 0 0 0 0 0 0 0 0 0 0 0 0 0 0 0]
[355616660948687548484625729022192314041724581584455478020287664060070261430433892337566336546061341687590937023281294377473076108378352087942515688096246764694906223619798122003082384156993727186724154320801106686823750855878099764488567724 0 0 0 0 0 0 0 0 0 0 0 0 0 0 0 0 0 0 0 0 0 0 0 0 0 0 0 0 0 0 1 0 0 0 0 0 0 0 0 0 0 0 0 0 0 0 0 0 0 0 0 0 0 0 0 0 0 0 0 0 0 0 0 0 0 0 0 0 0 0 0 0 0 0 0 0 0 0 0]
[777892652465982432374422862319950655548099551043684744231056380720548963782201868344142776427650803364938679668522615159686759613524752860733186095547044578942024630447255885543973836661702238414114021616732016179440850091092464120866765890 0 0 0 0 0 0 0 0 0 0 0 0 0 0 0 0 0 0 0 0 0 0 0 0 0 0 0 0 0 0 0 1 0 0 0 0 0 0 0 0 0 0 0 0 0 0 0 0 0 0 0 0 0 0 0 0 0 0 0 0 0 0 0 0 0 0 0 0 0 0 0 0 0 0 0 0 0 0 0]
[4413339958567014114520091661331742056759510423405141746036246374345992086999511145708735929320068514211242037480126867670099263339723622873745751971871229680612467892564846940535093797649553278923265375545137415459421987123791706418025154556 0 0 0 0 0 0 0 0 0 0 0 0 0 0 0 0 0 0 0 0 0 0 0 0 0 0 0 0 0 0 0 0 1 0 0 0 0 0 0 0 0 0 0 0 0 0 0 0 0 0 0 0 0 0 0 0 0 0 0 0 0 0 0 0 0 0 0 0 0 0 0 0 0 0 0 0 0 0 0]
[490429825827537390733391838881178163238315609988099176854806956892241252427662620371376516779971884369261367044441600646536277055188818548927741357847331963079261210994901307573149661166950472715659029284366528093053447292677668869998738450 0 0 0 0 0 0 0 0 0 0 0 0 0 0 0 0 0 0 0 0 0 0 0 0 0 0 0 0 0 0 0 0 0 1 0 0 0 0 0 0 0 0 0 0 0 0 0 0 0 0 0 0 0 0 0 0 0 0 0 0 0 0 0 0 0 0 0 0 0 0 0 0 0 0 0 0 0 0 0]
[965369325817402440075639016457369063700412199204216866787075462678083022114615574873462707563329684183140383478038757248314798381927401856097163930022121426777570234677684955118502812810041675285037496329256457357542140937851385809026265860 0 0 0 0 0 0 0 0 0 0 0 0 0 0 0 0 0 0 0 0 0 0 0 0 0 0 0 0 0 0 0 0 0 0 1 0 0 0 0 0 0 0 0 0 0 0 0 0 0 0 0 0 0 0 0 0 0 0 0 0 0 0 0 0 0 0 0 0 0 0 0 0 0 0 0 0 0 0 0]
[1346103707932479671495351696805818446293303206572254102599435790333542774208194059489639084069103770037706449051474947993410440086376285026093137790540238590889683313371418773098547661116794528726489629652741950638018422750028971347512024539 0 0 0 0 0 0 0 0 0 0 0 0 0 0 0 0 0 0 0 0 0 0 0 0 0 0 0 0 0 0 0 0 0 0 0 1 0 0 0 0 0 0 0 0 0 0 0 0 0 0 0 0 0 0 0 0 0 0 0 0 0 0 0 0 0 0 0 0 0 0 0 0 0 0 0 0 0 0 0]
[3755604688067818507652100875531612141397944121269223846016630747465304889776148986161790079911583839231751071475991526613132814356697509945603074472678976501809569913787014964119651850452836762809000239004920571903737101426326386428307190880 0 0 0 0 0 0 0 0 0 0 0 0 0 0 0 0 0 0 0 0 0 0 0 0 0 0 0 0 0 0 0 0 0 0 0 0 1 0 0 0 0 0 0 0 0 0 0 0 0 0 0 0 0 0 0 0 0 0 0 0 0 0 0 0 0 0 0 0 0 0 0 0 0 0 0 0 0 0 0]
[2578518401586510175157297874854005653757381895275004623070366047612428069720825102749150471551518347278834655555952367458141763232240547969392584062556504680889070579891525583384420517070256884355446834209525018713704421051529763243600844722 0 0 0 0 0 0 0 0 0 0 0 0 0 0 0 0 0 0 0 0 0 0 0 0 0 0 0 0 0 0 0 0 0 0 0 0 0 1 0 0 0 0 0 0 0 0 0 0 0 0 0 0 0 0 0 0 0 0 0 0 0 0 0 0 0 0 0 0 0 0 0 0 0 0 0 0 0 0 0]
[1359008204825594914438640014863274259091575630980200969541807594078662017809038529396502416070664850584594012466382353000352838561764188668435318430398778790365534124678650412876473864855075203876165322503832071924059359610109959337654485519 0 0 0 0 0 0 0 0 0 0 0 0 0 0 0 0 0 0 0 0 0 0 0 0 0 0 0 0 0 0 0 0 0 0 0 0 0 0 1 0 0 0 0 0 0 0 0 0 0 0 0 0 0 0 0 0 0 0 0 0 0 0 0 0 0 0 0 0 0 0 0 0 0 0 0 0 0 0 0]
[1808424513608187129721796520470187157564841521415857086456408313120126963090848918550403341499625794323114655479103780884463987582463778412830794228597264989463538167647961456670980260455520110750963854866073985592808184164011987689314434103 0 0 0 0 0 0 0 0 0 0 0 0 0 0 0 0 0 0 0 0 0 0 0 0 0 0 0 0 0 0 0 0 0 0 0 0 0 0 0 1 0 0 0 0 0 0 0 0 0 0 0 0 0 0 0 0 0 0 0 0 0 0 0 0 0 0 0 0 0 0 0 0 0 0 0 0 0 0 0]
[2772062389864944259068649266290242207820454389854481797173239625956697503206706677713617290515497721941081610219156046851144912800285982064065664702911786778145221995702558809561702986689127608462798146031832084438070762614586083785044859599 0 0 0 0 0 0 0 0 0 0 0 0 0 0 0 0 0 0 0 0 0 0 0 0 0 0 0 0 0 0 0 0 0 0 0 0 0 0 0 0 1 0 0 0 0 0 0 0 0 0 0 0 0 0 0 0 0 0 0 0 0 0 0 0 0 0 0 0 0 0 0 0 0 0 0 0 0 0 0]
[3511075400158150148292830929362681668231616742871143381594622423174823398176380793898177911194631913855430116368510218599213185225642492532161469530021086889786673628497477269824346011074380084358619394857664530878743310575540253913611114749 0 0 0 0 0 0 0 0 0 0 0 0 0 0 0 0 0 0 0 0 0 0 0 0 0 0 0 0 0 0 0 0 0 0 0 0 0 0 0 0 0 1 0 0 0 0 0 0 0 0 0 0 0 0 0 0 0 0 0 0 0 0 0 0 0 0 0 0 0 0 0 0 0 0 0 0 0 0 0]
[4787181532227101289538363514026148372009143841425737194613149466487841723378276108097254506916590067258900459070449314269887886074529108262945881220798918188356504225090546366486331641221257594610286461698609723613095397043874652559673583774 0 0 0 0 0 0 0 0 0 0 0 0 0 0 0 0 0 0 0 0 0 0 0 0 0 0 0 0 0 0 0 0 0 0 0 0 0 0 0 0 0 0 1 0 0 0 0 0 0 0 0 0 0 0 0 0 0 0 0 0 0 0 0 0 0 0 0 0 0 0 0 0 0 0 0 0 0 0 0]
[1013741409274482324273431355487982717895509885140327004101272132693591120919335765037914945767586706228483859115239967725055594173921897598244805198011479079958541515655768904209706371025646979636393140641708913806214782248302069477000196737 0 0 0 0 0 0 0 0 0 0 0 0 0 0 0 0 0 0 0 0 0 0 0 0 0 0 0 0 0 0 0 0 0 0 0 0 0 0 0 0 0 0 0 1 0 0 0 0 0 0 0 0 0 0 0 0 0 0 0 0 0 0 0 0 0 0 0 0 0 0 0 0 0 0 0 0 0 0 0]
[1456354098290853587571546526014627014265170714999983626208736180681560631029899971912856477123093564118135219696303025900579022168576528140923596884434230484914263933175276924487728931475498267875213808668656783746653222431968074624533765144 0 0 0 0 0 0 0 0 0 0 0 0 0 0 0 0 0 0 0 0 0 0 0 0 0 0 0 0 0 0 0 0 0 0 0 0 0 0 0 0 0 0 0 0 1 0 0 0 0 0 0 0 0 0 0 0 0 0 0 0 0 0 0 0 0 0 0 0 0 0 0 0 0 0 0 0 0 0 0]
[111480646214918864922241320452705997753142806914445673935285247588845888773411890573978174198812561716935782051092038718632423971504462478597323391043852699650362455274723209006152628877767994448798610259784754755787141799289380917802709774 0 0 0 0 0 0 0 0 0 0 0 0 0 0 0 0 0 0 0 0 0 0 0 0 0 0 0 0 0 0 0 0 0 0 0 0 0 0 0 0 0 0 0 0 0 1 0 0 0 0 0 0 0 0 0 0 0 0 0 0 0 0 0 0 0 0 0 0 0 0 0 0 0 0 0 0 0 0 0]
[2449964204470221022596426210059667698656981589929281937453039142334104016092951737366983240191208198011094554033129683028112565622810518276327928697066091685438521011309381810963167090450276851673880419124667356368706343589079471169438815164 0 0 0 0 0 0 0 0 0 0 0 0 0 0 0 0 0 0 0 0 0 0 0 0 0 0 0 0 0 0 0 0 0 0 0 0 0 0 0 0 0 0 0 0 0 0 1 0 0 0 0 0 0 0 0 0 0 0 0 0 0 0 0 0 0 0 0 0 0 0 0 0 0 0 0 0 0 0 0]
[3300599359114228907684562321064138696927535547031903527987320716374714686448174074393152365478739895866947645845017611032554757558409191678296589085497334129346051380072879554687704912721084000964025497645907024151899634281929825086042607679 0 0 0 0 0 0 0 0 0 0 0 0 0 0 0 0 0 0 0 0 0 0 0 0 0 0 0 0 0 0 0 0 0 0 0 0 0 0 0 0 0 0 0 0 0 0 0 1 0 0 0 0 0 0 0 0 0 0 0 0 0 0 0 0 0 0 0 0 0 0 0 0 0 0 0 0 0 0 0]
[3433151005069621762600949682620984887346759748688798122258943027972220176670936522819841521453883892170103915187485842939907217242108912043299580658483270875860900217183782924620881294462790761876263843966811678740741805657052246787929413517 0 0 0 0 0 0 0 0 0 0 0 0 0 0 0 0 0 0 0 0 0 0 0 0 0 0 0 0 0 0 0 0 0 0 0 0 0 0 0 0 0 0 0 0 0 0 0 0 1 0 0 0 0 0 0 0 0 0 0 0 0 0 0 0 0 0 0 0 0 0 0 0 0 0 0 0 0 0 0]
[4246539580612834986623037099686862820721159390328392937106766298909434056236331432392487968328885183991188454033186913945430458077114427706589457145234491991619843468853682379983638384441262602438263485773536630912585533049312066679351950173 0 0 0 0 0 0 0 0 0 0 0 0 0 0 0 0 0 0 0 0 0 0 0 0 0 0 0 0 0 0 0 0 0 0 0 0 0 0 0 0 0 0 0 0 0 0 0 0 0 1 0 0 0 0 0 0 0 0 0 0 0 0 0 0 0 0 0 0 0 0 0 0 0 0 0 0 0 0 0]
[3603343375185452492795518775018459494516846226838576657173451641157728161323209857391226896554988400836039754843845554956637509429777477415065649137371290185601698967198863285062384084556252043272238511151927530435468805062962785329469652875 0 0 0 0 0 0 0 0 0 0 0 0 0 0 0 0 0 0 0 0 0 0 0 0 0 0 0 0 0 0 0 0 0 0 0 0 0 0 0 0 0 0 0 0 0 0 0 0 0 0 1 0 0 0 0 0 0 0 0 0 0 0 0 0 0 0 0 0 0 0 0 0 0 0 0 0 0 0 0]
[2829196254229663311906064256529359027488629166523898318343616781473044034580958287987327155508757339749266621330758326623477131011492901914719195700861330354004611838871346937291657793336144380080048477166703233788308781333139268891453926496 0 0 0 0 0 0 0 0 0 0 0 0 0 0 0 0 0 0 0 0 0 0 0 0 0 0 0 0 0 0 0 0 0 0 0 0 0 0 0 0 0 0 0 0 0 0 0 0 0 0 0 1 0 0 0 0 0 0 0 0 0 0 0 0 0 0 0 0 0 0 0 0 0 0 0 0 0 0 0]
[1254806466952106914335987578722140322950697788510720328388125505632584784944681302606838141528976652945599385158238992034191455777440679576876534141317208670573214403046856010397038477565034730983181282386120001996971350068150180005669904621 0 0 0 0 0 0 0 0 0 0 0 0 0 0 0 0 0 0 0 0 0 0 0 0 0 0 0 0 0 0 0 0 0 0 0 0 0 0 0 0 0 0 0 0 0 0 0 0 0 0 0 0 1 0 0 0 0 0 0 0 0 0 0 0 0 0 0 0 0 0 0 0 0 0 0 0 0 0 0]
[1982708427194506603014385911377817622653083961683976924250881665875912397112089143284079969010674004707017837456422170070426619775646836292105573208879889096671125748140279919753816537167910032345513634969821295531751934143262740538100626822 0 0 0 0 0 0 0 0 0 0 0 0 0 0 0 0 0 0 0 0 0 0 0 0 0 0 0 0 0 0 0 0 0 0 0 0 0 0 0 0 0 0 0 0 0 0 0 0 0 0 0 0 0 1 0 0 0 0 0 0 0 0 0 0 0 0 0 0 0 0 0 0 0 0 0 0 0 0 0]
[3631680449426767324806002119217590403448897374750314204002070436528403011273953293767939926353088899452431827089471888640104133954715996872376709688288293636901610561162678777641497706133697856709039921147263951605299098290953684555984965398 0 0 0 0 0 0 0 0 0 0 0 0 0 0 0 0 0 0 0 0 0 0 0 0 0 0 0 0 0 0 0 0 0 0 0 0 0 0 0 0 0 0 0 0 0 0 0 0 0 0 0 0 0 0 1 0 0 0 0 0 0 0 0 0 0 0 0 0 0 0 0 0 0 0 0 0 0 0 0]
[4020471485652852060879953922099404498922797320403231729443225432820506015993200519516893394798745502992182782903554926304348419551224835696028516953166123882919265543171411656107927003593042207314411252671854907213384877145912960938264007368 0 0 0 0 0 0 0 0 0 0 0 0 0 0 0 0 0 0 0 0 0 0 0 0 0 0 0 0 0 0 0 0 0 0 0 0 0 0 0 0 0 0 0 0 0 0 0 0 0 0 0 0 0 0 0 1 0 0 0 0 0 0 0 0 0 0 0 0 0 0 0 0 0 0 0 0 0 0 0]
[4771371896347452836907160614840283040814534843898844147360491442523150292385155809509409850707387626037122753010554318279102872658456053684347229770842687844397353386212114312054236137675965827961055285203030631290266216501188187059107864328 0 0 0 0 0 0 0 0 0 0 0 0 0 0 0 0 0 0 0 0 0 0 0 0 0 0 0 0 0 0 0 0 0 0 0 0 0 0 0 0 0 0 0 0 0 0 0 0 0 0 0 0 0 0 0 0 1 0 0 0 0 0 0 0 0 0 0 0 0 0 0 0 0 0 0 0 0 0 0]
[2385135587481689025416539326304533171478495687154133805973728912523936470455424238472995971537062299040379616561388654599622866629115122588449601295702136646369230636257901300995119440602151205484452704189230571278384133124338914627056424038 0 0 0 0 0 0 0 0 0 0 0 0 0 0 0 0 0 0 0 0 0 0 0 0 0 0 0 0 0 0 0 0 0 0 0 0 0 0 0 0 0 0 0 0 0 0 0 0 0 0 0 0 0 0 0 0 0 1 0 0 0 0 0 0 0 0 0 0 0 0 0 0 0 0 0 0 0 0 0]
[1184759131099789350286393940248525960916209400733426692273243913238674300578781935491281878102575073256619873861296995425767029118011852342131285023694722778838015751225455456069736183809231673190029615819503271029983811312163637655946242134 0 0 0 0 0 0 0 0 0 0 0 0 0 0 0 0 0 0 0 0 0 0 0 0 0 0 0 0 0 0 0 0 0 0 0 0 0 0 0 0 0 0 0 0 0 0 0 0 0 0 0 0 0 0 0 0 0 0 1 0 0 0 0 0 0 0 0 0 0 0 0 0 0 0 0 0 0 0 0]
[558945121048196379784379309494210859434745918839074424779377831978756822751913778582532955107254837047449023846481499071566165137520083264019065538010328363424539179063577286844430002969465034806333066693042739197128346980636711988599422483 0 0 0 0 0 0 0 0 0 0 0 0 0 0 0 0 0 0 0 0 0 0 0 0 0 0 0 0 0 0 0 0 0 0 0 0 0 0 0 0 0 0 0 0 0 0 0 0 0 0 0 0 0 0 0 0 0 0 0 1 0 0 0 0 0 0 0 0 0 0 0 0 0 0 0 0 0 0 0]
[2606180163279230270214861343543634811751354395084143460118062701021851744735536742448171936945406622085989360360916443439214321039809062069428756849953577630285949753610807643424076106073793958298520302624806868049849901890711682303085812935 0 0 0 0 0 0 0 0 0 0 0 0 0 0 0 0 0 0 0 0 0 0 0 0 0 0 0 0 0 0 0 0 0 0 0 0 0 0 0 0 0 0 0 0 0 0 0 0 0 0 0 0 0 0 0 0 0 0 0 0 1 0 0 0 0 0 0 0 0 0 0 0 0 0 0 0 0 0 0]
[196095408944010173188399903303058841828175060862682009213773775131738754367078348100659815440904440231803640932847687650599058946722532915719100573791930666466744709464041538907708639406877524210715724348235293073686384491139826412945469524 0 0 0 0 0 0 0 0 0 0 0 0 0 0 0 0 0 0 0 0 0 0 0 0 0 0 0 0 0 0 0 0 0 0 0 0 0 0 0 0 0 0 0 0 0 0 0 0 0 0 0 0 0 0 0 0 0 0 0 0 0 1 0 0 0 0 0 0 0 0 0 0 0 0 0 0 0 0 0]
[966621232213678999721284083805552380418789048886519468974343438025704585361089661928901442690741432445483898780937263205582472043774701761561843539124751528115357203792284031833198923104874964183068113967813997202474353988605327494319150632 0 0 0 0 0 0 0 0 0 0 0 0 0 0 0 0 0 0 0 0 0 0 0 0 0 0 0 0 0 0 0 0 0 0 0 0 0 0 0 0 0 0 0 0 0 0 0 0 0 0 0 0 0 0 0 0 0 0 0 0 0 0 1 0 0 0 0 0 0 0 0 0 0 0 0 0 0 0 0]
[1083748742966324132832502225588769294676807323683962019528282224167276154941855418793546197171431049281999369547317151568176278994816038113934427775196131506661139389876127304058299262791499305278220274752106865455257841294968412583825251392 0 0 0 0 0 0 0 0 0 0 0 0 0 0 0 0 0 0 0 0 0 0 0 0 0 0 0 0 0 0 0 0 0 0 0 0 0 0 0 0 0 0 0 0 0 0 0 0 0 0 0 0 0 0 0 0 0 0 0 0 0 0 0 1 0 0 0 0 0 0 0 0 0 0 0 0 0 0 0]
[1765019780827158597080127488294621021813261596107643902732160850239814529168297622813128575204782781582387889870022010170612830734200493624641865063692350554565802234223206992323926786714674860636326965297711331904795833441608373122012164738 0 0 0 0 0 0 0 0 0 0 0 0 0 0 0 0 0 0 0 0 0 0 0 0 0 0 0 0 0 0 0 0 0 0 0 0 0 0 0 0 0 0 0 0 0 0 0 0 0 0 0 0 0 0 0 0 0 0 0 0 0 0 0 0 1 0 0 0 0 0 0 0 0 0 0 0 0 0 0]
[4230115618955068760322646817501003158797936571550001250877746717618622699400280896373048890702951446208864548654578665376786483009099247663080553319925208996959208913819734518117471426603801573851686812785585010458224627845663034291363874993 0 0 0 0 0 0 0 0 0 0 0 0 0 0 0 0 0 0 0 0 0 0 0 0 0 0 0 0 0 0 0 0 0 0 0 0 0 0 0 0 0 0 0 0 0 0 0 0 0 0 0 0 0 0 0 0 0 0 0 0 0 0 0 0 0 1 0 0 0 0 0 0 0 0 0 0 0 0 0]
[2801979194774638530821711901205253954413727947931744393105443120920744028705074823703948223829465437900575540090399999535869000314646073216320070731879059328143593779244637957367611277717929708108960519553428915935776528601337597255461375655 0 0 0 0 0 0 0 0 0 0 0 0 0 0 0 0 0 0 0 0 0 0 0 0 0 0 0 0 0 0 0 0 0 0 0 0 0 0 0 0 0 0 0 0 0 0 0 0 0 0 0 0 0 0 0 0 0 0 0 0 0 0 0 0 0 0 1 0 0 0 0 0 0 0 0 0 0 0 0]
[2918867641428225909310570920609245928672851129885562558444253646393190436673471049461409167831094979701712473410486204278964086359532879773574738452077074401968896716684277083119511597102393948942471100625708711357532320356636914407742797618 0 0 0 0 0 0 0 0 0 0 0 0 0 0 0 0 0 0 0 0 0 0 0 0 0 0 0 0 0 0 0 0 0 0 0 0 0 0 0 0 0 0 0 0 0 0 0 0 0 0 0 0 0 0 0 0 0 0 0 0 0 0 0 0 0 0 0 1 0 0 0 0 0 0 0 0 0 0 0]
[1067641927717393861025068978676933949998090479839026665996473326176300877177971729289058610871212137943503268376996892549755803139052318825129526129835761125391524462079171054143061228084803018637099763754180560169235364770335731035162216870 0 0 0 0 0 0 0 0 0 0 0 0 0 0 0 0 0 0 0 0 0 0 0 0 0 0 0 0 0 0 0 0 0 0 0 0 0 0 0 0 0 0 0 0 0 0 0 0 0 0 0 0 0 0 0 0 0 0 0 0 0 0 0 0 0 0 0 0 1 0 0 0 0 0 0 0 0 0 0]
[2562999442375714352405189565485328725208907952120586261571598632669624985589903521602550838379180685331934025891044620120185751546445982867651710407664741531683575976181233748153326573455043654415963875727985757424750750793281523297786612407 0 0 0 0 0 0 0 0 0 0 0 0 0 0 0 0 0 0 0 0 0 0 0 0 0 0 0 0 0 0 0 0 0 0 0 0 0 0 0 0 0 0 0 0 0 0 0 0 0 0 0 0 0 0 0 0 0 0 0 0 0 0 0 0 0 0 0 0 0 1 0 0 0 0 0 0 0 0 0]
[3263774590445888920778999889371457443605319649704406121794582500230447311785977702144429587341974013422063270637933315620270114082211886731582545325650436435410600653679127140538330076888478610482950130889590302989163203843587288763622396484 0 0 0 0 0 0 0 0 0 0 0 0 0 0 0 0 0 0 0 0 0 0 0 0 0 0 0 0 0 0 0 0 0 0 0 0 0 0 0 0 0 0 0 0 0 0 0 0 0 0 0 0 0 0 0 0 0 0 0 0 0 0 0 0 0 0 0 0 0 0 1 0 0 0 0 0 0 0 0]
[4472409154199555494812421040616051618533638705892684100611643611656256670809313167533365002253255408149488691727433113879709311612154941606540415360870655447770758730583507067791086897155415458492919252220640574582536363502603796206949281774 0 0 0 0 0 0 0 0 0 0 0 0 0 0 0 0 0 0 0 0 0 0 0 0 0 0 0 0 0 0 0 0 0 0 0 0 0 0 0 0 0 0 0 0 0 0 0 0 0 0 0 0 0 0 0 0 0 0 0 0 0 0 0 0 0 0 0 0 0 0 0 1 0 0 0 0 0 0 0]
[1692822358869229013325749892378524464105257551926073317951230685858843552178905681494068745978848715101198361239761042209992353725532276894740725741228021228252838590657331700021433546743041604593235471095539908967896515881880670842304674571 0 0 0 0 0 0 0 0 0 0 0 0 0 0 0 0 0 0 0 0 0 0 0 0 0 0 0 0 0 0 0 0 0 0 0 0 0 0 0 0 0 0 0 0 0 0 0 0 0 0 0 0 0 0 0 0 0 0 0 0 0 0 0 0 0 0 0 0 0 0 0 0 1 0 0 0 0 0 0]
[4250987890636887747207097444729548959766292430446019466787443965767759186587776619027541134883271463120260428080304186905008495629364298714444661493420798037179044437563738752411856788748401151380039862261086870132003785621908229470898085620 0 0 0 0 0 0 0 0 0 0 0 0 0 0 0 0 0 0 0 0 0 0 0 0 0 0 0 0 0 0 0 0 0 0 0 0 0 0 0 0 0 0 0 0 0 0 0 0 0 0 0 0 0 0 0 0 0 0 0 0 0 0 0 0 0 0 0 0 0 0 0 0 0 1 0 0 0 0 0]
[4731433176869293006862017467030926341909422066689740993469394406556905210325898172000505625267612689340899516150163846274867307804644179769328056183606260646056384952181209070180943597995895826559727090065827055894808169642339975251664037842 0 0 0 0 0 0 0 0 0 0 0 0 0 0 0 0 0 0 0 0 0 0 0 0 0 0 0 0 0 0 0 0 0 0 0 0 0 0 0 0 0 0 0 0 0 0 0 0 0 0 0 0 0 0 0 0 0 0 0 0 0 0 0 0 0 0 0 0 0 0 0 0 0 0 1 0 0 0 0]
[3958015604984942151143069821811725498340372094164575896776972700489374426332058694413458289102004568713943707689248275064885204338354880356844616485167635439509072173240698409970111639872791487958585522852447090767575783402644251018657542515 0 0 0 0 0 0 0 0 0 0 0 0 0 0 0 0 0 0 0 0 0 0 0 0 0 0 0 0 0 0 0 0 0 0 0 0 0 0 0 0 0 0 0 0 0 0 0 0 0 0 0 0 0 0 0 0 0 0 0 0 0 0 0 0 0 0 0 0 0 0 0 0 0 0 0 1 0 0 0]
[4390679186885826547269478299423572241788070954212691753370686341110217169083970392215290148765832289214585077982252661619641160503137391272887324817387344661487747132057129558397182411388731632009048104547475730853071190857857468301839262483 0 0 0 0 0 0 0 0 0 0 0 0 0 0 0 0 0 0 0 0 0 0 0 0 0 0 0 0 0 0 0 0 0 0 0 0 0 0 0 0 0 0 0 0 0 0 0 0 0 0 0 0 0 0 0 0 0 0 0 0 0 0 0 0 0 0 0 0 0 0 0 0 0 0 0 0 1 0 0]
[1923369122286738874097144609309757667513615014904561876962603046936302200556886049083439354364508033991918599781111864915045568377307652903883120126347255758339938560492612656971826364993008691832030500256022934292817616317615906674214022601 0 0 0 0 0 0 0 0 0 0 0 0 0 0 0 0 0 0 0 0 0 0 0 0 0 0 0 0 0 0 0 0 0 0 0 0 0 0 0 0 0 0 0 0 0 0 0 0 0 0 0 0 0 0 0 0 0 0 0 0 0 0 0 0 0 0 0 0 0 0 0 0 0 0 0 0 0 1 0]
[891416531610054342157649976557970682322022532098203012300995419523382152450230983600204657626755964706788132116105752667484645113437386392730135422162380433691001770338912852974547819171663894777574711399065364786355750988936370776084134821 0 0 0 0 0 0 0 0 0 0 0 0 0 0 0 0 0 0 0 0 0 0 0 0 0 0 0 0 0 0 0 0 0 0 0 0 0 0 0 0 0 0 0 0 0 0 0 0 0 0 0 0 0 0 0 0 0 0 0 0 0 0 0 0 0 0 0 0 0 0 0 0 0 0 0 0 0 0 1]
]
