[[5436615687989888124406295272412564267788382899098379612665523411771063964052507517286211769534119025645561610156363020230348415095791140412038688713506739442980933582378275298583383727451032308550442161452620274551930692096457793318859906069011893072783300136799415010241 0 0 0 0 0 0 0 0 0 0 0 0 0 0 0 0 0 0 0 0 0 0 0 0 0 0 0 0 0 0 0 0 0 0 0 0 0 0 0 0 0 0 0 0 0 0 0 0 0 0 0 0 0 0 0 0 0 0 0 0 0 0 0 0 0 0 0 0 0 0 0 0 0 0 0 0 0 0 0 0 0 0 0 0 0 0 0 0 0]
[2377996912823232178896225942877705378718571006895217447328653106203178073292731506865380335053316307527270414194874326818034005860893736979873392175141583215572205449073799793079724277768597286052434114524088403293830002789711240463839081501608240387403842314512581950087 1 0 0 0 0 0 0 0 0 0 0 0 0 0 0 0 0 0 0 0 0 0 0 0 0 0 0 0 0 0 0 0 0 0 0 0 0 0 0 0 0 0 0 0 0 0 0 0 0 0 0 0 0 0 0 0 0 0 0 0 0 0 0 0 0 0 0 0 0 0 0 0 0 0 0 0 0 0 0 0 0 0 0 0 0 0 0 0 0]
[1925409166228782902851056446390049608742619245026499364481303154406272698812651784015341772221282597936437111862404218256689638050984561077480840825313605687022692637132399587210101603155453263049176778217450099188521723154959598333370263848132855823701277586308479360261 0 1 0 0 0 0 0 0 0 0 0 0 0 0 0 0 0 0 0 0 0 0 0 0 0 0 0 0 0 0 0 0 0 0 0 0 0 0 0 0 0 0 0 0 0 0 0 0 0 0 0 0 0 0 0 0 0 0 0 0 0 0 0 0 0 0 0 0 0 0 0 0 0 0 0 0 0 0 0 0 0 0 0 0 0 0 0 0 0]
[1175003417984804737025538508772209418103747400532488612868387427519723888670795455411858115682642761245096023783076609648875114757999527409708272355285904820416839633156434068115979840017456422475223247915300485339839091901905198538720508406963319805384454851159511753935 0 0 1 0 0 0 0 0 0 0 0 0 0 0 0 0 0 0 0 0 0 0 0 0 0 0 0 0 0 0 0 0 0 0 0 0 0 0 0 0 0 0 0 0 0 0 0 0 0 0 0 0 0 0 0 0 0 0 0 0 0 0 0 0 0 0 0 0 0 0 0 0 0 0 0 0 0 0 0 0 0 0 0 0 0 0 0 0 0]
[4053122988973172554131701696639030155438778906051784297709521054839085033809671254107693455752367868001850248740629109411406124428751831268736689256319074545066942421761757054648865335527746485215704200611768564377916234091821048108909143480973540953529374593404435349346 0 0 0 1 0 0 0 0 0 0 0 0 0 0 0 0 0 0 0 0 0 0 0 0 0 0 0 0 0 0 0 0 0 0 0 0 0 0 0 0 0 0 0 0 0 0 0 0 0 0 0 0 0 0 0 0 0 0 0 0 0 0 0 0 0 0 0 0 0 0 0 0 0 0 0 0 0 0 0 0 0 0 0 0 0 0 0 0 0]
[1931410632919543273360819037729282281589784754989775166092181590509628866197938199426709789411773153107710585651456909816979657935666635576294450054411617500211197129367590799631721539026775461374941420961730442520791986874172254440857805950079680820211739553255016143484 0 0 0 0 1 0 0 0 0 0 0 0 0 0 0 0 0 0 0 0 0 0 0 0 0 0 0 0 0 0 0 0 0 0 0 0 0 0 0 0 0 0 0 0 0 0 0 0 0 0 0 0 0 0 0 0 0 0 0 0 0 0 0 0 0 0 0 0 0 0 0 0 0 0 0 0 0 0 0 0 0 0 0 0 0 0 0 0 0]
[838704046132329455566585361416895377720653644421173923992907811221674293147358560750172379751381142633918957362203072956636158366409827741811536386366230715528476751971622006306120782358147842091230157633669439797782469918688860742040210754023063400089138035227427332815 0 0 0 0 0 1 0 0 0 0 0 0 0 0 0 0 0 0 0 0 0 0 0 0 0 0 0 0 0 0 0 0 0 0 0 0 0 0 0 0 0 0 0 0 0 0 0 0 0 0 0 0 0 0 0 0 0 0 0 0 0 0 0 0 0 0 0 0 0 0 0 0 0 0 0 0 0 0 0 0 0 0 0 0 0 0 0 0 0]
[833537320232077125440564677034881126746110535069751042348671065099347309347093638142905451433058894169599845849563823575840458288658558496432807410854656622374033493804567800894800678045009247797920209297687192460477729448592211297372586932346477194693118091317483832428 0 0 0 0 0 0 1 0 0 0 0 0 0 0 0 0 0 0 0 0 0 0 0 0 0 0 0 0 0 0 0 0 0 0 0 0 0 0 0 0 0 0 0 0 0 0 0 0 0 0 0 0 0 0 0 0 0 0 0 0 0 0 0 0 0 0 0 0 0 0 0 0 0 0 0 0 0 0 0 0 0 0 0 0 0 0 0 0 0]
[773571160203289382497510380555874410146533806753517374809751650766556087511131940990280691951109211053588579530539037624769487343196353618722279673209596588116468284314651688439907512239562453559063025280514669395272005750223922766370294758071996016084576779448151939059 0 0 0 0 0 0 0 1 0 0 0 0 0 0 0 0 0 0 0 0 0 0 0 0 0 0 0 0 0 0 0 0 0 0 0 0 0 0 0 0 0 0 0 0 0 0 0 0 0 0 0 0 0 0 0 0 0 0 0 0 0 0 0 0 0 0 0 0 0 0 0 0 0 0 0 0 0 0 0 0 0 0 0 0 0 0 0 0 0]
[5181422265591633111745761589393831232651057941181347835967211008834455012957927427270173036229467406442778512741946543579583512431929346896182799542140361068672562181016695155858601303628266155513680864693727794461201990960263765976346102363213347113026344791274720257778 0 0 0 0 0 0 0 0 1 0 0 0 0 0 0 0 0 0 0 0 0 0 0 0 0 0 0 0 0 0 0 0 0 0 0 0 0 0 0 0 0 0 0 0 0 0 0 0 0 0 0 0 0 0 0 0 0 0 0 0 0 0 0 0 0 0 0 0 0 0 0 0 0 0 0 0 0 0 0 0 0 0 0 0 0 0 0 0 0]
[4751314373486045110647781012389720450412826256574843297602032067383068039946816574520236894176684858979552994305482667014897439381632724274117076684834552380364069078949422957609326947894770119174693659056527377304117020410639189715801553240716394499061838798643367758384 0 0 0 0 0 0 0 0 0 1 0 0 0 0 0 0 0 0 0 0 0 0 0 0 0 0 0 0 0 0 0 0 0 0 0 0 0 0 0 0 0 0 0 0 0 0 0 0 0 0 0 0 0 0 0 0 0 0 0 0 0 0 0 0 0 0 0 0 0 0 0 0 0 0 0 0 0 0 0 0 0 0 0 0 0 0 0 0 0]
[3776801645253428453975508722986509287861641636918251538842374270597945169713513537407593529539193217320831332573734766907770464902541341015751304516547553900253458691753045114065374423486480113807924277970684270019334466790106499912351972089277662042909719708413368958612 0 0 0 0 0 0 0 0 0 0 1 0 0 0 0 0 0 0 0 0 0 0 0 0 0 0 0 0 0 0 0 0 0 0 0 0 0 0 0 0 0 0 0 0 0 0 0 0 0 0 0 0 0 0 0 0 0 0 0 0 0 0 0 0 0 0 0 0 0 0 0 0 0 0 0 0 0 0 0 0 0 0 0 0 0 0 0 0 0]
[2128288833922900532528037548202299819273120245106942863140915523776460287420948355901744481214452026079351667935648870041365913817315529706686216191520328803092597753369759294006110644423196438379856716644841015314544409666515157591078775170206279666733353691677093414175 0 0 0 0 0 0 0 0 0 0 0 1 0 0 0 0 0 0 0 0 0 0 0 0 0 0 0 0 0 0 0 0 0 0 0 0 0 0 0 0 0 0 0 0 0 0 0 0 0 0 0 0 0 0 0 0 0 0 0 0 0 0 0 0 0 0 0 0 0 0 0 0 0 0 0 0 0 0 0 0 0 0 0 0 0 0 0 0 0]
[2813052149578553581883432145345291716649861793820299174158626969829263192006268600885882473099233671748016353508313739946644797663518389243942441504206351449237122370472722153957275155904370638197710071677972731627398170885831955496910057816525498746374443835491682455142 0 0 0 0 0 0 0 0 0 0 0 0 1 0 0 0 0 0 0 0 0 0 0 0 0 0 0 0 0 0 0 0 0 0 0 0 0 0 0 0 0 0 0 0 0 0 0 0 0 0 0 0 0 0 0 0 0 0 0 0 0 0 0 0 0 0 0 0 0 0 0 0 0 0 0 0 0 0 0 0 0 0 0 0 0 0 0 0 0]
[1780527031356822715612222084579790301984687452314980189880721097135817986088312670891087915195680715990282722901273146883377708362431264583704713620140964660957005011784058710351450812184580191168541404966347202337138460626274712318971873646617610966531488169666298691748 0 0 0 0 0 0 0 0 0 0 0 0 0 1 0 0 0 0 0 0 0 0 0 0 0 0 0 0 0 0 0 0 0 0 0 0 0 0 0 0 0 0 0 0 0 0 0 0 0 0 0 0 0 0 0 0 0 0 0 0 0 0 0 0 0 0 0 0 0 0 0 0 0 0 0 0 0 0 0 0 0 0 0 0 0 0 0 0 0]
[2999797814285881541125807409720800457302718608453032658745582387857768998119889548680983320281102173914536182898149977778479597331877825586327095726307353483380945550197113233393703873150426884400391352634480734621458417406047763519846791199320898199218039828238733523339 0 0 0 0 0 0 0 0 0 0 0 0 0 0 1 0 0 0 0 0 0 0 0 0 0 0 0 0 0 0 0 0 0 0 0 0 0 0 0 0 0 0 0 0 0 0 0 0 0 0 0 0 0 0 0 0 0 0 0 0 0 0 0 0 0 0 0 0 0 0 0 0 0 0 0 0 0 0 0 0 0 0 0 0 0 0 0 0 0]
[2319951995755627533288838944537914460958427091538053457680390257627276428500852505576427895371686566199514023693349237807660247954219275637069678732340769154372748790829286768990933164255240988559718055889044984036097191719009505917204818927700828001616225905295151196470 0 0 0 0 0 0 0 0 0 0 0 0 0 0 0 1 0 0 0 0 0 0 0 0 0 0 0 0 0 0 0 0 0 0 0 0 0 0 0 0 0 0 0 0 0 0 0 0 0 0 0 0 0 0 0 0 0 0 0 0 0 0 0 0 0 0 0 0 0 0 0 0 0 0 0 0 0 0 0 0 0 0 0 0 0 0 0 0 0]
[986215057443655053046370635544555818628473937227042529273450418117244178286389949286707752106916552449831065682793932287246646897005424839319847693367504195818467198292845505060658868565759944598324766294383310687405194626831337642356202924979681285184526437583236275214 0 0 0 0 0 0 0 0 0 0 0 0 0 0 0 0 1 0 0 0 0 0 0 0 0 0 0 0 0 0 0 0 0 0 0 0 0 0 0 0 0 0 0 0 0 0 0 0 0 0 0 0 0 0 0 0 0 0 0 0 0 0 0 0 0 0 0 0 0 0 0 0 0 0 0 0 0 0 0 0 0 0 0 0 0 0 0 0 0]
[2649634372289276284346826774462406295734001021260430383623626754094591157365572564728048781012513848289857465747963826100646912395439022562424183415210129507487262881946953587006637859130948450171097389952617375591267611168792062310182626845260190152745281457533822698901 0 0 0 0 0 0 0 0 0 0 0 0 0 0 0 0 0 1 0 0 0 0 0 0 0 0 0 0 0 0 0 0 0 0 0 0 0 0 0 0 0 0 0 0 0 0 0 0 0 0 0 0 0 0 0 0 0 0 0 0 0 0 0 0 0 0 0 0 0 0 0 0 0 0 0 0 0 0 0 0 0 0 0 0 0 0 0 0 0]
[3090721914339015647363653822327975871855124819352194875203297780485884190260636188613314285624746611218795250098811258567779502310001864341761262443111561796852779188628346569406304096737733758969523888983929275177675558856064460881983571015897300234835280786458254300999 0 0 0 0 0 0 0 0 0 0 0 0 0 0 0 0 0 0 1 0 0 0 0 0 0 0 0 0 0 0 0 0 0 0 0 0 0 0 0 0 0 0 0 0 0 0 0 0 0 0 0 0 0 0 0 0 0 0 0 0 0 0 0 0 0 0 0 0 0 0 0 0 0 0 0 0 0 0 0 0 0 0 0 0 0 0 0 0 0]
[2771051239484949067595459630055241128180260013347055270750492972079414626437858053607599257328338223329961456526981710822754774787801305773202269773979354632832547836078888888630278014638933649488198862920945147371751488795252183799496394381722529522488028227700690187886 0 0 0 0 0 0 0 0 0 0 0 0 0 0 0 0 0 0 0 1 0 0 0 0 0 0 0 0 0 0 0 0 0 0 0 0 0 0 0 0 0 0 0 0 0 0 0 0 0 0 0 0 0 0 0 0 0 0 0 0 0 0 0 0 0 0 0 0 0 0 0 0 0 0 0 0 0 0 0 0 0 0 0 0 0 0 0 0 0]
[3276556550739860806329384133902505239355721636816142158638455095046676983117143594220804553277581114154706812953494300409254672578781443797432274270159976151435122427064862341911631155044902993975183569003655602027264877464467457045854228805364915841885956276367559453931 0 0 0 0 0 0 0 0 0 0 0 0 0 0 0 0 0 0 0 0 1 0 0 0 0 0 0 0 0 0 0 0 0 0 0 0 0 0 0 0 0 0 0 0 0 0 0 0 0 0 0 0 0 0 0 0 0 0 0 0 0 0 0 0 0 0 0 0 0 0 0 0 0 0 0 0 0 0 0 0 0 0 0 0 0 0 0 0 0]
[4771139536126461186014197152571941843437183207839441575186232143247897645183832660505396507959259518852223184563253362384408796815927010459484993491469940498349398681159042136794849706804999605317948424838150825758624313193217096182207374454655142075152787340718682676895 0 0 0 0 0 0 0 0 0 0 0 0 0 0 0 0 0 0 0 0 0 1 0 0 0 0 0 0 0 0 0 0 0 0 0 0 0 0 0 0 0 0 0 0 0 0 0 0 0 0 0 0 0 0 0 0 0 0 0 0 0 0 0 0 0 0 0 0 0 0 0 0 0 0 0 0 0 0 0 0 0 0 0 0 0 0 0 0 0]
[2350772811038854254357989211643102353027557007425111918642388765372525787603672995932895428989364740525350938788207305483079155450376077924691978719222586142249351784864434265864922962575774077456084680152168869882652241568224039348502057776047429231329944680118398891641 0 0 0 0 0 0 0 0 0 0 0 0 0 0 0 0 0 0 0 0 0 0 1 0 0 0 0 0 0 0 0 0 0 0 0 0 0 0 0 0 0 0 0 0 0 0 0 0 0 0 0 0 0 0 0 0 0 0 0 0 0 0 0 0 0 0 0 0 0 0 0 0 0 0 0 0 0 0 0 0 0 0 0 0 0 0 0 0 0]
[2568739540661531304818234318104513312860459030406038385500043924819596031902528512192543672705295231684352702261532840618355233685147252767332444024862209295780220963843835718298141995445113018219047092773461565058490417206566588795834912219335181107102581985898529321857 0 0 0 0 0 0 0 0 0 0 0 0 0 0 0 0 0 0 0 0 0 0 0 1 0 0 0 0 0 0 0 0 0 0 0 0 0 0 0 0 0 0 0 0 0 0 0 0 0 0 0 0 0 0 0 0 0 0 0 0 0 0 0 0 0 0 0 0 0 0 0 0 0 0 0 0 0 0 0 0 0 0 0 0 0 0 0 0 0]
[3147398717543958489659755242202619038219282499018988743070756675916528035416629527981575814565656821300265053654419973223012293493938539506130133376375329233055836705086755004755797371610170095388647846593341600957283835135910321381826606256609140066587888573023024496812 0 0 0 0 0 0 0 0 0 0 0 0 0 0 0 0 0 0 0 0 0 0 0 0 1 0 0 0 0 0 0 0 0 0 0 0 0 0 0 0 0 0 0 0 0 0 0 0 0 0 0 0 0 0 0 0 0 0 0 0 0 0 0 0 0 0 0 0 0 0 0 0 0 0 0 0 0 0 0 0 0 0 0 0 0 0 0 0 0]
[2952443625174722791294414898631213157408981447062716311709630956009586312050017358869146798458138274871103778735794762826662701850596098156097819395359275219430479812730028055269561620927376656153274328012812371773153885405540694400394751325827746114145960836082843796061 0 0 0 0 0 0 0 0 0 0 0 0 0 0 0 0 0 0 0 0 0 0 0 0 0 1 0 0 0 0 0 0 0 0 0 0 0 0 0 0 0 0 0 0 0 0 0 0 0 0 0 0 0 0 0 0 0 0 0 0 0 0 0 0 0 0 0 0 0 0 0 0 0 0 0 0 0 0 0 0 0 0 0 0 0 0 0 0 0]
[1886932629989439075582696205762207708530021572953496911024307914538011011984871431128372195327456351736581904491983820751908713090398459577744479791344057646745191868557888392887227472022261943112624814100880188343162164701949590238376668542803239613520539044470562551491 0 0 0 0 0 0 0 0 0 0 0 0 0 0 0 0 0 0 0 0 0 0 0 0 0 0 1 0 0 0 0 0 0 0 0 0 0 0 0 0 0 0 0 0 0 0 0 0 0 0 0 0 0 0 0 0 0 0 0 0 0 0 0 0 0 0 0 0 0 0 0 0 0 0 0 0 0 0 0 0 0 0 0 0 0 0 0 0 0]
[3365702110357123059533667113189525320335782768343955335869016903824577227493271748291614985259222520807598464917209508152179104425843929904958284309741378593137652883668801717385056113404950906877167431511328226977700074063441648827466170403430045755693044391504071109693 0 0 0 0 0 0 0 0 0 0 0 0 0 0 0 0 0 0 0 0 0 0 0 0 0 0 0 1 0 0 0 0 0 0 0 0 0 0 0 0 0 0 0 0 0 0 0 0 0 0 0 0 0 0 0 0 0 0 0 0 0 0 0 0 0 0 0 0 0 0 0 0 0 0 0 0 0 0 0 0 0 0 0 0 0 0 0 0 0]
[2007749642169573912051372509616725057905545341298056467642990097931105443221263321401238797874413473023340826034599065718167591975653790552837929689651276778162790484772520300812536026078216894193781047948842096705114719830814685155504802832654431425013261874603707771483 0 0 0 0 0 0 0 0 0 0 0 0 0 0 0 0 0 0 0 0 0 0 0 0 0 0 0 0 1 0 0 0 0 0 0 0 0 0 0 0 0 0 0 0 0 0 0 0 0 0 0 0 0 0 0 0 0 0 0 0 0 0 0 0 0 0 0 0 0 0 0 0 0 0 0 0 0 0 0 0 0 0 0 0 0 0 0 0 0]
[3264906673320104836997645142242393363970774487237970599509037460277688189902152932717149734491968657285325490920746363502221821929144383011957129025986563364205927308925424381997635568245607494960479174755591296873341073733578383529730729598648798493870438938675170922991 0 0 0 0 0 0 0 0 0 0 0 0 0 0 0 0 0 0 0 0 0 0 0 0 0 0 0 0 0 1 0 0 0 0 0 0 0 0 0 0 0 0 0 0 0 0 0 0 0 0 0 0 0 0 0 0 0 0 0 0 0 0 0 0 0 0 0 0 0 0 0 0 0 0 0 0 0 0 0 0 0 0 0 0 0 0 0 0 0]
[1953510208388000407900500906891260028215218758632210632479744102388311344697271352102340336494847790504426754428072467171257746032351116903220673802639385963994151662463143281779859575169016586061460042317351365035029182079656655264367980169179105019590574737223003365860 0 0 0 0 0 0 0 0 0 0 0 0 0 0 0 0 0 0 0 0 0 0 0 0 0 0 0 0 0 0 1 0 0 0 0 0 0 0 0 0 0 0 0 0 0 0 0 0 0 0 0 0 0 0 0 0 0 0 0 0 0 0 0 0 0 0 0 0 0 0 0 0 0 0 0 0 0 0 0 0 0 0 0 0 0 0 0 0 0]
[564141658578739231274416631832240371221416201277234890458796857505244836009787669315966148891262230972091978482889802686458288656811680420173368045877150755624579371457914002317439380712747468965898991154856395051690963518625981580597270054847314613153162337707076539493 0 0 0 0 0 0 0 0 0 0 0 0 0 0 0 0 0 0 0 0 0 0 0 0 0 0 0 0 0 0 0 1 0 0 0 0 0 0 0 0 0 0 0 0 0 0 0 0 0 0 0 0 0 0 0 0 0 0 0 0 0 0 0 0 0 0 0 0 0 0 0 0 0 0 0 0 0 0 0 0 0 0 0 0 0 0 0 0 0]
[3759835038817910192058913979235842997480038712193844931570235499859147823774430311365809495680164077414188151170484339741361477476924753577061734531328965651652057325066742050786982292718723920499092760350750303523231585655076572608724134841634186225368690568560422601076 0 0 0 0 0 0 0 0 0 0 0 0 0 0 0 0 0 0 0 0 0 0 0 0 0 0 0 0 0 0 0 0 1 0 0 0 0 0 0 0 0 0 0 0 0 0 0 0 0 0 0 0 0 0 0 0 0 0 0 0 0 0 0 0 0 0 0 0 0 0 0 0 0 0 0 0 0 0 0 0 0 0 0 0 0 0 0 0 0]
[2939382512104606407818517005406234715380223886263921176946911439557815365176861333299697957131576283580537112335620114652517559857228876565091584954988158938746811241195572245164171103165087613453972323407491979547308092095256770660835945386211793495628615402044035077434 0 0 0 0 0 0 0 0 0 0 0 0 0 0 0 0 0 0 0 0 0 0 0 0 0 0 0 0 0 0 0 0 0 1 0 0 0 0 0 0 0 0 0 0 0 0 0 0 0 0 0 0 0 0 0 0 0 0 0 0 0 0 0 0 0 0 0 0 0 0 0 0 0 0 0 0 0 0 0 0 0 0 0 0 0 0 0 0 0]
[5296022823479664543047900987072059430619315843105074264245147837936653943261097530729300895037998918251280195531688533028638769800855232208320498582428499483210391171568560739005012670979365275340612699236323930372348521129424295930600931812052617867157728737045987068170 0 0 0 0 0 0 0 0 0 0 0 0 0 0 0 0 0 0 0 0 0 0 0 0 0 0 0 0 0 0 0 0 0 0 1 0 0 0 0 0 0 0 0 0 0 0 0 0 0 0 0 0 0 0 0 0 0 0 0 0 0 0 0 0 0 0 0 0 0 0 0 0 0 0 0 0 0 0 0 0 0 0 0 0 0 0 0 0 0]
[2251061290027602686487196615557846451170524458312616093021004450813234379615113600836731260473539219599356776274066935982859929652283752495503579288608617391552680721636458487242665456104901153103844561597848327124454701892865835175901410968142001574440906684472554622002 0 0 0 0 0 0 0 0 0 0 0 0 0 0 0 0 0 0 0 0 0 0 0 0 0 0 0 0 0 0 0 0 0 0 0 1 0 0 0 0 0 0 0 0 0 0 0 0 0 0 0 0 0 0 0 0 0 0 0 0 0 0 0 0 0 0 0 0 0 0 0 0 0 0 0 0 0 0 0 0 0 0 0 0 0 0 0 0 0]
[3142080379323110781595674794055266425894504559387675276362656464132362593758178375367865428945451568940370420806399656776134529664535587100481360993342250210451708150872800534628137933609283000663934497244276902766760448848655005263003413383625525592543382655385693608693 0 0 0 0 0 0 0 0 0 0 0 0 0 0 0 0 0 0 0 0 0 0 0 0 0 0 0 0 0 0 0 0 0 0 0 0 1 0 0 0 0 0 0 0 0 0 0 0 0 0 0 0 0 0 0 0 0 0 0 0 0 0 0 0 0 0 0 0 0 0 0 0 0 0 0 0 0 0 0 0 0 0 0 0 0 0 0 0 0]
[1243671592857425640225921711064232544353247603793492729198370894870775437472815233291482844617667993514536313690420770956188786815551294794386558285463017284364966222470113136878556348445634685292888596007530326598274395518036077329623919002987893630912143562667631460763 0 0 0 0 0 0 0 0 0 0 0 0 0 0 0 0 0 0 0 0 0 0 0 0 0 0 0 0 0 0 0 0 0 0 0 0 0 1 0 0 0 0 0 0 0 0 0 0 0 0 0 0 0 0 0 0 0 0 0 0 0 0 0 0 0 0 0 0 0 0 0 0 0 0 0 0 0 0 0 0 0 0 0 0 0 0 0 0 0]
[2263195393765736498492886024969929540371095868816639563953574647039288029426685287087819487018522866597314398669532620821402808391803398267464611310833647895316711415987155372088774535755818484461188938767586699660296418338855441101078046659470143686737818713669201127210 0 0 0 0 0 0 0 0 0 0 0 0 0 0 0 0 0 0 0 0 0 0 0 0 0 0 0 0 0 0 0 0 0 0 0 0 0 0 1 0 0 0 0 0 0 0 0 0 0 0 0 0 0 0 0 0 0 0 0 0 0 0 0 0 0 0 0 0 0 0 0 0 0 0 0 0 0 0 0 0 0 0 0 0 0 0 0 0 0]
[1983490696710057924439535072167847506680815493735266263257779574499925351269972342207330944848143933647250754716983306654189258101947963572488646209982143131067269350398103569420886306236894204121385288687823622938870049996352606630255286122324488018768579486592126673019 0 0 0 0 0 0 0 0 0 0 0 0 0 0 0 0 0 0 0 0 0 0 0 0 0 0 0 0 0 0 0 0 0 0 0 0 0 0 0 1 0 0 0 0 0 0 0 0 0 0 0 0 0 0 0 0 0 0 0 0 0 0 0 0 0 0 0 0 0 0 0 0 0 0 0 0 0 0 0 0 0 0 0 0 0 0 0 0 0]
[373504734743862623305195152124251875124472172788418745887717737587352353627760273762449751078151991850789760416981020965404813965616912688451474237603663505692016581771686549098164137651095196973960791985619930931309423913059097695634083546148493444867277937989174829411 0 0 0 0 0 0 0 0 0 0 0 0 0 0 0 0 0 0 0 0 0 0 0 0 0 0 0 0 0 0 0 0 0 0 0 0 0 0 0 0 1 0 0 0 0 0 0 0 0 0 0 0 0 0 0 0 0 0 0 0 0 0 0 0 0 0 0 0 0 0 0 0 0 0 0 0 0 0 0 0 0 0 0 0 0 0 0 0 0]
[2313853818951582261019800693731026142473074147733561441593121514083584649839807841449975115686138374805031470548822828564446182411679772539916471797188989410203386128165710431319333786389798214058669620248732157916971946171775943284149608275598491499139306059635469216122 0 0 0 0 0 0 0 0 0 0 0 0 0 0 0 0 0 0 0 0 0 0 0 0 0 0 0 0 0 0 0 0 0 0 0 0 0 0 0 0 0 1 0 0 0 0 0 0 0 0 0 0 0 0 0 0 0 0 0 0 0 0 0 0 0 0 0 0 0 0 0 0 0 0 0 0 0 0 0 0 0 0 0 0 0 0 0 0 0]
[5413297412637536298341768199932286363724656763500908956504517019971495798550042773340886748899633429785827092186786795071326980431219717544719570572399970705447127698874015645356757469246180743285249712723224092473525158217868493146318923354956230484614252913294793378761 0 0 0 0 0 0 0 0 0 0 0 0 0 0 0 0 0 0 0 0 0 0 0 0 0 0 0 0 0 0 0 0 0 0 0 0 0 0 0 0 0 0 1 0 0 0 0 0 0 0 0 0 0 0 0 0 0 0 0 0 0 0 0 0 0 0 0 0 0 0 0 0 0 0 0 0 0 0 0 0 0 0 0 0 0 0 0 0 0]
[5045827848311831305732734132474223335923105091489002082004707316976021876809808734415337675537764524543564198846158765275889081296744559701257928616927765365196632842157996307003836420183084675954353290209667059218886055283223552854879466833375608083851713994622700048964 0 0 0 0 0 0 0 0 0 0 0 0 0 0 0 0 0 0 0 0 0 0 0 0 0 0 0 0 0 0 0 0 0 0 0 0 0 0 0 0 0 0 0 1 0 0 0 0 0 0 0 0 0 0 0 0 0 0 0 0 0 0 0 0 0 0 0 0 0 0 0 0 0 0 0 0 0 0 0 0 0 0 0 0 0 0 0 0 0]
[1739156556741352384051735528294010709192604484182818011575575388946857255248706061130881104685372631553344482731946865061904858100710654919579185706385519252428507907620853197486800781969095530179401186164182482033629500113272212549126246117791897030587891700866009362405 0 0 0 0 0 0 0 0 0 0 0 0 0 0 0 0 0 0 0 0 0 0 0 0 0 0 0 0 0 0 0 0 0 0 0 0 0 0 0 0 0 0 0 0 1 0 0 0 0 0 0 0 0 0 0 0 0 0 0 0 0 0 0 0 0 0 0 0 0 0 0 0 0 0 0 0 0 0 0 0 0 0 0 0 0 0 0 0 0]
[4430229537344893601273776196564765505667081294995637114828764234574365841685681505999822716229607033675924074527253842121272514952157729760191022599178862020270426769559929581329828719059903300011350714509541137493278581731079846285065639955675433628180899325518198645674 0 0 0 0 0 0 0 0 0 0 0 0 0 0 0 0 0 0 0 0 0 0 0 0 0 0 0 0 0 0 0 0 0 0 0 0 0 0 0 0 0 0 0 0 0 1 0 0 0 0 0 0 0 0 0 0 0 0 0 0 0 0 0 0 0 0 0 0 0 0 0 0 0 0 0 0 0 0 0 0 0 0 0 0 0 0 0 0 0]
[4684436898035789581199044783714998604847511361570571951781256378071391256863219261725807982533995786308817106429371654135636987899125894234076949537556516919584311886206681937717754576365087798187751523674616246345804822246719647304272615877869761372151116634798587539338 0 0 0 0 0 0 0 0 0 0 0 0 0 0 0 0 0 0 0 0 0 0 0 0 0 0 0 0 0 0 0 0 0 0 0 0 0 0 0 0 0 0 0 0 0 0 1 0 0 0 0 0 0 0 0 0 0 0 0 0 0 0 0 0 0 0 0 0 0 0 0 0 0 0 0 0 0 0 0 0 0 0 0 0 0 0 0 0 0]
[3568867392241573869990092223700497732111359918141484878685116517953710679758428764369136123124312718344165708244154369484787510268620911896675532721506895490432931767994001601773943917127265540940790055361626518423824626454992670556013537381811419558262916304198255888913 0 0 0 0 0 0 0 0 0 0 0 0 0 0 0 0 0 0 0 0 0 0 0 0 0 0 0 0 0 0 0 0 0 0 0 0 0 0 0 0 0 0 0 0 0 0 0 1 0 0 0 0 0 0 0 0 0 0 0 0 0 0 0 0 0 0 0 0 0 0 0 0 0 0 0 0 0 0 0 0 0 0 0 0 0 0 0 0 0]
[408445767965165486495707036010645240878156465722647334217524962756366712873725129806657282230788115519871146068663664904902358019257888652148410384190066782424115935512421238222721570571184236472717747116491471610913020231530255341232342886368070606460534976972295734856 0 0 0 0 0 0 0 0 0 0 0 0 0 0 0 0 0 0 0 0 0 0 0 0 0 0 0 0 0 0 0 0 0 0 0 0 0 0 0 0 0 0 0 0 0 0 0 0 1 0 0 0 0 0 0 0 0 0 0 0 0 0 0 0 0 0 0 0 0 0 0 0 0 0 0 0 0 0 0 0 0 0 0 0 0 0 0 0 0]
[2527721214748389716131449913800568539406659828774749264996456184107633862541927322894326734723249776446697485120705172024715644610915166695155527901770301817935048254462374194319609777104646718244493846278934468779396331447863410340976309047605677141532476689908827945633 0 0 0 0 0 0 0 0 0 0 0 0 0 0 0 0 0 0 0 0 0 0 0 0 0 0 0 0 0 0 0 0 0 0 0 0 0 0 0 0 0 0 0 0 0 0 0 0 0 1 0 0 0 0 0 0 0 0 0 0 0 0 0 0 0 0 0 0 0 0 0 0 0 0 0 0 0 0 0 0 0 0 0 0 0 0 0 0 0]
[4457322709104631302405029269082119719822870282681931994095479431455678965548415652963332705860744595825542435936029564328810333490594584572988161884803035481458434775141996885488786383456644148372565460589454791246422427481480654580582037762923221307313876084114522882133 0 0 0 0 0 0 0 0 0 0 0 0 0 0 0 0 0 0 0 0 0 0 0 0 0 0 0 0 0 0 0 0 0 0 0 0 0 0 0 0 0 0 0 0 0 0 0 0 0 0 1 0 0 0 0 0 0 0 0 0 0 0 0 0 0 0 0 0 0 0 0 0 0 0 0 0 0 0 0 0 0 0 0 0 0 0 0 0 0]
[4447483351140691262328380481813500332922677660733258898056936733460295053890323788626022812648832120872160601920058050491761238213445455468640835366069924451872559087462989595156092116931964413713252842825136688051319244574263417091969012474419063797907572751142146411303 0 0 0 0 0 0 0 0 0 0 0 0 0 0 0 0 0 0 0 0 0 0 0 0 0 0 0 0 0 0 0 0 0 0 0 0 0 0 0 0 0 0 0 0 0 0 0 0 0 0 0 1 0 0 0 0 0 0 0 0 0 0 0 0 0 0 0 0 0 0 0 0 0 0 0 0 0 0 0 0 0 0 0 0 0 0 0 0 0]
[575141237402394185191916143750310110619324371833920738406255749913569477796042500864736773961804301051672933768794419369236629770123156450127465282999138521035814074536158633946773456140132253148174010377973891871635110261404435193437918849391684185153598200170324828108 0 0 0 0 0 0 0 0 0 0 0 0 0 0 0 0 0 0 0 0 0 0 0 0 0 0 0 0 0 0 0 0 0 0 0 0 0 0 0 0 0 0 0 0 0 0 0 0 0 0 0 0 1 0 0 0 0 0 0 0 0 0 0 0 0 0 0 0 0 0 0 0 0 0 0 0 0 0 0 0 0 0 0 0 0 0 0 0 0]
[4985531226754833862896050440549052484042205014251916687658708508684959460076504103400586504942296210813304555003108052260452560840321108842912416562592645491450733669578280127816609154142521936403593251802808349451895364776484562352342918450248708362862279326299690450879 0 0 0 0 0 0 0 0 0 0 0 0 0 0 0 0 0 0 0 0 0 0 0 0 0 0 0 0 0 0 0 0 0 0 0 0 0 0 0 0 0 0 0 0 0 0 0 0 0 0 0 0 0 1 0 0 0 0 0 0 0 0 0 0 0 0 0 0 0 0 0 0 0 0 0 0 0 0 0 0 0 0 0 0 0 0 0 0 0]
[3021398938293746173379161600751003501653653577355209918540893609772781900340216941432707187080133077389938885780417948836666595530545380236533037088873157286467947510545268441042916100216080505997157457991936375808711179588799590326386315987324004114989826143275619830358 0 0 0 0 0 0 0 0 0 0 0 0 0 0 0 0 0 0 0 0 0 0 0 0 0 0 0 0 0 0 0 0 0 0 0 0 0 0 0 0 0 0 0 0 0 0 0 0 0 0 0 0 0 0 1 0 0 0 0 0 0 0 0 0 0 0 0 0 0 0 0 0 0 0 0 0 0 0 0 0 0 0 0 0 0 0 0 0 0]
[4642666220450389750208283427184180597825770806206685571790149613036365585589216229175584487873119069639711036010162093826987488903227962626622883847873686728090986769688857816565217598740688618994335801875336985449051223944628790813788979276593480063778926898959450134425 0 0 0 0 0 0 0 0 0 0 0 0 0 0 0 0 0 0 0 0 0 0 0 0 0 0 0 0 0 0 0 0 0 0 0 0 0 0 0 0 0 0 0 0 0 0 0 0 0 0 0 0 0 0 0 1 0 0 0 0 0 0 0 0 0 0 0 0 0 0 0 0 0 0 0 0 0 0 0 0 0 0 0 0 0 0 0 0 0]
[2776820080822753357463579000599923459516657967437245296651105368556827418287681169866378252943079671461616933446953779086382346371402938564219339827490647899281732750750589059120399974955689378815710727221980334913843852947003219011231040247533403716213414585441907706114 0 0 0 0 0 0 0 0 0 0 0 0 0 0 0 0 0 0 0 0 0 0 0 0 0 0 0 0 0 0 0 0 0 0 0 0 0 0 0 0 0 0 0 0 0 0 0 0 0 0 0 0 0 0 0 0 1 0 0 0 0 0 0 0 0 0 0 0 0 0 0 0 0 0 0 0 0 0 0 0 0 0 0 0 0 0 0 0 0]
[1440530078373596731934054614658287351771730268054255630886089510354771032358317531149678501155175342334115490138338200788761289410831342266573052169814766385431129641110035367716932529946033676496647754573001660717380477380127498382553481037190881299866322409626821378728 0 0 0 0 0 0 0 0 0 0 0 0 0 0 0 0 0 0 0 0 0 0 0 0 0 0 0 0 0 0 0 0 0 0 0 0 0 0 0 0 0 0 0 0 0 0 0 0 0 0 0 0 0 0 0 0 0 1 0 0 0 0 0 0 0 0 0 0 0 0 0 0 0 0 0 0 0 0 0 0 0 0 0 0 0 0 0 0 0]
[2367431677207236665853461989979749590175909394180309412695698027954476935277291653728889969487710477640499828353940309908332622259978816408793799395201923702233102132129273219692115079475132129205023848123432663786464249023822255335906279350071856777344163058465630852050 0 0 0 0 0 0 0 0 0 0 0 0 0 0 0 0 0 0 0 0 0 0 0 0 0 0 0 0 0 0 0 0 0 0 0 0 0 0 0 0 0 0 0 0 0 0 0 0 0 0 0 0 0 0 0 0 0 0 1 0 0 0 0 0 0 0 0 0 0 0 0 0 0 0 0 0 0 0 0 0 0 0 0 0 0 0 0 0 0]
[3372678301506574940423231206330179560370757420111405113881510161584762122556324062612759667410576294758085670038891843552663534528839750869749967351081143341991122579352946008041043183694384297547969514960761846314147807491711559181527565616682763305827707294566644852528 0 0 0 0 0 0 0 0 0 0 0 0 0 0 0 0 0 0 0 0 0 0 0 0 0 0 0 0 0 0 0 0 0 0 0 0 0 0 0 0 0 0 0 0 0 0 0 0 0 0 0 0 0 0 0 0 0 0 0 1 0 0 0 0 0 0 0 0 0 0 0 0 0 0 0 0 0 0 0 0 0 0 0 0 0 0 0 0 0]
[377548187287838347321179484372813936983560796092791209976108752866141541802496999365997500243473021175176660308646710407804440700175593591791761801201233167771758535154669873740370005059036817189336842308462667549492202771226867464613379124260228491636255635215841071420 0 0 0 0 0 0 0 0 0 0 0 0 0 0 0 0 0 0 0 0 0 0 0 0 0 0 0 0 0 0 0 0 0 0 0 0 0 0 0 0 0 0 0 0 0 0 0 0 0 0 0 0 0 0 0 0 0 0 0 0 1 0 0 0 0 0 0 0 0 0 0 0 0 0 0 0 0 0 0 0 0 0 0 0 0 0 0 0 0]
[1803855235917557076007558622688340498761643979731506574876119314065118448969518675560687733380992675896949331713310782818405158510824254650972984356303502079607868071612521966740814436041472999062563590347804435376312718201214195179511374141965178475604629754584934727615 0 0 0 0 0 0 0 0 0 0 0 0 0 0 0 0 0 0 0 0 0 0 0 0 0 0 0 0 0 0 0 0 0 0 0 0 0 0 0 0 0 0 0 0 0 0 0 0 0 0 0 0 0 0 0 0 0 0 0 0 0 1 0 0 0 0 0 0 0 0 0 0 0 0 0 0 0 0 0 0 0 0 0 0 0 0 0 0 0]
[4748468931431168192790805273807883633424753599414137015352334089133799929921862089367295659264210270147150217162713508107298892183119596133027686077236198469203235699860947329923880197318981410650876890685484449283490992730111492439135106936987931211429351835847483438536 0 0 0 0 0 0 0 0 0 0 0 0 0 0 0 0 0 0 0 0 0 0 0 0 0 0 0 0 0 0 0 0 0 0 0 0 0 0 0 0 0 0 0 0 0 0 0 0 0 0 0 0 0 0 0 0 0 0 0 0 0 0 1 0 0 0 0 0 0 0 0 0 0 0 0 0 0 0 0 0 0 0 0 0 0 0 0 0 0]
[3877802813158788843455919537376098405667595645014203983125271421136438867764242384787227470140995659692054687833850459900300267749151195003611065354139301049418097232491209554251043080594418681234405948145803995900871725578274703165871536299918687691982114926983147153496 0 0 0 0 0 0 0 0 0 0 0 0 0 0 0 0 0 0 0 0 0 0 0 0 0 0 0 0 0 0 0 0 0 0 0 0 0 0 0 0 0 0 0 0 0 0 0 0 0 0 0 0 0 0 0 0 0 0 0 0 0 0 0 1 0 0 0 0 0 0 0 0 0 0 0 0 0 0 0 0 0 0 0 0 0 0 0 0 0]
[911811656692561453125421743840454042252280053489502009894748957792229664376922457328603253061238187578477900921258805332756901827843446501648650469842144129117872207713328277021047475322601328325668728749699062766703166156711153754074646380032035995931119102632825751450 0 0 0 0 0 0 0 0 0 0 0 0 0 0 0 0 0 0 0 0 0 0 0 0 0 0 0 0 0 0 0 0 0 0 0 0 0 0 0 0 0 0 0 0 0 0 0 0 0 0 0 0 0 0 0 0 0 0 0 0 0 0 0 0 1 0 0 0 0 0 0 0 0 0 0 0 0 0 0 0 0 0 0 0 0 0 0 0 0]
[4869890712343816267209950722652841674044035630309262983383545599638920035382157564146052245012735314662750408803499652877367147909153725848084039092499898409239764685633665505331576542960844869102578976496162015970945225842157130763467141564522931256036368890256152795777 0 0 0 0 0 0 0 0 0 0 0 0 0 0 0 0 0 0 0 0 0 0 0 0 0 0 0 0 0 0 0 0 0 0 0 0 0 0 0 0 0 0 0 0 0 0 0 0 0 0 0 0 0 0 0 0 0 0 0 0 0 0 0 0 0 1 0 0 0 0 0 0 0 0 0 0 0 0 0 0 0 0 0 0 0 0 0 0 0]
[1111992875719489142412080771147832020837931921448804536548267216989386131575295049993842270311830280302412217702852665464765973194202661893407695185133640434471548680326542068168440450724201261623817089049474898118529458057755647850428854956093511540629029655601635948179 0 0 0 0 0 0 0 0 0 0 0 0 0 0 0 0 0 0 0 0 0 0 0 0 0 0 0 0 0 0 0 0 0 0 0 0 0 0 0 0 0 0 0 0 0 0 0 0 0 0 0 0 0 0 0 0 0 0 0 0 0 0 0 0 0 0 1 0 0 0 0 0 0 0 0 0 0 0 0 0 0 0 0 0 0 0 0 0 0]
[2649358554700862794055816935891844218229145105093587411410059007608552250162280744861808265172362783872412910338405172641874842802248711846151161380284866611982010784666150490350691670120799140247619414663419750552460623646816938807698709344787823934143484693418694791026 0 0 0 0 0 0 0 0 0 0 0 0 0 0 0 0 0 0 0 0 0 0 0 0 0 0 0 0 0 0 0 0 0 0 0 0 0 0 0 0 0 0 0 0 0 0 0 0 0 0 0 0 0 0 0 0 0 0 0 0 0 0 0 0 0 0 0 1 0 0 0 0 0 0 0 0 0 0 0 0 0 0 0 0 0 0 0 0 0]
[4888256320216274203430082427138124809153641594134307705684962683082181533941828192244904111883244345745848708200216391288722795555751314709493063583479149222028705795314523495820622777901632450055837791866761294497802973505874248204695469003738591885991992137148283950614 0 0 0 0 0 0 0 0 0 0 0 0 0 0 0 0 0 0 0 0 0 0 0 0 0 0 0 0 0 0 0 0 0 0 0 0 0 0 0 0 0 0 0 0 0 0 0 0 0 0 0 0 0 0 0 0 0 0 0 0 0 0 0 0 0 0 0 0 1 0 0 0 0 0 0 0 0 0 0 0 0 0 0 0 0 0 0 0 0]
[4181158841350435028535422485533038649552577298290136715503552037471520675893472845555082803493677076568826524318329338677833730242247367318842916616891089635169239212766865624355380193327945307029547087666131814193898048769725163288325139984473795076908340843733498731556 0 0 0 0 0 0 0 0 0 0 0 0 0 0 0 0 0 0 0 0 0 0 0 0 0 0 0 0 0 0 0 0 0 0 0 0 0 0 0 0 0 0 0 0 0 0 0 0 0 0 0 0 0 0 0 0 0 0 0 0 0 0 0 0 0 0 0 0 0 1 0 0 0 0 0 0 0 0 0 0 0 0 0 0 0 0 0 0 0]
[3477473570444457122948185406459580577540913356650612659617307117376738220603224873126238656197401799040377695142118813259521643977080563036335249386797679378719823397034248441504227144830784767181473772384333038783590708379606161582375941163488834263957382086587690151532 0 0 0 0 0 0 0 0 0 0 0 0 0 0 0 0 0 0 0 0 0 0 0 0 0 0 0 0 0 0 0 0 0 0 0 0 0 0 0 0 0 0 0 0 0 0 0 0 0 0 0 0 0 0 0 0 0 0 0 0 0 0 0 0 0 0 0 0 0 0 1 0 0 0 0 0 0 0 0 0 0 0 0 0 0 0 0 0 0]
[3383230668239697732105135131062857632828873660764407553744884691500093227868742405010310993475151990262280243795337144997094089042919309112891436486362470866043361615807157860518096245832989111734119517537700116577526950498893259725952956514992841324158071414878377648509 0 0 0 0 0 0 0 0 0 0 0 0 0 0 0 0 0 0 0 0 0 0 0 0 0 0 0 0 0 0 0 0 0 0 0 0 0 0 0 0 0 0 0 0 0 0 0 0 0 0 0 0 0 0 0 0 0 0 0 0 0 0 0 0 0 0 0 0 0 0 0 1 0 0 0 0 0 0 0 0 0 0 0 0 0 0 0 0 0]
[5360320626828941125121851099623095719027312691523333721322016613145522612342212891044951298463204923763440780977534569556652118392224811334027975643066159831635823835325281718271397274889504536982614597782369102714053554780748445489869448105955425395045807098648229014109 0 0 0 0 0 0 0 0 0 0 0 0 0 0 0 0 0 0 0 0 0 0 0 0 0 0 0 0 0 0 0 0 0 0 0 0 0 0 0 0 0 0 0 0 0 0 0 0 0 0 0 0 0 0 0 0 0 0 0 0 0 0 0 0 0 0 0 0 0 0 0 0 1 0 0 0 0 0 0 0 0 0 0 0 0 0 0 0 0]
[2140820956207802304901597128797132384156564683237924079039372538679265828877865882356302820918904909238805004331058709656491882049332256957579915014886614959878635557216879211941181944411318717266620480086754109750975923399257466151704151279559482367277695740167718431195 0 0 0 0 0 0 0 0 0 0 0 0 0 0 0 0 0 0 0 0 0 0 0 0 0 0 0 0 0 0 0 0 0 0 0 0 0 0 0 0 0 0 0 0 0 0 0 0 0 0 0 0 0 0 0 0 0 0 0 0 0 0 0 0 0 0 0 0 0 0 0 0 0 1 0 0 0 0 0 0 0 0 0 0 0 0 0 0 0]
[2001703370959460673868553712290504520688022375883242950107905555180949351178541542795989142661509366834951588540185359911281412528772946800000580236788568130614682718752572011389434155391533720212252720767630028400128018038198573240885237827975488917388605546102368326973 0 0 0 0 0 0 0 0 0 0 0 0 0 0 0 0 0 0 0 0 0 0 0 0 0 0 0 0 0 0 0 0 0 0 0 0 0 0 0 0 0 0 0 0 0 0 0 0 0 0 0 0 0 0 0 0 0 0 0 0 0 0 0 0 0 0 0 0 0 0 0 0 0 0 1 0 0 0 0 0 0 0 0 0 0 0 0 0 0]
[14383911449580142349269688671782576709994849370784419500767390317386717588479761720026064712062698844069221118758226624465004303144957973909696759448642574341526190084727545712809465562325040174912950270630824243315834205727186784626459295526222594252995790655438737795 0 0 0 0 0 0 0 0 0 0 0 0 0 0 0 0 0 0 0 0 0 0 0 0 0 0 0 0 0 0 0 0 0 0 0 0 0 0 0 0 0 0 0 0 0 0 0 0 0 0 0 0 0 0 0 0 0 0 0 0 0 0 0 0 0 0 0 0 0 0 0 0 0 0 0 1 0 0 0 0 0 0 0 0 0 0 0 0 0]
[4954989323878915387072050654579465090372584420141807426050567165932646951961688586444173143464890254774153741320789292590542868370368603937342977624932079994796575182086362804434053769648097558837718569672596685525572168709632168223585780589011329698192495386760544441581 0 0 0 0 0 0 0 0 0 0 0 0 0 0 0 0 0 0 0 0 0 0 0 0 0 0 0 0 0 0 0 0 0 0 0 0 0 0 0 0 0 0 0 0 0 0 0 0 0 0 0 0 0 0 0 0 0 0 0 0 0 0 0 0 0 0 0 0 0 0 0 0 0 0 0 0 1 0 0 0 0 0 0 0 0 0 0 0 0]
[5015115575140708581102676509631428920542097821112915815781514134013933227150109032240880628709504501684101880003550681931422968079806629812189939181332051909366038314857812716631468696637768042336214028050245354582718097618161351790894610071571445454726052101311445338955 0 0 0 0 0 0 0 0 0 0 0 0 0 0 0 0 0 0 0 0 0 0 0 0 0 0 0 0 0 0 0 0 0 0 0 0 0 0 0 0 0 0 0 0 0 0 0 0 0 0 0 0 0 0 0 0 0 0 0 0 0 0 0 0 0 0 0 0 0 0 0 0 0 0 0 0 0 1 0 0 0 0 0 0 0 0 0 0 0]
[3222226219549493176392872940986674436459761542106017605021591918376894823981361576177556144811722978702327848788524521479839178722589140950255741438292248602631621111705749391502437484867308273681270920120196397846922225608738638038073095021399666208840018099568570896858 0 0 0 0 0 0 0 0 0 0 0 0 0 0 0 0 0 0 0 0 0 0 0 0 0 0 0 0 0 0 0 0 0 0 0 0 0 0 0 0 0 0 0 0 0 0 0 0 0 0 0 0 0 0 0 0 0 0 0 0 0 0 0 0 0 0 0 0 0 0 0 0 0 0 0 0 0 0 1 0 0 0 0 0 0 0 0 0 0]
[2084828102267746861304613568752808123636277493157848539945061791831974529187715902767131860073997527559366928796527250429171846281134854091737335363676934404574347633928056774346074558911668147560857071371373966182940605238514963708057345229965853216196912493330240530188 0 0 0 0 0 0 0 0 0 0 0 0 0 0 0 0 0 0 0 0 0 0 0 0 0 0 0 0 0 0 0 0 0 0 0 0 0 0 0 0 0 0 0 0 0 0 0 0 0 0 0 0 0 0 0 0 0 0 0 0 0 0 0 0 0 0 0 0 0 0 0 0 0 0 0 0 0 0 0 1 0 0 0 0 0 0 0 0 0]
[1917219234624289795831333866798416047078178538391084939743801553895962979511017161803600009788852719022687436323888276153960608521437852776450042601469964244276945827946843547921289710139222376749182114506651634068878454591332462144713918714866601291154719464676568492375 0 0 0 0 0 0 0 0 0 0 0 0 0 0 0 0 0 0 0 0 0 0 0 0 0 0 0 0 0 0 0 0 0 0 0 0 0 0 0 0 0 0 0 0 0 0 0 0 0 0 0 0 0 0 0 0 0 0 0 0 0 0 0 0 0 0 0 0 0 0 0 0 0 0 0 0 0 0 0 0 1 0 0 0 0 0 0 0 0]
[5047332871230626288659440669214817080570113935748749102789885546039223629517576686270012072899263129761929589896181316284727511713069927717593243775061760636664998101546672369723937802529531104830077606713798301207766426420874625704393395173311799652594352665501917219498 0 0 0 0 0 0 0 0 0 0 0 0 0 0 0 0 0 0 0 0 0 0 0 0 0 0 0 0 0 0 0 0 0 0 0 0 0 0 0 0 0 0 0 0 0 0 0 0 0 0 0 0 0 0 0 0 0 0 0 0 0 0 0 0 0 0 0 0 0 0 0 0 0 0 0 0 0 0 0 0 0 1 0 0 0 0 0 0 0]
[2772925616999633461978342955900560095721637994050378825083479455516803621366119921363645599604066882719534615016794083194376596189894099181384448284265537939401115081709593354814208809405969376526697642883429637541722408804138789866338393054966359117672386255331992461833 0 0 0 0 0 0 0 0 0 0 0 0 0 0 0 0 0 0 0 0 0 0 0 0 0 0 0 0 0 0 0 0 0 0 0 0 0 0 0 0 0 0 0 0 0 0 0 0 0 0 0 0 0 0 0 0 0 0 0 0 0 0 0 0 0 0 0 0 0 0 0 0 0 0 0 0 0 0 0 0 0 0 1 0 0 0 0 0 0]
[860113169579461008980526391678671787730919723391382656338826072162579653990959624031428312797836566021456335562510702052418981350484033499527890323518791875465844087059880754828885164340685023008340565067898962603994639947411730896886667990735995457387661616442639655481 0 0 0 0 0 0 0 0 0 0 0 0 0 0 0 0 0 0 0 0 0 0 0 0 0 0 0 0 0 0 0 0 0 0 0 0 0 0 0 0 0 0 0 0 0 0 0 0 0 0 0 0 0 0 0 0 0 0 0 0 0 0 0 0 0 0 0 0 0 0 0 0 0 0 0 0 0 0 0 0 0 0 0 1 0 0 0 0 0]
[2007322899378938422325887434951433773278126910486289852631112112621530774873144755943881493729663401746270300181929862791224546973834100340002927736653216466515090357523920261999852413028867237410320212608123102098298798504467943008718446118862415469685992504594174610345 0 0 0 0 0 0 0 0 0 0 0 0 0 0 0 0 0 0 0 0 0 0 0 0 0 0 0 0 0 0 0 0 0 0 0 0 0 0 0 0 0 0 0 0 0 0 0 0 0 0 0 0 0 0 0 0 0 0 0 0 0 0 0 0 0 0 0 0 0 0 0 0 0 0 0 0 0 0 0 0 0 0 0 0 1 0 0 0 0]
[4445917203908798807522015084914516764033907383003061436973179702402674560328637922685147306963497994933015279578530588357618929686734276483688121592033790297369026405226169068843405256115119658719455757207104568794149812524879427566482582688107468530674989632050667685556 0 0 0 0 0 0 0 0 0 0 0 0 0 0 0 0 0 0 0 0 0 0 0 0 0 0 0 0 0 0 0 0 0 0 0 0 0 0 0 0 0 0 0 0 0 0 0 0 0 0 0 0 0 0 0 0 0 0 0 0 0 0 0 0 0 0 0 0 0 0 0 0 0 0 0 0 0 0 0 0 0 0 0 0 0 1 0 0 0]
[1659978970182091968157027745732380066860518903303495735809217651315217123574804867071927887220935456071666282974187468665126988322112511642152284384121084808323417001666947153231089120453847196769001700548434469171792585577636288326028231507818346650357115991423312079631 0 0 0 0 0 0 0 0 0 0 0 0 0 0 0 0 0 0 0 0 0 0 0 0 0 0 0 0 0 0 0 0 0 0 0 0 0 0 0 0 0 0 0 0 0 0 0 0 0 0 0 0 0 0 0 0 0 0 0 0 0 0 0 0 0 0 0 0 0 0 0 0 0 0 0 0 0 0 0 0 0 0 0 0 0 0 1 0 0]
[3639363870518973460759251139938141861915719601671622810319129660657725747474691837544383058219857935719399719051612508727238153014012762093308127922484387783504187254523922540203047177125740483805974078599464772246104964959050390657066135283096871470234817516152577440457 0 0 0 0 0 0 0 0 0 0 0 0 0 0 0 0 0 0 0 0 0 0 0 0 0 0 0 0 0 0 0 0 0 0 0 0 0 0 0 0 0 0 0 0 0 0 0 0 0 0 0 0 0 0 0 0 0 0 0 0 0 0 0 0 0 0 0 0 0 0 0 0 0 0 0 0 0 0 0 0 0 0 0 0 0 0 0 1 0]
[3507809210528940863408452736012049168483651256760440255171903053618064673022548367791390930205453921319714341223969038256579520343294475018464767901239237179311740983685876585101859949795487820484346967874927680255069213117088416854138633301662095334726568286921686704585 0 0 0 0 0 0 0 0 0 0 0 0 0 0 0 0 0 0 0 0 0 0 0 0 0 0 0 0 0 0 0 0 0 0 0 0 0 0 0 0 0 0 0 0 0 0 0 0 0 0 0 0 0 0 0 0 0 0 0 0 0 0 0 0 0 0 0 0 0 0 0 0 0 0 0 0 0 0 0 0 0 0 0 0 0 0 0 0 1]
]
