[[2651763599284394562908294053273864573563899526891130569546754984751336453870888649745419011478471935105014175483001339373333213033637554599389288009447 0 0 0 0 0 0 0 0 0 0 0 0 0 0 0 0 0 0 0 0 0 0 0 0 0 0 0 0 0 0 0 0 0 0 0 0 0 0 0 0 0 0 0 0 0 0 0 0 0]
[1155694897593013819928038767036412596462454346701628734404972542170405588198665919911437944422228727480274412773142131670877536897263710076353334081044 1 0 0 0 0 0 0 0 0 0 0 0 0 0 0 0 0 0 0 0 0 0 0 0 0 0 0 0 0 0 0 0 0 0 0 0 0 0 0 0 0 0 0 0 0 0 0 0 0]
[432497837192531163771601078236911193034174838243841238988146862251564148620545168796322301787182704363634446569022872639002293109363620831241541445323 0 1 0 0 0 0 0 0 0 0 0 0 0 0 0 0 0 0 0 0 0 0 0 0 0 0 0 0 0 0 0 0 0 0 0 0 0 0 0 0 0 0 0 0 0 0 0 0 0]
[996201393281598409933199128385593185717632376330888406116813600781979598557921406365621545913150200293044275976875747751548119072910325757620449486411 0 0 1 0 0 0 0 0 0 0 0 0 0 0 0 0 0 0 0 0 0 0 0 0 0 0 0 0 0 0 0 0 0 0 0 0 0 0 0 0 0 0 0 0 0 0 0 0 0]
[1921513105500503496669345286874499952996730101630626892986455516577984482676997719817051092433749285414546712850670580726640986872139888731744578644692 0 0 0 1 0 0 0 0 0 0 0 0 0 0 0 0 0 0 0 0 0 0 0 0 0 0 0 0 0 0 0 0 0 0 0 0 0 0 0 0 0 0 0 0 0 0 0 0 0]
[2499304728740694103097359587772134025170449699371222682625855211631469340487868935201109572401549754470457609069393020936191604533916135333688194586925 0 0 0 0 1 0 0 0 0 0 0 0 0 0 0 0 0 0 0 0 0 0 0 0 0 0 0 0 0 0 0 0 0 0 0 0 0 0 0 0 0 0 0 0 0 0 0 0 0]
[1760602316074841494382883630943477409656029736337277492658908049633976874439774548148660112220066655550356720431552689627037882644888765534289471372585 0 0 0 0 0 1 0 0 0 0 0 0 0 0 0 0 0 0 0 0 0 0 0 0 0 0 0 0 0 0 0 0 0 0 0 0 0 0 0 0 0 0 0 0 0 0 0 0 0]
[2540463893283753379508030515306985543938862543563233512127915257027170982715275219256991688846553364512620669600804656536364185490550865338298403923712 0 0 0 0 0 0 1 0 0 0 0 0 0 0 0 0 0 0 0 0 0 0 0 0 0 0 0 0 0 0 0 0 0 0 0 0 0 0 0 0 0 0 0 0 0 0 0 0 0]
[1809061327780366115221172639789824456161509340615228300204417646730873318410322316237316248917420929518930862186310469073609657504893205471671757034389 0 0 0 0 0 0 0 1 0 0 0 0 0 0 0 0 0 0 0 0 0 0 0 0 0 0 0 0 0 0 0 0 0 0 0 0 0 0 0 0 0 0 0 0 0 0 0 0 0]
[218180451433438047136478455533432785410283699871686485278560286812467333898298124450372498852237106131409918169204340530129031795413056321043575062975 0 0 0 0 0 0 0 0 1 0 0 0 0 0 0 0 0 0 0 0 0 0 0 0 0 0 0 0 0 0 0 0 0 0 0 0 0 0 0 0 0 0 0 0 0 0 0 0 0]
[366764300288559975935584187418303923112895327088960775862841035633459794441178750443436739278738769851208898298217220912066603386757015928553700153118 0 0 0 0 0 0 0 0 0 1 0 0 0 0 0 0 0 0 0 0 0 0 0 0 0 0 0 0 0 0 0 0 0 0 0 0 0 0 0 0 0 0 0 0 0 0 0 0 0]
[2113370866105851312200736726631484607588095378451418837472855488565460370898711025077556654729618314169625385287174781013923484603393993895132471219357 0 0 0 0 0 0 0 0 0 0 1 0 0 0 0 0 0 0 0 0 0 0 0 0 0 0 0 0 0 0 0 0 0 0 0 0 0 0 0 0 0 0 0 0 0 0 0 0 0]
[1120726849307267976224488601573582012773914699617702585060454067514376709004918957560476646584819812676333184901078205088284832795230319866546709580053 0 0 0 0 0 0 0 0 0 0 0 1 0 0 0 0 0 0 0 0 0 0 0 0 0 0 0 0 0 0 0 0 0 0 0 0 0 0 0 0 0 0 0 0 0 0 0 0 0]
[1546567408381766766732593510675352786796186609307741839855508701837901690711998708520674470840338218108391283202503725003122685333561323021640943482617 0 0 0 0 0 0 0 0 0 0 0 0 1 0 0 0 0 0 0 0 0 0 0 0 0 0 0 0 0 0 0 0 0 0 0 0 0 0 0 0 0 0 0 0 0 0 0 0 0]
[2628160798982489106847442231215795106554371632489295062300362529505614253362401515306737448992460807463661064840273685735083251386119007459711006565566 0 0 0 0 0 0 0 0 0 0 0 0 0 1 0 0 0 0 0 0 0 0 0 0 0 0 0 0 0 0 0 0 0 0 0 0 0 0 0 0 0 0 0 0 0 0 0 0 0]
[2479896780559733123787202634169587712280308348742560671236966411396363715281749477252836428879297179220065973738724921556534615998376092898313193607603 0 0 0 0 0 0 0 0 0 0 0 0 0 0 1 0 0 0 0 0 0 0 0 0 0 0 0 0 0 0 0 0 0 0 0 0 0 0 0 0 0 0 0 0 0 0 0 0 0]
[2028892618045780055998348417889994578069018586086651478534712311316983672614289047625325977660295308431827142482954507567971556385375874035500075564421 0 0 0 0 0 0 0 0 0 0 0 0 0 0 0 1 0 0 0 0 0 0 0 0 0 0 0 0 0 0 0 0 0 0 0 0 0 0 0 0 0 0 0 0 0 0 0 0 0]
[1328393343766691412350155669083544274776980613070502245151200130549005835019276478386201681229414495859658679889675478784745486254049024816167787321897 0 0 0 0 0 0 0 0 0 0 0 0 0 0 0 0 1 0 0 0 0 0 0 0 0 0 0 0 0 0 0 0 0 0 0 0 0 0 0 0 0 0 0 0 0 0 0 0 0]
[2516296411106611676972787625125335678102147746972872629220768222193594467578922021675420876057991731074983234578481858298297374349914868804435629367991 0 0 0 0 0 0 0 0 0 0 0 0 0 0 0 0 0 1 0 0 0 0 0 0 0 0 0 0 0 0 0 0 0 0 0 0 0 0 0 0 0 0 0 0 0 0 0 0 0]
[899227411485778609900192496058810138620768337490997530030727344002482249842936458558265019682565386708018901138996823985339513796475683293852946702838 0 0 0 0 0 0 0 0 0 0 0 0 0 0 0 0 0 0 1 0 0 0 0 0 0 0 0 0 0 0 0 0 0 0 0 0 0 0 0 0 0 0 0 0 0 0 0 0 0]
[1965487177714719653166530848733094218958331656222320566420698031750527070570611835649286686772066296610349019148548532085299337074420945847907260082663 0 0 0 0 0 0 0 0 0 0 0 0 0 0 0 0 0 0 0 1 0 0 0 0 0 0 0 0 0 0 0 0 0 0 0 0 0 0 0 0 0 0 0 0 0 0 0 0 0]
[255036494208393049473486843398952296326922829853361381218745517800140678509131555018862863283323348552201470180002861424163262025467851819877067063337 0 0 0 0 0 0 0 0 0 0 0 0 0 0 0 0 0 0 0 0 1 0 0 0 0 0 0 0 0 0 0 0 0 0 0 0 0 0 0 0 0 0 0 0 0 0 0 0 0]
[1130242850593595945774310974168702769493348990928832815907750577962021993090921790814932990312777608507934251238169663776712728925789301781761832962730 0 0 0 0 0 0 0 0 0 0 0 0 0 0 0 0 0 0 0 0 0 1 0 0 0 0 0 0 0 0 0 0 0 0 0 0 0 0 0 0 0 0 0 0 0 0 0 0 0]
[83490319111708516609954768386927371597196285346873474882516617496163933484850680364290489648079799833440359238707105442456674185177418537220281471637 0 0 0 0 0 0 0 0 0 0 0 0 0 0 0 0 0 0 0 0 0 0 1 0 0 0 0 0 0 0 0 0 0 0 0 0 0 0 0 0 0 0 0 0 0 0 0 0 0]
[244314865853737645795519653762657952458478037723954800198338747713002619869078185678306720432166161096676882493653050849636715400760061206507567885388 0 0 0 0 0 0 0 0 0 0 0 0 0 0 0 0 0 0 0 0 0 0 0 1 0 0 0 0 0 0 0 0 0 0 0 0 0 0 0 0 0 0 0 0 0 0 0 0 0]
[1131900533782940427510083928272663107550731362266985072803772530170677757360854119592390091166052224187677256616973034225421651132267279773034601355728 0 0 0 0 0 0 0 0 0 0 0 0 0 0 0 0 0 0 0 0 0 0 0 0 1 0 0 0 0 0 0 0 0 0 0 0 0 0 0 0 0 0 0 0 0 0 0 0 0]
[1533779190357632181714222021083275398389869314650435921923399085820158972218783291491334098397079085205965080067917728344163442987031548828814774589915 0 0 0 0 0 0 0 0 0 0 0 0 0 0 0 0 0 0 0 0 0 0 0 0 0 1 0 0 0 0 0 0 0 0 0 0 0 0 0 0 0 0 0 0 0 0 0 0 0]
[783607002954128722798674460896243829736147947984251578257897608000600847218583235585903842389259972917788349876475807169991726742720624390182842093141 0 0 0 0 0 0 0 0 0 0 0 0 0 0 0 0 0 0 0 0 0 0 0 0 0 0 1 0 0 0 0 0 0 0 0 0 0 0 0 0 0 0 0 0 0 0 0 0 0]
[2011353153938259479014682040651715119021616612485288658812215839130749195809958993869418844231854073033339564725362004547182526533359672330921184540316 0 0 0 0 0 0 0 0 0 0 0 0 0 0 0 0 0 0 0 0 0 0 0 0 0 0 0 1 0 0 0 0 0 0 0 0 0 0 0 0 0 0 0 0 0 0 0 0 0]
[1566261103055516784312763894112091950753986445456962842994732524121817892114790103809334933973358250167507361583287263137162439927657751140124193083139 0 0 0 0 0 0 0 0 0 0 0 0 0 0 0 0 0 0 0 0 0 0 0 0 0 0 0 0 1 0 0 0 0 0 0 0 0 0 0 0 0 0 0 0 0 0 0 0 0]
[2247742766150554766957664104064803829507576176692860626994968401007986994415593145303815203663234406113314972490922192659383563619067714422462244287757 0 0 0 0 0 0 0 0 0 0 0 0 0 0 0 0 0 0 0 0 0 0 0 0 0 0 0 0 0 1 0 0 0 0 0 0 0 0 0 0 0 0 0 0 0 0 0 0 0]
[1367463018955892571018384249417592953306138496876498172047753176843408865727087135913362530161932899959195187398685814399691698981288246897418116381352 0 0 0 0 0 0 0 0 0 0 0 0 0 0 0 0 0 0 0 0 0 0 0 0 0 0 0 0 0 0 1 0 0 0 0 0 0 0 0 0 0 0 0 0 0 0 0 0 0]
[656286331910539736242730402143270166558678298335550204002926944728941112276552685763901231295932235589570393518566826166686064193574385061791935797673 0 0 0 0 0 0 0 0 0 0 0 0 0 0 0 0 0 0 0 0 0 0 0 0 0 0 0 0 0 0 0 1 0 0 0 0 0 0 0 0 0 0 0 0 0 0 0 0 0]
[2093600113636482213027250104494758894728702047273280514486179434708202463878707240134200251128439888815428919329932207670713337588071060702525752499562 0 0 0 0 0 0 0 0 0 0 0 0 0 0 0 0 0 0 0 0 0 0 0 0 0 0 0 0 0 0 0 0 1 0 0 0 0 0 0 0 0 0 0 0 0 0 0 0 0]
[1090166314503348018562370742384738278920155664688046001856465188012516281029103263463750170516391087216242943864629008560496596720232014154994653776579 0 0 0 0 0 0 0 0 0 0 0 0 0 0 0 0 0 0 0 0 0 0 0 0 0 0 0 0 0 0 0 0 0 1 0 0 0 0 0 0 0 0 0 0 0 0 0 0 0]
[1401034697536687249345322699863266057173383051504379659173332049557524610936269591499565075437250514083152318841111509975028364537658448097919669773931 0 0 0 0 0 0 0 0 0 0 0 0 0 0 0 0 0 0 0 0 0 0 0 0 0 0 0 0 0 0 0 0 0 0 1 0 0 0 0 0 0 0 0 0 0 0 0 0 0]
[1399335674852612849447516249005644836978508567772135024862891907044862459201379228734203270971922407353193649818909094793946211959656187047651680853232 0 0 0 0 0 0 0 0 0 0 0 0 0 0 0 0 0 0 0 0 0 0 0 0 0 0 0 0 0 0 0 0 0 0 0 1 0 0 0 0 0 0 0 0 0 0 0 0 0]
[729287448107236834403159208062980132202446719087661278794223883654582330150250902892516394310094902553103625807956821305145291310893486441625978258252 0 0 0 0 0 0 0 0 0 0 0 0 0 0 0 0 0 0 0 0 0 0 0 0 0 0 0 0 0 0 0 0 0 0 0 0 1 0 0 0 0 0 0 0 0 0 0 0 0]
[1491156744380081342044438074957466776594537305676543699779318736610763330826085716870038983097794817704041705301062814581568085686147271827184086256592 0 0 0 0 0 0 0 0 0 0 0 0 0 0 0 0 0 0 0 0 0 0 0 0 0 0 0 0 0 0 0 0 0 0 0 0 0 1 0 0 0 0 0 0 0 0 0 0 0]
[233138009426029165596155090373874621040041712212493483542075689765941023778965668301400188190194661142485170303520960496289416969313565171106365213694 0 0 0 0 0 0 0 0 0 0 0 0 0 0 0 0 0 0 0 0 0 0 0 0 0 0 0 0 0 0 0 0 0 0 0 0 0 0 1 0 0 0 0 0 0 0 0 0 0]
[1795385821117639014981706220823458110253064083200002605243686398616474970693580924277740798567821033190776334521006743157764024384011921112606801812056 0 0 0 0 0 0 0 0 0 0 0 0 0 0 0 0 0 0 0 0 0 0 0 0 0 0 0 0 0 0 0 0 0 0 0 0 0 0 0 1 0 0 0 0 0 0 0 0 0]
[987712167145832967473064172747680520815888109332466426318446491650658454066939229394718237248325566684908069057957409897024016559529483299746330148002 0 0 0 0 0 0 0 0 0 0 0 0 0 0 0 0 0 0 0 0 0 0 0 0 0 0 0 0 0 0 0 0 0 0 0 0 0 0 0 0 1 0 0 0 0 0 0 0 0]
[2347728609909162648797855854136422430930241520457817001876667015885626679462740394564484183905678738142028988413048898936205304954995793317083531776245 0 0 0 0 0 0 0 0 0 0 0 0 0 0 0 0 0 0 0 0 0 0 0 0 0 0 0 0 0 0 0 0 0 0 0 0 0 0 0 0 0 1 0 0 0 0 0 0 0]
[329558068210157138123274037251599220219446381036216136452270386330262652007001204907250514783707780569954489179848591287730982641070166690782093312719 0 0 0 0 0 0 0 0 0 0 0 0 0 0 0 0 0 0 0 0 0 0 0 0 0 0 0 0 0 0 0 0 0 0 0 0 0 0 0 0 0 0 1 0 0 0 0 0 0]
[711635719986397008923758851736027928483209410487520936524767149025210712546430085167499371478345632484425959819432364555240809476610605020796272723804 0 0 0 0 0 0 0 0 0 0 0 0 0 0 0 0 0 0 0 0 0 0 0 0 0 0 0 0 0 0 0 0 0 0 0 0 0 0 0 0 0 0 0 1 0 0 0 0 0]
[2456841958006504842889139805156906721740667981226752891081848289742905424606457746084871711600219273150786545599657331598997058077537644217153276860157 0 0 0 0 0 0 0 0 0 0 0 0 0 0 0 0 0 0 0 0 0 0 0 0 0 0 0 0 0 0 0 0 0 0 0 0 0 0 0 0 0 0 0 0 1 0 0 0 0]
[1184320664096655676076396926479247775163488571781473088492605170020867272544760787971334142405830747327732566816874076065069790472647277975746596698357 0 0 0 0 0 0 0 0 0 0 0 0 0 0 0 0 0 0 0 0 0 0 0 0 0 0 0 0 0 0 0 0 0 0 0 0 0 0 0 0 0 0 0 0 0 1 0 0 0]
[780642607107138780834027477589138798718835573445867749401546857877286170607599966696229695466228256848073382039994935448606186555388928716854106283202 0 0 0 0 0 0 0 0 0 0 0 0 0 0 0 0 0 0 0 0 0 0 0 0 0 0 0 0 0 0 0 0 0 0 0 0 0 0 0 0 0 0 0 0 0 0 1 0 0]
[184227863239603912829629020843488168432993152730789457450005067100745689118490655101089772459160826687099170838929725603986517701395541045567801585298 0 0 0 0 0 0 0 0 0 0 0 0 0 0 0 0 0 0 0 0 0 0 0 0 0 0 0 0 0 0 0 0 0 0 0 0 0 0 0 0 0 0 0 0 0 0 0 1 0]
[2281519180078851565454151963620412671927141491774846084188130919831319029348725970934615242250479276576921236521198315026265006413354901456039721170535 0 0 0 0 0 0 0 0 0 0 0 0 0 0 0 0 0 0 0 0 0 0 0 0 0 0 0 0 0 0 0 0 0 0 0 0 0 0 0 0 0 0 0 0 0 0 0 0 1]
]
