[[2358623394391357350511615112249498189220418358552118186810590175029883320159702076777088406587507864739731694141283910177 0 0 0 0 0 0 0 0 0 0 0 0 0 0 0 0 0 0 0 0 0 0 0 0 0 0 0 0 0 0 0 0 0 0 0 0 0 0 0]
[2028401852639215638642162252742828504280263321459879503231025503383300423731631807249313524248891709624194282895701179915 1 0 0 0 0 0 0 0 0 0 0 0 0 0 0 0 0 0 0 0 0 0 0 0 0 0 0 0 0 0 0 0 0 0 0 0 0 0 0]
[726524062926690088842923985488441312564816207549083756671561653442160651699696088793701043192962960452061598735669889032 0 1 0 0 0 0 0 0 0 0 0 0 0 0 0 0 0 0 0 0 0 0 0 0 0 0 0 0 0 0 0 0 0 0 0 0 0 0 0]
[1711663360808742430446341320594576308878207363529325364871012972921319484035801446506299738015923242662007715626730928704 0 0 1 0 0 0 0 0 0 0 0 0 0 0 0 0 0 0 0 0 0 0 0 0 0 0 0 0 0 0 0 0 0 0 0 0 0 0 0]
[1543744807215897335013224906077167240421929243157588884674114946533910248517189988880819588378994075430817668657988998294 0 0 0 1 0 0 0 0 0 0 0 0 0 0 0 0 0 0 0 0 0 0 0 0 0 0 0 0 0 0 0 0 0 0 0 0 0 0 0]
[1534986791443941823413656860172231384985679160298607712982098340070310739794918752211820313842588888341750749107545864422 0 0 0 0 1 0 0 0 0 0 0 0 0 0 0 0 0 0 0 0 0 0 0 0 0 0 0 0 0 0 0 0 0 0 0 0 0 0 0]
[1828576588523992444838555663470212021251243836438326222894612263213654021207358277128590181239582138878495034525343052215 0 0 0 0 0 1 0 0 0 0 0 0 0 0 0 0 0 0 0 0 0 0 0 0 0 0 0 0 0 0 0 0 0 0 0 0 0 0 0]
[649964501185372963135594040115617421420018074334612235653442629369764850139893881448062310702941591325890568316549442174 0 0 0 0 0 0 1 0 0 0 0 0 0 0 0 0 0 0 0 0 0 0 0 0 0 0 0 0 0 0 0 0 0 0 0 0 0 0 0]
[2073278214080424570792404387442384009241289064151212017399492704487409334821782345793960004074127504558961382924442943476 0 0 0 0 0 0 0 1 0 0 0 0 0 0 0 0 0 0 0 0 0 0 0 0 0 0 0 0 0 0 0 0 0 0 0 0 0 0 0]
[779320404013273548341524439828122011527251084638968997815020571824740879466248285812653976955638041746313395949437825449 0 0 0 0 0 0 0 0 1 0 0 0 0 0 0 0 0 0 0 0 0 0 0 0 0 0 0 0 0 0 0 0 0 0 0 0 0 0 0]
[2293996700797450425472579512111698154750963744953902952936330458500002031913800033685816024855247788680614655981811620390 0 0 0 0 0 0 0 0 0 1 0 0 0 0 0 0 0 0 0 0 0 0 0 0 0 0 0 0 0 0 0 0 0 0 0 0 0 0 0]
[1482098849023717661325749528880020273865934566383003813775924172424419883969403185436205564386027961546449382420961510898 0 0 0 0 0 0 0 0 0 0 1 0 0 0 0 0 0 0 0 0 0 0 0 0 0 0 0 0 0 0 0 0 0 0 0 0 0 0 0]
[1496369021798096313304372135033790951960479405337707224805581567141689361088558743235569179663453280624216078972294176398 0 0 0 0 0 0 0 0 0 0 0 1 0 0 0 0 0 0 0 0 0 0 0 0 0 0 0 0 0 0 0 0 0 0 0 0 0 0 0]
[1783141028292278195625841942461405606262518052771734946248986552216923567244608749275340610888353693612001937248111315494 0 0 0 0 0 0 0 0 0 0 0 0 1 0 0 0 0 0 0 0 0 0 0 0 0 0 0 0 0 0 0 0 0 0 0 0 0 0 0]
[1205242860267562772742458559307904824848674292288213770553279773156411491378638398205319469847052745473627489760011646261 0 0 0 0 0 0 0 0 0 0 0 0 0 1 0 0 0 0 0 0 0 0 0 0 0 0 0 0 0 0 0 0 0 0 0 0 0 0 0]
[694385037753772821451023817185053671602929837115213615936045326128212338122709881638023188012787625246730355944088142296 0 0 0 0 0 0 0 0 0 0 0 0 0 0 1 0 0 0 0 0 0 0 0 0 0 0 0 0 0 0 0 0 0 0 0 0 0 0 0]
[2319570072877125161371804468044024469464447069392478933138933889448760655373818577144191021686586090811803965631819511506 0 0 0 0 0 0 0 0 0 0 0 0 0 0 0 1 0 0 0 0 0 0 0 0 0 0 0 0 0 0 0 0 0 0 0 0 0 0 0]
[124148906621626405710870133692258812917464621451962688993527099959607396118546717013220429754632779664983820002417023913 0 0 0 0 0 0 0 0 0 0 0 0 0 0 0 0 1 0 0 0 0 0 0 0 0 0 0 0 0 0 0 0 0 0 0 0 0 0 0]
[2295080585599033109884020674880277732494594177001796578697256426335402989227334755738860841339388583376337110769156621704 0 0 0 0 0 0 0 0 0 0 0 0 0 0 0 0 0 1 0 0 0 0 0 0 0 0 0 0 0 0 0 0 0 0 0 0 0 0 0]
[959271002453947354353896653216119850538590063490042259710489374209599405167952344320374687753239488865261467832291513583 0 0 0 0 0 0 0 0 0 0 0 0 0 0 0 0 0 0 1 0 0 0 0 0 0 0 0 0 0 0 0 0 0 0 0 0 0 0 0]
[1162314747632510735132964898093173575124468150976631044670866018432536316428231884075716212089464188709476211000554781680 0 0 0 0 0 0 0 0 0 0 0 0 0 0 0 0 0 0 0 1 0 0 0 0 0 0 0 0 0 0 0 0 0 0 0 0 0 0 0]
[1753838410212539182795849305009418129541271232841257718118002691778591931697905104075383014491008100822512495112952737258 0 0 0 0 0 0 0 0 0 0 0 0 0 0 0 0 0 0 0 0 1 0 0 0 0 0 0 0 0 0 0 0 0 0 0 0 0 0 0]
[790132838431629613408564449465602554145908194621899238416887403519338274548909632414087107969216004928365123278971469310 0 0 0 0 0 0 0 0 0 0 0 0 0 0 0 0 0 0 0 0 0 1 0 0 0 0 0 0 0 0 0 0 0 0 0 0 0 0 0]
[2313291102135656114263965295600987034721178414107379421735023499252276935424642454129708312127578375872194906105625516378 0 0 0 0 0 0 0 0 0 0 0 0 0 0 0 0 0 0 0 0 0 0 1 0 0 0 0 0 0 0 0 0 0 0 0 0 0 0 0]
[1825235628869711898752292488938372525658341278555048315038865462460238651725654485801859295307730951296416084878527083138 0 0 0 0 0 0 0 0 0 0 0 0 0 0 0 0 0 0 0 0 0 0 0 1 0 0 0 0 0 0 0 0 0 0 0 0 0 0 0]
[808060704353737814567767970305043763143273299187344156867752705442955875387564366560783736672744981150076350759304291185 0 0 0 0 0 0 0 0 0 0 0 0 0 0 0 0 0 0 0 0 0 0 0 0 1 0 0 0 0 0 0 0 0 0 0 0 0 0 0]
[468808319237293774149786644169181322947910843830419930025113074806803106499817232434909533487556266025471765578758652291 0 0 0 0 0 0 0 0 0 0 0 0 0 0 0 0 0 0 0 0 0 0 0 0 0 1 0 0 0 0 0 0 0 0 0 0 0 0 0]
[2119543893176830049495113971087234232586166163999442393628308627759605487212990418542924334887448527218809117732208824790 0 0 0 0 0 0 0 0 0 0 0 0 0 0 0 0 0 0 0 0 0 0 0 0 0 0 1 0 0 0 0 0 0 0 0 0 0 0 0]
[187456373014864354302427388957342472507821363157082961686404616857279456209411660206726741282523486229050938189411829839 0 0 0 0 0 0 0 0 0 0 0 0 0 0 0 0 0 0 0 0 0 0 0 0 0 0 0 1 0 0 0 0 0 0 0 0 0 0 0]
[1267017597214018451659939723084908391721242184776529643399935763646603262856558367250120736148337060821276902031127337673 0 0 0 0 0 0 0 0 0 0 0 0 0 0 0 0 0 0 0 0 0 0 0 0 0 0 0 0 1 0 0 0 0 0 0 0 0 0 0]
[617109606470480669558041699665813104281368006966124807230259707457168349140748192891682081860546237016267492783160165420 0 0 0 0 0 0 0 0 0 0 0 0 0 0 0 0 0 0 0 0 0 0 0 0 0 0 0 0 0 1 0 0 0 0 0 0 0 0 0]
[1861365420747955311679195955041298851901163241870254547989756445154911584157947303035399489928941775149191985144413644166 0 0 0 0 0 0 0 0 0 0 0 0 0 0 0 0 0 0 0 0 0 0 0 0 0 0 0 0 0 0 1 0 0 0 0 0 0 0 0]
[1358054992653677313236504506874293322996224576383885292323974798999435813084854492684486257949951587984827280885635451259 0 0 0 0 0 0 0 0 0 0 0 0 0 0 0 0 0 0 0 0 0 0 0 0 0 0 0 0 0 0 0 1 0 0 0 0 0 0 0]
[2296681040691714849283522794958972094823679467587293183883929118207788364441632775448608846573452535112472511564178455384 0 0 0 0 0 0 0 0 0 0 0 0 0 0 0 0 0 0 0 0 0 0 0 0 0 0 0 0 0 0 0 0 1 0 0 0 0 0 0]
[820011655725800684003110595728122032399587431762536190621960973574899966474830864658337498850314713208536046004921856436 0 0 0 0 0 0 0 0 0 0 0 0 0 0 0 0 0 0 0 0 0 0 0 0 0 0 0 0 0 0 0 0 0 1 0 0 0 0 0]
[721318202004460086327980345050241677505612478268447729530065672982275534097731298051610925280721744116457501928105106947 0 0 0 0 0 0 0 0 0 0 0 0 0 0 0 0 0 0 0 0 0 0 0 0 0 0 0 0 0 0 0 0 0 0 1 0 0 0 0]
[1770319022136263036584735511930220608107375209285235943387327724949826935223949700280314217672679099026132378870338997529 0 0 0 0 0 0 0 0 0 0 0 0 0 0 0 0 0 0 0 0 0 0 0 0 0 0 0 0 0 0 0 0 0 0 0 1 0 0 0]
[1415520145038578854979485596662115696565131874522302643805915131736303105310583431900882370884647854742827006045795598548 0 0 0 0 0 0 0 0 0 0 0 0 0 0 0 0 0 0 0 0 0 0 0 0 0 0 0 0 0 0 0 0 0 0 0 0 1 0 0]
[1748546923070562474719993464710927080387614020967955426520311582520744022855908082758623989673867615264896555152159966859 0 0 0 0 0 0 0 0 0 0 0 0 0 0 0 0 0 0 0 0 0 0 0 0 0 0 0 0 0 0 0 0 0 0 0 0 0 1 0]
[1988853443788970197950037581789808890409017703529224957106763005708458911893562849725164854049764408055394881316329476332 0 0 0 0 0 0 0 0 0 0 0 0 0 0 0 0 0 0 0 0 0 0 0 0 0 0 0 0 0 0 0 0 0 0 0 0 0 0 1]
]
