[[1686463218065703829356032036638475310443474425933740452772508635819772496614727512034304626349700493026568317098177440047 0 0 0 0 0 0 0 0 0 0 0 0 0 0 0 0 0 0 0 0 0 0 0 0 0 0 0 0 0 0 0 0 0 0 0 0 0 0 0]
[344172375857675533431829493926716734683921459242941341127403156743218352749358885484339758967068067726795663078151975642 1 0 0 0 0 0 0 0 0 0 0 0 0 0 0 0 0 0 0 0 0 0 0 0 0 0 0 0 0 0 0 0 0 0 0 0 0 0 0]
[82069203801022641240711731737927530542976093796644117250285736847105554755585597488897378952071891303365535042516201589 0 1 0 0 0 0 0 0 0 0 0 0 0 0 0 0 0 0 0 0 0 0 0 0 0 0 0 0 0 0 0 0 0 0 0 0 0 0 0]
[610321652722049973298995257333089185194350159209415603234604259909159072894177592547419464130765018060404119897647993484 0 0 1 0 0 0 0 0 0 0 0 0 0 0 0 0 0 0 0 0 0 0 0 0 0 0 0 0 0 0 0 0 0 0 0 0 0 0 0]
[797344646528734897983945013604450252592116781405439788956645870092762266644125485243234533992070328343948899787772625215 0 0 0 1 0 0 0 0 0 0 0 0 0 0 0 0 0 0 0 0 0 0 0 0 0 0 0 0 0 0 0 0 0 0 0 0 0 0 0]
[1218529428038435084338821120435987268873112732569427230567609124712564035831358032962551145693779996593209352103080151080 0 0 0 0 1 0 0 0 0 0 0 0 0 0 0 0 0 0 0 0 0 0 0 0 0 0 0 0 0 0 0 0 0 0 0 0 0 0 0]
[1337945672048049921246581059502621829270658900055780343359178381276626531467836828470775578112684915824400043547748477546 0 0 0 0 0 1 0 0 0 0 0 0 0 0 0 0 0 0 0 0 0 0 0 0 0 0 0 0 0 0 0 0 0 0 0 0 0 0 0]
[1335898017055340814602805187507593276063514738331945727778019867508647200819331173433631575867465639564145191150725708835 0 0 0 0 0 0 1 0 0 0 0 0 0 0 0 0 0 0 0 0 0 0 0 0 0 0 0 0 0 0 0 0 0 0 0 0 0 0 0]
[939045703691038720113632518084800273330614382816623188824281156699633761104537636113708617382332228221400811638024850284 0 0 0 0 0 0 0 1 0 0 0 0 0 0 0 0 0 0 0 0 0 0 0 0 0 0 0 0 0 0 0 0 0 0 0 0 0 0 0]
[945911412119095806354709321016634575079894166517320389863588865969981351655486319427624721341003690873866626237837305991 0 0 0 0 0 0 0 0 1 0 0 0 0 0 0 0 0 0 0 0 0 0 0 0 0 0 0 0 0 0 0 0 0 0 0 0 0 0 0]
[124109814195827810400081759542009685246789044555936719250455186779135134171146002680736166198319043389431073721102863285 0 0 0 0 0 0 0 0 0 1 0 0 0 0 0 0 0 0 0 0 0 0 0 0 0 0 0 0 0 0 0 0 0 0 0 0 0 0 0]
[1415260815089618408134670560637856290048991920245421962594695330205268287292944933037524656049360153924062469351968644937 0 0 0 0 0 0 0 0 0 0 1 0 0 0 0 0 0 0 0 0 0 0 0 0 0 0 0 0 0 0 0 0 0 0 0 0 0 0 0]
[1405309875420312398762633666976391941807214816632856166720058918197245325842572639806811696262262866502869721730522821417 0 0 0 0 0 0 0 0 0 0 0 1 0 0 0 0 0 0 0 0 0 0 0 0 0 0 0 0 0 0 0 0 0 0 0 0 0 0 0]
[1364512610991075591128941932958310890230039626814414478724184356956818369079130092877787230169463712964673611881953463751 0 0 0 0 0 0 0 0 0 0 0 0 1 0 0 0 0 0 0 0 0 0 0 0 0 0 0 0 0 0 0 0 0 0 0 0 0 0 0]
[927688464324056344368013181453496329137823537590661825102226274816417663690572956865960245705353624670882379057681717460 0 0 0 0 0 0 0 0 0 0 0 0 0 1 0 0 0 0 0 0 0 0 0 0 0 0 0 0 0 0 0 0 0 0 0 0 0 0 0]
[386224178139734955924099733617697847515699262429397501640471528614352485271196150853074391355040094177311130785761665959 0 0 0 0 0 0 0 0 0 0 0 0 0 0 1 0 0 0 0 0 0 0 0 0 0 0 0 0 0 0 0 0 0 0 0 0 0 0 0]
[427026274892345165615198597049048155496121727695903365744217320338735695052217111097591201100425274774858178393413317098 0 0 0 0 0 0 0 0 0 0 0 0 0 0 0 1 0 0 0 0 0 0 0 0 0 0 0 0 0 0 0 0 0 0 0 0 0 0 0]
[132965507176095902253011245680239158422268319731604639042299886039538471151389687177038022785067370773230155569146415812 0 0 0 0 0 0 0 0 0 0 0 0 0 0 0 0 1 0 0 0 0 0 0 0 0 0 0 0 0 0 0 0 0 0 0 0 0 0 0]
[204691776223187863174433717716167357328611932215929459093009321369756846494438479230033240680187676824062134664261555602 0 0 0 0 0 0 0 0 0 0 0 0 0 0 0 0 0 1 0 0 0 0 0 0 0 0 0 0 0 0 0 0 0 0 0 0 0 0 0]
[699102522588526279029946902178089688195698265625495596283328520388516521058219365711701474847419107736285374442104687379 0 0 0 0 0 0 0 0 0 0 0 0 0 0 0 0 0 0 1 0 0 0 0 0 0 0 0 0 0 0 0 0 0 0 0 0 0 0 0]
[1107315644414147506082899091366386185092971257790508164932617305239703206651883974858896024079562718569459459248478132786 0 0 0 0 0 0 0 0 0 0 0 0 0 0 0 0 0 0 0 1 0 0 0 0 0 0 0 0 0 0 0 0 0 0 0 0 0 0 0]
[596702314762986816415278557406247995253598259687752815928348065464861244429601621962191088199166645599226184382236894735 0 0 0 0 0 0 0 0 0 0 0 0 0 0 0 0 0 0 0 0 1 0 0 0 0 0 0 0 0 0 0 0 0 0 0 0 0 0 0]
[551267082146793308253067235987155574262805426932158086082540583534336211920137409348129625068556114100124500987093381100 0 0 0 0 0 0 0 0 0 0 0 0 0 0 0 0 0 0 0 0 0 1 0 0 0 0 0 0 0 0 0 0 0 0 0 0 0 0 0]
[1107684881425836471426018192680415717151997067880050985930321735128440171544526270278433575031522838188020660614612274200 0 0 0 0 0 0 0 0 0 0 0 0 0 0 0 0 0 0 0 0 0 0 1 0 0 0 0 0 0 0 0 0 0 0 0 0 0 0 0]
[580721131857275565873929028341922743684924795269961602981051229815198062459730899133509655856036220715119596548624536960 0 0 0 0 0 0 0 0 0 0 0 0 0 0 0 0 0 0 0 0 0 0 0 1 0 0 0 0 0 0 0 0 0 0 0 0 0 0 0]
[762608864790171904916565092118903897752640218272574395864956630537771350009179487281508504461609567165153887261349402538 0 0 0 0 0 0 0 0 0 0 0 0 0 0 0 0 0 0 0 0 0 0 0 0 1 0 0 0 0 0 0 0 0 0 0 0 0 0 0]
[1485956301895620863960435761629549340449443744566390839340641239772367948798849261275593101907513199832928294971790557410 0 0 0 0 0 0 0 0 0 0 0 0 0 0 0 0 0 0 0 0 0 0 0 0 0 1 0 0 0 0 0 0 0 0 0 0 0 0 0]
[492759505698084235852034940989709256256541356922555321634120926552767702967247138945971609671944923309163437222342865896 0 0 0 0 0 0 0 0 0 0 0 0 0 0 0 0 0 0 0 0 0 0 0 0 0 0 1 0 0 0 0 0 0 0 0 0 0 0 0]
[1617034718546710690920720172006143212596921532754082785022509438333833751374006546628870818698413866093035501398276953259 0 0 0 0 0 0 0 0 0 0 0 0 0 0 0 0 0 0 0 0 0 0 0 0 0 0 0 1 0 0 0 0 0 0 0 0 0 0 0]
[830054367194437179167955604351544177735358459659245483649891390652883119954631437691989745220414843200646190631963196072 0 0 0 0 0 0 0 0 0 0 0 0 0 0 0 0 0 0 0 0 0 0 0 0 0 0 0 0 1 0 0 0 0 0 0 0 0 0 0]
[1480208647023156154484840511299885333076070336959525930990460682853202279227847474547618325246027721633059688858775571906 0 0 0 0 0 0 0 0 0 0 0 0 0 0 0 0 0 0 0 0 0 0 0 0 0 0 0 0 0 1 0 0 0 0 0 0 0 0 0]
[1063682633794355942604576464645133360020197764976143779495213989896847681290801535677853277221759817182374167451364148939 0 0 0 0 0 0 0 0 0 0 0 0 0 0 0 0 0 0 0 0 0 0 0 0 0 0 0 0 0 0 1 0 0 0 0 0 0 0 0]
[1480360618911452893738921824175080495886377361143315288235089119649392720435872323154105910715534994159309106021204478223 0 0 0 0 0 0 0 0 0 0 0 0 0 0 0 0 0 0 0 0 0 0 0 0 0 0 0 0 0 0 0 1 0 0 0 0 0 0 0]
[227240082195680409811650150859189444089881348351632348656644594369470054490617015497320835494626774390330258710278000918 0 0 0 0 0 0 0 0 0 0 0 0 0 0 0 0 0 0 0 0 0 0 0 0 0 0 0 0 0 0 0 0 1 0 0 0 0 0 0]
[300274094790151652501280909431948628595903792593422683861461818047938196768429958508709841776390515785923045707940934569 0 0 0 0 0 0 0 0 0 0 0 0 0 0 0 0 0 0 0 0 0 0 0 0 0 0 0 0 0 0 0 0 0 1 0 0 0 0 0]
[392313088711364218921386928571366233952085567042750988831183380875965551384809212749117502171563752581751252567725919196 0 0 0 0 0 0 0 0 0 0 0 0 0 0 0 0 0 0 0 0 0 0 0 0 0 0 0 0 0 0 0 0 0 0 1 0 0 0 0]
[1016963467628849040791801314460313754479813253092913799682487866359500188657315992348151509744942121593773219477652702630 0 0 0 0 0 0 0 0 0 0 0 0 0 0 0 0 0 0 0 0 0 0 0 0 0 0 0 0 0 0 0 0 0 0 0 1 0 0 0]
[1163620095288986280444721850580278679858157048914180568758938190799791164628976078013200744136378371293157228382698674519 0 0 0 0 0 0 0 0 0 0 0 0 0 0 0 0 0 0 0 0 0 0 0 0 0 0 0 0 0 0 0 0 0 0 0 0 1 0 0]
[18547105203626825011952390632122330702761961110736290136955403635882519413149321928551682856912761489163374410704409101 0 0 0 0 0 0 0 0 0 0 0 0 0 0 0 0 0 0 0 0 0 0 0 0 0 0 0 0 0 0 0 0 0 0 0 0 0 1 0]
[335025017123993913450654613448454694199973850364625647160996640805150838988191632480167781383684567808486320714529441878 0 0 0 0 0 0 0 0 0 0 0 0 0 0 0 0 0 0 0 0 0 0 0 0 0 0 0 0 0 0 0 0 0 0 0 0 0 0 1]
]
