[[2474560032681511559803075630027818982228952704871577535278095391505420336087108715867113350027026344582802557769992022869 0 0 0 0 0 0 0 0 0 0 0 0 0 0 0 0 0 0 0 0 0 0 0 0 0 0 0 0 0 0 0 0 0 0 0 0 0 0 0]
[1623758279544779216240038011028780155696401109856432853830319075722690606473141251304504552419836348330824135431271815733 1 0 0 0 0 0 0 0 0 0 0 0 0 0 0 0 0 0 0 0 0 0 0 0 0 0 0 0 0 0 0 0 0 0 0 0 0 0 0]
[1313243770785616736267592624271093011187067808215526890843322676877288737491517807378975877283942136187043737414543017389 0 1 0 0 0 0 0 0 0 0 0 0 0 0 0 0 0 0 0 0 0 0 0 0 0 0 0 0 0 0 0 0 0 0 0 0 0 0 0]
[1299308186818235396398635947738751869500709691919096704476449738996496655911703254094528875332733605991768038053843700686 0 0 1 0 0 0 0 0 0 0 0 0 0 0 0 0 0 0 0 0 0 0 0 0 0 0 0 0 0 0 0 0 0 0 0 0 0 0 0]
[2188715793778066885813732127547891885396114240104624144686157046578820798219259856676262657969899907369933424429347172806 0 0 0 1 0 0 0 0 0 0 0 0 0 0 0 0 0 0 0 0 0 0 0 0 0 0 0 0 0 0 0 0 0 0 0 0 0 0 0]
[1470542305802756188453641475535753554043933849547542407163158166850534726276095775531708334736846669501521795767391435293 0 0 0 0 1 0 0 0 0 0 0 0 0 0 0 0 0 0 0 0 0 0 0 0 0 0 0 0 0 0 0 0 0 0 0 0 0 0 0]
[271273393274198914054894139432616120732015662814610685063045470933353791566288577472207638919004370858660685911419579557 0 0 0 0 0 1 0 0 0 0 0 0 0 0 0 0 0 0 0 0 0 0 0 0 0 0 0 0 0 0 0 0 0 0 0 0 0 0 0]
[2117272925822211977149409965068347727288523315510780993338476476466067089049916170179525793443868074165102430270688636042 0 0 0 0 0 0 1 0 0 0 0 0 0 0 0 0 0 0 0 0 0 0 0 0 0 0 0 0 0 0 0 0 0 0 0 0 0 0 0]
[1809891208946813275856222713374646361188389676769519607584485495423491397440825903143938713863930903736710265946481042834 0 0 0 0 0 0 0 1 0 0 0 0 0 0 0 0 0 0 0 0 0 0 0 0 0 0 0 0 0 0 0 0 0 0 0 0 0 0 0]
[1662190383768241855278645545539606938889286664511924097578609100204650284235825547443945026522986964769871679503209277135 0 0 0 0 0 0 0 0 1 0 0 0 0 0 0 0 0 0 0 0 0 0 0 0 0 0 0 0 0 0 0 0 0 0 0 0 0 0 0]
[460399709354705258110766942949056108869460645191339616927622810752727856757029793815348639010100684326847280489153726232 0 0 0 0 0 0 0 0 0 1 0 0 0 0 0 0 0 0 0 0 0 0 0 0 0 0 0 0 0 0 0 0 0 0 0 0 0 0 0]
[168659115774676982511883595505633083754193133901596143302437518218773534930530017853014592766625924957216201308905013032 0 0 0 0 0 0 0 0 0 0 1 0 0 0 0 0 0 0 0 0 0 0 0 0 0 0 0 0 0 0 0 0 0 0 0 0 0 0 0]
[1131251404366834554422305825833131205045659548884193121438045124651446507168251444362077138215608769231547064132885917964 0 0 0 0 0 0 0 0 0 0 0 1 0 0 0 0 0 0 0 0 0 0 0 0 0 0 0 0 0 0 0 0 0 0 0 0 0 0 0]
[295667085097261050468337711433745043751903590526731792570295883438285473532732306033671629876030222510909765240511566137 0 0 0 0 0 0 0 0 0 0 0 0 1 0 0 0 0 0 0 0 0 0 0 0 0 0 0 0 0 0 0 0 0 0 0 0 0 0 0]
[1282857241611005155069179564290816442528918349973939697308912926249394539086175848845465810800521053635654139406104528696 0 0 0 0 0 0 0 0 0 0 0 0 0 1 0 0 0 0 0 0 0 0 0 0 0 0 0 0 0 0 0 0 0 0 0 0 0 0 0]
[1564947434977790917883745021284747136007623539598574517827452965166858912417482365207261347356702939270392466490522616184 0 0 0 0 0 0 0 0 0 0 0 0 0 0 1 0 0 0 0 0 0 0 0 0 0 0 0 0 0 0 0 0 0 0 0 0 0 0 0]
[2060082040739012505937246156482716012292902488174093507755459016749605135848115715480951233357414214398283433198275373722 0 0 0 0 0 0 0 0 0 0 0 0 0 0 0 1 0 0 0 0 0 0 0 0 0 0 0 0 0 0 0 0 0 0 0 0 0 0 0]
[590386085764273484332555858321496459567042670896138301319444580043724812263031146049658740109243123332982381954348245376 0 0 0 0 0 0 0 0 0 0 0 0 0 0 0 0 1 0 0 0 0 0 0 0 0 0 0 0 0 0 0 0 0 0 0 0 0 0 0]
[1671577028505895727264280054126200074819457471842558075234927304352462649964084281027447924115659133759961073572007353908 0 0 0 0 0 0 0 0 0 0 0 0 0 0 0 0 0 1 0 0 0 0 0 0 0 0 0 0 0 0 0 0 0 0 0 0 0 0 0]
[552156627103317769563628680319087475828603241490458195612854831458997506387242354849970752058163049322437185130726310679 0 0 0 0 0 0 0 0 0 0 0 0 0 0 0 0 0 0 1 0 0 0 0 0 0 0 0 0 0 0 0 0 0 0 0 0 0 0 0]
[106611290817471463583219118459893990322831045959451396288173420241503655996723486063898547698915404953932983244463426101 0 0 0 0 0 0 0 0 0 0 0 0 0 0 0 0 0 0 0 1 0 0 0 0 0 0 0 0 0 0 0 0 0 0 0 0 0 0 0]
[261101340061466062722813332066941237281035742286169789425877260994753938820954574798446153049148717046802462804414828137 0 0 0 0 0 0 0 0 0 0 0 0 0 0 0 0 0 0 0 0 1 0 0 0 0 0 0 0 0 0 0 0 0 0 0 0 0 0 0]
[298310472049139799078284936537793589456157668278199161155655018514317965744894016605894467477956365162588710211400900503 0 0 0 0 0 0 0 0 0 0 0 0 0 0 0 0 0 0 0 0 0 1 0 0 0 0 0 0 0 0 0 0 0 0 0 0 0 0 0]
[606383826552683905241573707152683312260044149171801790062022112016221720493335281377046777588673002360091595458634053941 0 0 0 0 0 0 0 0 0 0 0 0 0 0 0 0 0 0 0 0 0 0 1 0 0 0 0 0 0 0 0 0 0 0 0 0 0 0 0]
[839964346771398596444209169022658093701282445461233726791354860491899872372966425953170536346448683178390171826042863548 0 0 0 0 0 0 0 0 0 0 0 0 0 0 0 0 0 0 0 0 0 0 0 1 0 0 0 0 0 0 0 0 0 0 0 0 0 0 0]
[1042792871612431037923014503282372524314928708745318213904926594437323238349411403208203420183138078861949115917011158515 0 0 0 0 0 0 0 0 0 0 0 0 0 0 0 0 0 0 0 0 0 0 0 0 1 0 0 0 0 0 0 0 0 0 0 0 0 0 0]
[1470689696632085063961626735908015402128614072276652073008233875479960227820216310280719903887406449422863006604771357313 0 0 0 0 0 0 0 0 0 0 0 0 0 0 0 0 0 0 0 0 0 0 0 0 0 1 0 0 0 0 0 0 0 0 0 0 0 0 0]
[116580850687464781890128740148108726989802169347612808298551154136417019399347605938312642263479023515264819250994257053 0 0 0 0 0 0 0 0 0 0 0 0 0 0 0 0 0 0 0 0 0 0 0 0 0 0 1 0 0 0 0 0 0 0 0 0 0 0 0]
[1287956832508696947442159611474728476828707743746514628490017925330365096947538809659709643214631586729133512617558701585 0 0 0 0 0 0 0 0 0 0 0 0 0 0 0 0 0 0 0 0 0 0 0 0 0 0 0 1 0 0 0 0 0 0 0 0 0 0 0]
[868188219561458961159813926821730915403664428206756794290276601211510584477035179677969462820684519679426617112363732675 0 0 0 0 0 0 0 0 0 0 0 0 0 0 0 0 0 0 0 0 0 0 0 0 0 0 0 0 1 0 0 0 0 0 0 0 0 0 0]
[2341405219750085390520203002870294335962649887452741251833723351139525375935027155092418469702197519439109429108933156985 0 0 0 0 0 0 0 0 0 0 0 0 0 0 0 0 0 0 0 0 0 0 0 0 0 0 0 0 0 1 0 0 0 0 0 0 0 0 0]
[906436249775232882486785161443310824142217991946623457049642530160157768060022910391058528854910462356897706563186637551 0 0 0 0 0 0 0 0 0 0 0 0 0 0 0 0 0 0 0 0 0 0 0 0 0 0 0 0 0 0 1 0 0 0 0 0 0 0 0]
[1578873058650303910801206149764727217077349055581230746084537088344783483935347917886126542034207451497207248993156001794 0 0 0 0 0 0 0 0 0 0 0 0 0 0 0 0 0 0 0 0 0 0 0 0 0 0 0 0 0 0 0 1 0 0 0 0 0 0 0]
[594358703236139010785164527978765775890867106024410947201072886086067432704369043226102196094037301611937964531147713579 0 0 0 0 0 0 0 0 0 0 0 0 0 0 0 0 0 0 0 0 0 0 0 0 0 0 0 0 0 0 0 0 1 0 0 0 0 0 0]
[1294663432841974802795130016584624387169681204317926096106972885383315861392468470017811520631612254082337071469332990973 0 0 0 0 0 0 0 0 0 0 0 0 0 0 0 0 0 0 0 0 0 0 0 0 0 0 0 0 0 0 0 0 0 1 0 0 0 0 0]
[1604254177116347311526815204301103048709362083524573738856868793463761254483755545903767876517629377214632835762653415434 0 0 0 0 0 0 0 0 0 0 0 0 0 0 0 0 0 0 0 0 0 0 0 0 0 0 0 0 0 0 0 0 0 0 1 0 0 0 0]
[2279711959320815078424584242616502769294077243826323038843837449697197448840197880298443837343598538971067622312724177561 0 0 0 0 0 0 0 0 0 0 0 0 0 0 0 0 0 0 0 0 0 0 0 0 0 0 0 0 0 0 0 0 0 0 0 1 0 0 0]
[225790236106444699601549210481495627866939365553935187031931144576165186228081771429739072080486554561392937498982025853 0 0 0 0 0 0 0 0 0 0 0 0 0 0 0 0 0 0 0 0 0 0 0 0 0 0 0 0 0 0 0 0 0 0 0 0 1 0 0]
[1811504850241713174038685594520096878164207550623405233334271726930973931747502062209051850350386828056196412550577800086 0 0 0 0 0 0 0 0 0 0 0 0 0 0 0 0 0 0 0 0 0 0 0 0 0 0 0 0 0 0 0 0 0 0 0 0 0 1 0]
[1536147001564398816294493798995298658688381425638765402725127864527716741184989681049870646969865657662843826337307203088 0 0 0 0 0 0 0 0 0 0 0 0 0 0 0 0 0 0 0 0 0 0 0 0 0 0 0 0 0 0 0 0 0 0 0 0 0 0 1]
]
