[[1605741449633983023831688352082398107381730775627487941053951047071096788705658678652631470794112360753437059834176848401 0 0 0 0 0 0 0 0 0 0 0 0 0 0 0 0 0 0 0 0 0 0 0 0 0 0 0 0 0 0 0 0 0 0 0 0 0 0 0]
[351929795034496127843014517572838850975950057679300206873767664451512775528348417035843697730528789852351221500682527763 1 0 0 0 0 0 0 0 0 0 0 0 0 0 0 0 0 0 0 0 0 0 0 0 0 0 0 0 0 0 0 0 0 0 0 0 0 0 0]
[346262595618734303481539606189133840500059860953124056144752257004487212401935068126107443818972224621564070122815319240 0 1 0 0 0 0 0 0 0 0 0 0 0 0 0 0 0 0 0 0 0 0 0 0 0 0 0 0 0 0 0 0 0 0 0 0 0 0 0]
[768374715784650779828990225861598438364960533058955369643438325158176607917412492856221649797207304008350930340433032692 0 0 1 0 0 0 0 0 0 0 0 0 0 0 0 0 0 0 0 0 0 0 0 0 0 0 0 0 0 0 0 0 0 0 0 0 0 0 0]
[1490207991021468378752677650908680226179207022476663991272423752550170679146082299727529071929725359499301388626659207225 0 0 0 1 0 0 0 0 0 0 0 0 0 0 0 0 0 0 0 0 0 0 0 0 0 0 0 0 0 0 0 0 0 0 0 0 0 0 0]
[909319493991010039197914687631599412959454385827060513605746157723950417329223144536549560268672962811464613289763238142 0 0 0 0 1 0 0 0 0 0 0 0 0 0 0 0 0 0 0 0 0 0 0 0 0 0 0 0 0 0 0 0 0 0 0 0 0 0 0]
[222993324972137350016360031420585477389060764761763996641375119916387293667561620636732120347387674614358176997989158347 0 0 0 0 0 1 0 0 0 0 0 0 0 0 0 0 0 0 0 0 0 0 0 0 0 0 0 0 0 0 0 0 0 0 0 0 0 0 0]
[919796022855808046599236984091320968035653520219935304627872917186073187158601247779006992227439837772014987263786810445 0 0 0 0 0 0 1 0 0 0 0 0 0 0 0 0 0 0 0 0 0 0 0 0 0 0 0 0 0 0 0 0 0 0 0 0 0 0 0]
[784821435322938116304574899613196204844593975009982311847555584053293946296104803598127806309413747247095883493414664612 0 0 0 0 0 0 0 1 0 0 0 0 0 0 0 0 0 0 0 0 0 0 0 0 0 0 0 0 0 0 0 0 0 0 0 0 0 0 0]
[359605799711838346916181613559535829800190658178531788936360514325015268747256799916356841035882064720339703508451625713 0 0 0 0 0 0 0 0 1 0 0 0 0 0 0 0 0 0 0 0 0 0 0 0 0 0 0 0 0 0 0 0 0 0 0 0 0 0 0]
[1152157993951389937023059296792887432028173652615349430879999413441507711957407477448921501355705505076394126967346263772 0 0 0 0 0 0 0 0 0 1 0 0 0 0 0 0 0 0 0 0 0 0 0 0 0 0 0 0 0 0 0 0 0 0 0 0 0 0 0]
[1097640433111333429687292297409876292979666926721832264164009339650598113598320467798325619874202428727492360282402435802 0 0 0 0 0 0 0 0 0 0 1 0 0 0 0 0 0 0 0 0 0 0 0 0 0 0 0 0 0 0 0 0 0 0 0 0 0 0 0]
[951737544075489838600484220557848085210324022949439935405144451971781747551624071903971579051015248341493069921351411217 0 0 0 0 0 0 0 0 0 0 0 1 0 0 0 0 0 0 0 0 0 0 0 0 0 0 0 0 0 0 0 0 0 0 0 0 0 0 0]
[1545657269520417767475973275057030371703919866199546605744073657321937699659445359209276843381597701849843247531911062469 0 0 0 0 0 0 0 0 0 0 0 0 1 0 0 0 0 0 0 0 0 0 0 0 0 0 0 0 0 0 0 0 0 0 0 0 0 0 0]
[1490141328133083686750971947730875096335485598102997954842075197510607630951237425800382774276335220854378828147493881801 0 0 0 0 0 0 0 0 0 0 0 0 0 1 0 0 0 0 0 0 0 0 0 0 0 0 0 0 0 0 0 0 0 0 0 0 0 0 0]
[1179653132784428592006847432260536584534655649022236368701851047793344969200417690329880240695566154691467597773173039047 0 0 0 0 0 0 0 0 0 0 0 0 0 0 1 0 0 0 0 0 0 0 0 0 0 0 0 0 0 0 0 0 0 0 0 0 0 0 0]
[887358553321136438726106084673971159105120030897157465197900338717009601817154894315634331137527505226203550525119531532 0 0 0 0 0 0 0 0 0 0 0 0 0 0 0 1 0 0 0 0 0 0 0 0 0 0 0 0 0 0 0 0 0 0 0 0 0 0 0]
[646606807713271744439277486925305822801729042030545666742818189213596383036495958795730432165192970389662771597729210980 0 0 0 0 0 0 0 0 0 0 0 0 0 0 0 0 1 0 0 0 0 0 0 0 0 0 0 0 0 0 0 0 0 0 0 0 0 0 0]
[653725414625079506918059332184741664699761542521247484682164327293372793494822769304930131177168838926055192072555470508 0 0 0 0 0 0 0 0 0 0 0 0 0 0 0 0 0 1 0 0 0 0 0 0 0 0 0 0 0 0 0 0 0 0 0 0 0 0 0]
[1005077797789288539995657677084489203145302051091504964683477458787452851632602511902183188077764195047578733484355630192 0 0 0 0 0 0 0 0 0 0 0 0 0 0 0 0 0 0 1 0 0 0 0 0 0 0 0 0 0 0 0 0 0 0 0 0 0 0 0]
[320416592501167747560950050408480384139048771646840004946326483381723967530964630090493224833257331645322913222315947099 0 0 0 0 0 0 0 0 0 0 0 0 0 0 0 0 0 0 0 1 0 0 0 0 0 0 0 0 0 0 0 0 0 0 0 0 0 0 0]
[1268310312869472606997825200239316004591348434917020843645351410650408591409575518385986969375125449508489981669623801464 0 0 0 0 0 0 0 0 0 0 0 0 0 0 0 0 0 0 0 0 1 0 0 0 0 0 0 0 0 0 0 0 0 0 0 0 0 0 0]
[306471830418818231766906946917424171909375646567837019794187634991733299180957700658418127581226427067253324488803729889 0 0 0 0 0 0 0 0 0 0 0 0 0 0 0 0 0 0 0 0 0 1 0 0 0 0 0 0 0 0 0 0 0 0 0 0 0 0 0]
[1044325729805297105013062643429926858895593326930097913592261365078505599705827785418641219636281978336078303240517849464 0 0 0 0 0 0 0 0 0 0 0 0 0 0 0 0 0 0 0 0 0 0 1 0 0 0 0 0 0 0 0 0 0 0 0 0 0 0 0]
[1596160006853153416280010747451702240312247659012196643510247559277316240151908737072902097986784409443364246999959402922 0 0 0 0 0 0 0 0 0 0 0 0 0 0 0 0 0 0 0 0 0 0 0 1 0 0 0 0 0 0 0 0 0 0 0 0 0 0 0]
[1562778661816224666690003561303624216440924080424967927389656670019730419534904690560559067085544992562361749228129786278 0 0 0 0 0 0 0 0 0 0 0 0 0 0 0 0 0 0 0 0 0 0 0 0 1 0 0 0 0 0 0 0 0 0 0 0 0 0 0]
[1095458104439605766549336644447685831242731558632103838984434866707953037100912844390197956266930669558969150934972864379 0 0 0 0 0 0 0 0 0 0 0 0 0 0 0 0 0 0 0 0 0 0 0 0 0 1 0 0 0 0 0 0 0 0 0 0 0 0 0]
[1417238815908539917922805479111593649463733859470796545888036412820748812021029856341865723453082492909121639710369798544 0 0 0 0 0 0 0 0 0 0 0 0 0 0 0 0 0 0 0 0 0 0 0 0 0 0 1 0 0 0 0 0 0 0 0 0 0 0 0]
[355721759819432565358174645088465373478243410606300824310432362892059091570107740685542436566429552458591542476161671820 0 0 0 0 0 0 0 0 0 0 0 0 0 0 0 0 0 0 0 0 0 0 0 0 0 0 0 1 0 0 0 0 0 0 0 0 0 0 0]
[1130168200149595994259398946717671457538102609752802604633663637328504329051777834830940314442572659759845201167868740006 0 0 0 0 0 0 0 0 0 0 0 0 0 0 0 0 0 0 0 0 0 0 0 0 0 0 0 0 1 0 0 0 0 0 0 0 0 0 0]
[1248420588590080168548042357620367661788433369416930190364758933163573084125917336041964254652508695646474523627444591287 0 0 0 0 0 0 0 0 0 0 0 0 0 0 0 0 0 0 0 0 0 0 0 0 0 0 0 0 0 1 0 0 0 0 0 0 0 0 0]
[1477208323771881800774864636346794755037300340574495925798389735723707347124561876325550892391262253652601864585462478584 0 0 0 0 0 0 0 0 0 0 0 0 0 0 0 0 0 0 0 0 0 0 0 0 0 0 0 0 0 0 1 0 0 0 0 0 0 0 0]
[1583790934961177560430928350925720268441718347741076856779316133362953204137204462806258285286913638045599431804878356939 0 0 0 0 0 0 0 0 0 0 0 0 0 0 0 0 0 0 0 0 0 0 0 0 0 0 0 0 0 0 0 1 0 0 0 0 0 0 0]
[1258112565618889926763737129925768235752536084289119966280803141022406546094302871611330104572057093263248358277123396738 0 0 0 0 0 0 0 0 0 0 0 0 0 0 0 0 0 0 0 0 0 0 0 0 0 0 0 0 0 0 0 0 1 0 0 0 0 0 0]
[642860902605385278370335954836806655861856533895926250989042109147374583509607875758695798257794045908286819846247204459 0 0 0 0 0 0 0 0 0 0 0 0 0 0 0 0 0 0 0 0 0 0 0 0 0 0 0 0 0 0 0 0 0 1 0 0 0 0 0]
[1542909952932290873839502816168092690515285789347192254516910071254553078317812918535627394340376276366114671326139792414 0 0 0 0 0 0 0 0 0 0 0 0 0 0 0 0 0 0 0 0 0 0 0 0 0 0 0 0 0 0 0 0 0 0 1 0 0 0 0]
[1433701720435721594990233413676961586169936387172482135725523213788724510559178418060703294537475354710922649902484938236 0 0 0 0 0 0 0 0 0 0 0 0 0 0 0 0 0 0 0 0 0 0 0 0 0 0 0 0 0 0 0 0 0 0 0 1 0 0 0]
[871117088933859027528736046546961755230347242394992351721369206488748796039131179982068416837259033894496152320732089502 0 0 0 0 0 0 0 0 0 0 0 0 0 0 0 0 0 0 0 0 0 0 0 0 0 0 0 0 0 0 0 0 0 0 0 0 1 0 0]
[881152738599899935168606267618988999312558058735022594243105449661763137772893551580089236824483277386069370046944596900 0 0 0 0 0 0 0 0 0 0 0 0 0 0 0 0 0 0 0 0 0 0 0 0 0 0 0 0 0 0 0 0 0 0 0 0 0 1 0]
[1550753392401913409616347477276275990752065243679466952918409468676268671803583403011255776771179390977306746287761640605 0 0 0 0 0 0 0 0 0 0 0 0 0 0 0 0 0 0 0 0 0 0 0 0 0 0 0 0 0 0 0 0 0 0 0 0 0 0 1]
]
