[[3241056480410506575957851350707431429175865393378632545040879551303348422234434052469838138908781090388203000586897611303256418000134794010873203325621 0 0 0 0 0 0 0 0 0 0 0 0 0 0 0 0 0 0 0 0 0 0 0 0 0 0 0 0 0 0 0 0 0 0 0 0 0 0 0 0 0 0 0 0 0 0 0 0 0]
[80422830628125356511928644998534272253785329878154016855752231563059541492819100130968338899655461350653087187186520270067169588380346482975240250990 1 0 0 0 0 0 0 0 0 0 0 0 0 0 0 0 0 0 0 0 0 0 0 0 0 0 0 0 0 0 0 0 0 0 0 0 0 0 0 0 0 0 0 0 0 0 0 0 0]
[2071531274254778448839460297182362350567991389011667157638753147580862420386017906645249152473896347855217290023683683243863121166966223353194279992384 0 1 0 0 0 0 0 0 0 0 0 0 0 0 0 0 0 0 0 0 0 0 0 0 0 0 0 0 0 0 0 0 0 0 0 0 0 0 0 0 0 0 0 0 0 0 0 0 0]
[321277968527418319935836750053925010319526034415663472123855810055522735952798906316569482423860526776472455040573251180873330316540233188960744700874 0 0 1 0 0 0 0 0 0 0 0 0 0 0 0 0 0 0 0 0 0 0 0 0 0 0 0 0 0 0 0 0 0 0 0 0 0 0 0 0 0 0 0 0 0 0 0 0 0]
[1385612096664540560924818379587795243651850922692428159157496038680005241700198444842831429300999303587638135933123080143082830991477814301487244658256 0 0 0 1 0 0 0 0 0 0 0 0 0 0 0 0 0 0 0 0 0 0 0 0 0 0 0 0 0 0 0 0 0 0 0 0 0 0 0 0 0 0 0 0 0 0 0 0 0]
[1674810849512533019562934744015056916318819435751660959741154055430357491673837633717013883445827532188128378995289567059144465255741142301622456261373 0 0 0 0 1 0 0 0 0 0 0 0 0 0 0 0 0 0 0 0 0 0 0 0 0 0 0 0 0 0 0 0 0 0 0 0 0 0 0 0 0 0 0 0 0 0 0 0 0]
[2282674964173385333376139999755670865096493207865034896216238294169698058328670793694699249906235819459988563969340897667157370677575452124838460629180 0 0 0 0 0 1 0 0 0 0 0 0 0 0 0 0 0 0 0 0 0 0 0 0 0 0 0 0 0 0 0 0 0 0 0 0 0 0 0 0 0 0 0 0 0 0 0 0 0]
[1078781916294748426528700714328720988650623867248104904634615384379862431894890960125378195686510198920216367721026034734529749676188726451314308668956 0 0 0 0 0 0 1 0 0 0 0 0 0 0 0 0 0 0 0 0 0 0 0 0 0 0 0 0 0 0 0 0 0 0 0 0 0 0 0 0 0 0 0 0 0 0 0 0 0]
[1513238854576836040695325657831261023834769686416267554724657047976662212465536938081079083036891190852677302643960122557980083517635587737630026292118 0 0 0 0 0 0 0 1 0 0 0 0 0 0 0 0 0 0 0 0 0 0 0 0 0 0 0 0 0 0 0 0 0 0 0 0 0 0 0 0 0 0 0 0 0 0 0 0 0]
[273385619377573214641812159874052091856278820356321148585748877422454999365791477853779932597784476994326509628955719558123148436751043305001059703053 0 0 0 0 0 0 0 0 1 0 0 0 0 0 0 0 0 0 0 0 0 0 0 0 0 0 0 0 0 0 0 0 0 0 0 0 0 0 0 0 0 0 0 0 0 0 0 0 0]
[2061780597139745548504321835353939705485796969343215171807967836051927062145260705304869553286335603938128116999951327896812721034359734283096982523529 0 0 0 0 0 0 0 0 0 1 0 0 0 0 0 0 0 0 0 0 0 0 0 0 0 0 0 0 0 0 0 0 0 0 0 0 0 0 0 0 0 0 0 0 0 0 0 0 0]
[478502096574103944112788679560592798045513856992378663056612117774873610114336531157172176328359533569206234956761080508390840394919595014334744938433 0 0 0 0 0 0 0 0 0 0 1 0 0 0 0 0 0 0 0 0 0 0 0 0 0 0 0 0 0 0 0 0 0 0 0 0 0 0 0 0 0 0 0 0 0 0 0 0 0]
[2398328302996241606188083928746295399444411130808984444595945344874969745071589815325556926414682793936514996336591539094612780395001221310030946355139 0 0 0 0 0 0 0 0 0 0 0 1 0 0 0 0 0 0 0 0 0 0 0 0 0 0 0 0 0 0 0 0 0 0 0 0 0 0 0 0 0 0 0 0 0 0 0 0 0]
[2089806924987626621453584287804714458512583536914690338959929675703514374017666619237963165579533468586865575750167077056564918851867043441002714691442 0 0 0 0 0 0 0 0 0 0 0 0 1 0 0 0 0 0 0 0 0 0 0 0 0 0 0 0 0 0 0 0 0 0 0 0 0 0 0 0 0 0 0 0 0 0 0 0 0]
[472431482954035420444191064150276846155484444228136093649618870955349304524024979899845889132722555445632898874810839663792879488073957390478700462834 0 0 0 0 0 0 0 0 0 0 0 0 0 1 0 0 0 0 0 0 0 0 0 0 0 0 0 0 0 0 0 0 0 0 0 0 0 0 0 0 0 0 0 0 0 0 0 0 0]
[1702643686845314654451867440805230664647496704412138612483623222465444693118482018129219402484031572631322306348990114377486298754063333469218745259867 0 0 0 0 0 0 0 0 0 0 0 0 0 0 1 0 0 0 0 0 0 0 0 0 0 0 0 0 0 0 0 0 0 0 0 0 0 0 0 0 0 0 0 0 0 0 0 0 0]
[503502038035553808138686023197467081816058657094013129437612581639760930261749466900123057147016235732426765911098122763638020371837858546413334788393 0 0 0 0 0 0 0 0 0 0 0 0 0 0 0 1 0 0 0 0 0 0 0 0 0 0 0 0 0 0 0 0 0 0 0 0 0 0 0 0 0 0 0 0 0 0 0 0 0]
[1893775120239151779317110960577099560437354284751184193666464583016923596621784316364857134740149717555120968145904341624343654840842079584629494590762 0 0 0 0 0 0 0 0 0 0 0 0 0 0 0 0 1 0 0 0 0 0 0 0 0 0 0 0 0 0 0 0 0 0 0 0 0 0 0 0 0 0 0 0 0 0 0 0 0]
[3037084008983556130966476893937577628143240367223277526154139899258244154370194394222630568588626965624743551108215341021695498097825078290696855669937 0 0 0 0 0 0 0 0 0 0 0 0 0 0 0 0 0 1 0 0 0 0 0 0 0 0 0 0 0 0 0 0 0 0 0 0 0 0 0 0 0 0 0 0 0 0 0 0 0]
[3232515420865489856553285682649616201355848655900732949378454918922339333378550620992025840257842526115247096498456795996133768978273566169535413446227 0 0 0 0 0 0 0 0 0 0 0 0 0 0 0 0 0 0 1 0 0 0 0 0 0 0 0 0 0 0 0 0 0 0 0 0 0 0 0 0 0 0 0 0 0 0 0 0 0]
[1363391984546764572637155421799931578810364844641498172174597043258602551540535750015926625265208343990104780689682687191015708335534242520294618438641 0 0 0 0 0 0 0 0 0 0 0 0 0 0 0 0 0 0 0 1 0 0 0 0 0 0 0 0 0 0 0 0 0 0 0 0 0 0 0 0 0 0 0 0 0 0 0 0 0]
[1437493685534392546303448694102164836060441452021692259393047435896822497135858690621366768004484348992022979502213830402728853718282105943542474610084 0 0 0 0 0 0 0 0 0 0 0 0 0 0 0 0 0 0 0 0 1 0 0 0 0 0 0 0 0 0 0 0 0 0 0 0 0 0 0 0 0 0 0 0 0 0 0 0 0]
[152331390490282019292979969850100292192642577269452634867471871631805105887825514762041627224681484767922438214487001238324413651332511138378430569266 0 0 0 0 0 0 0 0 0 0 0 0 0 0 0 0 0 0 0 0 0 1 0 0 0 0 0 0 0 0 0 0 0 0 0 0 0 0 0 0 0 0 0 0 0 0 0 0 0]
[2423103263902772234939221735999033903597896826833367958261957753322781620985252363642638510871789646533172986772436845146664508651003065029923583084223 0 0 0 0 0 0 0 0 0 0 0 0 0 0 0 0 0 0 0 0 0 0 1 0 0 0 0 0 0 0 0 0 0 0 0 0 0 0 0 0 0 0 0 0 0 0 0 0 0]
[1319083463081900358326686498095172936308237167874022469180401715334089840400484783458599392755146082397321256415839231159778106523005206038072232405610 0 0 0 0 0 0 0 0 0 0 0 0 0 0 0 0 0 0 0 0 0 0 0 1 0 0 0 0 0 0 0 0 0 0 0 0 0 0 0 0 0 0 0 0 0 0 0 0 0]
[281936066986213013918732394191371229368576970705899405084336339263294416090630295243576849196959860910424406496329980596112323287101155217850996500336 0 0 0 0 0 0 0 0 0 0 0 0 0 0 0 0 0 0 0 0 0 0 0 0 1 0 0 0 0 0 0 0 0 0 0 0 0 0 0 0 0 0 0 0 0 0 0 0 0]
[1428869093115330963747484052758066623995356785691818839689797886223507392719581587724479853005567511876384490444072637190747833716802298189119556254460 0 0 0 0 0 0 0 0 0 0 0 0 0 0 0 0 0 0 0 0 0 0 0 0 0 1 0 0 0 0 0 0 0 0 0 0 0 0 0 0 0 0 0 0 0 0 0 0 0]
[594269274320020362257318708340320955227897124240123123928364112908657947315116799759727422144300068218044269268364794300104379668055295757586609961726 0 0 0 0 0 0 0 0 0 0 0 0 0 0 0 0 0 0 0 0 0 0 0 0 0 0 1 0 0 0 0 0 0 0 0 0 0 0 0 0 0 0 0 0 0 0 0 0 0]
[2356610638326972842412723554340424840927859242211255621180457433547624245114099985391578059484501561382245913991288793701000091320218194609927606965945 0 0 0 0 0 0 0 0 0 0 0 0 0 0 0 0 0 0 0 0 0 0 0 0 0 0 0 1 0 0 0 0 0 0 0 0 0 0 0 0 0 0 0 0 0 0 0 0 0]
[2538383935708847058123608296721338802202055689087814201812994222113867166132962666166012849641159092815621010338626807629865286019377013718006117670190 0 0 0 0 0 0 0 0 0 0 0 0 0 0 0 0 0 0 0 0 0 0 0 0 0 0 0 0 1 0 0 0 0 0 0 0 0 0 0 0 0 0 0 0 0 0 0 0 0]
[2422722841217499285199686813866916575571006784381627883203512927951472323298518761552817247884084774960852675624927063745070258009971326692238502329084 0 0 0 0 0 0 0 0 0 0 0 0 0 0 0 0 0 0 0 0 0 0 0 0 0 0 0 0 0 1 0 0 0 0 0 0 0 0 0 0 0 0 0 0 0 0 0 0 0]
[1937723521747481692013907450671810787300862965008028839263515861099086904888075409212031216393136329841628176793581612989401886989572803579824895641729 0 0 0 0 0 0 0 0 0 0 0 0 0 0 0 0 0 0 0 0 0 0 0 0 0 0 0 0 0 0 1 0 0 0 0 0 0 0 0 0 0 0 0 0 0 0 0 0 0]
[941887158809935276988395576144193605550965303528919366544111284537110280250365340314650990213369154484322261051294521289685003700939611034005958917834 0 0 0 0 0 0 0 0 0 0 0 0 0 0 0 0 0 0 0 0 0 0 0 0 0 0 0 0 0 0 0 1 0 0 0 0 0 0 0 0 0 0 0 0 0 0 0 0 0]
[608318454809808800724232870657658570156974687983774387318896251504270052907873390156305684563725408509584515573578290488370853716737681886438870483928 0 0 0 0 0 0 0 0 0 0 0 0 0 0 0 0 0 0 0 0 0 0 0 0 0 0 0 0 0 0 0 0 1 0 0 0 0 0 0 0 0 0 0 0 0 0 0 0 0]
[1386162035151775091779623682688274362926390528703253683805386658541447933136582333240161917097238268796525656657237352735618756243643780626721092637846 0 0 0 0 0 0 0 0 0 0 0 0 0 0 0 0 0 0 0 0 0 0 0 0 0 0 0 0 0 0 0 0 0 1 0 0 0 0 0 0 0 0 0 0 0 0 0 0 0]
[2994986695857329182088346146436097989842988140846485954634930143478456439776946047448069202899860408716206569621087300096447393084929779164909791300902 0 0 0 0 0 0 0 0 0 0 0 0 0 0 0 0 0 0 0 0 0 0 0 0 0 0 0 0 0 0 0 0 0 0 1 0 0 0 0 0 0 0 0 0 0 0 0 0 0]
[687838861859199283194346925126716140658106955184401727883665414170532889784415670645766283129788309135009999170024753215928257261805307551222663145102 0 0 0 0 0 0 0 0 0 0 0 0 0 0 0 0 0 0 0 0 0 0 0 0 0 0 0 0 0 0 0 0 0 0 0 1 0 0 0 0 0 0 0 0 0 0 0 0 0]
[782344454364914739303456682808253182440201933929998343340022269376148931441263119779517818589833218335651951611885064590476857321170714407777836919165 0 0 0 0 0 0 0 0 0 0 0 0 0 0 0 0 0 0 0 0 0 0 0 0 0 0 0 0 0 0 0 0 0 0 0 0 1 0 0 0 0 0 0 0 0 0 0 0 0]
[696250417773628839161730207271390160475754668647881218464656175984109013390732664213098850934695590262810316089458843352433579231480830686376063861019 0 0 0 0 0 0 0 0 0 0 0 0 0 0 0 0 0 0 0 0 0 0 0 0 0 0 0 0 0 0 0 0 0 0 0 0 0 1 0 0 0 0 0 0 0 0 0 0 0]
[136741943171581442831431545512098707675070758236249867147281294831383413407321098932000469146436687599235594496043368077376524065210551180465079268323 0 0 0 0 0 0 0 0 0 0 0 0 0 0 0 0 0 0 0 0 0 0 0 0 0 0 0 0 0 0 0 0 0 0 0 0 0 0 1 0 0 0 0 0 0 0 0 0 0]
[408780015152284921819171922675158086712022868162334906686905647421878077767383894175063527683903980524490417887834050549546886174267293651320499596989 0 0 0 0 0 0 0 0 0 0 0 0 0 0 0 0 0 0 0 0 0 0 0 0 0 0 0 0 0 0 0 0 0 0 0 0 0 0 0 1 0 0 0 0 0 0 0 0 0]
[2756716973554007018867345457539524720925979822618898872890406087042289953106310810159864786178210838477111004943671393379011316788953413976841089275111 0 0 0 0 0 0 0 0 0 0 0 0 0 0 0 0 0 0 0 0 0 0 0 0 0 0 0 0 0 0 0 0 0 0 0 0 0 0 0 0 1 0 0 0 0 0 0 0 0]
[2198951203166189604052896228185170742182651752511175562292367544976749337673844006671243865293372564496272063959598745805311063739591284343995393084582 0 0 0 0 0 0 0 0 0 0 0 0 0 0 0 0 0 0 0 0 0 0 0 0 0 0 0 0 0 0 0 0 0 0 0 0 0 0 0 0 0 1 0 0 0 0 0 0 0]
[2636613248200609296397661790440577824118591893632766484595334450871778749259688904949936559179672350203089693007999869918682143493266621262087222047070 0 0 0 0 0 0 0 0 0 0 0 0 0 0 0 0 0 0 0 0 0 0 0 0 0 0 0 0 0 0 0 0 0 0 0 0 0 0 0 0 0 0 1 0 0 0 0 0 0]
[207725415647070143719051015223632897377153609031965421445601520709265646104362453613761916216071191291199273178990661687570114713773721871621256138738 0 0 0 0 0 0 0 0 0 0 0 0 0 0 0 0 0 0 0 0 0 0 0 0 0 0 0 0 0 0 0 0 0 0 0 0 0 0 0 0 0 0 0 1 0 0 0 0 0]
[1871548906205444310338518325128437307080488037092369342795421682691611611873334588966385987612958069962910867159501456708651289007845133742151629250341 0 0 0 0 0 0 0 0 0 0 0 0 0 0 0 0 0 0 0 0 0 0 0 0 0 0 0 0 0 0 0 0 0 0 0 0 0 0 0 0 0 0 0 0 1 0 0 0 0]
[808843742018522351811342367054342769770896811103057875338556181513674843739096411213488758220005794949176520499359613719996858783908806187472858247766 0 0 0 0 0 0 0 0 0 0 0 0 0 0 0 0 0 0 0 0 0 0 0 0 0 0 0 0 0 0 0 0 0 0 0 0 0 0 0 0 0 0 0 0 0 1 0 0 0]
[3066217391796328088830694909403411048060635269481578790418159365673466693772687685768999780439898944311665420019230137141979677791537300739045642770900 0 0 0 0 0 0 0 0 0 0 0 0 0 0 0 0 0 0 0 0 0 0 0 0 0 0 0 0 0 0 0 0 0 0 0 0 0 0 0 0 0 0 0 0 0 0 1 0 0]
[3098008872819769327535343474440277143718825625479734605655653021561443764141246859625527846901913928319478052326286757001530280651645904735590457093387 0 0 0 0 0 0 0 0 0 0 0 0 0 0 0 0 0 0 0 0 0 0 0 0 0 0 0 0 0 0 0 0 0 0 0 0 0 0 0 0 0 0 0 0 0 0 0 1 0]
[1846736758622295593360591897483601846360100039027770021430322383109148743190416473198913339744413722237858244365247017106628150876491201495867039356606 0 0 0 0 0 0 0 0 0 0 0 0 0 0 0 0 0 0 0 0 0 0 0 0 0 0 0 0 0 0 0 0 0 0 0 0 0 0 0 0 0 0 0 0 0 0 0 0 1]
]
