[[2369762773441252273327534897603734028397247197430331930186904448725809385566203428069902840201925849789177130944200738763 0 0 0 0 0 0 0 0 0 0 0 0 0 0 0 0 0 0 0 0 0 0 0 0 0 0 0 0 0 0 0 0 0 0 0 0 0 0 0]
[1019790017588220848836019673846519453454103098136466375178122207137975823217527025008216898027399736665750866126156329682 1 0 0 0 0 0 0 0 0 0 0 0 0 0 0 0 0 0 0 0 0 0 0 0 0 0 0 0 0 0 0 0 0 0 0 0 0 0 0]
[1563721987407095806143212561832075316226922540885000535203206035902689382727201860124069082439586316504877390504290290973 0 1 0 0 0 0 0 0 0 0 0 0 0 0 0 0 0 0 0 0 0 0 0 0 0 0 0 0 0 0 0 0 0 0 0 0 0 0 0]
[1220434859773101560902956912229410841552210387079088548375772134912735396227900011656192478116176402944877448934304994501 0 0 1 0 0 0 0 0 0 0 0 0 0 0 0 0 0 0 0 0 0 0 0 0 0 0 0 0 0 0 0 0 0 0 0 0 0 0 0]
[1611673478378020223241873686831258452340542125600418035604578576386409029978314056817456955335030117847283450487391608690 0 0 0 1 0 0 0 0 0 0 0 0 0 0 0 0 0 0 0 0 0 0 0 0 0 0 0 0 0 0 0 0 0 0 0 0 0 0 0]
[1077283879781764482469755347700507410184803638083507281067383875586463529647523832839172017759419453428769098283384312142 0 0 0 0 1 0 0 0 0 0 0 0 0 0 0 0 0 0 0 0 0 0 0 0 0 0 0 0 0 0 0 0 0 0 0 0 0 0 0]
[1918906632065645163741127348744468874703971566071783865744028355016136821854205337003864138917543726675143067573570466987 0 0 0 0 0 1 0 0 0 0 0 0 0 0 0 0 0 0 0 0 0 0 0 0 0 0 0 0 0 0 0 0 0 0 0 0 0 0 0]
[1494089681484978842349176933578556871872823588869487046787423837599608125792329587684731337456617915584750694313563992206 0 0 0 0 0 0 1 0 0 0 0 0 0 0 0 0 0 0 0 0 0 0 0 0 0 0 0 0 0 0 0 0 0 0 0 0 0 0 0]
[850388701600222155281723242496399781769051869300895224698298135160270428743923846798578607717534634579447565879008623738 0 0 0 0 0 0 0 1 0 0 0 0 0 0 0 0 0 0 0 0 0 0 0 0 0 0 0 0 0 0 0 0 0 0 0 0 0 0 0]
[1233396215011367144716192759347892215950129327916193586423465480546818592016049565797672741956860220785004304732780283892 0 0 0 0 0 0 0 0 1 0 0 0 0 0 0 0 0 0 0 0 0 0 0 0 0 0 0 0 0 0 0 0 0 0 0 0 0 0 0]
[947752632034428017690267508435985658369790717168325595400946367305109412199924113556154831607357759986788523497583153907 0 0 0 0 0 0 0 0 0 1 0 0 0 0 0 0 0 0 0 0 0 0 0 0 0 0 0 0 0 0 0 0 0 0 0 0 0 0 0]
[2283526450951948128401623750977053610648760091649459023913469630238186737390975070752201654589668795991451600651119907304 0 0 0 0 0 0 0 0 0 0 1 0 0 0 0 0 0 0 0 0 0 0 0 0 0 0 0 0 0 0 0 0 0 0 0 0 0 0 0]
[2124597830085257150462256117544877177484264345466875440611397657188220164464627746338854888629824330046290827754055463019 0 0 0 0 0 0 0 0 0 0 0 1 0 0 0 0 0 0 0 0 0 0 0 0 0 0 0 0 0 0 0 0 0 0 0 0 0 0 0]
[1216406756724330140550152219359666189463596369761047285882797935013844345615604515690873500577270183706754507563979950288 0 0 0 0 0 0 0 0 0 0 0 0 1 0 0 0 0 0 0 0 0 0 0 0 0 0 0 0 0 0 0 0 0 0 0 0 0 0 0]
[1680323843801558793614641608608513595755677800194268888788733349469384156883783409329896625164607295691106223267486207444 0 0 0 0 0 0 0 0 0 0 0 0 0 1 0 0 0 0 0 0 0 0 0 0 0 0 0 0 0 0 0 0 0 0 0 0 0 0 0]
[1014325048121342271071105316720546665306770401757218101505634061362065922028308717432681361642956890261568152145874042405 0 0 0 0 0 0 0 0 0 0 0 0 0 0 1 0 0 0 0 0 0 0 0 0 0 0 0 0 0 0 0 0 0 0 0 0 0 0 0]
[1183912432682414804587178579033312474995874427657638044904928104152498097983885314729628520641130563528282026972781388931 0 0 0 0 0 0 0 0 0 0 0 0 0 0 0 1 0 0 0 0 0 0 0 0 0 0 0 0 0 0 0 0 0 0 0 0 0 0 0]
[2248192708413601572937919500078522017036867241317091471159352533361399780772932899654214114810010696928928956686836519655 0 0 0 0 0 0 0 0 0 0 0 0 0 0 0 0 1 0 0 0 0 0 0 0 0 0 0 0 0 0 0 0 0 0 0 0 0 0 0]
[10517548455357712751390850892522621700964428992395801662239349051925449832684387141302911656050691153768324183621240435 0 0 0 0 0 0 0 0 0 0 0 0 0 0 0 0 0 1 0 0 0 0 0 0 0 0 0 0 0 0 0 0 0 0 0 0 0 0 0]
[403912607536549082232275274701305244460740218040472666698044911067081928481330046213552650756858353598229862916248963291 0 0 0 0 0 0 0 0 0 0 0 0 0 0 0 0 0 0 1 0 0 0 0 0 0 0 0 0 0 0 0 0 0 0 0 0 0 0 0]
[1150454067309258198213742105811844420323827194498158109469452230887159733309959862397430034188412347166813067938858034879 0 0 0 0 0 0 0 0 0 0 0 0 0 0 0 0 0 0 0 1 0 0 0 0 0 0 0 0 0 0 0 0 0 0 0 0 0 0 0]
[1574191302550113508367125797982611115077482959169969442465552197822449378877235229764232396491585948921553803724175510998 0 0 0 0 0 0 0 0 0 0 0 0 0 0 0 0 0 0 0 0 1 0 0 0 0 0 0 0 0 0 0 0 0 0 0 0 0 0 0]
[1250583590063336630495380143311838442112138138204496740041682740086988775292294682850413702077395373984533729160687129398 0 0 0 0 0 0 0 0 0 0 0 0 0 0 0 0 0 0 0 0 0 1 0 0 0 0 0 0 0 0 0 0 0 0 0 0 0 0 0]
[1829739927699339991444278170263927544025721458317775690055804137203910498619818186575112036195960112036402248848162208046 0 0 0 0 0 0 0 0 0 0 0 0 0 0 0 0 0 0 0 0 0 0 1 0 0 0 0 0 0 0 0 0 0 0 0 0 0 0 0]
[1112581002049959489376505054693147473844069001381925215857373199354990165345549343699444392686180536017261390567168671972 0 0 0 0 0 0 0 0 0 0 0 0 0 0 0 0 0 0 0 0 0 0 0 1 0 0 0 0 0 0 0 0 0 0 0 0 0 0 0]
[1394387708060769356046736588214785362014545152732563607683624389410352610269667389595316741247185170908275450102675249068 0 0 0 0 0 0 0 0 0 0 0 0 0 0 0 0 0 0 0 0 0 0 0 0 1 0 0 0 0 0 0 0 0 0 0 0 0 0 0]
[2266932612311675760539755697646693762296381029521241699356517509701491550211668728465178234367155283364673250707878554902 0 0 0 0 0 0 0 0 0 0 0 0 0 0 0 0 0 0 0 0 0 0 0 0 0 1 0 0 0 0 0 0 0 0 0 0 0 0 0]
[2097451939542673883609570573140537159283045866372799761652192553661528771797082733886386387911490243114143036414611056934 0 0 0 0 0 0 0 0 0 0 0 0 0 0 0 0 0 0 0 0 0 0 0 0 0 0 1 0 0 0 0 0 0 0 0 0 0 0 0]
[1992683855593723829326137681912614032920447086309663905134815232313914556612868347339995688555605994905739928064930521091 0 0 0 0 0 0 0 0 0 0 0 0 0 0 0 0 0 0 0 0 0 0 0 0 0 0 0 1 0 0 0 0 0 0 0 0 0 0 0]
[961971105081265127427131258400754048842675125680165021736420279556432758032584230084625272535719974866464620467567232918 0 0 0 0 0 0 0 0 0 0 0 0 0 0 0 0 0 0 0 0 0 0 0 0 0 0 0 0 1 0 0 0 0 0 0 0 0 0 0]
[809896417366082958880281968704691199515127909259115506976066230204662100002634215613626940150073614256606490714455316983 0 0 0 0 0 0 0 0 0 0 0 0 0 0 0 0 0 0 0 0 0 0 0 0 0 0 0 0 0 1 0 0 0 0 0 0 0 0 0]
[824034276170876367420957816771422857950934326510553073494791293916495712739903728230974345605338431521163228695441091488 0 0 0 0 0 0 0 0 0 0 0 0 0 0 0 0 0 0 0 0 0 0 0 0 0 0 0 0 0 0 1 0 0 0 0 0 0 0 0]
[482978435599551814276401319103513727212178828614165311953539327556755658684780599709193838388364805069463319632566467362 0 0 0 0 0 0 0 0 0 0 0 0 0 0 0 0 0 0 0 0 0 0 0 0 0 0 0 0 0 0 0 1 0 0 0 0 0 0 0]
[115797472282679625888990892828488193057677299237260053800412727997289880704760967308244269198723260998797744427615668123 0 0 0 0 0 0 0 0 0 0 0 0 0 0 0 0 0 0 0 0 0 0 0 0 0 0 0 0 0 0 0 0 1 0 0 0 0 0 0]
[453340976888747253266705521471841391111164802337696640562269661346410924574597713267627842458870841193689936668784957678 0 0 0 0 0 0 0 0 0 0 0 0 0 0 0 0 0 0 0 0 0 0 0 0 0 0 0 0 0 0 0 0 0 1 0 0 0 0 0]
[242305331414199482205217988300072016345326943137111882759870878886271490544925237149851889659503725776855583379459006939 0 0 0 0 0 0 0 0 0 0 0 0 0 0 0 0 0 0 0 0 0 0 0 0 0 0 0 0 0 0 0 0 0 0 1 0 0 0 0]
[2063031256788575584223191187968776351261061290555633727311633563468041338452111524947714106456525579885228949552108046400 0 0 0 0 0 0 0 0 0 0 0 0 0 0 0 0 0 0 0 0 0 0 0 0 0 0 0 0 0 0 0 0 0 0 0 1 0 0 0]
[2273898697129420585722408687975846615126028619128857957084767787195306515015155275602573133962801800478653556204623651043 0 0 0 0 0 0 0 0 0 0 0 0 0 0 0 0 0 0 0 0 0 0 0 0 0 0 0 0 0 0 0 0 0 0 0 0 1 0 0]
[1879795584220252618738126619290603679828844896893763101566523120970534935197603630894563601807011457776168603307389819161 0 0 0 0 0 0 0 0 0 0 0 0 0 0 0 0 0 0 0 0 0 0 0 0 0 0 0 0 0 0 0 0 0 0 0 0 0 1 0]
[111091316052379842579577549986437882346081929983929587373210882430712337414143337097531463905304944800639494049350121331 0 0 0 0 0 0 0 0 0 0 0 0 0 0 0 0 0 0 0 0 0 0 0 0 0 0 0 0 0 0 0 0 0 0 0 0 0 0 1]
]
