[[3725963077457805845504648567239292831909979077090799979829243427231860555938372500563182712123048940606426503251488313684044879506726405848957504467835837934305441687138168446286794398679948789414995637726660267203554725863239233288705512939 0 0 0 0 0 0 0 0 0 0 0 0 0 0 0 0 0 0 0 0 0 0 0 0 0 0 0 0 0 0 0 0 0 0 0 0 0 0 0 0 0 0 0 0 0 0 0 0 0 0 0 0 0 0 0 0 0 0 0 0 0 0 0 0 0 0 0 0 0 0 0 0 0 0 0 0 0 0 0]
[1966208092447655806414689722284935569780225937509154608738769340453364175037536053930063167351525240107526762503779513875086552742250733117360729735657041174614875512728845924036822136651619339460197815348257831043540261265214305303641301985 1 0 0 0 0 0 0 0 0 0 0 0 0 0 0 0 0 0 0 0 0 0 0 0 0 0 0 0 0 0 0 0 0 0 0 0 0 0 0 0 0 0 0 0 0 0 0 0 0 0 0 0 0 0 0 0 0 0 0 0 0 0 0 0 0 0 0 0 0 0 0 0 0 0 0 0 0 0 0]
[1016509690640440121295662181523875474709496898699794157040298548911907028471949200714183843877742280345687161154265142496706752094232691731392183236184147097763597114891505383455297355462316293612331734918973139637374391477378387299185738049 0 1 0 0 0 0 0 0 0 0 0 0 0 0 0 0 0 0 0 0 0 0 0 0 0 0 0 0 0 0 0 0 0 0 0 0 0 0 0 0 0 0 0 0 0 0 0 0 0 0 0 0 0 0 0 0 0 0 0 0 0 0 0 0 0 0 0 0 0 0 0 0 0 0 0 0 0 0 0]
[441556005749213801220434011062310440225237547518482642870862866872399366525672124486538915742231326049961357793019344818865705101313975678003830869160066042458474918328722899618793643741552364334251935990328436961021050403155031841916976980 0 0 1 0 0 0 0 0 0 0 0 0 0 0 0 0 0 0 0 0 0 0 0 0 0 0 0 0 0 0 0 0 0 0 0 0 0 0 0 0 0 0 0 0 0 0 0 0 0 0 0 0 0 0 0 0 0 0 0 0 0 0 0 0 0 0 0 0 0 0 0 0 0 0 0 0 0 0 0]
[9352343882677160539262711511311367233475920490450283499383009576276688580302937774115126445516820614470069645645268043647085255197085179231914219674190401665624287501017487416730232431110839356909307645354646916806523224695125850190424715 0 0 0 1 0 0 0 0 0 0 0 0 0 0 0 0 0 0 0 0 0 0 0 0 0 0 0 0 0 0 0 0 0 0 0 0 0 0 0 0 0 0 0 0 0 0 0 0 0 0 0 0 0 0 0 0 0 0 0 0 0 0 0 0 0 0 0 0 0 0 0 0 0 0 0 0 0 0 0]
[2853379594786420763852673809327621982850184315144123833727848487106346383794000264671190078427517706621953896403904154138954314560635945214882229849371369075764709338981534107068711242440447668400716705460379361167346385438208682038526190919 0 0 0 0 1 0 0 0 0 0 0 0 0 0 0 0 0 0 0 0 0 0 0 0 0 0 0 0 0 0 0 0 0 0 0 0 0 0 0 0 0 0 0 0 0 0 0 0 0 0 0 0 0 0 0 0 0 0 0 0 0 0 0 0 0 0 0 0 0 0 0 0 0 0 0 0 0 0 0]
[698545043519694719940421357201137907940982931299016274156067169842598749582119735268604740880996142256187542924930623874406673356360227235190668509475350697186727471226493748381813830614258777551197971270890640786215516998328090591125091031 0 0 0 0 0 1 0 0 0 0 0 0 0 0 0 0 0 0 0 0 0 0 0 0 0 0 0 0 0 0 0 0 0 0 0 0 0 0 0 0 0 0 0 0 0 0 0 0 0 0 0 0 0 0 0 0 0 0 0 0 0 0 0 0 0 0 0 0 0 0 0 0 0 0 0 0 0 0 0]
[2837870958454282417391375560702658789030278025882154662891278714222683688062850736295829190748241762357200254638002789605724850016677355387549134289521725106073657965411102516020468626012203096476878717768428333318186431970645028235147629142 0 0 0 0 0 0 1 0 0 0 0 0 0 0 0 0 0 0 0 0 0 0 0 0 0 0 0 0 0 0 0 0 0 0 0 0 0 0 0 0 0 0 0 0 0 0 0 0 0 0 0 0 0 0 0 0 0 0 0 0 0 0 0 0 0 0 0 0 0 0 0 0 0 0 0 0 0 0 0]
[566433361563162186815040080385463910033393727529425448332429883243388029833872910028060738987335212344401206475557988572469676905955128722818595406161478105877814001784993279825193907025844984598231605774047402749901768505075532291826610197 0 0 0 0 0 0 0 1 0 0 0 0 0 0 0 0 0 0 0 0 0 0 0 0 0 0 0 0 0 0 0 0 0 0 0 0 0 0 0 0 0 0 0 0 0 0 0 0 0 0 0 0 0 0 0 0 0 0 0 0 0 0 0 0 0 0 0 0 0 0 0 0 0 0 0 0 0 0 0]
[1654124498420924611720582475432717571184277178279161817588604982518349190366530587335496960158562253930338153809101003793890948305910663872045224429504874263184891065511331943278626303571170360327409851682170397684636055725818716918171631663 0 0 0 0 0 0 0 0 1 0 0 0 0 0 0 0 0 0 0 0 0 0 0 0 0 0 0 0 0 0 0 0 0 0 0 0 0 0 0 0 0 0 0 0 0 0 0 0 0 0 0 0 0 0 0 0 0 0 0 0 0 0 0 0 0 0 0 0 0 0 0 0 0 0 0 0 0 0 0]
[3561830778239635062450734091053522280414369212205521640275997260401843529061648277886884462161945663682164075758224712371558003204374798544819571491365194947560389998740061459233354195725939375755964599686979423519028256702101147575094979126 0 0 0 0 0 0 0 0 0 1 0 0 0 0 0 0 0 0 0 0 0 0 0 0 0 0 0 0 0 0 0 0 0 0 0 0 0 0 0 0 0 0 0 0 0 0 0 0 0 0 0 0 0 0 0 0 0 0 0 0 0 0 0 0 0 0 0 0 0 0 0 0 0 0 0 0 0 0 0]
[769444186668796746588632455789126435409677326887326219448433499986453725993523558570254235555348520745538648113134571876042264030550647502309188906568951359472337031019368672834487456517449834721705586903072453746987579944750028530330246093 0 0 0 0 0 0 0 0 0 0 1 0 0 0 0 0 0 0 0 0 0 0 0 0 0 0 0 0 0 0 0 0 0 0 0 0 0 0 0 0 0 0 0 0 0 0 0 0 0 0 0 0 0 0 0 0 0 0 0 0 0 0 0 0 0 0 0 0 0 0 0 0 0 0 0 0 0 0 0]
[3580996333115858462125121049921817826069722884686760629637544766875160102273572466948955078478739800898665732813716575134916138899323329489831577711531815996281520092733648018612484565482069522076490400966668606494826285075253968861187848605 0 0 0 0 0 0 0 0 0 0 0 1 0 0 0 0 0 0 0 0 0 0 0 0 0 0 0 0 0 0 0 0 0 0 0 0 0 0 0 0 0 0 0 0 0 0 0 0 0 0 0 0 0 0 0 0 0 0 0 0 0 0 0 0 0 0 0 0 0 0 0 0 0 0 0 0 0 0 0]
[588377765025866850461541585347447689723467422487054985416071407734966507787937245658500506124542582879668431805135022930600162918967010863690706104631272884225297402754791068532601665475141812711275460595939064308062785611669352824671810522 0 0 0 0 0 0 0 0 0 0 0 0 1 0 0 0 0 0 0 0 0 0 0 0 0 0 0 0 0 0 0 0 0 0 0 0 0 0 0 0 0 0 0 0 0 0 0 0 0 0 0 0 0 0 0 0 0 0 0 0 0 0 0 0 0 0 0 0 0 0 0 0 0 0 0 0 0 0 0]
[1685445535382710531678863438312928866094221452986324757399571688550086657868448579139514148655657799722851464011778296469462638466205369497663065229479229044571594438264855562647102638587527270018790853201489033527580368157714405464669095840 0 0 0 0 0 0 0 0 0 0 0 0 0 1 0 0 0 0 0 0 0 0 0 0 0 0 0 0 0 0 0 0 0 0 0 0 0 0 0 0 0 0 0 0 0 0 0 0 0 0 0 0 0 0 0 0 0 0 0 0 0 0 0 0 0 0 0 0 0 0 0 0 0 0 0 0 0 0 0]
[2297789949073013481888608997383780514047217848161863753655301120642434796526336764515865885146875140856471584002701852851408083868287519970430782612388404780797091452469938904283643161643594870092034377186218422163772882790815795591262587867 0 0 0 0 0 0 0 0 0 0 0 0 0 0 1 0 0 0 0 0 0 0 0 0 0 0 0 0 0 0 0 0 0 0 0 0 0 0 0 0 0 0 0 0 0 0 0 0 0 0 0 0 0 0 0 0 0 0 0 0 0 0 0 0 0 0 0 0 0 0 0 0 0 0 0 0 0 0 0]
[1027138144710317355266556810481975465529772294376854400564306979334837857444400055243981086452426311968815823227040565279913243724659648970807365918636716043368752139891368533510274009346740125945441653490987305685060230471933113305416136152 0 0 0 0 0 0 0 0 0 0 0 0 0 0 0 1 0 0 0 0 0 0 0 0 0 0 0 0 0 0 0 0 0 0 0 0 0 0 0 0 0 0 0 0 0 0 0 0 0 0 0 0 0 0 0 0 0 0 0 0 0 0 0 0 0 0 0 0 0 0 0 0 0 0 0 0 0 0 0]
[275111512020011374792851257336775543898295807890418784771780410836864884763027012768396582345326124916817762342715997757225808564097061905244604095342412475344143055759625717651187707167137709573982945759129722400244421963641190652227051178 0 0 0 0 0 0 0 0 0 0 0 0 0 0 0 0 1 0 0 0 0 0 0 0 0 0 0 0 0 0 0 0 0 0 0 0 0 0 0 0 0 0 0 0 0 0 0 0 0 0 0 0 0 0 0 0 0 0 0 0 0 0 0 0 0 0 0 0 0 0 0 0 0 0 0 0 0 0 0]
[724022156604634547381717836548612205939708023892614698600820517351912441943770032304569575484201042701763342198369239611830034223985847718177331088843186263239676742306465399407592536031685439243520228899697823653246814751451353816835316098 0 0 0 0 0 0 0 0 0 0 0 0 0 0 0 0 0 1 0 0 0 0 0 0 0 0 0 0 0 0 0 0 0 0 0 0 0 0 0 0 0 0 0 0 0 0 0 0 0 0 0 0 0 0 0 0 0 0 0 0 0 0 0 0 0 0 0 0 0 0 0 0 0 0 0 0 0 0 0]
[2595501413492398420568960816592205908615053975283471779595603535653826503913311210345834155857089505454712087015021158766177024982650988727892448711153244768449368033034538943068311375740252414032809138686835888585411145903254710213682013114 0 0 0 0 0 0 0 0 0 0 0 0 0 0 0 0 0 0 1 0 0 0 0 0 0 0 0 0 0 0 0 0 0 0 0 0 0 0 0 0 0 0 0 0 0 0 0 0 0 0 0 0 0 0 0 0 0 0 0 0 0 0 0 0 0 0 0 0 0 0 0 0 0 0 0 0 0 0 0]
[213351060147857415777491545621831637268882812034291739681353936712965922543403619070178491393988748710652028177458663469101948401118821557548424535881857539044868059816322951603996879362653928971131813379952522379585010105857415458312515888 0 0 0 0 0 0 0 0 0 0 0 0 0 0 0 0 0 0 0 1 0 0 0 0 0 0 0 0 0 0 0 0 0 0 0 0 0 0 0 0 0 0 0 0 0 0 0 0 0 0 0 0 0 0 0 0 0 0 0 0 0 0 0 0 0 0 0 0 0 0 0 0 0 0 0 0 0 0 0]
[3480219239250409571934160879539968352326462848847808264379435116019621337831154696313642755488755166963693208814323829812451271500135949225975285049430490572731473117979350122259633605188125772614065612636163778617615707346927439798432174268 0 0 0 0 0 0 0 0 0 0 0 0 0 0 0 0 0 0 0 0 1 0 0 0 0 0 0 0 0 0 0 0 0 0 0 0 0 0 0 0 0 0 0 0 0 0 0 0 0 0 0 0 0 0 0 0 0 0 0 0 0 0 0 0 0 0 0 0 0 0 0 0 0 0 0 0 0 0 0]
[2444953703871341519902414470489379830210800267001936641748328749297620457885701239629836361132766543178515084890882235215130384346822064709973976662243077720443849177892274898299206662486173637675372802440044877449940747258008662124364304914 0 0 0 0 0 0 0 0 0 0 0 0 0 0 0 0 0 0 0 0 0 1 0 0 0 0 0 0 0 0 0 0 0 0 0 0 0 0 0 0 0 0 0 0 0 0 0 0 0 0 0 0 0 0 0 0 0 0 0 0 0 0 0 0 0 0 0 0 0 0 0 0 0 0 0 0 0 0 0]
[3519310836623340287053137724163983782095121254475435841808388584791564032502088336882707190100682988376882820479258856779458905922498340122949812883964147103039777113601046775250626958728329921786995338902811788035970163025099071052511879009 0 0 0 0 0 0 0 0 0 0 0 0 0 0 0 0 0 0 0 0 0 0 1 0 0 0 0 0 0 0 0 0 0 0 0 0 0 0 0 0 0 0 0 0 0 0 0 0 0 0 0 0 0 0 0 0 0 0 0 0 0 0 0 0 0 0 0 0 0 0 0 0 0 0 0 0 0 0 0]
[705918939116672095781821709848187272424000352136234827612075440679496433502601092648290952233349548146393234818877984487984198448990679937232423794980777889473751974253429179336240140489680450160987969893957190311932066470814176054666561630 0 0 0 0 0 0 0 0 0 0 0 0 0 0 0 0 0 0 0 0 0 0 0 1 0 0 0 0 0 0 0 0 0 0 0 0 0 0 0 0 0 0 0 0 0 0 0 0 0 0 0 0 0 0 0 0 0 0 0 0 0 0 0 0 0 0 0 0 0 0 0 0 0 0 0 0 0 0 0]
[2492882966314633668439131110594921527914539655419743175109535514879402129671976448536143359994201577775713247555911047692598292216686626650583958738589466252177096377461806834604874423490409690519284860420898234153293423901988440591287765612 0 0 0 0 0 0 0 0 0 0 0 0 0 0 0 0 0 0 0 0 0 0 0 0 1 0 0 0 0 0 0 0 0 0 0 0 0 0 0 0 0 0 0 0 0 0 0 0 0 0 0 0 0 0 0 0 0 0 0 0 0 0 0 0 0 0 0 0 0 0 0 0 0 0 0 0 0 0 0]
[3632339515682643149255215463598104757499926664682813971925613872857955391867080274980072585959334330576483341394018272785814574076503024839914566020112366101042826332903174224508166840391568628010072503110677463917941412627106485028522717498 0 0 0 0 0 0 0 0 0 0 0 0 0 0 0 0 0 0 0 0 0 0 0 0 0 1 0 0 0 0 0 0 0 0 0 0 0 0 0 0 0 0 0 0 0 0 0 0 0 0 0 0 0 0 0 0 0 0 0 0 0 0 0 0 0 0 0 0 0 0 0 0 0 0 0 0 0 0 0]
[1748469520867705135097880487392612434190486665800664625548893914110278879214680951085571939571049672551691921333553550618417108694479145256668281899602327194420037834660123326141503132670357910751559955076315471489441623947727750264052208861 0 0 0 0 0 0 0 0 0 0 0 0 0 0 0 0 0 0 0 0 0 0 0 0 0 0 1 0 0 0 0 0 0 0 0 0 0 0 0 0 0 0 0 0 0 0 0 0 0 0 0 0 0 0 0 0 0 0 0 0 0 0 0 0 0 0 0 0 0 0 0 0 0 0 0 0 0 0 0]
[1106263739790416686503799575602386841818320779408864550126531944904709597494162283373300347862266113423888429012977365797039342358199375301070547732091545176274643679246107111753916621113920244130462916910756019024035374877080145183663291702 0 0 0 0 0 0 0 0 0 0 0 0 0 0 0 0 0 0 0 0 0 0 0 0 0 0 0 1 0 0 0 0 0 0 0 0 0 0 0 0 0 0 0 0 0 0 0 0 0 0 0 0 0 0 0 0 0 0 0 0 0 0 0 0 0 0 0 0 0 0 0 0 0 0 0 0 0 0 0]
[3597469880679207610445621398280041921823521143866054088235870447553603556626259912688246807956092401267033218452984184172261163089242416733474241461258059784738663748759138106892882289340530582215087424444119267544346972551301740035170565432 0 0 0 0 0 0 0 0 0 0 0 0 0 0 0 0 0 0 0 0 0 0 0 0 0 0 0 0 1 0 0 0 0 0 0 0 0 0 0 0 0 0 0 0 0 0 0 0 0 0 0 0 0 0 0 0 0 0 0 0 0 0 0 0 0 0 0 0 0 0 0 0 0 0 0 0 0 0 0]
[502772671754561373092657328045467793138624811472078332233140785000034614680348603080554399263340819850045373861794872474591603979854540943540769163680470500175222126816311777251671406412878717606873582073174415470686175431928848985864775192 0 0 0 0 0 0 0 0 0 0 0 0 0 0 0 0 0 0 0 0 0 0 0 0 0 0 0 0 0 1 0 0 0 0 0 0 0 0 0 0 0 0 0 0 0 0 0 0 0 0 0 0 0 0 0 0 0 0 0 0 0 0 0 0 0 0 0 0 0 0 0 0 0 0 0 0 0 0 0]
[175880810704703464918331348984667904039818245891661762898328558828296423496737677380296692871623565722340867908921965315470069121898954475263347846067283812102667620443112105195985286727123861293409291705805039279441001273750305730003574368 0 0 0 0 0 0 0 0 0 0 0 0 0 0 0 0 0 0 0 0 0 0 0 0 0 0 0 0 0 0 1 0 0 0 0 0 0 0 0 0 0 0 0 0 0 0 0 0 0 0 0 0 0 0 0 0 0 0 0 0 0 0 0 0 0 0 0 0 0 0 0 0 0 0 0 0 0 0 0]
[3480659244729211333927544238663162670323863440916735422030448363490202688250235852930711050223369661130466790647513746167746114122169806043479019040011825722073526429567516620711509358098771279378427248639637700321549743583167508746860520743 0 0 0 0 0 0 0 0 0 0 0 0 0 0 0 0 0 0 0 0 0 0 0 0 0 0 0 0 0 0 0 1 0 0 0 0 0 0 0 0 0 0 0 0 0 0 0 0 0 0 0 0 0 0 0 0 0 0 0 0 0 0 0 0 0 0 0 0 0 0 0 0 0 0 0 0 0 0 0]
[2179248264828618641816345669956521191364680975458341041913732348255817925356121079105902497362065624261976835080037484148586805116833451226712851474312884336820787385990681392694531064811189302824703943809389662747290237857885686637691903957 0 0 0 0 0 0 0 0 0 0 0 0 0 0 0 0 0 0 0 0 0 0 0 0 0 0 0 0 0 0 0 0 1 0 0 0 0 0 0 0 0 0 0 0 0 0 0 0 0 0 0 0 0 0 0 0 0 0 0 0 0 0 0 0 0 0 0 0 0 0 0 0 0 0 0 0 0 0 0]
[33671604124627921817328915418530455310222117844451302321031340232091429560400283463445932599206469439075844292783842228181779832732668816812353616983673404407746842447060186034384733767977200790519283125570736436041788822033936968584689326 0 0 0 0 0 0 0 0 0 0 0 0 0 0 0 0 0 0 0 0 0 0 0 0 0 0 0 0 0 0 0 0 0 1 0 0 0 0 0 0 0 0 0 0 0 0 0 0 0 0 0 0 0 0 0 0 0 0 0 0 0 0 0 0 0 0 0 0 0 0 0 0 0 0 0 0 0 0 0]
[3422210331215937455147223147823943851068737363531994365202555463588696114685137103574311962443207500538671868756882658591044880586068804568327932993693605883698902554265784552521317747731230095009819132642398017691178387019063266019764086070 0 0 0 0 0 0 0 0 0 0 0 0 0 0 0 0 0 0 0 0 0 0 0 0 0 0 0 0 0 0 0 0 0 0 1 0 0 0 0 0 0 0 0 0 0 0 0 0 0 0 0 0 0 0 0 0 0 0 0 0 0 0 0 0 0 0 0 0 0 0 0 0 0 0 0 0 0 0 0]
[57067535013016723871305595494802538833354846562974325559328989389465792283967771792545615353298445135421887830444055292871783449861912700298905477048951166312828420601711840112686328522527529819190860746241369697184982780883437097005180931 0 0 0 0 0 0 0 0 0 0 0 0 0 0 0 0 0 0 0 0 0 0 0 0 0 0 0 0 0 0 0 0 0 0 0 1 0 0 0 0 0 0 0 0 0 0 0 0 0 0 0 0 0 0 0 0 0 0 0 0 0 0 0 0 0 0 0 0 0 0 0 0 0 0 0 0 0 0 0]
[1048219022294478833395182249286712417294788065207113669049280419920962013994835847046258831118924174690337806640297672240434206828967242364641602826175355490692993461767416326933869336071996256421863150850337626325151459673967196556376587345 0 0 0 0 0 0 0 0 0 0 0 0 0 0 0 0 0 0 0 0 0 0 0 0 0 0 0 0 0 0 0 0 0 0 0 0 1 0 0 0 0 0 0 0 0 0 0 0 0 0 0 0 0 0 0 0 0 0 0 0 0 0 0 0 0 0 0 0 0 0 0 0 0 0 0 0 0 0 0]
[1885808579139347382175856191348533968182552926335561823788629918589106167579847861578417747443878585248438286046428080395223600631258452558957174050274992206548686838359889053116523714825647324114911256008219082915503078554279270571342126702 0 0 0 0 0 0 0 0 0 0 0 0 0 0 0 0 0 0 0 0 0 0 0 0 0 0 0 0 0 0 0 0 0 0 0 0 0 1 0 0 0 0 0 0 0 0 0 0 0 0 0 0 0 0 0 0 0 0 0 0 0 0 0 0 0 0 0 0 0 0 0 0 0 0 0 0 0 0 0]
[3476028559268489496726594937916223278640982593352114542499244808797663709716847609507551987504351705679500898692365425125855889931575231247303234396726315153389651521960507860762068401794187441156157854915452484845581044867995385161220646668 0 0 0 0 0 0 0 0 0 0 0 0 0 0 0 0 0 0 0 0 0 0 0 0 0 0 0 0 0 0 0 0 0 0 0 0 0 0 1 0 0 0 0 0 0 0 0 0 0 0 0 0 0 0 0 0 0 0 0 0 0 0 0 0 0 0 0 0 0 0 0 0 0 0 0 0 0 0 0]
[295070041433411508860091414050215527199648396988958443449926924598374252870358191373940230487946989283911185069327401990317699345626168726598998842299512344849535391834551380101001664047717193595895501351035054412810218334939389146215149271 0 0 0 0 0 0 0 0 0 0 0 0 0 0 0 0 0 0 0 0 0 0 0 0 0 0 0 0 0 0 0 0 0 0 0 0 0 0 0 1 0 0 0 0 0 0 0 0 0 0 0 0 0 0 0 0 0 0 0 0 0 0 0 0 0 0 0 0 0 0 0 0 0 0 0 0 0 0 0]
[393591623834208420569470640245051680281371249083217752621046976420952760988426066782872499368073703854301407209274445094649233208382615067017749728637687531730894766289775778083098253098272557031449426553367158169646566600838467525616901359 0 0 0 0 0 0 0 0 0 0 0 0 0 0 0 0 0 0 0 0 0 0 0 0 0 0 0 0 0 0 0 0 0 0 0 0 0 0 0 0 1 0 0 0 0 0 0 0 0 0 0 0 0 0 0 0 0 0 0 0 0 0 0 0 0 0 0 0 0 0 0 0 0 0 0 0 0 0 0]
[2493924275183884072672248903170081193801978475620894952630813948923000409262230255166523846923850804650269201140914202067178702660816257409974595108540532578470183582612144464280875043437886869167103121056274683892105481921816062330939613229 0 0 0 0 0 0 0 0 0 0 0 0 0 0 0 0 0 0 0 0 0 0 0 0 0 0 0 0 0 0 0 0 0 0 0 0 0 0 0 0 0 1 0 0 0 0 0 0 0 0 0 0 0 0 0 0 0 0 0 0 0 0 0 0 0 0 0 0 0 0 0 0 0 0 0 0 0 0 0]
[3463353002612784618933688879026877191496379694638802520250565688233903598410472409145537472675144512623724514730760604015581657045683314526055814876764517865303024939795083802693324191171580568004008881010502562862353011577424810825217274217 0 0 0 0 0 0 0 0 0 0 0 0 0 0 0 0 0 0 0 0 0 0 0 0 0 0 0 0 0 0 0 0 0 0 0 0 0 0 0 0 0 0 1 0 0 0 0 0 0 0 0 0 0 0 0 0 0 0 0 0 0 0 0 0 0 0 0 0 0 0 0 0 0 0 0 0 0 0 0]
[3047983503032525339969454887445744555813276295739978379215139259587797505609002691812061606858657319201117641148527917888394158627131486246947098777606535654530838768581978352896462183714880048150589297405166920221512927047158086614579523867 0 0 0 0 0 0 0 0 0 0 0 0 0 0 0 0 0 0 0 0 0 0 0 0 0 0 0 0 0 0 0 0 0 0 0 0 0 0 0 0 0 0 0 1 0 0 0 0 0 0 0 0 0 0 0 0 0 0 0 0 0 0 0 0 0 0 0 0 0 0 0 0 0 0 0 0 0 0 0]
[2502913399108564240488901386026067096859769812565291831863657623697713946819923593055261998180581172906124853885498240169141430500602333503016381462798001593500725317984480328407578762418871421789888350663079960259444339823042279836463624945 0 0 0 0 0 0 0 0 0 0 0 0 0 0 0 0 0 0 0 0 0 0 0 0 0 0 0 0 0 0 0 0 0 0 0 0 0 0 0 0 0 0 0 0 1 0 0 0 0 0 0 0 0 0 0 0 0 0 0 0 0 0 0 0 0 0 0 0 0 0 0 0 0 0 0 0 0 0 0]
[2552929807378495355958668013740932852242739352027931008020594258053405620131686908213071632890815040670377719017958302819780687746915489581906840704863998347467342261945141909015789088979008816701547517742119456136146701809805433190965799432 0 0 0 0 0 0 0 0 0 0 0 0 0 0 0 0 0 0 0 0 0 0 0 0 0 0 0 0 0 0 0 0 0 0 0 0 0 0 0 0 0 0 0 0 0 1 0 0 0 0 0 0 0 0 0 0 0 0 0 0 0 0 0 0 0 0 0 0 0 0 0 0 0 0 0 0 0 0 0]
[2642306114618569628491891939397239238141797243890473105755557310022822596169080260605897740221220662643380780468489070836336745420559544621667981973976226449163170887549767549907075224191026851646753910025031959177159211431442348683260490542 0 0 0 0 0 0 0 0 0 0 0 0 0 0 0 0 0 0 0 0 0 0 0 0 0 0 0 0 0 0 0 0 0 0 0 0 0 0 0 0 0 0 0 0 0 0 1 0 0 0 0 0 0 0 0 0 0 0 0 0 0 0 0 0 0 0 0 0 0 0 0 0 0 0 0 0 0 0 0]
[2991776245947699488110203567637831533668092767456703616341327852990997967682358377865866069941962194649114171204838120899749221090652754811703993806882848514848546430261960093510407754218105420204354964712103894041100712543241829970987683184 0 0 0 0 0 0 0 0 0 0 0 0 0 0 0 0 0 0 0 0 0 0 0 0 0 0 0 0 0 0 0 0 0 0 0 0 0 0 0 0 0 0 0 0 0 0 0 1 0 0 0 0 0 0 0 0 0 0 0 0 0 0 0 0 0 0 0 0 0 0 0 0 0 0 0 0 0 0 0]
[2022690266333393449100210183192517610000213149579070947393635590685530389340017176232401621176000983802194575499677210687828064871028445358329132820138223696556952425552108474851043143447166216996134691268425866907385419142666515826541134692 0 0 0 0 0 0 0 0 0 0 0 0 0 0 0 0 0 0 0 0 0 0 0 0 0 0 0 0 0 0 0 0 0 0 0 0 0 0 0 0 0 0 0 0 0 0 0 0 1 0 0 0 0 0 0 0 0 0 0 0 0 0 0 0 0 0 0 0 0 0 0 0 0 0 0 0 0 0 0]
[2935626345539600816460484937139313474831967753046795855887731935667719924304452430427016550493761117736966330958010735752355227282885117478090808781495712496909074489406134062672574769121910485369606681596743760892661870673056762243332989175 0 0 0 0 0 0 0 0 0 0 0 0 0 0 0 0 0 0 0 0 0 0 0 0 0 0 0 0 0 0 0 0 0 0 0 0 0 0 0 0 0 0 0 0 0 0 0 0 0 1 0 0 0 0 0 0 0 0 0 0 0 0 0 0 0 0 0 0 0 0 0 0 0 0 0 0 0 0 0]
[3239930452552780015161756113351673131557938870430154301711854959222372278337711217021586623991314895371445730388879411609279549175357218153278430762040043415667762905958955336005989770238907167458973346668187643004144668493174533406813154153 0 0 0 0 0 0 0 0 0 0 0 0 0 0 0 0 0 0 0 0 0 0 0 0 0 0 0 0 0 0 0 0 0 0 0 0 0 0 0 0 0 0 0 0 0 0 0 0 0 0 1 0 0 0 0 0 0 0 0 0 0 0 0 0 0 0 0 0 0 0 0 0 0 0 0 0 0 0 0]
[1165049344050114019258832359077527251623568088356865188872721281575254378221645368545245726906174598858028567539449420351806896937127594025345321085026090261626944359977079171897269655780303856879135298039586947690772527718753375348320474834 0 0 0 0 0 0 0 0 0 0 0 0 0 0 0 0 0 0 0 0 0 0 0 0 0 0 0 0 0 0 0 0 0 0 0 0 0 0 0 0 0 0 0 0 0 0 0 0 0 0 0 1 0 0 0 0 0 0 0 0 0 0 0 0 0 0 0 0 0 0 0 0 0 0 0 0 0 0 0]
[2870767418926304023113909318399243250506562104205943108227065922267428556352840313564729212436861978621380378140078311911503004263055054779424625897442720119641127996377863796358777189923777443868084217143229449718280209454464201560323397745 0 0 0 0 0 0 0 0 0 0 0 0 0 0 0 0 0 0 0 0 0 0 0 0 0 0 0 0 0 0 0 0 0 0 0 0 0 0 0 0 0 0 0 0 0 0 0 0 0 0 0 0 1 0 0 0 0 0 0 0 0 0 0 0 0 0 0 0 0 0 0 0 0 0 0 0 0 0 0]
[2963376715295316552147468721724763410619877661268910840222184523480087528234998242995990796623801862158306248534172783627183612025515420439632686181939190897541404466646086161442894490535077383000364701598309620939820517747656117342798834884 0 0 0 0 0 0 0 0 0 0 0 0 0 0 0 0 0 0 0 0 0 0 0 0 0 0 0 0 0 0 0 0 0 0 0 0 0 0 0 0 0 0 0 0 0 0 0 0 0 0 0 0 0 1 0 0 0 0 0 0 0 0 0 0 0 0 0 0 0 0 0 0 0 0 0 0 0 0 0]
[3322159382354985595724356049495796746346239166580836004799994248583568274977345989327123668059775836293172408609609843846923974308404942602783233292446226310647609696986597769395610495150640429706849572388597989581026799251316273235326130001 0 0 0 0 0 0 0 0 0 0 0 0 0 0 0 0 0 0 0 0 0 0 0 0 0 0 0 0 0 0 0 0 0 0 0 0 0 0 0 0 0 0 0 0 0 0 0 0 0 0 0 0 0 0 1 0 0 0 0 0 0 0 0 0 0 0 0 0 0 0 0 0 0 0 0 0 0 0 0]
[393829416672495984454775987425150644645875062529413304721344886006084840194412656172525206536623822610777333701013995055112420074283482649141291300158329421465146613099153836124889982461166481259233166560313886411042077929857150634045107309 0 0 0 0 0 0 0 0 0 0 0 0 0 0 0 0 0 0 0 0 0 0 0 0 0 0 0 0 0 0 0 0 0 0 0 0 0 0 0 0 0 0 0 0 0 0 0 0 0 0 0 0 0 0 0 1 0 0 0 0 0 0 0 0 0 0 0 0 0 0 0 0 0 0 0 0 0 0 0]
[3423806960359240225934803510494448033508370158072856182594228917082547583712108275078811017480174852610046688309640457859175081682241396717717857958884128199424576118184865541700806489421849497783332593987827342762941782711223061562279155289 0 0 0 0 0 0 0 0 0 0 0 0 0 0 0 0 0 0 0 0 0 0 0 0 0 0 0 0 0 0 0 0 0 0 0 0 0 0 0 0 0 0 0 0 0 0 0 0 0 0 0 0 0 0 0 0 1 0 0 0 0 0 0 0 0 0 0 0 0 0 0 0 0 0 0 0 0 0 0]
[820616655357177838499480379470523529991572855120893587185347391598777851845715115275218858744996011858559698580361855142142480946164637224753344481618890208756945230370183148484140296909012676549946473445355324011731495956413672306640664591 0 0 0 0 0 0 0 0 0 0 0 0 0 0 0 0 0 0 0 0 0 0 0 0 0 0 0 0 0 0 0 0 0 0 0 0 0 0 0 0 0 0 0 0 0 0 0 0 0 0 0 0 0 0 0 0 0 1 0 0 0 0 0 0 0 0 0 0 0 0 0 0 0 0 0 0 0 0 0]
[2521090474039140816741772773581784623109875907654484545081798845615294662715005699167819872755278374948476605439931669500353580255287079543047073895045068367769494431590689944677821535522536042255656743238059488198360856634482688968719020138 0 0 0 0 0 0 0 0 0 0 0 0 0 0 0 0 0 0 0 0 0 0 0 0 0 0 0 0 0 0 0 0 0 0 0 0 0 0 0 0 0 0 0 0 0 0 0 0 0 0 0 0 0 0 0 0 0 0 1 0 0 0 0 0 0 0 0 0 0 0 0 0 0 0 0 0 0 0 0]
[2482431534226918217165369471311669410916353317531661843425742729380204181029413618551679665587612733214158934415959014461049090303015123784111593846998501952126093876867384201081168123954574721192877161815205003326443897823890197955888873461 0 0 0 0 0 0 0 0 0 0 0 0 0 0 0 0 0 0 0 0 0 0 0 0 0 0 0 0 0 0 0 0 0 0 0 0 0 0 0 0 0 0 0 0 0 0 0 0 0 0 0 0 0 0 0 0 0 0 0 1 0 0 0 0 0 0 0 0 0 0 0 0 0 0 0 0 0 0 0]
[2867455008901794920589426135323967050461496575735921492693298256640345050571038936678340725727452321412218207284212175702202079505156243850212027250764048409011693251431244080980300251647014590060888226662828095166835741215033895422024332640 0 0 0 0 0 0 0 0 0 0 0 0 0 0 0 0 0 0 0 0 0 0 0 0 0 0 0 0 0 0 0 0 0 0 0 0 0 0 0 0 0 0 0 0 0 0 0 0 0 0 0 0 0 0 0 0 0 0 0 0 1 0 0 0 0 0 0 0 0 0 0 0 0 0 0 0 0 0 0]
[3539092198118586374400640706661509789782126141122910929543832092309374946718265529709133429477639523569783995948964630010613345850523666090969486549537924409564222258493634318970335129340036720847168538191780331172093834591644261804066835875 0 0 0 0 0 0 0 0 0 0 0 0 0 0 0 0 0 0 0 0 0 0 0 0 0 0 0 0 0 0 0 0 0 0 0 0 0 0 0 0 0 0 0 0 0 0 0 0 0 0 0 0 0 0 0 0 0 0 0 0 0 1 0 0 0 0 0 0 0 0 0 0 0 0 0 0 0 0 0]
[3278502835043217504140006923940500653244853105856509709739832517239673971904508643961946140946223804611099073374697670582948584702169257738034760884705392241004495734453435840679350438734219349783941177921684350260696857783093170204793831571 0 0 0 0 0 0 0 0 0 0 0 0 0 0 0 0 0 0 0 0 0 0 0 0 0 0 0 0 0 0 0 0 0 0 0 0 0 0 0 0 0 0 0 0 0 0 0 0 0 0 0 0 0 0 0 0 0 0 0 0 0 0 1 0 0 0 0 0 0 0 0 0 0 0 0 0 0 0 0]
[942251639333709111367472893130458216472282661302643333852899878999781630941387992130613431296136511902950262074929731154774841409436689448578008339896031761806335693290040112546487539203744314945080724625728602879325629527419805784621975740 0 0 0 0 0 0 0 0 0 0 0 0 0 0 0 0 0 0 0 0 0 0 0 0 0 0 0 0 0 0 0 0 0 0 0 0 0 0 0 0 0 0 0 0 0 0 0 0 0 0 0 0 0 0 0 0 0 0 0 0 0 0 0 1 0 0 0 0 0 0 0 0 0 0 0 0 0 0 0]
[1120975250884294004760210244187386119585927565585472865273821379259133991130174860330751470386401077969825511404077260263546433169166021006134258748027403747528862986101186504455007864608182982441833900333952906156512374139179653561139217207 0 0 0 0 0 0 0 0 0 0 0 0 0 0 0 0 0 0 0 0 0 0 0 0 0 0 0 0 0 0 0 0 0 0 0 0 0 0 0 0 0 0 0 0 0 0 0 0 0 0 0 0 0 0 0 0 0 0 0 0 0 0 0 0 1 0 0 0 0 0 0 0 0 0 0 0 0 0 0]
[146960831779583959074344775168361191163886573362024677806210340241102133686463052268451018127866970333450671346240256623019821655210508709515788678715835450754520116968186706451366770411010430520105679787921622716109539553825319777968133689 0 0 0 0 0 0 0 0 0 0 0 0 0 0 0 0 0 0 0 0 0 0 0 0 0 0 0 0 0 0 0 0 0 0 0 0 0 0 0 0 0 0 0 0 0 0 0 0 0 0 0 0 0 0 0 0 0 0 0 0 0 0 0 0 0 1 0 0 0 0 0 0 0 0 0 0 0 0 0]
[3464542932509640195436927156703139981968336309552981241738434930801033837910435911790437854868642907936111715215083646566261076232584278940388213909615108299288783304790800231012031579437258259753307398524204200112825882098733541014776147051 0 0 0 0 0 0 0 0 0 0 0 0 0 0 0 0 0 0 0 0 0 0 0 0 0 0 0 0 0 0 0 0 0 0 0 0 0 0 0 0 0 0 0 0 0 0 0 0 0 0 0 0 0 0 0 0 0 0 0 0 0 0 0 0 0 0 1 0 0 0 0 0 0 0 0 0 0 0 0]
[2441810454120360918097765669064969171771874400506035970946527340531284882006280264783143899267235143473529027085359370186520196650064393470535457657214473848591853654018775895986872075999946331355753555336181517705186183223801663257834487571 0 0 0 0 0 0 0 0 0 0 0 0 0 0 0 0 0 0 0 0 0 0 0 0 0 0 0 0 0 0 0 0 0 0 0 0 0 0 0 0 0 0 0 0 0 0 0 0 0 0 0 0 0 0 0 0 0 0 0 0 0 0 0 0 0 0 0 1 0 0 0 0 0 0 0 0 0 0 0]
[1130670660919102946229449529790637592429348030193210558641718605439787481164444679073489551941162085613105236515876189054628487327201415302657038943899482409331371057396039610521199617837780005160184224112489567575425491089985836347503164250 0 0 0 0 0 0 0 0 0 0 0 0 0 0 0 0 0 0 0 0 0 0 0 0 0 0 0 0 0 0 0 0 0 0 0 0 0 0 0 0 0 0 0 0 0 0 0 0 0 0 0 0 0 0 0 0 0 0 0 0 0 0 0 0 0 0 0 0 1 0 0 0 0 0 0 0 0 0 0]
[451626195532133585990339904077927385003207352791033839176486291057453716370336640661619243461052851632294269585773052391388788691847446886814618395894618416872361769387850833332661916193141945480552555271955436138746041086677713147711935534 0 0 0 0 0 0 0 0 0 0 0 0 0 0 0 0 0 0 0 0 0 0 0 0 0 0 0 0 0 0 0 0 0 0 0 0 0 0 0 0 0 0 0 0 0 0 0 0 0 0 0 0 0 0 0 0 0 0 0 0 0 0 0 0 0 0 0 0 0 1 0 0 0 0 0 0 0 0 0]
[2998201212362418522343891109504097046827240118256098993944454540865979416558044844836195735589624785602301822898986133187935928939587171987780129498265607460478726695544316484869794049652367602887626380795389774337639886882879601658080226298 0 0 0 0 0 0 0 0 0 0 0 0 0 0 0 0 0 0 0 0 0 0 0 0 0 0 0 0 0 0 0 0 0 0 0 0 0 0 0 0 0 0 0 0 0 0 0 0 0 0 0 0 0 0 0 0 0 0 0 0 0 0 0 0 0 0 0 0 0 0 1 0 0 0 0 0 0 0 0]
[3515112269306227422469304430149188923070944097834302484986658017509740823322216420991670434707687257936929176940292032244589718870526214727105919655323913402839816479511602497440681094510076124662006751345941497611246756506091080164961213136 0 0 0 0 0 0 0 0 0 0 0 0 0 0 0 0 0 0 0 0 0 0 0 0 0 0 0 0 0 0 0 0 0 0 0 0 0 0 0 0 0 0 0 0 0 0 0 0 0 0 0 0 0 0 0 0 0 0 0 0 0 0 0 0 0 0 0 0 0 0 0 1 0 0 0 0 0 0 0]
[3045770072551106324200213826036030967075533440274011624850019497852183939793957137465991005432182039980650771296018266176912161827156056670772525505678756601558507010471291464200519684340358301461647222183500413322279389660099133289932432434 0 0 0 0 0 0 0 0 0 0 0 0 0 0 0 0 0 0 0 0 0 0 0 0 0 0 0 0 0 0 0 0 0 0 0 0 0 0 0 0 0 0 0 0 0 0 0 0 0 0 0 0 0 0 0 0 0 0 0 0 0 0 0 0 0 0 0 0 0 0 0 0 1 0 0 0 0 0 0]
[1191905361029269999787136657947746744968775446662731431819187060484546223310133405714069403885976016791461748100568257790010310610842053498508598613333500404767368694752638931550942118378614063634501522712950492864858897795870624190318012498 0 0 0 0 0 0 0 0 0 0 0 0 0 0 0 0 0 0 0 0 0 0 0 0 0 0 0 0 0 0 0 0 0 0 0 0 0 0 0 0 0 0 0 0 0 0 0 0 0 0 0 0 0 0 0 0 0 0 0 0 0 0 0 0 0 0 0 0 0 0 0 0 0 1 0 0 0 0 0]
[981476553086954369630523917656589776764753320051414120356729415452167343470654521971800995647804507676330754299576606556032127107792696212349647662805719959211253969818139123550286908338958949169990331097060784042455311742137690936602726292 0 0 0 0 0 0 0 0 0 0 0 0 0 0 0 0 0 0 0 0 0 0 0 0 0 0 0 0 0 0 0 0 0 0 0 0 0 0 0 0 0 0 0 0 0 0 0 0 0 0 0 0 0 0 0 0 0 0 0 0 0 0 0 0 0 0 0 0 0 0 0 0 0 0 1 0 0 0 0]
[111110063176400939712073889161788276482132278318975833644545843027660883814729392678753968530130244434648474535062592835989653685366253675045893820284923924111001303444901638528643086953083771176474935008560080374485938034957471911346253886 0 0 0 0 0 0 0 0 0 0 0 0 0 0 0 0 0 0 0 0 0 0 0 0 0 0 0 0 0 0 0 0 0 0 0 0 0 0 0 0 0 0 0 0 0 0 0 0 0 0 0 0 0 0 0 0 0 0 0 0 0 0 0 0 0 0 0 0 0 0 0 0 0 0 0 1 0 0 0]
[3559978904300478418576566881205258225310847631719897264375719468041609772427752125876881653408240859348315232744208665572115708456907352916203137997722457204425398362084155456245990463449911221606379716490906734043459719177345939620977784481 0 0 0 0 0 0 0 0 0 0 0 0 0 0 0 0 0 0 0 0 0 0 0 0 0 0 0 0 0 0 0 0 0 0 0 0 0 0 0 0 0 0 0 0 0 0 0 0 0 0 0 0 0 0 0 0 0 0 0 0 0 0 0 0 0 0 0 0 0 0 0 0 0 0 0 0 1 0 0]
[3610949951245724998789140558573101822898463962246026965094150466100336115747159255556861444365546378654985162997034960262604976038444930648221205352575716324344179359506650772199811526060385299003930916690042880698172948509553197068759070229 0 0 0 0 0 0 0 0 0 0 0 0 0 0 0 0 0 0 0 0 0 0 0 0 0 0 0 0 0 0 0 0 0 0 0 0 0 0 0 0 0 0 0 0 0 0 0 0 0 0 0 0 0 0 0 0 0 0 0 0 0 0 0 0 0 0 0 0 0 0 0 0 0 0 0 0 0 1 0]
[624365225757676251703608286196948334133570751600316562679463283654321722951980549056680406164459655053460849971916887972920903794837275181891207463603723373408496209005869375711226132485530931299477956133957086209208377952513022684693226022 0 0 0 0 0 0 0 0 0 0 0 0 0 0 0 0 0 0 0 0 0 0 0 0 0 0 0 0 0 0 0 0 0 0 0 0 0 0 0 0 0 0 0 0 0 0 0 0 0 0 0 0 0 0 0 0 0 0 0 0 0 0 0 0 0 0 0 0 0 0 0 0 0 0 0 0 0 0 1]
]
