[[4305016167190388199652581651533862056192934360356552704234504520276843594768297691119855391848564499989373647823149962893113507966939199104405875888398165027430317456781444004521856442989761887519393951340776095968391715157723558979704985027 0 0 0 0 0 0 0 0 0 0 0 0 0 0 0 0 0 0 0 0 0 0 0 0 0 0 0 0 0 0 0 0 0 0 0 0 0 0 0 0 0 0 0 0 0 0 0 0 0 0 0 0 0 0 0 0 0 0 0 0 0 0 0 0 0 0 0 0 0 0 0 0 0 0 0 0 0 0 0]
[2164255664650114427092366474080170940464815988175046057274997847402114728060490040597642143329994666545990548287152748324722332384994092687414948200599786345266998535301442332085498652917809290769711709144499258714435992935300769080416239601 1 0 0 0 0 0 0 0 0 0 0 0 0 0 0 0 0 0 0 0 0 0 0 0 0 0 0 0 0 0 0 0 0 0 0 0 0 0 0 0 0 0 0 0 0 0 0 0 0 0 0 0 0 0 0 0 0 0 0 0 0 0 0 0 0 0 0 0 0 0 0 0 0 0 0 0 0 0 0]
[938314188314042034075034080615298742148249154475822174343737693414675781902933410937031507854989899085807055787052766562791747882585528879691225349036526764232406383891713182832924825847130198266949907177170238303473925178251694812284264536 0 1 0 0 0 0 0 0 0 0 0 0 0 0 0 0 0 0 0 0 0 0 0 0 0 0 0 0 0 0 0 0 0 0 0 0 0 0 0 0 0 0 0 0 0 0 0 0 0 0 0 0 0 0 0 0 0 0 0 0 0 0 0 0 0 0 0 0 0 0 0 0 0 0 0 0 0 0 0]
[3956693367366989859542797979534891180872956063986499014243797141125246577038160075164279599470338628903515022984931035057486765650773131779213710546502186989710249064266979321049105459430033434286553660778027244203751723825958383336142382202 0 0 1 0 0 0 0 0 0 0 0 0 0 0 0 0 0 0 0 0 0 0 0 0 0 0 0 0 0 0 0 0 0 0 0 0 0 0 0 0 0 0 0 0 0 0 0 0 0 0 0 0 0 0 0 0 0 0 0 0 0 0 0 0 0 0 0 0 0 0 0 0 0 0 0 0 0 0 0]
[1481935748399860437446971614606087399120444214261921525754895642742301413093950654014794003176445086503035222648098401261697886974360935205374410110713472257860530817244047046302377954914103056736475110393412262331281587281700532379744769264 0 0 0 1 0 0 0 0 0 0 0 0 0 0 0 0 0 0 0 0 0 0 0 0 0 0 0 0 0 0 0 0 0 0 0 0 0 0 0 0 0 0 0 0 0 0 0 0 0 0 0 0 0 0 0 0 0 0 0 0 0 0 0 0 0 0 0 0 0 0 0 0 0 0 0 0 0 0 0]
[2925878486017455674521592070598781821646628363498402538031354971714577798797023828750726065215220596698702548326492231667110486125943134390604636807086844250416878522718295319201538757867724272413434607988406922805777382267076267282732965363 0 0 0 0 1 0 0 0 0 0 0 0 0 0 0 0 0 0 0 0 0 0 0 0 0 0 0 0 0 0 0 0 0 0 0 0 0 0 0 0 0 0 0 0 0 0 0 0 0 0 0 0 0 0 0 0 0 0 0 0 0 0 0 0 0 0 0 0 0 0 0 0 0 0 0 0 0 0 0]
[1269012360844888904437151317108481164247275694579379810649970824343780781455133208641428775856067856915544522541625960002986428777742239664178989447723492281984983658864659270829772932402687430963300931110229635819972226960798689978785586947 0 0 0 0 0 1 0 0 0 0 0 0 0 0 0 0 0 0 0 0 0 0 0 0 0 0 0 0 0 0 0 0 0 0 0 0 0 0 0 0 0 0 0 0 0 0 0 0 0 0 0 0 0 0 0 0 0 0 0 0 0 0 0 0 0 0 0 0 0 0 0 0 0 0 0 0 0 0 0]
[1584534503524570895362966361682094467156494326531286359291744447905649284375277778428814293802875727919766789574957484557128537324568310095734850716349320622412188435190360979556591084304183367451904969714923012798791519145299992549381903079 0 0 0 0 0 0 1 0 0 0 0 0 0 0 0 0 0 0 0 0 0 0 0 0 0 0 0 0 0 0 0 0 0 0 0 0 0 0 0 0 0 0 0 0 0 0 0 0 0 0 0 0 0 0 0 0 0 0 0 0 0 0 0 0 0 0 0 0 0 0 0 0 0 0 0 0 0 0 0]
[2584475583962861237325684825065050280726698154416276375505912373177242117896581835318393193402298504377958118171978199680309060154518784361604968634608264774246419457116925153683708539906569313400066204519387037111255970062506217425095994329 0 0 0 0 0 0 0 1 0 0 0 0 0 0 0 0 0 0 0 0 0 0 0 0 0 0 0 0 0 0 0 0 0 0 0 0 0 0 0 0 0 0 0 0 0 0 0 0 0 0 0 0 0 0 0 0 0 0 0 0 0 0 0 0 0 0 0 0 0 0 0 0 0 0 0 0 0 0 0]
[990641227075885770601431035865727434050550367513130691021417656996264636349361475112117739573480369699547628917925692772274171819197832412926552419297894595595484298170599465468796485811051983531212942133141511223189830209938395938686939975 0 0 0 0 0 0 0 0 1 0 0 0 0 0 0 0 0 0 0 0 0 0 0 0 0 0 0 0 0 0 0 0 0 0 0 0 0 0 0 0 0 0 0 0 0 0 0 0 0 0 0 0 0 0 0 0 0 0 0 0 0 0 0 0 0 0 0 0 0 0 0 0 0 0 0 0 0 0 0]
[2801057645861020482832791655539003389497057128552743589161428077589116535675282365278852173030645356170558442287686519761489680923605404797129147118475877810987290530662303575988702142457343157779989652400318351156688317208117741914626632759 0 0 0 0 0 0 0 0 0 1 0 0 0 0 0 0 0 0 0 0 0 0 0 0 0 0 0 0 0 0 0 0 0 0 0 0 0 0 0 0 0 0 0 0 0 0 0 0 0 0 0 0 0 0 0 0 0 0 0 0 0 0 0 0 0 0 0 0 0 0 0 0 0 0 0 0 0 0 0]
[2224586184951986857093704071621846708263498764996379346282631636504688037141710560759055485566919393008012780030237701594019199115243748485206027544405616401077939182930989770681227753917455015482358384893772258668797063486705356333137007204 0 0 0 0 0 0 0 0 0 0 1 0 0 0 0 0 0 0 0 0 0 0 0 0 0 0 0 0 0 0 0 0 0 0 0 0 0 0 0 0 0 0 0 0 0 0 0 0 0 0 0 0 0 0 0 0 0 0 0 0 0 0 0 0 0 0 0 0 0 0 0 0 0 0 0 0 0 0 0]
[1086408832511639825292555883892509854088312597441771852811163464491150196022713389204968097758494838007012207797925943368926997103356922823816214812616918082418644674141323380488274483119792078253861218408713734370282476870090920926251537318 0 0 0 0 0 0 0 0 0 0 0 1 0 0 0 0 0 0 0 0 0 0 0 0 0 0 0 0 0 0 0 0 0 0 0 0 0 0 0 0 0 0 0 0 0 0 0 0 0 0 0 0 0 0 0 0 0 0 0 0 0 0 0 0 0 0 0 0 0 0 0 0 0 0 0 0 0 0 0]
[658336887825511732414430097715451973131956825490785161541095602370915749502319665227295801461666308520667751373258177409480300428325414199869842484202431809969024844439946802846719733309088634584848145744945370178163125434111662416553988622 0 0 0 0 0 0 0 0 0 0 0 0 1 0 0 0 0 0 0 0 0 0 0 0 0 0 0 0 0 0 0 0 0 0 0 0 0 0 0 0 0 0 0 0 0 0 0 0 0 0 0 0 0 0 0 0 0 0 0 0 0 0 0 0 0 0 0 0 0 0 0 0 0 0 0 0 0 0 0]
[3708303980129694711451273786113144469689934666954364962481030763386668214968663268890120469702765332949146286125005596723526423091015463313368032040903885844440059118955331726932511192204128684869072289400988998911846616663074707061268447311 0 0 0 0 0 0 0 0 0 0 0 0 0 1 0 0 0 0 0 0 0 0 0 0 0 0 0 0 0 0 0 0 0 0 0 0 0 0 0 0 0 0 0 0 0 0 0 0 0 0 0 0 0 0 0 0 0 0 0 0 0 0 0 0 0 0 0 0 0 0 0 0 0 0 0 0 0 0 0]
[2213804236248681127587480076687239026268404702496987534225089940358186968830778155189924090588924115045033742779169067071229798137715579699289586468483787425831403923692022967903981451669560786834055160241372078347384718389040905786950985181 0 0 0 0 0 0 0 0 0 0 0 0 0 0 1 0 0 0 0 0 0 0 0 0 0 0 0 0 0 0 0 0 0 0 0 0 0 0 0 0 0 0 0 0 0 0 0 0 0 0 0 0 0 0 0 0 0 0 0 0 0 0 0 0 0 0 0 0 0 0 0 0 0 0 0 0 0 0 0]
[2954001562042125438354949874179183714168502654715216140366778900814877835951782704296699804501941267327258813448708578752471875511997414555774447377010883846190877108268646355261218512391729805074950632475452521496751791477869559690034563744 0 0 0 0 0 0 0 0 0 0 0 0 0 0 0 1 0 0 0 0 0 0 0 0 0 0 0 0 0 0 0 0 0 0 0 0 0 0 0 0 0 0 0 0 0 0 0 0 0 0 0 0 0 0 0 0 0 0 0 0 0 0 0 0 0 0 0 0 0 0 0 0 0 0 0 0 0 0 0]
[3989550714484168833291825427013998413752307199984575890323298217822698611009881355886552860470216273728789157953224204317600856798952390460919278431226442387639575889218313164468247190895815091749530398582776485625830624131787819423412697396 0 0 0 0 0 0 0 0 0 0 0 0 0 0 0 0 1 0 0 0 0 0 0 0 0 0 0 0 0 0 0 0 0 0 0 0 0 0 0 0 0 0 0 0 0 0 0 0 0 0 0 0 0 0 0 0 0 0 0 0 0 0 0 0 0 0 0 0 0 0 0 0 0 0 0 0 0 0 0]
[3969801507919913639164095862334559000537918797934889431360589392811891973985016735546316342356604894337203148534759183896716876914875790591961187158348710126908275853583622842296948623882568777535634371835342543758176505646289154286978848296 0 0 0 0 0 0 0 0 0 0 0 0 0 0 0 0 0 1 0 0 0 0 0 0 0 0 0 0 0 0 0 0 0 0 0 0 0 0 0 0 0 0 0 0 0 0 0 0 0 0 0 0 0 0 0 0 0 0 0 0 0 0 0 0 0 0 0 0 0 0 0 0 0 0 0 0 0 0 0]
[2827458347200761886965430408280092211910119716749934999570322082186119279244633784213675998658412484048588425167960399167041280373968956807479585640963185106290292564925079163904698687259298121187412964775653434453122491205592825265193858088 0 0 0 0 0 0 0 0 0 0 0 0 0 0 0 0 0 0 1 0 0 0 0 0 0 0 0 0 0 0 0 0 0 0 0 0 0 0 0 0 0 0 0 0 0 0 0 0 0 0 0 0 0 0 0 0 0 0 0 0 0 0 0 0 0 0 0 0 0 0 0 0 0 0 0 0 0 0 0]
[1991905299137049119693996641399809494583401251274564642056797077139284882391074560588216071262497727533396665319788828991658075740891370290624770344505982949875818979789114643573946561885823358928068824024237486862941222192058527457909616709 0 0 0 0 0 0 0 0 0 0 0 0 0 0 0 0 0 0 0 1 0 0 0 0 0 0 0 0 0 0 0 0 0 0 0 0 0 0 0 0 0 0 0 0 0 0 0 0 0 0 0 0 0 0 0 0 0 0 0 0 0 0 0 0 0 0 0 0 0 0 0 0 0 0 0 0 0 0 0]
[846059058009204481065580970922217604957190318020380500628096889324138234958327927519489784490346349903650983344027059791770123366215431968942399058878159300074424397935453680205729026378872936415004176710899635392729715841417489713433106786 0 0 0 0 0 0 0 0 0 0 0 0 0 0 0 0 0 0 0 0 1 0 0 0 0 0 0 0 0 0 0 0 0 0 0 0 0 0 0 0 0 0 0 0 0 0 0 0 0 0 0 0 0 0 0 0 0 0 0 0 0 0 0 0 0 0 0 0 0 0 0 0 0 0 0 0 0 0 0]
[3695146012799522161207504733165818956829302270559930737054390955001507249220949687161310126027613807265612856439888772266000176512373405153047226507419807598701398700009855355629774791756913240987760234558900643523108190479742910378766090887 0 0 0 0 0 0 0 0 0 0 0 0 0 0 0 0 0 0 0 0 0 1 0 0 0 0 0 0 0 0 0 0 0 0 0 0 0 0 0 0 0 0 0 0 0 0 0 0 0 0 0 0 0 0 0 0 0 0 0 0 0 0 0 0 0 0 0 0 0 0 0 0 0 0 0 0 0 0 0]
[930780597184779069840591948778683522982236825905834658990968283339823707247441014167633644859894767489609127424229710955950354545342787506749506133484245857681638049663256109543208482221456073618612090768294982219892551877829527100579001621 0 0 0 0 0 0 0 0 0 0 0 0 0 0 0 0 0 0 0 0 0 0 1 0 0 0 0 0 0 0 0 0 0 0 0 0 0 0 0 0 0 0 0 0 0 0 0 0 0 0 0 0 0 0 0 0 0 0 0 0 0 0 0 0 0 0 0 0 0 0 0 0 0 0 0 0 0 0 0]
[3647389199271976923609121629763079942036654679787306660317800766744109783511031108306831434231153828806077731533771080949116961528284312504426103765235803069628237011744171274781922212943434510579823817796533303110095040366195576435518094419 0 0 0 0 0 0 0 0 0 0 0 0 0 0 0 0 0 0 0 0 0 0 0 1 0 0 0 0 0 0 0 0 0 0 0 0 0 0 0 0 0 0 0 0 0 0 0 0 0 0 0 0 0 0 0 0 0 0 0 0 0 0 0 0 0 0 0 0 0 0 0 0 0 0 0 0 0 0 0]
[773932779447066706681119613170370337421434383641632257088738319065535762934077696155775528754584016069016677387135059416954302555852576917393310226092281700130783194835037963710453760234327699431243828352167082772788945324802595564546740115 0 0 0 0 0 0 0 0 0 0 0 0 0 0 0 0 0 0 0 0 0 0 0 0 1 0 0 0 0 0 0 0 0 0 0 0 0 0 0 0 0 0 0 0 0 0 0 0 0 0 0 0 0 0 0 0 0 0 0 0 0 0 0 0 0 0 0 0 0 0 0 0 0 0 0 0 0 0 0]
[3375570377688356236055585765134556605374817193149908396709475614398572667290822767337118527628846700592438619193515192398354961141366946861258519445462992912025312149163979055419716173504173025197285824807094517909940848676281305093135082595 0 0 0 0 0 0 0 0 0 0 0 0 0 0 0 0 0 0 0 0 0 0 0 0 0 1 0 0 0 0 0 0 0 0 0 0 0 0 0 0 0 0 0 0 0 0 0 0 0 0 0 0 0 0 0 0 0 0 0 0 0 0 0 0 0 0 0 0 0 0 0 0 0 0 0 0 0 0 0]
[2326285306323817039725281070416726227958105544485094763789038233255426057745009524035684961308430147438510613418299266436084971131224079274506293570006593871594496029661333436778278870116804480373839593463654920899359477494319136312620291132 0 0 0 0 0 0 0 0 0 0 0 0 0 0 0 0 0 0 0 0 0 0 0 0 0 0 1 0 0 0 0 0 0 0 0 0 0 0 0 0 0 0 0 0 0 0 0 0 0 0 0 0 0 0 0 0 0 0 0 0 0 0 0 0 0 0 0 0 0 0 0 0 0 0 0 0 0 0 0]
[3530290011626321804533340496474742434198989298089953281291359100317724202196513470316014907448817885677681980326237442257091042332383177004489828603498563996960225392529704949067897886388946868198602053498433190881979830691377624326285107908 0 0 0 0 0 0 0 0 0 0 0 0 0 0 0 0 0 0 0 0 0 0 0 0 0 0 0 1 0 0 0 0 0 0 0 0 0 0 0 0 0 0 0 0 0 0 0 0 0 0 0 0 0 0 0 0 0 0 0 0 0 0 0 0 0 0 0 0 0 0 0 0 0 0 0 0 0 0 0]
[2844887097555990959627850474035619192686422314144638872992641329915943961983323441241750362527075371616194060299924930817258083017412213083230516324373030198003956780706592083832208005133946583361295159826032984698465379183201701035642269815 0 0 0 0 0 0 0 0 0 0 0 0 0 0 0 0 0 0 0 0 0 0 0 0 0 0 0 0 1 0 0 0 0 0 0 0 0 0 0 0 0 0 0 0 0 0 0 0 0 0 0 0 0 0 0 0 0 0 0 0 0 0 0 0 0 0 0 0 0 0 0 0 0 0 0 0 0 0 0]
[3471498524679262688352078227950875802326718343999106232043807683992269722608045835965991207111830916829174463823177004567559118977430673689833816501726681862892450352704012625593209962660202215651420597382674837828661486818855478373604227708 0 0 0 0 0 0 0 0 0 0 0 0 0 0 0 0 0 0 0 0 0 0 0 0 0 0 0 0 0 1 0 0 0 0 0 0 0 0 0 0 0 0 0 0 0 0 0 0 0 0 0 0 0 0 0 0 0 0 0 0 0 0 0 0 0 0 0 0 0 0 0 0 0 0 0 0 0 0 0]
[3666626401162062071427105176366675740584058449224023719237050656984907630784039164744028873719445094079876781021153857625936859889386549761231225753092881267456749508850983167337255721941670828376257354151819290223042778095215362122177617996 0 0 0 0 0 0 0 0 0 0 0 0 0 0 0 0 0 0 0 0 0 0 0 0 0 0 0 0 0 0 1 0 0 0 0 0 0 0 0 0 0 0 0 0 0 0 0 0 0 0 0 0 0 0 0 0 0 0 0 0 0 0 0 0 0 0 0 0 0 0 0 0 0 0 0 0 0 0 0]
[2075967054924197566511783577814677433366041388942303687887330795574230227235236317266028479735624091309105327450798926554379933840052744424926314581590608586214852301636314118121537003123963838904810834554524696163659915187561435691023323947 0 0 0 0 0 0 0 0 0 0 0 0 0 0 0 0 0 0 0 0 0 0 0 0 0 0 0 0 0 0 0 1 0 0 0 0 0 0 0 0 0 0 0 0 0 0 0 0 0 0 0 0 0 0 0 0 0 0 0 0 0 0 0 0 0 0 0 0 0 0 0 0 0 0 0 0 0 0 0]
[2783878101688747753970652637543245326909001809528880375464036956527556884837993193232276524984657698250652374848926024391273784706869439513056395185675374576309172013865561531052015909224836965621768618782944762574511150305017841370875566964 0 0 0 0 0 0 0 0 0 0 0 0 0 0 0 0 0 0 0 0 0 0 0 0 0 0 0 0 0 0 0 0 1 0 0 0 0 0 0 0 0 0 0 0 0 0 0 0 0 0 0 0 0 0 0 0 0 0 0 0 0 0 0 0 0 0 0 0 0 0 0 0 0 0 0 0 0 0 0]
[4079187097388631648191593306553728405180023985286134648183830174252085170120763022532252584809987758041658801799237703352167702272344861051117445672561422284861025635273279671111675296250470062341456377325534807669654214176889731462618057729 0 0 0 0 0 0 0 0 0 0 0 0 0 0 0 0 0 0 0 0 0 0 0 0 0 0 0 0 0 0 0 0 0 1 0 0 0 0 0 0 0 0 0 0 0 0 0 0 0 0 0 0 0 0 0 0 0 0 0 0 0 0 0 0 0 0 0 0 0 0 0 0 0 0 0 0 0 0 0]
[1570974595832070011449614198126293329066164894945910563888260047108585461970487840313631774861690292445919217442202510059989234944032630435276984595694841460511490850866715829565428330540392092612130776303525345518086608285324289645527504076 0 0 0 0 0 0 0 0 0 0 0 0 0 0 0 0 0 0 0 0 0 0 0 0 0 0 0 0 0 0 0 0 0 0 1 0 0 0 0 0 0 0 0 0 0 0 0 0 0 0 0 0 0 0 0 0 0 0 0 0 0 0 0 0 0 0 0 0 0 0 0 0 0 0 0 0 0 0 0]
[1454654411510852379310614807009440148096051503171959462097528952894374539366431895873369615467028424985903511751845606496270594226078089680994983746102864585032752373015226303644123759129058920823379745932196911202303912393409126109182779376 0 0 0 0 0 0 0 0 0 0 0 0 0 0 0 0 0 0 0 0 0 0 0 0 0 0 0 0 0 0 0 0 0 0 0 1 0 0 0 0 0 0 0 0 0 0 0 0 0 0 0 0 0 0 0 0 0 0 0 0 0 0 0 0 0 0 0 0 0 0 0 0 0 0 0 0 0 0 0]
[39153751678091196173826412850316371444930779874882029912333723831291320282093099281924121563240665321535038011092971889096075175993403413275057866283763011892211634384365509196895364156487267267356346108503836980415912309255990925942131797 0 0 0 0 0 0 0 0 0 0 0 0 0 0 0 0 0 0 0 0 0 0 0 0 0 0 0 0 0 0 0 0 0 0 0 0 1 0 0 0 0 0 0 0 0 0 0 0 0 0 0 0 0 0 0 0 0 0 0 0 0 0 0 0 0 0 0 0 0 0 0 0 0 0 0 0 0 0 0]
[650483070021305602320615095105250834423835642744417275859893326946288143306772685913244950338260735831243583313481587338613873943535630186373968039476792293472484475448774531711249905229556473294359547308611849146655198043685318100947403102 0 0 0 0 0 0 0 0 0 0 0 0 0 0 0 0 0 0 0 0 0 0 0 0 0 0 0 0 0 0 0 0 0 0 0 0 0 1 0 0 0 0 0 0 0 0 0 0 0 0 0 0 0 0 0 0 0 0 0 0 0 0 0 0 0 0 0 0 0 0 0 0 0 0 0 0 0 0 0]
[1032745414578061403625279419901065586328265944287691432316064786178841702068693534087812248188212703876560358679599743712791573997618183513210822620296064235834987981364730834765522913438276178162620892274360281034918987589191195180500453468 0 0 0 0 0 0 0 0 0 0 0 0 0 0 0 0 0 0 0 0 0 0 0 0 0 0 0 0 0 0 0 0 0 0 0 0 0 0 1 0 0 0 0 0 0 0 0 0 0 0 0 0 0 0 0 0 0 0 0 0 0 0 0 0 0 0 0 0 0 0 0 0 0 0 0 0 0 0 0]
[3520426810692763184305056987009764016258036025248183342782085369290923007978039150019686286126621698283677085643038357276393626155630524382101106945070783532628047613933651173846406710891123144423427685525785432552971487446614601923797130330 0 0 0 0 0 0 0 0 0 0 0 0 0 0 0 0 0 0 0 0 0 0 0 0 0 0 0 0 0 0 0 0 0 0 0 0 0 0 0 1 0 0 0 0 0 0 0 0 0 0 0 0 0 0 0 0 0 0 0 0 0 0 0 0 0 0 0 0 0 0 0 0 0 0 0 0 0 0 0]
[1980953087366298247083732010598823199628770932661991431987689960517980782945297325711442332602863905451668156080258607273735393458517279719255957127641499634164931859433425672495600618121667142357126207131276179715814147975044710635989189294 0 0 0 0 0 0 0 0 0 0 0 0 0 0 0 0 0 0 0 0 0 0 0 0 0 0 0 0 0 0 0 0 0 0 0 0 0 0 0 0 1 0 0 0 0 0 0 0 0 0 0 0 0 0 0 0 0 0 0 0 0 0 0 0 0 0 0 0 0 0 0 0 0 0 0 0 0 0 0]
[3725399595734594197077285569599900620074024464389894443295535738412280721844425151236966848503565337569782411292780196617590662347842261001283134059858392955848047402324372828121991763185974048305092254912900556113558743552163674566505889210 0 0 0 0 0 0 0 0 0 0 0 0 0 0 0 0 0 0 0 0 0 0 0 0 0 0 0 0 0 0 0 0 0 0 0 0 0 0 0 0 0 1 0 0 0 0 0 0 0 0 0 0 0 0 0 0 0 0 0 0 0 0 0 0 0 0 0 0 0 0 0 0 0 0 0 0 0 0 0]
[1588502499911765372914856630331265027669060494329012103323314813843646465152466175461608854684523590286990398794926875893864224440932103929161620627051716762455274848353459149934198351468760061953396018822224990208988648296135567195669556520 0 0 0 0 0 0 0 0 0 0 0 0 0 0 0 0 0 0 0 0 0 0 0 0 0 0 0 0 0 0 0 0 0 0 0 0 0 0 0 0 0 0 1 0 0 0 0 0 0 0 0 0 0 0 0 0 0 0 0 0 0 0 0 0 0 0 0 0 0 0 0 0 0 0 0 0 0 0 0]
[1205534622134637783096702326859122400566448880521648053908171722811746966514407165292048949057324614309660071819013710976202284450815587893879044845163391304556346700051775140223386122701875914472496083044857369858969676844785145784717988309 0 0 0 0 0 0 0 0 0 0 0 0 0 0 0 0 0 0 0 0 0 0 0 0 0 0 0 0 0 0 0 0 0 0 0 0 0 0 0 0 0 0 0 1 0 0 0 0 0 0 0 0 0 0 0 0 0 0 0 0 0 0 0 0 0 0 0 0 0 0 0 0 0 0 0 0 0 0 0]
[380872185339612130271826584234200237248456035566890473168829327644733035651443358752076578323449503658241840995835887243703993699363679939132164235090682245373714844734164112160823912383470225206385915670567542832585685373133902338604223659 0 0 0 0 0 0 0 0 0 0 0 0 0 0 0 0 0 0 0 0 0 0 0 0 0 0 0 0 0 0 0 0 0 0 0 0 0 0 0 0 0 0 0 0 1 0 0 0 0 0 0 0 0 0 0 0 0 0 0 0 0 0 0 0 0 0 0 0 0 0 0 0 0 0 0 0 0 0 0]
[2536385762480437127019569722001301878559969633079531018546845512001641308368520338803256050357294120796301801148478027672835768588274828484776921211949080195681331001577772386977337449586373656824189672216162133043676491939611915178006727260 0 0 0 0 0 0 0 0 0 0 0 0 0 0 0 0 0 0 0 0 0 0 0 0 0 0 0 0 0 0 0 0 0 0 0 0 0 0 0 0 0 0 0 0 0 1 0 0 0 0 0 0 0 0 0 0 0 0 0 0 0 0 0 0 0 0 0 0 0 0 0 0 0 0 0 0 0 0 0]
[314636920934851623597325262640631681786949421983232268993930326004652060306618083329808639365024995773561472488257938633400954678803090832424202751322399069826148363477421000722741965684993009386098942009707254374214198753407878338821047751 0 0 0 0 0 0 0 0 0 0 0 0 0 0 0 0 0 0 0 0 0 0 0 0 0 0 0 0 0 0 0 0 0 0 0 0 0 0 0 0 0 0 0 0 0 0 1 0 0 0 0 0 0 0 0 0 0 0 0 0 0 0 0 0 0 0 0 0 0 0 0 0 0 0 0 0 0 0 0]
[810412201726536116080745913845480974500279992506753196254921885305790463989842645609447950785673099681492116743802750553354728151813474845630289278122327081417731287063868833154105934856535035687441061813326366870626359431544610794455262317 0 0 0 0 0 0 0 0 0 0 0 0 0 0 0 0 0 0 0 0 0 0 0 0 0 0 0 0 0 0 0 0 0 0 0 0 0 0 0 0 0 0 0 0 0 0 0 1 0 0 0 0 0 0 0 0 0 0 0 0 0 0 0 0 0 0 0 0 0 0 0 0 0 0 0 0 0 0 0]
[239801649852071433732926260363359916616855408400956438811669839990902201105912340623326221721381891161389043543852488999460763276829044463985297118403960025694259013134807571304712539011250234929371489688008641107093270206965824707122477981 0 0 0 0 0 0 0 0 0 0 0 0 0 0 0 0 0 0 0 0 0 0 0 0 0 0 0 0 0 0 0 0 0 0 0 0 0 0 0 0 0 0 0 0 0 0 0 0 1 0 0 0 0 0 0 0 0 0 0 0 0 0 0 0 0 0 0 0 0 0 0 0 0 0 0 0 0 0 0]
[1846256063005467030958084778011628467622756646614110170178437454096042985742580258179834338663599944084211881909941192787570262552708708167974104383245781865078964963852815788500459665825352904964222077759570973452329023970511074398158738025 0 0 0 0 0 0 0 0 0 0 0 0 0 0 0 0 0 0 0 0 0 0 0 0 0 0 0 0 0 0 0 0 0 0 0 0 0 0 0 0 0 0 0 0 0 0 0 0 0 1 0 0 0 0 0 0 0 0 0 0 0 0 0 0 0 0 0 0 0 0 0 0 0 0 0 0 0 0 0]
[2543043926175539639745492366198796127727781173740366816670440556348445264292828014746631292656366488205047642048289471836385301474608898330244941487385471811484912905822459980993584845733795922368888099872194294874803089262232023706120340588 0 0 0 0 0 0 0 0 0 0 0 0 0 0 0 0 0 0 0 0 0 0 0 0 0 0 0 0 0 0 0 0 0 0 0 0 0 0 0 0 0 0 0 0 0 0 0 0 0 0 1 0 0 0 0 0 0 0 0 0 0 0 0 0 0 0 0 0 0 0 0 0 0 0 0 0 0 0 0]
[911127088069467962413613439238577129757795539137967957360964327222851839679553690941646196578258513602825755633977259589779217739769686867097932488297485804929345415087730338289974440014719347729323059943282722559549682273302300065159457050 0 0 0 0 0 0 0 0 0 0 0 0 0 0 0 0 0 0 0 0 0 0 0 0 0 0 0 0 0 0 0 0 0 0 0 0 0 0 0 0 0 0 0 0 0 0 0 0 0 0 0 1 0 0 0 0 0 0 0 0 0 0 0 0 0 0 0 0 0 0 0 0 0 0 0 0 0 0 0]
[3357044011346814637893936580038885186763016642494129352718971700943174464674361961967396006993390131644900217531085474381315806965994219567956739051024474607238633164764926936716462509135962065116905132144880746098074691050212971574964192204 0 0 0 0 0 0 0 0 0 0 0 0 0 0 0 0 0 0 0 0 0 0 0 0 0 0 0 0 0 0 0 0 0 0 0 0 0 0 0 0 0 0 0 0 0 0 0 0 0 0 0 0 1 0 0 0 0 0 0 0 0 0 0 0 0 0 0 0 0 0 0 0 0 0 0 0 0 0 0]
[3244956527587226777270650054291775173031050181507011411040153108638885932941332989285828206396631689184691004704757109183566002526008192431719528588310048229048722985850720810533185444330474929822752301534518532318457658301150518746169335063 0 0 0 0 0 0 0 0 0 0 0 0 0 0 0 0 0 0 0 0 0 0 0 0 0 0 0 0 0 0 0 0 0 0 0 0 0 0 0 0 0 0 0 0 0 0 0 0 0 0 0 0 0 1 0 0 0 0 0 0 0 0 0 0 0 0 0 0 0 0 0 0 0 0 0 0 0 0 0]
[4038601601870672132269170498137099488721571875464331888768495140005274965065390610575382674380654352175707495859884247567367344364438721301792355756598905870626226848169099175807097672191623811544203833330466430076002719783512173766360395240 0 0 0 0 0 0 0 0 0 0 0 0 0 0 0 0 0 0 0 0 0 0 0 0 0 0 0 0 0 0 0 0 0 0 0 0 0 0 0 0 0 0 0 0 0 0 0 0 0 0 0 0 0 0 1 0 0 0 0 0 0 0 0 0 0 0 0 0 0 0 0 0 0 0 0 0 0 0 0]
[623539373601208894086213208668450125996564908726019157854782746754193251529832698134913954883276760994414783094546254622605144621339320810893014903539767221467949927330263757788947316368103410210105551614628597489096687226502106614363082444 0 0 0 0 0 0 0 0 0 0 0 0 0 0 0 0 0 0 0 0 0 0 0 0 0 0 0 0 0 0 0 0 0 0 0 0 0 0 0 0 0 0 0 0 0 0 0 0 0 0 0 0 0 0 0 1 0 0 0 0 0 0 0 0 0 0 0 0 0 0 0 0 0 0 0 0 0 0 0]
[1179316132404522899209259755752457898415462312680155018571367829295157285026599053757069476680909334084196295965907071896562857883625925491805188155432664009908995022570454707482951882973420018524298647244289203413442026302943652248627964385 0 0 0 0 0 0 0 0 0 0 0 0 0 0 0 0 0 0 0 0 0 0 0 0 0 0 0 0 0 0 0 0 0 0 0 0 0 0 0 0 0 0 0 0 0 0 0 0 0 0 0 0 0 0 0 0 1 0 0 0 0 0 0 0 0 0 0 0 0 0 0 0 0 0 0 0 0 0 0]
[790402448581277025871883195426454016998854516483157302685309498699903584060029748573128166580158207948588291879128477670202939885179427694040562688548868521325898123744484992892519488910656522299987547811016624572669186538629874270523655107 0 0 0 0 0 0 0 0 0 0 0 0 0 0 0 0 0 0 0 0 0 0 0 0 0 0 0 0 0 0 0 0 0 0 0 0 0 0 0 0 0 0 0 0 0 0 0 0 0 0 0 0 0 0 0 0 0 1 0 0 0 0 0 0 0 0 0 0 0 0 0 0 0 0 0 0 0 0 0]
[2961243307840342107519095493906379392757007561251047834284123404975316294502404915209295805281213148054309638695640598673499564423206906120791656413632306674052410481886892538047503928910088280491616837750291599574706712768609854721668056936 0 0 0 0 0 0 0 0 0 0 0 0 0 0 0 0 0 0 0 0 0 0 0 0 0 0 0 0 0 0 0 0 0 0 0 0 0 0 0 0 0 0 0 0 0 0 0 0 0 0 0 0 0 0 0 0 0 0 1 0 0 0 0 0 0 0 0 0 0 0 0 0 0 0 0 0 0 0 0]
[2332335066399235614639526027931562073986763671671969636488194156706500883373760768146755270903678545235450196051704542346278077423784822207392218030559151525454651327869772845032609965653736362568378823855824948872736910146000220859866676815 0 0 0 0 0 0 0 0 0 0 0 0 0 0 0 0 0 0 0 0 0 0 0 0 0 0 0 0 0 0 0 0 0 0 0 0 0 0 0 0 0 0 0 0 0 0 0 0 0 0 0 0 0 0 0 0 0 0 0 1 0 0 0 0 0 0 0 0 0 0 0 0 0 0 0 0 0 0 0]
[3985509443502991145977197565654480584512798618655282533631904592016952940128384031177415621674327906820735180267649188419582797593348108287672167564811086896443071166796518304025616540111192943404393702733085289602735715623677311477999835942 0 0 0 0 0 0 0 0 0 0 0 0 0 0 0 0 0 0 0 0 0 0 0 0 0 0 0 0 0 0 0 0 0 0 0 0 0 0 0 0 0 0 0 0 0 0 0 0 0 0 0 0 0 0 0 0 0 0 0 0 1 0 0 0 0 0 0 0 0 0 0 0 0 0 0 0 0 0 0]
[101285834807927191242869471576853578849245029600927654098649187394809129205352504026163043486953438912497863899984121190450438173280548796485671673755764845123328668594426575692388005714212890575784590542581053778149922054154823720431043195 0 0 0 0 0 0 0 0 0 0 0 0 0 0 0 0 0 0 0 0 0 0 0 0 0 0 0 0 0 0 0 0 0 0 0 0 0 0 0 0 0 0 0 0 0 0 0 0 0 0 0 0 0 0 0 0 0 0 0 0 0 1 0 0 0 0 0 0 0 0 0 0 0 0 0 0 0 0 0]
[2242470462370522552111820149907611137895639650284870307382619275173185366012199127281332085930894110447177797420037775692909977460431274560130865059545050503739246628057177029100049404626455837095101889014727531516197196652593888269604036527 0 0 0 0 0 0 0 0 0 0 0 0 0 0 0 0 0 0 0 0 0 0 0 0 0 0 0 0 0 0 0 0 0 0 0 0 0 0 0 0 0 0 0 0 0 0 0 0 0 0 0 0 0 0 0 0 0 0 0 0 0 0 1 0 0 0 0 0 0 0 0 0 0 0 0 0 0 0 0]
[2204996015217541248632820821752514228989947429449599203755823006525470101528339179176369207272579520208279405450570021853189051089103986523050588262979677652580277884949498455964423799509283014334315617140469375826164605603915112479035430147 0 0 0 0 0 0 0 0 0 0 0 0 0 0 0 0 0 0 0 0 0 0 0 0 0 0 0 0 0 0 0 0 0 0 0 0 0 0 0 0 0 0 0 0 0 0 0 0 0 0 0 0 0 0 0 0 0 0 0 0 0 0 0 1 0 0 0 0 0 0 0 0 0 0 0 0 0 0 0]
[2321856423161402031448144877626195120155037023465679125148971112684734551960522759094920179732237390352389621766902583724239428814792824279536249453401681901455372549387929037589866114638937854774670176160548499116690826101240347820922125985 0 0 0 0 0 0 0 0 0 0 0 0 0 0 0 0 0 0 0 0 0 0 0 0 0 0 0 0 0 0 0 0 0 0 0 0 0 0 0 0 0 0 0 0 0 0 0 0 0 0 0 0 0 0 0 0 0 0 0 0 0 0 0 0 1 0 0 0 0 0 0 0 0 0 0 0 0 0 0]
[2180050938654347982325642350377494696399358935320043704117353242679451439512188084242550689159727337780441870238586979435429086680160621724325773900811045769900609794258448989745157673409285719839454716917881466420860538953787136312743452483 0 0 0 0 0 0 0 0 0 0 0 0 0 0 0 0 0 0 0 0 0 0 0 0 0 0 0 0 0 0 0 0 0 0 0 0 0 0 0 0 0 0 0 0 0 0 0 0 0 0 0 0 0 0 0 0 0 0 0 0 0 0 0 0 0 1 0 0 0 0 0 0 0 0 0 0 0 0 0]
[488565168903468287730932871908843961600987184499970878095983080525531821313682052501391287634318863445176667087895746283194975230067520934586375450031737011751052573657303502821122331726107641679800359799821123217087166111628576357159230005 0 0 0 0 0 0 0 0 0 0 0 0 0 0 0 0 0 0 0 0 0 0 0 0 0 0 0 0 0 0 0 0 0 0 0 0 0 0 0 0 0 0 0 0 0 0 0 0 0 0 0 0 0 0 0 0 0 0 0 0 0 0 0 0 0 0 1 0 0 0 0 0 0 0 0 0 0 0 0]
[1401685255033710580289857006264475028696527451633504915423496184057201837814219852790725199014898212159895641580234082268302458786547956987646199531183553927275187657140706886705628120129181220814222568035140484499084450301617907804645682309 0 0 0 0 0 0 0 0 0 0 0 0 0 0 0 0 0 0 0 0 0 0 0 0 0 0 0 0 0 0 0 0 0 0 0 0 0 0 0 0 0 0 0 0 0 0 0 0 0 0 0 0 0 0 0 0 0 0 0 0 0 0 0 0 0 0 0 1 0 0 0 0 0 0 0 0 0 0 0]
[2936206984126558370478090173706413541512523426331258059231376809008228039100867679227191574525544606725988243101818990665170610829403240644302273737921038825888263173294432377260978182290372440530427095448017836845412457695975267304394825872 0 0 0 0 0 0 0 0 0 0 0 0 0 0 0 0 0 0 0 0 0 0 0 0 0 0 0 0 0 0 0 0 0 0 0 0 0 0 0 0 0 0 0 0 0 0 0 0 0 0 0 0 0 0 0 0 0 0 0 0 0 0 0 0 0 0 0 0 1 0 0 0 0 0 0 0 0 0 0]
[3393917822774493831272222559816200961777441138136977131892360195884993081546788026195161270365815091251027652492709315508553878729215812852552263237128074359133646634277220529319666088166716789615336157226610643255610035630078025655039720743 0 0 0 0 0 0 0 0 0 0 0 0 0 0 0 0 0 0 0 0 0 0 0 0 0 0 0 0 0 0 0 0 0 0 0 0 0 0 0 0 0 0 0 0 0 0 0 0 0 0 0 0 0 0 0 0 0 0 0 0 0 0 0 0 0 0 0 0 0 1 0 0 0 0 0 0 0 0 0]
[2155700010738919877174763609050213590561088365211129220399227324110419910061015039544046837099612902840128870874142352748277826145066075828042856252341138896501395726349515124377386804067011144535809398794946836583452316492035851524495842234 0 0 0 0 0 0 0 0 0 0 0 0 0 0 0 0 0 0 0 0 0 0 0 0 0 0 0 0 0 0 0 0 0 0 0 0 0 0 0 0 0 0 0 0 0 0 0 0 0 0 0 0 0 0 0 0 0 0 0 0 0 0 0 0 0 0 0 0 0 0 1 0 0 0 0 0 0 0 0]
[3181320995356037576267832568562076975305153630877218321562917793853254577812059785920326315161250138870192280862808622758690863107062464613466049660576361179422108423233598575625622941492827273507587560584606129177909513624753807512779893599 0 0 0 0 0 0 0 0 0 0 0 0 0 0 0 0 0 0 0 0 0 0 0 0 0 0 0 0 0 0 0 0 0 0 0 0 0 0 0 0 0 0 0 0 0 0 0 0 0 0 0 0 0 0 0 0 0 0 0 0 0 0 0 0 0 0 0 0 0 0 0 1 0 0 0 0 0 0 0]
[3149654996941157853880039384617422852108172130841033642123146581102340294355509649609115570271395169520906807045792294713671492708018210679620521083708529288399440548403574352420842728625557654069430425397262020926133823922168933016502823723 0 0 0 0 0 0 0 0 0 0 0 0 0 0 0 0 0 0 0 0 0 0 0 0 0 0 0 0 0 0 0 0 0 0 0 0 0 0 0 0 0 0 0 0 0 0 0 0 0 0 0 0 0 0 0 0 0 0 0 0 0 0 0 0 0 0 0 0 0 0 0 0 1 0 0 0 0 0 0]
[3642641907862732029138014977876039888888263454960071192332802042983782364598818993538882562595488583780906950933706665356873338684826683079983726706781747751066701697196611635592781638257478834814653326443516820900809914699668308343116881808 0 0 0 0 0 0 0 0 0 0 0 0 0 0 0 0 0 0 0 0 0 0 0 0 0 0 0 0 0 0 0 0 0 0 0 0 0 0 0 0 0 0 0 0 0 0 0 0 0 0 0 0 0 0 0 0 0 0 0 0 0 0 0 0 0 0 0 0 0 0 0 0 0 1 0 0 0 0 0]
[2670078970865472352034224248264588589660489589837210763396020855970275122833460912995756590555827764241682129909453816565283547167047988816107955199659667134764880763116539525379063921654264517122098210767762160621182488668708404906408806659 0 0 0 0 0 0 0 0 0 0 0 0 0 0 0 0 0 0 0 0 0 0 0 0 0 0 0 0 0 0 0 0 0 0 0 0 0 0 0 0 0 0 0 0 0 0 0 0 0 0 0 0 0 0 0 0 0 0 0 0 0 0 0 0 0 0 0 0 0 0 0 0 0 0 1 0 0 0 0]
[1596835023837281929743977216708511656953110702048724860873381716528227208743308050689760841519024995037637981503052526870470537071555052190863730167081986643425395712411435217540459694391306193606811345593894288616189688127947548296606624198 0 0 0 0 0 0 0 0 0 0 0 0 0 0 0 0 0 0 0 0 0 0 0 0 0 0 0 0 0 0 0 0 0 0 0 0 0 0 0 0 0 0 0 0 0 0 0 0 0 0 0 0 0 0 0 0 0 0 0 0 0 0 0 0 0 0 0 0 0 0 0 0 0 0 0 1 0 0 0]
[2492251245708066722968733262699614105579274135666894479663931528688987689791356185683450468545470692940644710936807840442033475980629670882243998182603576872499941859598103355294418459581383025094478075654657053446936401593077407028334792120 0 0 0 0 0 0 0 0 0 0 0 0 0 0 0 0 0 0 0 0 0 0 0 0 0 0 0 0 0 0 0 0 0 0 0 0 0 0 0 0 0 0 0 0 0 0 0 0 0 0 0 0 0 0 0 0 0 0 0 0 0 0 0 0 0 0 0 0 0 0 0 0 0 0 0 0 1 0 0]
[330850057247073693419481467069142055087147544106665672529931002775986269507304769726779626333291477541963009917472621802549732087779979108993401291228240707572698278442791329407627186512371113104992463247902473339776355035353246724533025450 0 0 0 0 0 0 0 0 0 0 0 0 0 0 0 0 0 0 0 0 0 0 0 0 0 0 0 0 0 0 0 0 0 0 0 0 0 0 0 0 0 0 0 0 0 0 0 0 0 0 0 0 0 0 0 0 0 0 0 0 0 0 0 0 0 0 0 0 0 0 0 0 0 0 0 0 0 1 0]
[3487538616904534370812279355000442367283661481575763281308371580542238930229449416786886604842266101965455954506106851711346868874297716803816801341016035156978976831161486299787261117686890296758481081928104958946327130239951656974905406877 0 0 0 0 0 0 0 0 0 0 0 0 0 0 0 0 0 0 0 0 0 0 0 0 0 0 0 0 0 0 0 0 0 0 0 0 0 0 0 0 0 0 0 0 0 0 0 0 0 0 0 0 0 0 0 0 0 0 0 0 0 0 0 0 0 0 0 0 0 0 0 0 0 0 0 0 0 0 1]
]
