[[2116487027503646836409109108643433813697787029859830395951048928598132213996123032257083036326657289671921102538327518982408967815302745970272127495835267648519806157475331208935989 0 0 0 0 0 0 0 0 0 0 0 0 0 0 0 0 0 0 0 0 0 0 0 0 0 0 0 0 0 0 0 0 0 0 0 0 0 0 0 0 0 0 0 0 0 0 0 0 0 0 0 0 0 0 0 0 0 0 0]
[144482672396025592140776073548117387805601575779932187098997596709447907735019110222502700142876703326243702508205833752977463141962003201195145830698951932042676798342064905112331 1 0 0 0 0 0 0 0 0 0 0 0 0 0 0 0 0 0 0 0 0 0 0 0 0 0 0 0 0 0 0 0 0 0 0 0 0 0 0 0 0 0 0 0 0 0 0 0 0 0 0 0 0 0 0 0 0 0 0]
[731543178825472398109988140889845583093022484178441494815518191238298351493304787077368775092854466749288985387576654160428604736299155005910395949654675626660664136572416061602682 0 1 0 0 0 0 0 0 0 0 0 0 0 0 0 0 0 0 0 0 0 0 0 0 0 0 0 0 0 0 0 0 0 0 0 0 0 0 0 0 0 0 0 0 0 0 0 0 0 0 0 0 0 0 0 0 0 0 0]
[1583373038035503493532025754356781646591797923747834845437902459091197787565983314319565043215032241937644489790592216278135242320999149847898673509017716707882415304394294268912252 0 0 1 0 0 0 0 0 0 0 0 0 0 0 0 0 0 0 0 0 0 0 0 0 0 0 0 0 0 0 0 0 0 0 0 0 0 0 0 0 0 0 0 0 0 0 0 0 0 0 0 0 0 0 0 0 0 0 0]
[988012403890203478151585796573986951940229326872810098725942555839685240673149943264866782992179115925055581011366753100934788516532187160134842244176789920220670955567886198125759 0 0 0 1 0 0 0 0 0 0 0 0 0 0 0 0 0 0 0 0 0 0 0 0 0 0 0 0 0 0 0 0 0 0 0 0 0 0 0 0 0 0 0 0 0 0 0 0 0 0 0 0 0 0 0 0 0 0 0]
[772683152401394156006687131751744511279575328417655987887543334123209842473324928607159523661004033547837792226640394791012041334981610170950978947284505268921796353449890568390659 0 0 0 0 1 0 0 0 0 0 0 0 0 0 0 0 0 0 0 0 0 0 0 0 0 0 0 0 0 0 0 0 0 0 0 0 0 0 0 0 0 0 0 0 0 0 0 0 0 0 0 0 0 0 0 0 0 0 0]
[435946433085263745299461325343514240280362950897024486878469003483859587504873603206997036399637110266897279046132448640724881934619757076924935307836361536531825373020430302743591 0 0 0 0 0 1 0 0 0 0 0 0 0 0 0 0 0 0 0 0 0 0 0 0 0 0 0 0 0 0 0 0 0 0 0 0 0 0 0 0 0 0 0 0 0 0 0 0 0 0 0 0 0 0 0 0 0 0 0]
[1301813992428160065688359293408866546244309939559873110477881576657989773032358570607033352337037769852237349898683418129194171494137278465013932032675389605447910381516380350808952 0 0 0 0 0 0 1 0 0 0 0 0 0 0 0 0 0 0 0 0 0 0 0 0 0 0 0 0 0 0 0 0 0 0 0 0 0 0 0 0 0 0 0 0 0 0 0 0 0 0 0 0 0 0 0 0 0 0 0]
[1254040957280806722869023828623456387361965956814722605587339269879756285898093870979151209303862643440493198878674626647654384905634137240898161273060405282976507664260926247422258 0 0 0 0 0 0 0 1 0 0 0 0 0 0 0 0 0 0 0 0 0 0 0 0 0 0 0 0 0 0 0 0 0 0 0 0 0 0 0 0 0 0 0 0 0 0 0 0 0 0 0 0 0 0 0 0 0 0 0]
[1385402287169778563967782769394669964398523805806122454931484249448157304995328795620762472271395071348211722303563663416307948307035084950646582556659919095013909987884021637778049 0 0 0 0 0 0 0 0 1 0 0 0 0 0 0 0 0 0 0 0 0 0 0 0 0 0 0 0 0 0 0 0 0 0 0 0 0 0 0 0 0 0 0 0 0 0 0 0 0 0 0 0 0 0 0 0 0 0 0]
[266394168081104097927088812309976538062984543637138450559320185337468653131057321092490043991982304743879278753763580614829559867499200977340310292225074143539093519104105658865008 0 0 0 0 0 0 0 0 0 1 0 0 0 0 0 0 0 0 0 0 0 0 0 0 0 0 0 0 0 0 0 0 0 0 0 0 0 0 0 0 0 0 0 0 0 0 0 0 0 0 0 0 0 0 0 0 0 0 0]
[1267176321095242760853839363062081974407108037305352678176620587488156327953147320817336137562707460349559427289789175874076951271117017910367765183624950912761328410826179001334361 0 0 0 0 0 0 0 0 0 0 1 0 0 0 0 0 0 0 0 0 0 0 0 0 0 0 0 0 0 0 0 0 0 0 0 0 0 0 0 0 0 0 0 0 0 0 0 0 0 0 0 0 0 0 0 0 0 0 0]
[23613122375897541773410134042148116941903867986647987821016041638689850328896447046403259390578195740439916209106846603508916375144867443596687755202699638958470162799290329449583 0 0 0 0 0 0 0 0 0 0 0 1 0 0 0 0 0 0 0 0 0 0 0 0 0 0 0 0 0 0 0 0 0 0 0 0 0 0 0 0 0 0 0 0 0 0 0 0 0 0 0 0 0 0 0 0 0 0 0]
[735167888542178024937391836467618493080461682682269990911471087593741772027435686109550882682787784345500173052169107901394132119850265523645756351391118072872562318022498597123987 0 0 0 0 0 0 0 0 0 0 0 0 1 0 0 0 0 0 0 0 0 0 0 0 0 0 0 0 0 0 0 0 0 0 0 0 0 0 0 0 0 0 0 0 0 0 0 0 0 0 0 0 0 0 0 0 0 0 0]
[715157764480789891056736066019376070891339906729754956812268492875212645158860839779314941936791735805136541577595798118273417866049318119186747119078007241122555838895146657848256 0 0 0 0 0 0 0 0 0 0 0 0 0 1 0 0 0 0 0 0 0 0 0 0 0 0 0 0 0 0 0 0 0 0 0 0 0 0 0 0 0 0 0 0 0 0 0 0 0 0 0 0 0 0 0 0 0 0 0]
[353076560756596519599862331036222896543345185199848191251898676023111637502323908375089049659894081112218711269412813009328724584652535516765093018490840344220572973229117158975334 0 0 0 0 0 0 0 0 0 0 0 0 0 0 1 0 0 0 0 0 0 0 0 0 0 0 0 0 0 0 0 0 0 0 0 0 0 0 0 0 0 0 0 0 0 0 0 0 0 0 0 0 0 0 0 0 0 0 0]
[105383927777772521701355266993025235934765465769780414900071179609108921534147935676866474649374330749426538437465129742721734290744452855109531200749211220235623356500259703572308 0 0 0 0 0 0 0 0 0 0 0 0 0 0 0 1 0 0 0 0 0 0 0 0 0 0 0 0 0 0 0 0 0 0 0 0 0 0 0 0 0 0 0 0 0 0 0 0 0 0 0 0 0 0 0 0 0 0 0]
[597193908564334169739398333209563368470672304902120651397648587079276558203829611938491291713786789198772658181007822879221162274768741844269927852412889184695139425797625685452427 0 0 0 0 0 0 0 0 0 0 0 0 0 0 0 0 1 0 0 0 0 0 0 0 0 0 0 0 0 0 0 0 0 0 0 0 0 0 0 0 0 0 0 0 0 0 0 0 0 0 0 0 0 0 0 0 0 0 0]
[314787584788638725631770590094791378788814562389117184023287048381002744136987194526746792588412297158073922905373466913421345914602279676260467171750554727671689838042675809715559 0 0 0 0 0 0 0 0 0 0 0 0 0 0 0 0 0 1 0 0 0 0 0 0 0 0 0 0 0 0 0 0 0 0 0 0 0 0 0 0 0 0 0 0 0 0 0 0 0 0 0 0 0 0 0 0 0 0 0]
[768556189704272200727237303676578778561692662008735533296441926429671483992426166752113018289358935772765177010465642726688183707700565011359591741697100580241547258608952810833366 0 0 0 0 0 0 0 0 0 0 0 0 0 0 0 0 0 0 1 0 0 0 0 0 0 0 0 0 0 0 0 0 0 0 0 0 0 0 0 0 0 0 0 0 0 0 0 0 0 0 0 0 0 0 0 0 0 0 0]
[54600617335909511673965790076443182298492019422631333402735524580060819991602049827428437884846299659769278426205499102072967262435432464800220383592778057905220390040612787581802 0 0 0 0 0 0 0 0 0 0 0 0 0 0 0 0 0 0 0 1 0 0 0 0 0 0 0 0 0 0 0 0 0 0 0 0 0 0 0 0 0 0 0 0 0 0 0 0 0 0 0 0 0 0 0 0 0 0 0]
[1194924483068574188096334032143950150752173727939816931853266207218603379062536051303648441976866700396346019921253672316778027996027023856230595998469952800866033984445175755789085 0 0 0 0 0 0 0 0 0 0 0 0 0 0 0 0 0 0 0 0 1 0 0 0 0 0 0 0 0 0 0 0 0 0 0 0 0 0 0 0 0 0 0 0 0 0 0 0 0 0 0 0 0 0 0 0 0 0 0]
[541272613372649063186264743265160478212149769886851194819759538388148829440403256144181696490083593684741608390704430092045464538295707360798002604722741412640285540912840889838838 0 0 0 0 0 0 0 0 0 0 0 0 0 0 0 0 0 0 0 0 0 1 0 0 0 0 0 0 0 0 0 0 0 0 0 0 0 0 0 0 0 0 0 0 0 0 0 0 0 0 0 0 0 0 0 0 0 0 0]
[1027224656724149039816111849318619998366858667870324505006235051845964297722349819356014975178272264398018210079072086876072012499138982870566417426830796937577119087377674190722412 0 0 0 0 0 0 0 0 0 0 0 0 0 0 0 0 0 0 0 0 0 0 1 0 0 0 0 0 0 0 0 0 0 0 0 0 0 0 0 0 0 0 0 0 0 0 0 0 0 0 0 0 0 0 0 0 0 0 0]
[623271138049534154816600563233142056406737938965500503609933435175078875028221616391132597914159959022692869448008957789761115102998926583768783314932000981928544252729504509461072 0 0 0 0 0 0 0 0 0 0 0 0 0 0 0 0 0 0 0 0 0 0 0 1 0 0 0 0 0 0 0 0 0 0 0 0 0 0 0 0 0 0 0 0 0 0 0 0 0 0 0 0 0 0 0 0 0 0 0]
[829988690692838995278832179915577444015711106379521786271129245748531613311163439188706745665216197619613361710739430431316007144339738637014933958389889209709178693956524896361702 0 0 0 0 0 0 0 0 0 0 0 0 0 0 0 0 0 0 0 0 0 0 0 0 1 0 0 0 0 0 0 0 0 0 0 0 0 0 0 0 0 0 0 0 0 0 0 0 0 0 0 0 0 0 0 0 0 0 0]
[670748984271535486035082411107015840917143066660505799117227378728400571566302319118005997331397353727100900631788099992055929262732847911347107446227931988537273741382371392313921 0 0 0 0 0 0 0 0 0 0 0 0 0 0 0 0 0 0 0 0 0 0 0 0 0 1 0 0 0 0 0 0 0 0 0 0 0 0 0 0 0 0 0 0 0 0 0 0 0 0 0 0 0 0 0 0 0 0 0]
[59283309153495317667074366459817317189438016299919217556275237327589907343549941391122195956899643222080372128263003227485982190133354911183262225811633601450509281786882917088479 0 0 0 0 0 0 0 0 0 0 0 0 0 0 0 0 0 0 0 0 0 0 0 0 0 0 1 0 0 0 0 0 0 0 0 0 0 0 0 0 0 0 0 0 0 0 0 0 0 0 0 0 0 0 0 0 0 0 0]
[1714312969909169394478139422212078344653957595783439292177274171448791933008141767156018215797315146212545526900922157842929069758943917424761170581056826050260540961192330136291607 0 0 0 0 0 0 0 0 0 0 0 0 0 0 0 0 0 0 0 0 0 0 0 0 0 0 0 1 0 0 0 0 0 0 0 0 0 0 0 0 0 0 0 0 0 0 0 0 0 0 0 0 0 0 0 0 0 0 0]
[1052136746660384231901075379629232189949130666243723625244641708424756834223033067675252067174562292952200700599443539460394356393922780660722743916091539441412951797988155032177154 0 0 0 0 0 0 0 0 0 0 0 0 0 0 0 0 0 0 0 0 0 0 0 0 0 0 0 0 1 0 0 0 0 0 0 0 0 0 0 0 0 0 0 0 0 0 0 0 0 0 0 0 0 0 0 0 0 0 0]
[1976131408285477982346450621289262305388848270329839896948631801095823920522384611777949708829749582232777620678337071240657659430199580104059494744269224917444146318382240532614690 0 0 0 0 0 0 0 0 0 0 0 0 0 0 0 0 0 0 0 0 0 0 0 0 0 0 0 0 0 1 0 0 0 0 0 0 0 0 0 0 0 0 0 0 0 0 0 0 0 0 0 0 0 0 0 0 0 0 0]
[792343641334988943393798220738397197169423370727390354675254047690658292681732159070422096920768560433712451610790632440887313449012505036073098269837168484507745608988674349427754 0 0 0 0 0 0 0 0 0 0 0 0 0 0 0 0 0 0 0 0 0 0 0 0 0 0 0 0 0 0 1 0 0 0 0 0 0 0 0 0 0 0 0 0 0 0 0 0 0 0 0 0 0 0 0 0 0 0 0]
[1038387263030085973831353657972460647779369648111011843404285257856888696272482281867108463318994177991371209213122471377229497719359101933760531776051648081400770804205183408682272 0 0 0 0 0 0 0 0 0 0 0 0 0 0 0 0 0 0 0 0 0 0 0 0 0 0 0 0 0 0 0 1 0 0 0 0 0 0 0 0 0 0 0 0 0 0 0 0 0 0 0 0 0 0 0 0 0 0 0]
[1408620070953265947357082235054892096307108477355479024201352435170456363749981907567887991017802843568974823068562993914018875731255452703633079260722346489892142632514549382137758 0 0 0 0 0 0 0 0 0 0 0 0 0 0 0 0 0 0 0 0 0 0 0 0 0 0 0 0 0 0 0 0 1 0 0 0 0 0 0 0 0 0 0 0 0 0 0 0 0 0 0 0 0 0 0 0 0 0 0]
[1546229490477304956196953913344217274570077463559533190327012973136100909483744976408450149696263939502078365765601299536375801811952499442052010295254559923321994737636358249175499 0 0 0 0 0 0 0 0 0 0 0 0 0 0 0 0 0 0 0 0 0 0 0 0 0 0 0 0 0 0 0 0 0 1 0 0 0 0 0 0 0 0 0 0 0 0 0 0 0 0 0 0 0 0 0 0 0 0 0]
[1475796431594044949439603104791809734688540180332255259051002022780231070347267001215771025800599685074122142808619096505003574674753985913322550096501994383443584372085610567337278 0 0 0 0 0 0 0 0 0 0 0 0 0 0 0 0 0 0 0 0 0 0 0 0 0 0 0 0 0 0 0 0 0 0 1 0 0 0 0 0 0 0 0 0 0 0 0 0 0 0 0 0 0 0 0 0 0 0 0]
[129644833846367204600443653379822382667855701482062722911616409918710431736465702194907535410973856921944285983105616925727900750086538886405165925436024323073882076762919107911178 0 0 0 0 0 0 0 0 0 0 0 0 0 0 0 0 0 0 0 0 0 0 0 0 0 0 0 0 0 0 0 0 0 0 0 1 0 0 0 0 0 0 0 0 0 0 0 0 0 0 0 0 0 0 0 0 0 0 0]
[2088014328722749835914616321588586862975411831675102921308250081622278684238628837106548755536058152156343191836979383517811645563542539641899819559262090594582838715362007464110127 0 0 0 0 0 0 0 0 0 0 0 0 0 0 0 0 0 0 0 0 0 0 0 0 0 0 0 0 0 0 0 0 0 0 0 0 1 0 0 0 0 0 0 0 0 0 0 0 0 0 0 0 0 0 0 0 0 0 0]
[1447799969173962299147003791138264397370045768254936507715965498065627062591170193771466930713950566536084023051322462064427206584105309346483884357303969504673971981724752018862959 0 0 0 0 0 0 0 0 0 0 0 0 0 0 0 0 0 0 0 0 0 0 0 0 0 0 0 0 0 0 0 0 0 0 0 0 0 1 0 0 0 0 0 0 0 0 0 0 0 0 0 0 0 0 0 0 0 0 0]
[69008523463243579760603218628312972275464294566799876498565264097795678826832639354171607464065177859922858274057909203522434249544228956233399979964651228293060814601647048824742 0 0 0 0 0 0 0 0 0 0 0 0 0 0 0 0 0 0 0 0 0 0 0 0 0 0 0 0 0 0 0 0 0 0 0 0 0 0 1 0 0 0 0 0 0 0 0 0 0 0 0 0 0 0 0 0 0 0 0]
[914523065294480008488423273559887613359060095638069765610635871884395343036267441676482119481680971449290888957186231600463219202707295759667639041306020832725341955771354979320586 0 0 0 0 0 0 0 0 0 0 0 0 0 0 0 0 0 0 0 0 0 0 0 0 0 0 0 0 0 0 0 0 0 0 0 0 0 0 0 1 0 0 0 0 0 0 0 0 0 0 0 0 0 0 0 0 0 0 0]
[447889924407206953458119177946951431619535841628135140699653659075537559431806976287862926609183250310472397594304083078948024608897156574612414029072454760266745734522671397834052 0 0 0 0 0 0 0 0 0 0 0 0 0 0 0 0 0 0 0 0 0 0 0 0 0 0 0 0 0 0 0 0 0 0 0 0 0 0 0 0 1 0 0 0 0 0 0 0 0 0 0 0 0 0 0 0 0 0 0]
[139810381088980387176048960181598814400086269146013621709189274978450952169819254788960659259248155306402486794050078336869225274537530033052989249009771404405673975989155866954138 0 0 0 0 0 0 0 0 0 0 0 0 0 0 0 0 0 0 0 0 0 0 0 0 0 0 0 0 0 0 0 0 0 0 0 0 0 0 0 0 0 1 0 0 0 0 0 0 0 0 0 0 0 0 0 0 0 0 0]
[1658318610029286550536788503116231000948375892818462683227550334116059550862666484010451133752519844235473883962469323678098530209164087603285433054899721031827836238304329438104851 0 0 0 0 0 0 0 0 0 0 0 0 0 0 0 0 0 0 0 0 0 0 0 0 0 0 0 0 0 0 0 0 0 0 0 0 0 0 0 0 0 0 1 0 0 0 0 0 0 0 0 0 0 0 0 0 0 0 0]
[768352920231708628689003855932751358048906022067287046423583680161494828161937222186077696824577673692561993415863367770672083508473011787719153857274877980992106934906282026751657 0 0 0 0 0 0 0 0 0 0 0 0 0 0 0 0 0 0 0 0 0 0 0 0 0 0 0 0 0 0 0 0 0 0 0 0 0 0 0 0 0 0 0 1 0 0 0 0 0 0 0 0 0 0 0 0 0 0 0]
[792629172889431760869468074660270329247788519372626710528799934383502008354617024397950260823808754786093375723511302514676833024426594260706876371612107628463149729946383316033382 0 0 0 0 0 0 0 0 0 0 0 0 0 0 0 0 0 0 0 0 0 0 0 0 0 0 0 0 0 0 0 0 0 0 0 0 0 0 0 0 0 0 0 0 1 0 0 0 0 0 0 0 0 0 0 0 0 0 0]
[2034461263678488055495582481854431489488800419947233964106449414525749423682620734936387316847663854180037954857940936206325913683192283262319373912993293859505874380399503767888256 0 0 0 0 0 0 0 0 0 0 0 0 0 0 0 0 0 0 0 0 0 0 0 0 0 0 0 0 0 0 0 0 0 0 0 0 0 0 0 0 0 0 0 0 0 1 0 0 0 0 0 0 0 0 0 0 0 0 0]
[734939762393000849477588190289775651070026029501836457521095479718148174093647962837203234559080113262183607050724307933594450112771612778794114607424605193590054592957635402115941 0 0 0 0 0 0 0 0 0 0 0 0 0 0 0 0 0 0 0 0 0 0 0 0 0 0 0 0 0 0 0 0 0 0 0 0 0 0 0 0 0 0 0 0 0 0 1 0 0 0 0 0 0 0 0 0 0 0 0]
[2031751555573951970942820304002194526504483463463775782784075366398276139966621050735305506086755353588764523603949830809155165261761979004728166237473581181321322597246737907663550 0 0 0 0 0 0 0 0 0 0 0 0 0 0 0 0 0 0 0 0 0 0 0 0 0 0 0 0 0 0 0 0 0 0 0 0 0 0 0 0 0 0 0 0 0 0 0 1 0 0 0 0 0 0 0 0 0 0 0]
[1630136140098457087654616298131088404092966913904900831686315889102784387129702566538211298155782577705466374604677839959205219018569433000720501512860825149749379148262408520940343 0 0 0 0 0 0 0 0 0 0 0 0 0 0 0 0 0 0 0 0 0 0 0 0 0 0 0 0 0 0 0 0 0 0 0 0 0 0 0 0 0 0 0 0 0 0 0 0 1 0 0 0 0 0 0 0 0 0 0]
[1919861359373734509245868085551082535745542585848605581255753236674896466470440153765259972948246964683818730353186708430315954731976109622771916817092492717789490819817213622051133 0 0 0 0 0 0 0 0 0 0 0 0 0 0 0 0 0 0 0 0 0 0 0 0 0 0 0 0 0 0 0 0 0 0 0 0 0 0 0 0 0 0 0 0 0 0 0 0 0 1 0 0 0 0 0 0 0 0 0]
[2078813729385002567603508737084005062128472245562874315511016330131415686961761241307815394272227225929554079074217006641822926843884521944455489746541994323320591676019410281325692 0 0 0 0 0 0 0 0 0 0 0 0 0 0 0 0 0 0 0 0 0 0 0 0 0 0 0 0 0 0 0 0 0 0 0 0 0 0 0 0 0 0 0 0 0 0 0 0 0 0 1 0 0 0 0 0 0 0 0]
[813745317261191027343915659442969337960014753319738660442874851386026459233228637084801144022858482390134441844870989348315777806811668157058718236403908595132457403208312972834492 0 0 0 0 0 0 0 0 0 0 0 0 0 0 0 0 0 0 0 0 0 0 0 0 0 0 0 0 0 0 0 0 0 0 0 0 0 0 0 0 0 0 0 0 0 0 0 0 0 0 0 1 0 0 0 0 0 0 0]
[596414136155402862344328173036523022279394539080553059332490842659655558873351091794365887823717890680651052936860589742741149697873006821124493484876764070614301056793559218896504 0 0 0 0 0 0 0 0 0 0 0 0 0 0 0 0 0 0 0 0 0 0 0 0 0 0 0 0 0 0 0 0 0 0 0 0 0 0 0 0 0 0 0 0 0 0 0 0 0 0 0 0 1 0 0 0 0 0 0]
[1061221812582709264950383725075033351907331556628639590920065490802264830180017293172497532668804937117834544032367574005366706950285386576611026780645769629383256933194419432288636 0 0 0 0 0 0 0 0 0 0 0 0 0 0 0 0 0 0 0 0 0 0 0 0 0 0 0 0 0 0 0 0 0 0 0 0 0 0 0 0 0 0 0 0 0 0 0 0 0 0 0 0 0 1 0 0 0 0 0]
[2086819065855153634142311891247353339445161988721025707014551608546595450883484441861340792932322539730598486186482429879029100684273046920713075904824737197873467761465410341121155 0 0 0 0 0 0 0 0 0 0 0 0 0 0 0 0 0 0 0 0 0 0 0 0 0 0 0 0 0 0 0 0 0 0 0 0 0 0 0 0 0 0 0 0 0 0 0 0 0 0 0 0 0 0 1 0 0 0 0]
[1968595635363842347145645308263202489683411972775293785744212856741345840897830153403169001437948835681746705471665535229121612241001311580461181852160313208418602184184401052307669 0 0 0 0 0 0 0 0 0 0 0 0 0 0 0 0 0 0 0 0 0 0 0 0 0 0 0 0 0 0 0 0 0 0 0 0 0 0 0 0 0 0 0 0 0 0 0 0 0 0 0 0 0 0 0 1 0 0 0]
[1322155545500913136638254629490472888984339331968414428934559129248494061569959447038962746868994565927966286697845373504002769341966986857021710271436898292443630538050896843755335 0 0 0 0 0 0 0 0 0 0 0 0 0 0 0 0 0 0 0 0 0 0 0 0 0 0 0 0 0 0 0 0 0 0 0 0 0 0 0 0 0 0 0 0 0 0 0 0 0 0 0 0 0 0 0 0 1 0 0]
[1891283640183368110254699825281417987195862882823167039784706743541368754398973617649315740221023037251755817885566287582073202842518152173358033975065862698126303661590513336954010 0 0 0 0 0 0 0 0 0 0 0 0 0 0 0 0 0 0 0 0 0 0 0 0 0 0 0 0 0 0 0 0 0 0 0 0 0 0 0 0 0 0 0 0 0 0 0 0 0 0 0 0 0 0 0 0 0 1 0]
[1687637096654515768998527205078356041354113113378684106021419541439665757108573475688837868967686078121221769094960865974928310413617329513770085138966553199429536275513229367399057 0 0 0 0 0 0 0 0 0 0 0 0 0 0 0 0 0 0 0 0 0 0 0 0 0 0 0 0 0 0 0 0 0 0 0 0 0 0 0 0 0 0 0 0 0 0 0 0 0 0 0 0 0 0 0 0 0 0 1]
]
