[[6086638787639962918741115919571148801613661745504337451137176696899489341477100699171927861793155910785977973992256219641146275858202430092763837745393071597857177117496421770194914227075979364312841604235595178934180096102699552582700397889248386715895767660942465816616479008785256977506397505152111 0 0 0 0 0 0 0 0 0 0 0 0 0 0 0 0 0 0 0 0 0 0 0 0 0 0 0 0 0 0 0 0 0 0 0 0 0 0 0 0 0 0 0 0 0 0 0 0 0 0 0 0 0 0 0 0 0 0 0 0 0 0 0 0 0 0 0 0 0 0 0 0 0 0 0 0 0 0 0 0 0 0 0 0 0 0 0 0 0 0 0 0 0 0 0 0 0 0 0]
[5521443693483547739080622074660118698149934053930888807418899257783982837222624375928660611554286563052453440823287734708967956940782678079236114408902554541044962092567276112126451365032304197332701621051235015871269476397609144048905157310488833218141975627559005862259323654242265776196303814368893 1 0 0 0 0 0 0 0 0 0 0 0 0 0 0 0 0 0 0 0 0 0 0 0 0 0 0 0 0 0 0 0 0 0 0 0 0 0 0 0 0 0 0 0 0 0 0 0 0 0 0 0 0 0 0 0 0 0 0 0 0 0 0 0 0 0 0 0 0 0 0 0 0 0 0 0 0 0 0 0 0 0 0 0 0 0 0 0 0 0 0 0 0 0 0 0 0 0 0]
[264909423571588272906500289415885687869828809705069806643510751055315055869389940537149015966812503648121203318561901487035872844716107724637162841012169017966071756155846069450721797115442864790359245246804572509445870838343084617119629342802447145106187800311494619440919712654573153556388106744198 0 1 0 0 0 0 0 0 0 0 0 0 0 0 0 0 0 0 0 0 0 0 0 0 0 0 0 0 0 0 0 0 0 0 0 0 0 0 0 0 0 0 0 0 0 0 0 0 0 0 0 0 0 0 0 0 0 0 0 0 0 0 0 0 0 0 0 0 0 0 0 0 0 0 0 0 0 0 0 0 0 0 0 0 0 0 0 0 0 0 0 0 0 0 0 0 0 0 0]
[4274272906614399084213414580779074815384401959047503847794789825957861522342819640748986359967165093715265118613220944346946296472491156961598355271660499646501981882518964650998568261483957496027596002966031576606887792408549812127757886249431378730011304459188208284338097285369791688992957389218372 0 0 1 0 0 0 0 0 0 0 0 0 0 0 0 0 0 0 0 0 0 0 0 0 0 0 0 0 0 0 0 0 0 0 0 0 0 0 0 0 0 0 0 0 0 0 0 0 0 0 0 0 0 0 0 0 0 0 0 0 0 0 0 0 0 0 0 0 0 0 0 0 0 0 0 0 0 0 0 0 0 0 0 0 0 0 0 0 0 0 0 0 0 0 0 0 0 0 0]
[1740728042828895140027091958067812646330243482596235137716273011655250578980742216758487971694957489171961605671974972830193130507586407111580823362385932970187650231656202562161692350608117653688785811111868907870476012163344986540637674147060204245324912287366120801134891959039372664205221142238739 0 0 0 1 0 0 0 0 0 0 0 0 0 0 0 0 0 0 0 0 0 0 0 0 0 0 0 0 0 0 0 0 0 0 0 0 0 0 0 0 0 0 0 0 0 0 0 0 0 0 0 0 0 0 0 0 0 0 0 0 0 0 0 0 0 0 0 0 0 0 0 0 0 0 0 0 0 0 0 0 0 0 0 0 0 0 0 0 0 0 0 0 0 0 0 0 0 0 0]
[281326882353244761898948618401185970503476713132706324056471370242342402413945302222644118221219887423067964686114923162870681620460041873301727021834335484273792297620931450944502186487711679808415194212225112812912356452648725430557382784062282768992242539383298989828074874079301940089211254842545 0 0 0 0 1 0 0 0 0 0 0 0 0 0 0 0 0 0 0 0 0 0 0 0 0 0 0 0 0 0 0 0 0 0 0 0 0 0 0 0 0 0 0 0 0 0 0 0 0 0 0 0 0 0 0 0 0 0 0 0 0 0 0 0 0 0 0 0 0 0 0 0 0 0 0 0 0 0 0 0 0 0 0 0 0 0 0 0 0 0 0 0 0 0 0 0 0 0 0]
[2448517563131540347031554328148250442144387325749162471965028454014320445533651096247795189739367175199991372141536567628818363294535795416025190746708577753450714748955370973167468809338403158150987980763151240595936417419136106829736566628353015799820233257445717596875979966311053654748924281246982 0 0 0 0 0 1 0 0 0 0 0 0 0 0 0 0 0 0 0 0 0 0 0 0 0 0 0 0 0 0 0 0 0 0 0 0 0 0 0 0 0 0 0 0 0 0 0 0 0 0 0 0 0 0 0 0 0 0 0 0 0 0 0 0 0 0 0 0 0 0 0 0 0 0 0 0 0 0 0 0 0 0 0 0 0 0 0 0 0 0 0 0 0 0 0 0 0 0 0]
[2629902967253014440370847478352782501537170444851301339027327187077949386735736906198576315269150991290731092325491501126870121901612419892538010618053050472931081163341806041549231043953946230154381771860590761245405785376527636737283908562778393525247040913984605640805209763313299823359557163831645 0 0 0 0 0 0 1 0 0 0 0 0 0 0 0 0 0 0 0 0 0 0 0 0 0 0 0 0 0 0 0 0 0 0 0 0 0 0 0 0 0 0 0 0 0 0 0 0 0 0 0 0 0 0 0 0 0 0 0 0 0 0 0 0 0 0 0 0 0 0 0 0 0 0 0 0 0 0 0 0 0 0 0 0 0 0 0 0 0 0 0 0 0 0 0 0 0 0 0]
[3443160079828985039406194876259621415601765086328489059805481523308101466293114399643988559427974386427191085380538364719949444566501981304611174877103627164015376763973556936118323556700181933699065846987982698969969475150120985507105608382484809470805208587653817178124939897665545683022812707390522 0 0 0 0 0 0 0 1 0 0 0 0 0 0 0 0 0 0 0 0 0 0 0 0 0 0 0 0 0 0 0 0 0 0 0 0 0 0 0 0 0 0 0 0 0 0 0 0 0 0 0 0 0 0 0 0 0 0 0 0 0 0 0 0 0 0 0 0 0 0 0 0 0 0 0 0 0 0 0 0 0 0 0 0 0 0 0 0 0 0 0 0 0 0 0 0 0 0 0]
[3983108946018335364509245210037181130495245751372514441164190205165887932522205765289862819504879623988128173670420021455447700011428265952859074355086893443384301444859369420097380740806549304341068742695442611234753964049350853020992741334091060512963157795142269721231680698016482509781779341759084 0 0 0 0 0 0 0 0 1 0 0 0 0 0 0 0 0 0 0 0 0 0 0 0 0 0 0 0 0 0 0 0 0 0 0 0 0 0 0 0 0 0 0 0 0 0 0 0 0 0 0 0 0 0 0 0 0 0 0 0 0 0 0 0 0 0 0 0 0 0 0 0 0 0 0 0 0 0 0 0 0 0 0 0 0 0 0 0 0 0 0 0 0 0 0 0 0 0 0]
[4410697024566090982926130183581039275349662284193725602191569368433589846814139581378475943362130719536125462442761652588591256881408077132219375419280476554938186443525695357561477029840241689229981723369639988795208633720765678484800625797938624181581231133461477640877436687148345022859062628712979 0 0 0 0 0 0 0 0 0 1 0 0 0 0 0 0 0 0 0 0 0 0 0 0 0 0 0 0 0 0 0 0 0 0 0 0 0 0 0 0 0 0 0 0 0 0 0 0 0 0 0 0 0 0 0 0 0 0 0 0 0 0 0 0 0 0 0 0 0 0 0 0 0 0 0 0 0 0 0 0 0 0 0 0 0 0 0 0 0 0 0 0 0 0 0 0 0 0 0]
[1181317213284247360750445107368949150640656477247728384947781299226714453967401253135202252719120727606199663302608432064491250326328268466489573394549378420460761891352527038776568309884711833606515777880673492819228134014534750774812123569714426908701686667076958768212638030945709297804892134978295 0 0 0 0 0 0 0 0 0 0 1 0 0 0 0 0 0 0 0 0 0 0 0 0 0 0 0 0 0 0 0 0 0 0 0 0 0 0 0 0 0 0 0 0 0 0 0 0 0 0 0 0 0 0 0 0 0 0 0 0 0 0 0 0 0 0 0 0 0 0 0 0 0 0 0 0 0 0 0 0 0 0 0 0 0 0 0 0 0 0 0 0 0 0 0 0 0 0 0]
[3076559992867887729500150247811949547996095292932305666736731030924560055781202022027941610070338777258438077185581372829499654137798403245864888315281024411884528633772490290844557588381744482274719075278437103516177295962795550626619990424486205197273874851563697228976685685489390563594693979955671 0 0 0 0 0 0 0 0 0 0 0 1 0 0 0 0 0 0 0 0 0 0 0 0 0 0 0 0 0 0 0 0 0 0 0 0 0 0 0 0 0 0 0 0 0 0 0 0 0 0 0 0 0 0 0 0 0 0 0 0 0 0 0 0 0 0 0 0 0 0 0 0 0 0 0 0 0 0 0 0 0 0 0 0 0 0 0 0 0 0 0 0 0 0 0 0 0 0 0]
[536837918665836437239894903699493741369229467057405328695076460049673362188807332375643934193284157636327417543087056043386439454382642466659414058186771172437754953478385928023204529308758740769427651330223468034318978357951218807704421592009057932200955794594654855497183103057616132222099970141413 0 0 0 0 0 0 0 0 0 0 0 0 1 0 0 0 0 0 0 0 0 0 0 0 0 0 0 0 0 0 0 0 0 0 0 0 0 0 0 0 0 0 0 0 0 0 0 0 0 0 0 0 0 0 0 0 0 0 0 0 0 0 0 0 0 0 0 0 0 0 0 0 0 0 0 0 0 0 0 0 0 0 0 0 0 0 0 0 0 0 0 0 0 0 0 0 0 0 0]
[5853325451164215872132986798214274415672727736285619068939816896779592763731850358733347265771591991642954166634654618679963464020020612532146243499095480636954075965734207792968609127533089558111951550871736344206144462288073611224055011465841467607672046493988435577849282061440201094918416422965077 0 0 0 0 0 0 0 0 0 0 0 0 0 1 0 0 0 0 0 0 0 0 0 0 0 0 0 0 0 0 0 0 0 0 0 0 0 0 0 0 0 0 0 0 0 0 0 0 0 0 0 0 0 0 0 0 0 0 0 0 0 0 0 0 0 0 0 0 0 0 0 0 0 0 0 0 0 0 0 0 0 0 0 0 0 0 0 0 0 0 0 0 0 0 0 0 0 0 0]
[6073329835697703892415086240418545594792955505257247898221299283728242921254890867573060157811247777804349829819594469085964072661916046650654844336370276113525986242076341122340838363860713146569156675927617385957824179687928938682922142989632486996829135531473780267632805989141444399742563400218455 0 0 0 0 0 0 0 0 0 0 0 0 0 0 1 0 0 0 0 0 0 0 0 0 0 0 0 0 0 0 0 0 0 0 0 0 0 0 0 0 0 0 0 0 0 0 0 0 0 0 0 0 0 0 0 0 0 0 0 0 0 0 0 0 0 0 0 0 0 0 0 0 0 0 0 0 0 0 0 0 0 0 0 0 0 0 0 0 0 0 0 0 0 0 0 0 0 0 0]
[2913642683359175757524644008398259821178345962348289596193105525278462677204161331590880409652863026782038156477031030108184155846620879835168383702474793630094481464224270860139280929427353044521965207186733936609876408589358871810243492160158703504090600798535761849140658115642073281272415005375744 0 0 0 0 0 0 0 0 0 0 0 0 0 0 0 1 0 0 0 0 0 0 0 0 0 0 0 0 0 0 0 0 0 0 0 0 0 0 0 0 0 0 0 0 0 0 0 0 0 0 0 0 0 0 0 0 0 0 0 0 0 0 0 0 0 0 0 0 0 0 0 0 0 0 0 0 0 0 0 0 0 0 0 0 0 0 0 0 0 0 0 0 0 0 0 0 0 0 0]
[3701413908334029056643421455065884150861692319162164337579104264603420658734430950876160388650873039122538631738421645114382284147606266889000475070055618711713960412662785904556314690425821754060973745762616539276721748354992227272711588636845612588710069956886464145869237240809803465140059576281568 0 0 0 0 0 0 0 0 0 0 0 0 0 0 0 0 1 0 0 0 0 0 0 0 0 0 0 0 0 0 0 0 0 0 0 0 0 0 0 0 0 0 0 0 0 0 0 0 0 0 0 0 0 0 0 0 0 0 0 0 0 0 0 0 0 0 0 0 0 0 0 0 0 0 0 0 0 0 0 0 0 0 0 0 0 0 0 0 0 0 0 0 0 0 0 0 0 0 0]
[4126857873427473306753320057375601132955007467559235247562480156911020953234358314179589151012624681532328105851680861077682836039719671507517489921193615715864907262011680692809901245416360357849577814810072123117329803894446776825534484954016053850015109243354829310385618103412094006462058561240216 0 0 0 0 0 0 0 0 0 0 0 0 0 0 0 0 0 1 0 0 0 0 0 0 0 0 0 0 0 0 0 0 0 0 0 0 0 0 0 0 0 0 0 0 0 0 0 0 0 0 0 0 0 0 0 0 0 0 0 0 0 0 0 0 0 0 0 0 0 0 0 0 0 0 0 0 0 0 0 0 0 0 0 0 0 0 0 0 0 0 0 0 0 0 0 0 0 0 0]
[4733135738461945101904919533122382788495213480791466081182189510721509924163450583403304113119641246685101829841133446558696251790853344863127745325340830168907981760603311739191475173262535741070493556972999781818140217582004024467907852301456111235304095385176972876216512078989559759557893717535355 0 0 0 0 0 0 0 0 0 0 0 0 0 0 0 0 0 0 1 0 0 0 0 0 0 0 0 0 0 0 0 0 0 0 0 0 0 0 0 0 0 0 0 0 0 0 0 0 0 0 0 0 0 0 0 0 0 0 0 0 0 0 0 0 0 0 0 0 0 0 0 0 0 0 0 0 0 0 0 0 0 0 0 0 0 0 0 0 0 0 0 0 0 0 0 0 0 0 0]
[2575579508971115352029199833910619181688270515807133948308638512455736560102144814719819788906669143097430204545704737723420997977249639561384109052389831649915901683967342460937817770201487109772053401101495252417448842999396032383524999583004082320207998705138970625553271653457247390658716518224348 0 0 0 0 0 0 0 0 0 0 0 0 0 0 0 0 0 0 0 1 0 0 0 0 0 0 0 0 0 0 0 0 0 0 0 0 0 0 0 0 0 0 0 0 0 0 0 0 0 0 0 0 0 0 0 0 0 0 0 0 0 0 0 0 0 0 0 0 0 0 0 0 0 0 0 0 0 0 0 0 0 0 0 0 0 0 0 0 0 0 0 0 0 0 0 0 0 0 0]
[3801303353750469000169851526392552013300977414379731312919702537533249888308019505893215171562136096021873671907621254104707891732304322298477572027180952438243805103051535021230760127440364132955956060939063339690107207049875061412504536419131120795698427536492413919447430445380636261586526595747137 0 0 0 0 0 0 0 0 0 0 0 0 0 0 0 0 0 0 0 0 1 0 0 0 0 0 0 0 0 0 0 0 0 0 0 0 0 0 0 0 0 0 0 0 0 0 0 0 0 0 0 0 0 0 0 0 0 0 0 0 0 0 0 0 0 0 0 0 0 0 0 0 0 0 0 0 0 0 0 0 0 0 0 0 0 0 0 0 0 0 0 0 0 0 0 0 0 0 0]
[822240272219369790724063102582666058619479957021609579547895781097698123164478391629272605162166131314426782949324975151553616024883291419549774119187334586587935528770545506207047273948361467733705458986573198035361774177591145407849515079237673639463445766518592203382803318718583472429316781202878 0 0 0 0 0 0 0 0 0 0 0 0 0 0 0 0 0 0 0 0 0 1 0 0 0 0 0 0 0 0 0 0 0 0 0 0 0 0 0 0 0 0 0 0 0 0 0 0 0 0 0 0 0 0 0 0 0 0 0 0 0 0 0 0 0 0 0 0 0 0 0 0 0 0 0 0 0 0 0 0 0 0 0 0 0 0 0 0 0 0 0 0 0 0 0 0 0 0 0]
[3122199629094872835375250774581654404058242900960514845770675712821679761213261909017941086707994843208596211567474463174841482121242692548926375506164367607774265686355135003965975253342426102747039504168275053356989924115052341044612381393298060806065052091363377707667054631648410771271928534517912 0 0 0 0 0 0 0 0 0 0 0 0 0 0 0 0 0 0 0 0 0 0 1 0 0 0 0 0 0 0 0 0 0 0 0 0 0 0 0 0 0 0 0 0 0 0 0 0 0 0 0 0 0 0 0 0 0 0 0 0 0 0 0 0 0 0 0 0 0 0 0 0 0 0 0 0 0 0 0 0 0 0 0 0 0 0 0 0 0 0 0 0 0 0 0 0 0 0 0]
[478832388957807676449836125971768590637746188977169335004867887811946368060892688113045601459100128055414714017714450611049396293966814151088837245738198775840629834586743283071093049490763610856152382955124565327741168120796839252819128192224060248065102485270296907780852600354152859880948154047749 0 0 0 0 0 0 0 0 0 0 0 0 0 0 0 0 0 0 0 0 0 0 0 1 0 0 0 0 0 0 0 0 0 0 0 0 0 0 0 0 0 0 0 0 0 0 0 0 0 0 0 0 0 0 0 0 0 0 0 0 0 0 0 0 0 0 0 0 0 0 0 0 0 0 0 0 0 0 0 0 0 0 0 0 0 0 0 0 0 0 0 0 0 0 0 0 0 0 0]
[5853132665572002468133682513552001221266245473906611431382735461255166996027977647482318736297124274340304420835312189670294428689769713073950404020511931834632097087535991121783153633709892995676743706476164476678632352346792198185765766887237969720848178369972074382315426768287945559051327052154569 0 0 0 0 0 0 0 0 0 0 0 0 0 0 0 0 0 0 0 0 0 0 0 0 1 0 0 0 0 0 0 0 0 0 0 0 0 0 0 0 0 0 0 0 0 0 0 0 0 0 0 0 0 0 0 0 0 0 0 0 0 0 0 0 0 0 0 0 0 0 0 0 0 0 0 0 0 0 0 0 0 0 0 0 0 0 0 0 0 0 0 0 0 0 0 0 0 0 0]
[2513727190555655183103291863366385069969849844833567242670618550674189099023791608529659076521047127172751974723780344480663599329379701090749518657857910993523431146499032311211155908622293221061082818159949513371464807256681300489426805283457118287125708394521995627083287896444299203070542562911295 0 0 0 0 0 0 0 0 0 0 0 0 0 0 0 0 0 0 0 0 0 0 0 0 0 1 0 0 0 0 0 0 0 0 0 0 0 0 0 0 0 0 0 0 0 0 0 0 0 0 0 0 0 0 0 0 0 0 0 0 0 0 0 0 0 0 0 0 0 0 0 0 0 0 0 0 0 0 0 0 0 0 0 0 0 0 0 0 0 0 0 0 0 0 0 0 0 0 0]
[5928628468683225158279915990602289169375681358205255741930022506588306278050820147357040394853041623917929003480358955908473791975583134871521554634638618763018833853601684191460868372447626952156358890757307085166729348500285130319413137549096462350892391015900918699067231824443223811944322250166774 0 0 0 0 0 0 0 0 0 0 0 0 0 0 0 0 0 0 0 0 0 0 0 0 0 0 1 0 0 0 0 0 0 0 0 0 0 0 0 0 0 0 0 0 0 0 0 0 0 0 0 0 0 0 0 0 0 0 0 0 0 0 0 0 0 0 0 0 0 0 0 0 0 0 0 0 0 0 0 0 0 0 0 0 0 0 0 0 0 0 0 0 0 0 0 0 0 0 0]
[1215418870653610580812274859033839473854072390214516915774677091220674918229314884441899274619870882391659116072634281784796455964286254320252789291647649127679051871635184010813364678788483562184334384626476289965545927342091519314372004387676457230634251110986703425058388449501226830478497517903462 0 0 0 0 0 0 0 0 0 0 0 0 0 0 0 0 0 0 0 0 0 0 0 0 0 0 0 1 0 0 0 0 0 0 0 0 0 0 0 0 0 0 0 0 0 0 0 0 0 0 0 0 0 0 0 0 0 0 0 0 0 0 0 0 0 0 0 0 0 0 0 0 0 0 0 0 0 0 0 0 0 0 0 0 0 0 0 0 0 0 0 0 0 0 0 0 0 0 0]
[3027453980129168735877786208425183164828642833250193678403178793160683795184011431928468831639318327189916090281455427827395498568432956196319083619187656478521117684154857308186680590583235317281414396104376448713723773416650973277495457681670748840891847638080793264882114525995083891257073492198431 0 0 0 0 0 0 0 0 0 0 0 0 0 0 0 0 0 0 0 0 0 0 0 0 0 0 0 0 1 0 0 0 0 0 0 0 0 0 0 0 0 0 0 0 0 0 0 0 0 0 0 0 0 0 0 0 0 0 0 0 0 0 0 0 0 0 0 0 0 0 0 0 0 0 0 0 0 0 0 0 0 0 0 0 0 0 0 0 0 0 0 0 0 0 0 0 0 0 0]
[4919176492087995308579483310697725246228345562258831812344845308060417376545410240204449242809396662444821731518173984706415450446662033102835198186572160581888856737109962217662374372544176583767545839449390295152516208937612937073166986324819259547967519849200542345328441668867217915989199426840674 0 0 0 0 0 0 0 0 0 0 0 0 0 0 0 0 0 0 0 0 0 0 0 0 0 0 0 0 0 1 0 0 0 0 0 0 0 0 0 0 0 0 0 0 0 0 0 0 0 0 0 0 0 0 0 0 0 0 0 0 0 0 0 0 0 0 0 0 0 0 0 0 0 0 0 0 0 0 0 0 0 0 0 0 0 0 0 0 0 0 0 0 0 0 0 0 0 0 0]
[576758177392315639835551387580977749481373401188269046658355448604243015331893647690227693735086765417854105127280284754021092085733292180453485906331254568753862605708487608784589695254375809318655047247266173426037331990155927860362858241613202579431106248528601116103958963053398662034818248748471 0 0 0 0 0 0 0 0 0 0 0 0 0 0 0 0 0 0 0 0 0 0 0 0 0 0 0 0 0 0 1 0 0 0 0 0 0 0 0 0 0 0 0 0 0 0 0 0 0 0 0 0 0 0 0 0 0 0 0 0 0 0 0 0 0 0 0 0 0 0 0 0 0 0 0 0 0 0 0 0 0 0 0 0 0 0 0 0 0 0 0 0 0 0 0 0 0 0 0]
[262601314154713594002378751186367750434959709516537929821896111239261881417330060040545498480373683879419959467766259047160185753134455419778726261869513962126940209290063257372461652876576052597528333579115149728390724445635627965573354484246896556843102171275836720621344664732340510552131555752882 0 0 0 0 0 0 0 0 0 0 0 0 0 0 0 0 0 0 0 0 0 0 0 0 0 0 0 0 0 0 0 1 0 0 0 0 0 0 0 0 0 0 0 0 0 0 0 0 0 0 0 0 0 0 0 0 0 0 0 0 0 0 0 0 0 0 0 0 0 0 0 0 0 0 0 0 0 0 0 0 0 0 0 0 0 0 0 0 0 0 0 0 0 0 0 0 0 0 0]
[380233202120468684859519896658275371457041764299732135228805185861201324258826416410149583661952370934051943613814974317523578872782173029749448884262233253813721287029020119450022675709640586597993896602302033101096344891613523839194978731983133699168513623910774063255928753254083801663911284442004 0 0 0 0 0 0 0 0 0 0 0 0 0 0 0 0 0 0 0 0 0 0 0 0 0 0 0 0 0 0 0 0 1 0 0 0 0 0 0 0 0 0 0 0 0 0 0 0 0 0 0 0 0 0 0 0 0 0 0 0 0 0 0 0 0 0 0 0 0 0 0 0 0 0 0 0 0 0 0 0 0 0 0 0 0 0 0 0 0 0 0 0 0 0 0 0 0 0 0]
[5518758914083512601009937576296319209056165642592129521274829545158290948897545050933033513229454060014246373196119232858970181886586395269656069510777330540005127221777463191223878956109452759553643927052857066517533913036252047004763719213115001033718073822342915122701963525696537833636042677512102 0 0 0 0 0 0 0 0 0 0 0 0 0 0 0 0 0 0 0 0 0 0 0 0 0 0 0 0 0 0 0 0 0 1 0 0 0 0 0 0 0 0 0 0 0 0 0 0 0 0 0 0 0 0 0 0 0 0 0 0 0 0 0 0 0 0 0 0 0 0 0 0 0 0 0 0 0 0 0 0 0 0 0 0 0 0 0 0 0 0 0 0 0 0 0 0 0 0 0]
[723393671682413716068833930897986565739395598762942166146286609497007830337322007263666372070835405508773893178128897587409166720128695639051675592353796545239622337184004899143413760399097699649456533764180702311534204188004930510426140395904361997044226061919882877275177347557493284913256854455329 0 0 0 0 0 0 0 0 0 0 0 0 0 0 0 0 0 0 0 0 0 0 0 0 0 0 0 0 0 0 0 0 0 0 1 0 0 0 0 0 0 0 0 0 0 0 0 0 0 0 0 0 0 0 0 0 0 0 0 0 0 0 0 0 0 0 0 0 0 0 0 0 0 0 0 0 0 0 0 0 0 0 0 0 0 0 0 0 0 0 0 0 0 0 0 0 0 0 0]
[1013986826831473014061158132871941482280727008247740857386473614357809990813694969483186302460581421903916124265832592707888971127940474990724809533988467673217394901148443345593039247528646611851247064360647802104702004276683391118182031928226370906812066325509311224980891350699033673966031961610263 0 0 0 0 0 0 0 0 0 0 0 0 0 0 0 0 0 0 0 0 0 0 0 0 0 0 0 0 0 0 0 0 0 0 0 1 0 0 0 0 0 0 0 0 0 0 0 0 0 0 0 0 0 0 0 0 0 0 0 0 0 0 0 0 0 0 0 0 0 0 0 0 0 0 0 0 0 0 0 0 0 0 0 0 0 0 0 0 0 0 0 0 0 0 0 0 0 0 0]
[5243244030260527630371555078530927297302760176356500806694794921233992370945999447770987958846924237519748299442151880099915632604536174646001980245630505087685892426709725225259998790806730169277383662493856738707165492037240777366294947149005138957894884274018801123417455108667566597352653635783094 0 0 0 0 0 0 0 0 0 0 0 0 0 0 0 0 0 0 0 0 0 0 0 0 0 0 0 0 0 0 0 0 0 0 0 0 1 0 0 0 0 0 0 0 0 0 0 0 0 0 0 0 0 0 0 0 0 0 0 0 0 0 0 0 0 0 0 0 0 0 0 0 0 0 0 0 0 0 0 0 0 0 0 0 0 0 0 0 0 0 0 0 0 0 0 0 0 0 0]
[856661452326308602309739273730964001442590262792702704460490336806705581195451501403532884451559321858246349932459593606074118314659876854732544873896499367703998910787460336260765321196748254806847723184336909484166392095852152262914848792105741190651911466680399233897272101388593440835721877705653 0 0 0 0 0 0 0 0 0 0 0 0 0 0 0 0 0 0 0 0 0 0 0 0 0 0 0 0 0 0 0 0 0 0 0 0 0 1 0 0 0 0 0 0 0 0 0 0 0 0 0 0 0 0 0 0 0 0 0 0 0 0 0 0 0 0 0 0 0 0 0 0 0 0 0 0 0 0 0 0 0 0 0 0 0 0 0 0 0 0 0 0 0 0 0 0 0 0 0]
[5409258760575294334996267674801858411089511836250308018954296443514268630113437094320176990350857585196868471589558340152246185355700884314275511361906737295777993191790228216257675079033517158585908665925947777072561600616858316252822778514344792031017810676784496909795184526273271280805791573585236 0 0 0 0 0 0 0 0 0 0 0 0 0 0 0 0 0 0 0 0 0 0 0 0 0 0 0 0 0 0 0 0 0 0 0 0 0 0 1 0 0 0 0 0 0 0 0 0 0 0 0 0 0 0 0 0 0 0 0 0 0 0 0 0 0 0 0 0 0 0 0 0 0 0 0 0 0 0 0 0 0 0 0 0 0 0 0 0 0 0 0 0 0 0 0 0 0 0 0]
[5233854305182417843267669647415924277695737127651283817609302981132411127839007534600325063451955040308473010697202574644585527412080153005771694720416606826363739013600292152246411993820421837227655541534214403555120884061812623212858999300079337617777112387058334762893499087630272577566934856621866 0 0 0 0 0 0 0 0 0 0 0 0 0 0 0 0 0 0 0 0 0 0 0 0 0 0 0 0 0 0 0 0 0 0 0 0 0 0 0 1 0 0 0 0 0 0 0 0 0 0 0 0 0 0 0 0 0 0 0 0 0 0 0 0 0 0 0 0 0 0 0 0 0 0 0 0 0 0 0 0 0 0 0 0 0 0 0 0 0 0 0 0 0 0 0 0 0 0 0]
[3672465944518271204005719253519958801821920768056187247869090737344263853531735877015001100232347253258547770667237758390302372757610922582995624510567399947038424306997756742929901205329243583467045410566791698965088782217598731860652199653924014995557345304453591347376443759564773046619852579172373 0 0 0 0 0 0 0 0 0 0 0 0 0 0 0 0 0 0 0 0 0 0 0 0 0 0 0 0 0 0 0 0 0 0 0 0 0 0 0 0 1 0 0 0 0 0 0 0 0 0 0 0 0 0 0 0 0 0 0 0 0 0 0 0 0 0 0 0 0 0 0 0 0 0 0 0 0 0 0 0 0 0 0 0 0 0 0 0 0 0 0 0 0 0 0 0 0 0 0]
[1427540514177443590547096167343567249052797590331479237637698634598438256801695295080214756992176409961578213871221508804764465466761348101507532294552202617413209796228530651913087973561855401498681028275242370609399320890965002846186626786918750576322603610096754126104685868940913054244392370137227 0 0 0 0 0 0 0 0 0 0 0 0 0 0 0 0 0 0 0 0 0 0 0 0 0 0 0 0 0 0 0 0 0 0 0 0 0 0 0 0 0 1 0 0 0 0 0 0 0 0 0 0 0 0 0 0 0 0 0 0 0 0 0 0 0 0 0 0 0 0 0 0 0 0 0 0 0 0 0 0 0 0 0 0 0 0 0 0 0 0 0 0 0 0 0 0 0 0 0]
[2255288835755964380126554714871956038570133853550613180101416410218763667289874559682679028820936738231386995121019737952675649842976445904001959973629119286947175073578669896386933264363375478951636940085729202797331608249006763351471666179606970979602750000681635690153772727324849368813376080273226 0 0 0 0 0 0 0 0 0 0 0 0 0 0 0 0 0 0 0 0 0 0 0 0 0 0 0 0 0 0 0 0 0 0 0 0 0 0 0 0 0 0 1 0 0 0 0 0 0 0 0 0 0 0 0 0 0 0 0 0 0 0 0 0 0 0 0 0 0 0 0 0 0 0 0 0 0 0 0 0 0 0 0 0 0 0 0 0 0 0 0 0 0 0 0 0 0 0 0]
[1175196694332099197094316589943136738635588231286486837354310700045626030133904322858798266768790064979975140220391925144597279261747985416902330142012278051461489523819895683139562104362016891771354070288659782855779266017030870825475125641635180641797883631333366778811295245617499234147352641230582 0 0 0 0 0 0 0 0 0 0 0 0 0 0 0 0 0 0 0 0 0 0 0 0 0 0 0 0 0 0 0 0 0 0 0 0 0 0 0 0 0 0 0 1 0 0 0 0 0 0 0 0 0 0 0 0 0 0 0 0 0 0 0 0 0 0 0 0 0 0 0 0 0 0 0 0 0 0 0 0 0 0 0 0 0 0 0 0 0 0 0 0 0 0 0 0 0 0 0]
[2849572652229014240537579861109474862627350632778637036471844073153941822912979998663681078933429086235078565540188894221875207807337260088597106880989514629310606979080612409860276991349203055041461695052667031585239163103731311998590445561065863386856927021775943947665928822274557352141551393955541 0 0 0 0 0 0 0 0 0 0 0 0 0 0 0 0 0 0 0 0 0 0 0 0 0 0 0 0 0 0 0 0 0 0 0 0 0 0 0 0 0 0 0 0 1 0 0 0 0 0 0 0 0 0 0 0 0 0 0 0 0 0 0 0 0 0 0 0 0 0 0 0 0 0 0 0 0 0 0 0 0 0 0 0 0 0 0 0 0 0 0 0 0 0 0 0 0 0 0]
[222252201402775897648388582418189696670674336592866502202272158617500697557850357669959663285951853526818830213051155978567988110437250668243645395176230625067481139593091160475879446565685130317265137351900876217966803861816272551777337244823667128724396140915990590028459378062690320454760950366089 0 0 0 0 0 0 0 0 0 0 0 0 0 0 0 0 0 0 0 0 0 0 0 0 0 0 0 0 0 0 0 0 0 0 0 0 0 0 0 0 0 0 0 0 0 1 0 0 0 0 0 0 0 0 0 0 0 0 0 0 0 0 0 0 0 0 0 0 0 0 0 0 0 0 0 0 0 0 0 0 0 0 0 0 0 0 0 0 0 0 0 0 0 0 0 0 0 0 0]
[4265315462860734291424144256390669497910362981089569887269675892748503517201194617319089252202911822489146528879284542926449070641486937503032431117742936970807966914742834206544890417227886473394585675957678030139493385956072664242488001738507761140906645960118234530772965595033523151537471596129955 0 0 0 0 0 0 0 0 0 0 0 0 0 0 0 0 0 0 0 0 0 0 0 0 0 0 0 0 0 0 0 0 0 0 0 0 0 0 0 0 0 0 0 0 0 0 1 0 0 0 0 0 0 0 0 0 0 0 0 0 0 0 0 0 0 0 0 0 0 0 0 0 0 0 0 0 0 0 0 0 0 0 0 0 0 0 0 0 0 0 0 0 0 0 0 0 0 0 0]
[4871511312625050926976045133119527182299066202850493269789609803630563025616211939507615031288075188549939951082925617481027379452681946332346916159332787288715577722097158171779667529852091630134532381961620123645674303145811259694300655613058260199541163280601362583279350056933803087404208220351204 0 0 0 0 0 0 0 0 0 0 0 0 0 0 0 0 0 0 0 0 0 0 0 0 0 0 0 0 0 0 0 0 0 0 0 0 0 0 0 0 0 0 0 0 0 0 0 1 0 0 0 0 0 0 0 0 0 0 0 0 0 0 0 0 0 0 0 0 0 0 0 0 0 0 0 0 0 0 0 0 0 0 0 0 0 0 0 0 0 0 0 0 0 0 0 0 0 0 0]
[5296940818207343914184161251982332882917355184816613835508137654979637973173834410839999956179319005058665157738604571668288247811408655454762839813910635702048160238873828166975217589407923765912092980828999973900912585722063435135061348171619162814764413298779107944330761700612964695796743153823850 0 0 0 0 0 0 0 0 0 0 0 0 0 0 0 0 0 0 0 0 0 0 0 0 0 0 0 0 0 0 0 0 0 0 0 0 0 0 0 0 0 0 0 0 0 0 0 0 1 0 0 0 0 0 0 0 0 0 0 0 0 0 0 0 0 0 0 0 0 0 0 0 0 0 0 0 0 0 0 0 0 0 0 0 0 0 0 0 0 0 0 0 0 0 0 0 0 0 0]
[5450389540999776388360220908926805070524685521510656964350352611734590248587903372701719078299576956201680007931356548089955822261605637479701287967018447485000989233795571261505687428209159514187264593733306822409997113246089496333827942034036095760680447343467087151086334869300612211296442795117472 0 0 0 0 0 0 0 0 0 0 0 0 0 0 0 0 0 0 0 0 0 0 0 0 0 0 0 0 0 0 0 0 0 0 0 0 0 0 0 0 0 0 0 0 0 0 0 0 0 1 0 0 0 0 0 0 0 0 0 0 0 0 0 0 0 0 0 0 0 0 0 0 0 0 0 0 0 0 0 0 0 0 0 0 0 0 0 0 0 0 0 0 0 0 0 0 0 0 0]
[2044185544202085564814433072723464577585618813130304300311762259163665507617742187811807601113432849995159960601984342949382036580907431861908847669505780400614936218861656927725714354052584861435477449750228600238972207162341849065423402592221802765983505601464951052568971151449482440011806761718740 0 0 0 0 0 0 0 0 0 0 0 0 0 0 0 0 0 0 0 0 0 0 0 0 0 0 0 0 0 0 0 0 0 0 0 0 0 0 0 0 0 0 0 0 0 0 0 0 0 0 1 0 0 0 0 0 0 0 0 0 0 0 0 0 0 0 0 0 0 0 0 0 0 0 0 0 0 0 0 0 0 0 0 0 0 0 0 0 0 0 0 0 0 0 0 0 0 0 0]
[2811241509599948355823027619487309974458928727847334479088440096379294707809677698615303458748237955082255455095325753978939640275260509789699428820248143606951561552845975891490209500759727467340495385497758691667840863662260223285689687524683444657611840837785400546799930415890712627818190844523047 0 0 0 0 0 0 0 0 0 0 0 0 0 0 0 0 0 0 0 0 0 0 0 0 0 0 0 0 0 0 0 0 0 0 0 0 0 0 0 0 0 0 0 0 0 0 0 0 0 0 0 1 0 0 0 0 0 0 0 0 0 0 0 0 0 0 0 0 0 0 0 0 0 0 0 0 0 0 0 0 0 0 0 0 0 0 0 0 0 0 0 0 0 0 0 0 0 0 0]
[1834824118138485582846002822356546527605026030031402367348632422173226267573787399459793637758151835006890177645310601064193197028245344887891482109544220564665046864598495000417862519207084621436876711754760641503601524385152077224119075111650350965568996158815293696019659720692061016235860833922324 0 0 0 0 0 0 0 0 0 0 0 0 0 0 0 0 0 0 0 0 0 0 0 0 0 0 0 0 0 0 0 0 0 0 0 0 0 0 0 0 0 0 0 0 0 0 0 0 0 0 0 0 1 0 0 0 0 0 0 0 0 0 0 0 0 0 0 0 0 0 0 0 0 0 0 0 0 0 0 0 0 0 0 0 0 0 0 0 0 0 0 0 0 0 0 0 0 0 0]
[1958505624863811743221036920720231496638330595986365851501979529853071250991586999867885585401589998591824788160331786808084409155179542870745304802630118011954618981640151704444092603493734030369732473376549724592827014663536757031356786140691622307642987074889567581326670831613501588218276888959179 0 0 0 0 0 0 0 0 0 0 0 0 0 0 0 0 0 0 0 0 0 0 0 0 0 0 0 0 0 0 0 0 0 0 0 0 0 0 0 0 0 0 0 0 0 0 0 0 0 0 0 0 0 1 0 0 0 0 0 0 0 0 0 0 0 0 0 0 0 0 0 0 0 0 0 0 0 0 0 0 0 0 0 0 0 0 0 0 0 0 0 0 0 0 0 0 0 0 0]
[83424658841008455348578618935551699192283815874245431990288187247705799864697746236813248677944201489906434422608963429583287329578793763153242804085499862538608007116475399754654650200287988458270564346766981216216052851735715064014744602897076338860957308300901739802358635312967603315121588936339 0 0 0 0 0 0 0 0 0 0 0 0 0 0 0 0 0 0 0 0 0 0 0 0 0 0 0 0 0 0 0 0 0 0 0 0 0 0 0 0 0 0 0 0 0 0 0 0 0 0 0 0 0 0 1 0 0 0 0 0 0 0 0 0 0 0 0 0 0 0 0 0 0 0 0 0 0 0 0 0 0 0 0 0 0 0 0 0 0 0 0 0 0 0 0 0 0 0 0]
[2896338487691023599729756101871010513989303437228958096193113875805712062962946326921017948879455673384440405696060770266480052256829110338655641899587423420134724883176558447711917342538038257003828106489279718483509816258363862613863625117454254454827113093242923472109706974957205465167564731386163 0 0 0 0 0 0 0 0 0 0 0 0 0 0 0 0 0 0 0 0 0 0 0 0 0 0 0 0 0 0 0 0 0 0 0 0 0 0 0 0 0 0 0 0 0 0 0 0 0 0 0 0 0 0 0 1 0 0 0 0 0 0 0 0 0 0 0 0 0 0 0 0 0 0 0 0 0 0 0 0 0 0 0 0 0 0 0 0 0 0 0 0 0 0 0 0 0 0 0]
[1124282604312995439897217665676774770468124534139227284402557436552398969184412820813523384430423854002240934529917517669379067664095499683242753751419206270721074864193536509022789277124005001551398134387412002037813818996150325861940936308642058844685286358629886762524137815978878690437017498581094 0 0 0 0 0 0 0 0 0 0 0 0 0 0 0 0 0 0 0 0 0 0 0 0 0 0 0 0 0 0 0 0 0 0 0 0 0 0 0 0 0 0 0 0 0 0 0 0 0 0 0 0 0 0 0 0 1 0 0 0 0 0 0 0 0 0 0 0 0 0 0 0 0 0 0 0 0 0 0 0 0 0 0 0 0 0 0 0 0 0 0 0 0 0 0 0 0 0 0]
[1073155086240351019746676475682006028321415263118146339888255572490278608872268825168499411804318168508201729445931256012331612293615217717538479114559212889880212280190183464617030110243911730311009737220628569070861218216535384076579463599189476398657309569185205865346879644393757266954570739804776 0 0 0 0 0 0 0 0 0 0 0 0 0 0 0 0 0 0 0 0 0 0 0 0 0 0 0 0 0 0 0 0 0 0 0 0 0 0 0 0 0 0 0 0 0 0 0 0 0 0 0 0 0 0 0 0 0 1 0 0 0 0 0 0 0 0 0 0 0 0 0 0 0 0 0 0 0 0 0 0 0 0 0 0 0 0 0 0 0 0 0 0 0 0 0 0 0 0 0]
[1418819447798223996150863890408748086714414094431498816085945920328888254938135182477639510645194094016459313969292563690393089092338857310682243435685411316668524562033649587074903369235749784613190315366723613077342559641671280916002468463120209575896619951485243492583727967608394552519383937736793 0 0 0 0 0 0 0 0 0 0 0 0 0 0 0 0 0 0 0 0 0 0 0 0 0 0 0 0 0 0 0 0 0 0 0 0 0 0 0 0 0 0 0 0 0 0 0 0 0 0 0 0 0 0 0 0 0 0 1 0 0 0 0 0 0 0 0 0 0 0 0 0 0 0 0 0 0 0 0 0 0 0 0 0 0 0 0 0 0 0 0 0 0 0 0 0 0 0 0]
[1432580007919500378264622022908751788573898840678305419358433833649141749844948017602568204839335329164561227031085544600221411254575118148129068669051453033174907552534951665608018518150461874068298463010216021797352787546308155715824139472901007165659731786254941200249607829975119548199670234604347 0 0 0 0 0 0 0 0 0 0 0 0 0 0 0 0 0 0 0 0 0 0 0 0 0 0 0 0 0 0 0 0 0 0 0 0 0 0 0 0 0 0 0 0 0 0 0 0 0 0 0 0 0 0 0 0 0 0 0 1 0 0 0 0 0 0 0 0 0 0 0 0 0 0 0 0 0 0 0 0 0 0 0 0 0 0 0 0 0 0 0 0 0 0 0 0 0 0 0]
[3636031619913371309746014506781320488585117083078872524564323549392832494280510367911595099057980019305649663823931400427221286843111381013014704062959829207066554308008206226818294405022087540782350074981341007920846444899697193789632656883310441594106237354611285059265927270335103679230170515378748 0 0 0 0 0 0 0 0 0 0 0 0 0 0 0 0 0 0 0 0 0 0 0 0 0 0 0 0 0 0 0 0 0 0 0 0 0 0 0 0 0 0 0 0 0 0 0 0 0 0 0 0 0 0 0 0 0 0 0 0 1 0 0 0 0 0 0 0 0 0 0 0 0 0 0 0 0 0 0 0 0 0 0 0 0 0 0 0 0 0 0 0 0 0 0 0 0 0 0]
[1390076692028746131635344029678292502964087246897474582533679126362135263023924738995383030084013695224107870079118474363142012443399311919770546737045127644372004412958806517052302108594329178905889822403923760753280752899264651819371760531595997131657888981472222138292576078096546927626755369052990 0 0 0 0 0 0 0 0 0 0 0 0 0 0 0 0 0 0 0 0 0 0 0 0 0 0 0 0 0 0 0 0 0 0 0 0 0 0 0 0 0 0 0 0 0 0 0 0 0 0 0 0 0 0 0 0 0 0 0 0 0 1 0 0 0 0 0 0 0 0 0 0 0 0 0 0 0 0 0 0 0 0 0 0 0 0 0 0 0 0 0 0 0 0 0 0 0 0 0]
[1907815524865590822744239346711385434624517621629812228323088909705244530740066473805293115040621376118719720044988177217164766580916939293899757836208037890683455654945462500079515265186360987806105835990469076103165603985105455240732730361217063290200150557530881398745760687507796179428730232218017 0 0 0 0 0 0 0 0 0 0 0 0 0 0 0 0 0 0 0 0 0 0 0 0 0 0 0 0 0 0 0 0 0 0 0 0 0 0 0 0 0 0 0 0 0 0 0 0 0 0 0 0 0 0 0 0 0 0 0 0 0 0 1 0 0 0 0 0 0 0 0 0 0 0 0 0 0 0 0 0 0 0 0 0 0 0 0 0 0 0 0 0 0 0 0 0 0 0 0]
[1234967934454862833387892347220730386659351097684749535978162962647163182029177219294318444816295476883590256490630175248030256893244415390558891405491847048489401923408344155127171478520188733746901243755263563202837903964672222094686074571237240980372406134875385566065967962428845633177381455679546 0 0 0 0 0 0 0 0 0 0 0 0 0 0 0 0 0 0 0 0 0 0 0 0 0 0 0 0 0 0 0 0 0 0 0 0 0 0 0 0 0 0 0 0 0 0 0 0 0 0 0 0 0 0 0 0 0 0 0 0 0 0 0 1 0 0 0 0 0 0 0 0 0 0 0 0 0 0 0 0 0 0 0 0 0 0 0 0 0 0 0 0 0 0 0 0 0 0 0]
[5605460992600147506165033456938509928189027840613619874118067298875433052677970348959276357176517664178476460947801067314461616430793067605415956564396349136340604453048587244114012482708350800126028068096616421803698040584247779675998319440171863869153069090852672122873149369860753744549859154379988 0 0 0 0 0 0 0 0 0 0 0 0 0 0 0 0 0 0 0 0 0 0 0 0 0 0 0 0 0 0 0 0 0 0 0 0 0 0 0 0 0 0 0 0 0 0 0 0 0 0 0 0 0 0 0 0 0 0 0 0 0 0 0 0 1 0 0 0 0 0 0 0 0 0 0 0 0 0 0 0 0 0 0 0 0 0 0 0 0 0 0 0 0 0 0 0 0 0 0]
[4761703909910468630698945918030677358830953735035259096789733120052960254085713305806982772502220709526073288084784904846746453526549827442436148765935800468450171287618210760963410712146304483552350803156287932295169245197451425170987766923730511626526676888388946371053276504028014624963723176119225 0 0 0 0 0 0 0 0 0 0 0 0 0 0 0 0 0 0 0 0 0 0 0 0 0 0 0 0 0 0 0 0 0 0 0 0 0 0 0 0 0 0 0 0 0 0 0 0 0 0 0 0 0 0 0 0 0 0 0 0 0 0 0 0 0 1 0 0 0 0 0 0 0 0 0 0 0 0 0 0 0 0 0 0 0 0 0 0 0 0 0 0 0 0 0 0 0 0 0]
[309510789881325761729748863318045258746832067111121426745696456624339371645030857913977216259209528719840292118527838008653953572697410522772757780759940825512646044082031755052516911920546403399153948693635475644467890624561110387991393176857970320615730928170489854237495817256849558123008681595637 0 0 0 0 0 0 0 0 0 0 0 0 0 0 0 0 0 0 0 0 0 0 0 0 0 0 0 0 0 0 0 0 0 0 0 0 0 0 0 0 0 0 0 0 0 0 0 0 0 0 0 0 0 0 0 0 0 0 0 0 0 0 0 0 0 0 1 0 0 0 0 0 0 0 0 0 0 0 0 0 0 0 0 0 0 0 0 0 0 0 0 0 0 0 0 0 0 0 0]
[129793177247381424231784808798549697503757836632436087052034826408730350582402704613646619068343769036859258993543081881478320383384150820542024831736616856517157674060844652781885173026457994291191697500368876239360546685696434535226732424787207673679098102177210616307221815615480845354973695964501 0 0 0 0 0 0 0 0 0 0 0 0 0 0 0 0 0 0 0 0 0 0 0 0 0 0 0 0 0 0 0 0 0 0 0 0 0 0 0 0 0 0 0 0 0 0 0 0 0 0 0 0 0 0 0 0 0 0 0 0 0 0 0 0 0 0 0 1 0 0 0 0 0 0 0 0 0 0 0 0 0 0 0 0 0 0 0 0 0 0 0 0 0 0 0 0 0 0 0]
[4626082088281852037927381090609111493882307757010293983718200803428257433975492466755553263288392322821232703406825739896780921039400562742299348684905162880850153379621003855265979572906238454867624777403227526417048573809130520397695721680349308038724945585814060594430505264056229636724955224975385 0 0 0 0 0 0 0 0 0 0 0 0 0 0 0 0 0 0 0 0 0 0 0 0 0 0 0 0 0 0 0 0 0 0 0 0 0 0 0 0 0 0 0 0 0 0 0 0 0 0 0 0 0 0 0 0 0 0 0 0 0 0 0 0 0 0 0 0 1 0 0 0 0 0 0 0 0 0 0 0 0 0 0 0 0 0 0 0 0 0 0 0 0 0 0 0 0 0 0]
[3253848916915524107821131069613366811232912112618337714280766222305143588742087914361388794163129058290396654228655137473794816346684409079072403611514083796388344134716537773939173743359741193361681902685264323593843895359832108367430105357920288876250371963446907186495394538111104928551203875887475 0 0 0 0 0 0 0 0 0 0 0 0 0 0 0 0 0 0 0 0 0 0 0 0 0 0 0 0 0 0 0 0 0 0 0 0 0 0 0 0 0 0 0 0 0 0 0 0 0 0 0 0 0 0 0 0 0 0 0 0 0 0 0 0 0 0 0 0 0 1 0 0 0 0 0 0 0 0 0 0 0 0 0 0 0 0 0 0 0 0 0 0 0 0 0 0 0 0 0]
[2975209164260489846743793191024077485023645662098523035459657449509894945635279552610861121777776107208005769720134097779703815288741929075499889413420081313404453101183585223178963804247022004743048135819076987608328403922963445462091677507534078029124500077993455548999777420774650077180543844423289 0 0 0 0 0 0 0 0 0 0 0 0 0 0 0 0 0 0 0 0 0 0 0 0 0 0 0 0 0 0 0 0 0 0 0 0 0 0 0 0 0 0 0 0 0 0 0 0 0 0 0 0 0 0 0 0 0 0 0 0 0 0 0 0 0 0 0 0 0 0 1 0 0 0 0 0 0 0 0 0 0 0 0 0 0 0 0 0 0 0 0 0 0 0 0 0 0 0 0]
[4239164879210368091148365295737459201062739420016098012410622425638528475336986456818217819027001274696044403272748840591713333182846624208994325195341474765799939471994073909096533100644302777411793680382412315480358770036679167847215890270131038896234278049816425967000049655973959875839535017867747 0 0 0 0 0 0 0 0 0 0 0 0 0 0 0 0 0 0 0 0 0 0 0 0 0 0 0 0 0 0 0 0 0 0 0 0 0 0 0 0 0 0 0 0 0 0 0 0 0 0 0 0 0 0 0 0 0 0 0 0 0 0 0 0 0 0 0 0 0 0 0 1 0 0 0 0 0 0 0 0 0 0 0 0 0 0 0 0 0 0 0 0 0 0 0 0 0 0 0]
[1257225448126930326829110741398215795187866474551132407908820181358260465522146749906381915856276035549655069257142913296484738175483164080345492845130214370707127983298075909562059244715882362770852314333276941463488852243597575776382522537024747538675671066138435945729007303273099109945534304613193 0 0 0 0 0 0 0 0 0 0 0 0 0 0 0 0 0 0 0 0 0 0 0 0 0 0 0 0 0 0 0 0 0 0 0 0 0 0 0 0 0 0 0 0 0 0 0 0 0 0 0 0 0 0 0 0 0 0 0 0 0 0 0 0 0 0 0 0 0 0 0 0 1 0 0 0 0 0 0 0 0 0 0 0 0 0 0 0 0 0 0 0 0 0 0 0 0 0 0]
[4952275378509822896919431171558628569959830050885221290364675263802321106538157932682398909319701941374907711143280084538693076418148572974421312071535925302465014177963214770782797053963166907064525785322592478248353304824624767020278083629968540212125087647562235871862419078677870614664665373604609 0 0 0 0 0 0 0 0 0 0 0 0 0 0 0 0 0 0 0 0 0 0 0 0 0 0 0 0 0 0 0 0 0 0 0 0 0 0 0 0 0 0 0 0 0 0 0 0 0 0 0 0 0 0 0 0 0 0 0 0 0 0 0 0 0 0 0 0 0 0 0 0 0 1 0 0 0 0 0 0 0 0 0 0 0 0 0 0 0 0 0 0 0 0 0 0 0 0 0]
[4444085363903691252626875212615373504706997213255718561963179229224920258525133873192678921968137430317544832706852693828505567399899713056672505212264492215403502585273040903586405847836446892365860905848072590988930052197395854089271181488338727510036941713398850006352028167128843227134918188596714 0 0 0 0 0 0 0 0 0 0 0 0 0 0 0 0 0 0 0 0 0 0 0 0 0 0 0 0 0 0 0 0 0 0 0 0 0 0 0 0 0 0 0 0 0 0 0 0 0 0 0 0 0 0 0 0 0 0 0 0 0 0 0 0 0 0 0 0 0 0 0 0 0 0 1 0 0 0 0 0 0 0 0 0 0 0 0 0 0 0 0 0 0 0 0 0 0 0 0]
[4822298089889976403208811585515972528134213718080190182738561104174369429773951223253990810557346604174176719106389676006969481830885278571929394917280298869746900869124519237809020549646198694361202226436940513397971202529760366116252371094061083269752102118231500024725990180589852462541756290722425 0 0 0 0 0 0 0 0 0 0 0 0 0 0 0 0 0 0 0 0 0 0 0 0 0 0 0 0 0 0 0 0 0 0 0 0 0 0 0 0 0 0 0 0 0 0 0 0 0 0 0 0 0 0 0 0 0 0 0 0 0 0 0 0 0 0 0 0 0 0 0 0 0 0 0 1 0 0 0 0 0 0 0 0 0 0 0 0 0 0 0 0 0 0 0 0 0 0 0]
[5224177156620312073132754412894432158783644883978559167283310237366339597942251993013080009013365212251731380526420163747774598296380965148448823936118153208043422246255214835591978703243676149606051556708237735162942144314240440824503776189007604038860633247791632799863789226152606005161058362412107 0 0 0 0 0 0 0 0 0 0 0 0 0 0 0 0 0 0 0 0 0 0 0 0 0 0 0 0 0 0 0 0 0 0 0 0 0 0 0 0 0 0 0 0 0 0 0 0 0 0 0 0 0 0 0 0 0 0 0 0 0 0 0 0 0 0 0 0 0 0 0 0 0 0 0 0 1 0 0 0 0 0 0 0 0 0 0 0 0 0 0 0 0 0 0 0 0 0 0]
[2674148177039532954412657802892947830230124052188404762662309996427755240546154012625348419249558112737616315972627150537468351044135208284308689925623251659700193627856846878049801199534141903714473917946159242345959983831254180742886255441299329859203272721215937953998216783991531911767139666017045 0 0 0 0 0 0 0 0 0 0 0 0 0 0 0 0 0 0 0 0 0 0 0 0 0 0 0 0 0 0 0 0 0 0 0 0 0 0 0 0 0 0 0 0 0 0 0 0 0 0 0 0 0 0 0 0 0 0 0 0 0 0 0 0 0 0 0 0 0 0 0 0 0 0 0 0 0 1 0 0 0 0 0 0 0 0 0 0 0 0 0 0 0 0 0 0 0 0 0]
[1584243740154788152507952887759534719811172498713927191012377902216601386277463423030251249789345645857182201149689243225007011533931708796469923374833250120598813924176038649589451743091994696493061274241202662347049562580274657510373280857556225655619341579946285781644993991801075249748917181686754 0 0 0 0 0 0 0 0 0 0 0 0 0 0 0 0 0 0 0 0 0 0 0 0 0 0 0 0 0 0 0 0 0 0 0 0 0 0 0 0 0 0 0 0 0 0 0 0 0 0 0 0 0 0 0 0 0 0 0 0 0 0 0 0 0 0 0 0 0 0 0 0 0 0 0 0 0 0 1 0 0 0 0 0 0 0 0 0 0 0 0 0 0 0 0 0 0 0 0]
[5566198280058178550378267970563744780429653497613781398692188345101286169520883039280964192034811540932432736285824930017390445576010635913757845598686776358641021683584750855481077750519670960681105510784275894468303107012261142778395823188550154498970112076054026715672283869280150892974404739096152 0 0 0 0 0 0 0 0 0 0 0 0 0 0 0 0 0 0 0 0 0 0 0 0 0 0 0 0 0 0 0 0 0 0 0 0 0 0 0 0 0 0 0 0 0 0 0 0 0 0 0 0 0 0 0 0 0 0 0 0 0 0 0 0 0 0 0 0 0 0 0 0 0 0 0 0 0 0 0 1 0 0 0 0 0 0 0 0 0 0 0 0 0 0 0 0 0 0 0]
[1414131361777521985185805448175202886064129394441446692041528920342635143546002028146878869135255568919557812195179457640024549284867797161472853134003181542932811334914110857018913812712153140553380550507212258409422586700450729917415624992070896816973364902448512224786932135358067063633411942166613 0 0 0 0 0 0 0 0 0 0 0 0 0 0 0 0 0 0 0 0 0 0 0 0 0 0 0 0 0 0 0 0 0 0 0 0 0 0 0 0 0 0 0 0 0 0 0 0 0 0 0 0 0 0 0 0 0 0 0 0 0 0 0 0 0 0 0 0 0 0 0 0 0 0 0 0 0 0 0 0 1 0 0 0 0 0 0 0 0 0 0 0 0 0 0 0 0 0 0]
[790088399042487819835248336679734736034390634083375630242227983257200518073580164640767143327975991066084809003346884173616667298775891530413260325974731557028098793534271498033435284357062648783856497133801740468994137563293383838237571083989599242958357650290662048328825121282791743880938235060202 0 0 0 0 0 0 0 0 0 0 0 0 0 0 0 0 0 0 0 0 0 0 0 0 0 0 0 0 0 0 0 0 0 0 0 0 0 0 0 0 0 0 0 0 0 0 0 0 0 0 0 0 0 0 0 0 0 0 0 0 0 0 0 0 0 0 0 0 0 0 0 0 0 0 0 0 0 0 0 0 0 1 0 0 0 0 0 0 0 0 0 0 0 0 0 0 0 0 0]
[2501275635729742550444176488421679415959090047672440887471118513856394174348287727744351749647293001336270384947063897270394496665743461126240914388657217538914004586236786058339349520510045664630947764762280296956593156639628612925126580641416506529035458855901257054049721677549496194284268817151054 0 0 0 0 0 0 0 0 0 0 0 0 0 0 0 0 0 0 0 0 0 0 0 0 0 0 0 0 0 0 0 0 0 0 0 0 0 0 0 0 0 0 0 0 0 0 0 0 0 0 0 0 0 0 0 0 0 0 0 0 0 0 0 0 0 0 0 0 0 0 0 0 0 0 0 0 0 0 0 0 0 0 1 0 0 0 0 0 0 0 0 0 0 0 0 0 0 0 0]
[1911758393497576830048033990961852410312188822332972865246873451039562241983631780788542908737157075357005060233284081778448193963419542358280747555743947995144929737887719289128569891812289034049893468438536315992150491063881428962940304702843780068939511086859083623062633686638999829559772492151399 0 0 0 0 0 0 0 0 0 0 0 0 0 0 0 0 0 0 0 0 0 0 0 0 0 0 0 0 0 0 0 0 0 0 0 0 0 0 0 0 0 0 0 0 0 0 0 0 0 0 0 0 0 0 0 0 0 0 0 0 0 0 0 0 0 0 0 0 0 0 0 0 0 0 0 0 0 0 0 0 0 0 0 1 0 0 0 0 0 0 0 0 0 0 0 0 0 0 0]
[1545393053590107983289746935165732542590448710039274526689973974273949959917965629229966149024907504537754527486191236100733862777620248083588648207309645876580445857809214078703087084181428027778677628180203019420579895723641864392648644598678784681407432759448496449923291777070948270859618102715651 0 0 0 0 0 0 0 0 0 0 0 0 0 0 0 0 0 0 0 0 0 0 0 0 0 0 0 0 0 0 0 0 0 0 0 0 0 0 0 0 0 0 0 0 0 0 0 0 0 0 0 0 0 0 0 0 0 0 0 0 0 0 0 0 0 0 0 0 0 0 0 0 0 0 0 0 0 0 0 0 0 0 0 0 1 0 0 0 0 0 0 0 0 0 0 0 0 0 0]
[4396171429781361891940849573271979707539054918465038250747223102372890587715541599782787429810786726966366401410481226516441286490440617863863809615412355003191093672264232405522941290177303518260421129691631178181038473205541669269221195701814848640765277977210303897345803657167257718149215999510866 0 0 0 0 0 0 0 0 0 0 0 0 0 0 0 0 0 0 0 0 0 0 0 0 0 0 0 0 0 0 0 0 0 0 0 0 0 0 0 0 0 0 0 0 0 0 0 0 0 0 0 0 0 0 0 0 0 0 0 0 0 0 0 0 0 0 0 0 0 0 0 0 0 0 0 0 0 0 0 0 0 0 0 0 0 1 0 0 0 0 0 0 0 0 0 0 0 0 0]
[2696478678221597557849462462801821397671690500236585613646725265523858643631017981535090171892663869782908938807777975404269907638365740005268029288437659494628062303829285553052961147580830228466401332317465887137060054991227818012713753153073144709873069248409422734135773718995398888726041792131981 0 0 0 0 0 0 0 0 0 0 0 0 0 0 0 0 0 0 0 0 0 0 0 0 0 0 0 0 0 0 0 0 0 0 0 0 0 0 0 0 0 0 0 0 0 0 0 0 0 0 0 0 0 0 0 0 0 0 0 0 0 0 0 0 0 0 0 0 0 0 0 0 0 0 0 0 0 0 0 0 0 0 0 0 0 0 1 0 0 0 0 0 0 0 0 0 0 0 0]
[3293399678178900093937182217625996677769365213159647093727659217655538994513708485742641907048577572348524751211345183234849816866504309226054358558909060494371243689694687138890027630463966983663346586072566786033035678969287232438064709277529246437941089231556044690525989672515460642872477428620438 0 0 0 0 0 0 0 0 0 0 0 0 0 0 0 0 0 0 0 0 0 0 0 0 0 0 0 0 0 0 0 0 0 0 0 0 0 0 0 0 0 0 0 0 0 0 0 0 0 0 0 0 0 0 0 0 0 0 0 0 0 0 0 0 0 0 0 0 0 0 0 0 0 0 0 0 0 0 0 0 0 0 0 0 0 0 0 1 0 0 0 0 0 0 0 0 0 0 0]
[4178682656389524739582108260142081711215101793452843616949227178948649594831421189109390378152304979077851198026898555084514802466033165165127644172433426105164517275724063968891777802663133251728178566014419050683688339203931579902100640440409464006663536803306845220030447949126715514228257333143092 0 0 0 0 0 0 0 0 0 0 0 0 0 0 0 0 0 0 0 0 0 0 0 0 0 0 0 0 0 0 0 0 0 0 0 0 0 0 0 0 0 0 0 0 0 0 0 0 0 0 0 0 0 0 0 0 0 0 0 0 0 0 0 0 0 0 0 0 0 0 0 0 0 0 0 0 0 0 0 0 0 0 0 0 0 0 0 0 1 0 0 0 0 0 0 0 0 0 0]
[6006153886207999104578574143530174419573189870285395934936651187398246009761048935170367286840177174890465177583938641638282773225848816445944112541957009706308320710407120995694220540597908649602548353487405323852871472028781732429525539709910725964668872724306713858821645045906664050642759553193648 0 0 0 0 0 0 0 0 0 0 0 0 0 0 0 0 0 0 0 0 0 0 0 0 0 0 0 0 0 0 0 0 0 0 0 0 0 0 0 0 0 0 0 0 0 0 0 0 0 0 0 0 0 0 0 0 0 0 0 0 0 0 0 0 0 0 0 0 0 0 0 0 0 0 0 0 0 0 0 0 0 0 0 0 0 0 0 0 0 1 0 0 0 0 0 0 0 0 0]
[4141502033735262871043921600622470960488261127731222347752978089048230857012328363506009657934702076465184992520382471931105286874620446441008276448175027701751141232900272084724590147176186140798368448181138582313547480857414112082310900592913791239369479260656092393877035983526480762730009244493582 0 0 0 0 0 0 0 0 0 0 0 0 0 0 0 0 0 0 0 0 0 0 0 0 0 0 0 0 0 0 0 0 0 0 0 0 0 0 0 0 0 0 0 0 0 0 0 0 0 0 0 0 0 0 0 0 0 0 0 0 0 0 0 0 0 0 0 0 0 0 0 0 0 0 0 0 0 0 0 0 0 0 0 0 0 0 0 0 0 0 1 0 0 0 0 0 0 0 0]
[3740955828390850713126021307597775633958498070626784853243931618323370728710093312360201112970844105474935614919174378876078518898899133354975059825469097491955053215359535482668169649369553194333434764742647872785564253796398712624458924832850114935271471195298785276475910178521212180170812301730905 0 0 0 0 0 0 0 0 0 0 0 0 0 0 0 0 0 0 0 0 0 0 0 0 0 0 0 0 0 0 0 0 0 0 0 0 0 0 0 0 0 0 0 0 0 0 0 0 0 0 0 0 0 0 0 0 0 0 0 0 0 0 0 0 0 0 0 0 0 0 0 0 0 0 0 0 0 0 0 0 0 0 0 0 0 0 0 0 0 0 0 1 0 0 0 0 0 0 0]
[5539732801458517327976658110953028932262123001365351381056712458778163628105838882630498676528247531508650668223432708125195966337278073712686196205382211663910866560768505709451212719474529991574503148549803539872589195721074127355288818962614348194762517934555943271086717389545544391723427824408934 0 0 0 0 0 0 0 0 0 0 0 0 0 0 0 0 0 0 0 0 0 0 0 0 0 0 0 0 0 0 0 0 0 0 0 0 0 0 0 0 0 0 0 0 0 0 0 0 0 0 0 0 0 0 0 0 0 0 0 0 0 0 0 0 0 0 0 0 0 0 0 0 0 0 0 0 0 0 0 0 0 0 0 0 0 0 0 0 0 0 0 0 1 0 0 0 0 0 0]
[2157403140028164867415259151602750354338874260547809595571661580553660260678176021268303653970611604022455515520538873959177268068746761299159239818967723904555232129026031468874686822476323756913706534867075359911150196087696307546162702976845051106073738314835242572365789952994821349752477164749547 0 0 0 0 0 0 0 0 0 0 0 0 0 0 0 0 0 0 0 0 0 0 0 0 0 0 0 0 0 0 0 0 0 0 0 0 0 0 0 0 0 0 0 0 0 0 0 0 0 0 0 0 0 0 0 0 0 0 0 0 0 0 0 0 0 0 0 0 0 0 0 0 0 0 0 0 0 0 0 0 0 0 0 0 0 0 0 0 0 0 0 0 0 1 0 0 0 0 0]
[5389277446453750211017672301971606159063637402295328850130926450632501844002424050826386657852613814009649366914017725325037686717637640959936103471192579476857203021237044428816898502843796742819605224490045067279779431874768086812096249439930468799139502516165338928266359946053599210655855602218587 0 0 0 0 0 0 0 0 0 0 0 0 0 0 0 0 0 0 0 0 0 0 0 0 0 0 0 0 0 0 0 0 0 0 0 0 0 0 0 0 0 0 0 0 0 0 0 0 0 0 0 0 0 0 0 0 0 0 0 0 0 0 0 0 0 0 0 0 0 0 0 0 0 0 0 0 0 0 0 0 0 0 0 0 0 0 0 0 0 0 0 0 0 0 1 0 0 0 0]
[2659714345775093315901563849460971697026368062406569460122475768068243785845536751099475606944666724263347230022102419486299893368499113698071297132565461953038823800926058025860542751204232260667869422751217921589982626312920428681828701598224071080787357432736408857178113963198226190435548145483499 0 0 0 0 0 0 0 0 0 0 0 0 0 0 0 0 0 0 0 0 0 0 0 0 0 0 0 0 0 0 0 0 0 0 0 0 0 0 0 0 0 0 0 0 0 0 0 0 0 0 0 0 0 0 0 0 0 0 0 0 0 0 0 0 0 0 0 0 0 0 0 0 0 0 0 0 0 0 0 0 0 0 0 0 0 0 0 0 0 0 0 0 0 0 0 1 0 0 0]
[770585847195197959334709761136547486172374579404713927917432713795025126567219596691586085685743392609648294616131071041743470993111522133657985039121240997185923337401794195572231266557885761512348540883198876497896412231667253836290815692237350438066023344600690937747062253698842911509743878526380 0 0 0 0 0 0 0 0 0 0 0 0 0 0 0 0 0 0 0 0 0 0 0 0 0 0 0 0 0 0 0 0 0 0 0 0 0 0 0 0 0 0 0 0 0 0 0 0 0 0 0 0 0 0 0 0 0 0 0 0 0 0 0 0 0 0 0 0 0 0 0 0 0 0 0 0 0 0 0 0 0 0 0 0 0 0 0 0 0 0 0 0 0 0 0 0 1 0 0]
[2176923854915682427553410011912147298612927595228835601299989230578469849017421059701255592125577162823529527067359869836444329075035802304983076812691654597573633239088606742270026788157277903965488842685737172880019159651490647822486160033554646644685324595077082911137100660039378175349248231009778 0 0 0 0 0 0 0 0 0 0 0 0 0 0 0 0 0 0 0 0 0 0 0 0 0 0 0 0 0 0 0 0 0 0 0 0 0 0 0 0 0 0 0 0 0 0 0 0 0 0 0 0 0 0 0 0 0 0 0 0 0 0 0 0 0 0 0 0 0 0 0 0 0 0 0 0 0 0 0 0 0 0 0 0 0 0 0 0 0 0 0 0 0 0 0 0 0 1 0]
[1015978744936625073061378237100325022670519116790472250138028856933708972482453368627461637033582816956444039806355114159426961553769759130612146325631854353401610287471690412436407286682400165544891498007090299260272117838659467403684391304002566212647643467853754282767542209043980383042713570212605 0 0 0 0 0 0 0 0 0 0 0 0 0 0 0 0 0 0 0 0 0 0 0 0 0 0 0 0 0 0 0 0 0 0 0 0 0 0 0 0 0 0 0 0 0 0 0 0 0 0 0 0 0 0 0 0 0 0 0 0 0 0 0 0 0 0 0 0 0 0 0 0 0 0 0 0 0 0 0 0 0 0 0 0 0 0 0 0 0 0 0 0 0 0 0 0 0 0 1]
]
