[[7397905212986430488959853115392630356953036130766297532699851369329445850714563313354240944585316648811192819205438632874743296783139549092709161363631355057447414280394012800563313718038796737812815383028742970897737037313836295151878774564071374248392965159727476331641010426859693245063256794195092144811019600947613815671904881 0 0 0 0 0 0 0 0 0 0 0 0 0 0 0 0 0 0 0 0 0 0 0 0 0 0 0 0 0 0 0 0 0 0 0 0 0 0 0 0 0 0 0 0 0 0 0 0 0 0 0 0 0 0 0 0 0 0 0 0 0 0 0 0 0 0 0 0 0 0 0 0 0 0 0 0 0 0 0 0 0 0 0 0 0 0 0 0 0 0 0 0 0 0 0 0 0 0 0 0 0 0 0 0 0 0 0 0 0]
[6816013278452586486874023028924757335232045474128463938402536463097339409133144519775990837884699296102449325694942351732507273067058265369859311733526873566617465510121329702946161664094949785874210878577708939982615477176750183248584389349002658675606846552827026146324793299905963175223926012933874258436931735983672610796740434 1 0 0 0 0 0 0 0 0 0 0 0 0 0 0 0 0 0 0 0 0 0 0 0 0 0 0 0 0 0 0 0 0 0 0 0 0 0 0 0 0 0 0 0 0 0 0 0 0 0 0 0 0 0 0 0 0 0 0 0 0 0 0 0 0 0 0 0 0 0 0 0 0 0 0 0 0 0 0 0 0 0 0 0 0 0 0 0 0 0 0 0 0 0 0 0 0 0 0 0 0 0 0 0 0 0 0 0 0]
[4484312217029872333600756304727977083646767179998983246768740787157524433554863098030782929019817488992125317660469182817197806257489117503983961390153982173339151017204296295183759711895583231617995579152338748703559833155651881890980888612482981275408237749133651902851824895397170071559377632715899510464904488775748510275697922 0 1 0 0 0 0 0 0 0 0 0 0 0 0 0 0 0 0 0 0 0 0 0 0 0 0 0 0 0 0 0 0 0 0 0 0 0 0 0 0 0 0 0 0 0 0 0 0 0 0 0 0 0 0 0 0 0 0 0 0 0 0 0 0 0 0 0 0 0 0 0 0 0 0 0 0 0 0 0 0 0 0 0 0 0 0 0 0 0 0 0 0 0 0 0 0 0 0 0 0 0 0 0 0 0 0 0 0 0]
[2472235282299740077340232769913067822846567929111573979898852384699941713255518784352355678098628813425159244296375233734254817347789425481068212199392599204037674583991030192371070478095107900731394088470394813775064900127843176816454983296635787759009239372853884894170681753058130086425299379660056919346230511585529894525313780 0 0 1 0 0 0 0 0 0 0 0 0 0 0 0 0 0 0 0 0 0 0 0 0 0 0 0 0 0 0 0 0 0 0 0 0 0 0 0 0 0 0 0 0 0 0 0 0 0 0 0 0 0 0 0 0 0 0 0 0 0 0 0 0 0 0 0 0 0 0 0 0 0 0 0 0 0 0 0 0 0 0 0 0 0 0 0 0 0 0 0 0 0 0 0 0 0 0 0 0 0 0 0 0 0 0 0 0 0]
[4237268256802801973530600837586069074464090681048311488771843979352326142989242443554994487353303968880214661222938305396450665147887798310464612682501939362137497194855884516828393070819906550384518355743783230208717793039460915653587987328431168653560977842671438693217098320886970204654955220162883763799935405154024072030809559 0 0 0 1 0 0 0 0 0 0 0 0 0 0 0 0 0 0 0 0 0 0 0 0 0 0 0 0 0 0 0 0 0 0 0 0 0 0 0 0 0 0 0 0 0 0 0 0 0 0 0 0 0 0 0 0 0 0 0 0 0 0 0 0 0 0 0 0 0 0 0 0 0 0 0 0 0 0 0 0 0 0 0 0 0 0 0 0 0 0 0 0 0 0 0 0 0 0 0 0 0 0 0 0 0 0 0 0 0]
[314694222705836968749072473506165308508176279479824588025375178428135192002703328023320358432629926668643939459852920755139816063593408147921700216226306782001701170345172007641105375872661431230471174588442941657511547431869857529580460681088529980993327253651554431631321729129663263882978876601336660480061646444106999538146689 0 0 0 0 1 0 0 0 0 0 0 0 0 0 0 0 0 0 0 0 0 0 0 0 0 0 0 0 0 0 0 0 0 0 0 0 0 0 0 0 0 0 0 0 0 0 0 0 0 0 0 0 0 0 0 0 0 0 0 0 0 0 0 0 0 0 0 0 0 0 0 0 0 0 0 0 0 0 0 0 0 0 0 0 0 0 0 0 0 0 0 0 0 0 0 0 0 0 0 0 0 0 0 0 0 0 0 0 0]
[4389215664808884061405454538136842572404575176400713627905334763151455470380490016402207003076836606189998838460410309958106247654534713575042769350028502938079393918942972304323352252516679800168886330533065599936624277332949923088839788895358801240554565992778773241984141403058277291417845230386338640087163506445671703824446550 0 0 0 0 0 1 0 0 0 0 0 0 0 0 0 0 0 0 0 0 0 0 0 0 0 0 0 0 0 0 0 0 0 0 0 0 0 0 0 0 0 0 0 0 0 0 0 0 0 0 0 0 0 0 0 0 0 0 0 0 0 0 0 0 0 0 0 0 0 0 0 0 0 0 0 0 0 0 0 0 0 0 0 0 0 0 0 0 0 0 0 0 0 0 0 0 0 0 0 0 0 0 0 0 0 0 0 0 0]
[3250231893973329898058607169174792818877372223798384910799295925270255951751373010446665053969151081102289385206996299614998999707969927428023757940336389393746550478872349502652152473510475014010830616555823572312473834790215324632028101475606358978716944831726676747443600633996219522218880547701193120342920051767898122156235683 0 0 0 0 0 0 1 0 0 0 0 0 0 0 0 0 0 0 0 0 0 0 0 0 0 0 0 0 0 0 0 0 0 0 0 0 0 0 0 0 0 0 0 0 0 0 0 0 0 0 0 0 0 0 0 0 0 0 0 0 0 0 0 0 0 0 0 0 0 0 0 0 0 0 0 0 0 0 0 0 0 0 0 0 0 0 0 0 0 0 0 0 0 0 0 0 0 0 0 0 0 0 0 0 0 0 0 0 0]
[6324660701792982424103469367357293804202374386816908289735791505229104353500849647277609459390049442139124807401981062066459624184712179038096724830733550924347778014460641133463476230665009782804609316910619959405959880316167625738623195463594764997993113773156200899646482846857161343015423774991886892524361298956185537036281429 0 0 0 0 0 0 0 1 0 0 0 0 0 0 0 0 0 0 0 0 0 0 0 0 0 0 0 0 0 0 0 0 0 0 0 0 0 0 0 0 0 0 0 0 0 0 0 0 0 0 0 0 0 0 0 0 0 0 0 0 0 0 0 0 0 0 0 0 0 0 0 0 0 0 0 0 0 0 0 0 0 0 0 0 0 0 0 0 0 0 0 0 0 0 0 0 0 0 0 0 0 0 0 0 0 0 0 0 0]
[5056982443795088759975125753343631441130523150511325529828365890476590076918245536170198114126348744167012935324704255962972281486112838702372309533246414619254273449324548874369424238760584694474962046543986275793291441407618661760886689674309788795767189134629315685094290941103566971575774737845368656803666075666663264370020180 0 0 0 0 0 0 0 0 1 0 0 0 0 0 0 0 0 0 0 0 0 0 0 0 0 0 0 0 0 0 0 0 0 0 0 0 0 0 0 0 0 0 0 0 0 0 0 0 0 0 0 0 0 0 0 0 0 0 0 0 0 0 0 0 0 0 0 0 0 0 0 0 0 0 0 0 0 0 0 0 0 0 0 0 0 0 0 0 0 0 0 0 0 0 0 0 0 0 0 0 0 0 0 0 0 0 0 0 0]
[3204193657260986773583143972897982298779890981905260737346839777735486858420881483279403897946850040907476344722803173370425738833174825510019033804291425038390910665486336685014048946205874595360483761918317681507394127561542053280836525375351188092828180222608345828385112037240350613485723917859926647394245852593755023832723469 0 0 0 0 0 0 0 0 0 1 0 0 0 0 0 0 0 0 0 0 0 0 0 0 0 0 0 0 0 0 0 0 0 0 0 0 0 0 0 0 0 0 0 0 0 0 0 0 0 0 0 0 0 0 0 0 0 0 0 0 0 0 0 0 0 0 0 0 0 0 0 0 0 0 0 0 0 0 0 0 0 0 0 0 0 0 0 0 0 0 0 0 0 0 0 0 0 0 0 0 0 0 0 0 0 0 0 0 0]
[1571650115002943439413107154477831574994151879728681989933389609642064964245662746900686413149585797772138333460096925974512752173029552344875636110727506586792893620136048809754314971154989533728690147390672190072762385857193324115639724584197895919059123698317182205745600302445449166853262605327071416479000541552424432062068462 0 0 0 0 0 0 0 0 0 0 1 0 0 0 0 0 0 0 0 0 0 0 0 0 0 0 0 0 0 0 0 0 0 0 0 0 0 0 0 0 0 0 0 0 0 0 0 0 0 0 0 0 0 0 0 0 0 0 0 0 0 0 0 0 0 0 0 0 0 0 0 0 0 0 0 0 0 0 0 0 0 0 0 0 0 0 0 0 0 0 0 0 0 0 0 0 0 0 0 0 0 0 0 0 0 0 0 0 0]
[2304996241072923188118891349078868992141522118313466518842136945477667309315749923500363429298941003137147306244228688081276685300112760081844896143556567141993407460882861867648479723249331032901356328261188519827513038721135046348873826024379144974265017116957879671344131653945040292219206005258020687707770715702534486852822814 0 0 0 0 0 0 0 0 0 0 0 1 0 0 0 0 0 0 0 0 0 0 0 0 0 0 0 0 0 0 0 0 0 0 0 0 0 0 0 0 0 0 0 0 0 0 0 0 0 0 0 0 0 0 0 0 0 0 0 0 0 0 0 0 0 0 0 0 0 0 0 0 0 0 0 0 0 0 0 0 0 0 0 0 0 0 0 0 0 0 0 0 0 0 0 0 0 0 0 0 0 0 0 0 0 0 0 0 0]
[428718023403407652194974958151114427656376832907431288544062481833414043901895663362815004677327190063040701849318222588730727674689495091768322271785213135946753410177838299106760696827389793116289875544056420975834347841082919840330783132714180505049254459162422980366322774396072600163513448649481462085098790955501073020327326 0 0 0 0 0 0 0 0 0 0 0 0 1 0 0 0 0 0 0 0 0 0 0 0 0 0 0 0 0 0 0 0 0 0 0 0 0 0 0 0 0 0 0 0 0 0 0 0 0 0 0 0 0 0 0 0 0 0 0 0 0 0 0 0 0 0 0 0 0 0 0 0 0 0 0 0 0 0 0 0 0 0 0 0 0 0 0 0 0 0 0 0 0 0 0 0 0 0 0 0 0 0 0 0 0 0 0 0 0]
[4996748867704980966377412257263856313709902281762217927503874085688463940587975422314184474182272361896085803102074422148897208135245314885682080415852164305538714353314696614393247007124696835937089095889590612074104724474624653143556335412500630894910254188600874075628178036558311515368867573741989727809686784483237645996699819 0 0 0 0 0 0 0 0 0 0 0 0 0 1 0 0 0 0 0 0 0 0 0 0 0 0 0 0 0 0 0 0 0 0 0 0 0 0 0 0 0 0 0 0 0 0 0 0 0 0 0 0 0 0 0 0 0 0 0 0 0 0 0 0 0 0 0 0 0 0 0 0 0 0 0 0 0 0 0 0 0 0 0 0 0 0 0 0 0 0 0 0 0 0 0 0 0 0 0 0 0 0 0 0 0 0 0 0 0]
[3299068126799383515653154134820255498889737269641927995081974555061647145892099448866769863103766979647289996486467403776579857808177904658365533278491828792714573743706036737213336409705579894851020585643146350496896034322482101328668984422772993837187087427912169863262215698145399650357198667250620641507163908533426295779324906 0 0 0 0 0 0 0 0 0 0 0 0 0 0 1 0 0 0 0 0 0 0 0 0 0 0 0 0 0 0 0 0 0 0 0 0 0 0 0 0 0 0 0 0 0 0 0 0 0 0 0 0 0 0 0 0 0 0 0 0 0 0 0 0 0 0 0 0 0 0 0 0 0 0 0 0 0 0 0 0 0 0 0 0 0 0 0 0 0 0 0 0 0 0 0 0 0 0 0 0 0 0 0 0 0 0 0 0 0]
[3139760314284964000677362765041110698604725378385040418201055731753159972501473793176158572878091708647625685386027953092522724775853662345924646377773695349107524518235602560441739465352651732605220601242444785613493854998010003782838851521309449311798657570866231131347208517930539156123571059179445848626478403229453364765031437 0 0 0 0 0 0 0 0 0 0 0 0 0 0 0 1 0 0 0 0 0 0 0 0 0 0 0 0 0 0 0 0 0 0 0 0 0 0 0 0 0 0 0 0 0 0 0 0 0 0 0 0 0 0 0 0 0 0 0 0 0 0 0 0 0 0 0 0 0 0 0 0 0 0 0 0 0 0 0 0 0 0 0 0 0 0 0 0 0 0 0 0 0 0 0 0 0 0 0 0 0 0 0 0 0 0 0 0 0]
[392925516994595172635060971509599923652371702468636199928655955392337890799175680053551460848686539307111735797412908906530538452042297033715719274930535114650023841490963567908639803561727370369879266912336139706574511022180466834447205541167541321907825667701433077291795446364613797861901561687788925938021364947599558859622422 0 0 0 0 0 0 0 0 0 0 0 0 0 0 0 0 1 0 0 0 0 0 0 0 0 0 0 0 0 0 0 0 0 0 0 0 0 0 0 0 0 0 0 0 0 0 0 0 0 0 0 0 0 0 0 0 0 0 0 0 0 0 0 0 0 0 0 0 0 0 0 0 0 0 0 0 0 0 0 0 0 0 0 0 0 0 0 0 0 0 0 0 0 0 0 0 0 0 0 0 0 0 0 0 0 0 0 0 0]
[4775276203563865422426579234142354036914366404794533078570622826530938947768960006554603034145606411011627774245400975583647328808654336937083059477813299708251914250659223926898711070608963440332928492533645917409579474874740655745926295168670622916170454758177502343404280652509036682362786664237053015319344583171934948592440498 0 0 0 0 0 0 0 0 0 0 0 0 0 0 0 0 0 1 0 0 0 0 0 0 0 0 0 0 0 0 0 0 0 0 0 0 0 0 0 0 0 0 0 0 0 0 0 0 0 0 0 0 0 0 0 0 0 0 0 0 0 0 0 0 0 0 0 0 0 0 0 0 0 0 0 0 0 0 0 0 0 0 0 0 0 0 0 0 0 0 0 0 0 0 0 0 0 0 0 0 0 0 0 0 0 0 0 0 0]
[6043633263194808460761597130750341406899362191449052710674922507813447257817011897416876642938860205487178498429033150986123348722507762146150684637190863849437598131807456635580199096653108870150702424618232297152199921856076413857507165565338422754197328814105244299818193355611839069209821822910917258860028248197564038259030936 0 0 0 0 0 0 0 0 0 0 0 0 0 0 0 0 0 0 1 0 0 0 0 0 0 0 0 0 0 0 0 0 0 0 0 0 0 0 0 0 0 0 0 0 0 0 0 0 0 0 0 0 0 0 0 0 0 0 0 0 0 0 0 0 0 0 0 0 0 0 0 0 0 0 0 0 0 0 0 0 0 0 0 0 0 0 0 0 0 0 0 0 0 0 0 0 0 0 0 0 0 0 0 0 0 0 0 0 0]
[4425004231970784742752526345760830915983155082549535118020026905399333552885401978265995137922035603058230720362661890575312412111841037815415222871186698753395973161657275695739809721751736182163634799874414815309876872347957517920493929236366825442335532202031259632017105011340330179637963906831507555573399991582254417887347633 0 0 0 0 0 0 0 0 0 0 0 0 0 0 0 0 0 0 0 1 0 0 0 0 0 0 0 0 0 0 0 0 0 0 0 0 0 0 0 0 0 0 0 0 0 0 0 0 0 0 0 0 0 0 0 0 0 0 0 0 0 0 0 0 0 0 0 0 0 0 0 0 0 0 0 0 0 0 0 0 0 0 0 0 0 0 0 0 0 0 0 0 0 0 0 0 0 0 0 0 0 0 0 0 0 0 0 0 0]
[210658251669637661938866543471238066273099619819554035567168631067592182004762909936719034648211884042099744498655190259008947347531070933291212061671065244976832499679651525931842499494471852210021884278052080231470960630564028535568288581792260305750153310151330787759802223579474396670106757014572129069827069711047871431776141 0 0 0 0 0 0 0 0 0 0 0 0 0 0 0 0 0 0 0 0 1 0 0 0 0 0 0 0 0 0 0 0 0 0 0 0 0 0 0 0 0 0 0 0 0 0 0 0 0 0 0 0 0 0 0 0 0 0 0 0 0 0 0 0 0 0 0 0 0 0 0 0 0 0 0 0 0 0 0 0 0 0 0 0 0 0 0 0 0 0 0 0 0 0 0 0 0 0 0 0 0 0 0 0 0 0 0 0 0]
[5668746414053742389597694248669675611332313889028305670602492070311410271697611205366634096913523356866898982325704598583975719774740675278478268835212503750454323616225596595384457139240710581734351708600311429465593219445116001065839498797855792987836922570258003705130859856761397408004889950393950500972033787836292955860175177 0 0 0 0 0 0 0 0 0 0 0 0 0 0 0 0 0 0 0 0 0 1 0 0 0 0 0 0 0 0 0 0 0 0 0 0 0 0 0 0 0 0 0 0 0 0 0 0 0 0 0 0 0 0 0 0 0 0 0 0 0 0 0 0 0 0 0 0 0 0 0 0 0 0 0 0 0 0 0 0 0 0 0 0 0 0 0 0 0 0 0 0 0 0 0 0 0 0 0 0 0 0 0 0 0 0 0 0 0]
[268165411632867478895237998003595938884699363067252872355339904769980786647089076846743326944576653901530732432170378500112507922737707821524357251703227821910665613641061216115530667036935962770667590049058882758338435486295668648467764260836184890406172502845585732628431117400195443117344914226387728266003008485544956103473509 0 0 0 0 0 0 0 0 0 0 0 0 0 0 0 0 0 0 0 0 0 0 1 0 0 0 0 0 0 0 0 0 0 0 0 0 0 0 0 0 0 0 0 0 0 0 0 0 0 0 0 0 0 0 0 0 0 0 0 0 0 0 0 0 0 0 0 0 0 0 0 0 0 0 0 0 0 0 0 0 0 0 0 0 0 0 0 0 0 0 0 0 0 0 0 0 0 0 0 0 0 0 0 0 0 0 0 0 0]
[2904258846660650443681032552478955104942149632320246930214542630314611771152504139428833209420269608670630706592790838459689205788382285738323517616911455518065123631609426653230791902191036819401901459625088865254417493020764367170399285593001533405687389633834682003690025507897835674277337437730969395416052334157957850597131703 0 0 0 0 0 0 0 0 0 0 0 0 0 0 0 0 0 0 0 0 0 0 0 1 0 0 0 0 0 0 0 0 0 0 0 0 0 0 0 0 0 0 0 0 0 0 0 0 0 0 0 0 0 0 0 0 0 0 0 0 0 0 0 0 0 0 0 0 0 0 0 0 0 0 0 0 0 0 0 0 0 0 0 0 0 0 0 0 0 0 0 0 0 0 0 0 0 0 0 0 0 0 0 0 0 0 0 0 0]
[3788099503739125953885173227999300112362986081974566907031398818459822370014405029944762260182614147041648612810697337863885637705262116298876726616397214562806693417324056005907257924922864815184605250108754384862827156661728446076379277750373543267168436833769509338470621875474269689060772045949161977960972564419724640835291390 0 0 0 0 0 0 0 0 0 0 0 0 0 0 0 0 0 0 0 0 0 0 0 0 1 0 0 0 0 0 0 0 0 0 0 0 0 0 0 0 0 0 0 0 0 0 0 0 0 0 0 0 0 0 0 0 0 0 0 0 0 0 0 0 0 0 0 0 0 0 0 0 0 0 0 0 0 0 0 0 0 0 0 0 0 0 0 0 0 0 0 0 0 0 0 0 0 0 0 0 0 0 0 0 0 0 0 0 0]
[1248450171936959466504118522060496078079206179555690926426508829704484565651089222500930424082271117304826493608134063426349170769540543459858226976520683350834832996324801896908713151916316878566388492704917504625185626324434052105523619439284075794701221247189860651884885115389888818702486618034363646718062458452792284161290354 0 0 0 0 0 0 0 0 0 0 0 0 0 0 0 0 0 0 0 0 0 0 0 0 0 1 0 0 0 0 0 0 0 0 0 0 0 0 0 0 0 0 0 0 0 0 0 0 0 0 0 0 0 0 0 0 0 0 0 0 0 0 0 0 0 0 0 0 0 0 0 0 0 0 0 0 0 0 0 0 0 0 0 0 0 0 0 0 0 0 0 0 0 0 0 0 0 0 0 0 0 0 0 0 0 0 0 0 0]
[2192141173110070648349616078589434412974490743470694591904171937410470436940157896101399775975992510269971860458071008569578312530268158147060109750381161002366874991552962467141754847642970923600745143047362596627004480182091732503547058168834156524273830837955960109926393683699313144183205451541569757034957208477719246465435533 0 0 0 0 0 0 0 0 0 0 0 0 0 0 0 0 0 0 0 0 0 0 0 0 0 0 1 0 0 0 0 0 0 0 0 0 0 0 0 0 0 0 0 0 0 0 0 0 0 0 0 0 0 0 0 0 0 0 0 0 0 0 0 0 0 0 0 0 0 0 0 0 0 0 0 0 0 0 0 0 0 0 0 0 0 0 0 0 0 0 0 0 0 0 0 0 0 0 0 0 0 0 0 0 0 0 0 0 0]
[742130868176804644431385156471857066294026219054089872589380633840817333308364950931064754185409550518672428549150768442001337034618892268291934618004263695793246830119310680520963130665801094365694403754523508750725260298503253873513982415283206265467301450074040740860377643717963179484585020751876150533066616409469841866165814 0 0 0 0 0 0 0 0 0 0 0 0 0 0 0 0 0 0 0 0 0 0 0 0 0 0 0 1 0 0 0 0 0 0 0 0 0 0 0 0 0 0 0 0 0 0 0 0 0 0 0 0 0 0 0 0 0 0 0 0 0 0 0 0 0 0 0 0 0 0 0 0 0 0 0 0 0 0 0 0 0 0 0 0 0 0 0 0 0 0 0 0 0 0 0 0 0 0 0 0 0 0 0 0 0 0 0 0 0]
[384801026819125618044104396965261135653449206981700531391936718899130711024134222462529000838663550256454510296366637327364721824317536063956129192258591858896586567462839877865810824009636641607385531510936359972535479304579189279852900167514764779607512143954658779604662245513599549405160691619505159448819414931652535941511511 0 0 0 0 0 0 0 0 0 0 0 0 0 0 0 0 0 0 0 0 0 0 0 0 0 0 0 0 1 0 0 0 0 0 0 0 0 0 0 0 0 0 0 0 0 0 0 0 0 0 0 0 0 0 0 0 0 0 0 0 0 0 0 0 0 0 0 0 0 0 0 0 0 0 0 0 0 0 0 0 0 0 0 0 0 0 0 0 0 0 0 0 0 0 0 0 0 0 0 0 0 0 0 0 0 0 0 0 0]
[2537255387262227719697433705814746285197780466993503280893721837253438343897073070114397304356607220757803102421230212650106937597998023186793609257910312312464065097079158445003386697157822384303028237214660868006741179937356590464873152510263633965244327391898114979180584225352571920661376060513811021329730197223478536585951131 0 0 0 0 0 0 0 0 0 0 0 0 0 0 0 0 0 0 0 0 0 0 0 0 0 0 0 0 0 1 0 0 0 0 0 0 0 0 0 0 0 0 0 0 0 0 0 0 0 0 0 0 0 0 0 0 0 0 0 0 0 0 0 0 0 0 0 0 0 0 0 0 0 0 0 0 0 0 0 0 0 0 0 0 0 0 0 0 0 0 0 0 0 0 0 0 0 0 0 0 0 0 0 0 0 0 0 0 0]
[278238310398084387429138119839244367446044785585204831307389669778580456612843157693542762326034533652698997161544521940843829399010147453575457763165628519659028757362359286023548791415528716731860438437515707979962292665936741674233595635306234620943673715901356123228051405505986519844795757013979504940829258959225186818020135 0 0 0 0 0 0 0 0 0 0 0 0 0 0 0 0 0 0 0 0 0 0 0 0 0 0 0 0 0 0 1 0 0 0 0 0 0 0 0 0 0 0 0 0 0 0 0 0 0 0 0 0 0 0 0 0 0 0 0 0 0 0 0 0 0 0 0 0 0 0 0 0 0 0 0 0 0 0 0 0 0 0 0 0 0 0 0 0 0 0 0 0 0 0 0 0 0 0 0 0 0 0 0 0 0 0 0 0 0]
[759391038667724697387585585320338573628567823425786170505941244927972819556977019150273870291412127065460266409668771740423620295063262889759378037001518962640323441981708310540439069101689913819820790114430890634129296619205886634223283655657386975953149619673096019500404293066815643043848222987897165443736746357153879505351539 0 0 0 0 0 0 0 0 0 0 0 0 0 0 0 0 0 0 0 0 0 0 0 0 0 0 0 0 0 0 0 1 0 0 0 0 0 0 0 0 0 0 0 0 0 0 0 0 0 0 0 0 0 0 0 0 0 0 0 0 0 0 0 0 0 0 0 0 0 0 0 0 0 0 0 0 0 0 0 0 0 0 0 0 0 0 0 0 0 0 0 0 0 0 0 0 0 0 0 0 0 0 0 0 0 0 0 0 0]
[187895212350198139704456712440531204446071903378672729260625073524939491494170375727461645237605070463345569331394451423090831531489575661289066579280564851222713766192341459710631611183859867912146333099392724742477293814917999401236010061419881401103076261951942868616467123099688630243760008682855778768957653597298897518172913 0 0 0 0 0 0 0 0 0 0 0 0 0 0 0 0 0 0 0 0 0 0 0 0 0 0 0 0 0 0 0 0 1 0 0 0 0 0 0 0 0 0 0 0 0 0 0 0 0 0 0 0 0 0 0 0 0 0 0 0 0 0 0 0 0 0 0 0 0 0 0 0 0 0 0 0 0 0 0 0 0 0 0 0 0 0 0 0 0 0 0 0 0 0 0 0 0 0 0 0 0 0 0 0 0 0 0 0 0]
[4145172067242898905562900738213026631192024118326864499949419094335865078710349799242946736796857561330288951978848856969488665531470883300206010485246855099627873830251314081487599557049725945955153637341796297964045044483705401507385780371057930963040299581880682824635541065836661909832145104650899135087779175497430293550863868 0 0 0 0 0 0 0 0 0 0 0 0 0 0 0 0 0 0 0 0 0 0 0 0 0 0 0 0 0 0 0 0 0 1 0 0 0 0 0 0 0 0 0 0 0 0 0 0 0 0 0 0 0 0 0 0 0 0 0 0 0 0 0 0 0 0 0 0 0 0 0 0 0 0 0 0 0 0 0 0 0 0 0 0 0 0 0 0 0 0 0 0 0 0 0 0 0 0 0 0 0 0 0 0 0 0 0 0 0]
[5636875819984367323262687728885455416785553540541200344823531478549731423391750987416151116616359352482281662907965075625012308468122313883036542707850077566080257063520112166631079012236574366807195692638613702300022023179764222608086890519973155801010210081434775152320260422228615197820450925530022402404337149277787745893253309 0 0 0 0 0 0 0 0 0 0 0 0 0 0 0 0 0 0 0 0 0 0 0 0 0 0 0 0 0 0 0 0 0 0 1 0 0 0 0 0 0 0 0 0 0 0 0 0 0 0 0 0 0 0 0 0 0 0 0 0 0 0 0 0 0 0 0 0 0 0 0 0 0 0 0 0 0 0 0 0 0 0 0 0 0 0 0 0 0 0 0 0 0 0 0 0 0 0 0 0 0 0 0 0 0 0 0 0 0]
[6218231734378687425924268634297302313943174571078857084047600677537493020850166164947922337039035140269363322094634644153620165327942386873755985710002256916143562164165610121970190636629506108383517689695665578671771416605489966447505517507652021836360856313074163219792810916789327283019474480407777422809475566625218259551414412 0 0 0 0 0 0 0 0 0 0 0 0 0 0 0 0 0 0 0 0 0 0 0 0 0 0 0 0 0 0 0 0 0 0 0 1 0 0 0 0 0 0 0 0 0 0 0 0 0 0 0 0 0 0 0 0 0 0 0 0 0 0 0 0 0 0 0 0 0 0 0 0 0 0 0 0 0 0 0 0 0 0 0 0 0 0 0 0 0 0 0 0 0 0 0 0 0 0 0 0 0 0 0 0 0 0 0 0 0]
[6315868878495839011436860757412617599512282302242205940450716054382070854065752603187305550456420289413039176441798520848817901529015326320223956243843694514599971098944167218427694688391371194848075717614476042443941358065150656333371648164138790509778511118417181139185137726286898379466039213272381099196584928255184490912003657 0 0 0 0 0 0 0 0 0 0 0 0 0 0 0 0 0 0 0 0 0 0 0 0 0 0 0 0 0 0 0 0 0 0 0 0 1 0 0 0 0 0 0 0 0 0 0 0 0 0 0 0 0 0 0 0 0 0 0 0 0 0 0 0 0 0 0 0 0 0 0 0 0 0 0 0 0 0 0 0 0 0 0 0 0 0 0 0 0 0 0 0 0 0 0 0 0 0 0 0 0 0 0 0 0 0 0 0 0]
[2680734210297679853102998231931371840858650568760672952835968483065637059057215240779682395840896701096668986222213715594927324714673179744111469286461617271235044900291609167601171902467683373649281421514772353169329294252289381292419649060867446536968072916726220472169086619570612705042164476264134750142478663987054174978432996 0 0 0 0 0 0 0 0 0 0 0 0 0 0 0 0 0 0 0 0 0 0 0 0 0 0 0 0 0 0 0 0 0 0 0 0 0 1 0 0 0 0 0 0 0 0 0 0 0 0 0 0 0 0 0 0 0 0 0 0 0 0 0 0 0 0 0 0 0 0 0 0 0 0 0 0 0 0 0 0 0 0 0 0 0 0 0 0 0 0 0 0 0 0 0 0 0 0 0 0 0 0 0 0 0 0 0 0 0]
[1484861754529380750669795371093227722339215266295510334357935386492971802670793815375708895596704723199908174887633771422350427687937561943611800016072647029027011000179832432316504942322756565892321025359270522762492302090836341937916467797813837021888886783808557283686192096243460391163032070746096204643847361274609534268990181 0 0 0 0 0 0 0 0 0 0 0 0 0 0 0 0 0 0 0 0 0 0 0 0 0 0 0 0 0 0 0 0 0 0 0 0 0 0 1 0 0 0 0 0 0 0 0 0 0 0 0 0 0 0 0 0 0 0 0 0 0 0 0 0 0 0 0 0 0 0 0 0 0 0 0 0 0 0 0 0 0 0 0 0 0 0 0 0 0 0 0 0 0 0 0 0 0 0 0 0 0 0 0 0 0 0 0 0 0]
[1139234071305516795221129807927658144193708499857994954695049232386126454872895089945914875440873814337852568798957288823761925464255504794753844496814903033254475082077440439049906405995629475529320781623293797098019661743467119666019942225871204731383143302416678949902654837232697410126740816773055109323149560343130018684236098 0 0 0 0 0 0 0 0 0 0 0 0 0 0 0 0 0 0 0 0 0 0 0 0 0 0 0 0 0 0 0 0 0 0 0 0 0 0 0 1 0 0 0 0 0 0 0 0 0 0 0 0 0 0 0 0 0 0 0 0 0 0 0 0 0 0 0 0 0 0 0 0 0 0 0 0 0 0 0 0 0 0 0 0 0 0 0 0 0 0 0 0 0 0 0 0 0 0 0 0 0 0 0 0 0 0 0 0 0]
[65893842906292535858923829010107077258138100705659150710523705001870746102320701259620280755799241268624161150205170015365513220500276438225966274284187207724452810767812128396578077409008896463621681148417653084947709421382507956036700354774146524249089898068845498053232759669115872441950928193451982511463706540319963360290736 0 0 0 0 0 0 0 0 0 0 0 0 0 0 0 0 0 0 0 0 0 0 0 0 0 0 0 0 0 0 0 0 0 0 0 0 0 0 0 0 1 0 0 0 0 0 0 0 0 0 0 0 0 0 0 0 0 0 0 0 0 0 0 0 0 0 0 0 0 0 0 0 0 0 0 0 0 0 0 0 0 0 0 0 0 0 0 0 0 0 0 0 0 0 0 0 0 0 0 0 0 0 0 0 0 0 0 0 0]
[5411858161830358530595001630683296879988580636545231999586248136936964627696763916249702579900219920157974898045089456400898388280892410896082541504880934996853986953847720769835719985267548172131943499983131158675157564243565836704223570873231955141146356189616572625983189750619301241350017607970085760939336068928119833831555595 0 0 0 0 0 0 0 0 0 0 0 0 0 0 0 0 0 0 0 0 0 0 0 0 0 0 0 0 0 0 0 0 0 0 0 0 0 0 0 0 0 1 0 0 0 0 0 0 0 0 0 0 0 0 0 0 0 0 0 0 0 0 0 0 0 0 0 0 0 0 0 0 0 0 0 0 0 0 0 0 0 0 0 0 0 0 0 0 0 0 0 0 0 0 0 0 0 0 0 0 0 0 0 0 0 0 0 0 0]
[6618043740105599037535771922860249737191875821335802020575118455655683810784667582744973319832398394865444319154705280885007666544780414510134617882855196487558607152446661200862494616820224516107124104635099633497684197659985411316496671297204140186262162096560086592807285676464348473915510200575240759702823477707959694047497864 0 0 0 0 0 0 0 0 0 0 0 0 0 0 0 0 0 0 0 0 0 0 0 0 0 0 0 0 0 0 0 0 0 0 0 0 0 0 0 0 0 0 1 0 0 0 0 0 0 0 0 0 0 0 0 0 0 0 0 0 0 0 0 0 0 0 0 0 0 0 0 0 0 0 0 0 0 0 0 0 0 0 0 0 0 0 0 0 0 0 0 0 0 0 0 0 0 0 0 0 0 0 0 0 0 0 0 0 0]
[4920837035430472946324529824373744115611527958930384024511194334771494002599673188433066723747362528737937357085984953673330982282795451742004154339180795923368696499705091001397575219042962808846864402698099899989094830245693976275436957467167157289906498660697727187426596285344983416371570684513248192751835315859252290308926504 0 0 0 0 0 0 0 0 0 0 0 0 0 0 0 0 0 0 0 0 0 0 0 0 0 0 0 0 0 0 0 0 0 0 0 0 0 0 0 0 0 0 0 1 0 0 0 0 0 0 0 0 0 0 0 0 0 0 0 0 0 0 0 0 0 0 0 0 0 0 0 0 0 0 0 0 0 0 0 0 0 0 0 0 0 0 0 0 0 0 0 0 0 0 0 0 0 0 0 0 0 0 0 0 0 0 0 0 0]
[7346361379124163976847787732529622703772954994759175180125231047299961754409966267641477090302113771583356723703171532412699617815554770714019683906144025372765427723098729986817091033226817419356521942317348951591496481554035307516082451078691502249808976283119879631751539848699525335441809711833093008844668768875713661699929668 0 0 0 0 0 0 0 0 0 0 0 0 0 0 0 0 0 0 0 0 0 0 0 0 0 0 0 0 0 0 0 0 0 0 0 0 0 0 0 0 0 0 0 0 1 0 0 0 0 0 0 0 0 0 0 0 0 0 0 0 0 0 0 0 0 0 0 0 0 0 0 0 0 0 0 0 0 0 0 0 0 0 0 0 0 0 0 0 0 0 0 0 0 0 0 0 0 0 0 0 0 0 0 0 0 0 0 0 0]
[2349028538877299465809038284023212509958639967222070545946150693257486002988497348800092492170021643011719863926099160469106164488175177230853394748680196331764223177397237419611046811874658026558804290479158855973791021938523853568265967099660847966799521823901170022106509188923326339558627087753702735441092867332993058093038951 0 0 0 0 0 0 0 0 0 0 0 0 0 0 0 0 0 0 0 0 0 0 0 0 0 0 0 0 0 0 0 0 0 0 0 0 0 0 0 0 0 0 0 0 0 1 0 0 0 0 0 0 0 0 0 0 0 0 0 0 0 0 0 0 0 0 0 0 0 0 0 0 0 0 0 0 0 0 0 0 0 0 0 0 0 0 0 0 0 0 0 0 0 0 0 0 0 0 0 0 0 0 0 0 0 0 0 0 0]
[6452100337685526077419246537850479023003528539389573643092767007511509084717247981502881459604016269012279367435005813179067291019856451988706543307609692486375895807834615031655645576637220884290183956481647689718282233982663619187184698015743017413948496467882483424169235062810125715775001897551133183237929042993777352645467113 0 0 0 0 0 0 0 0 0 0 0 0 0 0 0 0 0 0 0 0 0 0 0 0 0 0 0 0 0 0 0 0 0 0 0 0 0 0 0 0 0 0 0 0 0 0 1 0 0 0 0 0 0 0 0 0 0 0 0 0 0 0 0 0 0 0 0 0 0 0 0 0 0 0 0 0 0 0 0 0 0 0 0 0 0 0 0 0 0 0 0 0 0 0 0 0 0 0 0 0 0 0 0 0 0 0 0 0 0]
[6923729605660711456148491573010540506285950466234632877376163743245747087258968707317880830445639475242989410066585859989092784732216157678961046023386821475665783765838371051614742470334078513959876777544376896473721526508894044692199120733826079903084931900346696005896018044633059415846858990109130299427779912200098195829929756 0 0 0 0 0 0 0 0 0 0 0 0 0 0 0 0 0 0 0 0 0 0 0 0 0 0 0 0 0 0 0 0 0 0 0 0 0 0 0 0 0 0 0 0 0 0 0 1 0 0 0 0 0 0 0 0 0 0 0 0 0 0 0 0 0 0 0 0 0 0 0 0 0 0 0 0 0 0 0 0 0 0 0 0 0 0 0 0 0 0 0 0 0 0 0 0 0 0 0 0 0 0 0 0 0 0 0 0 0]
[3310982512594950521375790684342487639003171578566528426107997001133754708535045513889926212327243174336156459481152742023295903896304512475442810437843507355403507305504822308130569672091081890300327718852152037188557295316633382299595357254495476250091329918036808888752555066282534227555262310682860810274688084506597152782033114 0 0 0 0 0 0 0 0 0 0 0 0 0 0 0 0 0 0 0 0 0 0 0 0 0 0 0 0 0 0 0 0 0 0 0 0 0 0 0 0 0 0 0 0 0 0 0 0 1 0 0 0 0 0 0 0 0 0 0 0 0 0 0 0 0 0 0 0 0 0 0 0 0 0 0 0 0 0 0 0 0 0 0 0 0 0 0 0 0 0 0 0 0 0 0 0 0 0 0 0 0 0 0 0 0 0 0 0 0]
[3886740558223927165514800458494475862191120137150675676621916267203742457610754109091878909506306155808839089274716653484862432006681275789152307279828971247669553305004260910146868595294793785516413870112470181756234855897756579282156763796199570001987438820325379028724030117118476262777125118641445727240935582901514695921908277 0 0 0 0 0 0 0 0 0 0 0 0 0 0 0 0 0 0 0 0 0 0 0 0 0 0 0 0 0 0 0 0 0 0 0 0 0 0 0 0 0 0 0 0 0 0 0 0 0 1 0 0 0 0 0 0 0 0 0 0 0 0 0 0 0 0 0 0 0 0 0 0 0 0 0 0 0 0 0 0 0 0 0 0 0 0 0 0 0 0 0 0 0 0 0 0 0 0 0 0 0 0 0 0 0 0 0 0 0]
[2990558654797232307692339771003675442662755010502910107416855544946026575718314158638056984807516046613854805229985856178777225072178700561226805876086524729047024462931661191776411076582995581046947669330013171190437456126586860536501697649770142493538497980599576208646233718209420369959559445382366742736953683453743480612798023 0 0 0 0 0 0 0 0 0 0 0 0 0 0 0 0 0 0 0 0 0 0 0 0 0 0 0 0 0 0 0 0 0 0 0 0 0 0 0 0 0 0 0 0 0 0 0 0 0 0 1 0 0 0 0 0 0 0 0 0 0 0 0 0 0 0 0 0 0 0 0 0 0 0 0 0 0 0 0 0 0 0 0 0 0 0 0 0 0 0 0 0 0 0 0 0 0 0 0 0 0 0 0 0 0 0 0 0 0]
[3568790302702307925894472983649448629344512791978423812295437643705056039391917509528811148155044814095211832853951752640342585536778041568171989194120980383887906550849718323763338645795560417521655198148980694002538994260836229674650997048150659443028135149566706906376398024277452686315022791425938217996091315641630172712302462 0 0 0 0 0 0 0 0 0 0 0 0 0 0 0 0 0 0 0 0 0 0 0 0 0 0 0 0 0 0 0 0 0 0 0 0 0 0 0 0 0 0 0 0 0 0 0 0 0 0 0 1 0 0 0 0 0 0 0 0 0 0 0 0 0 0 0 0 0 0 0 0 0 0 0 0 0 0 0 0 0 0 0 0 0 0 0 0 0 0 0 0 0 0 0 0 0 0 0 0 0 0 0 0 0 0 0 0 0]
[6912213637484432628821618929676778893161881750124610649352921929218006929325630436497775339964698337956016327721120859355705435892406903108937300121825071646697632531873023052755658816119205485752722410779689886297701152029608227612675842838395216927530688111445668543137835234938728172298241620076874965827503666124410014093823487 0 0 0 0 0 0 0 0 0 0 0 0 0 0 0 0 0 0 0 0 0 0 0 0 0 0 0 0 0 0 0 0 0 0 0 0 0 0 0 0 0 0 0 0 0 0 0 0 0 0 0 0 1 0 0 0 0 0 0 0 0 0 0 0 0 0 0 0 0 0 0 0 0 0 0 0 0 0 0 0 0 0 0 0 0 0 0 0 0 0 0 0 0 0 0 0 0 0 0 0 0 0 0 0 0 0 0 0 0]
[186221845741879168339546461422603246153651328318649020332846588139931881166193115796623339556258288426031174900430523798693215881723942700266295377119993260792504077919413827629169607708952402936647171579124137143251810920265154195670652437177079700165735051571594656392826578173773527398360825260563185636636066137171827944189979 0 0 0 0 0 0 0 0 0 0 0 0 0 0 0 0 0 0 0 0 0 0 0 0 0 0 0 0 0 0 0 0 0 0 0 0 0 0 0 0 0 0 0 0 0 0 0 0 0 0 0 0 0 1 0 0 0 0 0 0 0 0 0 0 0 0 0 0 0 0 0 0 0 0 0 0 0 0 0 0 0 0 0 0 0 0 0 0 0 0 0 0 0 0 0 0 0 0 0 0 0 0 0 0 0 0 0 0 0]
[582746175806501640516976304488138395010746245525193576865016230592683918621765328783974771348285770280404735521411109856749726513389492035015119962965014879772324031635459150698064848085716689200737612090203290858472057453306808653614339128889956961509232921346870622271095269613164742096175774353447529197991789750018000901726212 0 0 0 0 0 0 0 0 0 0 0 0 0 0 0 0 0 0 0 0 0 0 0 0 0 0 0 0 0 0 0 0 0 0 0 0 0 0 0 0 0 0 0 0 0 0 0 0 0 0 0 0 0 0 1 0 0 0 0 0 0 0 0 0 0 0 0 0 0 0 0 0 0 0 0 0 0 0 0 0 0 0 0 0 0 0 0 0 0 0 0 0 0 0 0 0 0 0 0 0 0 0 0 0 0 0 0 0 0]
[86179106244978338834292321910961450889229856075175588263676233011876271236479346552795000315320279369585666465938125051913828974762310519613645070532785332936010756593540327203618502953656262097830753290535985074347006298816668890204487451047231245820198743608106827389369885256682812577618825201931776446406256477200408991765142 0 0 0 0 0 0 0 0 0 0 0 0 0 0 0 0 0 0 0 0 0 0 0 0 0 0 0 0 0 0 0 0 0 0 0 0 0 0 0 0 0 0 0 0 0 0 0 0 0 0 0 0 0 0 0 1 0 0 0 0 0 0 0 0 0 0 0 0 0 0 0 0 0 0 0 0 0 0 0 0 0 0 0 0 0 0 0 0 0 0 0 0 0 0 0 0 0 0 0 0 0 0 0 0 0 0 0 0 0]
[2321268025583759812753525188306804818548706823633330632275415953178811103728108640343538141327485733352548653682071171112997445942291131404117915831777448832891567382231049689061699468225750834911151245410819679597579739536720582941131797319785505552399480688509881621914508421663873301417653222022673185784421150866203646658602894 0 0 0 0 0 0 0 0 0 0 0 0 0 0 0 0 0 0 0 0 0 0 0 0 0 0 0 0 0 0 0 0 0 0 0 0 0 0 0 0 0 0 0 0 0 0 0 0 0 0 0 0 0 0 0 0 1 0 0 0 0 0 0 0 0 0 0 0 0 0 0 0 0 0 0 0 0 0 0 0 0 0 0 0 0 0 0 0 0 0 0 0 0 0 0 0 0 0 0 0 0 0 0 0 0 0 0 0 0]
[6664081570446013363570612712938682233792574274269399373018904690223473510905111499059032577238734601694283984860345825433922786768371916033001038145136028550351737993347345310519960240714658127654520571221977641254523879214960187141172033937798991590978027371048069363436777951402501796867117841055954842574761058105090209552735434 0 0 0 0 0 0 0 0 0 0 0 0 0 0 0 0 0 0 0 0 0 0 0 0 0 0 0 0 0 0 0 0 0 0 0 0 0 0 0 0 0 0 0 0 0 0 0 0 0 0 0 0 0 0 0 0 0 1 0 0 0 0 0 0 0 0 0 0 0 0 0 0 0 0 0 0 0 0 0 0 0 0 0 0 0 0 0 0 0 0 0 0 0 0 0 0 0 0 0 0 0 0 0 0 0 0 0 0 0]
[6309814198239101892586919181879978143779571190967453533624617054894974070056674520225493479502598841260209065892563699551535458190280732462837573103487898186468778652411310681816905889286336787381603634642657288287838430088035571231649928858777319573695870102556099626949790040127717728373764056160786374127835608392922388465975429 0 0 0 0 0 0 0 0 0 0 0 0 0 0 0 0 0 0 0 0 0 0 0 0 0 0 0 0 0 0 0 0 0 0 0 0 0 0 0 0 0 0 0 0 0 0 0 0 0 0 0 0 0 0 0 0 0 0 1 0 0 0 0 0 0 0 0 0 0 0 0 0 0 0 0 0 0 0 0 0 0 0 0 0 0 0 0 0 0 0 0 0 0 0 0 0 0 0 0 0 0 0 0 0 0 0 0 0 0]
[1508788549577180625926943582335831030207774008448062217071290676310951091160019896879973202048236331628302814537261632871214568078841255317055686095982514473932081316571212794041151291422479670170881126598484338140438228824704747773218528909931043515206236588030666162408339823754163484231789489934249751781658417299738138035410150 0 0 0 0 0 0 0 0 0 0 0 0 0 0 0 0 0 0 0 0 0 0 0 0 0 0 0 0 0 0 0 0 0 0 0 0 0 0 0 0 0 0 0 0 0 0 0 0 0 0 0 0 0 0 0 0 0 0 0 1 0 0 0 0 0 0 0 0 0 0 0 0 0 0 0 0 0 0 0 0 0 0 0 0 0 0 0 0 0 0 0 0 0 0 0 0 0 0 0 0 0 0 0 0 0 0 0 0 0]
[1324533448172897295128301523411328858668944353100459112475337564933563461630949576297723144421807209977167319864667953848155275367283166385506650762084902331031403607690894744731514299645076172104552541369689883986253493061869696221101420138650813729265821663695622868670622280744357765771299315818093375475895169513656990517910209 0 0 0 0 0 0 0 0 0 0 0 0 0 0 0 0 0 0 0 0 0 0 0 0 0 0 0 0 0 0 0 0 0 0 0 0 0 0 0 0 0 0 0 0 0 0 0 0 0 0 0 0 0 0 0 0 0 0 0 0 1 0 0 0 0 0 0 0 0 0 0 0 0 0 0 0 0 0 0 0 0 0 0 0 0 0 0 0 0 0 0 0 0 0 0 0 0 0 0 0 0 0 0 0 0 0 0 0 0]
[644216648355798722577196705437218135545208257360039981633976169632294488194625362204495838446703169901146535007556094766091085864003031803661378915453096721553456398657063125402158130755038317566892518250697789686276132167792609490637877573807945881298675763401981291143642765856977356368156827757138215248288276996211789860729994 0 0 0 0 0 0 0 0 0 0 0 0 0 0 0 0 0 0 0 0 0 0 0 0 0 0 0 0 0 0 0 0 0 0 0 0 0 0 0 0 0 0 0 0 0 0 0 0 0 0 0 0 0 0 0 0 0 0 0 0 0 1 0 0 0 0 0 0 0 0 0 0 0 0 0 0 0 0 0 0 0 0 0 0 0 0 0 0 0 0 0 0 0 0 0 0 0 0 0 0 0 0 0 0 0 0 0 0 0]
[1906531656031915700315435958235488121695936815099792746512510520359762684500663631363426847938903895380724173231720013037902471599029373372182699005169490885444896982414371482233757501002890747430898752977400328345752416518983906419634815090650375805076982163024202695262956547271859413753757875825755357737974777072279231983868725 0 0 0 0 0 0 0 0 0 0 0 0 0 0 0 0 0 0 0 0 0 0 0 0 0 0 0 0 0 0 0 0 0 0 0 0 0 0 0 0 0 0 0 0 0 0 0 0 0 0 0 0 0 0 0 0 0 0 0 0 0 0 1 0 0 0 0 0 0 0 0 0 0 0 0 0 0 0 0 0 0 0 0 0 0 0 0 0 0 0 0 0 0 0 0 0 0 0 0 0 0 0 0 0 0 0 0 0 0]
[3568331197124814956571056732150538103537598640770998255388633564866211580414205916260698465211585753830489854378998040951390076185927917265412215230669448988876852844321615246714600575827653246681817024333066164888685479377174153762881191841868486718555594506584539340764233029759162226330818857904034908990758156426363080157649024 0 0 0 0 0 0 0 0 0 0 0 0 0 0 0 0 0 0 0 0 0 0 0 0 0 0 0 0 0 0 0 0 0 0 0 0 0 0 0 0 0 0 0 0 0 0 0 0 0 0 0 0 0 0 0 0 0 0 0 0 0 0 0 1 0 0 0 0 0 0 0 0 0 0 0 0 0 0 0 0 0 0 0 0 0 0 0 0 0 0 0 0 0 0 0 0 0 0 0 0 0 0 0 0 0 0 0 0 0]
[3996956629902489950485451713022111276285801462143419970210090486917317919518088776895956538308002751832182120910315422823512976969596676207704608258773338226246136084888837609662539113698634455100469606733470542899397528726446576221003326491132913080863127444228794582574385536488691589148555636697695647511085812255597604053352130 0 0 0 0 0 0 0 0 0 0 0 0 0 0 0 0 0 0 0 0 0 0 0 0 0 0 0 0 0 0 0 0 0 0 0 0 0 0 0 0 0 0 0 0 0 0 0 0 0 0 0 0 0 0 0 0 0 0 0 0 0 0 0 0 1 0 0 0 0 0 0 0 0 0 0 0 0 0 0 0 0 0 0 0 0 0 0 0 0 0 0 0 0 0 0 0 0 0 0 0 0 0 0 0 0 0 0 0 0]
[2375562750863746302031920493044805046951404579403181860956042436452142912991847995931685082306262950826485390077683243588249005456969357572761396595367899368150841191891154972574763071052038641500310723217369417626158204053671646740072332597824538709541269749066813518473656331926221542263174026759093899954870410642836338291156950 0 0 0 0 0 0 0 0 0 0 0 0 0 0 0 0 0 0 0 0 0 0 0 0 0 0 0 0 0 0 0 0 0 0 0 0 0 0 0 0 0 0 0 0 0 0 0 0 0 0 0 0 0 0 0 0 0 0 0 0 0 0 0 0 0 1 0 0 0 0 0 0 0 0 0 0 0 0 0 0 0 0 0 0 0 0 0 0 0 0 0 0 0 0 0 0 0 0 0 0 0 0 0 0 0 0 0 0 0]
[7133752653383237495146084127778604781210083593895058519042512859878567387453985543830878570652471894158022586195137939218381638637873144306088168163927670046791103373889679744204011510436793620017171368328432677875505753917982918919993309357653825832762639642250594177435430690368166178945893902262212110244608438505065010291026053 0 0 0 0 0 0 0 0 0 0 0 0 0 0 0 0 0 0 0 0 0 0 0 0 0 0 0 0 0 0 0 0 0 0 0 0 0 0 0 0 0 0 0 0 0 0 0 0 0 0 0 0 0 0 0 0 0 0 0 0 0 0 0 0 0 0 1 0 0 0 0 0 0 0 0 0 0 0 0 0 0 0 0 0 0 0 0 0 0 0 0 0 0 0 0 0 0 0 0 0 0 0 0 0 0 0 0 0 0]
[921352822210025211105583378903517388655548415856911471173358255999994303476422217022599285006704809585238126792113301890067553393774408986024638529479914663310649003942825727923016741313931174625726910809622773412255298870470023744300097801650236594138108606178432809069750741729706474319322647999566998259876021077128786734803957 0 0 0 0 0 0 0 0 0 0 0 0 0 0 0 0 0 0 0 0 0 0 0 0 0 0 0 0 0 0 0 0 0 0 0 0 0 0 0 0 0 0 0 0 0 0 0 0 0 0 0 0 0 0 0 0 0 0 0 0 0 0 0 0 0 0 0 1 0 0 0 0 0 0 0 0 0 0 0 0 0 0 0 0 0 0 0 0 0 0 0 0 0 0 0 0 0 0 0 0 0 0 0 0 0 0 0 0 0]
[2612115932988987045121083229730720274743514847201405041142416076587545836840747545271132236548730824720356206349837481410980075241855978097442203650204167852246545336942609778230347528956869910752921406295384303976539030818010554254229403278169215695728211088774718570088386779817314536641577042961965290896602218908970305503308683 0 0 0 0 0 0 0 0 0 0 0 0 0 0 0 0 0 0 0 0 0 0 0 0 0 0 0 0 0 0 0 0 0 0 0 0 0 0 0 0 0 0 0 0 0 0 0 0 0 0 0 0 0 0 0 0 0 0 0 0 0 0 0 0 0 0 0 0 1 0 0 0 0 0 0 0 0 0 0 0 0 0 0 0 0 0 0 0 0 0 0 0 0 0 0 0 0 0 0 0 0 0 0 0 0 0 0 0 0]
[4325066376345295154013073306331227843734968276550483049096604379828821565612922691451682062694090892403674254782727920862881785436633033197180586707798713227647592090917404894866357803860868466166824760267021336526726288341172677212870165999505553165802863722900026749032192570050300956573132874524867919510212328026481798225674770 0 0 0 0 0 0 0 0 0 0 0 0 0 0 0 0 0 0 0 0 0 0 0 0 0 0 0 0 0 0 0 0 0 0 0 0 0 0 0 0 0 0 0 0 0 0 0 0 0 0 0 0 0 0 0 0 0 0 0 0 0 0 0 0 0 0 0 0 0 1 0 0 0 0 0 0 0 0 0 0 0 0 0 0 0 0 0 0 0 0 0 0 0 0 0 0 0 0 0 0 0 0 0 0 0 0 0 0 0]
[4143292315121236954942125142459660224841877456918958460596970164227173473956086495005170585931546240339188060515262438885867497943714706075908387900211115668269245916066644808302643370090036685058198958029474045728857976712438860064365853680673100701238280374805787842870785995202990501090787347462681316251053382816192813635003195 0 0 0 0 0 0 0 0 0 0 0 0 0 0 0 0 0 0 0 0 0 0 0 0 0 0 0 0 0 0 0 0 0 0 0 0 0 0 0 0 0 0 0 0 0 0 0 0 0 0 0 0 0 0 0 0 0 0 0 0 0 0 0 0 0 0 0 0 0 0 1 0 0 0 0 0 0 0 0 0 0 0 0 0 0 0 0 0 0 0 0 0 0 0 0 0 0 0 0 0 0 0 0 0 0 0 0 0 0]
[6394416595067149265238427189383419094842947314007817434897015158169875097423743589457668158971806491302223654641865196790769796493634493046434695464831533786256270498327277589631627467917761866061380747733501152647407907207384522553484829288992631735257939612411109009413358962011413105758093685035435626028360380027806162037257504 0 0 0 0 0 0 0 0 0 0 0 0 0 0 0 0 0 0 0 0 0 0 0 0 0 0 0 0 0 0 0 0 0 0 0 0 0 0 0 0 0 0 0 0 0 0 0 0 0 0 0 0 0 0 0 0 0 0 0 0 0 0 0 0 0 0 0 0 0 0 0 1 0 0 0 0 0 0 0 0 0 0 0 0 0 0 0 0 0 0 0 0 0 0 0 0 0 0 0 0 0 0 0 0 0 0 0 0 0]
[1470555536016671642989245247813367058873305157752619697282162835376665319712214699432853991511832649017288975726537673853146715475266288054104139916836249984413128074604575050211014818426121658327210900681695007360120019642793503614488717280185743085278486506468868048495537639237965019495512408340231449527580647268038653958055359 0 0 0 0 0 0 0 0 0 0 0 0 0 0 0 0 0 0 0 0 0 0 0 0 0 0 0 0 0 0 0 0 0 0 0 0 0 0 0 0 0 0 0 0 0 0 0 0 0 0 0 0 0 0 0 0 0 0 0 0 0 0 0 0 0 0 0 0 0 0 0 0 1 0 0 0 0 0 0 0 0 0 0 0 0 0 0 0 0 0 0 0 0 0 0 0 0 0 0 0 0 0 0 0 0 0 0 0 0]
[6726897710820090001795456605576274550242093117039578570712924415347744628298687295380758752832797469323563024434652596365889834681875306362982932121691279939994686152393888779162872198568198376287137350095318290587947514919193258112812105556685604174630567218911720977101513067250553948650991746639991675005566425865705456694358408 0 0 0 0 0 0 0 0 0 0 0 0 0 0 0 0 0 0 0 0 0 0 0 0 0 0 0 0 0 0 0 0 0 0 0 0 0 0 0 0 0 0 0 0 0 0 0 0 0 0 0 0 0 0 0 0 0 0 0 0 0 0 0 0 0 0 0 0 0 0 0 0 0 1 0 0 0 0 0 0 0 0 0 0 0 0 0 0 0 0 0 0 0 0 0 0 0 0 0 0 0 0 0 0 0 0 0 0 0]
[6408952285727235975876907110180783567109173697969304194113566628029555721195944933969789651618731867984267244570436661113430010935048248914877220068228539073478529383358534769106323168747066479419350438540175321640013467016821609362203827038413949184336763902366731448311727857334554380812766701880827887960512473800849244418370432 0 0 0 0 0 0 0 0 0 0 0 0 0 0 0 0 0 0 0 0 0 0 0 0 0 0 0 0 0 0 0 0 0 0 0 0 0 0 0 0 0 0 0 0 0 0 0 0 0 0 0 0 0 0 0 0 0 0 0 0 0 0 0 0 0 0 0 0 0 0 0 0 0 0 1 0 0 0 0 0 0 0 0 0 0 0 0 0 0 0 0 0 0 0 0 0 0 0 0 0 0 0 0 0 0 0 0 0 0]
[6083322544667425507609069990376806507081298072929886193633190953333515789248009878989247276204966109850116250868362218602900069710685976856836206011314293299266851318391247335081232602653507516727816594924468484444588444584341416229001523661971044772887432152893590051845603385253961817403136915023232878408458884191071381297664707 0 0 0 0 0 0 0 0 0 0 0 0 0 0 0 0 0 0 0 0 0 0 0 0 0 0 0 0 0 0 0 0 0 0 0 0 0 0 0 0 0 0 0 0 0 0 0 0 0 0 0 0 0 0 0 0 0 0 0 0 0 0 0 0 0 0 0 0 0 0 0 0 0 0 0 1 0 0 0 0 0 0 0 0 0 0 0 0 0 0 0 0 0 0 0 0 0 0 0 0 0 0 0 0 0 0 0 0 0]
[6391429647500907192720555742080194527995022852893570467799595423681359777739453232770629732336856984309370557456603792229755140805500822065610212270986199899121452044396711388315841508839563162370529795311868160759623841708781110026101292090856109725039015876045703488174452803054168501960850793654509122779958599417154856880081391 0 0 0 0 0 0 0 0 0 0 0 0 0 0 0 0 0 0 0 0 0 0 0 0 0 0 0 0 0 0 0 0 0 0 0 0 0 0 0 0 0 0 0 0 0 0 0 0 0 0 0 0 0 0 0 0 0 0 0 0 0 0 0 0 0 0 0 0 0 0 0 0 0 0 0 0 1 0 0 0 0 0 0 0 0 0 0 0 0 0 0 0 0 0 0 0 0 0 0 0 0 0 0 0 0 0 0 0 0]
[3775763981320633501071713253793673163829048785901630621092470265187348393176438521597765339572846756448644483544804051537589511286170858307877118783372682142615883426487555782311878838064181112201241700309547928313461128856938738207693667622767430764172225375395569610403818535619214154093217675007212066926032886194829647155616836 0 0 0 0 0 0 0 0 0 0 0 0 0 0 0 0 0 0 0 0 0 0 0 0 0 0 0 0 0 0 0 0 0 0 0 0 0 0 0 0 0 0 0 0 0 0 0 0 0 0 0 0 0 0 0 0 0 0 0 0 0 0 0 0 0 0 0 0 0 0 0 0 0 0 0 0 0 1 0 0 0 0 0 0 0 0 0 0 0 0 0 0 0 0 0 0 0 0 0 0 0 0 0 0 0 0 0 0 0]
[5533043262152576453683821485915838887832049619665508259584114310936548706460316452019020342015690903987666399789392573763056067886893235695130538067990877304708073839901506081247044606228970689451899266019316439275563262969613777498221073656566114742191960672471587793848958396859318400490748583186087851387139888058127363642629456 0 0 0 0 0 0 0 0 0 0 0 0 0 0 0 0 0 0 0 0 0 0 0 0 0 0 0 0 0 0 0 0 0 0 0 0 0 0 0 0 0 0 0 0 0 0 0 0 0 0 0 0 0 0 0 0 0 0 0 0 0 0 0 0 0 0 0 0 0 0 0 0 0 0 0 0 0 0 1 0 0 0 0 0 0 0 0 0 0 0 0 0 0 0 0 0 0 0 0 0 0 0 0 0 0 0 0 0 0]
[5632087843571304993532555455232694044471917081155147592269665883043661501530121424796578621681476692482960071559549578782978743305969077332940454656263744847937838623923599856382834761441617449258854681033277494345649000354715963640546722281491276469899254722620648618931113185544657289458688772005176178976316219212614327553241470 0 0 0 0 0 0 0 0 0 0 0 0 0 0 0 0 0 0 0 0 0 0 0 0 0 0 0 0 0 0 0 0 0 0 0 0 0 0 0 0 0 0 0 0 0 0 0 0 0 0 0 0 0 0 0 0 0 0 0 0 0 0 0 0 0 0 0 0 0 0 0 0 0 0 0 0 0 0 0 1 0 0 0 0 0 0 0 0 0 0 0 0 0 0 0 0 0 0 0 0 0 0 0 0 0 0 0 0 0]
[4729323799415594537203603289368381631859275633576863787911132690346567593923370705225718298097530913482572634394180221740206683617842548913594722439580946112196725644973416767815757724505323751192891951417199846634793694280481286329399708239270187528430042227976415371794991633240840522698817638363020585428577117548868248441216897 0 0 0 0 0 0 0 0 0 0 0 0 0 0 0 0 0 0 0 0 0 0 0 0 0 0 0 0 0 0 0 0 0 0 0 0 0 0 0 0 0 0 0 0 0 0 0 0 0 0 0 0 0 0 0 0 0 0 0 0 0 0 0 0 0 0 0 0 0 0 0 0 0 0 0 0 0 0 0 0 1 0 0 0 0 0 0 0 0 0 0 0 0 0 0 0 0 0 0 0 0 0 0 0 0 0 0 0 0]
[1877267020894863348795612317165058884377340005092542031987446658399052044451800837905481712251321072416131004567576794969896937476211665874343239257683613965520825484949896950595028443352235466005462565759617811673957102765523713009686367205220432289631754813475590118832959476901144688314552423530992555449248719844115251590318019 0 0 0 0 0 0 0 0 0 0 0 0 0 0 0 0 0 0 0 0 0 0 0 0 0 0 0 0 0 0 0 0 0 0 0 0 0 0 0 0 0 0 0 0 0 0 0 0 0 0 0 0 0 0 0 0 0 0 0 0 0 0 0 0 0 0 0 0 0 0 0 0 0 0 0 0 0 0 0 0 0 1 0 0 0 0 0 0 0 0 0 0 0 0 0 0 0 0 0 0 0 0 0 0 0 0 0 0 0]
[4515893170784472499278695532309794606316817912884086805112430380103839673381377310471174786252371466168941310861228532351616398814666344501118719315158029636650378317198664191041810057979836409510275644406851944480589520593847545742878460527766033274720367950103666557261718460034705869101681170239772928309904932196413776242716200 0 0 0 0 0 0 0 0 0 0 0 0 0 0 0 0 0 0 0 0 0 0 0 0 0 0 0 0 0 0 0 0 0 0 0 0 0 0 0 0 0 0 0 0 0 0 0 0 0 0 0 0 0 0 0 0 0 0 0 0 0 0 0 0 0 0 0 0 0 0 0 0 0 0 0 0 0 0 0 0 0 0 1 0 0 0 0 0 0 0 0 0 0 0 0 0 0 0 0 0 0 0 0 0 0 0 0 0 0]
[6512921325490828492070524938785267792157049924221294858536829894852109398608970002711325217137229605778500429205108261767399558186047141008286782402140799525512917780682166157032345087926123929129504352475114443212444519239163947445727205551931892206205625578912910408874508020981873636495077643422663080802289746680977800331422527 0 0 0 0 0 0 0 0 0 0 0 0 0 0 0 0 0 0 0 0 0 0 0 0 0 0 0 0 0 0 0 0 0 0 0 0 0 0 0 0 0 0 0 0 0 0 0 0 0 0 0 0 0 0 0 0 0 0 0 0 0 0 0 0 0 0 0 0 0 0 0 0 0 0 0 0 0 0 0 0 0 0 0 1 0 0 0 0 0 0 0 0 0 0 0 0 0 0 0 0 0 0 0 0 0 0 0 0 0]
[5267767814146619100243086973588706565976219066928729710395997243302452436399488102251486783021337243837326810389802049163391469636907969158790903669354759794148217808937587501777165811024634018713729496897832430174152159668106785450573967462687364955891295583780067868147115434388413282460317705839853343886127147740301909918080780 0 0 0 0 0 0 0 0 0 0 0 0 0 0 0 0 0 0 0 0 0 0 0 0 0 0 0 0 0 0 0 0 0 0 0 0 0 0 0 0 0 0 0 0 0 0 0 0 0 0 0 0 0 0 0 0 0 0 0 0 0 0 0 0 0 0 0 0 0 0 0 0 0 0 0 0 0 0 0 0 0 0 0 0 1 0 0 0 0 0 0 0 0 0 0 0 0 0 0 0 0 0 0 0 0 0 0 0 0]
[3862260428818863601314987091564760882892639559924471117854077629871075290882649593099669679743424344958138345962814342487392019831432765262336405341087063719299266812317940878194777570089685069652720892491159039703823191164332641736987183868445709294490430003329515294623774340636071577568455147514692674978996597997598035531915061 0 0 0 0 0 0 0 0 0 0 0 0 0 0 0 0 0 0 0 0 0 0 0 0 0 0 0 0 0 0 0 0 0 0 0 0 0 0 0 0 0 0 0 0 0 0 0 0 0 0 0 0 0 0 0 0 0 0 0 0 0 0 0 0 0 0 0 0 0 0 0 0 0 0 0 0 0 0 0 0 0 0 0 0 0 1 0 0 0 0 0 0 0 0 0 0 0 0 0 0 0 0 0 0 0 0 0 0 0]
[3384393485087861286224732038283496991451964584360121529736170027297623444352365044525360170198621963322464438099138680569370697585201930684507215073182614719140821950359143818374933547588446673487886267841666190177222823434148370784018368203919724232561547105040057439129940133804172271535522180831616385474930733048502518299343677 0 0 0 0 0 0 0 0 0 0 0 0 0 0 0 0 0 0 0 0 0 0 0 0 0 0 0 0 0 0 0 0 0 0 0 0 0 0 0 0 0 0 0 0 0 0 0 0 0 0 0 0 0 0 0 0 0 0 0 0 0 0 0 0 0 0 0 0 0 0 0 0 0 0 0 0 0 0 0 0 0 0 0 0 0 0 1 0 0 0 0 0 0 0 0 0 0 0 0 0 0 0 0 0 0 0 0 0 0]
[6759853628481335923970414394130099108615722212052645070839838299365925218411658885180938674011998369051269208334876637733042435180671249159050881830228865643465100526642003816402657608932985290052360861717921395702893170930062333856023848753608030149882457803637965951422846101237687958382140684300507763132394673735668888253853381 0 0 0 0 0 0 0 0 0 0 0 0 0 0 0 0 0 0 0 0 0 0 0 0 0 0 0 0 0 0 0 0 0 0 0 0 0 0 0 0 0 0 0 0 0 0 0 0 0 0 0 0 0 0 0 0 0 0 0 0 0 0 0 0 0 0 0 0 0 0 0 0 0 0 0 0 0 0 0 0 0 0 0 0 0 0 0 1 0 0 0 0 0 0 0 0 0 0 0 0 0 0 0 0 0 0 0 0 0]
[3361482949617643725051589605659849559104992006098357024281573501141131563386356981880602095998718041621303689283962682509827571764561861925643051693747184061936968022294202734324205337805174412728540865906148443514564948165526259296030034586325828639171737979444244397620515350600276272128048061807222023870184749327394018248139625 0 0 0 0 0 0 0 0 0 0 0 0 0 0 0 0 0 0 0 0 0 0 0 0 0 0 0 0 0 0 0 0 0 0 0 0 0 0 0 0 0 0 0 0 0 0 0 0 0 0 0 0 0 0 0 0 0 0 0 0 0 0 0 0 0 0 0 0 0 0 0 0 0 0 0 0 0 0 0 0 0 0 0 0 0 0 0 0 1 0 0 0 0 0 0 0 0 0 0 0 0 0 0 0 0 0 0 0 0]
[5161025150789179104184913645323498023510150506492583672094685006531097285913862513477684612189244322303119632680626346324421688496694515871376007456629454481866608785497226063017649352056371719171099013661913845126007567613691769800462475044205850666195256214862017547198506492325928986833224778477644762357292669600484357431597075 0 0 0 0 0 0 0 0 0 0 0 0 0 0 0 0 0 0 0 0 0 0 0 0 0 0 0 0 0 0 0 0 0 0 0 0 0 0 0 0 0 0 0 0 0 0 0 0 0 0 0 0 0 0 0 0 0 0 0 0 0 0 0 0 0 0 0 0 0 0 0 0 0 0 0 0 0 0 0 0 0 0 0 0 0 0 0 0 0 1 0 0 0 0 0 0 0 0 0 0 0 0 0 0 0 0 0 0 0]
[654028115066355892674548331688791173528001604408395916528582026313330826868515737364172564698801332104984490661646932001888974314574349840392487984459245136588365130054396662596883670566442502336126843930121515874645722266046538999979516297871607004156136568690469102967585890814217764980850587906439827504841253884265024806794067 0 0 0 0 0 0 0 0 0 0 0 0 0 0 0 0 0 0 0 0 0 0 0 0 0 0 0 0 0 0 0 0 0 0 0 0 0 0 0 0 0 0 0 0 0 0 0 0 0 0 0 0 0 0 0 0 0 0 0 0 0 0 0 0 0 0 0 0 0 0 0 0 0 0 0 0 0 0 0 0 0 0 0 0 0 0 0 0 0 0 1 0 0 0 0 0 0 0 0 0 0 0 0 0 0 0 0 0 0]
[3293356740848077811238172749913062927544337075132907984644430876526625855708953975960846417546155987247005639775192562591150757474324711348530787539277748449740292005768299493060542276269445178392705211877877881389168950129849689899749250429565281975883385416570710739964151141213775234532220974064465778381534927840739177105075924 0 0 0 0 0 0 0 0 0 0 0 0 0 0 0 0 0 0 0 0 0 0 0 0 0 0 0 0 0 0 0 0 0 0 0 0 0 0 0 0 0 0 0 0 0 0 0 0 0 0 0 0 0 0 0 0 0 0 0 0 0 0 0 0 0 0 0 0 0 0 0 0 0 0 0 0 0 0 0 0 0 0 0 0 0 0 0 0 0 0 0 1 0 0 0 0 0 0 0 0 0 0 0 0 0 0 0 0 0]
[3098328103823741332592881744239679919315392827595993388812888084978999525168649674980135939157112376595472813403314714593605388417804088359710442055769332138090860480239047292652714588994071664741995811447560386716419889922343896615973815811964051831658824486882277046957161857068765572532336555278793004460939817497823460448564702 0 0 0 0 0 0 0 0 0 0 0 0 0 0 0 0 0 0 0 0 0 0 0 0 0 0 0 0 0 0 0 0 0 0 0 0 0 0 0 0 0 0 0 0 0 0 0 0 0 0 0 0 0 0 0 0 0 0 0 0 0 0 0 0 0 0 0 0 0 0 0 0 0 0 0 0 0 0 0 0 0 0 0 0 0 0 0 0 0 0 0 0 1 0 0 0 0 0 0 0 0 0 0 0 0 0 0 0 0]
[5506460544196616593764533336604918670893706365760474061438914778600767031505675776588116087043374828297901008938037300818892654781677892325665975527902590212854487065420338881344345437619128266844528364552721797597074403985105324285002054092060902926003381657264971524483389428835023937531657735019884963259456166356166783155535735 0 0 0 0 0 0 0 0 0 0 0 0 0 0 0 0 0 0 0 0 0 0 0 0 0 0 0 0 0 0 0 0 0 0 0 0 0 0 0 0 0 0 0 0 0 0 0 0 0 0 0 0 0 0 0 0 0 0 0 0 0 0 0 0 0 0 0 0 0 0 0 0 0 0 0 0 0 0 0 0 0 0 0 0 0 0 0 0 0 0 0 0 0 1 0 0 0 0 0 0 0 0 0 0 0 0 0 0 0]
[770369844166512068855241632879015855131271407346209696819343880861089879692184782369506107044262403667797985963057143252381177815958801693029431524063380604805905316544771472516335681868975284007423886694306770713002452264710849173849909897201893879389597971537898024288963106571953127177078045200348693768095958912942328377269281 0 0 0 0 0 0 0 0 0 0 0 0 0 0 0 0 0 0 0 0 0 0 0 0 0 0 0 0 0 0 0 0 0 0 0 0 0 0 0 0 0 0 0 0 0 0 0 0 0 0 0 0 0 0 0 0 0 0 0 0 0 0 0 0 0 0 0 0 0 0 0 0 0 0 0 0 0 0 0 0 0 0 0 0 0 0 0 0 0 0 0 0 0 0 1 0 0 0 0 0 0 0 0 0 0 0 0 0 0]
[2446284202597745674198449187775171391841302550167887235736886497762003277267498202417111167298919973905818400175955984923738736133291334070329401244512037480588159390798170731611337548445146577307363400114277274610216036566129396023665701780688624344038037270702679441666792047831336197441111411462107745346899508769362099524785021 0 0 0 0 0 0 0 0 0 0 0 0 0 0 0 0 0 0 0 0 0 0 0 0 0 0 0 0 0 0 0 0 0 0 0 0 0 0 0 0 0 0 0 0 0 0 0 0 0 0 0 0 0 0 0 0 0 0 0 0 0 0 0 0 0 0 0 0 0 0 0 0 0 0 0 0 0 0 0 0 0 0 0 0 0 0 0 0 0 0 0 0 0 0 0 1 0 0 0 0 0 0 0 0 0 0 0 0 0]
[461713742601757441157253038180069392079316959367823474294068800422098920542162876844978730854022106986004956594511533798249633331349429216821178680652031250192999557243057479820900195419146989041191982453412602151263504896294261993431834909153589326297331974683790441504200715871225706354180644917856531925446837260316465915737086 0 0 0 0 0 0 0 0 0 0 0 0 0 0 0 0 0 0 0 0 0 0 0 0 0 0 0 0 0 0 0 0 0 0 0 0 0 0 0 0 0 0 0 0 0 0 0 0 0 0 0 0 0 0 0 0 0 0 0 0 0 0 0 0 0 0 0 0 0 0 0 0 0 0 0 0 0 0 0 0 0 0 0 0 0 0 0 0 0 0 0 0 0 0 0 0 1 0 0 0 0 0 0 0 0 0 0 0 0]
[766071120207779505892911455497769644176837744148867496414584593412539942792933579966807988580774348721326313836186123446657833337807571791897628061719095368295948495399853543423581912557590542079697424219047880875832687260711121622478229277192671842053639448869461360719948126780705540240868607837069059753258756818026083627292223 0 0 0 0 0 0 0 0 0 0 0 0 0 0 0 0 0 0 0 0 0 0 0 0 0 0 0 0 0 0 0 0 0 0 0 0 0 0 0 0 0 0 0 0 0 0 0 0 0 0 0 0 0 0 0 0 0 0 0 0 0 0 0 0 0 0 0 0 0 0 0 0 0 0 0 0 0 0 0 0 0 0 0 0 0 0 0 0 0 0 0 0 0 0 0 0 0 1 0 0 0 0 0 0 0 0 0 0 0]
[1385713670462319815029653327711252118694726089408871993303837433381468516956284268839879656000475980334632756968799437055634701855033698728841907041419599538062109894606316179965893732862893701435079675308955762587230182304489550306724458308396912093553081299666350234013592911520058214513503083607149937000026017156332059543401421 0 0 0 0 0 0 0 0 0 0 0 0 0 0 0 0 0 0 0 0 0 0 0 0 0 0 0 0 0 0 0 0 0 0 0 0 0 0 0 0 0 0 0 0 0 0 0 0 0 0 0 0 0 0 0 0 0 0 0 0 0 0 0 0 0 0 0 0 0 0 0 0 0 0 0 0 0 0 0 0 0 0 0 0 0 0 0 0 0 0 0 0 0 0 0 0 0 0 1 0 0 0 0 0 0 0 0 0 0]
[3519777315135765631217665833232347966139239780294839351674953912369142259198509429668367543437688115237869421788011016233387143216181785314503433023447722977523024947002850283486813289334026004391003306050748425135587187519333431341721848557393108803136038381476317689621231914311731022219694309249144494370002689313078227904756182 0 0 0 0 0 0 0 0 0 0 0 0 0 0 0 0 0 0 0 0 0 0 0 0 0 0 0 0 0 0 0 0 0 0 0 0 0 0 0 0 0 0 0 0 0 0 0 0 0 0 0 0 0 0 0 0 0 0 0 0 0 0 0 0 0 0 0 0 0 0 0 0 0 0 0 0 0 0 0 0 0 0 0 0 0 0 0 0 0 0 0 0 0 0 0 0 0 0 0 1 0 0 0 0 0 0 0 0 0]
[109349253083832894708217608090735347682779843150699434134466802807654362122386722298764582357915250043370491424003283631870641929225969934688941882008718986114017935005740682171921417257080809776621573814003639802149349094711054076119947257386814855954108350109530538237035097928142296033987610328128829523833357928410500505342118 0 0 0 0 0 0 0 0 0 0 0 0 0 0 0 0 0 0 0 0 0 0 0 0 0 0 0 0 0 0 0 0 0 0 0 0 0 0 0 0 0 0 0 0 0 0 0 0 0 0 0 0 0 0 0 0 0 0 0 0 0 0 0 0 0 0 0 0 0 0 0 0 0 0 0 0 0 0 0 0 0 0 0 0 0 0 0 0 0 0 0 0 0 0 0 0 0 0 0 0 1 0 0 0 0 0 0 0 0]
[4562813883771632569355257982154191647252071874904304566678379970225459815225188169565030017057959519726012510869691437889638851490672567613441961465512687123213065667675861643980802267424499774041832322147354048063469534528374449937791284928954054560569945967058455453794610811990573642697267354842396186047069679447123286947537141 0 0 0 0 0 0 0 0 0 0 0 0 0 0 0 0 0 0 0 0 0 0 0 0 0 0 0 0 0 0 0 0 0 0 0 0 0 0 0 0 0 0 0 0 0 0 0 0 0 0 0 0 0 0 0 0 0 0 0 0 0 0 0 0 0 0 0 0 0 0 0 0 0 0 0 0 0 0 0 0 0 0 0 0 0 0 0 0 0 0 0 0 0 0 0 0 0 0 0 0 0 1 0 0 0 0 0 0 0]
[6089256018824760927102363451282268541561584227754588734023305121925806288203115302885964883832758323571238595510698730937906727991100006343069344560662937605222231168348615477085783803196244140056045818177826784530649529890346847779825883271008947236157892324866415366304217283079447859528058101532682734515983044155717113732303548 0 0 0 0 0 0 0 0 0 0 0 0 0 0 0 0 0 0 0 0 0 0 0 0 0 0 0 0 0 0 0 0 0 0 0 0 0 0 0 0 0 0 0 0 0 0 0 0 0 0 0 0 0 0 0 0 0 0 0 0 0 0 0 0 0 0 0 0 0 0 0 0 0 0 0 0 0 0 0 0 0 0 0 0 0 0 0 0 0 0 0 0 0 0 0 0 0 0 0 0 0 0 1 0 0 0 0 0 0]
[3473830274250681849114479709297094820114043230872377857427825001079251838765423948965833570157946107580589348508602306647972253421863038626098793327590984805405233315265746974808683415763728865353365122968837885248664175554968034444523610625824055338431981923338174845663051501468915593551510562105090292119218651679587438407690700 0 0 0 0 0 0 0 0 0 0 0 0 0 0 0 0 0 0 0 0 0 0 0 0 0 0 0 0 0 0 0 0 0 0 0 0 0 0 0 0 0 0 0 0 0 0 0 0 0 0 0 0 0 0 0 0 0 0 0 0 0 0 0 0 0 0 0 0 0 0 0 0 0 0 0 0 0 0 0 0 0 0 0 0 0 0 0 0 0 0 0 0 0 0 0 0 0 0 0 0 0 0 0 1 0 0 0 0 0]
[2647844864017786516541770819415714751734761427035778690530821442974867033986035951405347121575090959703644105924746834116530712140765604568010736791027003862397838163479429296156625682292712444907145889976722434463230074343240063118676985344898212242888257772145158502904083739378191743480894127419281386164690267009062217266682825 0 0 0 0 0 0 0 0 0 0 0 0 0 0 0 0 0 0 0 0 0 0 0 0 0 0 0 0 0 0 0 0 0 0 0 0 0 0 0 0 0 0 0 0 0 0 0 0 0 0 0 0 0 0 0 0 0 0 0 0 0 0 0 0 0 0 0 0 0 0 0 0 0 0 0 0 0 0 0 0 0 0 0 0 0 0 0 0 0 0 0 0 0 0 0 0 0 0 0 0 0 0 0 0 1 0 0 0 0]
[851194213286310923858471931191802573071769426541928473435472027061010611578801575860951702027832006085334965437787817959426657332767007369142149189653412272097078275410963384076984009545439472520838040020219667285598661798277001249293718806089024362951857284575043849805866229638399648257689260394063731880611687199647828387490606 0 0 0 0 0 0 0 0 0 0 0 0 0 0 0 0 0 0 0 0 0 0 0 0 0 0 0 0 0 0 0 0 0 0 0 0 0 0 0 0 0 0 0 0 0 0 0 0 0 0 0 0 0 0 0 0 0 0 0 0 0 0 0 0 0 0 0 0 0 0 0 0 0 0 0 0 0 0 0 0 0 0 0 0 0 0 0 0 0 0 0 0 0 0 0 0 0 0 0 0 0 0 0 0 0 1 0 0 0]
[5819708843357295271763200136224979174169704925631373005419577959734608764731984365964697266581043120349139572821198381399855309039990237273889304900536672961315872416463431256980354254380384805078377190373713782353841076821846223549578321972459647624520743232216448852543422590034912499560551028135792469791680518671375888929160301 0 0 0 0 0 0 0 0 0 0 0 0 0 0 0 0 0 0 0 0 0 0 0 0 0 0 0 0 0 0 0 0 0 0 0 0 0 0 0 0 0 0 0 0 0 0 0 0 0 0 0 0 0 0 0 0 0 0 0 0 0 0 0 0 0 0 0 0 0 0 0 0 0 0 0 0 0 0 0 0 0 0 0 0 0 0 0 0 0 0 0 0 0 0 0 0 0 0 0 0 0 0 0 0 0 0 1 0 0]
[3432526703147171547258148719227463988333080307254280221655661324709245336375241943542245702073690498311985896165263371570193745363010103634147180502991997561099904979146438049849603541856231820898575242424834848330972926781931329247581574045465706965891433741117137523943204886427436455440568876729009696487712024684149893047362742 0 0 0 0 0 0 0 0 0 0 0 0 0 0 0 0 0 0 0 0 0 0 0 0 0 0 0 0 0 0 0 0 0 0 0 0 0 0 0 0 0 0 0 0 0 0 0 0 0 0 0 0 0 0 0 0 0 0 0 0 0 0 0 0 0 0 0 0 0 0 0 0 0 0 0 0 0 0 0 0 0 0 0 0 0 0 0 0 0 0 0 0 0 0 0 0 0 0 0 0 0 0 0 0 0 0 0 1 0]
[4814975694702817504633198395689990493486608481953514068658104631542641146385615751608112429809889265900982631853697859994290895974552817630748203976588896438677168875069664859780622457990150888380677079523566883649194136843495951098031135819360810212763271027236181767512509886309421876756310904812787619122016885998076831312098923 0 0 0 0 0 0 0 0 0 0 0 0 0 0 0 0 0 0 0 0 0 0 0 0 0 0 0 0 0 0 0 0 0 0 0 0 0 0 0 0 0 0 0 0 0 0 0 0 0 0 0 0 0 0 0 0 0 0 0 0 0 0 0 0 0 0 0 0 0 0 0 0 0 0 0 0 0 0 0 0 0 0 0 0 0 0 0 0 0 0 0 0 0 0 0 0 0 0 0 0 0 0 0 0 0 0 0 0 1]
]
