[[2457573739094500551507078708090827148916440161948356392550538823824071519156609818078805435046603525970726394563867835087 0 0 0 0 0 0 0 0 0 0 0 0 0 0 0 0 0 0 0 0 0 0 0 0 0 0 0 0 0 0 0 0 0 0 0 0 0 0 0]
[2345051125747418617510821492717361899682756827330353343460412180853268690197404254384579830759246034791084527115479469503 1 0 0 0 0 0 0 0 0 0 0 0 0 0 0 0 0 0 0 0 0 0 0 0 0 0 0 0 0 0 0 0 0 0 0 0 0 0 0]
[796712367933401617216683868324457269335623683271689501504406692140171244838957487829836832719484643115042123318349515414 0 1 0 0 0 0 0 0 0 0 0 0 0 0 0 0 0 0 0 0 0 0 0 0 0 0 0 0 0 0 0 0 0 0 0 0 0 0 0]
[2266710082805629943445001388147369725573073129852260126612778226099634780799840864252590236827989250461623023727301944418 0 0 1 0 0 0 0 0 0 0 0 0 0 0 0 0 0 0 0 0 0 0 0 0 0 0 0 0 0 0 0 0 0 0 0 0 0 0 0]
[1185061440911488588349116003081068056683998974769729587337231786069496494863372916791789750765782416342403853142637706955 0 0 0 1 0 0 0 0 0 0 0 0 0 0 0 0 0 0 0 0 0 0 0 0 0 0 0 0 0 0 0 0 0 0 0 0 0 0 0]
[40308685055264563414227068915514330159420309839929402200214034515157643032291896932720876795453602652431685112787510301 0 0 0 0 1 0 0 0 0 0 0 0 0 0 0 0 0 0 0 0 0 0 0 0 0 0 0 0 0 0 0 0 0 0 0 0 0 0 0]
[1358998585848787642121043541805260638164692014016158319474681091779359703525794513793185704079193001386109525416010094468 0 0 0 0 0 1 0 0 0 0 0 0 0 0 0 0 0 0 0 0 0 0 0 0 0 0 0 0 0 0 0 0 0 0 0 0 0 0 0]
[927411533680937951032210473962019438590829681402951226294782369175269700047648656588227513000660674843297873152907828686 0 0 0 0 0 0 1 0 0 0 0 0 0 0 0 0 0 0 0 0 0 0 0 0 0 0 0 0 0 0 0 0 0 0 0 0 0 0 0]
[797464637672811604407934861164053848852319802587160729618662509863562320491583036973932391338411919447817565448953042827 0 0 0 0 0 0 0 1 0 0 0 0 0 0 0 0 0 0 0 0 0 0 0 0 0 0 0 0 0 0 0 0 0 0 0 0 0 0 0]
[1045373966733323814358608316146663592326406507389638729427203869733114589239242947771723740406195334572047884561977505935 0 0 0 0 0 0 0 0 1 0 0 0 0 0 0 0 0 0 0 0 0 0 0 0 0 0 0 0 0 0 0 0 0 0 0 0 0 0 0]
[1622106422364325803961418917813971586884403661223886549667729126614797392922720549561262076779943389853693996962556281670 0 0 0 0 0 0 0 0 0 1 0 0 0 0 0 0 0 0 0 0 0 0 0 0 0 0 0 0 0 0 0 0 0 0 0 0 0 0 0]
[198317964668627126888072705279359957505661194147576381009231473292612473196736680683995773161906769439471611285911893946 0 0 0 0 0 0 0 0 0 0 1 0 0 0 0 0 0 0 0 0 0 0 0 0 0 0 0 0 0 0 0 0 0 0 0 0 0 0 0]
[1799169492147368644107678725319564089947400206056099525541011189244864816963002282725232555195972399861861103674691102558 0 0 0 0 0 0 0 0 0 0 0 1 0 0 0 0 0 0 0 0 0 0 0 0 0 0 0 0 0 0 0 0 0 0 0 0 0 0 0]
[2339151794729691994294579287220996555871584822078477994563400729104745445103931206469886267247907566102994564424748463134 0 0 0 0 0 0 0 0 0 0 0 0 1 0 0 0 0 0 0 0 0 0 0 0 0 0 0 0 0 0 0 0 0 0 0 0 0 0 0]
[1718368704990373042935712029823006396558690820493162929017303764836302713775281401884886467978061461206972887750837564116 0 0 0 0 0 0 0 0 0 0 0 0 0 1 0 0 0 0 0 0 0 0 0 0 0 0 0 0 0 0 0 0 0 0 0 0 0 0 0]
[2286424359703761305027659273432219010662716902837835897266980759526406486393964622455121104103863810873568850947941285094 0 0 0 0 0 0 0 0 0 0 0 0 0 0 1 0 0 0 0 0 0 0 0 0 0 0 0 0 0 0 0 0 0 0 0 0 0 0 0]
[1640120087190619762041529622922430604866683199596857071671865214734374101491811917646870052234149451785712873717308673029 0 0 0 0 0 0 0 0 0 0 0 0 0 0 0 1 0 0 0 0 0 0 0 0 0 0 0 0 0 0 0 0 0 0 0 0 0 0 0]
[1960925771351669123163222534722261774349026452221978403247679882741107301358863002411782609921396959494369324455482400917 0 0 0 0 0 0 0 0 0 0 0 0 0 0 0 0 1 0 0 0 0 0 0 0 0 0 0 0 0 0 0 0 0 0 0 0 0 0 0]
[1674208891507220425465931717540077639082716112223076772083307649889485942800031850758190469931876970603463762853500865965 0 0 0 0 0 0 0 0 0 0 0 0 0 0 0 0 0 1 0 0 0 0 0 0 0 0 0 0 0 0 0 0 0 0 0 0 0 0 0]
[881885399810327783731548761680177760760190036152294243599334094206400513359081264750970729360646753677945829554751927243 0 0 0 0 0 0 0 0 0 0 0 0 0 0 0 0 0 0 1 0 0 0 0 0 0 0 0 0 0 0 0 0 0 0 0 0 0 0 0]
[1281461775638192057088756509479274305064995712131234746647632477472644559271767856845025567453588959023456849044323924150 0 0 0 0 0 0 0 0 0 0 0 0 0 0 0 0 0 0 0 1 0 0 0 0 0 0 0 0 0 0 0 0 0 0 0 0 0 0 0]
[2286124428473156895139617967322198952384895438578315977055671831232519437737446504431181327286565937752827044226827834989 0 0 0 0 0 0 0 0 0 0 0 0 0 0 0 0 0 0 0 0 1 0 0 0 0 0 0 0 0 0 0 0 0 0 0 0 0 0 0]
[1292581203886404596887887652950709690622396265271195384121784158765603303202550433521641806579046275517244214949000315259 0 0 0 0 0 0 0 0 0 0 0 0 0 0 0 0 0 0 0 0 0 1 0 0 0 0 0 0 0 0 0 0 0 0 0 0 0 0 0]
[2369472872448355307723110869419902164072310326731084031574843578924587007467214666898614025779992451295780055256540233264 0 0 0 0 0 0 0 0 0 0 0 0 0 0 0 0 0 0 0 0 0 0 1 0 0 0 0 0 0 0 0 0 0 0 0 0 0 0 0]
[135200831979635777082138363697224519065500740910933171946330725875557365900185693754732621210548768918615599275109910250 0 0 0 0 0 0 0 0 0 0 0 0 0 0 0 0 0 0 0 0 0 0 0 1 0 0 0 0 0 0 0 0 0 0 0 0 0 0 0]
[282862530123007450417114976966587413571990287446506609895621766969745777975437555713156056638282576249462321189698546553 0 0 0 0 0 0 0 0 0 0 0 0 0 0 0 0 0 0 0 0 0 0 0 0 1 0 0 0 0 0 0 0 0 0 0 0 0 0 0]
[1687927796517217135230894212325580560873138866943127330236692436125433677442778517083197580299855384054656783114064692201 0 0 0 0 0 0 0 0 0 0 0 0 0 0 0 0 0 0 0 0 0 0 0 0 0 1 0 0 0 0 0 0 0 0 0 0 0 0 0]
[1951397482956956043062358972889343303810821958894932074848113147558946693294689043683864536353470779858502408690982236491 0 0 0 0 0 0 0 0 0 0 0 0 0 0 0 0 0 0 0 0 0 0 0 0 0 0 1 0 0 0 0 0 0 0 0 0 0 0 0]
[1212592557009428377611556673097608775984683364502198955801487634797125649195484944550337547375195040980426334262443158746 0 0 0 0 0 0 0 0 0 0 0 0 0 0 0 0 0 0 0 0 0 0 0 0 0 0 0 1 0 0 0 0 0 0 0 0 0 0 0]
[1122619965985164127158588785198327411633484934715399881424958064351121051033817142717934453678119775399566110161166012494 0 0 0 0 0 0 0 0 0 0 0 0 0 0 0 0 0 0 0 0 0 0 0 0 0 0 0 0 1 0 0 0 0 0 0 0 0 0 0]
[1364926921927343200490109409536205597168765287863710165215056841301181731550470322986539607345265853322808181070628800986 0 0 0 0 0 0 0 0 0 0 0 0 0 0 0 0 0 0 0 0 0 0 0 0 0 0 0 0 0 1 0 0 0 0 0 0 0 0 0]
[2079867305716563776010651769080040822029438518299292503281189643668765869622951293191894044728610311733322924131716007632 0 0 0 0 0 0 0 0 0 0 0 0 0 0 0 0 0 0 0 0 0 0 0 0 0 0 0 0 0 0 1 0 0 0 0 0 0 0 0]
[533345731677325581923191550154493203773436274567465272151759321670266035796977188071203595845481363567920866287873359777 0 0 0 0 0 0 0 0 0 0 0 0 0 0 0 0 0 0 0 0 0 0 0 0 0 0 0 0 0 0 0 1 0 0 0 0 0 0 0]
[1329338128213729616528552115720081766674294340135710972436920081057531959339368305015769384903147289329864396307349324786 0 0 0 0 0 0 0 0 0 0 0 0 0 0 0 0 0 0 0 0 0 0 0 0 0 0 0 0 0 0 0 0 1 0 0 0 0 0 0]
[390079707320648887536726812478157199303004605742067132734341261415440158908452499872254638790532078637574930935546022801 0 0 0 0 0 0 0 0 0 0 0 0 0 0 0 0 0 0 0 0 0 0 0 0 0 0 0 0 0 0 0 0 0 1 0 0 0 0 0]
[904520531125025032915277317627740436063368509585962438647444387946298910390511572629536309012619669619329304787840972422 0 0 0 0 0 0 0 0 0 0 0 0 0 0 0 0 0 0 0 0 0 0 0 0 0 0 0 0 0 0 0 0 0 0 1 0 0 0 0]
[225932484375937733818783709579871995908514730357042160555506644920562159707516109350229718288170310489518519471442950375 0 0 0 0 0 0 0 0 0 0 0 0 0 0 0 0 0 0 0 0 0 0 0 0 0 0 0 0 0 0 0 0 0 0 0 1 0 0 0]
[582940258487157564124121863818973646717470420470650304891067237869165353699615320554628149756901367532118630782201062324 0 0 0 0 0 0 0 0 0 0 0 0 0 0 0 0 0 0 0 0 0 0 0 0 0 0 0 0 0 0 0 0 0 0 0 0 1 0 0]
[734992792387950039406519346902122186782060432359676105746973998733135106264585404070921828165304618765327439960433131152 0 0 0 0 0 0 0 0 0 0 0 0 0 0 0 0 0 0 0 0 0 0 0 0 0 0 0 0 0 0 0 0 0 0 0 0 0 1 0]
[1552338034043248212783385786666974721864949929577704671163348634680869159820697795448811236036712344206428617074601852287 0 0 0 0 0 0 0 0 0 0 0 0 0 0 0 0 0 0 0 0 0 0 0 0 0 0 0 0 0 0 0 0 0 0 0 0 0 0 1]
]
