[[4302032392518863230874554584606687451032929834088595471026002268222725897560635308597001829944922044631632315911540960944439496010408737386235540436064708793389035439426117307407121069535518342111496040839387223119554988948009935497212770030153400920658945352171557327453 0 0 0 0 0 0 0 0 0 0 0 0 0 0 0 0 0 0 0 0 0 0 0 0 0 0 0 0 0 0 0 0 0 0 0 0 0 0 0 0 0 0 0 0 0 0 0 0 0 0 0 0 0 0 0 0 0 0 0 0 0 0 0 0 0 0 0 0 0 0 0 0 0 0 0 0 0 0 0 0 0 0 0 0 0 0 0 0 0]
[1039093443189043621278022263189426527492606371307456995384132488081103646870194247416515009694672707662217427242302363677359494514159774595628749566359585396310824881697379218292799848265516867746949039890732741154709433514356903369822690126665833238780614641797929963260 1 0 0 0 0 0 0 0 0 0 0 0 0 0 0 0 0 0 0 0 0 0 0 0 0 0 0 0 0 0 0 0 0 0 0 0 0 0 0 0 0 0 0 0 0 0 0 0 0 0 0 0 0 0 0 0 0 0 0 0 0 0 0 0 0 0 0 0 0 0 0 0 0 0 0 0 0 0 0 0 0 0 0 0 0 0 0 0 0]
[2569557414663428246314315965148229410306507848540386162009107675718331013378271024638276851834586164055702032335193758026520215889189230484941085652162882010238476564149671802189419750892004590398448130009306574742075108109308732126417302445123581431975501592334395910320 0 1 0 0 0 0 0 0 0 0 0 0 0 0 0 0 0 0 0 0 0 0 0 0 0 0 0 0 0 0 0 0 0 0 0 0 0 0 0 0 0 0 0 0 0 0 0 0 0 0 0 0 0 0 0 0 0 0 0 0 0 0 0 0 0 0 0 0 0 0 0 0 0 0 0 0 0 0 0 0 0 0 0 0 0 0 0 0 0]
[3335291263127449977562041147629634509003925226097161903374234636139937891875069702622287236769574952486306710433848386866995484902989629533026065290100028444649378221047246439915518192919866216845153056718751091289634596360118737409660264938857113570689698218179609176062 0 0 1 0 0 0 0 0 0 0 0 0 0 0 0 0 0 0 0 0 0 0 0 0 0 0 0 0 0 0 0 0 0 0 0 0 0 0 0 0 0 0 0 0 0 0 0 0 0 0 0 0 0 0 0 0 0 0 0 0 0 0 0 0 0 0 0 0 0 0 0 0 0 0 0 0 0 0 0 0 0 0 0 0 0 0 0 0 0]
[3535198750136614295493744185957553742155763789253098607813943693688627781891467179626237192670686827075056369815150666320169868290056778156957525373466578544607589977376785324519427101315455160381454247392255065576539817903910063358949124265154409165069535937989661816164 0 0 0 1 0 0 0 0 0 0 0 0 0 0 0 0 0 0 0 0 0 0 0 0 0 0 0 0 0 0 0 0 0 0 0 0 0 0 0 0 0 0 0 0 0 0 0 0 0 0 0 0 0 0 0 0 0 0 0 0 0 0 0 0 0 0 0 0 0 0 0 0 0 0 0 0 0 0 0 0 0 0 0 0 0 0 0 0 0]
[1759672599598922734078738778620377168056244073680309201261140793092449805144849700967654318630293044404629457184688673704713372534523904253151364598562411380694358045861468958167558115228992781263826228230203967962015067177378188781777936226720417747528948424664798582892 0 0 0 0 1 0 0 0 0 0 0 0 0 0 0 0 0 0 0 0 0 0 0 0 0 0 0 0 0 0 0 0 0 0 0 0 0 0 0 0 0 0 0 0 0 0 0 0 0 0 0 0 0 0 0 0 0 0 0 0 0 0 0 0 0 0 0 0 0 0 0 0 0 0 0 0 0 0 0 0 0 0 0 0 0 0 0 0 0]
[3366598760646476498840805642923175464751161276641020306373642166582481634498882788879747593285843523712767060241090663497475683489722318679763110367496416628924886326019384221273193004721650868352314754147393048340057488605590013533485173495359851547820466263285030893265 0 0 0 0 0 1 0 0 0 0 0 0 0 0 0 0 0 0 0 0 0 0 0 0 0 0 0 0 0 0 0 0 0 0 0 0 0 0 0 0 0 0 0 0 0 0 0 0 0 0 0 0 0 0 0 0 0 0 0 0 0 0 0 0 0 0 0 0 0 0 0 0 0 0 0 0 0 0 0 0 0 0 0 0 0 0 0 0 0]
[1116130305433507785191261098054164281301735454248410917511077732453740261200244825186429693209454878893876888795184758569297936601092687353912795298382243261350293262978930093092820283796886318422681230840058910845519699767213157490987441416590238830527015287999088619997 0 0 0 0 0 0 1 0 0 0 0 0 0 0 0 0 0 0 0 0 0 0 0 0 0 0 0 0 0 0 0 0 0 0 0 0 0 0 0 0 0 0 0 0 0 0 0 0 0 0 0 0 0 0 0 0 0 0 0 0 0 0 0 0 0 0 0 0 0 0 0 0 0 0 0 0 0 0 0 0 0 0 0 0 0 0 0 0 0]
[3933972291953302426990859844796727124279140626311530441621517263776312829275867459903926368365090585340674946301271433032022763281181475115421182790362555219870614803718538164450163635692043646371605387229863445816373226832388001180057387847612418518434712203425508887306 0 0 0 0 0 0 0 1 0 0 0 0 0 0 0 0 0 0 0 0 0 0 0 0 0 0 0 0 0 0 0 0 0 0 0 0 0 0 0 0 0 0 0 0 0 0 0 0 0 0 0 0 0 0 0 0 0 0 0 0 0 0 0 0 0 0 0 0 0 0 0 0 0 0 0 0 0 0 0 0 0 0 0 0 0 0 0 0 0]
[3855844030327650576808633618905791271281477830992584754338497079735612561124539613372735369553901636402540064518961453957791180931124883512343339846666863774642354074978882656350209757689368888953477470620835860632190194713330795413695790553804869296962173361676422799237 0 0 0 0 0 0 0 0 1 0 0 0 0 0 0 0 0 0 0 0 0 0 0 0 0 0 0 0 0 0 0 0 0 0 0 0 0 0 0 0 0 0 0 0 0 0 0 0 0 0 0 0 0 0 0 0 0 0 0 0 0 0 0 0 0 0 0 0 0 0 0 0 0 0 0 0 0 0 0 0 0 0 0 0 0 0 0 0 0]
[1035969876579785009343923854993940636192118234131677908680580035026411594480994676495613055296987709409121084597334144892986132061167439157355451837956680963321100816606098340142080129380820901614479412123213672507970930460108832115571105233714260305389613131332908163249 0 0 0 0 0 0 0 0 0 1 0 0 0 0 0 0 0 0 0 0 0 0 0 0 0 0 0 0 0 0 0 0 0 0 0 0 0 0 0 0 0 0 0 0 0 0 0 0 0 0 0 0 0 0 0 0 0 0 0 0 0 0 0 0 0 0 0 0 0 0 0 0 0 0 0 0 0 0 0 0 0 0 0 0 0 0 0 0 0]
[3674544297624641278900977762119069583768599755127325026666595501926392514093477993877851553950716113225075493567908646460568002438839220272031648253007686222101605732027798576456841236456432181942898375576212074791936450656306570977544750321179810159072157845621221540864 0 0 0 0 0 0 0 0 0 0 1 0 0 0 0 0 0 0 0 0 0 0 0 0 0 0 0 0 0 0 0 0 0 0 0 0 0 0 0 0 0 0 0 0 0 0 0 0 0 0 0 0 0 0 0 0 0 0 0 0 0 0 0 0 0 0 0 0 0 0 0 0 0 0 0 0 0 0 0 0 0 0 0 0 0 0 0 0 0]
[2475808159388785561647499371562517432627210950375576512749732291598024601272053719373049097670520022979824997543900101156797826142298593634844171676815341774752395995480642158028677369990853089801606585095687658939338593093753836291599887183042179237312352401068604331955 0 0 0 0 0 0 0 0 0 0 0 1 0 0 0 0 0 0 0 0 0 0 0 0 0 0 0 0 0 0 0 0 0 0 0 0 0 0 0 0 0 0 0 0 0 0 0 0 0 0 0 0 0 0 0 0 0 0 0 0 0 0 0 0 0 0 0 0 0 0 0 0 0 0 0 0 0 0 0 0 0 0 0 0 0 0 0 0 0]
[3441421238612228368134801515529762485970510856160591189752735256228189192541440502717613178410865258040685074363167809714143549220451758877607124056995240959263886014997750160522698314186891487620139006933840019958887934657644764229907893296789750804550032378548491786252 0 0 0 0 0 0 0 0 0 0 0 0 1 0 0 0 0 0 0 0 0 0 0 0 0 0 0 0 0 0 0 0 0 0 0 0 0 0 0 0 0 0 0 0 0 0 0 0 0 0 0 0 0 0 0 0 0 0 0 0 0 0 0 0 0 0 0 0 0 0 0 0 0 0 0 0 0 0 0 0 0 0 0 0 0 0 0 0 0]
[2816757247158976743003226788321733848863261588344215224498255507746954057011961150246693764760964593194558657725209496614135210553279033019239345947952845919766510783278246383276186242098979385234847242585320747195162914077978706151811977704897578822605349593728452956214 0 0 0 0 0 0 0 0 0 0 0 0 0 1 0 0 0 0 0 0 0 0 0 0 0 0 0 0 0 0 0 0 0 0 0 0 0 0 0 0 0 0 0 0 0 0 0 0 0 0 0 0 0 0 0 0 0 0 0 0 0 0 0 0 0 0 0 0 0 0 0 0 0 0 0 0 0 0 0 0 0 0 0 0 0 0 0 0 0]
[1303756982831711599423120835582225898173393557124123755060174985502141055628872726633834374345733202046700689321835000070377262703263951207973664550929685377856680581775896445950086451177415042144314898561189279006652820692705761415145665169354933873475640226726750744943 0 0 0 0 0 0 0 0 0 0 0 0 0 0 1 0 0 0 0 0 0 0 0 0 0 0 0 0 0 0 0 0 0 0 0 0 0 0 0 0 0 0 0 0 0 0 0 0 0 0 0 0 0 0 0 0 0 0 0 0 0 0 0 0 0 0 0 0 0 0 0 0 0 0 0 0 0 0 0 0 0 0 0 0 0 0 0 0 0]
[4164165735255814003570867456025589080380093052874340493838233390791772464156724407044994729434207427680216316727420719649228703155538201733964671603479559075335967478324015086428360041610286652504809663273118675012973200340988826454257606424907736797575822402411382090712 0 0 0 0 0 0 0 0 0 0 0 0 0 0 0 1 0 0 0 0 0 0 0 0 0 0 0 0 0 0 0 0 0 0 0 0 0 0 0 0 0 0 0 0 0 0 0 0 0 0 0 0 0 0 0 0 0 0 0 0 0 0 0 0 0 0 0 0 0 0 0 0 0 0 0 0 0 0 0 0 0 0 0 0 0 0 0 0 0]
[1902454501312647969606315877826666414426723804517338598948446653171068554028894460201245953865180820325006591404388309066413840523320421528449902159573325332511735335140196550042433384468315270763056164050772193328710026756996103042054638150281839247285745892911608573842 0 0 0 0 0 0 0 0 0 0 0 0 0 0 0 0 1 0 0 0 0 0 0 0 0 0 0 0 0 0 0 0 0 0 0 0 0 0 0 0 0 0 0 0 0 0 0 0 0 0 0 0 0 0 0 0 0 0 0 0 0 0 0 0 0 0 0 0 0 0 0 0 0 0 0 0 0 0 0 0 0 0 0 0 0 0 0 0 0]
[1072775914654167064006633877926444604995069886004113266807968338452922262914427152324683214373751782789265123128988290384865163796073741839607516675921729811425094548530518370261346862985494297881841729619757932649145765167866779919579363333497140172824736466465686581805 0 0 0 0 0 0 0 0 0 0 0 0 0 0 0 0 0 1 0 0 0 0 0 0 0 0 0 0 0 0 0 0 0 0 0 0 0 0 0 0 0 0 0 0 0 0 0 0 0 0 0 0 0 0 0 0 0 0 0 0 0 0 0 0 0 0 0 0 0 0 0 0 0 0 0 0 0 0 0 0 0 0 0 0 0 0 0 0 0]
[3768524496770978537458915448894482830147950477377398061311575501832110894809497882121080282983495700860295104921071541225027219247303552988896980810156357593058409095748663995313613398118365203266285112779810180182237304296999300195473429052925439711635309949964289112703 0 0 0 0 0 0 0 0 0 0 0 0 0 0 0 0 0 0 1 0 0 0 0 0 0 0 0 0 0 0 0 0 0 0 0 0 0 0 0 0 0 0 0 0 0 0 0 0 0 0 0 0 0 0 0 0 0 0 0 0 0 0 0 0 0 0 0 0 0 0 0 0 0 0 0 0 0 0 0 0 0 0 0 0 0 0 0 0 0]
[978325751534054041510236053444354658769271807286684304072537707057298609167046153552304365763238623780599650497009815355849982768250200161342450968699344312953744703374264609409628816627819918093335921440837467037654163906062778883736981609147891279576367521623781580451 0 0 0 0 0 0 0 0 0 0 0 0 0 0 0 0 0 0 0 1 0 0 0 0 0 0 0 0 0 0 0 0 0 0 0 0 0 0 0 0 0 0 0 0 0 0 0 0 0 0 0 0 0 0 0 0 0 0 0 0 0 0 0 0 0 0 0 0 0 0 0 0 0 0 0 0 0 0 0 0 0 0 0 0 0 0 0 0 0]
[221615256741934283387720062206033667696760406524582111466842573067227595833855810162192698220713274614164674257623923661807082535570910818783319431538411883292509000236665593133475110514998374625673634207089499726189610686729833840743975648547234966179779438218663876296 0 0 0 0 0 0 0 0 0 0 0 0 0 0 0 0 0 0 0 0 1 0 0 0 0 0 0 0 0 0 0 0 0 0 0 0 0 0 0 0 0 0 0 0 0 0 0 0 0 0 0 0 0 0 0 0 0 0 0 0 0 0 0 0 0 0 0 0 0 0 0 0 0 0 0 0 0 0 0 0 0 0 0 0 0 0 0 0 0]
[2367863364650011135679428628113467687543439918329319858448955314793526090594984850498632391273737911729786134454318992776764833320804544208463575104450362354630862530390389686262010054250004556969271737287760740070153215455261809497988426540040269499372267473172245192490 0 0 0 0 0 0 0 0 0 0 0 0 0 0 0 0 0 0 0 0 0 1 0 0 0 0 0 0 0 0 0 0 0 0 0 0 0 0 0 0 0 0 0 0 0 0 0 0 0 0 0 0 0 0 0 0 0 0 0 0 0 0 0 0 0 0 0 0 0 0 0 0 0 0 0 0 0 0 0 0 0 0 0 0 0 0 0 0 0]
[2235889965417836992048414419627349354806136472533885744921905351914469152423436682792313743231141441903390367818527327813647240288771950474926751915485619946005772221984164291389837099515592376969690315737129932545874749852999256370348538889039042018241592806979942025233 0 0 0 0 0 0 0 0 0 0 0 0 0 0 0 0 0 0 0 0 0 0 1 0 0 0 0 0 0 0 0 0 0 0 0 0 0 0 0 0 0 0 0 0 0 0 0 0 0 0 0 0 0 0 0 0 0 0 0 0 0 0 0 0 0 0 0 0 0 0 0 0 0 0 0 0 0 0 0 0 0 0 0 0 0 0 0 0 0]
[1608228214852443230957838140065693880002540777633265645675254955111913975511370954166065237993600208972296941297030170445728276558456935484284404219360694131592417865504908189916837520652442430234126196845516190081878666327866150775966142441257131253242166060819672916685 0 0 0 0 0 0 0 0 0 0 0 0 0 0 0 0 0 0 0 0 0 0 0 1 0 0 0 0 0 0 0 0 0 0 0 0 0 0 0 0 0 0 0 0 0 0 0 0 0 0 0 0 0 0 0 0 0 0 0 0 0 0 0 0 0 0 0 0 0 0 0 0 0 0 0 0 0 0 0 0 0 0 0 0 0 0 0 0 0]
[2633239503081542343179196606203169727898050423530824149915478399450236330907364029937952414997360994390166137734023332508448049754411115294424415112153940444432586149691439722212539774453165121779591184196558274683615648795763690121756280047069173806470324505902301404605 0 0 0 0 0 0 0 0 0 0 0 0 0 0 0 0 0 0 0 0 0 0 0 0 1 0 0 0 0 0 0 0 0 0 0 0 0 0 0 0 0 0 0 0 0 0 0 0 0 0 0 0 0 0 0 0 0 0 0 0 0 0 0 0 0 0 0 0 0 0 0 0 0 0 0 0 0 0 0 0 0 0 0 0 0 0 0 0 0]
[145873057262914582763353863316897351986726949789179312698527027747630821168054231259499494368238813639961017840253328318690637007018160062681257897625817305089079980301130293377047362126376278689016671120976596270271517008661701309071067117858549374192411156307420297870 0 0 0 0 0 0 0 0 0 0 0 0 0 0 0 0 0 0 0 0 0 0 0 0 0 1 0 0 0 0 0 0 0 0 0 0 0 0 0 0 0 0 0 0 0 0 0 0 0 0 0 0 0 0 0 0 0 0 0 0 0 0 0 0 0 0 0 0 0 0 0 0 0 0 0 0 0 0 0 0 0 0 0 0 0 0 0 0 0]
[1549234315274024948534269094698647413760486288898413049943726528335534098566890128063954884487360177045849333476333095183989474535189820240894204685252609497411821416242215538308990686866209041758276204393781476876244352680116718243174704231206361800721848220698579734257 0 0 0 0 0 0 0 0 0 0 0 0 0 0 0 0 0 0 0 0 0 0 0 0 0 0 1 0 0 0 0 0 0 0 0 0 0 0 0 0 0 0 0 0 0 0 0 0 0 0 0 0 0 0 0 0 0 0 0 0 0 0 0 0 0 0 0 0 0 0 0 0 0 0 0 0 0 0 0 0 0 0 0 0 0 0 0 0 0]
[1000213049998796360602805381779061495931735264359658821939124529344311275324253635950635820900491465778172594222530626622324268015878870003550233974406272093284869535409048340421368603515078141195693729380463931496966942014793135003410550533561758388833824827094604759924 0 0 0 0 0 0 0 0 0 0 0 0 0 0 0 0 0 0 0 0 0 0 0 0 0 0 0 1 0 0 0 0 0 0 0 0 0 0 0 0 0 0 0 0 0 0 0 0 0 0 0 0 0 0 0 0 0 0 0 0 0 0 0 0 0 0 0 0 0 0 0 0 0 0 0 0 0 0 0 0 0 0 0 0 0 0 0 0 0]
[1130613470474646160148711024677306534275782166589482211891471674054861283961855479321227145214870536057999283116370622493751071048054356675925221705832468055337009485734861191958972297849768387573173454461872588817982652677521181337193902466758810209680400590323274267185 0 0 0 0 0 0 0 0 0 0 0 0 0 0 0 0 0 0 0 0 0 0 0 0 0 0 0 0 1 0 0 0 0 0 0 0 0 0 0 0 0 0 0 0 0 0 0 0 0 0 0 0 0 0 0 0 0 0 0 0 0 0 0 0 0 0 0 0 0 0 0 0 0 0 0 0 0 0 0 0 0 0 0 0 0 0 0 0 0]
[625941725298619337070366299009448703852318963061063467515607746699374139304508497808969652007482251659595704210966741895355452134257821716125558866794675878962451633284983739741637575248961381798410332613112499345802083777617188321954759090043540923229076665078891001117 0 0 0 0 0 0 0 0 0 0 0 0 0 0 0 0 0 0 0 0 0 0 0 0 0 0 0 0 0 1 0 0 0 0 0 0 0 0 0 0 0 0 0 0 0 0 0 0 0 0 0 0 0 0 0 0 0 0 0 0 0 0 0 0 0 0 0 0 0 0 0 0 0 0 0 0 0 0 0 0 0 0 0 0 0 0 0 0 0]
[3916681143589036566413317623138025157199780127120706192695250405443812809100145923281666354537112383346543174876876637602616698775049143193499817985640342008222236503359741923146153347569932637697656657640555621040717637235040616942483266512700535357404898139164774250034 0 0 0 0 0 0 0 0 0 0 0 0 0 0 0 0 0 0 0 0 0 0 0 0 0 0 0 0 0 0 1 0 0 0 0 0 0 0 0 0 0 0 0 0 0 0 0 0 0 0 0 0 0 0 0 0 0 0 0 0 0 0 0 0 0 0 0 0 0 0 0 0 0 0 0 0 0 0 0 0 0 0 0 0 0 0 0 0 0]
[2330683377295387732979264887076771862356487979144052259106376952472216975403282543008741869434803380177807313665564708212441465978931637257415936012969845507570348887278376236158941117017224959941126720319147098551939906867192923910983753312791252071001752986999079765785 0 0 0 0 0 0 0 0 0 0 0 0 0 0 0 0 0 0 0 0 0 0 0 0 0 0 0 0 0 0 0 1 0 0 0 0 0 0 0 0 0 0 0 0 0 0 0 0 0 0 0 0 0 0 0 0 0 0 0 0 0 0 0 0 0 0 0 0 0 0 0 0 0 0 0 0 0 0 0 0 0 0 0 0 0 0 0 0 0]
[1991307551636197845268462848066403978524389399307386819072534462952345312274702309486187843585716722567512799222891372652412133986453631061467906766318396699309607337473765532844808499639329562204895676529695977380152419190509176055104221954827833962886175555319075780017 0 0 0 0 0 0 0 0 0 0 0 0 0 0 0 0 0 0 0 0 0 0 0 0 0 0 0 0 0 0 0 0 1 0 0 0 0 0 0 0 0 0 0 0 0 0 0 0 0 0 0 0 0 0 0 0 0 0 0 0 0 0 0 0 0 0 0 0 0 0 0 0 0 0 0 0 0 0 0 0 0 0 0 0 0 0 0 0 0]
[1263243515776152892975705382427697891535458030239007842363525554825713657904048312784721975966129040042367021565440064855061170410915583667938660958735321084572763412173879922968117753561924011389573298709002129134852657062238152454875220501995924645176906866031966241818 0 0 0 0 0 0 0 0 0 0 0 0 0 0 0 0 0 0 0 0 0 0 0 0 0 0 0 0 0 0 0 0 0 1 0 0 0 0 0 0 0 0 0 0 0 0 0 0 0 0 0 0 0 0 0 0 0 0 0 0 0 0 0 0 0 0 0 0 0 0 0 0 0 0 0 0 0 0 0 0 0 0 0 0 0 0 0 0 0]
[2190811297354757398416231446754266242997603849637545206599863267229643278722003455993803064350957797361563796087152298624607107032631299430286271288012833896887359322572447764174025623588000850581124789463108790138633327079892614044609293106725328361389950563921166810091 0 0 0 0 0 0 0 0 0 0 0 0 0 0 0 0 0 0 0 0 0 0 0 0 0 0 0 0 0 0 0 0 0 0 1 0 0 0 0 0 0 0 0 0 0 0 0 0 0 0 0 0 0 0 0 0 0 0 0 0 0 0 0 0 0 0 0 0 0 0 0 0 0 0 0 0 0 0 0 0 0 0 0 0 0 0 0 0 0]
[2305947326576948254244876425051344775846801675942509026900851871172831862137594934354730733804494815919736541492122597202659539605486344205573355679426221030341315954136310696123891285867686745634497215426434567401267779203359377423816890074694613725970401385467332671042 0 0 0 0 0 0 0 0 0 0 0 0 0 0 0 0 0 0 0 0 0 0 0 0 0 0 0 0 0 0 0 0 0 0 0 1 0 0 0 0 0 0 0 0 0 0 0 0 0 0 0 0 0 0 0 0 0 0 0 0 0 0 0 0 0 0 0 0 0 0 0 0 0 0 0 0 0 0 0 0 0 0 0 0 0 0 0 0 0]
[4243782568559823498279391808340071605366277808600206853270034098962404744184556335690918346530851012442189936620880353464292649146963691433563860589434301567042475279724275064224193034954057400805196757568375330779078788872235326424211514059229688981276606978609433311386 0 0 0 0 0 0 0 0 0 0 0 0 0 0 0 0 0 0 0 0 0 0 0 0 0 0 0 0 0 0 0 0 0 0 0 0 1 0 0 0 0 0 0 0 0 0 0 0 0 0 0 0 0 0 0 0 0 0 0 0 0 0 0 0 0 0 0 0 0 0 0 0 0 0 0 0 0 0 0 0 0 0 0 0 0 0 0 0 0]
[3074751691889877458346246060074664909332287363843574785750006111779977106581993708352224389002611650322523008399041687254646596125410587881528986777118765940174134431639217385214939805764633565299482340567249339572766328723659446494259830963626898924902541910518586979478 0 0 0 0 0 0 0 0 0 0 0 0 0 0 0 0 0 0 0 0 0 0 0 0 0 0 0 0 0 0 0 0 0 0 0 0 0 1 0 0 0 0 0 0 0 0 0 0 0 0 0 0 0 0 0 0 0 0 0 0 0 0 0 0 0 0 0 0 0 0 0 0 0 0 0 0 0 0 0 0 0 0 0 0 0 0 0 0 0]
[1877299013155313380158375055181568202243916860092631013128486169203793791152389210037575160852923890812618973645011162602989186661681168665790029886299026903312535757630526861634005973607932678396222040783363593620740493363457831618886204100321833776345566611058439873113 0 0 0 0 0 0 0 0 0 0 0 0 0 0 0 0 0 0 0 0 0 0 0 0 0 0 0 0 0 0 0 0 0 0 0 0 0 0 1 0 0 0 0 0 0 0 0 0 0 0 0 0 0 0 0 0 0 0 0 0 0 0 0 0 0 0 0 0 0 0 0 0 0 0 0 0 0 0 0 0 0 0 0 0 0 0 0 0 0]
[2124945896676350918751204544709294763183267824105180161262162190947438312024576864773053915226800557804693001177559996898640648248394986719876177466020461973887738502338982989460214636476381414746151230073722700786649788397813611405512730159868164993471499211761538346377 0 0 0 0 0 0 0 0 0 0 0 0 0 0 0 0 0 0 0 0 0 0 0 0 0 0 0 0 0 0 0 0 0 0 0 0 0 0 0 1 0 0 0 0 0 0 0 0 0 0 0 0 0 0 0 0 0 0 0 0 0 0 0 0 0 0 0 0 0 0 0 0 0 0 0 0 0 0 0 0 0 0 0 0 0 0 0 0 0]
[1409291933228363355505439215151227502781524956772962628527097650791957910169651470188405367154788657140004111071154921794963548642147477227695992110049345340309108723202678272869781828413893298629873858522895836437447379160478325627914227957206075492376797832871790025478 0 0 0 0 0 0 0 0 0 0 0 0 0 0 0 0 0 0 0 0 0 0 0 0 0 0 0 0 0 0 0 0 0 0 0 0 0 0 0 0 1 0 0 0 0 0 0 0 0 0 0 0 0 0 0 0 0 0 0 0 0 0 0 0 0 0 0 0 0 0 0 0 0 0 0 0 0 0 0 0 0 0 0 0 0 0 0 0 0]
[3508370400981476962468051031604676486921795634082832848836004675531215568426715325647642427968294107238882170037066435387444751295428135994615309679091610832924378951409783814918463850830099536707915827231891285041113775448405395805972212645611682340884253678329818714261 0 0 0 0 0 0 0 0 0 0 0 0 0 0 0 0 0 0 0 0 0 0 0 0 0 0 0 0 0 0 0 0 0 0 0 0 0 0 0 0 0 1 0 0 0 0 0 0 0 0 0 0 0 0 0 0 0 0 0 0 0 0 0 0 0 0 0 0 0 0 0 0 0 0 0 0 0 0 0 0 0 0 0 0 0 0 0 0 0]
[597556368023823357787332011588486590915843110415702704191810330605375227047887601218706219233148151108312099398831548647324654936377021890746581808536317134498609154159066681091167638702377996513181575618249956074199742480163335191804247120387815365189652958271605270252 0 0 0 0 0 0 0 0 0 0 0 0 0 0 0 0 0 0 0 0 0 0 0 0 0 0 0 0 0 0 0 0 0 0 0 0 0 0 0 0 0 0 1 0 0 0 0 0 0 0 0 0 0 0 0 0 0 0 0 0 0 0 0 0 0 0 0 0 0 0 0 0 0 0 0 0 0 0 0 0 0 0 0 0 0 0 0 0 0]
[2343727867765169196945898918274429279292154706499420190102833271826014798737894455799891312570781316018105828457902309112666625479332411131619759689631280181921252548408011379589018376800113300781655337772713344704649073595780647967967819348778394077795750503062288839160 0 0 0 0 0 0 0 0 0 0 0 0 0 0 0 0 0 0 0 0 0 0 0 0 0 0 0 0 0 0 0 0 0 0 0 0 0 0 0 0 0 0 0 1 0 0 0 0 0 0 0 0 0 0 0 0 0 0 0 0 0 0 0 0 0 0 0 0 0 0 0 0 0 0 0 0 0 0 0 0 0 0 0 0 0 0 0 0 0]
[4069488938436318325556042854315499392160991505472626845156226991423628818782466442135637823833562748785076973899142709037643964128223567893449868158397478235911063395009116642536882281224746710165324161541337414233783724831136415031536255374213870480637097157647217577356 0 0 0 0 0 0 0 0 0 0 0 0 0 0 0 0 0 0 0 0 0 0 0 0 0 0 0 0 0 0 0 0 0 0 0 0 0 0 0 0 0 0 0 0 1 0 0 0 0 0 0 0 0 0 0 0 0 0 0 0 0 0 0 0 0 0 0 0 0 0 0 0 0 0 0 0 0 0 0 0 0 0 0 0 0 0 0 0 0]
[278055496588704636214896560136772080094621473540546635333550380954361339151781898737710192591066667652643516702384466142811382690510705338637734372642729765130732608403877558016262033004784895184313796806962401578854181228656644329285245531059265742403924429206691938792 0 0 0 0 0 0 0 0 0 0 0 0 0 0 0 0 0 0 0 0 0 0 0 0 0 0 0 0 0 0 0 0 0 0 0 0 0 0 0 0 0 0 0 0 0 1 0 0 0 0 0 0 0 0 0 0 0 0 0 0 0 0 0 0 0 0 0 0 0 0 0 0 0 0 0 0 0 0 0 0 0 0 0 0 0 0 0 0 0]
[3054883966122413265408650587281424677302677387268629045634226041623399711010743066566364468682301123452347777827028472734987974317942755114121197140603987109445016840745897888503001664625811766738600850687947909089331604503999346764352420139244515917351502282846371405793 0 0 0 0 0 0 0 0 0 0 0 0 0 0 0 0 0 0 0 0 0 0 0 0 0 0 0 0 0 0 0 0 0 0 0 0 0 0 0 0 0 0 0 0 0 0 1 0 0 0 0 0 0 0 0 0 0 0 0 0 0 0 0 0 0 0 0 0 0 0 0 0 0 0 0 0 0 0 0 0 0 0 0 0 0 0 0 0 0]
[1855576297325663572333286251076629891448805789368728814736367449144074295549445072255652200965088333904675875548087704030556701463097785901289475390590627717561431523834174714917568153035871936188165004582659337907382067220440665135198289147954823901451508299641409834224 0 0 0 0 0 0 0 0 0 0 0 0 0 0 0 0 0 0 0 0 0 0 0 0 0 0 0 0 0 0 0 0 0 0 0 0 0 0 0 0 0 0 0 0 0 0 0 1 0 0 0 0 0 0 0 0 0 0 0 0 0 0 0 0 0 0 0 0 0 0 0 0 0 0 0 0 0 0 0 0 0 0 0 0 0 0 0 0 0]
[2879585629660339692735719397871995105792328920885327515933683036648099903610582696489310744136752411298982430591346309530144376361490569872523091554055184771426236418708834441768891141741218763781321414828457852333982725370717194861586344442127081246226772994514816347076 0 0 0 0 0 0 0 0 0 0 0 0 0 0 0 0 0 0 0 0 0 0 0 0 0 0 0 0 0 0 0 0 0 0 0 0 0 0 0 0 0 0 0 0 0 0 0 0 1 0 0 0 0 0 0 0 0 0 0 0 0 0 0 0 0 0 0 0 0 0 0 0 0 0 0 0 0 0 0 0 0 0 0 0 0 0 0 0 0]
[1524266154576867896031975378162699402568368114631095836832228798669193233408671321676645500902631966320178271092327668770523237327362644604569788926140700966640005278282696389362918166044097555274582633705892190285583607029701237992895039734351634316408347805800453153137 0 0 0 0 0 0 0 0 0 0 0 0 0 0 0 0 0 0 0 0 0 0 0 0 0 0 0 0 0 0 0 0 0 0 0 0 0 0 0 0 0 0 0 0 0 0 0 0 0 1 0 0 0 0 0 0 0 0 0 0 0 0 0 0 0 0 0 0 0 0 0 0 0 0 0 0 0 0 0 0 0 0 0 0 0 0 0 0 0]
[417078053900237388495965166414438609516015829755882563726699219191207579717160382732528375724191031323800712917936599947026902876020117220442691414164607575920704641550609803873171505139868712146767223319032705627870391462106507205233741645485210063769196890044384683452 0 0 0 0 0 0 0 0 0 0 0 0 0 0 0 0 0 0 0 0 0 0 0 0 0 0 0 0 0 0 0 0 0 0 0 0 0 0 0 0 0 0 0 0 0 0 0 0 0 0 1 0 0 0 0 0 0 0 0 0 0 0 0 0 0 0 0 0 0 0 0 0 0 0 0 0 0 0 0 0 0 0 0 0 0 0 0 0 0]
[1786660634873707070649963032883747648861046907561267681116970647702854561332457249851796209816998383968373883198391565705381552588177353428136134282338759902371739023657626136030352183887640700024501978405105582709816246241316068349668567691971863746471549047611304921309 0 0 0 0 0 0 0 0 0 0 0 0 0 0 0 0 0 0 0 0 0 0 0 0 0 0 0 0 0 0 0 0 0 0 0 0 0 0 0 0 0 0 0 0 0 0 0 0 0 0 0 1 0 0 0 0 0 0 0 0 0 0 0 0 0 0 0 0 0 0 0 0 0 0 0 0 0 0 0 0 0 0 0 0 0 0 0 0 0]
[519067866073893256359585821948236251839808317318055278589094383451622897215100845593191410669642646353355062097991492687145034588329976420626753372492934582751501655649432260196490540038305095953392300599912251236435080437474935817746250061405675120400620692990042495898 0 0 0 0 0 0 0 0 0 0 0 0 0 0 0 0 0 0 0 0 0 0 0 0 0 0 0 0 0 0 0 0 0 0 0 0 0 0 0 0 0 0 0 0 0 0 0 0 0 0 0 0 1 0 0 0 0 0 0 0 0 0 0 0 0 0 0 0 0 0 0 0 0 0 0 0 0 0 0 0 0 0 0 0 0 0 0 0 0]
[2796822757350499583464686017762777191624619518550083089078122868509942416021829542379709781935758492891086122318978915442719925777221443497015305903595700992093475672690891231770288743879287205600716101954951786753437663642720626731489274197780794284329849986235039213969 0 0 0 0 0 0 0 0 0 0 0 0 0 0 0 0 0 0 0 0 0 0 0 0 0 0 0 0 0 0 0 0 0 0 0 0 0 0 0 0 0 0 0 0 0 0 0 0 0 0 0 0 0 1 0 0 0 0 0 0 0 0 0 0 0 0 0 0 0 0 0 0 0 0 0 0 0 0 0 0 0 0 0 0 0 0 0 0 0]
[2883297574849515841901716656563429866448835464814892593700753651334732956091551009600885919801302160693062994569925643221426127748282775265824386993242822995887904596414439209683576342660397437863416755076940155748548581084403976526379531861453703369487814889176551193274 0 0 0 0 0 0 0 0 0 0 0 0 0 0 0 0 0 0 0 0 0 0 0 0 0 0 0 0 0 0 0 0 0 0 0 0 0 0 0 0 0 0 0 0 0 0 0 0 0 0 0 0 0 0 1 0 0 0 0 0 0 0 0 0 0 0 0 0 0 0 0 0 0 0 0 0 0 0 0 0 0 0 0 0 0 0 0 0 0]
[1262378365755576164472041431817232331131849903634736585470371415927403356857468735580568794088290437539717242629542325133459009336873104427723951329591614722227242319622901121717093618113233433372820256036317989751763735169383258958739347705834098930650925593427635808421 0 0 0 0 0 0 0 0 0 0 0 0 0 0 0 0 0 0 0 0 0 0 0 0 0 0 0 0 0 0 0 0 0 0 0 0 0 0 0 0 0 0 0 0 0 0 0 0 0 0 0 0 0 0 0 1 0 0 0 0 0 0 0 0 0 0 0 0 0 0 0 0 0 0 0 0 0 0 0 0 0 0 0 0 0 0 0 0 0]
[3482087096177404001356669894893704240137130025146145325220809922063002527579962954843134291294778619857527965684273675996719470628813375284018483509404668230472558657015527619249265641527628801706936698515124633886248865734594813937321502760583516697619131569060971764727 0 0 0 0 0 0 0 0 0 0 0 0 0 0 0 0 0 0 0 0 0 0 0 0 0 0 0 0 0 0 0 0 0 0 0 0 0 0 0 0 0 0 0 0 0 0 0 0 0 0 0 0 0 0 0 0 1 0 0 0 0 0 0 0 0 0 0 0 0 0 0 0 0 0 0 0 0 0 0 0 0 0 0 0 0 0 0 0 0]
[4258115079557589058828390683375833472110370989371806560796156413291274700021758777742831530491983713172367794456253255402833335518655792819557043762783562514017209283354150558669570924487021801879638965687212852937708433297384877010351164740036995929149292820972485163991 0 0 0 0 0 0 0 0 0 0 0 0 0 0 0 0 0 0 0 0 0 0 0 0 0 0 0 0 0 0 0 0 0 0 0 0 0 0 0 0 0 0 0 0 0 0 0 0 0 0 0 0 0 0 0 0 0 1 0 0 0 0 0 0 0 0 0 0 0 0 0 0 0 0 0 0 0 0 0 0 0 0 0 0 0 0 0 0 0]
[3501490014733343264579487736870401165478328931005854521808596765147616491078009363407213989133133292689042005187982095774374943450898774666365977412357994279044737919065874571798307579418481491758719022086317574926378169828421873413944814906397430486805954855730380332632 0 0 0 0 0 0 0 0 0 0 0 0 0 0 0 0 0 0 0 0 0 0 0 0 0 0 0 0 0 0 0 0 0 0 0 0 0 0 0 0 0 0 0 0 0 0 0 0 0 0 0 0 0 0 0 0 0 0 1 0 0 0 0 0 0 0 0 0 0 0 0 0 0 0 0 0 0 0 0 0 0 0 0 0 0 0 0 0 0]
[1889362307425989778989303866085720466456188706696266783517041362878876037670695891483772240379016373353857529369782484349439303205554953165647940847112573419158017479410321346198502509906546857316991996499210277638323137299199779147993429081063329395461333350314126789051 0 0 0 0 0 0 0 0 0 0 0 0 0 0 0 0 0 0 0 0 0 0 0 0 0 0 0 0 0 0 0 0 0 0 0 0 0 0 0 0 0 0 0 0 0 0 0 0 0 0 0 0 0 0 0 0 0 0 0 1 0 0 0 0 0 0 0 0 0 0 0 0 0 0 0 0 0 0 0 0 0 0 0 0 0 0 0 0 0]
[312633824835031913609479468018416793936517477661796386953879367042511539947594812387844370123540081514618005778178772954631601969815424418453569148127665160337134742524148948150762071352063108033692263488641590426603212996453520814602254907530190828986357578435150688947 0 0 0 0 0 0 0 0 0 0 0 0 0 0 0 0 0 0 0 0 0 0 0 0 0 0 0 0 0 0 0 0 0 0 0 0 0 0 0 0 0 0 0 0 0 0 0 0 0 0 0 0 0 0 0 0 0 0 0 0 1 0 0 0 0 0 0 0 0 0 0 0 0 0 0 0 0 0 0 0 0 0 0 0 0 0 0 0 0]
[889501100926236844459926679979691461079111147159651609406642031219438106116596464641916109981196822597968608257721790272851694168617663969732673392142300676578095569370629409443885549136806057691364461941013942732413945135568187201711107812825633876071352088473101728097 0 0 0 0 0 0 0 0 0 0 0 0 0 0 0 0 0 0 0 0 0 0 0 0 0 0 0 0 0 0 0 0 0 0 0 0 0 0 0 0 0 0 0 0 0 0 0 0 0 0 0 0 0 0 0 0 0 0 0 0 0 1 0 0 0 0 0 0 0 0 0 0 0 0 0 0 0 0 0 0 0 0 0 0 0 0 0 0 0]
[2779942413067484224512364202806802958794110325718533029713809573148576322179563623834090306685898389459933127824010817946312607417550587763662159966586826353741034624006595784560979862757061130717640067313707181150687239889292782108956935457981516575604969843989381320621 0 0 0 0 0 0 0 0 0 0 0 0 0 0 0 0 0 0 0 0 0 0 0 0 0 0 0 0 0 0 0 0 0 0 0 0 0 0 0 0 0 0 0 0 0 0 0 0 0 0 0 0 0 0 0 0 0 0 0 0 0 0 1 0 0 0 0 0 0 0 0 0 0 0 0 0 0 0 0 0 0 0 0 0 0 0 0 0 0]
[252963147348588403253515370945270817869191715715492804034637551454651149586633359061569846227390683866598768078001714863341081030998087367164231959934769238220533793474301075545296983474173472037899627030759876243177374250308456541942172725389227433783926573014527157730 0 0 0 0 0 0 0 0 0 0 0 0 0 0 0 0 0 0 0 0 0 0 0 0 0 0 0 0 0 0 0 0 0 0 0 0 0 0 0 0 0 0 0 0 0 0 0 0 0 0 0 0 0 0 0 0 0 0 0 0 0 0 0 1 0 0 0 0 0 0 0 0 0 0 0 0 0 0 0 0 0 0 0 0 0 0 0 0 0]
[1122377405353755900445168516950898407237816733587251834045708363933930867733054610751088374888125418425219196559702805671584963349907093607042768983090864516296466679334745482642222722837895027058569166122426887693976268232849485022325940614819842106291724865670207624720 0 0 0 0 0 0 0 0 0 0 0 0 0 0 0 0 0 0 0 0 0 0 0 0 0 0 0 0 0 0 0 0 0 0 0 0 0 0 0 0 0 0 0 0 0 0 0 0 0 0 0 0 0 0 0 0 0 0 0 0 0 0 0 0 1 0 0 0 0 0 0 0 0 0 0 0 0 0 0 0 0 0 0 0 0 0 0 0 0]
[3108381204946021478109589752841402531057916502670194612772087515048153844297000349182061186353706924502898374960858611442938154741330076424880510927498464439709587171307040006916520680461966108774920364244641745298340488775596367365107172642079921834279348250251310574720 0 0 0 0 0 0 0 0 0 0 0 0 0 0 0 0 0 0 0 0 0 0 0 0 0 0 0 0 0 0 0 0 0 0 0 0 0 0 0 0 0 0 0 0 0 0 0 0 0 0 0 0 0 0 0 0 0 0 0 0 0 0 0 0 0 1 0 0 0 0 0 0 0 0 0 0 0 0 0 0 0 0 0 0 0 0 0 0 0]
[3231345310258491051070366935733822983754738590094800843951326607081164988677272361884261756131284288711351302794970285042897312231975923396656125359986371464587470662681815607619777861188088266176182073647921246857034667090319522500400209832688759405573465628839243852433 0 0 0 0 0 0 0 0 0 0 0 0 0 0 0 0 0 0 0 0 0 0 0 0 0 0 0 0 0 0 0 0 0 0 0 0 0 0 0 0 0 0 0 0 0 0 0 0 0 0 0 0 0 0 0 0 0 0 0 0 0 0 0 0 0 0 1 0 0 0 0 0 0 0 0 0 0 0 0 0 0 0 0 0 0 0 0 0 0]
[2928945877679411611000177081045036904621183063118122395626797497886858404974003494239265468024809371331404180288037693627577485562562474918353997150806646515928732092504426818458120510581457951202002169639887781549941657912770077868495294374828853329357934871880073666082 0 0 0 0 0 0 0 0 0 0 0 0 0 0 0 0 0 0 0 0 0 0 0 0 0 0 0 0 0 0 0 0 0 0 0 0 0 0 0 0 0 0 0 0 0 0 0 0 0 0 0 0 0 0 0 0 0 0 0 0 0 0 0 0 0 0 0 1 0 0 0 0 0 0 0 0 0 0 0 0 0 0 0 0 0 0 0 0 0]
[678012674992033112383342838665694699332366824430448673037072724691202883834786425244699243715052182589166596323888927567028163599089963588418832578723894522577544124463843433398394763009529786678422585563273158620371817305971568862073680473623086438940609863536508093145 0 0 0 0 0 0 0 0 0 0 0 0 0 0 0 0 0 0 0 0 0 0 0 0 0 0 0 0 0 0 0 0 0 0 0 0 0 0 0 0 0 0 0 0 0 0 0 0 0 0 0 0 0 0 0 0 0 0 0 0 0 0 0 0 0 0 0 0 1 0 0 0 0 0 0 0 0 0 0 0 0 0 0 0 0 0 0 0 0]
[935911668697718853865466770914922500870027709312914430711286698324226275414730802632341801244443355038514685691949102429902088175275468709688925384700170541886138453957561835771586473504571107709401519660661489168720665823358295971530950883394026279462945409380557965628 0 0 0 0 0 0 0 0 0 0 0 0 0 0 0 0 0 0 0 0 0 0 0 0 0 0 0 0 0 0 0 0 0 0 0 0 0 0 0 0 0 0 0 0 0 0 0 0 0 0 0 0 0 0 0 0 0 0 0 0 0 0 0 0 0 0 0 0 0 1 0 0 0 0 0 0 0 0 0 0 0 0 0 0 0 0 0 0 0]
[283602015485019716251791129576094127984439271547060127032906456264267720849381373073490506176757698299586218311092525483308075819674477451017046887248007266479014599641343460123545220279334717190331740451677064177186665638752945675877673065579554707265283681327190452019 0 0 0 0 0 0 0 0 0 0 0 0 0 0 0 0 0 0 0 0 0 0 0 0 0 0 0 0 0 0 0 0 0 0 0 0 0 0 0 0 0 0 0 0 0 0 0 0 0 0 0 0 0 0 0 0 0 0 0 0 0 0 0 0 0 0 0 0 0 0 1 0 0 0 0 0 0 0 0 0 0 0 0 0 0 0 0 0 0]
[916659024122405656758122415689201268481683537904689398811497256271485588725325132932375952819911074401294871121827015336218535529005179685649840907511331429317179033431315214531528259926422449543995522859965818177881163748942102704961155788055948624000918248170608597637 0 0 0 0 0 0 0 0 0 0 0 0 0 0 0 0 0 0 0 0 0 0 0 0 0 0 0 0 0 0 0 0 0 0 0 0 0 0 0 0 0 0 0 0 0 0 0 0 0 0 0 0 0 0 0 0 0 0 0 0 0 0 0 0 0 0 0 0 0 0 0 1 0 0 0 0 0 0 0 0 0 0 0 0 0 0 0 0 0]
[3541840730965307687386660912127656845995034106314563047199797563745716989497934996862645398013693296916030310614855956369042204241762101468342594262251102907228377416212765435509474052790458931423187609557220967277563370600281547353874967742000508153564730042913387107357 0 0 0 0 0 0 0 0 0 0 0 0 0 0 0 0 0 0 0 0 0 0 0 0 0 0 0 0 0 0 0 0 0 0 0 0 0 0 0 0 0 0 0 0 0 0 0 0 0 0 0 0 0 0 0 0 0 0 0 0 0 0 0 0 0 0 0 0 0 0 0 0 1 0 0 0 0 0 0 0 0 0 0 0 0 0 0 0 0]
[1656995118123933943635778997795311207655793592784056904295231472514522800551688530938684241807367715415817434231579178245778414680786672296377246103390777604567347046752493231055134534628002941286910982383903020893529157624257985551055448099003667483705625890431752824918 0 0 0 0 0 0 0 0 0 0 0 0 0 0 0 0 0 0 0 0 0 0 0 0 0 0 0 0 0 0 0 0 0 0 0 0 0 0 0 0 0 0 0 0 0 0 0 0 0 0 0 0 0 0 0 0 0 0 0 0 0 0 0 0 0 0 0 0 0 0 0 0 0 1 0 0 0 0 0 0 0 0 0 0 0 0 0 0 0]
[3672864892868332283397734210401597358278988625020267782885527644056809899059655992983349290673243773021297735907577262573612769057749608008000971572555396476210774670446798902810319939510332240829350175540403220391481405446360974728177946818171209681134939372879337726637 0 0 0 0 0 0 0 0 0 0 0 0 0 0 0 0 0 0 0 0 0 0 0 0 0 0 0 0 0 0 0 0 0 0 0 0 0 0 0 0 0 0 0 0 0 0 0 0 0 0 0 0 0 0 0 0 0 0 0 0 0 0 0 0 0 0 0 0 0 0 0 0 0 0 1 0 0 0 0 0 0 0 0 0 0 0 0 0 0]
[2744669730567108050655924326898722081654580907979908581845645606628156099776323160801207065636614722054943400299490021368585347181734900751725924687481327148383076011240617670115576644884238483535194750829935379492258866202170260507831972559938454119146043484996081841103 0 0 0 0 0 0 0 0 0 0 0 0 0 0 0 0 0 0 0 0 0 0 0 0 0 0 0 0 0 0 0 0 0 0 0 0 0 0 0 0 0 0 0 0 0 0 0 0 0 0 0 0 0 0 0 0 0 0 0 0 0 0 0 0 0 0 0 0 0 0 0 0 0 0 0 1 0 0 0 0 0 0 0 0 0 0 0 0 0]
[3046887585507943406267017180358507669290343311905573412649589698028239425641983051550336265557776672557719213788648943314966681017612314306481405079143651049609410624515470934913712407053794337724408476119343441825696869149501752137643815057766597141134550700824579941846 0 0 0 0 0 0 0 0 0 0 0 0 0 0 0 0 0 0 0 0 0 0 0 0 0 0 0 0 0 0 0 0 0 0 0 0 0 0 0 0 0 0 0 0 0 0 0 0 0 0 0 0 0 0 0 0 0 0 0 0 0 0 0 0 0 0 0 0 0 0 0 0 0 0 0 0 1 0 0 0 0 0 0 0 0 0 0 0 0]
[2369946479312120336173195292783249719781286246668025622730636896806574909714336395924849670858796673235386858656169777764478519811974620048215830240647921882645760277029605626902389292929013917511612782730384904390817591452442370335937368564297206918966554227831885080921 0 0 0 0 0 0 0 0 0 0 0 0 0 0 0 0 0 0 0 0 0 0 0 0 0 0 0 0 0 0 0 0 0 0 0 0 0 0 0 0 0 0 0 0 0 0 0 0 0 0 0 0 0 0 0 0 0 0 0 0 0 0 0 0 0 0 0 0 0 0 0 0 0 0 0 0 0 1 0 0 0 0 0 0 0 0 0 0 0]
[768747268648862972082782431292697155132007354525748867925453457594055782276550661197610945033876294727672591474815597645357312639851729632278089773045736609248576541616622709729443428362478269972758851389734436693181934013777620825459522208317379536162721675165607303722 0 0 0 0 0 0 0 0 0 0 0 0 0 0 0 0 0 0 0 0 0 0 0 0 0 0 0 0 0 0 0 0 0 0 0 0 0 0 0 0 0 0 0 0 0 0 0 0 0 0 0 0 0 0 0 0 0 0 0 0 0 0 0 0 0 0 0 0 0 0 0 0 0 0 0 0 0 0 1 0 0 0 0 0 0 0 0 0 0]
[1988720540327331038837626481352141357594088620228611799138592581861420464462994767715000492443697066742845670528267749334107167982870404687492627714833154179868464526899843645628986326803543036508980545554732077751289692160135409758578762587575303669713030996244319009161 0 0 0 0 0 0 0 0 0 0 0 0 0 0 0 0 0 0 0 0 0 0 0 0 0 0 0 0 0 0 0 0 0 0 0 0 0 0 0 0 0 0 0 0 0 0 0 0 0 0 0 0 0 0 0 0 0 0 0 0 0 0 0 0 0 0 0 0 0 0 0 0 0 0 0 0 0 0 0 1 0 0 0 0 0 0 0 0 0]
[2288820423083604620252162053675463248050485266048855328814512154413684215993933007787457308858414802592327985218978011683647293587410861922247833918986240050829361173129776123368294130012565415171108756401959310428315909087580457304480821197972156803412997447745831945692 0 0 0 0 0 0 0 0 0 0 0 0 0 0 0 0 0 0 0 0 0 0 0 0 0 0 0 0 0 0 0 0 0 0 0 0 0 0 0 0 0 0 0 0 0 0 0 0 0 0 0 0 0 0 0 0 0 0 0 0 0 0 0 0 0 0 0 0 0 0 0 0 0 0 0 0 0 0 0 0 1 0 0 0 0 0 0 0 0]
[660290691815183806846680168405879806448138171091622154203950925938001515404185038806818399629356727858761354031672168023090851268980181620255451079241643707645924981949303879622148879678148495474488103434793590192149252619694245333999859363978443608973335666284782003661 0 0 0 0 0 0 0 0 0 0 0 0 0 0 0 0 0 0 0 0 0 0 0 0 0 0 0 0 0 0 0 0 0 0 0 0 0 0 0 0 0 0 0 0 0 0 0 0 0 0 0 0 0 0 0 0 0 0 0 0 0 0 0 0 0 0 0 0 0 0 0 0 0 0 0 0 0 0 0 0 0 1 0 0 0 0 0 0 0]
[2754237069407071362874216668604061554119879417041262864045870114704550402591385694309137816078108774354385475065124646502284429749253967137163805777518612265226786415468044038629777142197360495031481788235677132649860673694492094891224141508731839868229860863681547429992 0 0 0 0 0 0 0 0 0 0 0 0 0 0 0 0 0 0 0 0 0 0 0 0 0 0 0 0 0 0 0 0 0 0 0 0 0 0 0 0 0 0 0 0 0 0 0 0 0 0 0 0 0 0 0 0 0 0 0 0 0 0 0 0 0 0 0 0 0 0 0 0 0 0 0 0 0 0 0 0 0 0 1 0 0 0 0 0 0]
[3419885792766909628019482951796759954830497336353792905600847441393185203046387651148640845872934700317873724128123743404395457834846124159481382436345676250240328783959764885440044290726526739986795834148141397051116363996202216894268741749861428337029949248245089728651 0 0 0 0 0 0 0 0 0 0 0 0 0 0 0 0 0 0 0 0 0 0 0 0 0 0 0 0 0 0 0 0 0 0 0 0 0 0 0 0 0 0 0 0 0 0 0 0 0 0 0 0 0 0 0 0 0 0 0 0 0 0 0 0 0 0 0 0 0 0 0 0 0 0 0 0 0 0 0 0 0 0 0 1 0 0 0 0 0]
[1378726478868939488793891908608514716656128268397718038172541324513048843941406521458542188057650615266196673885793124879517815953796793317415998850615211057702380923393653348870766616601583629114518215182156963564986552337874946912727465730203299036417293171868668659297 0 0 0 0 0 0 0 0 0 0 0 0 0 0 0 0 0 0 0 0 0 0 0 0 0 0 0 0 0 0 0 0 0 0 0 0 0 0 0 0 0 0 0 0 0 0 0 0 0 0 0 0 0 0 0 0 0 0 0 0 0 0 0 0 0 0 0 0 0 0 0 0 0 0 0 0 0 0 0 0 0 0 0 0 1 0 0 0 0]
[4065076661340958814692570325668036862779383499890464706936788140006482083209933710175649282925801475571523156095848729742449066995135355409822983043149254964197443615193340385473144513785485596163189399884697544988416856217382742977222171473552347552760481761955092395491 0 0 0 0 0 0 0 0 0 0 0 0 0 0 0 0 0 0 0 0 0 0 0 0 0 0 0 0 0 0 0 0 0 0 0 0 0 0 0 0 0 0 0 0 0 0 0 0 0 0 0 0 0 0 0 0 0 0 0 0 0 0 0 0 0 0 0 0 0 0 0 0 0 0 0 0 0 0 0 0 0 0 0 0 0 1 0 0 0]
[95478393223027028877622076928429708619060019551072978993472525996634077808279673581186714464111684625828709520356576816718745023914613489276617161883146317619452058871986478192613005867814401592763413385222174981601177632685498261875679374003665103720406573496052054375 0 0 0 0 0 0 0 0 0 0 0 0 0 0 0 0 0 0 0 0 0 0 0 0 0 0 0 0 0 0 0 0 0 0 0 0 0 0 0 0 0 0 0 0 0 0 0 0 0 0 0 0 0 0 0 0 0 0 0 0 0 0 0 0 0 0 0 0 0 0 0 0 0 0 0 0 0 0 0 0 0 0 0 0 0 0 1 0 0]
[3672177538924691250622350546978559017778823695669095799343132931921137743834516452649350199258733053565964628174785869728285075655674890368863996342741232809202405824316815476320504821166091426712252390513841067606796142646317690790038876619898134959461390357123032525189 0 0 0 0 0 0 0 0 0 0 0 0 0 0 0 0 0 0 0 0 0 0 0 0 0 0 0 0 0 0 0 0 0 0 0 0 0 0 0 0 0 0 0 0 0 0 0 0 0 0 0 0 0 0 0 0 0 0 0 0 0 0 0 0 0 0 0 0 0 0 0 0 0 0 0 0 0 0 0 0 0 0 0 0 0 0 0 1 0]
[26204214118586946564179131164811227051312318704659241345360161997381065694040798042115500713601876705853627561684488182966909228733542295450548294408473486060337535072920339987804810253448660316446474976746710304477642586903325707392147683759339633494580660097363649097 0 0 0 0 0 0 0 0 0 0 0 0 0 0 0 0 0 0 0 0 0 0 0 0 0 0 0 0 0 0 0 0 0 0 0 0 0 0 0 0 0 0 0 0 0 0 0 0 0 0 0 0 0 0 0 0 0 0 0 0 0 0 0 0 0 0 0 0 0 0 0 0 0 0 0 0 0 0 0 0 0 0 0 0 0 0 0 0 1]
]
