[[6118406200840076417366356044440289946994034866552058314043941053098873464896209227996280192417313481648247418773761005611942259114478990650370794239488849170843686181337181043355194185094462325570149142748539486386837776106479362520581965751043839944197114408151541087665979340310012923144742960680673 0 0 0 0 0 0 0 0 0 0 0 0 0 0 0 0 0 0 0 0 0 0 0 0 0 0 0 0 0 0 0 0 0 0 0 0 0 0 0 0 0 0 0 0 0 0 0 0 0 0 0 0 0 0 0 0 0 0 0 0 0 0 0 0 0 0 0 0 0 0 0 0 0 0 0 0 0 0 0 0 0 0 0 0 0 0 0 0 0 0 0 0 0 0 0 0 0 0 0]
[4240166935943495402429254258435219819813355331835296682964329675610930672771717341228979302049844311212335810420775080469945262368913664096253422714101767697302043292813773928057164480954884555380250540124396016318814643079558008453999782771925606090126810773879759919359289651864202794685880510722989 1 0 0 0 0 0 0 0 0 0 0 0 0 0 0 0 0 0 0 0 0 0 0 0 0 0 0 0 0 0 0 0 0 0 0 0 0 0 0 0 0 0 0 0 0 0 0 0 0 0 0 0 0 0 0 0 0 0 0 0 0 0 0 0 0 0 0 0 0 0 0 0 0 0 0 0 0 0 0 0 0 0 0 0 0 0 0 0 0 0 0 0 0 0 0 0 0 0 0]
[1091180861071036465904233463453457712441400152741621938184861935198609213482720383613662616020900352629781395074677062412568376087471276570581683737451927418022873797635967151984355531244927182411147829102659324330680900551581248547418005548049689025582195809613332970339037320129110682129265599060887 0 1 0 0 0 0 0 0 0 0 0 0 0 0 0 0 0 0 0 0 0 0 0 0 0 0 0 0 0 0 0 0 0 0 0 0 0 0 0 0 0 0 0 0 0 0 0 0 0 0 0 0 0 0 0 0 0 0 0 0 0 0 0 0 0 0 0 0 0 0 0 0 0 0 0 0 0 0 0 0 0 0 0 0 0 0 0 0 0 0 0 0 0 0 0 0 0 0 0]
[3003456096911012537049866055639546228783396733307994419607429964875190329195072843192071447041999713755904824811670447821824331334273943945053019681000038258884536905802555648743140279994759309581355977003015642133025765290433895260893897459059281712703166280562005899278101402904538644452717929029238 0 0 1 0 0 0 0 0 0 0 0 0 0 0 0 0 0 0 0 0 0 0 0 0 0 0 0 0 0 0 0 0 0 0 0 0 0 0 0 0 0 0 0 0 0 0 0 0 0 0 0 0 0 0 0 0 0 0 0 0 0 0 0 0 0 0 0 0 0 0 0 0 0 0 0 0 0 0 0 0 0 0 0 0 0 0 0 0 0 0 0 0 0 0 0 0 0 0 0]
[1867055132712318173542882173317383403811047841905632268520261549173580786897036953516227776814106339497323971871351741425554570332587901843636725730181946976591334559915520585014281335408354906391621476270377012249640799148888955801230578251787772260389293772622861157381390737294747770557528749108823 0 0 0 1 0 0 0 0 0 0 0 0 0 0 0 0 0 0 0 0 0 0 0 0 0 0 0 0 0 0 0 0 0 0 0 0 0 0 0 0 0 0 0 0 0 0 0 0 0 0 0 0 0 0 0 0 0 0 0 0 0 0 0 0 0 0 0 0 0 0 0 0 0 0 0 0 0 0 0 0 0 0 0 0 0 0 0 0 0 0 0 0 0 0 0 0 0 0 0]
[1737311691364072453227692254153617911195948295402480714840308834794132173721742181295095957146304862450343079240217026410834973418896652250300156956315933068373495863676892852844284793776457965543758014699872204077574401371253789061582500493962100745305313981317382610953643454436622577403668103452025 0 0 0 0 1 0 0 0 0 0 0 0 0 0 0 0 0 0 0 0 0 0 0 0 0 0 0 0 0 0 0 0 0 0 0 0 0 0 0 0 0 0 0 0 0 0 0 0 0 0 0 0 0 0 0 0 0 0 0 0 0 0 0 0 0 0 0 0 0 0 0 0 0 0 0 0 0 0 0 0 0 0 0 0 0 0 0 0 0 0 0 0 0 0 0 0 0 0 0]
[1189906669264602476654365746609342635033962711109680820947568694430167472484915705873630292212651281222682522401046165350045834721100967302890805970171297064727669768790018440680682097432632003319785373420654831935877576864966081744776161959453706433108709754555368827149645272426732189073851629415782 0 0 0 0 0 1 0 0 0 0 0 0 0 0 0 0 0 0 0 0 0 0 0 0 0 0 0 0 0 0 0 0 0 0 0 0 0 0 0 0 0 0 0 0 0 0 0 0 0 0 0 0 0 0 0 0 0 0 0 0 0 0 0 0 0 0 0 0 0 0 0 0 0 0 0 0 0 0 0 0 0 0 0 0 0 0 0 0 0 0 0 0 0 0 0 0 0 0 0]
[869803183012028920126196165375842461311178612039164578945586089734807343931377636485864624012404159646961187905580053748033153734409945015849790008502039714375249276188830816331688333894639164188262789783457360251967961866067534614260535590198758482856539514565354651151959706944789332439643512202803 0 0 0 0 0 0 1 0 0 0 0 0 0 0 0 0 0 0 0 0 0 0 0 0 0 0 0 0 0 0 0 0 0 0 0 0 0 0 0 0 0 0 0 0 0 0 0 0 0 0 0 0 0 0 0 0 0 0 0 0 0 0 0 0 0 0 0 0 0 0 0 0 0 0 0 0 0 0 0 0 0 0 0 0 0 0 0 0 0 0 0 0 0 0 0 0 0 0 0]
[2866951000431710337704244776436199623655207434942501763828274834936801207859114132344451932308174195396513672354964107949612741929840224555755015357421428299729999590375193911717234429419341034786761759861670899707850164999956304258377088450301884587738633362587841789721073107825647283202467862090648 0 0 0 0 0 0 0 1 0 0 0 0 0 0 0 0 0 0 0 0 0 0 0 0 0 0 0 0 0 0 0 0 0 0 0 0 0 0 0 0 0 0 0 0 0 0 0 0 0 0 0 0 0 0 0 0 0 0 0 0 0 0 0 0 0 0 0 0 0 0 0 0 0 0 0 0 0 0 0 0 0 0 0 0 0 0 0 0 0 0 0 0 0 0 0 0 0 0 0]
[303341031463773289645708539560170317511040967350172991381856213419188731032897656268976076792155276698199130587113194070351158316517256520950076923974958870274141366081618767419180964166355424468191605783512461172939353193984552658911712878409392001315552687876227425831913646295756479344340768212797 0 0 0 0 0 0 0 0 1 0 0 0 0 0 0 0 0 0 0 0 0 0 0 0 0 0 0 0 0 0 0 0 0 0 0 0 0 0 0 0 0 0 0 0 0 0 0 0 0 0 0 0 0 0 0 0 0 0 0 0 0 0 0 0 0 0 0 0 0 0 0 0 0 0 0 0 0 0 0 0 0 0 0 0 0 0 0 0 0 0 0 0 0 0 0 0 0 0 0]
[1004236832040390919710085775854933925893414810084296806395061988182277301095334896349460860731267002015986068125196990496572058848517802612960881687986094811047995710109652590624595360573017225178829665960376714318234307326576098185418444349228175421663390511658051938644954378431020792923836179141737 0 0 0 0 0 0 0 0 0 1 0 0 0 0 0 0 0 0 0 0 0 0 0 0 0 0 0 0 0 0 0 0 0 0 0 0 0 0 0 0 0 0 0 0 0 0 0 0 0 0 0 0 0 0 0 0 0 0 0 0 0 0 0 0 0 0 0 0 0 0 0 0 0 0 0 0 0 0 0 0 0 0 0 0 0 0 0 0 0 0 0 0 0 0 0 0 0 0 0]
[1164820231106504540545842065626321409575262332883661582436661441379399136657260408150548118413252788406782046426663431015926090801277977765280072907080377337326320672887054777603690454790448918986174504429749049231143363499391775149296181893962753824312536310473834598508497087982662175644646533622439 0 0 0 0 0 0 0 0 0 0 1 0 0 0 0 0 0 0 0 0 0 0 0 0 0 0 0 0 0 0 0 0 0 0 0 0 0 0 0 0 0 0 0 0 0 0 0 0 0 0 0 0 0 0 0 0 0 0 0 0 0 0 0 0 0 0 0 0 0 0 0 0 0 0 0 0 0 0 0 0 0 0 0 0 0 0 0 0 0 0 0 0 0 0 0 0 0 0 0]
[3405995578426360865958409160783144095943234883008699032588412417209559922832106279740832203116554782575721998916457642975166888917979368175500697857261966095156058066052464645597814838606059166627835910689659575641146563355087605108599711871232993957794122400188297826776229794983722393178280013416650 0 0 0 0 0 0 0 0 0 0 0 1 0 0 0 0 0 0 0 0 0 0 0 0 0 0 0 0 0 0 0 0 0 0 0 0 0 0 0 0 0 0 0 0 0 0 0 0 0 0 0 0 0 0 0 0 0 0 0 0 0 0 0 0 0 0 0 0 0 0 0 0 0 0 0 0 0 0 0 0 0 0 0 0 0 0 0 0 0 0 0 0 0 0 0 0 0 0 0]
[3123448447327148973596528512634127706466375324324097116124204010770195284371158515335290581953070239829531578054418663044709487415850518507880680101844339547343194591650501849840363301215864582597711437482527109519119633676985080634252396471828925443511511740476626292508157039832648941464802360564548 0 0 0 0 0 0 0 0 0 0 0 0 1 0 0 0 0 0 0 0 0 0 0 0 0 0 0 0 0 0 0 0 0 0 0 0 0 0 0 0 0 0 0 0 0 0 0 0 0 0 0 0 0 0 0 0 0 0 0 0 0 0 0 0 0 0 0 0 0 0 0 0 0 0 0 0 0 0 0 0 0 0 0 0 0 0 0 0 0 0 0 0 0 0 0 0 0 0 0]
[593638700934901929541906970684958458185217413162032054641556376351484736350282968742722037154329050790847570934187634818918461586676750479430182307962484458687330409348863361402241098713506720082292789381661095197454827057702020064568098219802975054388401959863356310387646960288864725690743472729515 0 0 0 0 0 0 0 0 0 0 0 0 0 1 0 0 0 0 0 0 0 0 0 0 0 0 0 0 0 0 0 0 0 0 0 0 0 0 0 0 0 0 0 0 0 0 0 0 0 0 0 0 0 0 0 0 0 0 0 0 0 0 0 0 0 0 0 0 0 0 0 0 0 0 0 0 0 0 0 0 0 0 0 0 0 0 0 0 0 0 0 0 0 0 0 0 0 0 0]
[5505277105796797106586025900339060927800746076846561896429384425645410651874595151551030357638719345069655999140564218831701893978326331296954063363917878049278414832579355812923337252762472877468345002244227016742265814156532648349243563639046010842872531800843564963157887738301686288088418412955988 0 0 0 0 0 0 0 0 0 0 0 0 0 0 1 0 0 0 0 0 0 0 0 0 0 0 0 0 0 0 0 0 0 0 0 0 0 0 0 0 0 0 0 0 0 0 0 0 0 0 0 0 0 0 0 0 0 0 0 0 0 0 0 0 0 0 0 0 0 0 0 0 0 0 0 0 0 0 0 0 0 0 0 0 0 0 0 0 0 0 0 0 0 0 0 0 0 0 0]
[3140232392690026739639941510636369808258441948808974342077556303019972138294127865728285148767553648470696175066896484208147539255347270438401599868885501869246569673021853061690420886739566232720479517886558256424046118357652942375818562937306683172795422729779148761081788905469246155719667842720848 0 0 0 0 0 0 0 0 0 0 0 0 0 0 0 1 0 0 0 0 0 0 0 0 0 0 0 0 0 0 0 0 0 0 0 0 0 0 0 0 0 0 0 0 0 0 0 0 0 0 0 0 0 0 0 0 0 0 0 0 0 0 0 0 0 0 0 0 0 0 0 0 0 0 0 0 0 0 0 0 0 0 0 0 0 0 0 0 0 0 0 0 0 0 0 0 0 0 0]
[3257245227822236336446555461900339431468489414063276302750267171458281816235607153506160945624739023909166036714111281983896808475961982742546124640447333320345831289970540701927608692616974728404567284205146971074471534722108998372379276545082815518115579664792795805300551329458980928253345786423143 0 0 0 0 0 0 0 0 0 0 0 0 0 0 0 0 1 0 0 0 0 0 0 0 0 0 0 0 0 0 0 0 0 0 0 0 0 0 0 0 0 0 0 0 0 0 0 0 0 0 0 0 0 0 0 0 0 0 0 0 0 0 0 0 0 0 0 0 0 0 0 0 0 0 0 0 0 0 0 0 0 0 0 0 0 0 0 0 0 0 0 0 0 0 0 0 0 0 0]
[1469738779716699599845293372316723000584920530465495541322817625484325105665206328474140738533629752002002100935476085896159564167737912053588030661895619143309208364140103203058042798168054139904379058541220612711979893624908044562852445972931361637672995255586025165457136580430739551456604263629893 0 0 0 0 0 0 0 0 0 0 0 0 0 0 0 0 0 1 0 0 0 0 0 0 0 0 0 0 0 0 0 0 0 0 0 0 0 0 0 0 0 0 0 0 0 0 0 0 0 0 0 0 0 0 0 0 0 0 0 0 0 0 0 0 0 0 0 0 0 0 0 0 0 0 0 0 0 0 0 0 0 0 0 0 0 0 0 0 0 0 0 0 0 0 0 0 0 0 0]
[5841214458480975945359584734034637521865348002907884921065743698901237036821426461382795962356343580985723146856963223645428205388227640125393360700771260440965772935661612611486043191901582357979832125330344059971817676795828390157855489739520136343492727862304966074021756594778982876234789657873517 0 0 0 0 0 0 0 0 0 0 0 0 0 0 0 0 0 0 1 0 0 0 0 0 0 0 0 0 0 0 0 0 0 0 0 0 0 0 0 0 0 0 0 0 0 0 0 0 0 0 0 0 0 0 0 0 0 0 0 0 0 0 0 0 0 0 0 0 0 0 0 0 0 0 0 0 0 0 0 0 0 0 0 0 0 0 0 0 0 0 0 0 0 0 0 0 0 0 0]
[1908441185262618251100679575044371888772332026893258483723706995449519218939198301415316415056249913270840608620327977454186442424451989868054668957068221516032017422777223415665571390427485488065005193857429425746813185998867394822020079994113513688240247704783981794385126482204316991549812011615832 0 0 0 0 0 0 0 0 0 0 0 0 0 0 0 0 0 0 0 1 0 0 0 0 0 0 0 0 0 0 0 0 0 0 0 0 0 0 0 0 0 0 0 0 0 0 0 0 0 0 0 0 0 0 0 0 0 0 0 0 0 0 0 0 0 0 0 0 0 0 0 0 0 0 0 0 0 0 0 0 0 0 0 0 0 0 0 0 0 0 0 0 0 0 0 0 0 0 0]
[5002409237891504082679182557089384432996847835622999626903339122064794080393897405184289426051944197719197711039931250349134994055397263763287273683585207719923328988577969366138573623667234570202561046083858247640211218178877858736075169950665681866584251171575002119699947426206183480164906308478759 0 0 0 0 0 0 0 0 0 0 0 0 0 0 0 0 0 0 0 0 1 0 0 0 0 0 0 0 0 0 0 0 0 0 0 0 0 0 0 0 0 0 0 0 0 0 0 0 0 0 0 0 0 0 0 0 0 0 0 0 0 0 0 0 0 0 0 0 0 0 0 0 0 0 0 0 0 0 0 0 0 0 0 0 0 0 0 0 0 0 0 0 0 0 0 0 0 0 0]
[2617270941548815760945396368389590150553207047088952741612984526505609121811229767714684064669714392805432106515186599308478508166165618528507959277242577444526161079502715267467030535760601823331697194102125893922022985266904900239321807655678891642129534912720363777254296220802056374045243261143331 0 0 0 0 0 0 0 0 0 0 0 0 0 0 0 0 0 0 0 0 0 1 0 0 0 0 0 0 0 0 0 0 0 0 0 0 0 0 0 0 0 0 0 0 0 0 0 0 0 0 0 0 0 0 0 0 0 0 0 0 0 0 0 0 0 0 0 0 0 0 0 0 0 0 0 0 0 0 0 0 0 0 0 0 0 0 0 0 0 0 0 0 0 0 0 0 0 0 0]
[2194761487985305044840008942423755130619739511690597183725917127881361139755864651504950932344007219428313427950005971859224219932361982430759632695772825418315762986191361788804424849564102989356932997283344395153513964708405776006227199003107753554188477990692549094627061191822104811401432372929755 0 0 0 0 0 0 0 0 0 0 0 0 0 0 0 0 0 0 0 0 0 0 1 0 0 0 0 0 0 0 0 0 0 0 0 0 0 0 0 0 0 0 0 0 0 0 0 0 0 0 0 0 0 0 0 0 0 0 0 0 0 0 0 0 0 0 0 0 0 0 0 0 0 0 0 0 0 0 0 0 0 0 0 0 0 0 0 0 0 0 0 0 0 0 0 0 0 0 0]
[5112296185978606909327516555251808459770586634924949754611300703294424803072954615288130426571156321948981081602781442547351258240062187335925131717955009251606504203360649268712992846801925942518003635250084897021967455699468159157885212094876681821550310478277119772752293769344868055224172874226275 0 0 0 0 0 0 0 0 0 0 0 0 0 0 0 0 0 0 0 0 0 0 0 1 0 0 0 0 0 0 0 0 0 0 0 0 0 0 0 0 0 0 0 0 0 0 0 0 0 0 0 0 0 0 0 0 0 0 0 0 0 0 0 0 0 0 0 0 0 0 0 0 0 0 0 0 0 0 0 0 0 0 0 0 0 0 0 0 0 0 0 0 0 0 0 0 0 0 0]
[2085321168790404915863711531829744343070453421297185214058837864802294216659577064425836363507414345533289170312585267336390984880738309607590689985626309728073017949260695890145818049037382539847842816539492882130077160968122292559778949486082199004208227312669138281609277562642154139931259507893951 0 0 0 0 0 0 0 0 0 0 0 0 0 0 0 0 0 0 0 0 0 0 0 0 1 0 0 0 0 0 0 0 0 0 0 0 0 0 0 0 0 0 0 0 0 0 0 0 0 0 0 0 0 0 0 0 0 0 0 0 0 0 0 0 0 0 0 0 0 0 0 0 0 0 0 0 0 0 0 0 0 0 0 0 0 0 0 0 0 0 0 0 0 0 0 0 0 0 0]
[5606967052845139521776231447338766247682505979662680654165777940239560814253496682616346270963984871018625459458609938612811672123617761541456935905491507761786785433511813058609081950422408765715773941345208884789559064727317244448877175692731872155313883532156353489994248074234718784909736579126058 0 0 0 0 0 0 0 0 0 0 0 0 0 0 0 0 0 0 0 0 0 0 0 0 0 1 0 0 0 0 0 0 0 0 0 0 0 0 0 0 0 0 0 0 0 0 0 0 0 0 0 0 0 0 0 0 0 0 0 0 0 0 0 0 0 0 0 0 0 0 0 0 0 0 0 0 0 0 0 0 0 0 0 0 0 0 0 0 0 0 0 0 0 0 0 0 0 0 0]
[2326791949322436617617105188305826489683364805298010095240515182330707540253412189633790042815935934083433409740458822822464660902811435170438346528790109014885963328619954823823966078058098888701113009204783869322955729751152107393791090568094987400206481417999088742495762100170085291152960483956084 0 0 0 0 0 0 0 0 0 0 0 0 0 0 0 0 0 0 0 0 0 0 0 0 0 0 1 0 0 0 0 0 0 0 0 0 0 0 0 0 0 0 0 0 0 0 0 0 0 0 0 0 0 0 0 0 0 0 0 0 0 0 0 0 0 0 0 0 0 0 0 0 0 0 0 0 0 0 0 0 0 0 0 0 0 0 0 0 0 0 0 0 0 0 0 0 0 0 0]
[2533159633290680102706854505061282646891376152576613920628106733203697918442315487191263847427489712216773134360808270444986346782920266111864156390409356229706680829531102716536670661706289240141381271316595381287641972279911368903341852130493533912663020676450123680101669052515516254684977177163193 0 0 0 0 0 0 0 0 0 0 0 0 0 0 0 0 0 0 0 0 0 0 0 0 0 0 0 1 0 0 0 0 0 0 0 0 0 0 0 0 0 0 0 0 0 0 0 0 0 0 0 0 0 0 0 0 0 0 0 0 0 0 0 0 0 0 0 0 0 0 0 0 0 0 0 0 0 0 0 0 0 0 0 0 0 0 0 0 0 0 0 0 0 0 0 0 0 0 0]
[293219798460603024223894331197448523252498428395706457605765746222915972340220351420399477519611243138884353730865717692448932256119668214832818509339035983287763267714707251662501456445514852765628800521216984175526458028280976291285731262691024144493046191977904229429084130902329744764650988167556 0 0 0 0 0 0 0 0 0 0 0 0 0 0 0 0 0 0 0 0 0 0 0 0 0 0 0 0 1 0 0 0 0 0 0 0 0 0 0 0 0 0 0 0 0 0 0 0 0 0 0 0 0 0 0 0 0 0 0 0 0 0 0 0 0 0 0 0 0 0 0 0 0 0 0 0 0 0 0 0 0 0 0 0 0 0 0 0 0 0 0 0 0 0 0 0 0 0 0]
[1235205728256325210260754610226650912569951366446506161631487544197355658201411293754367875173745575924304202096290015712177694339463303912095749688569235004519388396424364608824926219824006176142113127964059251446239505684246789255752365370914968111306335388926787200626069344894215373558882373745132 0 0 0 0 0 0 0 0 0 0 0 0 0 0 0 0 0 0 0 0 0 0 0 0 0 0 0 0 0 1 0 0 0 0 0 0 0 0 0 0 0 0 0 0 0 0 0 0 0 0 0 0 0 0 0 0 0 0 0 0 0 0 0 0 0 0 0 0 0 0 0 0 0 0 0 0 0 0 0 0 0 0 0 0 0 0 0 0 0 0 0 0 0 0 0 0 0 0 0]
[604481060465889763432857446424055924249904094960550570482461787290552274147850313645838141148228641922520863028425243662653579512270343189889062876538554474702627407672407897042097573411023680126265716619144710153221674229122382747703761831937468729369279638840540362708456646026536655453441320680812 0 0 0 0 0 0 0 0 0 0 0 0 0 0 0 0 0 0 0 0 0 0 0 0 0 0 0 0 0 0 1 0 0 0 0 0 0 0 0 0 0 0 0 0 0 0 0 0 0 0 0 0 0 0 0 0 0 0 0 0 0 0 0 0 0 0 0 0 0 0 0 0 0 0 0 0 0 0 0 0 0 0 0 0 0 0 0 0 0 0 0 0 0 0 0 0 0 0 0]
[2228091342555179183485830428731028855024803408821058645700670933161185501059625006518600537741878570432135662742911444817806799130188720707554677771997200738892320549060711194852947764867647862116475662780810632568509181617579240407315422626883090765861068317840384446472309314703004963341821206213093 0 0 0 0 0 0 0 0 0 0 0 0 0 0 0 0 0 0 0 0 0 0 0 0 0 0 0 0 0 0 0 1 0 0 0 0 0 0 0 0 0 0 0 0 0 0 0 0 0 0 0 0 0 0 0 0 0 0 0 0 0 0 0 0 0 0 0 0 0 0 0 0 0 0 0 0 0 0 0 0 0 0 0 0 0 0 0 0 0 0 0 0 0 0 0 0 0 0 0]
[3204020189731291359289882661122482923046925617163652231182403764625705005653687527795985204438615921757352764539052792180148401609205216281862004689587763346862756088750763136131004979963616193118210253219903061819322710539737013521729063350331400234198427549456076770207316110669484918956511240908974 0 0 0 0 0 0 0 0 0 0 0 0 0 0 0 0 0 0 0 0 0 0 0 0 0 0 0 0 0 0 0 0 1 0 0 0 0 0 0 0 0 0 0 0 0 0 0 0 0 0 0 0 0 0 0 0 0 0 0 0 0 0 0 0 0 0 0 0 0 0 0 0 0 0 0 0 0 0 0 0 0 0 0 0 0 0 0 0 0 0 0 0 0 0 0 0 0 0 0]
[4585156735730754766359092934961665275117145361515061088318352148460666402990440696068041877000486345962691242314676823651204342912998744592941077181229918457796335443828219917193507397011342049208861205542852836540350758906380724222865734013068098516450494147878802876336270173001439073708937248125781 0 0 0 0 0 0 0 0 0 0 0 0 0 0 0 0 0 0 0 0 0 0 0 0 0 0 0 0 0 0 0 0 0 1 0 0 0 0 0 0 0 0 0 0 0 0 0 0 0 0 0 0 0 0 0 0 0 0 0 0 0 0 0 0 0 0 0 0 0 0 0 0 0 0 0 0 0 0 0 0 0 0 0 0 0 0 0 0 0 0 0 0 0 0 0 0 0 0 0]
[3338766604691952427341138104035489027878636059315041538610230690397784652096222836049122002233954756082574614047894653742236455116259355751398490729649233637824957699063267454496736620691737519568070711752154656058302867568032035238007258022029256512463437451001874006917249980572176416114623163288445 0 0 0 0 0 0 0 0 0 0 0 0 0 0 0 0 0 0 0 0 0 0 0 0 0 0 0 0 0 0 0 0 0 0 1 0 0 0 0 0 0 0 0 0 0 0 0 0 0 0 0 0 0 0 0 0 0 0 0 0 0 0 0 0 0 0 0 0 0 0 0 0 0 0 0 0 0 0 0 0 0 0 0 0 0 0 0 0 0 0 0 0 0 0 0 0 0 0 0]
[217782337582908255817799154227900805554474152632293371816209898204689591135803220055242717113851204397087809787349235013422825908103437889975508725386006974927816365654061840371722319293698755905361906167091632880201774679442064024772247547908832166650516198714160644989329094922644213614009985814886 0 0 0 0 0 0 0 0 0 0 0 0 0 0 0 0 0 0 0 0 0 0 0 0 0 0 0 0 0 0 0 0 0 0 0 1 0 0 0 0 0 0 0 0 0 0 0 0 0 0 0 0 0 0 0 0 0 0 0 0 0 0 0 0 0 0 0 0 0 0 0 0 0 0 0 0 0 0 0 0 0 0 0 0 0 0 0 0 0 0 0 0 0 0 0 0 0 0 0]
[2864944764817593631252780865557840477628430742167126048213781313485872789005874789863827896077155908216840384710587438917510476023518044653176924475354595432196333293244963404776111674012231588184141760180506824381256437395428295327082426785253671345698631872039502678259738607568287726785854778472878 0 0 0 0 0 0 0 0 0 0 0 0 0 0 0 0 0 0 0 0 0 0 0 0 0 0 0 0 0 0 0 0 0 0 0 0 1 0 0 0 0 0 0 0 0 0 0 0 0 0 0 0 0 0 0 0 0 0 0 0 0 0 0 0 0 0 0 0 0 0 0 0 0 0 0 0 0 0 0 0 0 0 0 0 0 0 0 0 0 0 0 0 0 0 0 0 0 0 0]
[1790457047822232873085178490287434988273353196112756274266750195360354883012010281311236671539856570922871610647357637782989904748023696382765932010119480687819432264070008711333086295323008624907893246425479234665213510960753657173991828679273907737369834175913654356448711785324039137344468659811594 0 0 0 0 0 0 0 0 0 0 0 0 0 0 0 0 0 0 0 0 0 0 0 0 0 0 0 0 0 0 0 0 0 0 0 0 0 1 0 0 0 0 0 0 0 0 0 0 0 0 0 0 0 0 0 0 0 0 0 0 0 0 0 0 0 0 0 0 0 0 0 0 0 0 0 0 0 0 0 0 0 0 0 0 0 0 0 0 0 0 0 0 0 0 0 0 0 0 0]
[2901228245775905160037248759952392137631632212371765078230214089767559892206046623097351516988355433039752147307533917322436787437940496621038567300822941421579605725134193419070065798087727821294685883765660059375395549696519950479771035335433971017168540799244729330890364767761097066052944124463192 0 0 0 0 0 0 0 0 0 0 0 0 0 0 0 0 0 0 0 0 0 0 0 0 0 0 0 0 0 0 0 0 0 0 0 0 0 0 1 0 0 0 0 0 0 0 0 0 0 0 0 0 0 0 0 0 0 0 0 0 0 0 0 0 0 0 0 0 0 0 0 0 0 0 0 0 0 0 0 0 0 0 0 0 0 0 0 0 0 0 0 0 0 0 0 0 0 0 0]
[4050427025329691796056441790028595834439961456178934436466328179698775146516347125178550278578525613076859926621414700938540658719014198040515176835720279179560177485619868044703669066055823818358284251019201165049362104789984192944603500539281036726627396311581802148629605497620841599637447944265993 0 0 0 0 0 0 0 0 0 0 0 0 0 0 0 0 0 0 0 0 0 0 0 0 0 0 0 0 0 0 0 0 0 0 0 0 0 0 0 1 0 0 0 0 0 0 0 0 0 0 0 0 0 0 0 0 0 0 0 0 0 0 0 0 0 0 0 0 0 0 0 0 0 0 0 0 0 0 0 0 0 0 0 0 0 0 0 0 0 0 0 0 0 0 0 0 0 0 0]
[4466389576596813839781104172439444624773910833453760472268814296929917437293131662862637827169016218639588700816739259085333624886299303679482864868040793687862045171833730854135418834750314446425360649795671616804517644584917727423702860440688523586554313303677154059716166693154880147412235359871024 0 0 0 0 0 0 0 0 0 0 0 0 0 0 0 0 0 0 0 0 0 0 0 0 0 0 0 0 0 0 0 0 0 0 0 0 0 0 0 0 1 0 0 0 0 0 0 0 0 0 0 0 0 0 0 0 0 0 0 0 0 0 0 0 0 0 0 0 0 0 0 0 0 0 0 0 0 0 0 0 0 0 0 0 0 0 0 0 0 0 0 0 0 0 0 0 0 0 0]
[361943129492746463532116814057862346193078895399795124885956370988973549951588535519106099207629447511298294509542684855146490635068240830611088587294311180083326008830573542410301369340694060110448823802833880079727915764435005967230318647378499333331061064929127374622908998713496591334153672229805 0 0 0 0 0 0 0 0 0 0 0 0 0 0 0 0 0 0 0 0 0 0 0 0 0 0 0 0 0 0 0 0 0 0 0 0 0 0 0 0 0 1 0 0 0 0 0 0 0 0 0 0 0 0 0 0 0 0 0 0 0 0 0 0 0 0 0 0 0 0 0 0 0 0 0 0 0 0 0 0 0 0 0 0 0 0 0 0 0 0 0 0 0 0 0 0 0 0 0]
[545298088939733254596330086830544710154601493882439327063188506933031656051058669038570395983128007900279936441952146588169081229733086171149490098194070949598191775449892014368213720997679166832152968373665196850229945324491934519645154598311233661179712086113189700094400463463062556235523418648918 0 0 0 0 0 0 0 0 0 0 0 0 0 0 0 0 0 0 0 0 0 0 0 0 0 0 0 0 0 0 0 0 0 0 0 0 0 0 0 0 0 0 1 0 0 0 0 0 0 0 0 0 0 0 0 0 0 0 0 0 0 0 0 0 0 0 0 0 0 0 0 0 0 0 0 0 0 0 0 0 0 0 0 0 0 0 0 0 0 0 0 0 0 0 0 0 0 0 0]
[1346677691404592466426251593805350401427526111833881311130490294395710099659751484463706635489632447093928060282354671062448518483291596642883523300114085371483751421731502560356412319134313683787191410181497917160173222286066053421012593219740283158443451120396199181507301436239825055733174346223364 0 0 0 0 0 0 0 0 0 0 0 0 0 0 0 0 0 0 0 0 0 0 0 0 0 0 0 0 0 0 0 0 0 0 0 0 0 0 0 0 0 0 0 1 0 0 0 0 0 0 0 0 0 0 0 0 0 0 0 0 0 0 0 0 0 0 0 0 0 0 0 0 0 0 0 0 0 0 0 0 0 0 0 0 0 0 0 0 0 0 0 0 0 0 0 0 0 0 0]
[3425720619412714994338276735455661520565899583999118959918010964583182273947654685295263942804952856882263963148682979996770209668533077202967419411944895737577034025660418232519345795497766937411761948891389804018690389605965771200229560095572659680667310853803413180708654693700426147007342919381351 0 0 0 0 0 0 0 0 0 0 0 0 0 0 0 0 0 0 0 0 0 0 0 0 0 0 0 0 0 0 0 0 0 0 0 0 0 0 0 0 0 0 0 0 1 0 0 0 0 0 0 0 0 0 0 0 0 0 0 0 0 0 0 0 0 0 0 0 0 0 0 0 0 0 0 0 0 0 0 0 0 0 0 0 0 0 0 0 0 0 0 0 0 0 0 0 0 0 0]
[2543169482636140971314654491381570328317907480349705091162557528466584448860117137612779765845887547384828182870070740594684041854754998369713715544222569430569456602387679510504232483196104170475500104031697035187573631716531228650650811581626726788284979558620297691363031033387585473988945567382492 0 0 0 0 0 0 0 0 0 0 0 0 0 0 0 0 0 0 0 0 0 0 0 0 0 0 0 0 0 0 0 0 0 0 0 0 0 0 0 0 0 0 0 0 0 1 0 0 0 0 0 0 0 0 0 0 0 0 0 0 0 0 0 0 0 0 0 0 0 0 0 0 0 0 0 0 0 0 0 0 0 0 0 0 0 0 0 0 0 0 0 0 0 0 0 0 0 0 0]
[1849585919151712686672225225879772490380412474607983212292096758383302818667966292143648468103228442723850946301735111229242348419176199665518712818616352506921872715078289137751111673761207065274722073832109554565486558324053488020292354810484796162333220299852836876406987148070325845596906707237725 0 0 0 0 0 0 0 0 0 0 0 0 0 0 0 0 0 0 0 0 0 0 0 0 0 0 0 0 0 0 0 0 0 0 0 0 0 0 0 0 0 0 0 0 0 0 1 0 0 0 0 0 0 0 0 0 0 0 0 0 0 0 0 0 0 0 0 0 0 0 0 0 0 0 0 0 0 0 0 0 0 0 0 0 0 0 0 0 0 0 0 0 0 0 0 0 0 0 0]
[3473054182704289268539701791160438973620664200806379360842825978022337161998102740640849937079112811905085867133507672891834254075678983339503009929544087888586345888833729042541596266175312396280359098763921784445621569713135511444859272415745704691330797707438213262429919864283662577908148349596204 0 0 0 0 0 0 0 0 0 0 0 0 0 0 0 0 0 0 0 0 0 0 0 0 0 0 0 0 0 0 0 0 0 0 0 0 0 0 0 0 0 0 0 0 0 0 0 1 0 0 0 0 0 0 0 0 0 0 0 0 0 0 0 0 0 0 0 0 0 0 0 0 0 0 0 0 0 0 0 0 0 0 0 0 0 0 0 0 0 0 0 0 0 0 0 0 0 0 0]
[2614778017771432761084677594603135438758948505060190196319620133805997166043708431666199923248180027770855179122128123705589880671761373191454702616847881270460657778614394515943969924151502079253125089270446697705802303762973124480213339148135041411470298105852998031947841957755058849961026928547223 0 0 0 0 0 0 0 0 0 0 0 0 0 0 0 0 0 0 0 0 0 0 0 0 0 0 0 0 0 0 0 0 0 0 0 0 0 0 0 0 0 0 0 0 0 0 0 0 1 0 0 0 0 0 0 0 0 0 0 0 0 0 0 0 0 0 0 0 0 0 0 0 0 0 0 0 0 0 0 0 0 0 0 0 0 0 0 0 0 0 0 0 0 0 0 0 0 0 0]
[3231437303328083751393811788920612131336550966696309131109021174933761549504365372122348404432793876472860879847494547340147539612406058645095582859998601525825884460836559371231056675414731589618079535200656025575213379648452353983759202596597330319263421754420883496307080604515955621026596977899863 0 0 0 0 0 0 0 0 0 0 0 0 0 0 0 0 0 0 0 0 0 0 0 0 0 0 0 0 0 0 0 0 0 0 0 0 0 0 0 0 0 0 0 0 0 0 0 0 0 1 0 0 0 0 0 0 0 0 0 0 0 0 0 0 0 0 0 0 0 0 0 0 0 0 0 0 0 0 0 0 0 0 0 0 0 0 0 0 0 0 0 0 0 0 0 0 0 0 0]
[1784379156462103491223113862233770683889093683668329636945726236590262497066626308087427259051246129511092278109792021785352322248809045080063030734469188767718961669751276587777402353966287485732531654157153633654885893382686933102384474828692051911172112512804934486217125544057903585539712232234301 0 0 0 0 0 0 0 0 0 0 0 0 0 0 0 0 0 0 0 0 0 0 0 0 0 0 0 0 0 0 0 0 0 0 0 0 0 0 0 0 0 0 0 0 0 0 0 0 0 0 1 0 0 0 0 0 0 0 0 0 0 0 0 0 0 0 0 0 0 0 0 0 0 0 0 0 0 0 0 0 0 0 0 0 0 0 0 0 0 0 0 0 0 0 0 0 0 0 0]
[387073718946558903953239856926768527518768024626003853554704153191833644443837991419741693025845218960125839482348276215490046400249961560955772982258847664009144452354413723253844698092472202145953835216091298739826655944388271209920941282116728998550765306808408839857487982027687527514605547614192 0 0 0 0 0 0 0 0 0 0 0 0 0 0 0 0 0 0 0 0 0 0 0 0 0 0 0 0 0 0 0 0 0 0 0 0 0 0 0 0 0 0 0 0 0 0 0 0 0 0 0 1 0 0 0 0 0 0 0 0 0 0 0 0 0 0 0 0 0 0 0 0 0 0 0 0 0 0 0 0 0 0 0 0 0 0 0 0 0 0 0 0 0 0 0 0 0 0 0]
[4978189020747162202855643138487213307736692636367787056793190255579853520673262740477878316453185623707320160488566354234597240639511172229036863418537922466921617653969742615330392954602105243681203312269919694125303464790326975311314224497836965414529427704775045963536198978691043744427363888500385 0 0 0 0 0 0 0 0 0 0 0 0 0 0 0 0 0 0 0 0 0 0 0 0 0 0 0 0 0 0 0 0 0 0 0 0 0 0 0 0 0 0 0 0 0 0 0 0 0 0 0 0 1 0 0 0 0 0 0 0 0 0 0 0 0 0 0 0 0 0 0 0 0 0 0 0 0 0 0 0 0 0 0 0 0 0 0 0 0 0 0 0 0 0 0 0 0 0 0]
[4376077844271902204754982801406160098322583795998375625162678523909598251904877742237376825449000920940906586314488384061361772657389918937256880318883024298393883713102293951653941785948286840629328238990033592207424884349513461383130903800088283394649560898391529889940058044083032349816505724273762 0 0 0 0 0 0 0 0 0 0 0 0 0 0 0 0 0 0 0 0 0 0 0 0 0 0 0 0 0 0 0 0 0 0 0 0 0 0 0 0 0 0 0 0 0 0 0 0 0 0 0 0 0 1 0 0 0 0 0 0 0 0 0 0 0 0 0 0 0 0 0 0 0 0 0 0 0 0 0 0 0 0 0 0 0 0 0 0 0 0 0 0 0 0 0 0 0 0 0]
[6060716786346729148597833149987930139343270656314671775853568751180661846342943390946467466735966286763551742032107132765995443816465268464443806051438970426549183550485263187579588373895158128131932726999237483996363930280750711460587053854798512057932223936966449414638409755517101172239998119792874 0 0 0 0 0 0 0 0 0 0 0 0 0 0 0 0 0 0 0 0 0 0 0 0 0 0 0 0 0 0 0 0 0 0 0 0 0 0 0 0 0 0 0 0 0 0 0 0 0 0 0 0 0 0 1 0 0 0 0 0 0 0 0 0 0 0 0 0 0 0 0 0 0 0 0 0 0 0 0 0 0 0 0 0 0 0 0 0 0 0 0 0 0 0 0 0 0 0 0]
[1778838467227915436155465335153652629429063251220298506204046202632524832856125986967352766615680832246589138292952909682497941862861409691436660563641272121940279875222966244112664038834449015029968846096006170117231273160404837887320870414832200097314095067002574639108090124082351965486589452031624 0 0 0 0 0 0 0 0 0 0 0 0 0 0 0 0 0 0 0 0 0 0 0 0 0 0 0 0 0 0 0 0 0 0 0 0 0 0 0 0 0 0 0 0 0 0 0 0 0 0 0 0 0 0 0 1 0 0 0 0 0 0 0 0 0 0 0 0 0 0 0 0 0 0 0 0 0 0 0 0 0 0 0 0 0 0 0 0 0 0 0 0 0 0 0 0 0 0 0]
[5869954456834144300555310971868432238812984596345451761773206432128826194807950930748291086521526274863968956432129817772184014057444052774964660576227745872933450896521042616976053865698543863117263431035910747391564123811265303778348394712276679848985740938481138964118979615757472686209270276991177 0 0 0 0 0 0 0 0 0 0 0 0 0 0 0 0 0 0 0 0 0 0 0 0 0 0 0 0 0 0 0 0 0 0 0 0 0 0 0 0 0 0 0 0 0 0 0 0 0 0 0 0 0 0 0 0 1 0 0 0 0 0 0 0 0 0 0 0 0 0 0 0 0 0 0 0 0 0 0 0 0 0 0 0 0 0 0 0 0 0 0 0 0 0 0 0 0 0 0]
[3851490295650863050516839774511597954372760625057209720443850091198357278601723346726017946854467814524634557353683981768524388784363682642358213066004791374329392863960169639179709310457329596217195218723111512044941915123287182515150065011040628118370213856560029261993603357815782617832364983280567 0 0 0 0 0 0 0 0 0 0 0 0 0 0 0 0 0 0 0 0 0 0 0 0 0 0 0 0 0 0 0 0 0 0 0 0 0 0 0 0 0 0 0 0 0 0 0 0 0 0 0 0 0 0 0 0 0 1 0 0 0 0 0 0 0 0 0 0 0 0 0 0 0 0 0 0 0 0 0 0 0 0 0 0 0 0 0 0 0 0 0 0 0 0 0 0 0 0 0]
[4030292712109302834868435241613349783555508146239053937641948682315597252941882817665939438542270486390163551943132220478095032679569790817518206892097129087418731224701091291341433011148315551550950294461607546832628137105820190404910222199346867556879832304094838721695618552413009527517223917540278 0 0 0 0 0 0 0 0 0 0 0 0 0 0 0 0 0 0 0 0 0 0 0 0 0 0 0 0 0 0 0 0 0 0 0 0 0 0 0 0 0 0 0 0 0 0 0 0 0 0 0 0 0 0 0 0 0 0 1 0 0 0 0 0 0 0 0 0 0 0 0 0 0 0 0 0 0 0 0 0 0 0 0 0 0 0 0 0 0 0 0 0 0 0 0 0 0 0 0]
[2921214739551641144020966332882383929549660540544949151608619639099091482671516626879174785148696311014846740316519520163754444033226203750192271029491803212149476040554734067947975004158300088148201991499119812073454326846699338750034526036324333533935922823336374701474316801469323936753009954679500 0 0 0 0 0 0 0 0 0 0 0 0 0 0 0 0 0 0 0 0 0 0 0 0 0 0 0 0 0 0 0 0 0 0 0 0 0 0 0 0 0 0 0 0 0 0 0 0 0 0 0 0 0 0 0 0 0 0 0 1 0 0 0 0 0 0 0 0 0 0 0 0 0 0 0 0 0 0 0 0 0 0 0 0 0 0 0 0 0 0 0 0 0 0 0 0 0 0 0]
[1412275884471525759645921682952385206474794162657602061630848111805931205609525317081678972695997125676246467907392578753302129220946163437133195563317080900960082746337062164644678613654509394307621436214446558627245105763642390921038165392617075421453472078042032975043601240933854181608812789473621 0 0 0 0 0 0 0 0 0 0 0 0 0 0 0 0 0 0 0 0 0 0 0 0 0 0 0 0 0 0 0 0 0 0 0 0 0 0 0 0 0 0 0 0 0 0 0 0 0 0 0 0 0 0 0 0 0 0 0 0 1 0 0 0 0 0 0 0 0 0 0 0 0 0 0 0 0 0 0 0 0 0 0 0 0 0 0 0 0 0 0 0 0 0 0 0 0 0 0]
[3953727891251197711818333274655852787296246764570433849917359124509321333340960478383429618177590909030381747378180117621555618259997762879309985580135575322207777101725431748429335843954849837004741204120498770403696363212543265820319193081830977553497922378126918679432345406666197167891799039419612 0 0 0 0 0 0 0 0 0 0 0 0 0 0 0 0 0 0 0 0 0 0 0 0 0 0 0 0 0 0 0 0 0 0 0 0 0 0 0 0 0 0 0 0 0 0 0 0 0 0 0 0 0 0 0 0 0 0 0 0 0 1 0 0 0 0 0 0 0 0 0 0 0 0 0 0 0 0 0 0 0 0 0 0 0 0 0 0 0 0 0 0 0 0 0 0 0 0 0]
[2229880847860835702960586533211886590791449121624136327538666655451628527489760634763228426011744723701886414862976790148949914894348617563226148319125601137654698056538007252569717519178774570129364230199435462126476057739825959325631679290754759255874392115885836148316639563288258086500478538699132 0 0 0 0 0 0 0 0 0 0 0 0 0 0 0 0 0 0 0 0 0 0 0 0 0 0 0 0 0 0 0 0 0 0 0 0 0 0 0 0 0 0 0 0 0 0 0 0 0 0 0 0 0 0 0 0 0 0 0 0 0 0 1 0 0 0 0 0 0 0 0 0 0 0 0 0 0 0 0 0 0 0 0 0 0 0 0 0 0 0 0 0 0 0 0 0 0 0 0]
[4994723296520385905225922115779321123668170349047002494888538405374678966137767857210621327702942370846892992153354487937625726575839460377005664265346957066199861843765120087142071761618663421129958926449778032529895176255805518721863367967796351589029327579009371015617794955185611357047398087304128 0 0 0 0 0 0 0 0 0 0 0 0 0 0 0 0 0 0 0 0 0 0 0 0 0 0 0 0 0 0 0 0 0 0 0 0 0 0 0 0 0 0 0 0 0 0 0 0 0 0 0 0 0 0 0 0 0 0 0 0 0 0 0 1 0 0 0 0 0 0 0 0 0 0 0 0 0 0 0 0 0 0 0 0 0 0 0 0 0 0 0 0 0 0 0 0 0 0 0]
[2421971301216138161858583633800696153052101283995833904880330915810796839036200811381737625973325499324940885508643167863274693607885524809366902280896049876153259595617591336356505987641851398254841381413507105296224830192755542843134790683663901098192811485531815353364991249660276870771043975932318 0 0 0 0 0 0 0 0 0 0 0 0 0 0 0 0 0 0 0 0 0 0 0 0 0 0 0 0 0 0 0 0 0 0 0 0 0 0 0 0 0 0 0 0 0 0 0 0 0 0 0 0 0 0 0 0 0 0 0 0 0 0 0 0 1 0 0 0 0 0 0 0 0 0 0 0 0 0 0 0 0 0 0 0 0 0 0 0 0 0 0 0 0 0 0 0 0 0 0]
[4123459076054635866679911291497054584720684221121926911786704075297898412773957781571597000496157447424452415927145917640270799815649635204112145874112924902620126234916234833967152519793393856667498450830155133024447835193360303733205363280877216052517193345640752869488893938069315421498795101087894 0 0 0 0 0 0 0 0 0 0 0 0 0 0 0 0 0 0 0 0 0 0 0 0 0 0 0 0 0 0 0 0 0 0 0 0 0 0 0 0 0 0 0 0 0 0 0 0 0 0 0 0 0 0 0 0 0 0 0 0 0 0 0 0 0 1 0 0 0 0 0 0 0 0 0 0 0 0 0 0 0 0 0 0 0 0 0 0 0 0 0 0 0 0 0 0 0 0 0]
[3899890415736699013326394866437983685168423030186363232831959256945892904090764706821194688359165891498980547777102038454283286983473617879666476652526709563758726438564010017923627940286469975903796925810957600642294837654583699037487315319516967623729581864527572999093417353911884954321171645263336 0 0 0 0 0 0 0 0 0 0 0 0 0 0 0 0 0 0 0 0 0 0 0 0 0 0 0 0 0 0 0 0 0 0 0 0 0 0 0 0 0 0 0 0 0 0 0 0 0 0 0 0 0 0 0 0 0 0 0 0 0 0 0 0 0 0 1 0 0 0 0 0 0 0 0 0 0 0 0 0 0 0 0 0 0 0 0 0 0 0 0 0 0 0 0 0 0 0 0]
[6036128686851908739393328757161668713888861547095557299820997670813915435150161002474005302244235578102025290123744503812378680125821274134017360378604245602874623205650787432040934229059464533815562939122091870929076495474691671752763351566909022339577391781156122124777310088824496576112621438750092 0 0 0 0 0 0 0 0 0 0 0 0 0 0 0 0 0 0 0 0 0 0 0 0 0 0 0 0 0 0 0 0 0 0 0 0 0 0 0 0 0 0 0 0 0 0 0 0 0 0 0 0 0 0 0 0 0 0 0 0 0 0 0 0 0 0 0 1 0 0 0 0 0 0 0 0 0 0 0 0 0 0 0 0 0 0 0 0 0 0 0 0 0 0 0 0 0 0 0]
[3203645426529084440347303650630893625391572697111265525608087827339772379955116914572614373581393900097764193673667125417619638579792548142007278066153411911707129809153304382808027497873883872289116267270130871020553121224680398522040216964994161702553746426208033993461754372795834222113865597036686 0 0 0 0 0 0 0 0 0 0 0 0 0 0 0 0 0 0 0 0 0 0 0 0 0 0 0 0 0 0 0 0 0 0 0 0 0 0 0 0 0 0 0 0 0 0 0 0 0 0 0 0 0 0 0 0 0 0 0 0 0 0 0 0 0 0 0 0 1 0 0 0 0 0 0 0 0 0 0 0 0 0 0 0 0 0 0 0 0 0 0 0 0 0 0 0 0 0 0]
[3134642512645082945044525105285478138200179810986399598739529482105338027397610073111418636418107585356248205924971042826263158024334368049117920275313795455208729142017795330715768998366381882819819143456139613028205465974265132195236170908951332969784398547807847757109588853917886434717907284619090 0 0 0 0 0 0 0 0 0 0 0 0 0 0 0 0 0 0 0 0 0 0 0 0 0 0 0 0 0 0 0 0 0 0 0 0 0 0 0 0 0 0 0 0 0 0 0 0 0 0 0 0 0 0 0 0 0 0 0 0 0 0 0 0 0 0 0 0 0 1 0 0 0 0 0 0 0 0 0 0 0 0 0 0 0 0 0 0 0 0 0 0 0 0 0 0 0 0 0]
[4453394953712033232339422174815501121280202658840416458056129000279589522420328431197090754052854058913882659920208900891940820235923995281769857295140785407183278728377478477793616961518690101806881823158751150706354826227066286612833060874146863526821946180242776930744581316696786971007235818829811 0 0 0 0 0 0 0 0 0 0 0 0 0 0 0 0 0 0 0 0 0 0 0 0 0 0 0 0 0 0 0 0 0 0 0 0 0 0 0 0 0 0 0 0 0 0 0 0 0 0 0 0 0 0 0 0 0 0 0 0 0 0 0 0 0 0 0 0 0 0 1 0 0 0 0 0 0 0 0 0 0 0 0 0 0 0 0 0 0 0 0 0 0 0 0 0 0 0 0]
[4591173423428915691587924731544410150404592191843269659584121456161153195698984090408575861725338624183322093668969006222044175010067419703806043722452856522633533115467443136402575844014646150497828559114635604690395952712290223385626949029402253666165057893567426745335218638255457805403849667395793 0 0 0 0 0 0 0 0 0 0 0 0 0 0 0 0 0 0 0 0 0 0 0 0 0 0 0 0 0 0 0 0 0 0 0 0 0 0 0 0 0 0 0 0 0 0 0 0 0 0 0 0 0 0 0 0 0 0 0 0 0 0 0 0 0 0 0 0 0 0 0 1 0 0 0 0 0 0 0 0 0 0 0 0 0 0 0 0 0 0 0 0 0 0 0 0 0 0 0]
[5513966582407422509824603346682914155239940995886850206887241307276318051992338016953861335431212211846397586389634741835583791064788115683001574548792474830851305909929308074071250079919590263452171221231550866955357571110429341845205152638482372176757841066918988822427446671780823268330790975790416 0 0 0 0 0 0 0 0 0 0 0 0 0 0 0 0 0 0 0 0 0 0 0 0 0 0 0 0 0 0 0 0 0 0 0 0 0 0 0 0 0 0 0 0 0 0 0 0 0 0 0 0 0 0 0 0 0 0 0 0 0 0 0 0 0 0 0 0 0 0 0 0 1 0 0 0 0 0 0 0 0 0 0 0 0 0 0 0 0 0 0 0 0 0 0 0 0 0 0]
[5347988807325999014016787836908201555321089873816074242842813027138809647212569966695558795420007578950437151477053395689179232176937140317943866294012245366931794799019008986320406177382188961167398430028033049435721982007256479328104471427313223878501125182785228559488240301610523535224353702120961 0 0 0 0 0 0 0 0 0 0 0 0 0 0 0 0 0 0 0 0 0 0 0 0 0 0 0 0 0 0 0 0 0 0 0 0 0 0 0 0 0 0 0 0 0 0 0 0 0 0 0 0 0 0 0 0 0 0 0 0 0 0 0 0 0 0 0 0 0 0 0 0 0 1 0 0 0 0 0 0 0 0 0 0 0 0 0 0 0 0 0 0 0 0 0 0 0 0 0]
[4510781237787041386401285245865107441835802629588862004195778800126660287482370586665324258897393171463451264089397826490100594807834353118919691923982179085280584875650750647217479346011782296596550314654752175338913868455626380769479847414247960394600449386200781220842570253541596025410167072212420 0 0 0 0 0 0 0 0 0 0 0 0 0 0 0 0 0 0 0 0 0 0 0 0 0 0 0 0 0 0 0 0 0 0 0 0 0 0 0 0 0 0 0 0 0 0 0 0 0 0 0 0 0 0 0 0 0 0 0 0 0 0 0 0 0 0 0 0 0 0 0 0 0 0 1 0 0 0 0 0 0 0 0 0 0 0 0 0 0 0 0 0 0 0 0 0 0 0 0]
[180600930472954590505717738082826142746790032502346719437579276869846392669901529363138721026914887215119859387118699331197919445127022495842173125174477031475805113084334441232367904329221295774192702292044744600268483443360950473773125465820773243617953092296331985654279957616097292737155117788409 0 0 0 0 0 0 0 0 0 0 0 0 0 0 0 0 0 0 0 0 0 0 0 0 0 0 0 0 0 0 0 0 0 0 0 0 0 0 0 0 0 0 0 0 0 0 0 0 0 0 0 0 0 0 0 0 0 0 0 0 0 0 0 0 0 0 0 0 0 0 0 0 0 0 0 1 0 0 0 0 0 0 0 0 0 0 0 0 0 0 0 0 0 0 0 0 0 0 0]
[3159058411061272116998592516152918374580481647052604139765942229136144637276421766333042662820178674887727632047858217954350057878639845812102700763656787969612708103580531108907217032171650685468582252196422506349806771350183282311241560357479996863875200878999045517887401181308272584202170154891867 0 0 0 0 0 0 0 0 0 0 0 0 0 0 0 0 0 0 0 0 0 0 0 0 0 0 0 0 0 0 0 0 0 0 0 0 0 0 0 0 0 0 0 0 0 0 0 0 0 0 0 0 0 0 0 0 0 0 0 0 0 0 0 0 0 0 0 0 0 0 0 0 0 0 0 0 1 0 0 0 0 0 0 0 0 0 0 0 0 0 0 0 0 0 0 0 0 0 0]
[5673330196489680321588832041051747366638863695115552152457576411923626579103172105700767144941121105673185523992886136137418427215996929396493528772906884696509460731394513221465106044011164307535478098798076405582218628677576578518793673804827758208268146323329803087925946941733794183224804899520446 0 0 0 0 0 0 0 0 0 0 0 0 0 0 0 0 0 0 0 0 0 0 0 0 0 0 0 0 0 0 0 0 0 0 0 0 0 0 0 0 0 0 0 0 0 0 0 0 0 0 0 0 0 0 0 0 0 0 0 0 0 0 0 0 0 0 0 0 0 0 0 0 0 0 0 0 0 1 0 0 0 0 0 0 0 0 0 0 0 0 0 0 0 0 0 0 0 0 0]
[2243304870276402312217254278096045515673300740552562863239361448382404558639254548412784464777676333223516791081407676435485129750783114690016527767680701327056620995907069269401687059478334401049739185246343537290870353641409862785304120967940232789393643867322015813006909031702785878492291407331511 0 0 0 0 0 0 0 0 0 0 0 0 0 0 0 0 0 0 0 0 0 0 0 0 0 0 0 0 0 0 0 0 0 0 0 0 0 0 0 0 0 0 0 0 0 0 0 0 0 0 0 0 0 0 0 0 0 0 0 0 0 0 0 0 0 0 0 0 0 0 0 0 0 0 0 0 0 0 1 0 0 0 0 0 0 0 0 0 0 0 0 0 0 0 0 0 0 0 0]
[1959905467399433182549111164464552370780845307211723914880081609209965965171775783161774555328072768084472118399777199916827127585511740159871077831303706016378558859192567771368075081313770362865449967636047889473350356935547849952546083647938614064644904848133481814740398608623105649822808095085523 0 0 0 0 0 0 0 0 0 0 0 0 0 0 0 0 0 0 0 0 0 0 0 0 0 0 0 0 0 0 0 0 0 0 0 0 0 0 0 0 0 0 0 0 0 0 0 0 0 0 0 0 0 0 0 0 0 0 0 0 0 0 0 0 0 0 0 0 0 0 0 0 0 0 0 0 0 0 0 1 0 0 0 0 0 0 0 0 0 0 0 0 0 0 0 0 0 0 0]
[736780433760543004878103782675556856947865332853358646741432538192021695845308223103254745811392156753419527242339718697564534119905937157597555465451004347728905192357958594328889128270454264005063584790611099506096979733383095590202363592175055197434329692144572942450930194127227935052348488431989 0 0 0 0 0 0 0 0 0 0 0 0 0 0 0 0 0 0 0 0 0 0 0 0 0 0 0 0 0 0 0 0 0 0 0 0 0 0 0 0 0 0 0 0 0 0 0 0 0 0 0 0 0 0 0 0 0 0 0 0 0 0 0 0 0 0 0 0 0 0 0 0 0 0 0 0 0 0 0 0 1 0 0 0 0 0 0 0 0 0 0 0 0 0 0 0 0 0 0]
[1007528040958538777272684121786049234502263616308788362354858563625146462533092422086804166529412750955778222747177001761036471288772204549526555183741116405241575754115201929307481554742452782419475408053427952211249691076329559555649819503213662409075828517877599147054314583595794130822379740765743 0 0 0 0 0 0 0 0 0 0 0 0 0 0 0 0 0 0 0 0 0 0 0 0 0 0 0 0 0 0 0 0 0 0 0 0 0 0 0 0 0 0 0 0 0 0 0 0 0 0 0 0 0 0 0 0 0 0 0 0 0 0 0 0 0 0 0 0 0 0 0 0 0 0 0 0 0 0 0 0 0 1 0 0 0 0 0 0 0 0 0 0 0 0 0 0 0 0 0]
[596725412820807182388675073413992812270922063555156683178688620768876600846361683646419144149377980868732435347626924928969218692396802597210367940949548110877840522330775193143582396904960835504816096728964358805678800082714953343879125850560183682069732420285705849458667876792264880655526075337199 0 0 0 0 0 0 0 0 0 0 0 0 0 0 0 0 0 0 0 0 0 0 0 0 0 0 0 0 0 0 0 0 0 0 0 0 0 0 0 0 0 0 0 0 0 0 0 0 0 0 0 0 0 0 0 0 0 0 0 0 0 0 0 0 0 0 0 0 0 0 0 0 0 0 0 0 0 0 0 0 0 0 1 0 0 0 0 0 0 0 0 0 0 0 0 0 0 0 0]
[2975639565423673543470861028336063814726211505114049657541000023771898359901212856157110548880020023927615354596216174075396884724742996109512248448260659849114255281905622685853246862368188778659780053186285076035849323391793451847719005065738662199638591471996013451923270933132259845091416317740719 0 0 0 0 0 0 0 0 0 0 0 0 0 0 0 0 0 0 0 0 0 0 0 0 0 0 0 0 0 0 0 0 0 0 0 0 0 0 0 0 0 0 0 0 0 0 0 0 0 0 0 0 0 0 0 0 0 0 0 0 0 0 0 0 0 0 0 0 0 0 0 0 0 0 0 0 0 0 0 0 0 0 0 1 0 0 0 0 0 0 0 0 0 0 0 0 0 0 0]
[795129577610031316972682994689141441397723179900155921792113873272482298448762266674099203671449204196881520977508629689999234111139842513506559756456716104854828127738678862359300742754818520814330023040729701205208058845935315302226413330033809338393558933064729387527635262499470006909473210605960 0 0 0 0 0 0 0 0 0 0 0 0 0 0 0 0 0 0 0 0 0 0 0 0 0 0 0 0 0 0 0 0 0 0 0 0 0 0 0 0 0 0 0 0 0 0 0 0 0 0 0 0 0 0 0 0 0 0 0 0 0 0 0 0 0 0 0 0 0 0 0 0 0 0 0 0 0 0 0 0 0 0 0 0 1 0 0 0 0 0 0 0 0 0 0 0 0 0 0]
[4924900504931051222580924704053502083511190618228944858924754753399313986943498156891092959967486608154070802179268896595180412984265135815070065682170146699104634079787458327368174237206090409709961835025474925703940212162210229582933363027867100822088057942234885460250623712558309133490230545569852 0 0 0 0 0 0 0 0 0 0 0 0 0 0 0 0 0 0 0 0 0 0 0 0 0 0 0 0 0 0 0 0 0 0 0 0 0 0 0 0 0 0 0 0 0 0 0 0 0 0 0 0 0 0 0 0 0 0 0 0 0 0 0 0 0 0 0 0 0 0 0 0 0 0 0 0 0 0 0 0 0 0 0 0 0 1 0 0 0 0 0 0 0 0 0 0 0 0 0]
[3939595572698633576407750369017550211648831176992512825756666513444355263000152357883384106074156875185239347429490770800975333961213034402599057721104235329969020941467308612573871137158600446181902398006952783446567514390318985585404145371250242717752487060444169671472446383183389323390757048197083 0 0 0 0 0 0 0 0 0 0 0 0 0 0 0 0 0 0 0 0 0 0 0 0 0 0 0 0 0 0 0 0 0 0 0 0 0 0 0 0 0 0 0 0 0 0 0 0 0 0 0 0 0 0 0 0 0 0 0 0 0 0 0 0 0 0 0 0 0 0 0 0 0 0 0 0 0 0 0 0 0 0 0 0 0 0 1 0 0 0 0 0 0 0 0 0 0 0 0]
[5977751316183609570565363153447615772627973253968822504473210485350748767036563766347977766156531710158778245069009849235835805733354280504150983492916239200912453764369643659786838182508990237669890781470392829915883325261711882985871467347602535909045429848688794054025166957807297583187652686076492 0 0 0 0 0 0 0 0 0 0 0 0 0 0 0 0 0 0 0 0 0 0 0 0 0 0 0 0 0 0 0 0 0 0 0 0 0 0 0 0 0 0 0 0 0 0 0 0 0 0 0 0 0 0 0 0 0 0 0 0 0 0 0 0 0 0 0 0 0 0 0 0 0 0 0 0 0 0 0 0 0 0 0 0 0 0 0 1 0 0 0 0 0 0 0 0 0 0 0]
[4736492992608819320573380647675748970283520563122345823843455853706603346531607884816387069867484890858191342329755579769405110183336347962739153339007181082359023180214367673280642596065705139216614036377763702252412983160344853048775721373216966748412226732921821843032458935641549996609627026403726 0 0 0 0 0 0 0 0 0 0 0 0 0 0 0 0 0 0 0 0 0 0 0 0 0 0 0 0 0 0 0 0 0 0 0 0 0 0 0 0 0 0 0 0 0 0 0 0 0 0 0 0 0 0 0 0 0 0 0 0 0 0 0 0 0 0 0 0 0 0 0 0 0 0 0 0 0 0 0 0 0 0 0 0 0 0 0 0 1 0 0 0 0 0 0 0 0 0 0]
[1594132478388486220309124602203952089645029409834527124890595915272246914318177987536668421858843075917363611942847244375614482429112050453874301029988874777703205259553214093890904422084612248161302443361189212696153283800327369617960216400337670661807911994617048515664318779934594847646950654532773 0 0 0 0 0 0 0 0 0 0 0 0 0 0 0 0 0 0 0 0 0 0 0 0 0 0 0 0 0 0 0 0 0 0 0 0 0 0 0 0 0 0 0 0 0 0 0 0 0 0 0 0 0 0 0 0 0 0 0 0 0 0 0 0 0 0 0 0 0 0 0 0 0 0 0 0 0 0 0 0 0 0 0 0 0 0 0 0 0 1 0 0 0 0 0 0 0 0 0]
[4651952255692448284843834470400985143189446261167228182484479218926428312515059203628026529932588446770039749720186309238757714604714133300937774585016653488922751241949551131817124820431386835936664837257619532875489476698147428507927247740193427231964544331430451734779007127742726007290268439746936 0 0 0 0 0 0 0 0 0 0 0 0 0 0 0 0 0 0 0 0 0 0 0 0 0 0 0 0 0 0 0 0 0 0 0 0 0 0 0 0 0 0 0 0 0 0 0 0 0 0 0 0 0 0 0 0 0 0 0 0 0 0 0 0 0 0 0 0 0 0 0 0 0 0 0 0 0 0 0 0 0 0 0 0 0 0 0 0 0 0 1 0 0 0 0 0 0 0 0]
[2035026453666373152199813222825325260699725688741523925863938368096584952524590075426735966322050300673203849325656663574912712951054426760672220713827964674514833327014408568834935239426507979069306514963123563417227544603149947836087466891388712489040207946957649792019601997001788611194206617442694 0 0 0 0 0 0 0 0 0 0 0 0 0 0 0 0 0 0 0 0 0 0 0 0 0 0 0 0 0 0 0 0 0 0 0 0 0 0 0 0 0 0 0 0 0 0 0 0 0 0 0 0 0 0 0 0 0 0 0 0 0 0 0 0 0 0 0 0 0 0 0 0 0 0 0 0 0 0 0 0 0 0 0 0 0 0 0 0 0 0 0 1 0 0 0 0 0 0 0]
[303047743811209722325140821416694435845652198728084625491384594780960046028019678869611893444846016697956469622631275570274650843698317554946316180957620066592125757984547013691420948563718857244689113293041991109819613972729074724043973661617736093577851336127574598997215099955814442358824065441742 0 0 0 0 0 0 0 0 0 0 0 0 0 0 0 0 0 0 0 0 0 0 0 0 0 0 0 0 0 0 0 0 0 0 0 0 0 0 0 0 0 0 0 0 0 0 0 0 0 0 0 0 0 0 0 0 0 0 0 0 0 0 0 0 0 0 0 0 0 0 0 0 0 0 0 0 0 0 0 0 0 0 0 0 0 0 0 0 0 0 0 0 1 0 0 0 0 0 0]
[1056339012457563573572804224301527524504268816620110274583575997740824885150296534201042945549743576876543584515954576137234799717581437860536652903219306635802295139668215274013507550694108603813976724413333044237924816636065180170753709665132378196266903061372309841231463484467822170418895061105054 0 0 0 0 0 0 0 0 0 0 0 0 0 0 0 0 0 0 0 0 0 0 0 0 0 0 0 0 0 0 0 0 0 0 0 0 0 0 0 0 0 0 0 0 0 0 0 0 0 0 0 0 0 0 0 0 0 0 0 0 0 0 0 0 0 0 0 0 0 0 0 0 0 0 0 0 0 0 0 0 0 0 0 0 0 0 0 0 0 0 0 0 0 1 0 0 0 0 0]
[1186744049013977856276720114407317584946616392621795659611254298512475589638960063107291223686957121186217270931231070460329519641985322711910778804394125758273666327430622550805924196179284117348217993967335306112149675648336397671804398184083749863285753551226181578807196674943563538331231056329508 0 0 0 0 0 0 0 0 0 0 0 0 0 0 0 0 0 0 0 0 0 0 0 0 0 0 0 0 0 0 0 0 0 0 0 0 0 0 0 0 0 0 0 0 0 0 0 0 0 0 0 0 0 0 0 0 0 0 0 0 0 0 0 0 0 0 0 0 0 0 0 0 0 0 0 0 0 0 0 0 0 0 0 0 0 0 0 0 0 0 0 0 0 0 1 0 0 0 0]
[4321801647648651793720283715229882097783305317254152335467688807993298121313662096773222188971107144584301792916705533490500386128263618846527557437737955872850450029890376276809505213450965695272363120915294145824994022276658323152570002670344516654320088448522676810690845735235826822141616721134089 0 0 0 0 0 0 0 0 0 0 0 0 0 0 0 0 0 0 0 0 0 0 0 0 0 0 0 0 0 0 0 0 0 0 0 0 0 0 0 0 0 0 0 0 0 0 0 0 0 0 0 0 0 0 0 0 0 0 0 0 0 0 0 0 0 0 0 0 0 0 0 0 0 0 0 0 0 0 0 0 0 0 0 0 0 0 0 0 0 0 0 0 0 0 0 1 0 0 0]
[5945458932091448632217343295498889128538000878554351729895214492759535590996897556107385234591878495537904675135273044092115733369237598691956908700316270241882702459122581894856448092692229972263769932690618153792984325727299949513140386524546245971189178543922330596134264472868718855944022261368373 0 0 0 0 0 0 0 0 0 0 0 0 0 0 0 0 0 0 0 0 0 0 0 0 0 0 0 0 0 0 0 0 0 0 0 0 0 0 0 0 0 0 0 0 0 0 0 0 0 0 0 0 0 0 0 0 0 0 0 0 0 0 0 0 0 0 0 0 0 0 0 0 0 0 0 0 0 0 0 0 0 0 0 0 0 0 0 0 0 0 0 0 0 0 0 0 1 0 0]
[3562080818044420940492142111590573003135754243031447342233741612537410386939021461627415772426662469384410815608885337380299984716281706207843922474506828375137766238520154210209344085214804934893372761193391562584560006514270890034329839508230204725608743342837591881300021232869646263760184329398976 0 0 0 0 0 0 0 0 0 0 0 0 0 0 0 0 0 0 0 0 0 0 0 0 0 0 0 0 0 0 0 0 0 0 0 0 0 0 0 0 0 0 0 0 0 0 0 0 0 0 0 0 0 0 0 0 0 0 0 0 0 0 0 0 0 0 0 0 0 0 0 0 0 0 0 0 0 0 0 0 0 0 0 0 0 0 0 0 0 0 0 0 0 0 0 0 0 1 0]
[3392317905458844149469619012551661557919982454215553153495769352910310148656972761321656157753233408943236291030839627259397224996027910102504806947135485669474624858956369360576420851352040741743502545820080802687380021060462350751250971562203421127356718609585542418707443847606568558518808409633992 0 0 0 0 0 0 0 0 0 0 0 0 0 0 0 0 0 0 0 0 0 0 0 0 0 0 0 0 0 0 0 0 0 0 0 0 0 0 0 0 0 0 0 0 0 0 0 0 0 0 0 0 0 0 0 0 0 0 0 0 0 0 0 0 0 0 0 0 0 0 0 0 0 0 0 0 0 0 0 0 0 0 0 0 0 0 0 0 0 0 0 0 0 0 0 0 0 0 1]
]
