[[4537582827233837806308385395120317815988320037026045817786214578095441169322481910859786085993799619090399941152616137287026733951590808204524322115378221401160837021532319356496374656802454009958317160433350923051437000712459329184034073811 0 0 0 0 0 0 0 0 0 0 0 0 0 0 0 0 0 0 0 0 0 0 0 0 0 0 0 0 0 0 0 0 0 0 0 0 0 0 0 0 0 0 0 0 0 0 0 0 0 0 0 0 0 0 0 0 0 0 0 0 0 0 0 0 0 0 0 0 0 0 0 0 0 0 0 0 0 0 0]
[3216071060557901782903384831273928814081510274586806653795966921311017955865997108535910009450489048921716935513571641353884098896814736658236557005127293587157297068226316736318615180793725893330113850753515148025394765268405713521879750696 1 0 0 0 0 0 0 0 0 0 0 0 0 0 0 0 0 0 0 0 0 0 0 0 0 0 0 0 0 0 0 0 0 0 0 0 0 0 0 0 0 0 0 0 0 0 0 0 0 0 0 0 0 0 0 0 0 0 0 0 0 0 0 0 0 0 0 0 0 0 0 0 0 0 0 0 0 0 0]
[4089431449599838441990687633851442485310329578651379299720293063905341948857642280749802848534364229649197701735081786822237631153906850527097790483381197391551057093542102466992616186990110797391833821567321747508913193230869101132207437450 0 1 0 0 0 0 0 0 0 0 0 0 0 0 0 0 0 0 0 0 0 0 0 0 0 0 0 0 0 0 0 0 0 0 0 0 0 0 0 0 0 0 0 0 0 0 0 0 0 0 0 0 0 0 0 0 0 0 0 0 0 0 0 0 0 0 0 0 0 0 0 0 0 0 0 0 0 0 0]
[1827454485626643288460221056625750859614102200313608530404573217772151491531738999812257341136808817680690680314291633784383885419042022507756977659956037002474030487236380277492428531386284726872356950354287695794313170017568084747371199698 0 0 1 0 0 0 0 0 0 0 0 0 0 0 0 0 0 0 0 0 0 0 0 0 0 0 0 0 0 0 0 0 0 0 0 0 0 0 0 0 0 0 0 0 0 0 0 0 0 0 0 0 0 0 0 0 0 0 0 0 0 0 0 0 0 0 0 0 0 0 0 0 0 0 0 0 0 0 0]
[3354292345005757095048701992423450206017483620731870156470336725679477962576096282423574582910417092140268571965451448602253163501155100679986709658389044494760698077874237643067577361458552037698028460860703773288083582593923981779763562991 0 0 0 1 0 0 0 0 0 0 0 0 0 0 0 0 0 0 0 0 0 0 0 0 0 0 0 0 0 0 0 0 0 0 0 0 0 0 0 0 0 0 0 0 0 0 0 0 0 0 0 0 0 0 0 0 0 0 0 0 0 0 0 0 0 0 0 0 0 0 0 0 0 0 0 0 0 0 0]
[1226269706818986945944035383995311242922436416873499036512802129363442985602517821623867456411805285044291402687099282605060798808539441178653306563090948809878554401354233624175105258741110381886293908045365444832795961840398896157742528648 0 0 0 0 1 0 0 0 0 0 0 0 0 0 0 0 0 0 0 0 0 0 0 0 0 0 0 0 0 0 0 0 0 0 0 0 0 0 0 0 0 0 0 0 0 0 0 0 0 0 0 0 0 0 0 0 0 0 0 0 0 0 0 0 0 0 0 0 0 0 0 0 0 0 0 0 0 0 0]
[3230397798746693192804312621834078244276028275705264635537477997397337357413316479361317835568078454574525893606907144277075082445597500503001718750904749654206506131561751816112668457884822264214580254378835651386325943456505970289329573523 0 0 0 0 0 1 0 0 0 0 0 0 0 0 0 0 0 0 0 0 0 0 0 0 0 0 0 0 0 0 0 0 0 0 0 0 0 0 0 0 0 0 0 0 0 0 0 0 0 0 0 0 0 0 0 0 0 0 0 0 0 0 0 0 0 0 0 0 0 0 0 0 0 0 0 0 0 0 0]
[1704286693108190104865799495863277677148967629271809468814739068157373945378371898334320890011527259348410776025320886333741017850845169036059856209430103834492635994704068154203623675103306602342328532556445050865750482692023757433321969821 0 0 0 0 0 0 1 0 0 0 0 0 0 0 0 0 0 0 0 0 0 0 0 0 0 0 0 0 0 0 0 0 0 0 0 0 0 0 0 0 0 0 0 0 0 0 0 0 0 0 0 0 0 0 0 0 0 0 0 0 0 0 0 0 0 0 0 0 0 0 0 0 0 0 0 0 0 0 0]
[981962185849961526158627572323635398306083017303823787364650029217818547285955143766338160459300112724834267260114638090908695641998262857088514239702668904561945329013634135855072529693357224624143746201427839348022075744638484070632208067 0 0 0 0 0 0 0 1 0 0 0 0 0 0 0 0 0 0 0 0 0 0 0 0 0 0 0 0 0 0 0 0 0 0 0 0 0 0 0 0 0 0 0 0 0 0 0 0 0 0 0 0 0 0 0 0 0 0 0 0 0 0 0 0 0 0 0 0 0 0 0 0 0 0 0 0 0 0 0]
[4134560836978731664891561887269262740426858764410396576785144951981040935794451092134756987023286127677742676015067959863649558167429911049987190291482388245537195928113297078702008345932655552462178678863917910469573985446767532504975284483 0 0 0 0 0 0 0 0 1 0 0 0 0 0 0 0 0 0 0 0 0 0 0 0 0 0 0 0 0 0 0 0 0 0 0 0 0 0 0 0 0 0 0 0 0 0 0 0 0 0 0 0 0 0 0 0 0 0 0 0 0 0 0 0 0 0 0 0 0 0 0 0 0 0 0 0 0 0 0]
[2722765786627587673233015873557417257822720346137209235879380423125921920060495299196739788641032984901035967023271363645662001730630191377553105911020456432002821365630364199960392311345190592998013790780193058104302510662600550982958225349 0 0 0 0 0 0 0 0 0 1 0 0 0 0 0 0 0 0 0 0 0 0 0 0 0 0 0 0 0 0 0 0 0 0 0 0 0 0 0 0 0 0 0 0 0 0 0 0 0 0 0 0 0 0 0 0 0 0 0 0 0 0 0 0 0 0 0 0 0 0 0 0 0 0 0 0 0 0 0]
[661937768581985221520017155109498453006437679493718328041663223018540068788545193992893655843575961898440810642316072324511133211118406133645176788381074362319982216775992142101494187012256746495599993596508932373855026578605792971915995548 0 0 0 0 0 0 0 0 0 0 1 0 0 0 0 0 0 0 0 0 0 0 0 0 0 0 0 0 0 0 0 0 0 0 0 0 0 0 0 0 0 0 0 0 0 0 0 0 0 0 0 0 0 0 0 0 0 0 0 0 0 0 0 0 0 0 0 0 0 0 0 0 0 0 0 0 0 0 0]
[4178631651626447592925596616915929346601870654720587329488137492436800369063022571358412851441243235944155715110886669969804793647549894967073739176042603710751136277106277351777471457537230717675192510659468409225610063158558149318194085830 0 0 0 0 0 0 0 0 0 0 0 1 0 0 0 0 0 0 0 0 0 0 0 0 0 0 0 0 0 0 0 0 0 0 0 0 0 0 0 0 0 0 0 0 0 0 0 0 0 0 0 0 0 0 0 0 0 0 0 0 0 0 0 0 0 0 0 0 0 0 0 0 0 0 0 0 0 0 0]
[991521965279869762437848227722261853059376655783148568714723739590701493004622703707976076236798147528443708942226637266801740144481264731163372614214622725319172979150284619857304125168567953482711854662642310639434045010361267205253106286 0 0 0 0 0 0 0 0 0 0 0 0 1 0 0 0 0 0 0 0 0 0 0 0 0 0 0 0 0 0 0 0 0 0 0 0 0 0 0 0 0 0 0 0 0 0 0 0 0 0 0 0 0 0 0 0 0 0 0 0 0 0 0 0 0 0 0 0 0 0 0 0 0 0 0 0 0 0 0]
[659361019659591011960878033071150557977328046731760411004083451643080978344865226942660729297439547641874423393527624409897512399816604339213431678916328450891429053930375202026993617163618984815590196151847100184835627623954058165739626894 0 0 0 0 0 0 0 0 0 0 0 0 0 1 0 0 0 0 0 0 0 0 0 0 0 0 0 0 0 0 0 0 0 0 0 0 0 0 0 0 0 0 0 0 0 0 0 0 0 0 0 0 0 0 0 0 0 0 0 0 0 0 0 0 0 0 0 0 0 0 0 0 0 0 0 0 0 0 0]
[2694990441394122002791336159476931361542167289389406137299627610632049558903837851831363204092621259019937661929153549871411258939199818107485008936170035907182810433795884324943252077060883332958420130767028450327856253737852720421438919530 0 0 0 0 0 0 0 0 0 0 0 0 0 0 1 0 0 0 0 0 0 0 0 0 0 0 0 0 0 0 0 0 0 0 0 0 0 0 0 0 0 0 0 0 0 0 0 0 0 0 0 0 0 0 0 0 0 0 0 0 0 0 0 0 0 0 0 0 0 0 0 0 0 0 0 0 0 0 0]
[4414501391749324376949260273916416312446729678163830381890892447260845392037270055222857589239904979312875983887641370903105421657441197207649767453399097565409506227615181441750495338345290985107295071644736007435999101749039059729252628666 0 0 0 0 0 0 0 0 0 0 0 0 0 0 0 1 0 0 0 0 0 0 0 0 0 0 0 0 0 0 0 0 0 0 0 0 0 0 0 0 0 0 0 0 0 0 0 0 0 0 0 0 0 0 0 0 0 0 0 0 0 0 0 0 0 0 0 0 0 0 0 0 0 0 0 0 0 0 0]
[2027646042453413125444379135457617754064500130418990210789722647064992895434447391688951135983856790009805784530795564371376900342034206113617169855649787140286459386900510348584857473893985604374786593507517116652899025001111091044906988938 0 0 0 0 0 0 0 0 0 0 0 0 0 0 0 0 1 0 0 0 0 0 0 0 0 0 0 0 0 0 0 0 0 0 0 0 0 0 0 0 0 0 0 0 0 0 0 0 0 0 0 0 0 0 0 0 0 0 0 0 0 0 0 0 0 0 0 0 0 0 0 0 0 0 0 0 0 0 0]
[4183119274123934114977687695808783933725663119550066262533017941080242912212878613860976882312903820734269617827807724501079134441873236303862791781974284042568571023713774381837282625631374030998071940137996015593533821292722979977593426862 0 0 0 0 0 0 0 0 0 0 0 0 0 0 0 0 0 1 0 0 0 0 0 0 0 0 0 0 0 0 0 0 0 0 0 0 0 0 0 0 0 0 0 0 0 0 0 0 0 0 0 0 0 0 0 0 0 0 0 0 0 0 0 0 0 0 0 0 0 0 0 0 0 0 0 0 0 0 0]
[3219507708775578221148140248760377396366898247588953098647052662965336554989178242791954692316855707848455861009851605389491220151690255785542080179430752200484217468305076057830184436979848337303207827724057037141149096942465848508224177119 0 0 0 0 0 0 0 0 0 0 0 0 0 0 0 0 0 0 1 0 0 0 0 0 0 0 0 0 0 0 0 0 0 0 0 0 0 0 0 0 0 0 0 0 0 0 0 0 0 0 0 0 0 0 0 0 0 0 0 0 0 0 0 0 0 0 0 0 0 0 0 0 0 0 0 0 0 0 0]
[2900404840810267754479020569633461560844757302141457209867455872682487152074988012781366139065064139192438312184478253613237058530844481301308570914048427707541964642959315781673434761261959334680351747490629578622835430585432872439246165389 0 0 0 0 0 0 0 0 0 0 0 0 0 0 0 0 0 0 0 1 0 0 0 0 0 0 0 0 0 0 0 0 0 0 0 0 0 0 0 0 0 0 0 0 0 0 0 0 0 0 0 0 0 0 0 0 0 0 0 0 0 0 0 0 0 0 0 0 0 0 0 0 0 0 0 0 0 0 0]
[785927617339959497829572861469516150577552620766060951655659501340992491441780129835986045391408119994348044300575872023948042476474348486423854792100428525451693042873606175823946938175736294358012038300033397845573686232660697405578326541 0 0 0 0 0 0 0 0 0 0 0 0 0 0 0 0 0 0 0 0 1 0 0 0 0 0 0 0 0 0 0 0 0 0 0 0 0 0 0 0 0 0 0 0 0 0 0 0 0 0 0 0 0 0 0 0 0 0 0 0 0 0 0 0 0 0 0 0 0 0 0 0 0 0 0 0 0 0 0]
[4042820606657669905510974880981148762493825771756973431614589216800993685011840849625897454621405165530132644393465871350836008411946203109904776059332630700508891244810001233467967193035161899792123056424692943302755920110051229713070643626 0 0 0 0 0 0 0 0 0 0 0 0 0 0 0 0 0 0 0 0 0 1 0 0 0 0 0 0 0 0 0 0 0 0 0 0 0 0 0 0 0 0 0 0 0 0 0 0 0 0 0 0 0 0 0 0 0 0 0 0 0 0 0 0 0 0 0 0 0 0 0 0 0 0 0 0 0 0 0]
[1504890149723699264464915710060201041457375544725796004748967795474423411804777167909626454129363049277836056203498118278687270214415413429828020545774622112013117620369345107868152537431659813320952681200110241388985623419359474771284525586 0 0 0 0 0 0 0 0 0 0 0 0 0 0 0 0 0 0 0 0 0 0 1 0 0 0 0 0 0 0 0 0 0 0 0 0 0 0 0 0 0 0 0 0 0 0 0 0 0 0 0 0 0 0 0 0 0 0 0 0 0 0 0 0 0 0 0 0 0 0 0 0 0 0 0 0 0 0 0]
[285557296742875673880991434775031247044670930940151347709937161262400460274087962468861831550490379713669785982886409165297449424462106120993305484334790154759429603695161460911034349860055264967442449783698326983377565168605302110832648642 0 0 0 0 0 0 0 0 0 0 0 0 0 0 0 0 0 0 0 0 0 0 0 1 0 0 0 0 0 0 0 0 0 0 0 0 0 0 0 0 0 0 0 0 0 0 0 0 0 0 0 0 0 0 0 0 0 0 0 0 0 0 0 0 0 0 0 0 0 0 0 0 0 0 0 0 0 0 0]
[1037893432279574359880804081274714058146935738985077714081377644562813613488001986703816714566142710273207927667379719997154068662623296585210479678782843457538747161289462119394923914098815426005934704429517227051068912384990330075950764282 0 0 0 0 0 0 0 0 0 0 0 0 0 0 0 0 0 0 0 0 0 0 0 0 1 0 0 0 0 0 0 0 0 0 0 0 0 0 0 0 0 0 0 0 0 0 0 0 0 0 0 0 0 0 0 0 0 0 0 0 0 0 0 0 0 0 0 0 0 0 0 0 0 0 0 0 0 0 0]
[4342976503985407135360863769211962298898922916208371702991058652658528745234375799668823556998622930055644129262430591561163355127246070809413940686483710280204591699655788001096563352852116697172708860149973518503040231315057050528564757971 0 0 0 0 0 0 0 0 0 0 0 0 0 0 0 0 0 0 0 0 0 0 0 0 0 1 0 0 0 0 0 0 0 0 0 0 0 0 0 0 0 0 0 0 0 0 0 0 0 0 0 0 0 0 0 0 0 0 0 0 0 0 0 0 0 0 0 0 0 0 0 0 0 0 0 0 0 0 0]
[815701087210025746816585363298195939116918672858564449929532409148580882605018528477491442672207290504347070695805546447675740467851066630024975914638834436228280250594468623499586454777128249149070352692921987794775634380247481987598593592 0 0 0 0 0 0 0 0 0 0 0 0 0 0 0 0 0 0 0 0 0 0 0 0 0 0 1 0 0 0 0 0 0 0 0 0 0 0 0 0 0 0 0 0 0 0 0 0 0 0 0 0 0 0 0 0 0 0 0 0 0 0 0 0 0 0 0 0 0 0 0 0 0 0 0 0 0 0 0]
[1875284975880347036845397996921768974182012619660051884743439875838683948501473682931022256855650119622281604173921962550731338635471959477801434664777303734124155023175046128848582492019084231610262081289517421331921377109453924287798016766 0 0 0 0 0 0 0 0 0 0 0 0 0 0 0 0 0 0 0 0 0 0 0 0 0 0 0 1 0 0 0 0 0 0 0 0 0 0 0 0 0 0 0 0 0 0 0 0 0 0 0 0 0 0 0 0 0 0 0 0 0 0 0 0 0 0 0 0 0 0 0 0 0 0 0 0 0 0 0]
[2955123261437635317931982338200917769570116491060271083388681949298663761090302963434102229357855959035447346380441778632784367824518280083083876862201976016716740161204563464121538434305795154596448491713222323343876225374694310767414424714 0 0 0 0 0 0 0 0 0 0 0 0 0 0 0 0 0 0 0 0 0 0 0 0 0 0 0 0 1 0 0 0 0 0 0 0 0 0 0 0 0 0 0 0 0 0 0 0 0 0 0 0 0 0 0 0 0 0 0 0 0 0 0 0 0 0 0 0 0 0 0 0 0 0 0 0 0 0 0]
[4306223881948326745058003731040546586891868803634410047376311117540865004163683421014733492817544683768761637741511780081768520981858742846605717656784796547911908946647006651117609610570362142078387227275179781701339064997403655890902409534 0 0 0 0 0 0 0 0 0 0 0 0 0 0 0 0 0 0 0 0 0 0 0 0 0 0 0 0 0 1 0 0 0 0 0 0 0 0 0 0 0 0 0 0 0 0 0 0 0 0 0 0 0 0 0 0 0 0 0 0 0 0 0 0 0 0 0 0 0 0 0 0 0 0 0 0 0 0 0]
[3705416373527193104572376131683097331284205815384394011159623189022836284037803671644815602020731568311594912529285652111664079798843885752876440373708495779868780135248424293983143943970128599750995226212396005232918825326522088616483021817 0 0 0 0 0 0 0 0 0 0 0 0 0 0 0 0 0 0 0 0 0 0 0 0 0 0 0 0 0 0 1 0 0 0 0 0 0 0 0 0 0 0 0 0 0 0 0 0 0 0 0 0 0 0 0 0 0 0 0 0 0 0 0 0 0 0 0 0 0 0 0 0 0 0 0 0 0 0 0]
[1750747987198102365084037552609764871242984834219164908489279488535978583848850809158794970477199992535900997738206672397912758372927044977222734544299841826011528628566004701590665656195480687175294468164823431300242240792417458955630809769 0 0 0 0 0 0 0 0 0 0 0 0 0 0 0 0 0 0 0 0 0 0 0 0 0 0 0 0 0 0 0 1 0 0 0 0 0 0 0 0 0 0 0 0 0 0 0 0 0 0 0 0 0 0 0 0 0 0 0 0 0 0 0 0 0 0 0 0 0 0 0 0 0 0 0 0 0 0 0]
[4452550004700220354163305577814045965332398803926688915346027320377336876983288648317523965335488289407523808035121218732322278068861674562912271647747382815470117145072908116155858641866390548867867837408266390249572748282209752039215043729 0 0 0 0 0 0 0 0 0 0 0 0 0 0 0 0 0 0 0 0 0 0 0 0 0 0 0 0 0 0 0 0 1 0 0 0 0 0 0 0 0 0 0 0 0 0 0 0 0 0 0 0 0 0 0 0 0 0 0 0 0 0 0 0 0 0 0 0 0 0 0 0 0 0 0 0 0 0 0]
[2174155455154148351397509135073886321504966587209845743915169772004867977167531895864612248065384009752002411733143206165754429069101528410593029259677636961816057908086477004612667095245268139861605956187633290911106666459965981488341784284 0 0 0 0 0 0 0 0 0 0 0 0 0 0 0 0 0 0 0 0 0 0 0 0 0 0 0 0 0 0 0 0 0 1 0 0 0 0 0 0 0 0 0 0 0 0 0 0 0 0 0 0 0 0 0 0 0 0 0 0 0 0 0 0 0 0 0 0 0 0 0 0 0 0 0 0 0 0 0]
[3482147980048686102178412856645235308423730864270997965045948500660686834578462616004406988974228774766404908515367164619854345158629592618547732304943925884925585382505102363033788326478351151463072382025325879270621234140187827513554355474 0 0 0 0 0 0 0 0 0 0 0 0 0 0 0 0 0 0 0 0 0 0 0 0 0 0 0 0 0 0 0 0 0 0 1 0 0 0 0 0 0 0 0 0 0 0 0 0 0 0 0 0 0 0 0 0 0 0 0 0 0 0 0 0 0 0 0 0 0 0 0 0 0 0 0 0 0 0 0]
[24590509788859344217461684213847688496887866701526471153148025838799594684617613557191159574070992699196406871907005900237705090455820592689166165305692743889443077134935143659893961769843416413811927360450207106368613972461545661680021396 0 0 0 0 0 0 0 0 0 0 0 0 0 0 0 0 0 0 0 0 0 0 0 0 0 0 0 0 0 0 0 0 0 0 0 1 0 0 0 0 0 0 0 0 0 0 0 0 0 0 0 0 0 0 0 0 0 0 0 0 0 0 0 0 0 0 0 0 0 0 0 0 0 0 0 0 0 0 0]
[2581672837268641487515235581132221437753766434882698043309733170689157613810542132949986045495058062017361118173532291897188746668230128706381794319372647574255716584668090928342993139191483222294173497413042782489636455853508769685436709887 0 0 0 0 0 0 0 0 0 0 0 0 0 0 0 0 0 0 0 0 0 0 0 0 0 0 0 0 0 0 0 0 0 0 0 0 1 0 0 0 0 0 0 0 0 0 0 0 0 0 0 0 0 0 0 0 0 0 0 0 0 0 0 0 0 0 0 0 0 0 0 0 0 0 0 0 0 0 0]
[1166927130928151512959474539150754261995565976639391846496932391225551008202126918240140094024844549562580124839763035901389499689476175298402997179691190133184301247471719273107504535855159397270160754548069696788620712494850013350450543103 0 0 0 0 0 0 0 0 0 0 0 0 0 0 0 0 0 0 0 0 0 0 0 0 0 0 0 0 0 0 0 0 0 0 0 0 0 1 0 0 0 0 0 0 0 0 0 0 0 0 0 0 0 0 0 0 0 0 0 0 0 0 0 0 0 0 0 0 0 0 0 0 0 0 0 0 0 0 0]
[1155474954547549436515288439176800736655662498541912367394853092227607143777814379516477987362533841808778265548456309180103557358623267935957901847660669500334971466891542394027198610462099653145602689200099025512163100403910047155860248643 0 0 0 0 0 0 0 0 0 0 0 0 0 0 0 0 0 0 0 0 0 0 0 0 0 0 0 0 0 0 0 0 0 0 0 0 0 0 1 0 0 0 0 0 0 0 0 0 0 0 0 0 0 0 0 0 0 0 0 0 0 0 0 0 0 0 0 0 0 0 0 0 0 0 0 0 0 0 0]
[2549790792641432784443836445957708128239752675479380652885318487593685544956877515458174031898476342166489339325369922723035936085837383029795851539224765900621649142627854203851997551856568624321561421539300590851892519737996959335245057224 0 0 0 0 0 0 0 0 0 0 0 0 0 0 0 0 0 0 0 0 0 0 0 0 0 0 0 0 0 0 0 0 0 0 0 0 0 0 0 1 0 0 0 0 0 0 0 0 0 0 0 0 0 0 0 0 0 0 0 0 0 0 0 0 0 0 0 0 0 0 0 0 0 0 0 0 0 0 0]
[941761344983879637274583842030773067966058704510613385901902573617441525984214668402180262670477316120931787271850308409913746430379495162357003212586395755379380983494784266771713403392884902577506727348249006968106775841636096760727062492 0 0 0 0 0 0 0 0 0 0 0 0 0 0 0 0 0 0 0 0 0 0 0 0 0 0 0 0 0 0 0 0 0 0 0 0 0 0 0 0 1 0 0 0 0 0 0 0 0 0 0 0 0 0 0 0 0 0 0 0 0 0 0 0 0 0 0 0 0 0 0 0 0 0 0 0 0 0 0]
[3587425493520920512904662820787918236794257546906591315905954123563288153162796243041674961463381557920209843493397291962208367383021251102996014719544231511608720181823864414752246509901539027876780089780883990269065944259285669716570482095 0 0 0 0 0 0 0 0 0 0 0 0 0 0 0 0 0 0 0 0 0 0 0 0 0 0 0 0 0 0 0 0 0 0 0 0 0 0 0 0 0 1 0 0 0 0 0 0 0 0 0 0 0 0 0 0 0 0 0 0 0 0 0 0 0 0 0 0 0 0 0 0 0 0 0 0 0 0 0]
[553494146754366017526314795811806905094015053587078603698771869870875577660031366498465764982562087625066701396238433121043651717943119637992259864281244167547200110390146922430236379620464702353824310914468567703186949954807919182662562620 0 0 0 0 0 0 0 0 0 0 0 0 0 0 0 0 0 0 0 0 0 0 0 0 0 0 0 0 0 0 0 0 0 0 0 0 0 0 0 0 0 0 1 0 0 0 0 0 0 0 0 0 0 0 0 0 0 0 0 0 0 0 0 0 0 0 0 0 0 0 0 0 0 0 0 0 0 0 0]
[807874246321655171211929116378809987774791043662324367773522495608961378418859804248778758625175219098924355027696496254890200949124411581076956850783385191338366963028256688469592321174510193494195299401187780826458383402974539626410506107 0 0 0 0 0 0 0 0 0 0 0 0 0 0 0 0 0 0 0 0 0 0 0 0 0 0 0 0 0 0 0 0 0 0 0 0 0 0 0 0 0 0 0 1 0 0 0 0 0 0 0 0 0 0 0 0 0 0 0 0 0 0 0 0 0 0 0 0 0 0 0 0 0 0 0 0 0 0 0]
[1684403141363045526391760073762684650982642441524060064481036819870402685674551747211868491117761268739744451181992060911695621125237376765920930303695254299518379699814200289235862760162929059457474369736102023578893340393432568317053784605 0 0 0 0 0 0 0 0 0 0 0 0 0 0 0 0 0 0 0 0 0 0 0 0 0 0 0 0 0 0 0 0 0 0 0 0 0 0 0 0 0 0 0 0 1 0 0 0 0 0 0 0 0 0 0 0 0 0 0 0 0 0 0 0 0 0 0 0 0 0 0 0 0 0 0 0 0 0 0]
[3673626055834993538343877508712330436591595376485222169343966166755445542077384467326727571450642379020932289788790615051605616878679802446970368152847771249587987358205548033121817378559955397554738577418369378593771391073204182200164632475 0 0 0 0 0 0 0 0 0 0 0 0 0 0 0 0 0 0 0 0 0 0 0 0 0 0 0 0 0 0 0 0 0 0 0 0 0 0 0 0 0 0 0 0 0 1 0 0 0 0 0 0 0 0 0 0 0 0 0 0 0 0 0 0 0 0 0 0 0 0 0 0 0 0 0 0 0 0 0]
[3465889840853001009896991874448832749924304721849854700550444535048390466317715993517340440568005136631314684808698274686396028725967586104245550713631214712077399697122489466032754946916822789752595627832274662167545439154042835619317528658 0 0 0 0 0 0 0 0 0 0 0 0 0 0 0 0 0 0 0 0 0 0 0 0 0 0 0 0 0 0 0 0 0 0 0 0 0 0 0 0 0 0 0 0 0 0 1 0 0 0 0 0 0 0 0 0 0 0 0 0 0 0 0 0 0 0 0 0 0 0 0 0 0 0 0 0 0 0 0]
[1954214183849502793021049679457262456244470955599673260365642856167770105344301718197878794703326311519855347763676448718142509892501585205415628675618219486173904168614235313332247477984375832315860059824119747376228708481243349223424337766 0 0 0 0 0 0 0 0 0 0 0 0 0 0 0 0 0 0 0 0 0 0 0 0 0 0 0 0 0 0 0 0 0 0 0 0 0 0 0 0 0 0 0 0 0 0 0 1 0 0 0 0 0 0 0 0 0 0 0 0 0 0 0 0 0 0 0 0 0 0 0 0 0 0 0 0 0 0 0]
[1658394061161348129873766504263198430268707261543705310185719054391036788641343849626349756414500436665435639542855671261682969583401495671016388562942361037297793934860112880979151709825269774798196792499463699723257013318568212194771096932 0 0 0 0 0 0 0 0 0 0 0 0 0 0 0 0 0 0 0 0 0 0 0 0 0 0 0 0 0 0 0 0 0 0 0 0 0 0 0 0 0 0 0 0 0 0 0 0 1 0 0 0 0 0 0 0 0 0 0 0 0 0 0 0 0 0 0 0 0 0 0 0 0 0 0 0 0 0 0]
[60973421764856809796223163317742312183947817141379127632096331589676863805972569295636755152512177839461989194359994806888523981704580438855722834772678085690342945803698781331037614109432667418184508846464737094401137959153879689753396194 0 0 0 0 0 0 0 0 0 0 0 0 0 0 0 0 0 0 0 0 0 0 0 0 0 0 0 0 0 0 0 0 0 0 0 0 0 0 0 0 0 0 0 0 0 0 0 0 0 1 0 0 0 0 0 0 0 0 0 0 0 0 0 0 0 0 0 0 0 0 0 0 0 0 0 0 0 0 0]
[546621493127642564089099955653694949447424082262918707121195132406235345789677365115950875064571011295078532556087686292132277055079030528723366013129588050170135787551548154692591704805091534558361707968498330670221329187296170048536918300 0 0 0 0 0 0 0 0 0 0 0 0 0 0 0 0 0 0 0 0 0 0 0 0 0 0 0 0 0 0 0 0 0 0 0 0 0 0 0 0 0 0 0 0 0 0 0 0 0 0 1 0 0 0 0 0 0 0 0 0 0 0 0 0 0 0 0 0 0 0 0 0 0 0 0 0 0 0 0]
[3082119856744850819924955689271173140791797099919282007162178425237853666048417919687037024402951544077803993566168228509915454840553743464834306648134768307753834635884373891265210541052887637402912777765843794510392071913387205039031393850 0 0 0 0 0 0 0 0 0 0 0 0 0 0 0 0 0 0 0 0 0 0 0 0 0 0 0 0 0 0 0 0 0 0 0 0 0 0 0 0 0 0 0 0 0 0 0 0 0 0 0 1 0 0 0 0 0 0 0 0 0 0 0 0 0 0 0 0 0 0 0 0 0 0 0 0 0 0 0]
[2325169194431449298160903859918093968373353344959023709236131047515757702503346851989265250954088805481558478211380300783447590210729460579769810226360427278818488145436343388744888592657741133088628319822096764620678511249090226834042297144 0 0 0 0 0 0 0 0 0 0 0 0 0 0 0 0 0 0 0 0 0 0 0 0 0 0 0 0 0 0 0 0 0 0 0 0 0 0 0 0 0 0 0 0 0 0 0 0 0 0 0 0 1 0 0 0 0 0 0 0 0 0 0 0 0 0 0 0 0 0 0 0 0 0 0 0 0 0 0]
[4115652612857552885335390492590155651768055083501715148807048991741497889630667347309484167993455865500986065456946954588053881604617765764258382831893339019828407344982549463058324256851956032096208499034227671265604276996892510880285798607 0 0 0 0 0 0 0 0 0 0 0 0 0 0 0 0 0 0 0 0 0 0 0 0 0 0 0 0 0 0 0 0 0 0 0 0 0 0 0 0 0 0 0 0 0 0 0 0 0 0 0 0 0 1 0 0 0 0 0 0 0 0 0 0 0 0 0 0 0 0 0 0 0 0 0 0 0 0 0]
[3997407619467597818955407590596766498764394087301538599104435897574042483202924191673422051408308671398556175793571068415319201534689629405145687722094714356851931652238585707423239160946200689749035394242943027371382343473095158195688359829 0 0 0 0 0 0 0 0 0 0 0 0 0 0 0 0 0 0 0 0 0 0 0 0 0 0 0 0 0 0 0 0 0 0 0 0 0 0 0 0 0 0 0 0 0 0 0 0 0 0 0 0 0 0 1 0 0 0 0 0 0 0 0 0 0 0 0 0 0 0 0 0 0 0 0 0 0 0 0]
[3619226864615947097787550284099436568680849089783417008701868883577918397470422638902960954317014439055976305132742912551962500572958476327987890254646192486540441236371413644173680675263546031903045660543110664765583807125136058809315535965 0 0 0 0 0 0 0 0 0 0 0 0 0 0 0 0 0 0 0 0 0 0 0 0 0 0 0 0 0 0 0 0 0 0 0 0 0 0 0 0 0 0 0 0 0 0 0 0 0 0 0 0 0 0 0 1 0 0 0 0 0 0 0 0 0 0 0 0 0 0 0 0 0 0 0 0 0 0 0]
[4326762839459949562225351129452379501848855923907940308099723715847534614555872233997349564021917775574233103732682759573868509508715448146531028856053428903744392251326219861032313590432153891323424137409607595115741433583926004501776249175 0 0 0 0 0 0 0 0 0 0 0 0 0 0 0 0 0 0 0 0 0 0 0 0 0 0 0 0 0 0 0 0 0 0 0 0 0 0 0 0 0 0 0 0 0 0 0 0 0 0 0 0 0 0 0 0 1 0 0 0 0 0 0 0 0 0 0 0 0 0 0 0 0 0 0 0 0 0 0]
[1723729091188026850737141715155622470039649929105378578065182764002666928075713625738263835127591494155733649265475999559718236367396205100743584325576022889642229591497898754930673709607610327615588548266555618929962897226014892323969072138 0 0 0 0 0 0 0 0 0 0 0 0 0 0 0 0 0 0 0 0 0 0 0 0 0 0 0 0 0 0 0 0 0 0 0 0 0 0 0 0 0 0 0 0 0 0 0 0 0 0 0 0 0 0 0 0 0 1 0 0 0 0 0 0 0 0 0 0 0 0 0 0 0 0 0 0 0 0 0]
[2478657373934988996577494127833352793642743906326179256608772867046882668912153001394676097177991817730867012471188625728047914393743040942667228188732484484723319073701739167384049738876993697711249218496795599945676817993439691211473824422 0 0 0 0 0 0 0 0 0 0 0 0 0 0 0 0 0 0 0 0 0 0 0 0 0 0 0 0 0 0 0 0 0 0 0 0 0 0 0 0 0 0 0 0 0 0 0 0 0 0 0 0 0 0 0 0 0 0 1 0 0 0 0 0 0 0 0 0 0 0 0 0 0 0 0 0 0 0 0]
[3067057272071916016025899512859589739418556982006393270423603242459445346432805055006295229227495392274099853620408301092399996240036648075411326924640397303183525789463541785303001982150435644359942471894817291689012644033634179978310831303 0 0 0 0 0 0 0 0 0 0 0 0 0 0 0 0 0 0 0 0 0 0 0 0 0 0 0 0 0 0 0 0 0 0 0 0 0 0 0 0 0 0 0 0 0 0 0 0 0 0 0 0 0 0 0 0 0 0 0 1 0 0 0 0 0 0 0 0 0 0 0 0 0 0 0 0 0 0 0]
[282675410079054760133650780182259200182834661181026660506158158330892502785778403638292401110756130340513754846750613864571055036763945156908315763780461850931176889252683518250441895234132586130329500533675516921489872253093908160718822673 0 0 0 0 0 0 0 0 0 0 0 0 0 0 0 0 0 0 0 0 0 0 0 0 0 0 0 0 0 0 0 0 0 0 0 0 0 0 0 0 0 0 0 0 0 0 0 0 0 0 0 0 0 0 0 0 0 0 0 0 1 0 0 0 0 0 0 0 0 0 0 0 0 0 0 0 0 0 0]
[222711936417021026832171048262475696499734036472128984212543103296240431020397396650878838894194232336336285104867764606773862800863050898126073717825522272366403292531987006651019072831063195399860938787763387392988475177007406461883497052 0 0 0 0 0 0 0 0 0 0 0 0 0 0 0 0 0 0 0 0 0 0 0 0 0 0 0 0 0 0 0 0 0 0 0 0 0 0 0 0 0 0 0 0 0 0 0 0 0 0 0 0 0 0 0 0 0 0 0 0 0 1 0 0 0 0 0 0 0 0 0 0 0 0 0 0 0 0 0]
[3463846719052739293289629343839265006062085226848060064812111144907309802863638631323052467342775999043486494190853865008885254153191793980603796203350985621715481713294288830234465649699182623717391039521279441118054791648787217789678476203 0 0 0 0 0 0 0 0 0 0 0 0 0 0 0 0 0 0 0 0 0 0 0 0 0 0 0 0 0 0 0 0 0 0 0 0 0 0 0 0 0 0 0 0 0 0 0 0 0 0 0 0 0 0 0 0 0 0 0 0 0 0 1 0 0 0 0 0 0 0 0 0 0 0 0 0 0 0 0]
[3427618404925828797941721646879864077283540572179239900043705231176929483959867412003148798095201070748073540275796988942588774237490682426308713515138365575086801004080129644943749667103611599315272639362137332156911019357806718149835276370 0 0 0 0 0 0 0 0 0 0 0 0 0 0 0 0 0 0 0 0 0 0 0 0 0 0 0 0 0 0 0 0 0 0 0 0 0 0 0 0 0 0 0 0 0 0 0 0 0 0 0 0 0 0 0 0 0 0 0 0 0 0 0 1 0 0 0 0 0 0 0 0 0 0 0 0 0 0 0]
[4304512267946330111835507583720304701928407909859508622985506999481736732435376651761500449956074603579836463213456450294228541646576189664052505311982800113987184604405752506301725568193374726574238559502011079760094127686232317868510900582 0 0 0 0 0 0 0 0 0 0 0 0 0 0 0 0 0 0 0 0 0 0 0 0 0 0 0 0 0 0 0 0 0 0 0 0 0 0 0 0 0 0 0 0 0 0 0 0 0 0 0 0 0 0 0 0 0 0 0 0 0 0 0 0 1 0 0 0 0 0 0 0 0 0 0 0 0 0 0]
[3578888513145429236581177248171779818739099142530610888071324249786044855254809287471776265464365767057808546216942501127806152299226538480522819369636785628480457870360270477930908473928294731836564040147483858220667459865610021061766977480 0 0 0 0 0 0 0 0 0 0 0 0 0 0 0 0 0 0 0 0 0 0 0 0 0 0 0 0 0 0 0 0 0 0 0 0 0 0 0 0 0 0 0 0 0 0 0 0 0 0 0 0 0 0 0 0 0 0 0 0 0 0 0 0 0 1 0 0 0 0 0 0 0 0 0 0 0 0 0]
[1545399665029935915264700218496910877359268177604788094734515246582146523059930378341536931992415204875961654219172905781224063550861880207707078848143943517399327513515389354956550426002323130144174195021439670197796938558530095894829177000 0 0 0 0 0 0 0 0 0 0 0 0 0 0 0 0 0 0 0 0 0 0 0 0 0 0 0 0 0 0 0 0 0 0 0 0 0 0 0 0 0 0 0 0 0 0 0 0 0 0 0 0 0 0 0 0 0 0 0 0 0 0 0 0 0 0 1 0 0 0 0 0 0 0 0 0 0 0 0]
[198356491880798668797858202732858721855252275747903957384693053916537023405813988504245795600155820030583273348563276502129223217440414103123526349308925271947523905852855690304483006522089673285200788581107888778883693367273879999385273362 0 0 0 0 0 0 0 0 0 0 0 0 0 0 0 0 0 0 0 0 0 0 0 0 0 0 0 0 0 0 0 0 0 0 0 0 0 0 0 0 0 0 0 0 0 0 0 0 0 0 0 0 0 0 0 0 0 0 0 0 0 0 0 0 0 0 0 1 0 0 0 0 0 0 0 0 0 0 0]
[4077689539236725048762545836853552834387915475245975056278573053284565618414694502689466060603370814384684196660255585021683048246729429468464069168020686443922499499949976553478136861480874222692335616758475640866443307670910549572983732883 0 0 0 0 0 0 0 0 0 0 0 0 0 0 0 0 0 0 0 0 0 0 0 0 0 0 0 0 0 0 0 0 0 0 0 0 0 0 0 0 0 0 0 0 0 0 0 0 0 0 0 0 0 0 0 0 0 0 0 0 0 0 0 0 0 0 0 0 1 0 0 0 0 0 0 0 0 0 0]
[2006131742174684536228160713080191174398567311111544029477125462507185770842756099845623142776787432299163910452404082218080736562282592780796604299641511472952433282634021664119523884993961106024686597458703079303836755710965536038119689411 0 0 0 0 0 0 0 0 0 0 0 0 0 0 0 0 0 0 0 0 0 0 0 0 0 0 0 0 0 0 0 0 0 0 0 0 0 0 0 0 0 0 0 0 0 0 0 0 0 0 0 0 0 0 0 0 0 0 0 0 0 0 0 0 0 0 0 0 0 1 0 0 0 0 0 0 0 0 0]
[1206894164866305927235591135476934542809300652496979302560746772504963267906042618575351498392991179231815927594739978013153386672925063760550818072244943459937710989052458602576525315211514676381868675787661489080933176346810504773520564575 0 0 0 0 0 0 0 0 0 0 0 0 0 0 0 0 0 0 0 0 0 0 0 0 0 0 0 0 0 0 0 0 0 0 0 0 0 0 0 0 0 0 0 0 0 0 0 0 0 0 0 0 0 0 0 0 0 0 0 0 0 0 0 0 0 0 0 0 0 0 1 0 0 0 0 0 0 0 0]
[295933983472925309780437174724003475727572209161220930970930530471701504107285070563212257492884760591924675763769167172755149526066351517008494445923315963877481902149829807890686918660473811744078958973969414198001622192421630718722501755 0 0 0 0 0 0 0 0 0 0 0 0 0 0 0 0 0 0 0 0 0 0 0 0 0 0 0 0 0 0 0 0 0 0 0 0 0 0 0 0 0 0 0 0 0 0 0 0 0 0 0 0 0 0 0 0 0 0 0 0 0 0 0 0 0 0 0 0 0 0 0 1 0 0 0 0 0 0 0]
[291436716907082196661739525935483819206149218872744250273655311599081399950548401738824721470602303256134995472879667729292812840583602309342028074853905193360618416094076465956495302008404731094907562501683037091940683011344226670934026102 0 0 0 0 0 0 0 0 0 0 0 0 0 0 0 0 0 0 0 0 0 0 0 0 0 0 0 0 0 0 0 0 0 0 0 0 0 0 0 0 0 0 0 0 0 0 0 0 0 0 0 0 0 0 0 0 0 0 0 0 0 0 0 0 0 0 0 0 0 0 0 0 1 0 0 0 0 0 0]
[4351209521986902909386772019274873309236043994898131274553849932067364643416493902650590836068199545263174151842754223258033635108735499173463464756043664794817216587677221894659816423631355459650669852547766003842803873369765469394535075255 0 0 0 0 0 0 0 0 0 0 0 0 0 0 0 0 0 0 0 0 0 0 0 0 0 0 0 0 0 0 0 0 0 0 0 0 0 0 0 0 0 0 0 0 0 0 0 0 0 0 0 0 0 0 0 0 0 0 0 0 0 0 0 0 0 0 0 0 0 0 0 0 0 1 0 0 0 0 0]
[4109190613197074877954166039790594133170417798927072800386668846219251171872000291883091700592018444736008328249321163590063621739830767162781985646711222380994476271406128071406939950175384914318495685405626475597405705175368527265583000390 0 0 0 0 0 0 0 0 0 0 0 0 0 0 0 0 0 0 0 0 0 0 0 0 0 0 0 0 0 0 0 0 0 0 0 0 0 0 0 0 0 0 0 0 0 0 0 0 0 0 0 0 0 0 0 0 0 0 0 0 0 0 0 0 0 0 0 0 0 0 0 0 0 0 1 0 0 0 0]
[2263509633162097921878951830265072150327749007946870530398261537320953259670067144704418797975039706992374952870088453839727851213829859281052837416691771020299369501225467914481839319201175292880043472885148591312044212649825391348248052034 0 0 0 0 0 0 0 0 0 0 0 0 0 0 0 0 0 0 0 0 0 0 0 0 0 0 0 0 0 0 0 0 0 0 0 0 0 0 0 0 0 0 0 0 0 0 0 0 0 0 0 0 0 0 0 0 0 0 0 0 0 0 0 0 0 0 0 0 0 0 0 0 0 0 0 1 0 0 0]
[4424485511691170458097892168177577169362274057241177507315672238149385511211328561615201187862724425742136739335056818773824968001675073937246460140388506112303145066357721033418887701985230203915305927523374293051409634681420485389372948243 0 0 0 0 0 0 0 0 0 0 0 0 0 0 0 0 0 0 0 0 0 0 0 0 0 0 0 0 0 0 0 0 0 0 0 0 0 0 0 0 0 0 0 0 0 0 0 0 0 0 0 0 0 0 0 0 0 0 0 0 0 0 0 0 0 0 0 0 0 0 0 0 0 0 0 0 1 0 0]
[2578107855359806375759769227521072685984953891414536711454757796392927740337306522001758301181922199621340956108901338645172728571519469263195010127612697003494845766691553244029681821845447921888154864604725529697626457452693224305039022109 0 0 0 0 0 0 0 0 0 0 0 0 0 0 0 0 0 0 0 0 0 0 0 0 0 0 0 0 0 0 0 0 0 0 0 0 0 0 0 0 0 0 0 0 0 0 0 0 0 0 0 0 0 0 0 0 0 0 0 0 0 0 0 0 0 0 0 0 0 0 0 0 0 0 0 0 0 1 0]
[4245792362407956158706802571194112525775099034883075329351689739623801766692280478681572579850646687233757858873978022132564895127313251248360814422783063071955918713396412584816608104866917976641255129139400095758919275404967798682013012768 0 0 0 0 0 0 0 0 0 0 0 0 0 0 0 0 0 0 0 0 0 0 0 0 0 0 0 0 0 0 0 0 0 0 0 0 0 0 0 0 0 0 0 0 0 0 0 0 0 0 0 0 0 0 0 0 0 0 0 0 0 0 0 0 0 0 0 0 0 0 0 0 0 0 0 0 0 0 1]
]
