[[5266691279703045937751117573211835272373780795871826548873845863780356225087297440460366282592689161375908438557060086984462678362570098095632102815137734089845872922608344336905624485840904529558336053752094275035726464375346324815998478303 0 0 0 0 0 0 0 0 0 0 0 0 0 0 0 0 0 0 0 0 0 0 0 0 0 0 0 0 0 0 0 0 0 0 0 0 0 0 0 0 0 0 0 0 0 0 0 0 0 0 0 0 0 0 0 0 0 0 0 0 0 0 0 0 0 0 0 0 0 0 0 0 0 0 0 0 0 0 0]
[2755246178484204033914534924429014095966746753540876087991435557100507007656352793242666148157437762734707953287301616233951892437350916917476808030930239768828739149520250509198535408623146227173386375629588596722271601700557282695359722292 1 0 0 0 0 0 0 0 0 0 0 0 0 0 0 0 0 0 0 0 0 0 0 0 0 0 0 0 0 0 0 0 0 0 0 0 0 0 0 0 0 0 0 0 0 0 0 0 0 0 0 0 0 0 0 0 0 0 0 0 0 0 0 0 0 0 0 0 0 0 0 0 0 0 0 0 0 0 0]
[1300154233755394290921702359112036722007663306782206756890771799590841251662533973700760097866280666550551864264756601775196852832087919285588846159475252471250775489407730782432551657215747122810260619463960401834457451720863464487759053138 0 1 0 0 0 0 0 0 0 0 0 0 0 0 0 0 0 0 0 0 0 0 0 0 0 0 0 0 0 0 0 0 0 0 0 0 0 0 0 0 0 0 0 0 0 0 0 0 0 0 0 0 0 0 0 0 0 0 0 0 0 0 0 0 0 0 0 0 0 0 0 0 0 0 0 0 0 0 0]
[515522851317154513211446918398362329811262433139714262844582950553647046340812010607045658517354234940970908795587275782586923775472515013723968712098817953671110612772323603914694310365490868391256928596383668215089358096112490080276179279 0 0 1 0 0 0 0 0 0 0 0 0 0 0 0 0 0 0 0 0 0 0 0 0 0 0 0 0 0 0 0 0 0 0 0 0 0 0 0 0 0 0 0 0 0 0 0 0 0 0 0 0 0 0 0 0 0 0 0 0 0 0 0 0 0 0 0 0 0 0 0 0 0 0 0 0 0 0 0]
[434644506672959513958358487205253505087802671812986004107366309876482635750688685773558615282953961041007873445272313777372836970854122801993448652347028433767487089465643414660690739127859666113809301735142204768638752069285270099804417576 0 0 0 1 0 0 0 0 0 0 0 0 0 0 0 0 0 0 0 0 0 0 0 0 0 0 0 0 0 0 0 0 0 0 0 0 0 0 0 0 0 0 0 0 0 0 0 0 0 0 0 0 0 0 0 0 0 0 0 0 0 0 0 0 0 0 0 0 0 0 0 0 0 0 0 0 0 0 0]
[3487154425969013562764382014843793591127781065118115798042269339742063325438797107532834651820612314241667509772767934781706631169736148682646019872469496349668341930369441830733648564468643690818987091777212349227002599595650302573013278318 0 0 0 0 1 0 0 0 0 0 0 0 0 0 0 0 0 0 0 0 0 0 0 0 0 0 0 0 0 0 0 0 0 0 0 0 0 0 0 0 0 0 0 0 0 0 0 0 0 0 0 0 0 0 0 0 0 0 0 0 0 0 0 0 0 0 0 0 0 0 0 0 0 0 0 0 0 0 0]
[2059516319268220941195842900290703489857226051606182476510630649014056419808460788250721606256118614911313546078200432856273791492088712603848994911442368613208003657406703845208586629128074710984941442175406907601760375101874563339657878965 0 0 0 0 0 1 0 0 0 0 0 0 0 0 0 0 0 0 0 0 0 0 0 0 0 0 0 0 0 0 0 0 0 0 0 0 0 0 0 0 0 0 0 0 0 0 0 0 0 0 0 0 0 0 0 0 0 0 0 0 0 0 0 0 0 0 0 0 0 0 0 0 0 0 0 0 0 0 0]
[2607805486864604587531197342950654354020016185626862376519755144546496778898754434667834287644273950557073133365831745209465405471912806005963276876294230890378337219228546008197016529648061200567715699849505970087360827431603648210332832700 0 0 0 0 0 0 1 0 0 0 0 0 0 0 0 0 0 0 0 0 0 0 0 0 0 0 0 0 0 0 0 0 0 0 0 0 0 0 0 0 0 0 0 0 0 0 0 0 0 0 0 0 0 0 0 0 0 0 0 0 0 0 0 0 0 0 0 0 0 0 0 0 0 0 0 0 0 0 0]
[3011000546795281254238664394513414941417238121345131963783219335566426651817483309027316081147179973855430476255518962430259470592557305137776157699804434062184025531628376561717932591239144704199918029646121088239786885582240454370797483743 0 0 0 0 0 0 0 1 0 0 0 0 0 0 0 0 0 0 0 0 0 0 0 0 0 0 0 0 0 0 0 0 0 0 0 0 0 0 0 0 0 0 0 0 0 0 0 0 0 0 0 0 0 0 0 0 0 0 0 0 0 0 0 0 0 0 0 0 0 0 0 0 0 0 0 0 0 0 0]
[2989746028460596619623043270092575292426865201254371201949219763210611475206359884856928038545142668484459922139697531013532408572024726607498961216082676357077059775895879613936526669495320973636918420266473859096505412564079976495052845310 0 0 0 0 0 0 0 0 1 0 0 0 0 0 0 0 0 0 0 0 0 0 0 0 0 0 0 0 0 0 0 0 0 0 0 0 0 0 0 0 0 0 0 0 0 0 0 0 0 0 0 0 0 0 0 0 0 0 0 0 0 0 0 0 0 0 0 0 0 0 0 0 0 0 0 0 0 0 0]
[2226143710125208501142318383752107994219651840574912170980469947352776195481938771476415179147252298210750027519320712778981534963172799310591522475564229084503694535919587690968250596673584746390971328880187281681944122187676878373106919523 0 0 0 0 0 0 0 0 0 1 0 0 0 0 0 0 0 0 0 0 0 0 0 0 0 0 0 0 0 0 0 0 0 0 0 0 0 0 0 0 0 0 0 0 0 0 0 0 0 0 0 0 0 0 0 0 0 0 0 0 0 0 0 0 0 0 0 0 0 0 0 0 0 0 0 0 0 0 0]
[4311660101037740274981996915079765380263791881710452680059133478533925817587442033465320594054809405753323314386799914968332051696555763739673762509681202877471902535906446814155582905428154371527184177314347207376965012606234882785247671193 0 0 0 0 0 0 0 0 0 0 1 0 0 0 0 0 0 0 0 0 0 0 0 0 0 0 0 0 0 0 0 0 0 0 0 0 0 0 0 0 0 0 0 0 0 0 0 0 0 0 0 0 0 0 0 0 0 0 0 0 0 0 0 0 0 0 0 0 0 0 0 0 0 0 0 0 0 0 0]
[4494698562535797149448783950697526517075202716325573259469893871119674277741618914298408012923061844963821315508837997575292856708774061751509892948404094734751004528658523674567883422006417886931463804193155905658353726892692754656072982008 0 0 0 0 0 0 0 0 0 0 0 1 0 0 0 0 0 0 0 0 0 0 0 0 0 0 0 0 0 0 0 0 0 0 0 0 0 0 0 0 0 0 0 0 0 0 0 0 0 0 0 0 0 0 0 0 0 0 0 0 0 0 0 0 0 0 0 0 0 0 0 0 0 0 0 0 0 0 0]
[5095253416731831615416385270012382277312917599964384986836369564571715803611359534591364808027603792747413750264202695960971948312880560333088567275182368897383157820875004778401324087611524634075507568140955036529138904292900145592576175141 0 0 0 0 0 0 0 0 0 0 0 0 1 0 0 0 0 0 0 0 0 0 0 0 0 0 0 0 0 0 0 0 0 0 0 0 0 0 0 0 0 0 0 0 0 0 0 0 0 0 0 0 0 0 0 0 0 0 0 0 0 0 0 0 0 0 0 0 0 0 0 0 0 0 0 0 0 0 0]
[4681429767189761728743276884149194619754397997847006510527820775946590871334029840911571791086199362006448218955201946061234914025587245932884132718894126634857118350366395748070699030070323339600864025001309075328159885156504779331497414492 0 0 0 0 0 0 0 0 0 0 0 0 0 1 0 0 0 0 0 0 0 0 0 0 0 0 0 0 0 0 0 0 0 0 0 0 0 0 0 0 0 0 0 0 0 0 0 0 0 0 0 0 0 0 0 0 0 0 0 0 0 0 0 0 0 0 0 0 0 0 0 0 0 0 0 0 0 0 0]
[4452510711390285966044904572951391484625863732227556872286753950528731436087848623025819663830408234086635815409971228335347339803772157730440170086127261828991792462550718694562646648133139077139525171266907623124868957384455761864942579039 0 0 0 0 0 0 0 0 0 0 0 0 0 0 1 0 0 0 0 0 0 0 0 0 0 0 0 0 0 0 0 0 0 0 0 0 0 0 0 0 0 0 0 0 0 0 0 0 0 0 0 0 0 0 0 0 0 0 0 0 0 0 0 0 0 0 0 0 0 0 0 0 0 0 0 0 0 0 0]
[2220491331541209711218129176040045548555732112940514590209161740324997530618369429437658893602184624497889860240026803044155163598153589026752750773502129399932623976133593364309563686713080505247420220299923771312005396622102127641334189926 0 0 0 0 0 0 0 0 0 0 0 0 0 0 0 1 0 0 0 0 0 0 0 0 0 0 0 0 0 0 0 0 0 0 0 0 0 0 0 0 0 0 0 0 0 0 0 0 0 0 0 0 0 0 0 0 0 0 0 0 0 0 0 0 0 0 0 0 0 0 0 0 0 0 0 0 0 0 0]
[4900588838696629535910839590372319622326141088949965582696605779937330686335563914610192635546036883196417011566235716624962998657072099336021727410246040662881739068088105337669134927007753698543040718316036548851434270646264151994250651822 0 0 0 0 0 0 0 0 0 0 0 0 0 0 0 0 1 0 0 0 0 0 0 0 0 0 0 0 0 0 0 0 0 0 0 0 0 0 0 0 0 0 0 0 0 0 0 0 0 0 0 0 0 0 0 0 0 0 0 0 0 0 0 0 0 0 0 0 0 0 0 0 0 0 0 0 0 0 0]
[4350572758514139323380480679767878929141106572489325493201114301530055674409130254389511182968092538952247233156523041483229120451416334326967494462022858940535281966340749067965383602019854631593865836959485908812345201595952156965934413649 0 0 0 0 0 0 0 0 0 0 0 0 0 0 0 0 0 1 0 0 0 0 0 0 0 0 0 0 0 0 0 0 0 0 0 0 0 0 0 0 0 0 0 0 0 0 0 0 0 0 0 0 0 0 0 0 0 0 0 0 0 0 0 0 0 0 0 0 0 0 0 0 0 0 0 0 0 0 0]
[1339893220007171993409177006832580389891318090386548067898830435672935816781325900757418454084309772489519086098175424270693096970655396948841021458335953828205021209987292830289797198058650976369306996176085770845260444391857387843325347187 0 0 0 0 0 0 0 0 0 0 0 0 0 0 0 0 0 0 1 0 0 0 0 0 0 0 0 0 0 0 0 0 0 0 0 0 0 0 0 0 0 0 0 0 0 0 0 0 0 0 0 0 0 0 0 0 0 0 0 0 0 0 0 0 0 0 0 0 0 0 0 0 0 0 0 0 0 0 0]
[1930441469716342774068703850429664883652178773508275528157130930513026405141271979937089816781401601262792822883453473483515863454217929794209201659224575990291287237073500021118685628109598724202472752743805050048985598091637559046657657047 0 0 0 0 0 0 0 0 0 0 0 0 0 0 0 0 0 0 0 1 0 0 0 0 0 0 0 0 0 0 0 0 0 0 0 0 0 0 0 0 0 0 0 0 0 0 0 0 0 0 0 0 0 0 0 0 0 0 0 0 0 0 0 0 0 0 0 0 0 0 0 0 0 0 0 0 0 0 0]
[4695984781847150957738217167159038192636003048989777358533014235263190729418761593146966824607977466111466720845889015962983764864887048279851093588657925309424908189119755351367731120626551817542389944433128308958268313103736237563564723506 0 0 0 0 0 0 0 0 0 0 0 0 0 0 0 0 0 0 0 0 1 0 0 0 0 0 0 0 0 0 0 0 0 0 0 0 0 0 0 0 0 0 0 0 0 0 0 0 0 0 0 0 0 0 0 0 0 0 0 0 0 0 0 0 0 0 0 0 0 0 0 0 0 0 0 0 0 0 0]
[3697142837250970519263805028174847332616502476008550216786379218799599835316717687631526502501344524527329613564145881496376498243341818324634037606159720367530822184082511450410585655869897531428488975741219274682532847891979393534542567061 0 0 0 0 0 0 0 0 0 0 0 0 0 0 0 0 0 0 0 0 0 1 0 0 0 0 0 0 0 0 0 0 0 0 0 0 0 0 0 0 0 0 0 0 0 0 0 0 0 0 0 0 0 0 0 0 0 0 0 0 0 0 0 0 0 0 0 0 0 0 0 0 0 0 0 0 0 0 0]
[4933208639134123028626331467374256441143606847565172509698890520727832676695655132061984220742462644522597342388095507074533064323419211938104261518123988033325234180989759914371705316402574624446168956811130697459709622262899580852744553341 0 0 0 0 0 0 0 0 0 0 0 0 0 0 0 0 0 0 0 0 0 0 1 0 0 0 0 0 0 0 0 0 0 0 0 0 0 0 0 0 0 0 0 0 0 0 0 0 0 0 0 0 0 0 0 0 0 0 0 0 0 0 0 0 0 0 0 0 0 0 0 0 0 0 0 0 0 0 0]
[4721778755870219515318666001451732876006447522197239583385041573878966382904694460736778423980540721134512746250854155854409330865422924689701349091321120495335626772860540621489113733474408372648954860418788421838209588491936956780935834614 0 0 0 0 0 0 0 0 0 0 0 0 0 0 0 0 0 0 0 0 0 0 0 1 0 0 0 0 0 0 0 0 0 0 0 0 0 0 0 0 0 0 0 0 0 0 0 0 0 0 0 0 0 0 0 0 0 0 0 0 0 0 0 0 0 0 0 0 0 0 0 0 0 0 0 0 0 0 0]
[5116342667253600040035783766283387434118481087041898585814473854731474393368240973646271304054795969380878432763987735758899406876527213786444627442210840991747675498362457446663227754853676725013360748929994273995031474797419686120437159270 0 0 0 0 0 0 0 0 0 0 0 0 0 0 0 0 0 0 0 0 0 0 0 0 1 0 0 0 0 0 0 0 0 0 0 0 0 0 0 0 0 0 0 0 0 0 0 0 0 0 0 0 0 0 0 0 0 0 0 0 0 0 0 0 0 0 0 0 0 0 0 0 0 0 0 0 0 0 0]
[4111820115919902854064756450897446718194837709767207349409869344255304733529851990989567803057618378974258294108858923624395629443428831478340101546942538119952010247662514152796364799358269008569187862120284364137127217224353557173849442893 0 0 0 0 0 0 0 0 0 0 0 0 0 0 0 0 0 0 0 0 0 0 0 0 0 1 0 0 0 0 0 0 0 0 0 0 0 0 0 0 0 0 0 0 0 0 0 0 0 0 0 0 0 0 0 0 0 0 0 0 0 0 0 0 0 0 0 0 0 0 0 0 0 0 0 0 0 0 0]
[5184457083483123528415057645014526600174799169859282763208250512164718167971033373945927215553079727329940804066788305045589464570013845367757713570525054937086749786166336558994874070945768976758540932875607739007690513869206432504761442452 0 0 0 0 0 0 0 0 0 0 0 0 0 0 0 0 0 0 0 0 0 0 0 0 0 0 1 0 0 0 0 0 0 0 0 0 0 0 0 0 0 0 0 0 0 0 0 0 0 0 0 0 0 0 0 0 0 0 0 0 0 0 0 0 0 0 0 0 0 0 0 0 0 0 0 0 0 0 0]
[1046814873635683334891283314649273681631381460068211863794519953582545565591676060802168193882543218280620208241413348130448413789436832421179970072931242987098544239931525783613807504194276062879173678079651797109724490614714464448608384025 0 0 0 0 0 0 0 0 0 0 0 0 0 0 0 0 0 0 0 0 0 0 0 0 0 0 0 1 0 0 0 0 0 0 0 0 0 0 0 0 0 0 0 0 0 0 0 0 0 0 0 0 0 0 0 0 0 0 0 0 0 0 0 0 0 0 0 0 0 0 0 0 0 0 0 0 0 0 0]
[1970094661535380567938087183336003803446023501813922183143074856854724189504317345178263815890841006461341662938212745287403098917617873661887980433859395475768264329528347619188275227699349051074006159090104507236189433892075258421912015002 0 0 0 0 0 0 0 0 0 0 0 0 0 0 0 0 0 0 0 0 0 0 0 0 0 0 0 0 1 0 0 0 0 0 0 0 0 0 0 0 0 0 0 0 0 0 0 0 0 0 0 0 0 0 0 0 0 0 0 0 0 0 0 0 0 0 0 0 0 0 0 0 0 0 0 0 0 0 0]
[1940501564735511443222064283052121368272680899985013462648217048950999578241114413203608868011800383861680498455512108285618686869445293816591753220402730737454200445135197586536740475824537675287562166593934065222184939743657282814945927378 0 0 0 0 0 0 0 0 0 0 0 0 0 0 0 0 0 0 0 0 0 0 0 0 0 0 0 0 0 1 0 0 0 0 0 0 0 0 0 0 0 0 0 0 0 0 0 0 0 0 0 0 0 0 0 0 0 0 0 0 0 0 0 0 0 0 0 0 0 0 0 0 0 0 0 0 0 0 0]
[4985333763187639717684864618024846611177675567918338730715055641568856231961034310017816369758700698659339407008282487842881613357212289755183352686644140132470952340071157965645466311859810380093627463090821259997967391956788120842198115317 0 0 0 0 0 0 0 0 0 0 0 0 0 0 0 0 0 0 0 0 0 0 0 0 0 0 0 0 0 0 1 0 0 0 0 0 0 0 0 0 0 0 0 0 0 0 0 0 0 0 0 0 0 0 0 0 0 0 0 0 0 0 0 0 0 0 0 0 0 0 0 0 0 0 0 0 0 0 0]
[1819122959430579121802320018070699475830815337641423059800144859982704305570944739957827645584619220934726881739942405391231905173266185701659813671568995531180383175847329716481266555131750955785032992999054473740711694099746069835799953362 0 0 0 0 0 0 0 0 0 0 0 0 0 0 0 0 0 0 0 0 0 0 0 0 0 0 0 0 0 0 0 1 0 0 0 0 0 0 0 0 0 0 0 0 0 0 0 0 0 0 0 0 0 0 0 0 0 0 0 0 0 0 0 0 0 0 0 0 0 0 0 0 0 0 0 0 0 0 0]
[4051291255133870366113171332654626681766954371357211708206459936625731961328613005966161018511572364623077640925574310121539063889766121427623251710694387831449521095078463855409832880823081200642827581963372870330779559645295300945387198644 0 0 0 0 0 0 0 0 0 0 0 0 0 0 0 0 0 0 0 0 0 0 0 0 0 0 0 0 0 0 0 0 1 0 0 0 0 0 0 0 0 0 0 0 0 0 0 0 0 0 0 0 0 0 0 0 0 0 0 0 0 0 0 0 0 0 0 0 0 0 0 0 0 0 0 0 0 0 0]
[357656629540961247015874259099020984981455174928302171855531729433892444192645103887634999020166013481775954387059377838104963233696918858299811879699366537270696469541895874185910222217448242398355912630230767542119105291888495699530850939 0 0 0 0 0 0 0 0 0 0 0 0 0 0 0 0 0 0 0 0 0 0 0 0 0 0 0 0 0 0 0 0 0 1 0 0 0 0 0 0 0 0 0 0 0 0 0 0 0 0 0 0 0 0 0 0 0 0 0 0 0 0 0 0 0 0 0 0 0 0 0 0 0 0 0 0 0 0 0]
[2410290722751208371401875044871971516702003626925749882632307107214638303694940123648534673643505908627067740498855749368634900990723262529388705681389361622362818918599907255022216451058614721148823309614078075533326852170644049027513556148 0 0 0 0 0 0 0 0 0 0 0 0 0 0 0 0 0 0 0 0 0 0 0 0 0 0 0 0 0 0 0 0 0 0 1 0 0 0 0 0 0 0 0 0 0 0 0 0 0 0 0 0 0 0 0 0 0 0 0 0 0 0 0 0 0 0 0 0 0 0 0 0 0 0 0 0 0 0 0]
[433066723550354880848199619136758945612769396512952860390321787634189664082101827193726533556846725019434036448576654519754057721143297312854453498549009163199379629106871669854572497885056177762020675620775164177169583988395664299541665449 0 0 0 0 0 0 0 0 0 0 0 0 0 0 0 0 0 0 0 0 0 0 0 0 0 0 0 0 0 0 0 0 0 0 0 1 0 0 0 0 0 0 0 0 0 0 0 0 0 0 0 0 0 0 0 0 0 0 0 0 0 0 0 0 0 0 0 0 0 0 0 0 0 0 0 0 0 0 0]
[2030117793384465406709660949961726759221700112674626845430435076116821522441241830032010704673659934328780774745032033113779245305325696211586769371264695328452575282016401067161579737750246829187627859019133782815104084560399249871470438010 0 0 0 0 0 0 0 0 0 0 0 0 0 0 0 0 0 0 0 0 0 0 0 0 0 0 0 0 0 0 0 0 0 0 0 0 1 0 0 0 0 0 0 0 0 0 0 0 0 0 0 0 0 0 0 0 0 0 0 0 0 0 0 0 0 0 0 0 0 0 0 0 0 0 0 0 0 0 0]
[5187521267853461340886168435294232294393200640653836316370245847392318645521725733501999303894257698350901281037330726507365463601314526839192799294042618489353574358622609200720216005598980856711736875436357128387348230939882693308153160901 0 0 0 0 0 0 0 0 0 0 0 0 0 0 0 0 0 0 0 0 0 0 0 0 0 0 0 0 0 0 0 0 0 0 0 0 0 1 0 0 0 0 0 0 0 0 0 0 0 0 0 0 0 0 0 0 0 0 0 0 0 0 0 0 0 0 0 0 0 0 0 0 0 0 0 0 0 0 0]
[266397985092049500605432572246622095642596157942009904088792512922516113934076166590921789282312665347706485248614707553455373930171248300796632011486388368179753811694184919305690245126351858296358028471300097413490958277354377913457345308 0 0 0 0 0 0 0 0 0 0 0 0 0 0 0 0 0 0 0 0 0 0 0 0 0 0 0 0 0 0 0 0 0 0 0 0 0 0 1 0 0 0 0 0 0 0 0 0 0 0 0 0 0 0 0 0 0 0 0 0 0 0 0 0 0 0 0 0 0 0 0 0 0 0 0 0 0 0 0]
[4844605241828556829648077321376222112640349188322537627966309660126831882425244024768336946142265299793353842872274631080821386923955903331311200751886624397721439395806885954154993050062413922749029036619740055433967609993994177848724071150 0 0 0 0 0 0 0 0 0 0 0 0 0 0 0 0 0 0 0 0 0 0 0 0 0 0 0 0 0 0 0 0 0 0 0 0 0 0 0 1 0 0 0 0 0 0 0 0 0 0 0 0 0 0 0 0 0 0 0 0 0 0 0 0 0 0 0 0 0 0 0 0 0 0 0 0 0 0 0]
[4929502434827079579728968229448683994331895668336363820634120993291724599588726935543942921522716969293215304525942226218077087882026850443802015742929881108338997603625813904719340501592957877030092351812214707995819494372786728104703668405 0 0 0 0 0 0 0 0 0 0 0 0 0 0 0 0 0 0 0 0 0 0 0 0 0 0 0 0 0 0 0 0 0 0 0 0 0 0 0 0 1 0 0 0 0 0 0 0 0 0 0 0 0 0 0 0 0 0 0 0 0 0 0 0 0 0 0 0 0 0 0 0 0 0 0 0 0 0 0]
[1900803875588432451169980279766875067084020870887544738570454357628922223633343611403637715163014665494444825231572489928406528191067600439880007951832776950252982062129082120510842655217544095899562989362926043693583320573312547622502314503 0 0 0 0 0 0 0 0 0 0 0 0 0 0 0 0 0 0 0 0 0 0 0 0 0 0 0 0 0 0 0 0 0 0 0 0 0 0 0 0 0 1 0 0 0 0 0 0 0 0 0 0 0 0 0 0 0 0 0 0 0 0 0 0 0 0 0 0 0 0 0 0 0 0 0 0 0 0 0]
[3479445962818300527780562051788728292967473709125065429066957808351815494935570254302420400459039194430702866272161245402752296307046307036724719308349663963183178368135181421249416146426954002459708874558152109526335595318679544513438939846 0 0 0 0 0 0 0 0 0 0 0 0 0 0 0 0 0 0 0 0 0 0 0 0 0 0 0 0 0 0 0 0 0 0 0 0 0 0 0 0 0 0 1 0 0 0 0 0 0 0 0 0 0 0 0 0 0 0 0 0 0 0 0 0 0 0 0 0 0 0 0 0 0 0 0 0 0 0 0]
[3923155778906456637396213799014175267897731704744249586189495323072469219911253695570772716086310901756674401836206284855780282200271009774173993852248066043271026497644299515103377682302798680936204938424706431307155563932547905360151802656 0 0 0 0 0 0 0 0 0 0 0 0 0 0 0 0 0 0 0 0 0 0 0 0 0 0 0 0 0 0 0 0 0 0 0 0 0 0 0 0 0 0 0 1 0 0 0 0 0 0 0 0 0 0 0 0 0 0 0 0 0 0 0 0 0 0 0 0 0 0 0 0 0 0 0 0 0 0 0]
[4059473019861807138354318912034137615697370957379003382298087150624848000230532075685279939646198810350639408393887958798075292918257863953288139062763931765594422664512303637868928111597883200706606715343530807186495539770413711533799508464 0 0 0 0 0 0 0 0 0 0 0 0 0 0 0 0 0 0 0 0 0 0 0 0 0 0 0 0 0 0 0 0 0 0 0 0 0 0 0 0 0 0 0 0 1 0 0 0 0 0 0 0 0 0 0 0 0 0 0 0 0 0 0 0 0 0 0 0 0 0 0 0 0 0 0 0 0 0 0]
[3887662050128124341083770417382280448752112908333549200055901804085112297154696239634383022807446688034206717425359682663911752937373975755115836638038873875513447151512143884445632148995228419914093628099281904152388340250718819970683580656 0 0 0 0 0 0 0 0 0 0 0 0 0 0 0 0 0 0 0 0 0 0 0 0 0 0 0 0 0 0 0 0 0 0 0 0 0 0 0 0 0 0 0 0 0 1 0 0 0 0 0 0 0 0 0 0 0 0 0 0 0 0 0 0 0 0 0 0 0 0 0 0 0 0 0 0 0 0 0]
[2066029117821638294077191818653490055402678871727203394820899877973023443551099050602154358436453845908069075438479781162799701935962113758222665630277158686171425547370217115732680615621284813439244638357819271749747756687854343321277989332 0 0 0 0 0 0 0 0 0 0 0 0 0 0 0 0 0 0 0 0 0 0 0 0 0 0 0 0 0 0 0 0 0 0 0 0 0 0 0 0 0 0 0 0 0 0 1 0 0 0 0 0 0 0 0 0 0 0 0 0 0 0 0 0 0 0 0 0 0 0 0 0 0 0 0 0 0 0 0]
[2969027969884986715870787481727314378374888882209038696388269148417903815292589322722305072605906503997495169008351709502498234164765515163812572669821620780284184447199105624350026968585203010771263222263511555291004318877104124236344619270 0 0 0 0 0 0 0 0 0 0 0 0 0 0 0 0 0 0 0 0 0 0 0 0 0 0 0 0 0 0 0 0 0 0 0 0 0 0 0 0 0 0 0 0 0 0 0 1 0 0 0 0 0 0 0 0 0 0 0 0 0 0 0 0 0 0 0 0 0 0 0 0 0 0 0 0 0 0 0]
[1571667257146599826362743537635694449309488741651689021116447049364263022612331358871668760898350007704358890722350855543000532821964156304506867264251003163953312769718982080596486251642182808038700882016285881574908623925639588641294439446 0 0 0 0 0 0 0 0 0 0 0 0 0 0 0 0 0 0 0 0 0 0 0 0 0 0 0 0 0 0 0 0 0 0 0 0 0 0 0 0 0 0 0 0 0 0 0 0 1 0 0 0 0 0 0 0 0 0 0 0 0 0 0 0 0 0 0 0 0 0 0 0 0 0 0 0 0 0 0]
[4004405082354693389348063501312036377603344507400566907649292011303151742306868083383354258647090990714011444427435177163095004777720008425825653155235966894831568580587685141998934365609413264422311730661674205641850900648573812211222736798 0 0 0 0 0 0 0 0 0 0 0 0 0 0 0 0 0 0 0 0 0 0 0 0 0 0 0 0 0 0 0 0 0 0 0 0 0 0 0 0 0 0 0 0 0 0 0 0 0 1 0 0 0 0 0 0 0 0 0 0 0 0 0 0 0 0 0 0 0 0 0 0 0 0 0 0 0 0 0]
[5244659694853670676285896901288216456864636775041407127969550627614880879119090015292813891477772619645832784408112161396277609874782874995562757388455688681615324154292692518012885360227327185019114401610702350461407648267916581170747990760 0 0 0 0 0 0 0 0 0 0 0 0 0 0 0 0 0 0 0 0 0 0 0 0 0 0 0 0 0 0 0 0 0 0 0 0 0 0 0 0 0 0 0 0 0 0 0 0 0 0 1 0 0 0 0 0 0 0 0 0 0 0 0 0 0 0 0 0 0 0 0 0 0 0 0 0 0 0 0]
[4177819514262996004102617412292007344801405978028436550881094466429752500842519763762011885473065718384995604517888613854482088296667571990308731577128064344759621791286313666559752319506504405647970272053771004562740568091057241307681929426 0 0 0 0 0 0 0 0 0 0 0 0 0 0 0 0 0 0 0 0 0 0 0 0 0 0 0 0 0 0 0 0 0 0 0 0 0 0 0 0 0 0 0 0 0 0 0 0 0 0 0 1 0 0 0 0 0 0 0 0 0 0 0 0 0 0 0 0 0 0 0 0 0 0 0 0 0 0 0]
[2730889104035851098633363792929845767295964208265796907073959273863539425309007934392177612997807561513460328630233057612214431693330259808893501546492826892420502861052245825186583220906806786759871043939842161129091159098130633306312184202 0 0 0 0 0 0 0 0 0 0 0 0 0 0 0 0 0 0 0 0 0 0 0 0 0 0 0 0 0 0 0 0 0 0 0 0 0 0 0 0 0 0 0 0 0 0 0 0 0 0 0 0 1 0 0 0 0 0 0 0 0 0 0 0 0 0 0 0 0 0 0 0 0 0 0 0 0 0 0]
[5093840122853507727227399356201762968709417415950550042151423845076168179214972683543447986698896567785974901729087891724780750408979871238922541605681441042175062519715696204119558377105361116055360117389192628937304671822869730544891360397 0 0 0 0 0 0 0 0 0 0 0 0 0 0 0 0 0 0 0 0 0 0 0 0 0 0 0 0 0 0 0 0 0 0 0 0 0 0 0 0 0 0 0 0 0 0 0 0 0 0 0 0 0 1 0 0 0 0 0 0 0 0 0 0 0 0 0 0 0 0 0 0 0 0 0 0 0 0 0]
[3140063074221551082354907079713441883959835472271192373521215822442547664924240606260282011680824061395118669896452424488399106837625042300920878685763210694461556834061679386698895150391754697258069719779892696861877769394101324339413496189 0 0 0 0 0 0 0 0 0 0 0 0 0 0 0 0 0 0 0 0 0 0 0 0 0 0 0 0 0 0 0 0 0 0 0 0 0 0 0 0 0 0 0 0 0 0 0 0 0 0 0 0 0 0 1 0 0 0 0 0 0 0 0 0 0 0 0 0 0 0 0 0 0 0 0 0 0 0 0]
[3103626760142072191338601272009048532669123369460888602258238737127434757281215482768490859479667813171134445227846164383258528747337026885489001006519619774809338467074271180936019466987788502050058413968270284675925624652184180538121499872 0 0 0 0 0 0 0 0 0 0 0 0 0 0 0 0 0 0 0 0 0 0 0 0 0 0 0 0 0 0 0 0 0 0 0 0 0 0 0 0 0 0 0 0 0 0 0 0 0 0 0 0 0 0 0 1 0 0 0 0 0 0 0 0 0 0 0 0 0 0 0 0 0 0 0 0 0 0 0]
[4647381088850014328146796831830259215650554397963698352949516535935839635511825796503164362775966267940326097610172179047662536714541982693700729659318975691285155645390695657167904406148373411742494881491083019313076828400823072828861314829 0 0 0 0 0 0 0 0 0 0 0 0 0 0 0 0 0 0 0 0 0 0 0 0 0 0 0 0 0 0 0 0 0 0 0 0 0 0 0 0 0 0 0 0 0 0 0 0 0 0 0 0 0 0 0 0 1 0 0 0 0 0 0 0 0 0 0 0 0 0 0 0 0 0 0 0 0 0 0]
[3431180807628888963680110924927252218998393598128140215080410890767071445758182835700253656153529254630101886005745194747539858505739081690164707340790724572135274268255965512092149067173656272697424343313140876656040708900681672719268296921 0 0 0 0 0 0 0 0 0 0 0 0 0 0 0 0 0 0 0 0 0 0 0 0 0 0 0 0 0 0 0 0 0 0 0 0 0 0 0 0 0 0 0 0 0 0 0 0 0 0 0 0 0 0 0 0 0 1 0 0 0 0 0 0 0 0 0 0 0 0 0 0 0 0 0 0 0 0 0]
[3315832294615561770789310301318603871533433045596267149973023891407086743330821005616166392134120317800312612725598325851274504595844253966348785513259763509106030238549750882272028834247929954045677357482915714362663147846478963944379254891 0 0 0 0 0 0 0 0 0 0 0 0 0 0 0 0 0 0 0 0 0 0 0 0 0 0 0 0 0 0 0 0 0 0 0 0 0 0 0 0 0 0 0 0 0 0 0 0 0 0 0 0 0 0 0 0 0 0 1 0 0 0 0 0 0 0 0 0 0 0 0 0 0 0 0 0 0 0 0]
[3717259116871036704690190423478562806170902720533896545455496584510116288817575839211179088905382102194289135512381771208585336452182931796712331308662078805868976318080410951801469060435878588193250248382413665628130591553708453960725254201 0 0 0 0 0 0 0 0 0 0 0 0 0 0 0 0 0 0 0 0 0 0 0 0 0 0 0 0 0 0 0 0 0 0 0 0 0 0 0 0 0 0 0 0 0 0 0 0 0 0 0 0 0 0 0 0 0 0 0 1 0 0 0 0 0 0 0 0 0 0 0 0 0 0 0 0 0 0 0]
[1805645575584359033664567211507064484482743355640680643852590079429256616200498285682144781204166368005658374530921316512472166757226965912151096566088036102084950283604100990896831062980397432457953886877379958939027723621956506059165621423 0 0 0 0 0 0 0 0 0 0 0 0 0 0 0 0 0 0 0 0 0 0 0 0 0 0 0 0 0 0 0 0 0 0 0 0 0 0 0 0 0 0 0 0 0 0 0 0 0 0 0 0 0 0 0 0 0 0 0 0 1 0 0 0 0 0 0 0 0 0 0 0 0 0 0 0 0 0 0]
[1212148201781795764761992897436117640955037851867560674003033387344593550136036287530210311634515515856137972231214124054786925977653677523583769496086590627521526155697139061812263934415348084082424774510898005479300347193855599183090024687 0 0 0 0 0 0 0 0 0 0 0 0 0 0 0 0 0 0 0 0 0 0 0 0 0 0 0 0 0 0 0 0 0 0 0 0 0 0 0 0 0 0 0 0 0 0 0 0 0 0 0 0 0 0 0 0 0 0 0 0 0 1 0 0 0 0 0 0 0 0 0 0 0 0 0 0 0 0 0]
[1334444763410843390845155681396152592903518674077663175049765909843579251220789673054676042206320836457271623438152402645987232895013236547540215907926474599452326841808660600257064905403067393998898969805737635827119045221474986797299375292 0 0 0 0 0 0 0 0 0 0 0 0 0 0 0 0 0 0 0 0 0 0 0 0 0 0 0 0 0 0 0 0 0 0 0 0 0 0 0 0 0 0 0 0 0 0 0 0 0 0 0 0 0 0 0 0 0 0 0 0 0 0 1 0 0 0 0 0 0 0 0 0 0 0 0 0 0 0 0]
[3987688498991334973243353910407119344089749662665368341174701517407766734056177626589870601458610013435237494073157340503130508097395773852863455728311791375761475623755617445333693998399197621437703507460107570679013196979697778259859289041 0 0 0 0 0 0 0 0 0 0 0 0 0 0 0 0 0 0 0 0 0 0 0 0 0 0 0 0 0 0 0 0 0 0 0 0 0 0 0 0 0 0 0 0 0 0 0 0 0 0 0 0 0 0 0 0 0 0 0 0 0 0 0 1 0 0 0 0 0 0 0 0 0 0 0 0 0 0 0]
[3698895315847118939384073114444530032342146716989675203358991230374023494966498624780714436490727146896774336369583837304586594953078461424849445798782908841093295349512927038075486812378822369829685222318641689388340724252756177067741093047 0 0 0 0 0 0 0 0 0 0 0 0 0 0 0 0 0 0 0 0 0 0 0 0 0 0 0 0 0 0 0 0 0 0 0 0 0 0 0 0 0 0 0 0 0 0 0 0 0 0 0 0 0 0 0 0 0 0 0 0 0 0 0 0 1 0 0 0 0 0 0 0 0 0 0 0 0 0 0]
[5192105253373030669118407540106242715234921995850390985283466163293269572491098425860299061774642668155968939945618158101301838857844951164666480246914382183488582778957825356233484180492956437374383168473290929152160548019831224202806131019 0 0 0 0 0 0 0 0 0 0 0 0 0 0 0 0 0 0 0 0 0 0 0 0 0 0 0 0 0 0 0 0 0 0 0 0 0 0 0 0 0 0 0 0 0 0 0 0 0 0 0 0 0 0 0 0 0 0 0 0 0 0 0 0 0 1 0 0 0 0 0 0 0 0 0 0 0 0 0]
[4666139091627234917951337254164236475801460896927608681779033496971199240187675216428879581712628445828940565034046564658237769562765274670855432879975814103914142892951961616205368622185349369469409791835304203316504080804247010857966837626 0 0 0 0 0 0 0 0 0 0 0 0 0 0 0 0 0 0 0 0 0 0 0 0 0 0 0 0 0 0 0 0 0 0 0 0 0 0 0 0 0 0 0 0 0 0 0 0 0 0 0 0 0 0 0 0 0 0 0 0 0 0 0 0 0 0 1 0 0 0 0 0 0 0 0 0 0 0 0]
[2313110750120982895394694242177425880930065625129835292608658150905025566658630491055349899570795859739533917667035038160046358290009890468624325772313385388326755935722667842004653824938936350238643881313427608466603456998197946173917934040 0 0 0 0 0 0 0 0 0 0 0 0 0 0 0 0 0 0 0 0 0 0 0 0 0 0 0 0 0 0 0 0 0 0 0 0 0 0 0 0 0 0 0 0 0 0 0 0 0 0 0 0 0 0 0 0 0 0 0 0 0 0 0 0 0 0 0 1 0 0 0 0 0 0 0 0 0 0 0]
[1349877533306572429539772584816537338948021533342960485000630271658484927212178788020653498986258164458908318315385122130608826375178464904303770796420357627016622436863524375699074958338132326399941834339739623204534330508385960236918934502 0 0 0 0 0 0 0 0 0 0 0 0 0 0 0 0 0 0 0 0 0 0 0 0 0 0 0 0 0 0 0 0 0 0 0 0 0 0 0 0 0 0 0 0 0 0 0 0 0 0 0 0 0 0 0 0 0 0 0 0 0 0 0 0 0 0 0 0 1 0 0 0 0 0 0 0 0 0 0]
[3506888500631321530309260972796644265933734588036824760839112885884976495932045286446079073362559509234487038943080191220894790847197750525876859913891492836855554381875272414071251757607984992499253675079302347360308834324873096237096105977 0 0 0 0 0 0 0 0 0 0 0 0 0 0 0 0 0 0 0 0 0 0 0 0 0 0 0 0 0 0 0 0 0 0 0 0 0 0 0 0 0 0 0 0 0 0 0 0 0 0 0 0 0 0 0 0 0 0 0 0 0 0 0 0 0 0 0 0 0 1 0 0 0 0 0 0 0 0 0]
[1825091611671668149071921523692595095549286151524021731328894093458570612372303656449133065522635064766285584379483499788545721492151277330710985891371660728530250159767573947547962950376007381192951460176583330160167131945254599524226249998 0 0 0 0 0 0 0 0 0 0 0 0 0 0 0 0 0 0 0 0 0 0 0 0 0 0 0 0 0 0 0 0 0 0 0 0 0 0 0 0 0 0 0 0 0 0 0 0 0 0 0 0 0 0 0 0 0 0 0 0 0 0 0 0 0 0 0 0 0 0 1 0 0 0 0 0 0 0 0]
[2716148459527594287053155162600843573093237986255466038741510561173420930278205540830983437561842549238217269336933596981359377867842473724607256867347877859665560205341517960148436206824291361900776290054216173781231938298376034066108290269 0 0 0 0 0 0 0 0 0 0 0 0 0 0 0 0 0 0 0 0 0 0 0 0 0 0 0 0 0 0 0 0 0 0 0 0 0 0 0 0 0 0 0 0 0 0 0 0 0 0 0 0 0 0 0 0 0 0 0 0 0 0 0 0 0 0 0 0 0 0 0 1 0 0 0 0 0 0 0]
[2011115025239313852905916666824926735239341582053320896335620302432615472097206562543439189546184311315217734851642577200529262436275173916794860145087786087817536370795952246229926261467334769698234505532879419030125908736284344492933871425 0 0 0 0 0 0 0 0 0 0 0 0 0 0 0 0 0 0 0 0 0 0 0 0 0 0 0 0 0 0 0 0 0 0 0 0 0 0 0 0 0 0 0 0 0 0 0 0 0 0 0 0 0 0 0 0 0 0 0 0 0 0 0 0 0 0 0 0 0 0 0 0 1 0 0 0 0 0 0]
[4345212442900646860037765547453398709108757236717660440718399932786481338578164768983980841174669830497475748533863835723839768066747725033993944706008730349101959039070584081676129984513235989490428613984720630832024361994753687616772614480 0 0 0 0 0 0 0 0 0 0 0 0 0 0 0 0 0 0 0 0 0 0 0 0 0 0 0 0 0 0 0 0 0 0 0 0 0 0 0 0 0 0 0 0 0 0 0 0 0 0 0 0 0 0 0 0 0 0 0 0 0 0 0 0 0 0 0 0 0 0 0 0 0 1 0 0 0 0 0]
[482088004945890612131646255619088351924245076030695853603708511646851643887167542345257781730736179411564620825495516546467764085835809060874413481076000487243199690308454068488774169515297553734868047526598501085223725067484300691871397432 0 0 0 0 0 0 0 0 0 0 0 0 0 0 0 0 0 0 0 0 0 0 0 0 0 0 0 0 0 0 0 0 0 0 0 0 0 0 0 0 0 0 0 0 0 0 0 0 0 0 0 0 0 0 0 0 0 0 0 0 0 0 0 0 0 0 0 0 0 0 0 0 0 0 1 0 0 0 0]
[2873755607789101385777636768918356796013027536595233360546833145593609260666843086132692520929394940793037989464047006021724255121142536417616949080591285129762038500782947445171006721346580641411525925295596664049290432966747847564083343241 0 0 0 0 0 0 0 0 0 0 0 0 0 0 0 0 0 0 0 0 0 0 0 0 0 0 0 0 0 0 0 0 0 0 0 0 0 0 0 0 0 0 0 0 0 0 0 0 0 0 0 0 0 0 0 0 0 0 0 0 0 0 0 0 0 0 0 0 0 0 0 0 0 0 0 1 0 0 0]
[1652919554023951409423109723530169575656912423534461307853141650162720977031268231098996002755684247575944779086833258422045455792342024353880309450926440644787641015732273176574487073648104265557787089331347977982033878979701383630051784610 0 0 0 0 0 0 0 0 0 0 0 0 0 0 0 0 0 0 0 0 0 0 0 0 0 0 0 0 0 0 0 0 0 0 0 0 0 0 0 0 0 0 0 0 0 0 0 0 0 0 0 0 0 0 0 0 0 0 0 0 0 0 0 0 0 0 0 0 0 0 0 0 0 0 0 0 1 0 0]
[2401433029862665070000304508649497948551627088501692174946996695396462144787310973109827556676212812774421438957244558963196633450120075293167872858634240144594922068008820941927950530421020443408662740218951204772472698248778011706893573669 0 0 0 0 0 0 0 0 0 0 0 0 0 0 0 0 0 0 0 0 0 0 0 0 0 0 0 0 0 0 0 0 0 0 0 0 0 0 0 0 0 0 0 0 0 0 0 0 0 0 0 0 0 0 0 0 0 0 0 0 0 0 0 0 0 0 0 0 0 0 0 0 0 0 0 0 0 1 0]
[4077201298675913425008278565621078800217673036501631875942212613317427124046135950903474311361292560902316119161229025751287609138980183116451964140877935579620466243605279122829884786633284716466978934592544112299810178521960723877522325249 0 0 0 0 0 0 0 0 0 0 0 0 0 0 0 0 0 0 0 0 0 0 0 0 0 0 0 0 0 0 0 0 0 0 0 0 0 0 0 0 0 0 0 0 0 0 0 0 0 0 0 0 0 0 0 0 0 0 0 0 0 0 0 0 0 0 0 0 0 0 0 0 0 0 0 0 0 0 1]
]
