[[7797274812182740449985414210897784765221536712517521211973439963386744910884717648097338153592130258882108726046356803431595542652797529657129628955387718318210489922402150604677916928016783266629053419313356198582696189521903798761644206076324540982418652515887041301693 0 0 0 0 0 0 0 0 0 0 0 0 0 0 0 0 0 0 0 0 0 0 0 0 0 0 0 0 0 0 0 0 0 0 0 0 0 0 0 0 0 0 0 0 0 0 0 0 0 0 0 0 0 0 0 0 0 0 0 0 0 0 0 0 0 0 0 0 0 0 0 0 0 0 0 0 0 0 0 0 0 0 0 0 0 0 0 0 0]
[2758198836928572475398333481949166867488061518943153932648072420668970188557180971427252268665040748060340004157668393320095176251126563218027934241160198829405453130368989108517209537084304220026984949081381667636973926957698063085884540018262063180366191311250689115354 1 0 0 0 0 0 0 0 0 0 0 0 0 0 0 0 0 0 0 0 0 0 0 0 0 0 0 0 0 0 0 0 0 0 0 0 0 0 0 0 0 0 0 0 0 0 0 0 0 0 0 0 0 0 0 0 0 0 0 0 0 0 0 0 0 0 0 0 0 0 0 0 0 0 0 0 0 0 0 0 0 0 0 0 0 0 0 0 0]
[458545525452048197673910090152749597555311267034096059070564947279693057339114625436747248114797478125876038507795881681468561041389289012377532984747084854887191904853891186553122338802461413699232053592983327894690076715706200575877223180068207128884210423314915219562 0 1 0 0 0 0 0 0 0 0 0 0 0 0 0 0 0 0 0 0 0 0 0 0 0 0 0 0 0 0 0 0 0 0 0 0 0 0 0 0 0 0 0 0 0 0 0 0 0 0 0 0 0 0 0 0 0 0 0 0 0 0 0 0 0 0 0 0 0 0 0 0 0 0 0 0 0 0 0 0 0 0 0 0 0 0 0 0 0]
[637813199444423935378508194840208667497774942143051879186336930380203297209046879041761460703009748634002296057624254831269346103065712794164236476692132664339835327915061056895488654546504104459882216563297610599130042799405390141210278336289712258668876196635189692187 0 0 1 0 0 0 0 0 0 0 0 0 0 0 0 0 0 0 0 0 0 0 0 0 0 0 0 0 0 0 0 0 0 0 0 0 0 0 0 0 0 0 0 0 0 0 0 0 0 0 0 0 0 0 0 0 0 0 0 0 0 0 0 0 0 0 0 0 0 0 0 0 0 0 0 0 0 0 0 0 0 0 0 0 0 0 0 0 0]
[7407175289768804546290727846877233745975247592344835250078484699454402596299659517357018534244342710978383434942054150128262365266623837241611099728036141413801182004611874719819004814637618158047213253381093669018659591884964769466713439866865559449607626270366579983083 0 0 0 1 0 0 0 0 0 0 0 0 0 0 0 0 0 0 0 0 0 0 0 0 0 0 0 0 0 0 0 0 0 0 0 0 0 0 0 0 0 0 0 0 0 0 0 0 0 0 0 0 0 0 0 0 0 0 0 0 0 0 0 0 0 0 0 0 0 0 0 0 0 0 0 0 0 0 0 0 0 0 0 0 0 0 0 0 0]
[2642787666743647447516655627481881317829613762852579697873848276734259093923904810898076043358052076766879454705146796350879878023514833217588060093402064599565648660936839371936189859273134252891404657320576406337045857803706406055672460856502903147600814227807303353449 0 0 0 0 1 0 0 0 0 0 0 0 0 0 0 0 0 0 0 0 0 0 0 0 0 0 0 0 0 0 0 0 0 0 0 0 0 0 0 0 0 0 0 0 0 0 0 0 0 0 0 0 0 0 0 0 0 0 0 0 0 0 0 0 0 0 0 0 0 0 0 0 0 0 0 0 0 0 0 0 0 0 0 0 0 0 0 0 0]
[5349676038409421712970146801863807774987842515064051798603613353547423818957687822022628038611789398462084428609774572017501891900294573001940652130306088799572225367749999812880598707942102638137850281371135133169064558082456379278480791808881058829791085822338898592768 0 0 0 0 0 1 0 0 0 0 0 0 0 0 0 0 0 0 0 0 0 0 0 0 0 0 0 0 0 0 0 0 0 0 0 0 0 0 0 0 0 0 0 0 0 0 0 0 0 0 0 0 0 0 0 0 0 0 0 0 0 0 0 0 0 0 0 0 0 0 0 0 0 0 0 0 0 0 0 0 0 0 0 0 0 0 0 0 0]
[876499795465922505332355223300920451977581456908358098219746118256857711254304093468010329172487484241859480289755752292346531006104391393908574640982154713753938574124242679395567047216354298557406642103813780367198813471499441983177913826059292464119760788108657314652 0 0 0 0 0 0 1 0 0 0 0 0 0 0 0 0 0 0 0 0 0 0 0 0 0 0 0 0 0 0 0 0 0 0 0 0 0 0 0 0 0 0 0 0 0 0 0 0 0 0 0 0 0 0 0 0 0 0 0 0 0 0 0 0 0 0 0 0 0 0 0 0 0 0 0 0 0 0 0 0 0 0 0 0 0 0 0 0 0]
[7461924326212922698434315193733146550426796865008158185007318309776393910442942601777636830335833897222119315640786713072493625041648122148615483872424999434861881296737848835241791532078019897389301446056707239510964401555629768884865910652933558855481706595176850394381 0 0 0 0 0 0 0 1 0 0 0 0 0 0 0 0 0 0 0 0 0 0 0 0 0 0 0 0 0 0 0 0 0 0 0 0 0 0 0 0 0 0 0 0 0 0 0 0 0 0 0 0 0 0 0 0 0 0 0 0 0 0 0 0 0 0 0 0 0 0 0 0 0 0 0 0 0 0 0 0 0 0 0 0 0 0 0 0 0]
[1703959696536646090614538167888127852699863735832724781712220785448098303620527264784301504817877388160829749791628415280753351577257974618669897138351313747591910265130233784615568290231713242984258078738247704570960742563729601536809240630995666697150975826371683516335 0 0 0 0 0 0 0 0 1 0 0 0 0 0 0 0 0 0 0 0 0 0 0 0 0 0 0 0 0 0 0 0 0 0 0 0 0 0 0 0 0 0 0 0 0 0 0 0 0 0 0 0 0 0 0 0 0 0 0 0 0 0 0 0 0 0 0 0 0 0 0 0 0 0 0 0 0 0 0 0 0 0 0 0 0 0 0 0 0]
[6934821526623337606093309134712616158121717693591474318337014858282125522075492795581194289654614964398213699997454643991375402780468264927326164777664399736998462074883943879566710121170718461674919189448724440672482300464890808726042729376316994240320089783758537352433 0 0 0 0 0 0 0 0 0 1 0 0 0 0 0 0 0 0 0 0 0 0 0 0 0 0 0 0 0 0 0 0 0 0 0 0 0 0 0 0 0 0 0 0 0 0 0 0 0 0 0 0 0 0 0 0 0 0 0 0 0 0 0 0 0 0 0 0 0 0 0 0 0 0 0 0 0 0 0 0 0 0 0 0 0 0 0 0 0]
[3543240009108636453218550556679339669150513154662809526253954037610844500960219942301865630345918799353538644601205055423350277221874340559341281728519631483262426524535648193193244707762141991120373537399749035076410571487997438762078562447742429214066875958268543506051 0 0 0 0 0 0 0 0 0 0 1 0 0 0 0 0 0 0 0 0 0 0 0 0 0 0 0 0 0 0 0 0 0 0 0 0 0 0 0 0 0 0 0 0 0 0 0 0 0 0 0 0 0 0 0 0 0 0 0 0 0 0 0 0 0 0 0 0 0 0 0 0 0 0 0 0 0 0 0 0 0 0 0 0 0 0 0 0 0]
[4323047918544364413590676353912960734998627892524844707454294198375710302145823339408435867888112051213429549866434869622164971793486746260311282473411193963055527166386280028207197690205155218909851531424452984369421346984591971117422466494622957388740728258641618335983 0 0 0 0 0 0 0 0 0 0 0 1 0 0 0 0 0 0 0 0 0 0 0 0 0 0 0 0 0 0 0 0 0 0 0 0 0 0 0 0 0 0 0 0 0 0 0 0 0 0 0 0 0 0 0 0 0 0 0 0 0 0 0 0 0 0 0 0 0 0 0 0 0 0 0 0 0 0 0 0 0 0 0 0 0 0 0 0 0]
[1151114961219964011487342214130982701556693796024874386654547560063956847761140911070681196181882119238887429830347021177448997161641651156120751189286951105567376871481424287590145577408570489942318229052807038801195822761766964178074744007753412522105225008206252213257 0 0 0 0 0 0 0 0 0 0 0 0 1 0 0 0 0 0 0 0 0 0 0 0 0 0 0 0 0 0 0 0 0 0 0 0 0 0 0 0 0 0 0 0 0 0 0 0 0 0 0 0 0 0 0 0 0 0 0 0 0 0 0 0 0 0 0 0 0 0 0 0 0 0 0 0 0 0 0 0 0 0 0 0 0 0 0 0 0]
[4793164892133609401457608130775668489722154761353873117544096951709144288546454436157196131701918219395860819892400780726471918554075401761375652669932347422902854422723921054804245716924743795304696093246207646278669020946483357401285147388858099460260254662739567640227 0 0 0 0 0 0 0 0 0 0 0 0 0 1 0 0 0 0 0 0 0 0 0 0 0 0 0 0 0 0 0 0 0 0 0 0 0 0 0 0 0 0 0 0 0 0 0 0 0 0 0 0 0 0 0 0 0 0 0 0 0 0 0 0 0 0 0 0 0 0 0 0 0 0 0 0 0 0 0 0 0 0 0 0 0 0 0 0 0]
[7234419565107635472322842236554781502924263206136626421353171804074183477059801123957468909733769279788273160434069523836056141604493627286263641689878715261577286098652286941173093376046621557835340764819834015682084346886516961541283921000607336448681686172210511586676 0 0 0 0 0 0 0 0 0 0 0 0 0 0 1 0 0 0 0 0 0 0 0 0 0 0 0 0 0 0 0 0 0 0 0 0 0 0 0 0 0 0 0 0 0 0 0 0 0 0 0 0 0 0 0 0 0 0 0 0 0 0 0 0 0 0 0 0 0 0 0 0 0 0 0 0 0 0 0 0 0 0 0 0 0 0 0 0 0]
[2763952597163170159265538793296854331593564615471971820876690218686883218207569578768961789609567064177796072545321229301129592227063115978921101750142292539230690416958507477086503302999632416098512887343261347186165471517252319850663382112764082753654307743275173461955 0 0 0 0 0 0 0 0 0 0 0 0 0 0 0 1 0 0 0 0 0 0 0 0 0 0 0 0 0 0 0 0 0 0 0 0 0 0 0 0 0 0 0 0 0 0 0 0 0 0 0 0 0 0 0 0 0 0 0 0 0 0 0 0 0 0 0 0 0 0 0 0 0 0 0 0 0 0 0 0 0 0 0 0 0 0 0 0 0]
[579753890853041644900535457943885863368383334587168487666338542873823554594691517104596527702411202432967261902806739991611224435093874442608989273164282467347773575588508591559452289639704874615084527765398709476162028981970924840577699087571546178643452841713391909094 0 0 0 0 0 0 0 0 0 0 0 0 0 0 0 0 1 0 0 0 0 0 0 0 0 0 0 0 0 0 0 0 0 0 0 0 0 0 0 0 0 0 0 0 0 0 0 0 0 0 0 0 0 0 0 0 0 0 0 0 0 0 0 0 0 0 0 0 0 0 0 0 0 0 0 0 0 0 0 0 0 0 0 0 0 0 0 0 0]
[2967186585700003754341316399080949756630306866244568191230674517137688466739675806510063585318897233544600068836588899041012591279265774824322301894176036892729936699611691254079617749754216606704399619974327598001193488780944741719351886983151065123288336786187937121317 0 0 0 0 0 0 0 0 0 0 0 0 0 0 0 0 0 1 0 0 0 0 0 0 0 0 0 0 0 0 0 0 0 0 0 0 0 0 0 0 0 0 0 0 0 0 0 0 0 0 0 0 0 0 0 0 0 0 0 0 0 0 0 0 0 0 0 0 0 0 0 0 0 0 0 0 0 0 0 0 0 0 0 0 0 0 0 0 0]
[5306166480997014397133564430809980101275102217403607321298392149833891357805056006137883617652590441737863914845877304182304502593080852716150216089435330260642392115297801486529543040461817928868677072154787887869130899684675778217802621039167565665253328573367477942732 0 0 0 0 0 0 0 0 0 0 0 0 0 0 0 0 0 0 1 0 0 0 0 0 0 0 0 0 0 0 0 0 0 0 0 0 0 0 0 0 0 0 0 0 0 0 0 0 0 0 0 0 0 0 0 0 0 0 0 0 0 0 0 0 0 0 0 0 0 0 0 0 0 0 0 0 0 0 0 0 0 0 0 0 0 0 0 0 0]
[6736424559127426762011457223433929187547362690579039493862795048978944379387567728980182665707764665868026872652059625541640061197889823206503985125010046944332560781508468081326929053696056163048657112175251581618257022771147928444647312421450348478016014215577406097769 0 0 0 0 0 0 0 0 0 0 0 0 0 0 0 0 0 0 0 1 0 0 0 0 0 0 0 0 0 0 0 0 0 0 0 0 0 0 0 0 0 0 0 0 0 0 0 0 0 0 0 0 0 0 0 0 0 0 0 0 0 0 0 0 0 0 0 0 0 0 0 0 0 0 0 0 0 0 0 0 0 0 0 0 0 0 0 0 0]
[2329587185909101702890209097523845233186653720712318675860646857673593208798469268530774723132622320314850372760730759967529381641774603429772149461432721270171822156382819418950167716712374426715683798560292592450279173413461515931532214432641521511392425073970644208761 0 0 0 0 0 0 0 0 0 0 0 0 0 0 0 0 0 0 0 0 1 0 0 0 0 0 0 0 0 0 0 0 0 0 0 0 0 0 0 0 0 0 0 0 0 0 0 0 0 0 0 0 0 0 0 0 0 0 0 0 0 0 0 0 0 0 0 0 0 0 0 0 0 0 0 0 0 0 0 0 0 0 0 0 0 0 0 0 0]
[2074280309764788996171163814707970428501814505197643168122620049760913173173209703577959711599558951320673755061774420148632949364175787402124338749599755139494146543948973931141827641644274105332031374767996430563920959436218535489026078625095876584718631492160131672328 0 0 0 0 0 0 0 0 0 0 0 0 0 0 0 0 0 0 0 0 0 1 0 0 0 0 0 0 0 0 0 0 0 0 0 0 0 0 0 0 0 0 0 0 0 0 0 0 0 0 0 0 0 0 0 0 0 0 0 0 0 0 0 0 0 0 0 0 0 0 0 0 0 0 0 0 0 0 0 0 0 0 0 0 0 0 0 0 0]
[4881191257977364100815188854600835828978885075025794502723942756814801159686753373813663289008249361209526524937019684196183024582895200177774277630898434157382417600949487982762549668291819773479892680483483295873287288133022263871084311679357659378963975799650306711192 0 0 0 0 0 0 0 0 0 0 0 0 0 0 0 0 0 0 0 0 0 0 1 0 0 0 0 0 0 0 0 0 0 0 0 0 0 0 0 0 0 0 0 0 0 0 0 0 0 0 0 0 0 0 0 0 0 0 0 0 0 0 0 0 0 0 0 0 0 0 0 0 0 0 0 0 0 0 0 0 0 0 0 0 0 0 0 0 0]
[5612295067420283703105791687315752802848237778920623106634112597011481789245203935723801457047791274126283221022849158181681593526278308534417040081687107988264571197304966517815420789171997972124846719272438984575052091784405724587867516760760132390979352188264405403694 0 0 0 0 0 0 0 0 0 0 0 0 0 0 0 0 0 0 0 0 0 0 0 1 0 0 0 0 0 0 0 0 0 0 0 0 0 0 0 0 0 0 0 0 0 0 0 0 0 0 0 0 0 0 0 0 0 0 0 0 0 0 0 0 0 0 0 0 0 0 0 0 0 0 0 0 0 0 0 0 0 0 0 0 0 0 0 0 0]
[733522052603482393129112430119372020446336547231876143696633907053840117874150002773881615245700404615441755092821890680822777626656557384235363848880133091829081315873609900176137347283173814066738260648156395375586455832106377453687331898391913008294057125005913438874 0 0 0 0 0 0 0 0 0 0 0 0 0 0 0 0 0 0 0 0 0 0 0 0 1 0 0 0 0 0 0 0 0 0 0 0 0 0 0 0 0 0 0 0 0 0 0 0 0 0 0 0 0 0 0 0 0 0 0 0 0 0 0 0 0 0 0 0 0 0 0 0 0 0 0 0 0 0 0 0 0 0 0 0 0 0 0 0 0]
[583854997869307614066330030609275381289004292027822389493095423373265733410943317125691147938888171855607589156111250486296216645806571064566877082269906197016396679776540548628492197524228035406124432160442059379489832577358487057127697627634704400392758554853994624359 0 0 0 0 0 0 0 0 0 0 0 0 0 0 0 0 0 0 0 0 0 0 0 0 0 1 0 0 0 0 0 0 0 0 0 0 0 0 0 0 0 0 0 0 0 0 0 0 0 0 0 0 0 0 0 0 0 0 0 0 0 0 0 0 0 0 0 0 0 0 0 0 0 0 0 0 0 0 0 0 0 0 0 0 0 0 0 0 0]
[3272253497032223036139518699673924072630531691616849797705406127908747485159388517465961015332788143187254748171123826052114013597620647760579517262762889084775872612940603127838667270735128464632986310681843752895519673333397616484119228513724618053516055849084899901127 0 0 0 0 0 0 0 0 0 0 0 0 0 0 0 0 0 0 0 0 0 0 0 0 0 0 1 0 0 0 0 0 0 0 0 0 0 0 0 0 0 0 0 0 0 0 0 0 0 0 0 0 0 0 0 0 0 0 0 0 0 0 0 0 0 0 0 0 0 0 0 0 0 0 0 0 0 0 0 0 0 0 0 0 0 0 0 0 0]
[7120970839499383382781660562542953795685062255038276000960392656284482578329327996170023185230717425765841480019760404059110483913464634663709049062456444462633204886150913324514995579228832607422190569866744570905474881996112721527081312286891282118583125993461282853919 0 0 0 0 0 0 0 0 0 0 0 0 0 0 0 0 0 0 0 0 0 0 0 0 0 0 0 1 0 0 0 0 0 0 0 0 0 0 0 0 0 0 0 0 0 0 0 0 0 0 0 0 0 0 0 0 0 0 0 0 0 0 0 0 0 0 0 0 0 0 0 0 0 0 0 0 0 0 0 0 0 0 0 0 0 0 0 0 0]
[7396390927680888427554273157902408035148733342927042838458470276040533097399970957666198465475406673696067461953139068585484855602630668317755129035735727535875155421289185116119035680171345419037451447795272592006908307783782978960519108081129322888250001634578680205067 0 0 0 0 0 0 0 0 0 0 0 0 0 0 0 0 0 0 0 0 0 0 0 0 0 0 0 0 1 0 0 0 0 0 0 0 0 0 0 0 0 0 0 0 0 0 0 0 0 0 0 0 0 0 0 0 0 0 0 0 0 0 0 0 0 0 0 0 0 0 0 0 0 0 0 0 0 0 0 0 0 0 0 0 0 0 0 0 0]
[4762661980489448823481093231748993057693716376958093940655681500712765220944021744749352922896348518135584794510751603368168474262009410432231354779614940882009396135172613462421340029285261986877797569553666211877783242389199160374594963467685408335510738681671927717276 0 0 0 0 0 0 0 0 0 0 0 0 0 0 0 0 0 0 0 0 0 0 0 0 0 0 0 0 0 1 0 0 0 0 0 0 0 0 0 0 0 0 0 0 0 0 0 0 0 0 0 0 0 0 0 0 0 0 0 0 0 0 0 0 0 0 0 0 0 0 0 0 0 0 0 0 0 0 0 0 0 0 0 0 0 0 0 0 0]
[1054446596474318271100377537311682102841005619554582068659264931176012964618207902926402084368447712564486293190337795818064365130314460465231512976701124706876350977322576139601799928048556473523858673554929659697909311738949619309195558508304091750265851889786276425364 0 0 0 0 0 0 0 0 0 0 0 0 0 0 0 0 0 0 0 0 0 0 0 0 0 0 0 0 0 0 1 0 0 0 0 0 0 0 0 0 0 0 0 0 0 0 0 0 0 0 0 0 0 0 0 0 0 0 0 0 0 0 0 0 0 0 0 0 0 0 0 0 0 0 0 0 0 0 0 0 0 0 0 0 0 0 0 0 0]
[3582740183602929720431397065544099252149147270453244399731281624797214325361018410449171482280536556739726715690891792208830821483738172005082241145916878609244546336595717291839433127314774307616910595650803004542952618784476208491110829940923331593243129337319842923756 0 0 0 0 0 0 0 0 0 0 0 0 0 0 0 0 0 0 0 0 0 0 0 0 0 0 0 0 0 0 0 1 0 0 0 0 0 0 0 0 0 0 0 0 0 0 0 0 0 0 0 0 0 0 0 0 0 0 0 0 0 0 0 0 0 0 0 0 0 0 0 0 0 0 0 0 0 0 0 0 0 0 0 0 0 0 0 0 0]
[5264649310517630736865150849479473946523256542207761552509940390194866599275306541879406406956065160607474690306614394838649762860742751593736460566421142731476453337059338713179794570512296421971851305449288747446171535156017829957051894933241883982399769596399225117237 0 0 0 0 0 0 0 0 0 0 0 0 0 0 0 0 0 0 0 0 0 0 0 0 0 0 0 0 0 0 0 0 1 0 0 0 0 0 0 0 0 0 0 0 0 0 0 0 0 0 0 0 0 0 0 0 0 0 0 0 0 0 0 0 0 0 0 0 0 0 0 0 0 0 0 0 0 0 0 0 0 0 0 0 0 0 0 0 0]
[3225225752348228478348674332350914234412026655496564744137230849278855411657862564545041278514102910247579757345799699456285882187793826835846518562765143874631516536176098342713365550073762926928612758473405774852461976965860323628873734197376736841421012747977445023125 0 0 0 0 0 0 0 0 0 0 0 0 0 0 0 0 0 0 0 0 0 0 0 0 0 0 0 0 0 0 0 0 0 1 0 0 0 0 0 0 0 0 0 0 0 0 0 0 0 0 0 0 0 0 0 0 0 0 0 0 0 0 0 0 0 0 0 0 0 0 0 0 0 0 0 0 0 0 0 0 0 0 0 0 0 0 0 0 0]
[2415435758836159604897614202846780907883036047611659591111104032956506966215923109001824720910446870867259574818600478088753777612722255900372410031823762844084461365951908837075155429517789587514571095277964827690376569635970265649266845987805830037220448582748469886828 0 0 0 0 0 0 0 0 0 0 0 0 0 0 0 0 0 0 0 0 0 0 0 0 0 0 0 0 0 0 0 0 0 0 1 0 0 0 0 0 0 0 0 0 0 0 0 0 0 0 0 0 0 0 0 0 0 0 0 0 0 0 0 0 0 0 0 0 0 0 0 0 0 0 0 0 0 0 0 0 0 0 0 0 0 0 0 0 0]
[7124859813415680342084175510337167635273671403509473429583741082279254778858931941988530372023091490659099186231982462915487055678615992776642415555000749779279839499036746177761429534326850214628186049875696359564859491175336950299519438534369459614093856047356345202334 0 0 0 0 0 0 0 0 0 0 0 0 0 0 0 0 0 0 0 0 0 0 0 0 0 0 0 0 0 0 0 0 0 0 0 1 0 0 0 0 0 0 0 0 0 0 0 0 0 0 0 0 0 0 0 0 0 0 0 0 0 0 0 0 0 0 0 0 0 0 0 0 0 0 0 0 0 0 0 0 0 0 0 0 0 0 0 0 0]
[4258715383708923900553295930831241891225827114253712815210543618417835246975476958003214470605764316105489147895961791828119314872942876067563425265187346967800981970434822634125320259613255800751015498115736664408354067694989199784862027199067789178405276565647649309122 0 0 0 0 0 0 0 0 0 0 0 0 0 0 0 0 0 0 0 0 0 0 0 0 0 0 0 0 0 0 0 0 0 0 0 0 1 0 0 0 0 0 0 0 0 0 0 0 0 0 0 0 0 0 0 0 0 0 0 0 0 0 0 0 0 0 0 0 0 0 0 0 0 0 0 0 0 0 0 0 0 0 0 0 0 0 0 0 0]
[762293585540832034948398196032451217764571501338534602822557427491882162113602944096431215890417289760630096699743761302244981533538945573870832039862617450591993866365407937613641175708107560339563073290468759387723126698288901706346242517502933280811222214066313043102 0 0 0 0 0 0 0 0 0 0 0 0 0 0 0 0 0 0 0 0 0 0 0 0 0 0 0 0 0 0 0 0 0 0 0 0 0 1 0 0 0 0 0 0 0 0 0 0 0 0 0 0 0 0 0 0 0 0 0 0 0 0 0 0 0 0 0 0 0 0 0 0 0 0 0 0 0 0 0 0 0 0 0 0 0 0 0 0 0]
[4446382310405330914229626569233672831191454010547625069371457274225468975134645486884975201023476356409283313956584200589650877844207755979281486597154297093800180430623571563997767994298898977886155657303672303917827570143226793050915940085681219409683996263018590494784 0 0 0 0 0 0 0 0 0 0 0 0 0 0 0 0 0 0 0 0 0 0 0 0 0 0 0 0 0 0 0 0 0 0 0 0 0 0 1 0 0 0 0 0 0 0 0 0 0 0 0 0 0 0 0 0 0 0 0 0 0 0 0 0 0 0 0 0 0 0 0 0 0 0 0 0 0 0 0 0 0 0 0 0 0 0 0 0 0]
[7796472581465471366367357712704777489463683324499997875865187013103901224234996635983084075068300136048858166868932603423202217006250580172687576760638088997227020955855394724035292884667002273442957965125942750473601801483216675050995103546053694292024365345983637890258 0 0 0 0 0 0 0 0 0 0 0 0 0 0 0 0 0 0 0 0 0 0 0 0 0 0 0 0 0 0 0 0 0 0 0 0 0 0 0 1 0 0 0 0 0 0 0 0 0 0 0 0 0 0 0 0 0 0 0 0 0 0 0 0 0 0 0 0 0 0 0 0 0 0 0 0 0 0 0 0 0 0 0 0 0 0 0 0 0]
[4643039729723047178259187125562022524749585733890594191145104406276318120253584198999880057049616950957645749315801972125071429222267407726703043450571175956244358391550889233434469723924190718803533350538353966440744831678574981841915965349767981140782909099051595973996 0 0 0 0 0 0 0 0 0 0 0 0 0 0 0 0 0 0 0 0 0 0 0 0 0 0 0 0 0 0 0 0 0 0 0 0 0 0 0 0 1 0 0 0 0 0 0 0 0 0 0 0 0 0 0 0 0 0 0 0 0 0 0 0 0 0 0 0 0 0 0 0 0 0 0 0 0 0 0 0 0 0 0 0 0 0 0 0 0]
[4167197667754336181657428433331761064826967196546802113768420849013507755811122122769755536263449242873024629837113376658659357666262449134589347015422109533040132878332502756641426013141616182938757740636992558907074806242148862627903013715160327594579847956283977801431 0 0 0 0 0 0 0 0 0 0 0 0 0 0 0 0 0 0 0 0 0 0 0 0 0 0 0 0 0 0 0 0 0 0 0 0 0 0 0 0 0 1 0 0 0 0 0 0 0 0 0 0 0 0 0 0 0 0 0 0 0 0 0 0 0 0 0 0 0 0 0 0 0 0 0 0 0 0 0 0 0 0 0 0 0 0 0 0 0]
[674265240565051452161816006318170488175857794685702964045746800871201420970839647607998459221931145912781283491185220036588110660480843061585208637829553452617447273542952132331755814629448887725846600802728978884045126928051720084484605399279737943078310172674619809467 0 0 0 0 0 0 0 0 0 0 0 0 0 0 0 0 0 0 0 0 0 0 0 0 0 0 0 0 0 0 0 0 0 0 0 0 0 0 0 0 0 0 1 0 0 0 0 0 0 0 0 0 0 0 0 0 0 0 0 0 0 0 0 0 0 0 0 0 0 0 0 0 0 0 0 0 0 0 0 0 0 0 0 0 0 0 0 0 0]
[291627428233609664445578735486990145535629935261354654868741994838205362612885705897816643502754503970551434231753146722240749608135200677692461196878116587393876639676693840826466608777715206696981940187014461720573163547694052830394221697601213207064043316863807787764 0 0 0 0 0 0 0 0 0 0 0 0 0 0 0 0 0 0 0 0 0 0 0 0 0 0 0 0 0 0 0 0 0 0 0 0 0 0 0 0 0 0 0 1 0 0 0 0 0 0 0 0 0 0 0 0 0 0 0 0 0 0 0 0 0 0 0 0 0 0 0 0 0 0 0 0 0 0 0 0 0 0 0 0 0 0 0 0 0]
[4719526357566627599941584546580624329850993372728394023301145851352086315627092101043371405476814477294560265705348748266430403171965819652806358093719595612245288909801088881070420454433702743035719509138002111793778965733838857836620494185632519417668276680172444025894 0 0 0 0 0 0 0 0 0 0 0 0 0 0 0 0 0 0 0 0 0 0 0 0 0 0 0 0 0 0 0 0 0 0 0 0 0 0 0 0 0 0 0 0 1 0 0 0 0 0 0 0 0 0 0 0 0 0 0 0 0 0 0 0 0 0 0 0 0 0 0 0 0 0 0 0 0 0 0 0 0 0 0 0 0 0 0 0 0]
[7443294875387755172222410708421650594833926979351713507007436886494611086979353637536443718424017953244071685885659066397714034998555615322536922785331360569932774078349985540601476657797735706353195259690487568413310035679597415916443657655660116248275590320184924670809 0 0 0 0 0 0 0 0 0 0 0 0 0 0 0 0 0 0 0 0 0 0 0 0 0 0 0 0 0 0 0 0 0 0 0 0 0 0 0 0 0 0 0 0 0 1 0 0 0 0 0 0 0 0 0 0 0 0 0 0 0 0 0 0 0 0 0 0 0 0 0 0 0 0 0 0 0 0 0 0 0 0 0 0 0 0 0 0 0]
[6226213166179120979489214352274359906111982412830230429968800347089436739435399356185920257210793041061263424156721494462798414274772462821751166111734548410756856853261093273070602980225446796330781439044926808212490155636927903548411532700938276275794367777662645307185 0 0 0 0 0 0 0 0 0 0 0 0 0 0 0 0 0 0 0 0 0 0 0 0 0 0 0 0 0 0 0 0 0 0 0 0 0 0 0 0 0 0 0 0 0 0 1 0 0 0 0 0 0 0 0 0 0 0 0 0 0 0 0 0 0 0 0 0 0 0 0 0 0 0 0 0 0 0 0 0 0 0 0 0 0 0 0 0 0]
[1455613760244984537849848763237683463634098658046288305645146196069711655515846655612472587600047191955423669108335128936500241054244956206491951577292845642956906299131430779196503031732056563986482144639245258635609102655040941105038095208945255009807181819718341677300 0 0 0 0 0 0 0 0 0 0 0 0 0 0 0 0 0 0 0 0 0 0 0 0 0 0 0 0 0 0 0 0 0 0 0 0 0 0 0 0 0 0 0 0 0 0 0 1 0 0 0 0 0 0 0 0 0 0 0 0 0 0 0 0 0 0 0 0 0 0 0 0 0 0 0 0 0 0 0 0 0 0 0 0 0 0 0 0 0]
[1780398731234001913813958316624712268187015092840017297699607479450347488602460142764108624922286584532404000304709031994947396471686392513402452320800587612330563496539843319318948781957968770789921088251068958401254228751703091931986989024609892366862847395630175636936 0 0 0 0 0 0 0 0 0 0 0 0 0 0 0 0 0 0 0 0 0 0 0 0 0 0 0 0 0 0 0 0 0 0 0 0 0 0 0 0 0 0 0 0 0 0 0 0 1 0 0 0 0 0 0 0 0 0 0 0 0 0 0 0 0 0 0 0 0 0 0 0 0 0 0 0 0 0 0 0 0 0 0 0 0 0 0 0 0]
[3823390392151084660812601162887095406694522993397077777326491714831740464473814271052616114226177242308148989136355183429326147880503633842086545501555072379137425484415515104530844045538305510360487085812654688344456988473234808890482587811352869500173585020592793481860 0 0 0 0 0 0 0 0 0 0 0 0 0 0 0 0 0 0 0 0 0 0 0 0 0 0 0 0 0 0 0 0 0 0 0 0 0 0 0 0 0 0 0 0 0 0 0 0 0 1 0 0 0 0 0 0 0 0 0 0 0 0 0 0 0 0 0 0 0 0 0 0 0 0 0 0 0 0 0 0 0 0 0 0 0 0 0 0 0]
[487775768618173292297901991746382552342246613124985887264270800200456704642729113870776383052799989741292472117716890311729343379969153920845963685357700594657041981241278436299293657921527388096962787423698850601683785657475812097100784185272480546759597685709430461953 0 0 0 0 0 0 0 0 0 0 0 0 0 0 0 0 0 0 0 0 0 0 0 0 0 0 0 0 0 0 0 0 0 0 0 0 0 0 0 0 0 0 0 0 0 0 0 0 0 0 1 0 0 0 0 0 0 0 0 0 0 0 0 0 0 0 0 0 0 0 0 0 0 0 0 0 0 0 0 0 0 0 0 0 0 0 0 0 0]
[3591744814966316840197514341798754547099564113010648283657647335657629543023230080868332354341569336154021177969542984289614313542802028768688351498145885904654330634137492043198193650737264662928877912205101501243310925075610278963516965257761374185688668083780642846118 0 0 0 0 0 0 0 0 0 0 0 0 0 0 0 0 0 0 0 0 0 0 0 0 0 0 0 0 0 0 0 0 0 0 0 0 0 0 0 0 0 0 0 0 0 0 0 0 0 0 0 1 0 0 0 0 0 0 0 0 0 0 0 0 0 0 0 0 0 0 0 0 0 0 0 0 0 0 0 0 0 0 0 0 0 0 0 0 0]
[7708063693740145085874583987018378981974336314747049045397915873684172173543603304011528020354139297206889716750471391260742016644510274122512157201981279485647428401723404281077326423008692208540880367239210012105714297447994393105773520152804025938044374319589894494817 0 0 0 0 0 0 0 0 0 0 0 0 0 0 0 0 0 0 0 0 0 0 0 0 0 0 0 0 0 0 0 0 0 0 0 0 0 0 0 0 0 0 0 0 0 0 0 0 0 0 0 0 1 0 0 0 0 0 0 0 0 0 0 0 0 0 0 0 0 0 0 0 0 0 0 0 0 0 0 0 0 0 0 0 0 0 0 0 0]
[3181481886578704928313660562690168919528952340570691948667406038821774185587793139183970094800269479466373111466666262657122326766851155018604861381436626872211862126457027617165721378300676413072826230758672004233739957189361482878580114007281488551167367798640199457031 0 0 0 0 0 0 0 0 0 0 0 0 0 0 0 0 0 0 0 0 0 0 0 0 0 0 0 0 0 0 0 0 0 0 0 0 0 0 0 0 0 0 0 0 0 0 0 0 0 0 0 0 0 1 0 0 0 0 0 0 0 0 0 0 0 0 0 0 0 0 0 0 0 0 0 0 0 0 0 0 0 0 0 0 0 0 0 0 0]
[5215081432655618082155422440164101977408620012941465259523788848711202686100103840368370042303352286584264369194524513657123430257592734576258659044692465333761946243965504903702464989972147398552666159598951987259402327143330029992310947587232137572511679577998274233104 0 0 0 0 0 0 0 0 0 0 0 0 0 0 0 0 0 0 0 0 0 0 0 0 0 0 0 0 0 0 0 0 0 0 0 0 0 0 0 0 0 0 0 0 0 0 0 0 0 0 0 0 0 0 1 0 0 0 0 0 0 0 0 0 0 0 0 0 0 0 0 0 0 0 0 0 0 0 0 0 0 0 0 0 0 0 0 0 0]
[6662719649230974175231029548929506131436889686941281644363342163864173186440161152662037120978954486358710161900585373973069373330973799981154697788829301116059272596015573176395624326794342543462825696614153736436384436802291154139395130746665438345353293563367000719333 0 0 0 0 0 0 0 0 0 0 0 0 0 0 0 0 0 0 0 0 0 0 0 0 0 0 0 0 0 0 0 0 0 0 0 0 0 0 0 0 0 0 0 0 0 0 0 0 0 0 0 0 0 0 0 1 0 0 0 0 0 0 0 0 0 0 0 0 0 0 0 0 0 0 0 0 0 0 0 0 0 0 0 0 0 0 0 0 0]
[1215357767041122703927309151849994530471618987843362837772110120110020338835111689777736805257571209482364749077128113022998234412654110306612218255931602931219475684913637840731781887990172977918413680779357691274072814918728077367669153021289952816854855998819346514755 0 0 0 0 0 0 0 0 0 0 0 0 0 0 0 0 0 0 0 0 0 0 0 0 0 0 0 0 0 0 0 0 0 0 0 0 0 0 0 0 0 0 0 0 0 0 0 0 0 0 0 0 0 0 0 0 1 0 0 0 0 0 0 0 0 0 0 0 0 0 0 0 0 0 0 0 0 0 0 0 0 0 0 0 0 0 0 0 0]
[1032525129568722423787135118074882208053838567062570382109759788862890532319149939119787059853219027252990731165193733823831612626708015979479497455651946836045125908686485658609494422236570090959137404365374543018389096986854200142020898254188296605619373851639802534150 0 0 0 0 0 0 0 0 0 0 0 0 0 0 0 0 0 0 0 0 0 0 0 0 0 0 0 0 0 0 0 0 0 0 0 0 0 0 0 0 0 0 0 0 0 0 0 0 0 0 0 0 0 0 0 0 0 1 0 0 0 0 0 0 0 0 0 0 0 0 0 0 0 0 0 0 0 0 0 0 0 0 0 0 0 0 0 0 0]
[5978564800872717815203756158337263888655429763702779634655568600086333254250809444677317864857576077346217428386117045229238950368094894636415003404011786931020596764525808580562943804329440601536745528111099263117024695770207221745613934228848712499183458333166705504281 0 0 0 0 0 0 0 0 0 0 0 0 0 0 0 0 0 0 0 0 0 0 0 0 0 0 0 0 0 0 0 0 0 0 0 0 0 0 0 0 0 0 0 0 0 0 0 0 0 0 0 0 0 0 0 0 0 0 1 0 0 0 0 0 0 0 0 0 0 0 0 0 0 0 0 0 0 0 0 0 0 0 0 0 0 0 0 0 0]
[1337215719481595018597823832053312598802055353898883671654296663457631632282885766698120358213586945961644280276895681385285750771079470589893364081934248679692982585032557052735635620957972824435681351821359301803617956612627310938034618658354195419201405264057564476180 0 0 0 0 0 0 0 0 0 0 0 0 0 0 0 0 0 0 0 0 0 0 0 0 0 0 0 0 0 0 0 0 0 0 0 0 0 0 0 0 0 0 0 0 0 0 0 0 0 0 0 0 0 0 0 0 0 0 0 1 0 0 0 0 0 0 0 0 0 0 0 0 0 0 0 0 0 0 0 0 0 0 0 0 0 0 0 0 0]
[4765776815857271565647576544538350219263137651797920802483583761040528153898067628150956958214241335272592266932560215848512978022562038808418395751767691445578802411512192797273035226358887724033827522055800349159763664604087400630110703315485963616191263661609187929749 0 0 0 0 0 0 0 0 0 0 0 0 0 0 0 0 0 0 0 0 0 0 0 0 0 0 0 0 0 0 0 0 0 0 0 0 0 0 0 0 0 0 0 0 0 0 0 0 0 0 0 0 0 0 0 0 0 0 0 0 1 0 0 0 0 0 0 0 0 0 0 0 0 0 0 0 0 0 0 0 0 0 0 0 0 0 0 0 0]
[232355771652242160523604316530635994223723397871718755563310613774626254554731306053289048816677859534933914955055163618083918711692696988543266092520616728985940725686966080478923599241550774522171070073754945960039031052592851715934077704649496496846213964332071990420 0 0 0 0 0 0 0 0 0 0 0 0 0 0 0 0 0 0 0 0 0 0 0 0 0 0 0 0 0 0 0 0 0 0 0 0 0 0 0 0 0 0 0 0 0 0 0 0 0 0 0 0 0 0 0 0 0 0 0 0 0 1 0 0 0 0 0 0 0 0 0 0 0 0 0 0 0 0 0 0 0 0 0 0 0 0 0 0 0]
[1262444998680892155635874385608932247091203611971649103382485217318379060736851997111374545035359803615343369845262869424228203165376196784770922168973474224770097079782986975217418596400173965294180088995672545385421268428888127633228369463700252701717706485347925698594 0 0 0 0 0 0 0 0 0 0 0 0 0 0 0 0 0 0 0 0 0 0 0 0 0 0 0 0 0 0 0 0 0 0 0 0 0 0 0 0 0 0 0 0 0 0 0 0 0 0 0 0 0 0 0 0 0 0 0 0 0 0 1 0 0 0 0 0 0 0 0 0 0 0 0 0 0 0 0 0 0 0 0 0 0 0 0 0 0]
[3694173865879240447451198420346743472469183319068687280958959984124373203283084107930316548683653992448829838348429819819032565898183033366611720476973178722846441660438792380770273118337699576219351848794822071853907668126066584517775222488823358743476907955327422408621 0 0 0 0 0 0 0 0 0 0 0 0 0 0 0 0 0 0 0 0 0 0 0 0 0 0 0 0 0 0 0 0 0 0 0 0 0 0 0 0 0 0 0 0 0 0 0 0 0 0 0 0 0 0 0 0 0 0 0 0 0 0 0 1 0 0 0 0 0 0 0 0 0 0 0 0 0 0 0 0 0 0 0 0 0 0 0 0 0]
[6601728088560613930258989674012797676401430761043313203805028686473812898371648358567553818940018781851226133879416188201343490831369269778630831358277885621103101206012133407520135623197199344914105255510558136847529202122623238299198838770819734388592962814943885038167 0 0 0 0 0 0 0 0 0 0 0 0 0 0 0 0 0 0 0 0 0 0 0 0 0 0 0 0 0 0 0 0 0 0 0 0 0 0 0 0 0 0 0 0 0 0 0 0 0 0 0 0 0 0 0 0 0 0 0 0 0 0 0 0 1 0 0 0 0 0 0 0 0 0 0 0 0 0 0 0 0 0 0 0 0 0 0 0 0]
[1983845181542965451353836028733452012577898138820914996358727424497488006075203178081713827143814233889360018816067656488648360630019510484837832224035146576024281062987035537702063393355747033113134343833610194664220222473030932769657859352441580381153226748787813735991 0 0 0 0 0 0 0 0 0 0 0 0 0 0 0 0 0 0 0 0 0 0 0 0 0 0 0 0 0 0 0 0 0 0 0 0 0 0 0 0 0 0 0 0 0 0 0 0 0 0 0 0 0 0 0 0 0 0 0 0 0 0 0 0 0 1 0 0 0 0 0 0 0 0 0 0 0 0 0 0 0 0 0 0 0 0 0 0 0]
[3720662100352537991306477118468074805898149648051762402590296495097485790494100653344827876402398022001553221330925495837996972541449046632557267566011297803660725153377129148487879560098715217393700261798674738028029635120114740684304928757445107304973346477517759475936 0 0 0 0 0 0 0 0 0 0 0 0 0 0 0 0 0 0 0 0 0 0 0 0 0 0 0 0 0 0 0 0 0 0 0 0 0 0 0 0 0 0 0 0 0 0 0 0 0 0 0 0 0 0 0 0 0 0 0 0 0 0 0 0 0 0 1 0 0 0 0 0 0 0 0 0 0 0 0 0 0 0 0 0 0 0 0 0 0]
[1085710573932859216778784328244768753590479632677318949073180558859906803777415540823353232045570337876575076874675779497648394696300702579255872013321561728984043804720686720733052381888118459886064542275668306146057272077639008184924288810471886110575569805025797748783 0 0 0 0 0 0 0 0 0 0 0 0 0 0 0 0 0 0 0 0 0 0 0 0 0 0 0 0 0 0 0 0 0 0 0 0 0 0 0 0 0 0 0 0 0 0 0 0 0 0 0 0 0 0 0 0 0 0 0 0 0 0 0 0 0 0 0 1 0 0 0 0 0 0 0 0 0 0 0 0 0 0 0 0 0 0 0 0 0]
[5010098424047249550908842448314569289685332557353881788986201324885159399210895513893812931649368168909382219608106039567580628945868477395880404072027414283974825940128689585476048347282145819796388970285690369037523469434442463378732722727856171510381240976522107340916 0 0 0 0 0 0 0 0 0 0 0 0 0 0 0 0 0 0 0 0 0 0 0 0 0 0 0 0 0 0 0 0 0 0 0 0 0 0 0 0 0 0 0 0 0 0 0 0 0 0 0 0 0 0 0 0 0 0 0 0 0 0 0 0 0 0 0 0 1 0 0 0 0 0 0 0 0 0 0 0 0 0 0 0 0 0 0 0 0]
[1948270781080190087012804003144849722187955633341487804507035811207577553176788039864589411724001514843999049014310894855427853417649279201389565635449119771883455897663209231860422539379801113211746473159581034401984335458972328586471902831445858972433655787156841472980 0 0 0 0 0 0 0 0 0 0 0 0 0 0 0 0 0 0 0 0 0 0 0 0 0 0 0 0 0 0 0 0 0 0 0 0 0 0 0 0 0 0 0 0 0 0 0 0 0 0 0 0 0 0 0 0 0 0 0 0 0 0 0 0 0 0 0 0 0 1 0 0 0 0 0 0 0 0 0 0 0 0 0 0 0 0 0 0 0]
[7311420791673080302523756213929425864539043115162659486740337521351253708737591797530440896597767164825463565780475233057422319784690195455206682475627947815537453787906021546484689232691112995248340415978352830241351284030623503128375602953315836335001910944129467637327 0 0 0 0 0 0 0 0 0 0 0 0 0 0 0 0 0 0 0 0 0 0 0 0 0 0 0 0 0 0 0 0 0 0 0 0 0 0 0 0 0 0 0 0 0 0 0 0 0 0 0 0 0 0 0 0 0 0 0 0 0 0 0 0 0 0 0 0 0 0 1 0 0 0 0 0 0 0 0 0 0 0 0 0 0 0 0 0 0]
[4274762425600230056129188373151193398695993581779520874906418512061770492125898985252678284523807566510443122039842251524793751945293199771550033874018062547400940493967773134656695116639827434183119088167294015320573325343496267897601037797862192470412740340209233602541 0 0 0 0 0 0 0 0 0 0 0 0 0 0 0 0 0 0 0 0 0 0 0 0 0 0 0 0 0 0 0 0 0 0 0 0 0 0 0 0 0 0 0 0 0 0 0 0 0 0 0 0 0 0 0 0 0 0 0 0 0 0 0 0 0 0 0 0 0 0 0 1 0 0 0 0 0 0 0 0 0 0 0 0 0 0 0 0 0]
[693670778457357754834083944908062338301054289125490279906865656287217635295389408064831404882417803717086982627073331160557650718200025394217313052559932295651784449223314234986279648590038398273452284254617060478633658923048870763519005575454387053053705008538886657438 0 0 0 0 0 0 0 0 0 0 0 0 0 0 0 0 0 0 0 0 0 0 0 0 0 0 0 0 0 0 0 0 0 0 0 0 0 0 0 0 0 0 0 0 0 0 0 0 0 0 0 0 0 0 0 0 0 0 0 0 0 0 0 0 0 0 0 0 0 0 0 0 1 0 0 0 0 0 0 0 0 0 0 0 0 0 0 0 0]
[462774903880652967379111253220921311806809277788372294061702346949579204319472089528775489082357096974888725391823306403693819847880794722259801378527037817537085872756093869314055252344416224520637276052178145367342214488191290332796923737399634446378236795477075733515 0 0 0 0 0 0 0 0 0 0 0 0 0 0 0 0 0 0 0 0 0 0 0 0 0 0 0 0 0 0 0 0 0 0 0 0 0 0 0 0 0 0 0 0 0 0 0 0 0 0 0 0 0 0 0 0 0 0 0 0 0 0 0 0 0 0 0 0 0 0 0 0 0 1 0 0 0 0 0 0 0 0 0 0 0 0 0 0 0]
[5811252091318121799762805665972041024275978979928137776744923673673335171747669512489613774367580061083264147911987987993435644748294381094764859784623046693497282465355512773839008345724535008464158048755725180266057135729492901774087471021862737828634277008990233202405 0 0 0 0 0 0 0 0 0 0 0 0 0 0 0 0 0 0 0 0 0 0 0 0 0 0 0 0 0 0 0 0 0 0 0 0 0 0 0 0 0 0 0 0 0 0 0 0 0 0 0 0 0 0 0 0 0 0 0 0 0 0 0 0 0 0 0 0 0 0 0 0 0 0 1 0 0 0 0 0 0 0 0 0 0 0 0 0 0]
[5917289411993053231520614071020701602486857195803339992847306821648673679594663378182226190047255580721281206253670837502835505785221155482627967056968990673880635515875107695894299732423782667271378724333278802993932046554027528339543736137967582699776618626596296015759 0 0 0 0 0 0 0 0 0 0 0 0 0 0 0 0 0 0 0 0 0 0 0 0 0 0 0 0 0 0 0 0 0 0 0 0 0 0 0 0 0 0 0 0 0 0 0 0 0 0 0 0 0 0 0 0 0 0 0 0 0 0 0 0 0 0 0 0 0 0 0 0 0 0 0 1 0 0 0 0 0 0 0 0 0 0 0 0 0]
[550084950389207157799229454539634004398013987301223183174899464714688151431981910568462680535119796451470522826349598042294220123142397384740700362526683961816335848141467757595525324067523504935538196540756747620595162392366451679203076242897389703456409189382479142452 0 0 0 0 0 0 0 0 0 0 0 0 0 0 0 0 0 0 0 0 0 0 0 0 0 0 0 0 0 0 0 0 0 0 0 0 0 0 0 0 0 0 0 0 0 0 0 0 0 0 0 0 0 0 0 0 0 0 0 0 0 0 0 0 0 0 0 0 0 0 0 0 0 0 0 0 1 0 0 0 0 0 0 0 0 0 0 0 0]
[6286146604909669664325634834578615721370783212317648456270505010289333981080987339213877769469583873457164698190450762614009288694121051775288909260809301742733102319173642138081187169216869664304911647800939864031729161095866334599631584447368581227034657069817402812323 0 0 0 0 0 0 0 0 0 0 0 0 0 0 0 0 0 0 0 0 0 0 0 0 0 0 0 0 0 0 0 0 0 0 0 0 0 0 0 0 0 0 0 0 0 0 0 0 0 0 0 0 0 0 0 0 0 0 0 0 0 0 0 0 0 0 0 0 0 0 0 0 0 0 0 0 0 1 0 0 0 0 0 0 0 0 0 0 0]
[977811535620924792527740192408155819813438124746562782929348065614320487368717673810059751578624381241536849922371118928051867303952956359117817498497744544234407525746856129738974693460952139726203694644651678530617033334772664750257775795449158949469391718064842083155 0 0 0 0 0 0 0 0 0 0 0 0 0 0 0 0 0 0 0 0 0 0 0 0 0 0 0 0 0 0 0 0 0 0 0 0 0 0 0 0 0 0 0 0 0 0 0 0 0 0 0 0 0 0 0 0 0 0 0 0 0 0 0 0 0 0 0 0 0 0 0 0 0 0 0 0 0 0 1 0 0 0 0 0 0 0 0 0 0]
[6333224073690863717933427693041424108970929535979156560673894995782875422066434870744135963622111342908155276440064021060815120991074843057371938983609294548771083345091236577180456650462060008537307057073934262538881414008670162858627897872686034863464455336543524334762 0 0 0 0 0 0 0 0 0 0 0 0 0 0 0 0 0 0 0 0 0 0 0 0 0 0 0 0 0 0 0 0 0 0 0 0 0 0 0 0 0 0 0 0 0 0 0 0 0 0 0 0 0 0 0 0 0 0 0 0 0 0 0 0 0 0 0 0 0 0 0 0 0 0 0 0 0 0 0 1 0 0 0 0 0 0 0 0 0]
[5909652361434537905260137621322959390186279279951167885018362933661769803989761751598529443385627853768972267387886330780434253062801011749181533462508573470022119558296782199683387578547217853026971641792077102144179707715866263471592427036328441905735497796019020979092 0 0 0 0 0 0 0 0 0 0 0 0 0 0 0 0 0 0 0 0 0 0 0 0 0 0 0 0 0 0 0 0 0 0 0 0 0 0 0 0 0 0 0 0 0 0 0 0 0 0 0 0 0 0 0 0 0 0 0 0 0 0 0 0 0 0 0 0 0 0 0 0 0 0 0 0 0 0 0 0 1 0 0 0 0 0 0 0 0]
[3070823879695802478705119260907654978423371219988107059801022175176002950141717116284912914258155101211614176636610103354701903721114569839970396900682754302857448345348430327494214595168336298020104520227300957557491136398500731840111935206324475703634702247443978069978 0 0 0 0 0 0 0 0 0 0 0 0 0 0 0 0 0 0 0 0 0 0 0 0 0 0 0 0 0 0 0 0 0 0 0 0 0 0 0 0 0 0 0 0 0 0 0 0 0 0 0 0 0 0 0 0 0 0 0 0 0 0 0 0 0 0 0 0 0 0 0 0 0 0 0 0 0 0 0 0 0 1 0 0 0 0 0 0 0]
[3511393095219739986292164053500966868269412357455739993456214575457837950584115519606892223635416462837081961647342607626752195441606223250541596621976171880254156868207915509304154217179501489672219792072169840852910077537657746791275143036032046125490930051102655072955 0 0 0 0 0 0 0 0 0 0 0 0 0 0 0 0 0 0 0 0 0 0 0 0 0 0 0 0 0 0 0 0 0 0 0 0 0 0 0 0 0 0 0 0 0 0 0 0 0 0 0 0 0 0 0 0 0 0 0 0 0 0 0 0 0 0 0 0 0 0 0 0 0 0 0 0 0 0 0 0 0 0 1 0 0 0 0 0 0]
[7434660308630364177062016586175840399985063391814262172707407480584223728056767244718194599232293768168294125423735970900197737717572290114861302266996758170951517942700416679174261022401672167204991297854788017778102661483746782932360460916388257115279739940456980720288 0 0 0 0 0 0 0 0 0 0 0 0 0 0 0 0 0 0 0 0 0 0 0 0 0 0 0 0 0 0 0 0 0 0 0 0 0 0 0 0 0 0 0 0 0 0 0 0 0 0 0 0 0 0 0 0 0 0 0 0 0 0 0 0 0 0 0 0 0 0 0 0 0 0 0 0 0 0 0 0 0 0 0 1 0 0 0 0 0]
[462195380994456212109466053388634274789961271942183732605351096023107941205044442488893767315591070966797300310013615316153885972100495123381187402825956067351218164853223767549394143560383392640936218676917529197307606418597844198375735692503518653936009725012224112402 0 0 0 0 0 0 0 0 0 0 0 0 0 0 0 0 0 0 0 0 0 0 0 0 0 0 0 0 0 0 0 0 0 0 0 0 0 0 0 0 0 0 0 0 0 0 0 0 0 0 0 0 0 0 0 0 0 0 0 0 0 0 0 0 0 0 0 0 0 0 0 0 0 0 0 0 0 0 0 0 0 0 0 0 1 0 0 0 0]
[6160426719368827446006783186787561659037367984764043845951192916802244091255231930907252332757355325194046816042378584728311446705381276894519121026343685580867539308749358631064198426538348441507382093277827035725293348956940425536552404613782227794753117224586071525376 0 0 0 0 0 0 0 0 0 0 0 0 0 0 0 0 0 0 0 0 0 0 0 0 0 0 0 0 0 0 0 0 0 0 0 0 0 0 0 0 0 0 0 0 0 0 0 0 0 0 0 0 0 0 0 0 0 0 0 0 0 0 0 0 0 0 0 0 0 0 0 0 0 0 0 0 0 0 0 0 0 0 0 0 0 1 0 0 0]
[6174196956697226091728902123191495545010603035957994219212422966364064291416906307122530389313893064943346462575475544855871162532954245624446523561264395875757159350992508843836353383570349928861205395959999578399900954203947721931910906074315002889026347039994643578281 0 0 0 0 0 0 0 0 0 0 0 0 0 0 0 0 0 0 0 0 0 0 0 0 0 0 0 0 0 0 0 0 0 0 0 0 0 0 0 0 0 0 0 0 0 0 0 0 0 0 0 0 0 0 0 0 0 0 0 0 0 0 0 0 0 0 0 0 0 0 0 0 0 0 0 0 0 0 0 0 0 0 0 0 0 0 1 0 0]
[3044009543735843030188948094755913263143644629519475577877355393264898888017115608359629868577367031540014791068823932614773096040832179254873144252115480747404252712203684134659947200728104625290697520900169622955637332032540326562852965296030590949277086678964914026466 0 0 0 0 0 0 0 0 0 0 0 0 0 0 0 0 0 0 0 0 0 0 0 0 0 0 0 0 0 0 0 0 0 0 0 0 0 0 0 0 0 0 0 0 0 0 0 0 0 0 0 0 0 0 0 0 0 0 0 0 0 0 0 0 0 0 0 0 0 0 0 0 0 0 0 0 0 0 0 0 0 0 0 0 0 0 0 1 0]
[7084824012674561228447821561504924197492703567645235354904034675478710165034021407833298211785238175314028059556405687633377547752042849394498547936517459603384877715074354795983114247963798675175017995230789407546222398542405460711251124524109599071369384593480504788614 0 0 0 0 0 0 0 0 0 0 0 0 0 0 0 0 0 0 0 0 0 0 0 0 0 0 0 0 0 0 0 0 0 0 0 0 0 0 0 0 0 0 0 0 0 0 0 0 0 0 0 0 0 0 0 0 0 0 0 0 0 0 0 0 0 0 0 0 0 0 0 0 0 0 0 0 0 0 0 0 0 0 0 0 0 0 0 0 1]
]
