[[10221322764454707984191884440318728257129151893985004956130259327478809957615013026025884029949420292601827171860806806565587596155476375425171106052805287394777433852090877977139893024163471083227305635068755656382680377404674674787452223291012049089170178880940758070854537649193046891498976852785193401238082360098319315916937127 0 0 0 0 0 0 0 0 0 0 0 0 0 0 0 0 0 0 0 0 0 0 0 0 0 0 0 0 0 0 0 0 0 0 0 0 0 0 0 0 0 0 0 0 0 0 0 0 0 0 0 0 0 0 0 0 0 0 0 0 0 0 0 0 0 0 0 0 0 0 0 0 0 0 0 0 0 0 0 0 0 0 0 0 0 0 0 0 0 0 0 0 0 0 0 0 0 0 0 0 0 0 0 0 0 0 0 0 0]
[9749493999491795604397417248271798573212107256862761383311821392474272880918715055096974272710674986980371241637258442965170166806421347924005977561205802396906907227659743248767617336615136689633299239622703362398396234771697806099254904359219957211729627206312648351248413522899870718132917543764455839235841148179202766893732735 1 0 0 0 0 0 0 0 0 0 0 0 0 0 0 0 0 0 0 0 0 0 0 0 0 0 0 0 0 0 0 0 0 0 0 0 0 0 0 0 0 0 0 0 0 0 0 0 0 0 0 0 0 0 0 0 0 0 0 0 0 0 0 0 0 0 0 0 0 0 0 0 0 0 0 0 0 0 0 0 0 0 0 0 0 0 0 0 0 0 0 0 0 0 0 0 0 0 0 0 0 0 0 0 0 0 0 0 0]
[7594996895602278913897794126834468477490205632939898335517740899032784116257592266425610431538689880863908217176458371594165975780186112023739328130892043052619835245313104747763277762066155575715671024487402457306663675598600620168738698931910322616761828937552410183070468900084185820979095417912276741565244758370599808666239706 0 1 0 0 0 0 0 0 0 0 0 0 0 0 0 0 0 0 0 0 0 0 0 0 0 0 0 0 0 0 0 0 0 0 0 0 0 0 0 0 0 0 0 0 0 0 0 0 0 0 0 0 0 0 0 0 0 0 0 0 0 0 0 0 0 0 0 0 0 0 0 0 0 0 0 0 0 0 0 0 0 0 0 0 0 0 0 0 0 0 0 0 0 0 0 0 0 0 0 0 0 0 0 0 0 0 0 0 0]
[7208036400639461224760906528099978030325328800119107088491007825658548273290663092660224009495217868806253002492252466423929107052432457815430657898193223582166776458255809597823011111736095290909431020654200833689067424824414796478734588690336324052324710713999589585054184627107249542043112227015228545625936653989962445759871690 0 0 1 0 0 0 0 0 0 0 0 0 0 0 0 0 0 0 0 0 0 0 0 0 0 0 0 0 0 0 0 0 0 0 0 0 0 0 0 0 0 0 0 0 0 0 0 0 0 0 0 0 0 0 0 0 0 0 0 0 0 0 0 0 0 0 0 0 0 0 0 0 0 0 0 0 0 0 0 0 0 0 0 0 0 0 0 0 0 0 0 0 0 0 0 0 0 0 0 0 0 0 0 0 0 0 0 0 0]
[3947340191973350714480024073494322605695243319926935440363524923202607615805618810085770890927000296396770206421586453681321122320475486763254346441927810213298032094643238002337181939586727991250569528195544682813265170119777446886344819074505071919252959368580819531983794085184499733115918433953102356022905073798052469782768272 0 0 0 1 0 0 0 0 0 0 0 0 0 0 0 0 0 0 0 0 0 0 0 0 0 0 0 0 0 0 0 0 0 0 0 0 0 0 0 0 0 0 0 0 0 0 0 0 0 0 0 0 0 0 0 0 0 0 0 0 0 0 0 0 0 0 0 0 0 0 0 0 0 0 0 0 0 0 0 0 0 0 0 0 0 0 0 0 0 0 0 0 0 0 0 0 0 0 0 0 0 0 0 0 0 0 0 0 0]
[5346664464828909350842463620418870932606954109497415884997013678575894944530789866077353897892517894917984235245555913237530575833383637763495706044923024397740111432035904300624889055615839170950190700760041405591769517543348547687838731805094981848640359827411758450490141379964154599911625009706076597263988699311832618982650978 0 0 0 0 1 0 0 0 0 0 0 0 0 0 0 0 0 0 0 0 0 0 0 0 0 0 0 0 0 0 0 0 0 0 0 0 0 0 0 0 0 0 0 0 0 0 0 0 0 0 0 0 0 0 0 0 0 0 0 0 0 0 0 0 0 0 0 0 0 0 0 0 0 0 0 0 0 0 0 0 0 0 0 0 0 0 0 0 0 0 0 0 0 0 0 0 0 0 0 0 0 0 0 0 0 0 0 0 0]
[5858253909300459036764875470605742061407326685057734461122212524158965510677746463056400260999822644153444898308033886839130504162082987128063433020553379016481235055244393480400948670584807507583249491089538881445289469247034724253677804283323776471609258397526106643450230468697099826586623525940493453819068847525376819936064409 0 0 0 0 0 1 0 0 0 0 0 0 0 0 0 0 0 0 0 0 0 0 0 0 0 0 0 0 0 0 0 0 0 0 0 0 0 0 0 0 0 0 0 0 0 0 0 0 0 0 0 0 0 0 0 0 0 0 0 0 0 0 0 0 0 0 0 0 0 0 0 0 0 0 0 0 0 0 0 0 0 0 0 0 0 0 0 0 0 0 0 0 0 0 0 0 0 0 0 0 0 0 0 0 0 0 0 0 0]
[6744746836412808531905951883575709922391067011182970108810622396222661600216815939077985500646500239831170574817474543658166769848517887335052801990228831568342188301207751982289899381295385619943287320524757910311154040523449052675722719781976578854455228927339646848596816865511743556607260374573221027029914666020161211929689345 0 0 0 0 0 0 1 0 0 0 0 0 0 0 0 0 0 0 0 0 0 0 0 0 0 0 0 0 0 0 0 0 0 0 0 0 0 0 0 0 0 0 0 0 0 0 0 0 0 0 0 0 0 0 0 0 0 0 0 0 0 0 0 0 0 0 0 0 0 0 0 0 0 0 0 0 0 0 0 0 0 0 0 0 0 0 0 0 0 0 0 0 0 0 0 0 0 0 0 0 0 0 0 0 0 0 0 0 0]
[6345627871274977204252043831702136120166116670956289844563706116590698166935393360469405763290179983151678925747494580011168541682031580873301524330443112429632730254802707615187636103936661592248483277753981930403928318649986281806094345722456260428184934366165944318022461733746545652418062890596840367430156356323248992650397072 0 0 0 0 0 0 0 1 0 0 0 0 0 0 0 0 0 0 0 0 0 0 0 0 0 0 0 0 0 0 0 0 0 0 0 0 0 0 0 0 0 0 0 0 0 0 0 0 0 0 0 0 0 0 0 0 0 0 0 0 0 0 0 0 0 0 0 0 0 0 0 0 0 0 0 0 0 0 0 0 0 0 0 0 0 0 0 0 0 0 0 0 0 0 0 0 0 0 0 0 0 0 0 0 0 0 0 0 0]
[4196256435492345986550316292307258330930831642391036440155047516373032521038789784440197185188476153855348294380040279600763025302125293702557122327816637446544901954922152821043730758600358249721542049622040916918527204206049989117364638274848044362097587001377768146783773160491280476538124693167823230163884940365438440591642544 0 0 0 0 0 0 0 0 1 0 0 0 0 0 0 0 0 0 0 0 0 0 0 0 0 0 0 0 0 0 0 0 0 0 0 0 0 0 0 0 0 0 0 0 0 0 0 0 0 0 0 0 0 0 0 0 0 0 0 0 0 0 0 0 0 0 0 0 0 0 0 0 0 0 0 0 0 0 0 0 0 0 0 0 0 0 0 0 0 0 0 0 0 0 0 0 0 0 0 0 0 0 0 0 0 0 0 0 0]
[3325085353483040168334965547111395542371010761949620132162995562883653967184144360344031807109546381446535462894512642518983897537727336643709684526442261649028266993867484557471004703418125810305693061252926346696389704258419210460381853293310715136860899137038627018794421823162472141102183607078722217666309615651536571382900869 0 0 0 0 0 0 0 0 0 1 0 0 0 0 0 0 0 0 0 0 0 0 0 0 0 0 0 0 0 0 0 0 0 0 0 0 0 0 0 0 0 0 0 0 0 0 0 0 0 0 0 0 0 0 0 0 0 0 0 0 0 0 0 0 0 0 0 0 0 0 0 0 0 0 0 0 0 0 0 0 0 0 0 0 0 0 0 0 0 0 0 0 0 0 0 0 0 0 0 0 0 0 0 0 0 0 0 0 0]
[1805333430536139382871967465680535681107725783729100056742865760799222873716660514916726297703956261829965190114463642273871486894731070726948981080309108686447361742387141489336476135199020620432425178130924049729721852120868360716897821336975927608644568082347362329774186353608947215716823606840346073710961786192856193331883136 0 0 0 0 0 0 0 0 0 0 1 0 0 0 0 0 0 0 0 0 0 0 0 0 0 0 0 0 0 0 0 0 0 0 0 0 0 0 0 0 0 0 0 0 0 0 0 0 0 0 0 0 0 0 0 0 0 0 0 0 0 0 0 0 0 0 0 0 0 0 0 0 0 0 0 0 0 0 0 0 0 0 0 0 0 0 0 0 0 0 0 0 0 0 0 0 0 0 0 0 0 0 0 0 0 0 0 0 0]
[1132637606301935138933445207729892856932751270829978219480949766224728195410968161607996036950857920497940510601744744068392449735239015815775940844078645590452194036720116544341903429353638810377388061056129286336640987047823495858002497769234898500518116946676927286305874416550791440391747183738242468466375945507635002032681454 0 0 0 0 0 0 0 0 0 0 0 1 0 0 0 0 0 0 0 0 0 0 0 0 0 0 0 0 0 0 0 0 0 0 0 0 0 0 0 0 0 0 0 0 0 0 0 0 0 0 0 0 0 0 0 0 0 0 0 0 0 0 0 0 0 0 0 0 0 0 0 0 0 0 0 0 0 0 0 0 0 0 0 0 0 0 0 0 0 0 0 0 0 0 0 0 0 0 0 0 0 0 0 0 0 0 0 0 0]
[2477836783341331621425161003822464578169133097730790329958580287326008686258873858794233384601787624906728827311961536991926929645155489317930840429765659851739662147517353063838543571800433190259269672488519420936867791589858721591509972042387941077286197879306473402993729465046062964751712534094318522319824650899667631168351695 0 0 0 0 0 0 0 0 0 0 0 0 1 0 0 0 0 0 0 0 0 0 0 0 0 0 0 0 0 0 0 0 0 0 0 0 0 0 0 0 0 0 0 0 0 0 0 0 0 0 0 0 0 0 0 0 0 0 0 0 0 0 0 0 0 0 0 0 0 0 0 0 0 0 0 0 0 0 0 0 0 0 0 0 0 0 0 0 0 0 0 0 0 0 0 0 0 0 0 0 0 0 0 0 0 0 0 0 0]
[4627752422368953727307521192962574856552905753278691007042980793212765306000250564417399315930890344743343694993517676573700846478468947514414729377627630841110576312696380849661624292135443020850811312779245172606110523965259976678585901254167876075925905693482194031917530505817795182634411161519251984039017487711974806839492449 0 0 0 0 0 0 0 0 0 0 0 0 0 1 0 0 0 0 0 0 0 0 0 0 0 0 0 0 0 0 0 0 0 0 0 0 0 0 0 0 0 0 0 0 0 0 0 0 0 0 0 0 0 0 0 0 0 0 0 0 0 0 0 0 0 0 0 0 0 0 0 0 0 0 0 0 0 0 0 0 0 0 0 0 0 0 0 0 0 0 0 0 0 0 0 0 0 0 0 0 0 0 0 0 0 0 0 0 0]
[960999032946813767881632793638697437160546105034362483568154941925375667861116870812787014426730225785071368525306746468464382359796868547874588709990645460586793801927214754439277397180620575080428628552459911404613520356776041494613272729444606830843201722748438414447299239124831395512682129600609618555068154887364906756956349 0 0 0 0 0 0 0 0 0 0 0 0 0 0 1 0 0 0 0 0 0 0 0 0 0 0 0 0 0 0 0 0 0 0 0 0 0 0 0 0 0 0 0 0 0 0 0 0 0 0 0 0 0 0 0 0 0 0 0 0 0 0 0 0 0 0 0 0 0 0 0 0 0 0 0 0 0 0 0 0 0 0 0 0 0 0 0 0 0 0 0 0 0 0 0 0 0 0 0 0 0 0 0 0 0 0 0 0 0]
[5162250526848753685490470908357975695117391406844223929502935283312901643691562433018156928844482080137618875568203567659406979557325147955272370574604702430682122767389250794580426458971433038328557726903855149815265649713026851245726690135665882178590641759158413885118795239599195489792045110733619332065855603246039063913756897 0 0 0 0 0 0 0 0 0 0 0 0 0 0 0 1 0 0 0 0 0 0 0 0 0 0 0 0 0 0 0 0 0 0 0 0 0 0 0 0 0 0 0 0 0 0 0 0 0 0 0 0 0 0 0 0 0 0 0 0 0 0 0 0 0 0 0 0 0 0 0 0 0 0 0 0 0 0 0 0 0 0 0 0 0 0 0 0 0 0 0 0 0 0 0 0 0 0 0 0 0 0 0 0 0 0 0 0 0]
[9795268035339661902539306892727142235988271982663244645376084129797714356171397321281923603635460316365871242261401580859245998292946650067298407335542395844688304115666817068223746360157628405892676991876293344518548898061244511169255070587164487682880640647194870247437616339250899616833513356959635857846247853352301395086582071 0 0 0 0 0 0 0 0 0 0 0 0 0 0 0 0 1 0 0 0 0 0 0 0 0 0 0 0 0 0 0 0 0 0 0 0 0 0 0 0 0 0 0 0 0 0 0 0 0 0 0 0 0 0 0 0 0 0 0 0 0 0 0 0 0 0 0 0 0 0 0 0 0 0 0 0 0 0 0 0 0 0 0 0 0 0 0 0 0 0 0 0 0 0 0 0 0 0 0 0 0 0 0 0 0 0 0 0 0]
[8908938253603589454545715562371965193886968551782418232027041816327544980278091469775878382389109696565451297930930951016026929688187126411819522458392939092668350357410604713558938627205553169275000812126539750064892650543914035873566669544136103582118220885168836189507664473549678346920238093948886943361607982314474350054802054 0 0 0 0 0 0 0 0 0 0 0 0 0 0 0 0 0 1 0 0 0 0 0 0 0 0 0 0 0 0 0 0 0 0 0 0 0 0 0 0 0 0 0 0 0 0 0 0 0 0 0 0 0 0 0 0 0 0 0 0 0 0 0 0 0 0 0 0 0 0 0 0 0 0 0 0 0 0 0 0 0 0 0 0 0 0 0 0 0 0 0 0 0 0 0 0 0 0 0 0 0 0 0 0 0 0 0 0 0]
[8535966128337787682437260421705279942011314940584648203024161125412290397238899349166115459374265031898448620631020884078589578179088160975100696778696881988715712260662729891769946527990147422146946408697089524435900670941776249595821579974039432737119040160434068675348915211968631483408029282505399723544522985633788917125515115 0 0 0 0 0 0 0 0 0 0 0 0 0 0 0 0 0 0 1 0 0 0 0 0 0 0 0 0 0 0 0 0 0 0 0 0 0 0 0 0 0 0 0 0 0 0 0 0 0 0 0 0 0 0 0 0 0 0 0 0 0 0 0 0 0 0 0 0 0 0 0 0 0 0 0 0 0 0 0 0 0 0 0 0 0 0 0 0 0 0 0 0 0 0 0 0 0 0 0 0 0 0 0 0 0 0 0 0 0]
[192360396704598893070472382765239274473827290782838003631512156203178657295064583980530897343627695195099558040620874034248410067380320691173312461645301340389804069524361305214400361885060723776753205584208920275048109171243725205782063444673124637791766400049508825045790386084688554779087167849126097126069477165969797274173100 0 0 0 0 0 0 0 0 0 0 0 0 0 0 0 0 0 0 0 1 0 0 0 0 0 0 0 0 0 0 0 0 0 0 0 0 0 0 0 0 0 0 0 0 0 0 0 0 0 0 0 0 0 0 0 0 0 0 0 0 0 0 0 0 0 0 0 0 0 0 0 0 0 0 0 0 0 0 0 0 0 0 0 0 0 0 0 0 0 0 0 0 0 0 0 0 0 0 0 0 0 0 0 0 0 0 0 0 0]
[117020649003268173508486805250575645253746150467823576885568425750331741924251842217076892512545138673652257092716125983629409587403482422314740604796197519311506747831864536025512058627588745684704943091240866619890324549163027852319575959744491315145775531843884959459057081255967529179468499702845974325883551709315893363336603 0 0 0 0 0 0 0 0 0 0 0 0 0 0 0 0 0 0 0 0 1 0 0 0 0 0 0 0 0 0 0 0 0 0 0 0 0 0 0 0 0 0 0 0 0 0 0 0 0 0 0 0 0 0 0 0 0 0 0 0 0 0 0 0 0 0 0 0 0 0 0 0 0 0 0 0 0 0 0 0 0 0 0 0 0 0 0 0 0 0 0 0 0 0 0 0 0 0 0 0 0 0 0 0 0 0 0 0 0]
[2488801450326450725281933457734090699655210859914027137083637113770201709507925038933066476750464903509792913461879056957250470738348719410937040472092504289173539292486252016356186122379116979139648281743657268642706936642156424154274316166348590056561522448006900443222219223462886692585928462040522121967411238921907822341162384 0 0 0 0 0 0 0 0 0 0 0 0 0 0 0 0 0 0 0 0 0 1 0 0 0 0 0 0 0 0 0 0 0 0 0 0 0 0 0 0 0 0 0 0 0 0 0 0 0 0 0 0 0 0 0 0 0 0 0 0 0 0 0 0 0 0 0 0 0 0 0 0 0 0 0 0 0 0 0 0 0 0 0 0 0 0 0 0 0 0 0 0 0 0 0 0 0 0 0 0 0 0 0 0 0 0 0 0 0]
[8426343783218818159397032886556768809098925657900799560169581880818660610139851138992019919482198582741501196715259878872826648201773529760055321553364725045142594971781264434336361069645047458705251282158706623930328179977445115386931450833550198518763966152471278155532146349478562523327640059587817117234406251313263559353298395 0 0 0 0 0 0 0 0 0 0 0 0 0 0 0 0 0 0 0 0 0 0 1 0 0 0 0 0 0 0 0 0 0 0 0 0 0 0 0 0 0 0 0 0 0 0 0 0 0 0 0 0 0 0 0 0 0 0 0 0 0 0 0 0 0 0 0 0 0 0 0 0 0 0 0 0 0 0 0 0 0 0 0 0 0 0 0 0 0 0 0 0 0 0 0 0 0 0 0 0 0 0 0 0 0 0 0 0 0]
[6712618427016078188044336209816079352114964354946721694476239500573175533599563850302807732019264256374037668646724113432047736855004046664294486288467301132660217435992149047982387608071066255102329932524708357509686048492697048944218482177805529627173792995390446015449054121441022973914029161638968181022169191514031847560048485 0 0 0 0 0 0 0 0 0 0 0 0 0 0 0 0 0 0 0 0 0 0 0 1 0 0 0 0 0 0 0 0 0 0 0 0 0 0 0 0 0 0 0 0 0 0 0 0 0 0 0 0 0 0 0 0 0 0 0 0 0 0 0 0 0 0 0 0 0 0 0 0 0 0 0 0 0 0 0 0 0 0 0 0 0 0 0 0 0 0 0 0 0 0 0 0 0 0 0 0 0 0 0 0 0 0 0 0 0]
[8284560590552559025672561333533011313681455950552913575763051231921824250766350247445334255525830556111622913267084884755775578546743899071821662788031506969315855085558767023064684859318851922027864872595801021566705333330081809403555243406500276865223794268612589846832686525748615911371626016714720856070564497641138392569398430 0 0 0 0 0 0 0 0 0 0 0 0 0 0 0 0 0 0 0 0 0 0 0 0 1 0 0 0 0 0 0 0 0 0 0 0 0 0 0 0 0 0 0 0 0 0 0 0 0 0 0 0 0 0 0 0 0 0 0 0 0 0 0 0 0 0 0 0 0 0 0 0 0 0 0 0 0 0 0 0 0 0 0 0 0 0 0 0 0 0 0 0 0 0 0 0 0 0 0 0 0 0 0 0 0 0 0 0 0]
[336109190307644360576771096814254426014146473993440488498427954586802948009661441130479797777265453509013593680231460262122002427656972619879455343344172948443604474405185787240417874763610592455527060760565432502495180051302935093665390944008501864976541817240710067366863358883387738761232591933773004189732786015557357904608090 0 0 0 0 0 0 0 0 0 0 0 0 0 0 0 0 0 0 0 0 0 0 0 0 0 1 0 0 0 0 0 0 0 0 0 0 0 0 0 0 0 0 0 0 0 0 0 0 0 0 0 0 0 0 0 0 0 0 0 0 0 0 0 0 0 0 0 0 0 0 0 0 0 0 0 0 0 0 0 0 0 0 0 0 0 0 0 0 0 0 0 0 0 0 0 0 0 0 0 0 0 0 0 0 0 0 0 0 0]
[10024888812977310384371670123496860259467032916668016462301855098337808070170628689005714715667173276177829032770515992292074286112307641457438316463136028256124318946047354046705692974497049781008602455203144267162511181382125723358118321856512184954326845880990719875795777437443613430816414630220778270317212498703078493200731632 0 0 0 0 0 0 0 0 0 0 0 0 0 0 0 0 0 0 0 0 0 0 0 0 0 0 1 0 0 0 0 0 0 0 0 0 0 0 0 0 0 0 0 0 0 0 0 0 0 0 0 0 0 0 0 0 0 0 0 0 0 0 0 0 0 0 0 0 0 0 0 0 0 0 0 0 0 0 0 0 0 0 0 0 0 0 0 0 0 0 0 0 0 0 0 0 0 0 0 0 0 0 0 0 0 0 0 0 0]
[2281163793996936278481919007926954902370245936272273853525369365885819716344616576105090527658609613544251911647375881830331841918083027209392638082140398629889377590636498349062709441852977874020706293335054422887995297856261072022506883915486545559542460609746502948791354833820446926103451744484783940883436142018976632204247750 0 0 0 0 0 0 0 0 0 0 0 0 0 0 0 0 0 0 0 0 0 0 0 0 0 0 0 1 0 0 0 0 0 0 0 0 0 0 0 0 0 0 0 0 0 0 0 0 0 0 0 0 0 0 0 0 0 0 0 0 0 0 0 0 0 0 0 0 0 0 0 0 0 0 0 0 0 0 0 0 0 0 0 0 0 0 0 0 0 0 0 0 0 0 0 0 0 0 0 0 0 0 0 0 0 0 0 0 0]
[9598017390968704156565594085160417338547982100934265855011758371868090810540046840662393652631907115529884804292053219530333207470025169548909956372386479357051509800308533433284927480275358012685037139777466290094209313702419548763284559311424090658512357534184641934952386939943028382389788444211975921531421364703921212319350072 0 0 0 0 0 0 0 0 0 0 0 0 0 0 0 0 0 0 0 0 0 0 0 0 0 0 0 0 1 0 0 0 0 0 0 0 0 0 0 0 0 0 0 0 0 0 0 0 0 0 0 0 0 0 0 0 0 0 0 0 0 0 0 0 0 0 0 0 0 0 0 0 0 0 0 0 0 0 0 0 0 0 0 0 0 0 0 0 0 0 0 0 0 0 0 0 0 0 0 0 0 0 0 0 0 0 0 0 0]
[1782285972020075282842438704243662688949969123112185663971800244578078840505398179196490494598654713003499110842692603299823607290260467734244341460003187998106515107107815726294200488564384322301467766928330102963455524862680384702935852839138240610911782681856415897833378374661307897007730551230069120767269372936139002518353816 0 0 0 0 0 0 0 0 0 0 0 0 0 0 0 0 0 0 0 0 0 0 0 0 0 0 0 0 0 1 0 0 0 0 0 0 0 0 0 0 0 0 0 0 0 0 0 0 0 0 0 0 0 0 0 0 0 0 0 0 0 0 0 0 0 0 0 0 0 0 0 0 0 0 0 0 0 0 0 0 0 0 0 0 0 0 0 0 0 0 0 0 0 0 0 0 0 0 0 0 0 0 0 0 0 0 0 0 0]
[6187118893823344249014440892336184114033139813332926821027869320228417433763920809062168387524590348456042068956133478360859965472552981447063647487685849176617988135998020822051965376024995634681547543196001043947489337044638395048702784172313040946380591080520113318602460458341291088448281371937018763336616528187422947016918525 0 0 0 0 0 0 0 0 0 0 0 0 0 0 0 0 0 0 0 0 0 0 0 0 0 0 0 0 0 0 1 0 0 0 0 0 0 0 0 0 0 0 0 0 0 0 0 0 0 0 0 0 0 0 0 0 0 0 0 0 0 0 0 0 0 0 0 0 0 0 0 0 0 0 0 0 0 0 0 0 0 0 0 0 0 0 0 0 0 0 0 0 0 0 0 0 0 0 0 0 0 0 0 0 0 0 0 0 0]
[6849279241165356460211030212757083842903394678562829188678389135551263139558857071717313843661265896502911088802097162024678140489198770749819965049668905155933075324828559030385872327643794159480778458574499129392723683292014959308082807944288533265519769348999589946315422757342561224789008167168562152203755026695808137968206624 0 0 0 0 0 0 0 0 0 0 0 0 0 0 0 0 0 0 0 0 0 0 0 0 0 0 0 0 0 0 0 1 0 0 0 0 0 0 0 0 0 0 0 0 0 0 0 0 0 0 0 0 0 0 0 0 0 0 0 0 0 0 0 0 0 0 0 0 0 0 0 0 0 0 0 0 0 0 0 0 0 0 0 0 0 0 0 0 0 0 0 0 0 0 0 0 0 0 0 0 0 0 0 0 0 0 0 0 0]
[7370389495618805446144255163303965839776356086888453031366169583130381696879674649661457849906865797805187920374428536314571118111217729253220146008567714707598907620417230724581593344268204629985791597052909089810888611049565005037918604430415142728833704271160407533117073053465545775178694164404258906351483965207108898424277557 0 0 0 0 0 0 0 0 0 0 0 0 0 0 0 0 0 0 0 0 0 0 0 0 0 0 0 0 0 0 0 0 1 0 0 0 0 0 0 0 0 0 0 0 0 0 0 0 0 0 0 0 0 0 0 0 0 0 0 0 0 0 0 0 0 0 0 0 0 0 0 0 0 0 0 0 0 0 0 0 0 0 0 0 0 0 0 0 0 0 0 0 0 0 0 0 0 0 0 0 0 0 0 0 0 0 0 0 0]
[6956584365503008306203049024076673236249048293583963421899459545597344439512410451802895328852838451098439476485107229385443463099298000014361127840083823725411269580763857380710062042370396928431213374140775002294680813738100937389165668843527559080375116338282455330849979087234142627758930536139556281759393477551477312534196671 0 0 0 0 0 0 0 0 0 0 0 0 0 0 0 0 0 0 0 0 0 0 0 0 0 0 0 0 0 0 0 0 0 1 0 0 0 0 0 0 0 0 0 0 0 0 0 0 0 0 0 0 0 0 0 0 0 0 0 0 0 0 0 0 0 0 0 0 0 0 0 0 0 0 0 0 0 0 0 0 0 0 0 0 0 0 0 0 0 0 0 0 0 0 0 0 0 0 0 0 0 0 0 0 0 0 0 0 0]
[5283332345710176972751821159531796730739773474323032451708698399679913998436415408295281836541675933642830078766399127304026948588417875827368623226691459154733234518458365476606385882955652087170662646316077193560828743161937282593053958623507109275416923733546187708446643044486598064068980395931124855336384998176435320055858519 0 0 0 0 0 0 0 0 0 0 0 0 0 0 0 0 0 0 0 0 0 0 0 0 0 0 0 0 0 0 0 0 0 0 1 0 0 0 0 0 0 0 0 0 0 0 0 0 0 0 0 0 0 0 0 0 0 0 0 0 0 0 0 0 0 0 0 0 0 0 0 0 0 0 0 0 0 0 0 0 0 0 0 0 0 0 0 0 0 0 0 0 0 0 0 0 0 0 0 0 0 0 0 0 0 0 0 0 0]
[9842459591771363750605439720536451722325623476824770307994582603432005849810185697717095445190074464837924809601506506084104788128238735515531199036853689709785608536923406287872893630018038059648205650417877530182329446131932719567579765602328959391468781698331479146337878782116150167892499172223953116561652564794948405642826348 0 0 0 0 0 0 0 0 0 0 0 0 0 0 0 0 0 0 0 0 0 0 0 0 0 0 0 0 0 0 0 0 0 0 0 1 0 0 0 0 0 0 0 0 0 0 0 0 0 0 0 0 0 0 0 0 0 0 0 0 0 0 0 0 0 0 0 0 0 0 0 0 0 0 0 0 0 0 0 0 0 0 0 0 0 0 0 0 0 0 0 0 0 0 0 0 0 0 0 0 0 0 0 0 0 0 0 0 0]
[9861146684775951347187502153506158363308950119580186311836007841986885476517692737153280210040910896904666640389757081778547831937108797022170908845424127403055695173586956627600691515808396608442033039121464915890805352520109720676142326995701364615411494858781022895547753990161203311518278915207117373341627985096885603440360205 0 0 0 0 0 0 0 0 0 0 0 0 0 0 0 0 0 0 0 0 0 0 0 0 0 0 0 0 0 0 0 0 0 0 0 0 1 0 0 0 0 0 0 0 0 0 0 0 0 0 0 0 0 0 0 0 0 0 0 0 0 0 0 0 0 0 0 0 0 0 0 0 0 0 0 0 0 0 0 0 0 0 0 0 0 0 0 0 0 0 0 0 0 0 0 0 0 0 0 0 0 0 0 0 0 0 0 0 0]
[6148675738553505742835268871588168758787896928508753454606028024128455935462590675871394889414744971372007011512869135629400388356062789323415665637853170992032005608825196055922411889773040529900646843978944619132337840997735426988353270838856173240685963540991517129608307616738506161224454597102312202540366394671069234742508117 0 0 0 0 0 0 0 0 0 0 0 0 0 0 0 0 0 0 0 0 0 0 0 0 0 0 0 0 0 0 0 0 0 0 0 0 0 1 0 0 0 0 0 0 0 0 0 0 0 0 0 0 0 0 0 0 0 0 0 0 0 0 0 0 0 0 0 0 0 0 0 0 0 0 0 0 0 0 0 0 0 0 0 0 0 0 0 0 0 0 0 0 0 0 0 0 0 0 0 0 0 0 0 0 0 0 0 0 0]
[4897373115741240274084850004938462093006747971285878987857418558601027213120551729786687998731312005397848425493773019637256109644285634633063389188891831028224276115888898187471153971389003526999996886233181037106015607485274146996922355257770210782923313189827356282841965987943188287965198396020655836584374048652560580420669280 0 0 0 0 0 0 0 0 0 0 0 0 0 0 0 0 0 0 0 0 0 0 0 0 0 0 0 0 0 0 0 0 0 0 0 0 0 0 1 0 0 0 0 0 0 0 0 0 0 0 0 0 0 0 0 0 0 0 0 0 0 0 0 0 0 0 0 0 0 0 0 0 0 0 0 0 0 0 0 0 0 0 0 0 0 0 0 0 0 0 0 0 0 0 0 0 0 0 0 0 0 0 0 0 0 0 0 0 0]
[4328241197535538656538979568447716521984518826366428757047826930574168602303860234925756158660302034134133693145670622173716258581716171338478549203759914422623525405792902424546829675592446671262017714454144048754323311309396733300724036607241220242742697050856722946750770077912097157368441698013263572895219757813829700462405809 0 0 0 0 0 0 0 0 0 0 0 0 0 0 0 0 0 0 0 0 0 0 0 0 0 0 0 0 0 0 0 0 0 0 0 0 0 0 0 1 0 0 0 0 0 0 0 0 0 0 0 0 0 0 0 0 0 0 0 0 0 0 0 0 0 0 0 0 0 0 0 0 0 0 0 0 0 0 0 0 0 0 0 0 0 0 0 0 0 0 0 0 0 0 0 0 0 0 0 0 0 0 0 0 0 0 0 0 0]
[9223359290948784602549891181677586790380283165951655350345522731172968609052482958686774993504538099350648371029583238583242361882850565124969181327735493107656023180516624804234167446327831480081577769845421302052423374961600547908010651207801197166589933810538076807813588623916269989921679001849196765890099279199704392511352947 0 0 0 0 0 0 0 0 0 0 0 0 0 0 0 0 0 0 0 0 0 0 0 0 0 0 0 0 0 0 0 0 0 0 0 0 0 0 0 0 1 0 0 0 0 0 0 0 0 0 0 0 0 0 0 0 0 0 0 0 0 0 0 0 0 0 0 0 0 0 0 0 0 0 0 0 0 0 0 0 0 0 0 0 0 0 0 0 0 0 0 0 0 0 0 0 0 0 0 0 0 0 0 0 0 0 0 0 0]
[256574863126175203706019158869312515598401651994631120671621724146680234368743455921530813879813056338774328324226496312308706457554038547962179108330635605923090089893992753933224009384539523723616834637565043815119091941332494649953033954608284756843780364991794540482402276808312277381076131597571689280472164624258265484427468 0 0 0 0 0 0 0 0 0 0 0 0 0 0 0 0 0 0 0 0 0 0 0 0 0 0 0 0 0 0 0 0 0 0 0 0 0 0 0 0 0 1 0 0 0 0 0 0 0 0 0 0 0 0 0 0 0 0 0 0 0 0 0 0 0 0 0 0 0 0 0 0 0 0 0 0 0 0 0 0 0 0 0 0 0 0 0 0 0 0 0 0 0 0 0 0 0 0 0 0 0 0 0 0 0 0 0 0 0]
[1055363642218060357150415757772410209595715820223200753059880369123185489020244387638645157691192093272655569383668859814578143154376323359234227991340729274654360506801388942320720199402946255575108903078853818566251294416580931978459507199309998154466632597893854633596499055214698721196513418377073737220191433870377716912807499 0 0 0 0 0 0 0 0 0 0 0 0 0 0 0 0 0 0 0 0 0 0 0 0 0 0 0 0 0 0 0 0 0 0 0 0 0 0 0 0 0 0 1 0 0 0 0 0 0 0 0 0 0 0 0 0 0 0 0 0 0 0 0 0 0 0 0 0 0 0 0 0 0 0 0 0 0 0 0 0 0 0 0 0 0 0 0 0 0 0 0 0 0 0 0 0 0 0 0 0 0 0 0 0 0 0 0 0 0]
[1851909239722376135013306253101317473534802303282352551414799002888847568466637896606033688939427806534602571818047654230828405027272991593527918571587768372347234436477240630410990109112549809239777247676079153324626349401271751953570214186746742484355006084149513255243659639626426130853357062099429203167674976109389918892053806 0 0 0 0 0 0 0 0 0 0 0 0 0 0 0 0 0 0 0 0 0 0 0 0 0 0 0 0 0 0 0 0 0 0 0 0 0 0 0 0 0 0 0 1 0 0 0 0 0 0 0 0 0 0 0 0 0 0 0 0 0 0 0 0 0 0 0 0 0 0 0 0 0 0 0 0 0 0 0 0 0 0 0 0 0 0 0 0 0 0 0 0 0 0 0 0 0 0 0 0 0 0 0 0 0 0 0 0 0]
[4873072366913962148299442954598723561436501433673122992330497838378289684780295139320208294496007539162300231226681183508120283784372382469063830526990450621079567905529685035089638692545305021739663848982162146177688013072581041517669704841790181726560150647946914877272504248101564254945123909584990233208439391747731265442289393 0 0 0 0 0 0 0 0 0 0 0 0 0 0 0 0 0 0 0 0 0 0 0 0 0 0 0 0 0 0 0 0 0 0 0 0 0 0 0 0 0 0 0 0 1 0 0 0 0 0 0 0 0 0 0 0 0 0 0 0 0 0 0 0 0 0 0 0 0 0 0 0 0 0 0 0 0 0 0 0 0 0 0 0 0 0 0 0 0 0 0 0 0 0 0 0 0 0 0 0 0 0 0 0 0 0 0 0 0]
[2742724685993074677706558757056871180445772579900484706713650052124551994684989974543552476335066068595359423282650410350725035347975720873271422730303657395408909345476278161736010658310182436684707847334928554711408385226898539297880453531326209401176560671683292033702232308028273758565966786833177419009746702159796204086205628 0 0 0 0 0 0 0 0 0 0 0 0 0 0 0 0 0 0 0 0 0 0 0 0 0 0 0 0 0 0 0 0 0 0 0 0 0 0 0 0 0 0 0 0 0 1 0 0 0 0 0 0 0 0 0 0 0 0 0 0 0 0 0 0 0 0 0 0 0 0 0 0 0 0 0 0 0 0 0 0 0 0 0 0 0 0 0 0 0 0 0 0 0 0 0 0 0 0 0 0 0 0 0 0 0 0 0 0 0]
[3986824389714588189661448597330311348354052341576467584797048005361369018117688300172069757470965082632924356228284109009583531920900977668335087727353296367981037198588913927488267206626778053492840442339856093854616892510547271810318848686787946112696274468077599357886882880247807463719140486774234749805104451973645752630644218 0 0 0 0 0 0 0 0 0 0 0 0 0 0 0 0 0 0 0 0 0 0 0 0 0 0 0 0 0 0 0 0 0 0 0 0 0 0 0 0 0 0 0 0 0 0 1 0 0 0 0 0 0 0 0 0 0 0 0 0 0 0 0 0 0 0 0 0 0 0 0 0 0 0 0 0 0 0 0 0 0 0 0 0 0 0 0 0 0 0 0 0 0 0 0 0 0 0 0 0 0 0 0 0 0 0 0 0 0]
[9165089262933334641686011479423401103203826670030549637556259541346707795794819849768615228520345104405842957591524623582508961745180988649711347722456313350392136724775831614751693982362508036941770149408795019501342909506535412082622537362290037805231799297436848004489587925348010800897447353365720608637161674585511338508918349 0 0 0 0 0 0 0 0 0 0 0 0 0 0 0 0 0 0 0 0 0 0 0 0 0 0 0 0 0 0 0 0 0 0 0 0 0 0 0 0 0 0 0 0 0 0 0 1 0 0 0 0 0 0 0 0 0 0 0 0 0 0 0 0 0 0 0 0 0 0 0 0 0 0 0 0 0 0 0 0 0 0 0 0 0 0 0 0 0 0 0 0 0 0 0 0 0 0 0 0 0 0 0 0 0 0 0 0 0]
[326964706624089307804683624944207819128031855834328386450158497249604627495676246498303632384568954552544911612451131022378831441353080956337794338491304328067172208575145272806664799653405294694214941839000856233484195026821508450271091924275143535634791487894878072694013939172659617301360084140972636787822907679925313833751390 0 0 0 0 0 0 0 0 0 0 0 0 0 0 0 0 0 0 0 0 0 0 0 0 0 0 0 0 0 0 0 0 0 0 0 0 0 0 0 0 0 0 0 0 0 0 0 0 1 0 0 0 0 0 0 0 0 0 0 0 0 0 0 0 0 0 0 0 0 0 0 0 0 0 0 0 0 0 0 0 0 0 0 0 0 0 0 0 0 0 0 0 0 0 0 0 0 0 0 0 0 0 0 0 0 0 0 0 0]
[4353719076520595423256762269526038005373724355857284428448139698853207373385725645199340803604370223897833904829901248417158735955161440194241973542762810389272817170351589195276621107871850178334367242548909636157116496572391134194245154107250452502435080956414849883709177849334362598040417697264731043227394510211839548614685577 0 0 0 0 0 0 0 0 0 0 0 0 0 0 0 0 0 0 0 0 0 0 0 0 0 0 0 0 0 0 0 0 0 0 0 0 0 0 0 0 0 0 0 0 0 0 0 0 0 1 0 0 0 0 0 0 0 0 0 0 0 0 0 0 0 0 0 0 0 0 0 0 0 0 0 0 0 0 0 0 0 0 0 0 0 0 0 0 0 0 0 0 0 0 0 0 0 0 0 0 0 0 0 0 0 0 0 0 0]
[7263340217187956353013404827690108002945756512890149619050997020865697689097692807635588053139290782105398218823034657361831570579020242325499870022838547068708562774469495958705781033154756303330545711062480607259649903731238328868154121022151863610887355655463389874711206289356528061244823224019495204113058048233986520791758634 0 0 0 0 0 0 0 0 0 0 0 0 0 0 0 0 0 0 0 0 0 0 0 0 0 0 0 0 0 0 0 0 0 0 0 0 0 0 0 0 0 0 0 0 0 0 0 0 0 0 1 0 0 0 0 0 0 0 0 0 0 0 0 0 0 0 0 0 0 0 0 0 0 0 0 0 0 0 0 0 0 0 0 0 0 0 0 0 0 0 0 0 0 0 0 0 0 0 0 0 0 0 0 0 0 0 0 0 0]
[4085735314750131571382916723911021699865499446042761832475772649338176606963875240834213952236531827279409147349296210107035540016575320293585085288705034287669439649574481593749953580922037599665490058699947714501044485832050195520423779072587472282896091002382991653770464521532185328088227799801185800331360324914244882172919425 0 0 0 0 0 0 0 0 0 0 0 0 0 0 0 0 0 0 0 0 0 0 0 0 0 0 0 0 0 0 0 0 0 0 0 0 0 0 0 0 0 0 0 0 0 0 0 0 0 0 0 1 0 0 0 0 0 0 0 0 0 0 0 0 0 0 0 0 0 0 0 0 0 0 0 0 0 0 0 0 0 0 0 0 0 0 0 0 0 0 0 0 0 0 0 0 0 0 0 0 0 0 0 0 0 0 0 0 0]
[9334771230401191335798697845995814300822369998688157936274480068357570485586338491359250826954770108121991198106784217761515582027686415485891843166952804492863666365392977468096117369147780706398994681583224759964320692035476308326569577022087597720753501509901852680553239819024471162453873324171811609707228297887229444569067344 0 0 0 0 0 0 0 0 0 0 0 0 0 0 0 0 0 0 0 0 0 0 0 0 0 0 0 0 0 0 0 0 0 0 0 0 0 0 0 0 0 0 0 0 0 0 0 0 0 0 0 0 1 0 0 0 0 0 0 0 0 0 0 0 0 0 0 0 0 0 0 0 0 0 0 0 0 0 0 0 0 0 0 0 0 0 0 0 0 0 0 0 0 0 0 0 0 0 0 0 0 0 0 0 0 0 0 0 0]
[5792888464311484149591073937879758020263773288488172475097464991388169389274361891675876689856751413418912518975959303879637512370549407059116422567104789763710364200838435943696133990409525725972254518885907459887960673636889616683981754472258648384903420436580767897493861535925880821805510848017837587333613646714552645071120720 0 0 0 0 0 0 0 0 0 0 0 0 0 0 0 0 0 0 0 0 0 0 0 0 0 0 0 0 0 0 0 0 0 0 0 0 0 0 0 0 0 0 0 0 0 0 0 0 0 0 0 0 0 1 0 0 0 0 0 0 0 0 0 0 0 0 0 0 0 0 0 0 0 0 0 0 0 0 0 0 0 0 0 0 0 0 0 0 0 0 0 0 0 0 0 0 0 0 0 0 0 0 0 0 0 0 0 0 0]
[308247143469550566939127967609006844253807210222814219912586311081983293469984488232449203625857225423925949924159869932512568742754693079736501681933937121262340092713452806704059101517211784229281366011945908102139789764057734956144338078842677463036701618578088468030205840557719296132216523294198362136960626166396923605797005 0 0 0 0 0 0 0 0 0 0 0 0 0 0 0 0 0 0 0 0 0 0 0 0 0 0 0 0 0 0 0 0 0 0 0 0 0 0 0 0 0 0 0 0 0 0 0 0 0 0 0 0 0 0 1 0 0 0 0 0 0 0 0 0 0 0 0 0 0 0 0 0 0 0 0 0 0 0 0 0 0 0 0 0 0 0 0 0 0 0 0 0 0 0 0 0 0 0 0 0 0 0 0 0 0 0 0 0 0]
[4603211606772422738777276356627769122045944576957733105456029858763128226538855830684935659155593909606009908437543893107897572066586442470962014512776257254750884588311760376940654516244189559258592693770907539628451475630117621322528630905509724122783344607603458932059407581392680378195387378225021657858928175062611956335608385 0 0 0 0 0 0 0 0 0 0 0 0 0 0 0 0 0 0 0 0 0 0 0 0 0 0 0 0 0 0 0 0 0 0 0 0 0 0 0 0 0 0 0 0 0 0 0 0 0 0 0 0 0 0 0 1 0 0 0 0 0 0 0 0 0 0 0 0 0 0 0 0 0 0 0 0 0 0 0 0 0 0 0 0 0 0 0 0 0 0 0 0 0 0 0 0 0 0 0 0 0 0 0 0 0 0 0 0 0]
[4506706904024866366977069092467072211747623594455426733456375706743970396163033360135650419470870971874959829075232969446816334180821448110143840810661947530125398053598097981321106196444540365652048415351861911266456818544603523278900098133151733062871825334997129862721641898903739352115301875661521661415773544671645415944993973 0 0 0 0 0 0 0 0 0 0 0 0 0 0 0 0 0 0 0 0 0 0 0 0 0 0 0 0 0 0 0 0 0 0 0 0 0 0 0 0 0 0 0 0 0 0 0 0 0 0 0 0 0 0 0 0 1 0 0 0 0 0 0 0 0 0 0 0 0 0 0 0 0 0 0 0 0 0 0 0 0 0 0 0 0 0 0 0 0 0 0 0 0 0 0 0 0 0 0 0 0 0 0 0 0 0 0 0 0]
[3666958117671790378653837233607260163194799849596751194119162305834815977775348572483226811264557422046324908469095989052664561406371186714905639124975179089310088035357457493846481022895477303352966073109086166575093613619368334538995798171707581167168655699631876486841120495927928137170048057302664810781070479918926821686526039 0 0 0 0 0 0 0 0 0 0 0 0 0 0 0 0 0 0 0 0 0 0 0 0 0 0 0 0 0 0 0 0 0 0 0 0 0 0 0 0 0 0 0 0 0 0 0 0 0 0 0 0 0 0 0 0 0 1 0 0 0 0 0 0 0 0 0 0 0 0 0 0 0 0 0 0 0 0 0 0 0 0 0 0 0 0 0 0 0 0 0 0 0 0 0 0 0 0 0 0 0 0 0 0 0 0 0 0 0]
[6273429160065666255163839125507368432722758110704456699975836831199310148764426325168801352874985108299984473464704293315767037640445924375917727784521061532997309933110721164769199856414966645522763136624091801373318597477001094463564054328974417143591591777860591296112770703384764416103349128704520199216845807252222372899332747 0 0 0 0 0 0 0 0 0 0 0 0 0 0 0 0 0 0 0 0 0 0 0 0 0 0 0 0 0 0 0 0 0 0 0 0 0 0 0 0 0 0 0 0 0 0 0 0 0 0 0 0 0 0 0 0 0 0 1 0 0 0 0 0 0 0 0 0 0 0 0 0 0 0 0 0 0 0 0 0 0 0 0 0 0 0 0 0 0 0 0 0 0 0 0 0 0 0 0 0 0 0 0 0 0 0 0 0 0]
[2937968825310324976515622011644655790760264420858483890509081314028139388146098433420655596871005760819430293998437814322473537170171418015691554307528319307104244282193808500636630492867621676160339232758213628636418498019089709172984660104538096272008602208404430135704031047488537579158454648573669857643474872116471662633143788 0 0 0 0 0 0 0 0 0 0 0 0 0 0 0 0 0 0 0 0 0 0 0 0 0 0 0 0 0 0 0 0 0 0 0 0 0 0 0 0 0 0 0 0 0 0 0 0 0 0 0 0 0 0 0 0 0 0 0 1 0 0 0 0 0 0 0 0 0 0 0 0 0 0 0 0 0 0 0 0 0 0 0 0 0 0 0 0 0 0 0 0 0 0 0 0 0 0 0 0 0 0 0 0 0 0 0 0 0]
[4142235328573661366778040435371732713360307143567744953911233720963940682819801579494179075469216395387575676884408834399486169380560614493706888291926081497312798642310554214659138515512403718607128528058652234654106567359500277108620121438631556018844867669676555342291574113777923838044448289145736232226260282974887653020010910 0 0 0 0 0 0 0 0 0 0 0 0 0 0 0 0 0 0 0 0 0 0 0 0 0 0 0 0 0 0 0 0 0 0 0 0 0 0 0 0 0 0 0 0 0 0 0 0 0 0 0 0 0 0 0 0 0 0 0 0 1 0 0 0 0 0 0 0 0 0 0 0 0 0 0 0 0 0 0 0 0 0 0 0 0 0 0 0 0 0 0 0 0 0 0 0 0 0 0 0 0 0 0 0 0 0 0 0 0]
[9038587866490677533170212576455555185604970908836901464475087188383394703555116331054240432746131363236583204034770686308502502667499987446734856822400219075782686205458073641013104713089962234701696023504365051436201168396850497874922364318619312776344354710365107181970319713649548826279992975425024486969797421028216483294757347 0 0 0 0 0 0 0 0 0 0 0 0 0 0 0 0 0 0 0 0 0 0 0 0 0 0 0 0 0 0 0 0 0 0 0 0 0 0 0 0 0 0 0 0 0 0 0 0 0 0 0 0 0 0 0 0 0 0 0 0 0 1 0 0 0 0 0 0 0 0 0 0 0 0 0 0 0 0 0 0 0 0 0 0 0 0 0 0 0 0 0 0 0 0 0 0 0 0 0 0 0 0 0 0 0 0 0 0 0]
[1736218362175025198477333128948996951291886875386131664425647269312941081746566302511763765153184021071785452942985115523287139449587112718694380277990385974282623527996644622299769412638350361443483108036602692886562087774962194791321330672235064854817716421859026946069196360984533585782643812726048414309461838701787111193677656 0 0 0 0 0 0 0 0 0 0 0 0 0 0 0 0 0 0 0 0 0 0 0 0 0 0 0 0 0 0 0 0 0 0 0 0 0 0 0 0 0 0 0 0 0 0 0 0 0 0 0 0 0 0 0 0 0 0 0 0 0 0 1 0 0 0 0 0 0 0 0 0 0 0 0 0 0 0 0 0 0 0 0 0 0 0 0 0 0 0 0 0 0 0 0 0 0 0 0 0 0 0 0 0 0 0 0 0 0]
[3688809574654508626949137339081536282790813791152747764283651739822798410379576742855285043512429203509355870162623338408617386771062564179501840415084439197310026511105635875485021488208683939664125424230213703720436603838531953670562716541769071931516025767037247348466362343646873356946689384666792998923011050573449275806082024 0 0 0 0 0 0 0 0 0 0 0 0 0 0 0 0 0 0 0 0 0 0 0 0 0 0 0 0 0 0 0 0 0 0 0 0 0 0 0 0 0 0 0 0 0 0 0 0 0 0 0 0 0 0 0 0 0 0 0 0 0 0 0 1 0 0 0 0 0 0 0 0 0 0 0 0 0 0 0 0 0 0 0 0 0 0 0 0 0 0 0 0 0 0 0 0 0 0 0 0 0 0 0 0 0 0 0 0 0]
[6092196589888053297991220406251011924996385158947476417116746362293419931397483430661643083420238719183753720048377072711157835768606362813247032786264617343533793310793995711109318850420993561123726070131543733656674357849550359337441038680329664016141641471145527302108005704312434922806836899754158679157835125152257786235855183 0 0 0 0 0 0 0 0 0 0 0 0 0 0 0 0 0 0 0 0 0 0 0 0 0 0 0 0 0 0 0 0 0 0 0 0 0 0 0 0 0 0 0 0 0 0 0 0 0 0 0 0 0 0 0 0 0 0 0 0 0 0 0 0 1 0 0 0 0 0 0 0 0 0 0 0 0 0 0 0 0 0 0 0 0 0 0 0 0 0 0 0 0 0 0 0 0 0 0 0 0 0 0 0 0 0 0 0 0]
[1539572183819953524604744759030147877863133131924930574963180249609670500992880754286805688454398547678428061753779834865813328219645497495016507597953180303626112757127778250967932666923248570708121289118282290157241478217235609194487247643299726633059913196999175066051438296872163277630455979222956521437003959436366357428903005 0 0 0 0 0 0 0 0 0 0 0 0 0 0 0 0 0 0 0 0 0 0 0 0 0 0 0 0 0 0 0 0 0 0 0 0 0 0 0 0 0 0 0 0 0 0 0 0 0 0 0 0 0 0 0 0 0 0 0 0 0 0 0 0 0 1 0 0 0 0 0 0 0 0 0 0 0 0 0 0 0 0 0 0 0 0 0 0 0 0 0 0 0 0 0 0 0 0 0 0 0 0 0 0 0 0 0 0 0]
[1882758924067427714951407601257181576442847982849082253800500245485047628925946423307757219670655544209799951860942235262828173877681429953891899594848369014551473843561700025367920752339280756016333676430934103808857939625275356975917798096351894811012887931951608553158759693751839311954218078645554197278396795597384001030497507 0 0 0 0 0 0 0 0 0 0 0 0 0 0 0 0 0 0 0 0 0 0 0 0 0 0 0 0 0 0 0 0 0 0 0 0 0 0 0 0 0 0 0 0 0 0 0 0 0 0 0 0 0 0 0 0 0 0 0 0 0 0 0 0 0 0 1 0 0 0 0 0 0 0 0 0 0 0 0 0 0 0 0 0 0 0 0 0 0 0 0 0 0 0 0 0 0 0 0 0 0 0 0 0 0 0 0 0 0]
[5340317728336298870390814791151843269230921847162161393444771552178102106032418542481377988138584878592545136839070546233718801367887835149979984164174543316600822289185521776552685708034363252457540857999126642462337332807061701006736877017586911908797895179427315818873935725684579510867266242038232653195330193574613650765521531 0 0 0 0 0 0 0 0 0 0 0 0 0 0 0 0 0 0 0 0 0 0 0 0 0 0 0 0 0 0 0 0 0 0 0 0 0 0 0 0 0 0 0 0 0 0 0 0 0 0 0 0 0 0 0 0 0 0 0 0 0 0 0 0 0 0 0 1 0 0 0 0 0 0 0 0 0 0 0 0 0 0 0 0 0 0 0 0 0 0 0 0 0 0 0 0 0 0 0 0 0 0 0 0 0 0 0 0 0]
[5655617259293755465275886116867020010752377407817214227092421360842106746915274382338837177223976194709837126261226628229411936022962429526947712417792778880058905231213745287976388721872924625021658597473272973164217729664220190920693544483308019838389923013109469536361331438675633788390786251308451577702180203884300631144776763 0 0 0 0 0 0 0 0 0 0 0 0 0 0 0 0 0 0 0 0 0 0 0 0 0 0 0 0 0 0 0 0 0 0 0 0 0 0 0 0 0 0 0 0 0 0 0 0 0 0 0 0 0 0 0 0 0 0 0 0 0 0 0 0 0 0 0 0 1 0 0 0 0 0 0 0 0 0 0 0 0 0 0 0 0 0 0 0 0 0 0 0 0 0 0 0 0 0 0 0 0 0 0 0 0 0 0 0 0]
[3992580365382747111395254839248275462162997064313381916845935118044398417685504370462022562260719957182549864975468940161367670541632906524485139690674463804578194246551475870266046526045801797024614444970995558379128899824290196236997509094488137751459482485180416623898367382386588651169165026955197807265971653127894667670268439 0 0 0 0 0 0 0 0 0 0 0 0 0 0 0 0 0 0 0 0 0 0 0 0 0 0 0 0 0 0 0 0 0 0 0 0 0 0 0 0 0 0 0 0 0 0 0 0 0 0 0 0 0 0 0 0 0 0 0 0 0 0 0 0 0 0 0 0 0 1 0 0 0 0 0 0 0 0 0 0 0 0 0 0 0 0 0 0 0 0 0 0 0 0 0 0 0 0 0 0 0 0 0 0 0 0 0 0 0]
[4626895988421163256675700432830091759947602169527246497670328042115531287193524749285889983498741913749270383663694791432069817194569163214451137225544679269032223668258649351088880342181242849264915471930695001075105941156491342039169117853373427201309188511983315970802609075371461149011325283390278239849402154710672903843754304 0 0 0 0 0 0 0 0 0 0 0 0 0 0 0 0 0 0 0 0 0 0 0 0 0 0 0 0 0 0 0 0 0 0 0 0 0 0 0 0 0 0 0 0 0 0 0 0 0 0 0 0 0 0 0 0 0 0 0 0 0 0 0 0 0 0 0 0 0 0 1 0 0 0 0 0 0 0 0 0 0 0 0 0 0 0 0 0 0 0 0 0 0 0 0 0 0 0 0 0 0 0 0 0 0 0 0 0 0]
[4301120855586582750395256191665320106438252728089787785634587802450629382599483837501133429331445618677651039443987009785115411593351926186311737309864557348863543702502739250249956451725645869771587752268164862110727761647512987289949848505050764016085210680604092895226222360401572017898876808653072341705122994655519057230199571 0 0 0 0 0 0 0 0 0 0 0 0 0 0 0 0 0 0 0 0 0 0 0 0 0 0 0 0 0 0 0 0 0 0 0 0 0 0 0 0 0 0 0 0 0 0 0 0 0 0 0 0 0 0 0 0 0 0 0 0 0 0 0 0 0 0 0 0 0 0 0 1 0 0 0 0 0 0 0 0 0 0 0 0 0 0 0 0 0 0 0 0 0 0 0 0 0 0 0 0 0 0 0 0 0 0 0 0 0]
[2138907607503660636571661385585136213616265379833508058295319517165022903182932491786291991018581734181805302294047041409057074671923066901956029038668311242791782592672690443420014189500244895653324470720796675198410175252179353110749973611599476542950856569643502177729710645890856671983296019914094027184613627011426278832336297 0 0 0 0 0 0 0 0 0 0 0 0 0 0 0 0 0 0 0 0 0 0 0 0 0 0 0 0 0 0 0 0 0 0 0 0 0 0 0 0 0 0 0 0 0 0 0 0 0 0 0 0 0 0 0 0 0 0 0 0 0 0 0 0 0 0 0 0 0 0 0 0 1 0 0 0 0 0 0 0 0 0 0 0 0 0 0 0 0 0 0 0 0 0 0 0 0 0 0 0 0 0 0 0 0 0 0 0 0]
[1491650428299860027457086245419370948545864234180261971704461701168808271490273564152281800512367388385971259788522787366193929430917196546650871554815802766766101721095217226732246729211674758479436141656677233600177310712083424815074726663521234993483379332667395053651874786659747886903661921121504857780932872387892943112253061 0 0 0 0 0 0 0 0 0 0 0 0 0 0 0 0 0 0 0 0 0 0 0 0 0 0 0 0 0 0 0 0 0 0 0 0 0 0 0 0 0 0 0 0 0 0 0 0 0 0 0 0 0 0 0 0 0 0 0 0 0 0 0 0 0 0 0 0 0 0 0 0 0 1 0 0 0 0 0 0 0 0 0 0 0 0 0 0 0 0 0 0 0 0 0 0 0 0 0 0 0 0 0 0 0 0 0 0 0]
[278861886216049479482355125500900515062415757464095525664435971737441265231233504785800018570505410880795296810454473189215428408593371908319425420597218843723349175773627177431757005934643811844822704463645403602800443580364337997570409064184667628073992054428553069650057951353270931882773650580279471649865731160955878268795560 0 0 0 0 0 0 0 0 0 0 0 0 0 0 0 0 0 0 0 0 0 0 0 0 0 0 0 0 0 0 0 0 0 0 0 0 0 0 0 0 0 0 0 0 0 0 0 0 0 0 0 0 0 0 0 0 0 0 0 0 0 0 0 0 0 0 0 0 0 0 0 0 0 0 1 0 0 0 0 0 0 0 0 0 0 0 0 0 0 0 0 0 0 0 0 0 0 0 0 0 0 0 0 0 0 0 0 0 0]
[9880961451004321808011324604165571188541333551879093554404010684142131215171629397193439368191168927673892588290379768109564547153122787596403948999548763418337949353511166234222622438222516227362522855850633625168778684319690875367248864130855299268164480122276482195276729537817134578671049829784085663321635491246232189006542918 0 0 0 0 0 0 0 0 0 0 0 0 0 0 0 0 0 0 0 0 0 0 0 0 0 0 0 0 0 0 0 0 0 0 0 0 0 0 0 0 0 0 0 0 0 0 0 0 0 0 0 0 0 0 0 0 0 0 0 0 0 0 0 0 0 0 0 0 0 0 0 0 0 0 0 1 0 0 0 0 0 0 0 0 0 0 0 0 0 0 0 0 0 0 0 0 0 0 0 0 0 0 0 0 0 0 0 0 0]
[2816369448338136175515630423560403033500045114967170766038378512570629747724448473200224221103962948426839941879782880620001737905585578165076362648626398340804577093322350114785645206633240704271104696958255545487341511438760582137164435798913825634147924891418431524830072322880026843539371577059281153309523515505461523927538250 0 0 0 0 0 0 0 0 0 0 0 0 0 0 0 0 0 0 0 0 0 0 0 0 0 0 0 0 0 0 0 0 0 0 0 0 0 0 0 0 0 0 0 0 0 0 0 0 0 0 0 0 0 0 0 0 0 0 0 0 0 0 0 0 0 0 0 0 0 0 0 0 0 0 0 0 1 0 0 0 0 0 0 0 0 0 0 0 0 0 0 0 0 0 0 0 0 0 0 0 0 0 0 0 0 0 0 0 0]
[3856986772691511724680955365248184608767281334424110761744382421353056126966790206750641481108796763638604598601641835875492647038213827570042626781875987048446498967471895606092006743665658551343749144788001337715105180781473276424383047690344325643342503281120226718071555273527691447459463105544432310661919225768665152534549210 0 0 0 0 0 0 0 0 0 0 0 0 0 0 0 0 0 0 0 0 0 0 0 0 0 0 0 0 0 0 0 0 0 0 0 0 0 0 0 0 0 0 0 0 0 0 0 0 0 0 0 0 0 0 0 0 0 0 0 0 0 0 0 0 0 0 0 0 0 0 0 0 0 0 0 0 0 1 0 0 0 0 0 0 0 0 0 0 0 0 0 0 0 0 0 0 0 0 0 0 0 0 0 0 0 0 0 0 0]
[8936614812086025593781744052806550930456880060288581354188274957040090498555161108739689696627554145471240084951360592391469318553866545749721213117494666657119633565655089547179303950494249221414428083722039125614685126573664721688786892632218323570533714427173973037236871505355468245728741476761879069643390434902437311582969186 0 0 0 0 0 0 0 0 0 0 0 0 0 0 0 0 0 0 0 0 0 0 0 0 0 0 0 0 0 0 0 0 0 0 0 0 0 0 0 0 0 0 0 0 0 0 0 0 0 0 0 0 0 0 0 0 0 0 0 0 0 0 0 0 0 0 0 0 0 0 0 0 0 0 0 0 0 0 1 0 0 0 0 0 0 0 0 0 0 0 0 0 0 0 0 0 0 0 0 0 0 0 0 0 0 0 0 0 0]
[1230984561422152209738910548367153758812701542292141258943754422542056870293616893531352352466111405786713748133672375895170641712522750309432470029406249174557480125357917999016821868730835005518912445361155330857613386290075670889481808899914069014719806894049614431860091802066171529636143296706795326021041438673587564739794802 0 0 0 0 0 0 0 0 0 0 0 0 0 0 0 0 0 0 0 0 0 0 0 0 0 0 0 0 0 0 0 0 0 0 0 0 0 0 0 0 0 0 0 0 0 0 0 0 0 0 0 0 0 0 0 0 0 0 0 0 0 0 0 0 0 0 0 0 0 0 0 0 0 0 0 0 0 0 0 1 0 0 0 0 0 0 0 0 0 0 0 0 0 0 0 0 0 0 0 0 0 0 0 0 0 0 0 0 0]
[3385807865730577295460345762166432479061298123910509768956140919132104715123657370122911293743314120101370001440052334513393368183078819426099246542931716126903914952326156696179428107614156465483071976148316784650670633649757419722594153263310255639926271029719302626713032295823271011807728922068702070600330812197355103726617232 0 0 0 0 0 0 0 0 0 0 0 0 0 0 0 0 0 0 0 0 0 0 0 0 0 0 0 0 0 0 0 0 0 0 0 0 0 0 0 0 0 0 0 0 0 0 0 0 0 0 0 0 0 0 0 0 0 0 0 0 0 0 0 0 0 0 0 0 0 0 0 0 0 0 0 0 0 0 0 0 1 0 0 0 0 0 0 0 0 0 0 0 0 0 0 0 0 0 0 0 0 0 0 0 0 0 0 0 0]
[4691744314395140769341444128633803508615689724536382612169361578385934622882084370222775549061788804819868248129600966586476709937474615077613930775337677697552185185061532826026068586251584403442391742334158212113693063489918670575055740449609575504342466521379864835795707410991344374973644917058976778690035946559011337512868026 0 0 0 0 0 0 0 0 0 0 0 0 0 0 0 0 0 0 0 0 0 0 0 0 0 0 0 0 0 0 0 0 0 0 0 0 0 0 0 0 0 0 0 0 0 0 0 0 0 0 0 0 0 0 0 0 0 0 0 0 0 0 0 0 0 0 0 0 0 0 0 0 0 0 0 0 0 0 0 0 0 1 0 0 0 0 0 0 0 0 0 0 0 0 0 0 0 0 0 0 0 0 0 0 0 0 0 0 0]
[6180501162163322963274533659703855432132622672143616009166229209311181516724524540072472540495840989060411232182629220540872975721039456847040648617492754744764598307500266394783219858988801802036381478481820785885496140141895102335458683987406836212333315816936813582752595289875501551133566118490135496587574286111377957932330827 0 0 0 0 0 0 0 0 0 0 0 0 0 0 0 0 0 0 0 0 0 0 0 0 0 0 0 0 0 0 0 0 0 0 0 0 0 0 0 0 0 0 0 0 0 0 0 0 0 0 0 0 0 0 0 0 0 0 0 0 0 0 0 0 0 0 0 0 0 0 0 0 0 0 0 0 0 0 0 0 0 0 1 0 0 0 0 0 0 0 0 0 0 0 0 0 0 0 0 0 0 0 0 0 0 0 0 0 0]
[4891839332812586125158735495234184627387871824563135739934203688336877051701025628543658478349491838802272868604330715163894093459652387269765724585547515900317884868733294023290061716770083470032680764994657289879775425457899960926279135436918502574903311970928486645336064469514171618912523915675015704213864675145327933054378870 0 0 0 0 0 0 0 0 0 0 0 0 0 0 0 0 0 0 0 0 0 0 0 0 0 0 0 0 0 0 0 0 0 0 0 0 0 0 0 0 0 0 0 0 0 0 0 0 0 0 0 0 0 0 0 0 0 0 0 0 0 0 0 0 0 0 0 0 0 0 0 0 0 0 0 0 0 0 0 0 0 0 0 1 0 0 0 0 0 0 0 0 0 0 0 0 0 0 0 0 0 0 0 0 0 0 0 0 0]
[4421186981508690195614884890027927478130371144499730722451675576060445540907745137607679408758311026070253807736685837509114608671226115695117544803384416746826461076774493250819996889627225726573190163333525958288911817124261232010678182411188349247451062936494400306498330997032828752974696732211980655172718977050347631339105392 0 0 0 0 0 0 0 0 0 0 0 0 0 0 0 0 0 0 0 0 0 0 0 0 0 0 0 0 0 0 0 0 0 0 0 0 0 0 0 0 0 0 0 0 0 0 0 0 0 0 0 0 0 0 0 0 0 0 0 0 0 0 0 0 0 0 0 0 0 0 0 0 0 0 0 0 0 0 0 0 0 0 0 0 1 0 0 0 0 0 0 0 0 0 0 0 0 0 0 0 0 0 0 0 0 0 0 0 0]
[2408141824391435068104781183192338401113697876605677361842431377473490595164138440528066663255247999398328851808345387778843123690967412089368839841796129530551669999160744683479643755272080704889230888826060869847961463677569822878443424425317681401392168971763445440711712109170727623071691400164900830148705800014381101841723512 0 0 0 0 0 0 0 0 0 0 0 0 0 0 0 0 0 0 0 0 0 0 0 0 0 0 0 0 0 0 0 0 0 0 0 0 0 0 0 0 0 0 0 0 0 0 0 0 0 0 0 0 0 0 0 0 0 0 0 0 0 0 0 0 0 0 0 0 0 0 0 0 0 0 0 0 0 0 0 0 0 0 0 0 0 1 0 0 0 0 0 0 0 0 0 0 0 0 0 0 0 0 0 0 0 0 0 0 0]
[2153593485764473054540066244089680183219862971173959368463638582225861308382487373757514775381257565711829539673875332497830255209069665204294678141195004100325559472147664975993145845959118512235582862752292461504208932428794370344242206383754419294591984695009085219741992287602916586668670152193604438629658215951541430758634590 0 0 0 0 0 0 0 0 0 0 0 0 0 0 0 0 0 0 0 0 0 0 0 0 0 0 0 0 0 0 0 0 0 0 0 0 0 0 0 0 0 0 0 0 0 0 0 0 0 0 0 0 0 0 0 0 0 0 0 0 0 0 0 0 0 0 0 0 0 0 0 0 0 0 0 0 0 0 0 0 0 0 0 0 0 0 1 0 0 0 0 0 0 0 0 0 0 0 0 0 0 0 0 0 0 0 0 0 0]
[4156761916001725287640362188792382347307450367094957617728035211996611259038636062668388078083135450226797874081428730214871028536469786513733357426048367017990741496584523339301197168642309410179957691723550619653505182888836771555097282692893148606176583171531414933132737026123395376354733980726658343345790571114305972078911665 0 0 0 0 0 0 0 0 0 0 0 0 0 0 0 0 0 0 0 0 0 0 0 0 0 0 0 0 0 0 0 0 0 0 0 0 0 0 0 0 0 0 0 0 0 0 0 0 0 0 0 0 0 0 0 0 0 0 0 0 0 0 0 0 0 0 0 0 0 0 0 0 0 0 0 0 0 0 0 0 0 0 0 0 0 0 0 1 0 0 0 0 0 0 0 0 0 0 0 0 0 0 0 0 0 0 0 0 0]
[8952828647287530346706344854971756296054115319897356291522263679034904587764917720735500212526181323133090900926624649046120662487294590623125895453619757755156087582025276668812848795868702403395906915792465848572898247006024007349698736061196126219431653399332373993280363095912769467015709127902516620446648838622101046551649852 0 0 0 0 0 0 0 0 0 0 0 0 0 0 0 0 0 0 0 0 0 0 0 0 0 0 0 0 0 0 0 0 0 0 0 0 0 0 0 0 0 0 0 0 0 0 0 0 0 0 0 0 0 0 0 0 0 0 0 0 0 0 0 0 0 0 0 0 0 0 0 0 0 0 0 0 0 0 0 0 0 0 0 0 0 0 0 0 1 0 0 0 0 0 0 0 0 0 0 0 0 0 0 0 0 0 0 0 0]
[5288575743124631132852786703216204247187811713604025246658790401850324413035983095669045620554283024763369016618011162122843607963056601597529412531700988470694932752304402496316337575531639240639460104782179073895007187790964836535810188507570458028050077475621979407383973675379171734103503778448910330161159891769770142582044224 0 0 0 0 0 0 0 0 0 0 0 0 0 0 0 0 0 0 0 0 0 0 0 0 0 0 0 0 0 0 0 0 0 0 0 0 0 0 0 0 0 0 0 0 0 0 0 0 0 0 0 0 0 0 0 0 0 0 0 0 0 0 0 0 0 0 0 0 0 0 0 0 0 0 0 0 0 0 0 0 0 0 0 0 0 0 0 0 0 1 0 0 0 0 0 0 0 0 0 0 0 0 0 0 0 0 0 0 0]
[4491850942445958980423198766794742544970325250701765595673436388766587882133017421743832297830942539405380575347264830339069859031711211177201916426176177972995050353721931077296721168464409773360021091917809595652050924020418615602042750806226972532221343136540361655771319338492627803999961906864100387312408360303733072133267590 0 0 0 0 0 0 0 0 0 0 0 0 0 0 0 0 0 0 0 0 0 0 0 0 0 0 0 0 0 0 0 0 0 0 0 0 0 0 0 0 0 0 0 0 0 0 0 0 0 0 0 0 0 0 0 0 0 0 0 0 0 0 0 0 0 0 0 0 0 0 0 0 0 0 0 0 0 0 0 0 0 0 0 0 0 0 0 0 0 0 1 0 0 0 0 0 0 0 0 0 0 0 0 0 0 0 0 0 0]
[9911551619034113532420561374510931144668101987705501193106333698025725398109758022812243871078285883104951578300457635767387107684482300422528294505459675632615522039761383773515616304732328677124537760918622625713064750116768481272582292038687134364234271463040935581771888483443995760054657366363864799383569904390666638206031667 0 0 0 0 0 0 0 0 0 0 0 0 0 0 0 0 0 0 0 0 0 0 0 0 0 0 0 0 0 0 0 0 0 0 0 0 0 0 0 0 0 0 0 0 0 0 0 0 0 0 0 0 0 0 0 0 0 0 0 0 0 0 0 0 0 0 0 0 0 0 0 0 0 0 0 0 0 0 0 0 0 0 0 0 0 0 0 0 0 0 0 1 0 0 0 0 0 0 0 0 0 0 0 0 0 0 0 0 0]
[9839818935430726294380564047156199543742084621598235150025602194392114343621215710442691662677223462966621727526249267356747035288063757087288769182846932942558630960873769655894876181686249312958414626212032371386120561681188704606390492381609682727351131327995986214927073963248161325774453304763553762263011698367365138162697610 0 0 0 0 0 0 0 0 0 0 0 0 0 0 0 0 0 0 0 0 0 0 0 0 0 0 0 0 0 0 0 0 0 0 0 0 0 0 0 0 0 0 0 0 0 0 0 0 0 0 0 0 0 0 0 0 0 0 0 0 0 0 0 0 0 0 0 0 0 0 0 0 0 0 0 0 0 0 0 0 0 0 0 0 0 0 0 0 0 0 0 0 1 0 0 0 0 0 0 0 0 0 0 0 0 0 0 0 0]
[8333713479328914924851246559182989310141753173866633455977151381165606801429290288442020775110498020146471027404405375573742892157791012794448789088194162784450556793926273078936758347816514478232067033209600808415216328587536180263743874650100922360982188779200614343781717523769086200179140160728368462472399918727130582453593917 0 0 0 0 0 0 0 0 0 0 0 0 0 0 0 0 0 0 0 0 0 0 0 0 0 0 0 0 0 0 0 0 0 0 0 0 0 0 0 0 0 0 0 0 0 0 0 0 0 0 0 0 0 0 0 0 0 0 0 0 0 0 0 0 0 0 0 0 0 0 0 0 0 0 0 0 0 0 0 0 0 0 0 0 0 0 0 0 0 0 0 0 0 1 0 0 0 0 0 0 0 0 0 0 0 0 0 0 0]
[8243341185634537998072144635337783738432024910631364673066583614801833749209438933517904703061305564947823490472154305342689862158006185616226359993386836431574904839189382616251963693609111703162991875488196144092098555075148243747507929842694013022251980681164748046935345631587492739753972934673259992809229480283577092642949457 0 0 0 0 0 0 0 0 0 0 0 0 0 0 0 0 0 0 0 0 0 0 0 0 0 0 0 0 0 0 0 0 0 0 0 0 0 0 0 0 0 0 0 0 0 0 0 0 0 0 0 0 0 0 0 0 0 0 0 0 0 0 0 0 0 0 0 0 0 0 0 0 0 0 0 0 0 0 0 0 0 0 0 0 0 0 0 0 0 0 0 0 0 0 1 0 0 0 0 0 0 0 0 0 0 0 0 0 0]
[635405245954993168494158072811698739409609911371499351821394894226903589353011053199740200025889017767354124881226453709256277023530427716952896205505746028407736898339459374757313102660549037667092123637198540209942888477829460580185390178536534811381825921790183297442056394478516918405491736695303841785537059821086119542545228 0 0 0 0 0 0 0 0 0 0 0 0 0 0 0 0 0 0 0 0 0 0 0 0 0 0 0 0 0 0 0 0 0 0 0 0 0 0 0 0 0 0 0 0 0 0 0 0 0 0 0 0 0 0 0 0 0 0 0 0 0 0 0 0 0 0 0 0 0 0 0 0 0 0 0 0 0 0 0 0 0 0 0 0 0 0 0 0 0 0 0 0 0 0 0 1 0 0 0 0 0 0 0 0 0 0 0 0 0]
[48045138869310372289652792244011227158927604727228660190493541626222019114640942670787932341910340707544967665399646359709724435718948645024352846120179225077789766217681869907574625483242022298875187411222092278889068169741524037152001751710605315107856152512032825603738736668808077193606653514699450963878690392905323958067037 0 0 0 0 0 0 0 0 0 0 0 0 0 0 0 0 0 0 0 0 0 0 0 0 0 0 0 0 0 0 0 0 0 0 0 0 0 0 0 0 0 0 0 0 0 0 0 0 0 0 0 0 0 0 0 0 0 0 0 0 0 0 0 0 0 0 0 0 0 0 0 0 0 0 0 0 0 0 0 0 0 0 0 0 0 0 0 0 0 0 0 0 0 0 0 0 1 0 0 0 0 0 0 0 0 0 0 0 0]
[706245118051094760543343356585898680742526518808313096270128989861575996341625133291288441748778637677358914400403858664378655230962663773692032007479916156087743259283271662010546008245020131132271901480231424671938592576403761155971795791261461699614827341816291096563050754962859338856560254768870675282833441397172716375554036 0 0 0 0 0 0 0 0 0 0 0 0 0 0 0 0 0 0 0 0 0 0 0 0 0 0 0 0 0 0 0 0 0 0 0 0 0 0 0 0 0 0 0 0 0 0 0 0 0 0 0 0 0 0 0 0 0 0 0 0 0 0 0 0 0 0 0 0 0 0 0 0 0 0 0 0 0 0 0 0 0 0 0 0 0 0 0 0 0 0 0 0 0 0 0 0 0 1 0 0 0 0 0 0 0 0 0 0 0]
[10210567567869558839169797775600592243010980910255892614345421427437172766450414505633210653761469370005963436349800295224042353440737883782975613144267134232027316617041434473799333906087752652862536637990392868344472368637376445286381945876027361813111506457265205494465765070095686201705468919504144345180805031750872038803681520 0 0 0 0 0 0 0 0 0 0 0 0 0 0 0 0 0 0 0 0 0 0 0 0 0 0 0 0 0 0 0 0 0 0 0 0 0 0 0 0 0 0 0 0 0 0 0 0 0 0 0 0 0 0 0 0 0 0 0 0 0 0 0 0 0 0 0 0 0 0 0 0 0 0 0 0 0 0 0 0 0 0 0 0 0 0 0 0 0 0 0 0 0 0 0 0 0 0 1 0 0 0 0 0 0 0 0 0 0]
[8218425102284332336716329565370835984912196621942405389905703754787135679632443367333612945314664100483304980417170965421279386378037473853276111389273390577934693770464880283828376954928095421268131422796287371242957098265750201586745502601002316008943109072207584767752844229979855454356674946578963827446271234531206494465786813 0 0 0 0 0 0 0 0 0 0 0 0 0 0 0 0 0 0 0 0 0 0 0 0 0 0 0 0 0 0 0 0 0 0 0 0 0 0 0 0 0 0 0 0 0 0 0 0 0 0 0 0 0 0 0 0 0 0 0 0 0 0 0 0 0 0 0 0 0 0 0 0 0 0 0 0 0 0 0 0 0 0 0 0 0 0 0 0 0 0 0 0 0 0 0 0 0 0 0 1 0 0 0 0 0 0 0 0 0]
[8969379514326041155225259369493440877095068895147407420537505375934796401996632050278137815065013864257674244096815275929282138783275539866356313393173698061174103353484916406306576782813726006056680546389732065463838557869613830195565613009311063750078171531636307662449865844280170582557601686127842575528654655638536383495856642 0 0 0 0 0 0 0 0 0 0 0 0 0 0 0 0 0 0 0 0 0 0 0 0 0 0 0 0 0 0 0 0 0 0 0 0 0 0 0 0 0 0 0 0 0 0 0 0 0 0 0 0 0 0 0 0 0 0 0 0 0 0 0 0 0 0 0 0 0 0 0 0 0 0 0 0 0 0 0 0 0 0 0 0 0 0 0 0 0 0 0 0 0 0 0 0 0 0 0 0 1 0 0 0 0 0 0 0 0]
[475660069848863355235541162994937320673021933115611141928270056867653677155829042738716137890711453256804929254531509474108851998142765883913767056272717484949125668249342006322752898681099832461615266546332237184590824990805664378573401344894126824949002483505003941242123951722301723095046712627275126769387489746485661667789000 0 0 0 0 0 0 0 0 0 0 0 0 0 0 0 0 0 0 0 0 0 0 0 0 0 0 0 0 0 0 0 0 0 0 0 0 0 0 0 0 0 0 0 0 0 0 0 0 0 0 0 0 0 0 0 0 0 0 0 0 0 0 0 0 0 0 0 0 0 0 0 0 0 0 0 0 0 0 0 0 0 0 0 0 0 0 0 0 0 0 0 0 0 0 0 0 0 0 0 0 0 1 0 0 0 0 0 0 0]
[3651687375871910002182006040506146992658411222480196757577433159720580294626321693990573420720615773447670196380994678838889815772775946346014971778932659245113767469179012945358404457102463341852668052268186111060744259548597735178625325279740093420080884035474265013479036463127356993093568389952730935607251933518173853682197209 0 0 0 0 0 0 0 0 0 0 0 0 0 0 0 0 0 0 0 0 0 0 0 0 0 0 0 0 0 0 0 0 0 0 0 0 0 0 0 0 0 0 0 0 0 0 0 0 0 0 0 0 0 0 0 0 0 0 0 0 0 0 0 0 0 0 0 0 0 0 0 0 0 0 0 0 0 0 0 0 0 0 0 0 0 0 0 0 0 0 0 0 0 0 0 0 0 0 0 0 0 0 1 0 0 0 0 0 0]
[3461627614143683062039396594953756310379001643226259555723418255938389226693780631687468823714459138137359908162625549551473620706290816778030494125838678482705428104597496105928390184952739210517535387645201826922601330860778023422552715084876313306119352391899905631734142130888645804308833663218402573344697335830017443207497928 0 0 0 0 0 0 0 0 0 0 0 0 0 0 0 0 0 0 0 0 0 0 0 0 0 0 0 0 0 0 0 0 0 0 0 0 0 0 0 0 0 0 0 0 0 0 0 0 0 0 0 0 0 0 0 0 0 0 0 0 0 0 0 0 0 0 0 0 0 0 0 0 0 0 0 0 0 0 0 0 0 0 0 0 0 0 0 0 0 0 0 0 0 0 0 0 0 0 0 0 0 0 0 1 0 0 0 0 0]
[9619178344604917388858693636138799411875076220050448452626954499602686007431225151669718332598856990966031007060858175878999807147202003355183963097940166230270691910255972392019754839289101071876854489872744950266210100624602692441602108623375828277510606554277630623294835735548035695965763171715785190700273731140788472574486166 0 0 0 0 0 0 0 0 0 0 0 0 0 0 0 0 0 0 0 0 0 0 0 0 0 0 0 0 0 0 0 0 0 0 0 0 0 0 0 0 0 0 0 0 0 0 0 0 0 0 0 0 0 0 0 0 0 0 0 0 0 0 0 0 0 0 0 0 0 0 0 0 0 0 0 0 0 0 0 0 0 0 0 0 0 0 0 0 0 0 0 0 0 0 0 0 0 0 0 0 0 0 0 0 1 0 0 0 0]
[422456913205544494219440752579679535235757110242141155716626790616099361949858154175480565484764471168192796332584809689392704786639544720954580421753364322001869277890273799266101931613848029308945295440353902879767171763869448259803189160668825494681540450637799274325464585762842822195418859541916729883383012377091448344406320 0 0 0 0 0 0 0 0 0 0 0 0 0 0 0 0 0 0 0 0 0 0 0 0 0 0 0 0 0 0 0 0 0 0 0 0 0 0 0 0 0 0 0 0 0 0 0 0 0 0 0 0 0 0 0 0 0 0 0 0 0 0 0 0 0 0 0 0 0 0 0 0 0 0 0 0 0 0 0 0 0 0 0 0 0 0 0 0 0 0 0 0 0 0 0 0 0 0 0 0 0 0 0 0 0 1 0 0 0]
[5980053774793221638334037211039791154223419778693788620476900652370173939446194812327531632323964058209441779501330127929929508631390085249390785046288632961925193357380997362598021435401199877784061320043933676518917206005381728338982281993661868419664034017322919647794771178813194509911291362161317106517167066302609592774880099 0 0 0 0 0 0 0 0 0 0 0 0 0 0 0 0 0 0 0 0 0 0 0 0 0 0 0 0 0 0 0 0 0 0 0 0 0 0 0 0 0 0 0 0 0 0 0 0 0 0 0 0 0 0 0 0 0 0 0 0 0 0 0 0 0 0 0 0 0 0 0 0 0 0 0 0 0 0 0 0 0 0 0 0 0 0 0 0 0 0 0 0 0 0 0 0 0 0 0 0 0 0 0 0 0 0 1 0 0]
[4758111350746115011814187884657727985243442303737081024674940787901348222976381196205786938081858471973845902781630879491400197473960357337185038784050790503545238058991892874891286182797153464792157537399072354699568203152976909505181920756593667206835066588765493717412937465844605358049643682708390609961077254151357258581235180 0 0 0 0 0 0 0 0 0 0 0 0 0 0 0 0 0 0 0 0 0 0 0 0 0 0 0 0 0 0 0 0 0 0 0 0 0 0 0 0 0 0 0 0 0 0 0 0 0 0 0 0 0 0 0 0 0 0 0 0 0 0 0 0 0 0 0 0 0 0 0 0 0 0 0 0 0 0 0 0 0 0 0 0 0 0 0 0 0 0 0 0 0 0 0 0 0 0 0 0 0 0 0 0 0 0 0 1 0]
[6705597963900115617476754808457619657593218685195974549213625137045583071210330041496167087086052311126008179965595807374421284822456615815189222044722832488675033830797856019638235347482984557011343730405920178219464244868529266896073310119274791966469460925599505628385271032454403881940173132807139255036635319566475499950177922 0 0 0 0 0 0 0 0 0 0 0 0 0 0 0 0 0 0 0 0 0 0 0 0 0 0 0 0 0 0 0 0 0 0 0 0 0 0 0 0 0 0 0 0 0 0 0 0 0 0 0 0 0 0 0 0 0 0 0 0 0 0 0 0 0 0 0 0 0 0 0 0 0 0 0 0 0 0 0 0 0 0 0 0 0 0 0 0 0 0 0 0 0 0 0 0 0 0 0 0 0 0 0 0 0 0 0 0 1]
]
