[[8846456257745462305287026865664160615272250410804142545989380081358642412170462014650241552098504404828971102506505546856725883451109503058220232301209157382528984997603798283001251830782909781585575653048768125111629666725784074615259482855687825989326873867055351165933096898587721973680670390719612529012125418363643142848565999 0 0 0 0 0 0 0 0 0 0 0 0 0 0 0 0 0 0 0 0 0 0 0 0 0 0 0 0 0 0 0 0 0 0 0 0 0 0 0 0 0 0 0 0 0 0 0 0 0 0 0 0 0 0 0 0 0 0 0 0 0 0 0 0 0 0 0 0 0 0 0 0 0 0 0 0 0 0 0 0 0 0 0 0 0 0 0 0 0 0 0 0 0 0 0 0 0 0 0 0 0 0 0 0 0 0 0 0 0]
[4470661712242338111432782265566452106410149313111186380181657088687590432957835710622126530376337287506198308232054625821932647564994427542005593040581396376674579731886683189314521157515842425261903402890619925552784236794958933275117403539947566161560412294537181345201980191863545047396157212865018505247981666923939112871566583 1 0 0 0 0 0 0 0 0 0 0 0 0 0 0 0 0 0 0 0 0 0 0 0 0 0 0 0 0 0 0 0 0 0 0 0 0 0 0 0 0 0 0 0 0 0 0 0 0 0 0 0 0 0 0 0 0 0 0 0 0 0 0 0 0 0 0 0 0 0 0 0 0 0 0 0 0 0 0 0 0 0 0 0 0 0 0 0 0 0 0 0 0 0 0 0 0 0 0 0 0 0 0 0 0 0 0 0 0]
[2995868830358508639094444426205197391971886935254820305329245214694740548244616027049355818863377078183712624666532107655027155478351334598296211091113283320141067752748158290853002252887619420542804326542945674464721395141552896714242355978918224218424083827397008039835695340669911681298740271416143524891999717883221056685075565 0 1 0 0 0 0 0 0 0 0 0 0 0 0 0 0 0 0 0 0 0 0 0 0 0 0 0 0 0 0 0 0 0 0 0 0 0 0 0 0 0 0 0 0 0 0 0 0 0 0 0 0 0 0 0 0 0 0 0 0 0 0 0 0 0 0 0 0 0 0 0 0 0 0 0 0 0 0 0 0 0 0 0 0 0 0 0 0 0 0 0 0 0 0 0 0 0 0 0 0 0 0 0 0 0 0 0 0 0]
[7011924365227120480398064583414113785700492508130603431617913345900891955597857309367899454748884847549833276527512585024921253983269607209476590646940647128485408635936852081410280501917775844657301937177641787711414613360207908700062014514133458194350224717330955971177038967167151277762700468286903399231564962950743322180508414 0 0 1 0 0 0 0 0 0 0 0 0 0 0 0 0 0 0 0 0 0 0 0 0 0 0 0 0 0 0 0 0 0 0 0 0 0 0 0 0 0 0 0 0 0 0 0 0 0 0 0 0 0 0 0 0 0 0 0 0 0 0 0 0 0 0 0 0 0 0 0 0 0 0 0 0 0 0 0 0 0 0 0 0 0 0 0 0 0 0 0 0 0 0 0 0 0 0 0 0 0 0 0 0 0 0 0 0 0]
[6121528194624832938793322751641995011103333529736577481583680645653500486254627515380329721514512169289104652635363035234917820345161828471065882100472325873556702934793693345174964768799532688322083716880923745728473386601843152283915976369911929114188009515571721202221879891952201936535259223344308014060660810085142662801863524 0 0 0 1 0 0 0 0 0 0 0 0 0 0 0 0 0 0 0 0 0 0 0 0 0 0 0 0 0 0 0 0 0 0 0 0 0 0 0 0 0 0 0 0 0 0 0 0 0 0 0 0 0 0 0 0 0 0 0 0 0 0 0 0 0 0 0 0 0 0 0 0 0 0 0 0 0 0 0 0 0 0 0 0 0 0 0 0 0 0 0 0 0 0 0 0 0 0 0 0 0 0 0 0 0 0 0 0 0]
[2659846944391913884993888519298864220022328455086536954355412502834087242235067175055297109969173703985237569822798820923722795595034524217845217228729717006317710334889987893673522395425762011922598467496164450561860523341072140859457589287859695801795740940848453947194775890346826130470327989844681997803571867459538238483223892 0 0 0 0 1 0 0 0 0 0 0 0 0 0 0 0 0 0 0 0 0 0 0 0 0 0 0 0 0 0 0 0 0 0 0 0 0 0 0 0 0 0 0 0 0 0 0 0 0 0 0 0 0 0 0 0 0 0 0 0 0 0 0 0 0 0 0 0 0 0 0 0 0 0 0 0 0 0 0 0 0 0 0 0 0 0 0 0 0 0 0 0 0 0 0 0 0 0 0 0 0 0 0 0 0 0 0 0 0]
[542677788422742728813066197244226699326997300645024622054381528774917530415106616310242928015456734008914676146512947431788804442473136752777430536387652283912080386505004365370695929998290096333224589696187512769603675804014478125295684285638807466827090989141095049069391722482917915796221176343503178766108663875679125373783739 0 0 0 0 0 1 0 0 0 0 0 0 0 0 0 0 0 0 0 0 0 0 0 0 0 0 0 0 0 0 0 0 0 0 0 0 0 0 0 0 0 0 0 0 0 0 0 0 0 0 0 0 0 0 0 0 0 0 0 0 0 0 0 0 0 0 0 0 0 0 0 0 0 0 0 0 0 0 0 0 0 0 0 0 0 0 0 0 0 0 0 0 0 0 0 0 0 0 0 0 0 0 0 0 0 0 0 0 0]
[2964800588369359890543473123869573817398400515517302947704185604091744649281134567165627568776545410560867075170790853680623127827778801848990163868317306744346852538979212864862697247661260607186277033398855977788968183405921915869901205327468983948198693659264503862706303685807269296070386980388780815378500901855861275401908427 0 0 0 0 0 0 1 0 0 0 0 0 0 0 0 0 0 0 0 0 0 0 0 0 0 0 0 0 0 0 0 0 0 0 0 0 0 0 0 0 0 0 0 0 0 0 0 0 0 0 0 0 0 0 0 0 0 0 0 0 0 0 0 0 0 0 0 0 0 0 0 0 0 0 0 0 0 0 0 0 0 0 0 0 0 0 0 0 0 0 0 0 0 0 0 0 0 0 0 0 0 0 0 0 0 0 0 0 0]
[8538820158352537142197921835688471164437059462630738368697813889161592401546033618332350345078372987937242563447156090245675052671377718073484986297891658887099080339664145623290870514538690833173374699129636426800433676927207159773618384042127268268091679505267677592419050237591288427197041535080138595254517702472168459596587652 0 0 0 0 0 0 0 1 0 0 0 0 0 0 0 0 0 0 0 0 0 0 0 0 0 0 0 0 0 0 0 0 0 0 0 0 0 0 0 0 0 0 0 0 0 0 0 0 0 0 0 0 0 0 0 0 0 0 0 0 0 0 0 0 0 0 0 0 0 0 0 0 0 0 0 0 0 0 0 0 0 0 0 0 0 0 0 0 0 0 0 0 0 0 0 0 0 0 0 0 0 0 0 0 0 0 0 0 0]
[537281449089294139793402762331288374377494621590264572032340087118298818023801581719332879186970401985970641056239566453453163422334108722431429898063502010623272961691224139523216332488640756220060338174793181641341562493667725383910861409480349561201924603906133602572577958480296004525505678196550240991710196707253705683141275 0 0 0 0 0 0 0 0 1 0 0 0 0 0 0 0 0 0 0 0 0 0 0 0 0 0 0 0 0 0 0 0 0 0 0 0 0 0 0 0 0 0 0 0 0 0 0 0 0 0 0 0 0 0 0 0 0 0 0 0 0 0 0 0 0 0 0 0 0 0 0 0 0 0 0 0 0 0 0 0 0 0 0 0 0 0 0 0 0 0 0 0 0 0 0 0 0 0 0 0 0 0 0 0 0 0 0 0 0]
[5525620625497339379582817170426077101565837832438529796059873831720818781117468987414836508902698369187851310290813431163341361121873084858981511382850379470951559915035291755946424112770592443558009128433716147078060116022866592147595267002105270121315873880925628125874209511824139603575322306028966493427424768047209677890634875 0 0 0 0 0 0 0 0 0 1 0 0 0 0 0 0 0 0 0 0 0 0 0 0 0 0 0 0 0 0 0 0 0 0 0 0 0 0 0 0 0 0 0 0 0 0 0 0 0 0 0 0 0 0 0 0 0 0 0 0 0 0 0 0 0 0 0 0 0 0 0 0 0 0 0 0 0 0 0 0 0 0 0 0 0 0 0 0 0 0 0 0 0 0 0 0 0 0 0 0 0 0 0 0 0 0 0 0 0]
[2756223098511553062649410490620594783150198290310562642751127018339869733670093339667151155959154735203458917496178767805303642520791118345754643930581246503818743598737733234587024290882302276766284574913699988520642720068644655328565098046276147619432500370290441948722477522336897954983054393097352549120743636913303208453705268 0 0 0 0 0 0 0 0 0 0 1 0 0 0 0 0 0 0 0 0 0 0 0 0 0 0 0 0 0 0 0 0 0 0 0 0 0 0 0 0 0 0 0 0 0 0 0 0 0 0 0 0 0 0 0 0 0 0 0 0 0 0 0 0 0 0 0 0 0 0 0 0 0 0 0 0 0 0 0 0 0 0 0 0 0 0 0 0 0 0 0 0 0 0 0 0 0 0 0 0 0 0 0 0 0 0 0 0 0]
[3415943227427566008889580371551659358608800739655227568387277871481241763191771984575472109760146735294382085727976780575143445052771038370057608558956357645776197860905760723800864425735464187008130091525809689839327924655834109750685527645541244350455011224019943940600387953768651924356532688378247847954351998063358852548111787 0 0 0 0 0 0 0 0 0 0 0 1 0 0 0 0 0 0 0 0 0 0 0 0 0 0 0 0 0 0 0 0 0 0 0 0 0 0 0 0 0 0 0 0 0 0 0 0 0 0 0 0 0 0 0 0 0 0 0 0 0 0 0 0 0 0 0 0 0 0 0 0 0 0 0 0 0 0 0 0 0 0 0 0 0 0 0 0 0 0 0 0 0 0 0 0 0 0 0 0 0 0 0 0 0 0 0 0 0]
[1003254735489241863488403608307794771691040200535463681078270838857683325218543750693385803269028713508384339611231909577189239639769925277085448268367440774350056447737912588428693061413001343702676559890224047107311212198688074645578681059348111047182525785179902918490298681954214670967761922809249194162865172731177482524153998 0 0 0 0 0 0 0 0 0 0 0 0 1 0 0 0 0 0 0 0 0 0 0 0 0 0 0 0 0 0 0 0 0 0 0 0 0 0 0 0 0 0 0 0 0 0 0 0 0 0 0 0 0 0 0 0 0 0 0 0 0 0 0 0 0 0 0 0 0 0 0 0 0 0 0 0 0 0 0 0 0 0 0 0 0 0 0 0 0 0 0 0 0 0 0 0 0 0 0 0 0 0 0 0 0 0 0 0 0]
[8111597691444725833517251009389524871659165026048809669543770300108712838760484338021089483079813542737028733277396357579650914083645627116322892938035719838465068751825960570877447395568486390295322356643150555786065152988924672109543271315991250507112851344035108337129542391107283146466879504740719867762865163940309049291318100 0 0 0 0 0 0 0 0 0 0 0 0 0 1 0 0 0 0 0 0 0 0 0 0 0 0 0 0 0 0 0 0 0 0 0 0 0 0 0 0 0 0 0 0 0 0 0 0 0 0 0 0 0 0 0 0 0 0 0 0 0 0 0 0 0 0 0 0 0 0 0 0 0 0 0 0 0 0 0 0 0 0 0 0 0 0 0 0 0 0 0 0 0 0 0 0 0 0 0 0 0 0 0 0 0 0 0 0 0]
[8037905113900442298231467062406594076408271833429388982454194175937720261215120716626798322936771841564349054198787305576227455400032371207177776387884162204350857272537440692334494051641122481012372133387700039071425472888975638510000400791063876636292858733527991049838988074985623968393530978469476602577800870570624629424576593 0 0 0 0 0 0 0 0 0 0 0 0 0 0 1 0 0 0 0 0 0 0 0 0 0 0 0 0 0 0 0 0 0 0 0 0 0 0 0 0 0 0 0 0 0 0 0 0 0 0 0 0 0 0 0 0 0 0 0 0 0 0 0 0 0 0 0 0 0 0 0 0 0 0 0 0 0 0 0 0 0 0 0 0 0 0 0 0 0 0 0 0 0 0 0 0 0 0 0 0 0 0 0 0 0 0 0 0 0]
[8121541505941559235109504345702393355150531753091424464848706496129510027277989027898380609983728412706622659652005384864575229573042665633231282586266571183646291741087275055287616546191806869179250857366504167821280358393661630407122489065641236039174960646361602309818089658015142236451713773566300640968593272095415960414424097 0 0 0 0 0 0 0 0 0 0 0 0 0 0 0 1 0 0 0 0 0 0 0 0 0 0 0 0 0 0 0 0 0 0 0 0 0 0 0 0 0 0 0 0 0 0 0 0 0 0 0 0 0 0 0 0 0 0 0 0 0 0 0 0 0 0 0 0 0 0 0 0 0 0 0 0 0 0 0 0 0 0 0 0 0 0 0 0 0 0 0 0 0 0 0 0 0 0 0 0 0 0 0 0 0 0 0 0 0]
[1705242398313655004880181703819112243147775712644689152991976269368004562014351426647013453828645032187620735402971787367085079399359032383118828920176553502252408337360255747879361467875308930401074524502668700841212351878482135988723962909186986123116495973945104615463500856418559556605365021490961193411955733282289680206443013 0 0 0 0 0 0 0 0 0 0 0 0 0 0 0 0 1 0 0 0 0 0 0 0 0 0 0 0 0 0 0 0 0 0 0 0 0 0 0 0 0 0 0 0 0 0 0 0 0 0 0 0 0 0 0 0 0 0 0 0 0 0 0 0 0 0 0 0 0 0 0 0 0 0 0 0 0 0 0 0 0 0 0 0 0 0 0 0 0 0 0 0 0 0 0 0 0 0 0 0 0 0 0 0 0 0 0 0 0]
[5159979318516700601313240759964047600416647627881963155552172402271505569514706671023560454428673903599231204716054100324975323520113347638282618361975986291731958429912690247506161626857856856270795667325940072435794899199895158211896266632401281148871444688860689527794054554847248033273889349153923828868078932753987759068628392 0 0 0 0 0 0 0 0 0 0 0 0 0 0 0 0 0 1 0 0 0 0 0 0 0 0 0 0 0 0 0 0 0 0 0 0 0 0 0 0 0 0 0 0 0 0 0 0 0 0 0 0 0 0 0 0 0 0 0 0 0 0 0 0 0 0 0 0 0 0 0 0 0 0 0 0 0 0 0 0 0 0 0 0 0 0 0 0 0 0 0 0 0 0 0 0 0 0 0 0 0 0 0 0 0 0 0 0 0]
[2485592746147822816994163209739813453413796002882906371374782983361361223566104551340689595172971955385043734016827920382670725224254065472593653836174602819551267957305668518063518679685146642188493801651396613951393469676487172681969625870575859093558997348773830415273476187011077599816952304273412165110277470216584468734137599 0 0 0 0 0 0 0 0 0 0 0 0 0 0 0 0 0 0 1 0 0 0 0 0 0 0 0 0 0 0 0 0 0 0 0 0 0 0 0 0 0 0 0 0 0 0 0 0 0 0 0 0 0 0 0 0 0 0 0 0 0 0 0 0 0 0 0 0 0 0 0 0 0 0 0 0 0 0 0 0 0 0 0 0 0 0 0 0 0 0 0 0 0 0 0 0 0 0 0 0 0 0 0 0 0 0 0 0 0]
[8354567615948914296875715743409404543297348691141358948140403406503427811306400513487366462345359096907736624127834402445156833106402431607684164797958379369298527106308728800351222779874927490722453294602357097056643695054638835730906973793438993082377850828653045621978637824376591177283771547147682504789715539776987415477229947 0 0 0 0 0 0 0 0 0 0 0 0 0 0 0 0 0 0 0 1 0 0 0 0 0 0 0 0 0 0 0 0 0 0 0 0 0 0 0 0 0 0 0 0 0 0 0 0 0 0 0 0 0 0 0 0 0 0 0 0 0 0 0 0 0 0 0 0 0 0 0 0 0 0 0 0 0 0 0 0 0 0 0 0 0 0 0 0 0 0 0 0 0 0 0 0 0 0 0 0 0 0 0 0 0 0 0 0 0]
[3836020720888633361932180969571015256006746335564427543574020922129208452949810321332095778219874009021608136083070996846824461690894789487631006226694975357233960808458977563655656468925806977884476815952898859142560814450439919804614276901398195622927736809604542953502994625271500689998958783718589256301971206082123924871232249 0 0 0 0 0 0 0 0 0 0 0 0 0 0 0 0 0 0 0 0 1 0 0 0 0 0 0 0 0 0 0 0 0 0 0 0 0 0 0 0 0 0 0 0 0 0 0 0 0 0 0 0 0 0 0 0 0 0 0 0 0 0 0 0 0 0 0 0 0 0 0 0 0 0 0 0 0 0 0 0 0 0 0 0 0 0 0 0 0 0 0 0 0 0 0 0 0 0 0 0 0 0 0 0 0 0 0 0 0]
[6841881363927779609522086864446328493140031659517856430778635834295651027092247385909056734817438256363131148764988013004974525074049789514621811106924952213977148437805169646934203681499360485454769873701656342392946968436045147553991159630593929873535695926719996022303525337306553907528191696849032247192336203798432887380102744 0 0 0 0 0 0 0 0 0 0 0 0 0 0 0 0 0 0 0 0 0 1 0 0 0 0 0 0 0 0 0 0 0 0 0 0 0 0 0 0 0 0 0 0 0 0 0 0 0 0 0 0 0 0 0 0 0 0 0 0 0 0 0 0 0 0 0 0 0 0 0 0 0 0 0 0 0 0 0 0 0 0 0 0 0 0 0 0 0 0 0 0 0 0 0 0 0 0 0 0 0 0 0 0 0 0 0 0 0]
[4417618497800989987631430376537524326485565064391850732536652145434324083814046553513146313581876918254529308463791133757068338151904690778058766291817396699347180577238271904353041321340698510486003333259377550593749948314045205506519738596829620214002128583614348353445910591681582679961260382884967082603729892366734425288874843 0 0 0 0 0 0 0 0 0 0 0 0 0 0 0 0 0 0 0 0 0 0 1 0 0 0 0 0 0 0 0 0 0 0 0 0 0 0 0 0 0 0 0 0 0 0 0 0 0 0 0 0 0 0 0 0 0 0 0 0 0 0 0 0 0 0 0 0 0 0 0 0 0 0 0 0 0 0 0 0 0 0 0 0 0 0 0 0 0 0 0 0 0 0 0 0 0 0 0 0 0 0 0 0 0 0 0 0 0]
[8824162912655598045295999992649945832776807580535478416022130013151850802778233115597337572668850332813987143881593394352605030931181247692586745283491005100571020157096156631852413482987645002613622748791235580956966920224694701307098078633502493767411041556945667256750358050692206583460698891866509301823361377750311627948961614 0 0 0 0 0 0 0 0 0 0 0 0 0 0 0 0 0 0 0 0 0 0 0 1 0 0 0 0 0 0 0 0 0 0 0 0 0 0 0 0 0 0 0 0 0 0 0 0 0 0 0 0 0 0 0 0 0 0 0 0 0 0 0 0 0 0 0 0 0 0 0 0 0 0 0 0 0 0 0 0 0 0 0 0 0 0 0 0 0 0 0 0 0 0 0 0 0 0 0 0 0 0 0 0 0 0 0 0 0]
[7975138325747220722490127674737644633668124353809763122074344393823541537756816789792937456575674624407777466707787247014625148468120745387032464507126984869902693081629722253330702769282639488407389893152176458091759764606908120920242724256005550737066871168327829577425780465651686643165861389620405534822190232946398437729360184 0 0 0 0 0 0 0 0 0 0 0 0 0 0 0 0 0 0 0 0 0 0 0 0 1 0 0 0 0 0 0 0 0 0 0 0 0 0 0 0 0 0 0 0 0 0 0 0 0 0 0 0 0 0 0 0 0 0 0 0 0 0 0 0 0 0 0 0 0 0 0 0 0 0 0 0 0 0 0 0 0 0 0 0 0 0 0 0 0 0 0 0 0 0 0 0 0 0 0 0 0 0 0 0 0 0 0 0 0]
[4720770478720860332280551120612888058601436035345437685721951276104623551926661645822981010590588061477377311784576233615448421369691353129635459795791045419139623864877669207893916828476309358610349429286750783722296414470440373680279865552740494764652323823653413216736693884737698142042203115617401919248007302477125575816341671 0 0 0 0 0 0 0 0 0 0 0 0 0 0 0 0 0 0 0 0 0 0 0 0 0 1 0 0 0 0 0 0 0 0 0 0 0 0 0 0 0 0 0 0 0 0 0 0 0 0 0 0 0 0 0 0 0 0 0 0 0 0 0 0 0 0 0 0 0 0 0 0 0 0 0 0 0 0 0 0 0 0 0 0 0 0 0 0 0 0 0 0 0 0 0 0 0 0 0 0 0 0 0 0 0 0 0 0 0]
[2263020220350536824098124987650897098784176484348800007010717119390655298425809114869140656966676405922070274358454688306905495598174016835217504156745246207033349449166681954790211495733964770541431919015678447449742006963254498228597247238288474668850317293503215882146031448591071021089475558875726798627385176120974521746045074 0 0 0 0 0 0 0 0 0 0 0 0 0 0 0 0 0 0 0 0 0 0 0 0 0 0 1 0 0 0 0 0 0 0 0 0 0 0 0 0 0 0 0 0 0 0 0 0 0 0 0 0 0 0 0 0 0 0 0 0 0 0 0 0 0 0 0 0 0 0 0 0 0 0 0 0 0 0 0 0 0 0 0 0 0 0 0 0 0 0 0 0 0 0 0 0 0 0 0 0 0 0 0 0 0 0 0 0 0]
[5952361931380645077629945164111262535627887521382409970106977397789382922403375036567155766558908949606605467878701332806868657962472366264860548263215976198872332911864066298300958286818329946685765513889660926149390346475922872370521072465341574574847847605409402279794401861519816871102819814293181376140552835574736002536250482 0 0 0 0 0 0 0 0 0 0 0 0 0 0 0 0 0 0 0 0 0 0 0 0 0 0 0 1 0 0 0 0 0 0 0 0 0 0 0 0 0 0 0 0 0 0 0 0 0 0 0 0 0 0 0 0 0 0 0 0 0 0 0 0 0 0 0 0 0 0 0 0 0 0 0 0 0 0 0 0 0 0 0 0 0 0 0 0 0 0 0 0 0 0 0 0 0 0 0 0 0 0 0 0 0 0 0 0 0]
[1038197329125758092198675597219595598115299994290937964443598541148364083666220625768817250839546092261637555808074388718835663276206602995550741563514531168511399765229217859284489069381945055950772671439032448969339501739195526137265995567812671627988634190856257449611699904746849407147541236048881319558116720593969694670021054 0 0 0 0 0 0 0 0 0 0 0 0 0 0 0 0 0 0 0 0 0 0 0 0 0 0 0 0 1 0 0 0 0 0 0 0 0 0 0 0 0 0 0 0 0 0 0 0 0 0 0 0 0 0 0 0 0 0 0 0 0 0 0 0 0 0 0 0 0 0 0 0 0 0 0 0 0 0 0 0 0 0 0 0 0 0 0 0 0 0 0 0 0 0 0 0 0 0 0 0 0 0 0 0 0 0 0 0 0]
[4604103338474138894428090406942159694572489786451716649501163487850230657533199588386037331590339908204049782756319932223345719254566484434288755252230186977153509831087063667330038238232852343407371760667217756275387636228744273952539131967679118596400380247935432275978466601011601537620318652465083036385424166303808181997187493 0 0 0 0 0 0 0 0 0 0 0 0 0 0 0 0 0 0 0 0 0 0 0 0 0 0 0 0 0 1 0 0 0 0 0 0 0 0 0 0 0 0 0 0 0 0 0 0 0 0 0 0 0 0 0 0 0 0 0 0 0 0 0 0 0 0 0 0 0 0 0 0 0 0 0 0 0 0 0 0 0 0 0 0 0 0 0 0 0 0 0 0 0 0 0 0 0 0 0 0 0 0 0 0 0 0 0 0 0]
[7885595912725922938550062511629604650986212758635205946603917858656725088596691804981688083096097619194496400089871146121835076476938768517207557256892094103757435210719510908232656952475387597920049814082827315149217230516241242571616854154463801287901202926010749428471152057569359734107233849789964698856658889651350396895841258 0 0 0 0 0 0 0 0 0 0 0 0 0 0 0 0 0 0 0 0 0 0 0 0 0 0 0 0 0 0 1 0 0 0 0 0 0 0 0 0 0 0 0 0 0 0 0 0 0 0 0 0 0 0 0 0 0 0 0 0 0 0 0 0 0 0 0 0 0 0 0 0 0 0 0 0 0 0 0 0 0 0 0 0 0 0 0 0 0 0 0 0 0 0 0 0 0 0 0 0 0 0 0 0 0 0 0 0 0]
[2819216393647221218148097970032889326408385104972946700006570181228274829256568178055104361523172423608958433324703339925905753121994765610769312096418580054102253188863311377012929732055122069931868899510202418278776953155091314324939587976862850913702942404878387522582639304500453028399729039217142597393543896063883528118216361 0 0 0 0 0 0 0 0 0 0 0 0 0 0 0 0 0 0 0 0 0 0 0 0 0 0 0 0 0 0 0 1 0 0 0 0 0 0 0 0 0 0 0 0 0 0 0 0 0 0 0 0 0 0 0 0 0 0 0 0 0 0 0 0 0 0 0 0 0 0 0 0 0 0 0 0 0 0 0 0 0 0 0 0 0 0 0 0 0 0 0 0 0 0 0 0 0 0 0 0 0 0 0 0 0 0 0 0 0]
[799126578714894494815718122080441212452083859418530632126828025987638316915347451414875373866984487817368094602300404877865190502482646547797555951122024181275493576083243859726474352125040261194085547235471414313088066404480147311119883927639053080910838265836536356219827886444193630365855822973657405329670215099669873730167687 0 0 0 0 0 0 0 0 0 0 0 0 0 0 0 0 0 0 0 0 0 0 0 0 0 0 0 0 0 0 0 0 1 0 0 0 0 0 0 0 0 0 0 0 0 0 0 0 0 0 0 0 0 0 0 0 0 0 0 0 0 0 0 0 0 0 0 0 0 0 0 0 0 0 0 0 0 0 0 0 0 0 0 0 0 0 0 0 0 0 0 0 0 0 0 0 0 0 0 0 0 0 0 0 0 0 0 0 0]
[8237302864827453786081856308130214446220670089827083650655511580140735768971974178316937833571841904746811790324532574508147847194468750357158097352766519171343198937854121402615846349889865671579770676041796154464863626200970225511388192613625473773788554974961828914354913475628734166306697725521338912199606804500020235801931877 0 0 0 0 0 0 0 0 0 0 0 0 0 0 0 0 0 0 0 0 0 0 0 0 0 0 0 0 0 0 0 0 0 1 0 0 0 0 0 0 0 0 0 0 0 0 0 0 0 0 0 0 0 0 0 0 0 0 0 0 0 0 0 0 0 0 0 0 0 0 0 0 0 0 0 0 0 0 0 0 0 0 0 0 0 0 0 0 0 0 0 0 0 0 0 0 0 0 0 0 0 0 0 0 0 0 0 0 0]
[3120573632832278541801169920563733362223290409626163570338673172797128953882449491478285941326452185054036958618108652706582315049065610037358713432618959478340374903844338185308439480684783230381524659155055094842126203155393154397013631785029216660482202059651271681061679496186664620305602323828226608723647349633679679600169499 0 0 0 0 0 0 0 0 0 0 0 0 0 0 0 0 0 0 0 0 0 0 0 0 0 0 0 0 0 0 0 0 0 0 1 0 0 0 0 0 0 0 0 0 0 0 0 0 0 0 0 0 0 0 0 0 0 0 0 0 0 0 0 0 0 0 0 0 0 0 0 0 0 0 0 0 0 0 0 0 0 0 0 0 0 0 0 0 0 0 0 0 0 0 0 0 0 0 0 0 0 0 0 0 0 0 0 0 0]
[1294793669572591844710790299163150664088488433362701548344406182231370770683526285956431441733834598732649935147193383838658663403031830833919310444775318491262004252005314975328521629683216911938012169343192978272371103964643080716696486473792302514633250414564271752520582612840640386849953426572124742387367753214172855819273974 0 0 0 0 0 0 0 0 0 0 0 0 0 0 0 0 0 0 0 0 0 0 0 0 0 0 0 0 0 0 0 0 0 0 0 1 0 0 0 0 0 0 0 0 0 0 0 0 0 0 0 0 0 0 0 0 0 0 0 0 0 0 0 0 0 0 0 0 0 0 0 0 0 0 0 0 0 0 0 0 0 0 0 0 0 0 0 0 0 0 0 0 0 0 0 0 0 0 0 0 0 0 0 0 0 0 0 0 0]
[1948345636158643719282124871488570178582895588311080231627752264102972777614953255822368025869776064329532296804950217674619459720713136385445688460257981423871467105080620901159043303282993917329051430560503968524186186276983359647251917647888108109670061036357747028632623409356947273962120175279115738708693030176276337894377290 0 0 0 0 0 0 0 0 0 0 0 0 0 0 0 0 0 0 0 0 0 0 0 0 0 0 0 0 0 0 0 0 0 0 0 0 1 0 0 0 0 0 0 0 0 0 0 0 0 0 0 0 0 0 0 0 0 0 0 0 0 0 0 0 0 0 0 0 0 0 0 0 0 0 0 0 0 0 0 0 0 0 0 0 0 0 0 0 0 0 0 0 0 0 0 0 0 0 0 0 0 0 0 0 0 0 0 0 0]
[4207932705508485321747895139589855926184114548530889279971369999330645250564854339278132949400536019871901818273973191739145725402308852355223618055979676475433161367437238009783589277372288675195417369309271095257851894520640214665547494736492133153756558785688063353180778991354875159899288176279676083931818496572462474256128650 0 0 0 0 0 0 0 0 0 0 0 0 0 0 0 0 0 0 0 0 0 0 0 0 0 0 0 0 0 0 0 0 0 0 0 0 0 1 0 0 0 0 0 0 0 0 0 0 0 0 0 0 0 0 0 0 0 0 0 0 0 0 0 0 0 0 0 0 0 0 0 0 0 0 0 0 0 0 0 0 0 0 0 0 0 0 0 0 0 0 0 0 0 0 0 0 0 0 0 0 0 0 0 0 0 0 0 0 0]
[6252557261381498484437060577775341793940080659147252686984932856978239772968415223351386887915733031568067113924645906398573128349802086596996494217600706478642947763757917455104980621456087748238868126211081029183840387281353421391946775389187044237742148851844296265601095711577391216805344621440565791926097411681124324161887510 0 0 0 0 0 0 0 0 0 0 0 0 0 0 0 0 0 0 0 0 0 0 0 0 0 0 0 0 0 0 0 0 0 0 0 0 0 0 1 0 0 0 0 0 0 0 0 0 0 0 0 0 0 0 0 0 0 0 0 0 0 0 0 0 0 0 0 0 0 0 0 0 0 0 0 0 0 0 0 0 0 0 0 0 0 0 0 0 0 0 0 0 0 0 0 0 0 0 0 0 0 0 0 0 0 0 0 0 0]
[946032173380045521814399165158409193035141769932854979062891905188927140560257217381484706632135341477618864485342452324927983198806533332917715876445055526118988260228866620003319272543389572616240523582353717610894456081166726071473221140858112903600715293033728316991181105961415647319548955584459837501174962006280398795620574 0 0 0 0 0 0 0 0 0 0 0 0 0 0 0 0 0 0 0 0 0 0 0 0 0 0 0 0 0 0 0 0 0 0 0 0 0 0 0 1 0 0 0 0 0 0 0 0 0 0 0 0 0 0 0 0 0 0 0 0 0 0 0 0 0 0 0 0 0 0 0 0 0 0 0 0 0 0 0 0 0 0 0 0 0 0 0 0 0 0 0 0 0 0 0 0 0 0 0 0 0 0 0 0 0 0 0 0 0]
[3903020666409886090081189338595809078373806230951003251674681802096859663479398851419118351494794016084824981784118224852258357158526142286740485131145717064769784240466214808186624225419140635307260680891570350583510826601586354232755845208934503351763425626526944972608847207215497212087142696544286473094002446667181326729568941 0 0 0 0 0 0 0 0 0 0 0 0 0 0 0 0 0 0 0 0 0 0 0 0 0 0 0 0 0 0 0 0 0 0 0 0 0 0 0 0 1 0 0 0 0 0 0 0 0 0 0 0 0 0 0 0 0 0 0 0 0 0 0 0 0 0 0 0 0 0 0 0 0 0 0 0 0 0 0 0 0 0 0 0 0 0 0 0 0 0 0 0 0 0 0 0 0 0 0 0 0 0 0 0 0 0 0 0 0]
[4726824131085205234692351285680167696840663586884053979895789163628927908737556470306911878949823424648941750857356780871233184151826947797494937634746374466474482115334537840531493523845749666668845859233403058809390458723176056052236990163016069496940384388288112778082578961883250081461828976930483200239802045640825492634499731 0 0 0 0 0 0 0 0 0 0 0 0 0 0 0 0 0 0 0 0 0 0 0 0 0 0 0 0 0 0 0 0 0 0 0 0 0 0 0 0 0 1 0 0 0 0 0 0 0 0 0 0 0 0 0 0 0 0 0 0 0 0 0 0 0 0 0 0 0 0 0 0 0 0 0 0 0 0 0 0 0 0 0 0 0 0 0 0 0 0 0 0 0 0 0 0 0 0 0 0 0 0 0 0 0 0 0 0 0]
[7212544850861774144444059247671826074590279706773331672897876965413916660162821550558414414570352064872249188091793052344013443719767809963954478567004730459531732984616362014587377354276978371269388343724173481068706800202161695001696643813635083656748244614145665288382013074062658605591553694644437870514564074200282472518567312 0 0 0 0 0 0 0 0 0 0 0 0 0 0 0 0 0 0 0 0 0 0 0 0 0 0 0 0 0 0 0 0 0 0 0 0 0 0 0 0 0 0 1 0 0 0 0 0 0 0 0 0 0 0 0 0 0 0 0 0 0 0 0 0 0 0 0 0 0 0 0 0 0 0 0 0 0 0 0 0 0 0 0 0 0 0 0 0 0 0 0 0 0 0 0 0 0 0 0 0 0 0 0 0 0 0 0 0 0]
[1231364453833773749658588684623218540382806917718474501466596318668034319575991081072479785001945382788086324755534452336294003096382191881093541052928896410138928090098190962314363984001880729844206502210649557304006183336684764739864985242707273305171865837889616518435648712765327274405042172735646539683246252341717964637694715 0 0 0 0 0 0 0 0 0 0 0 0 0 0 0 0 0 0 0 0 0 0 0 0 0 0 0 0 0 0 0 0 0 0 0 0 0 0 0 0 0 0 0 1 0 0 0 0 0 0 0 0 0 0 0 0 0 0 0 0 0 0 0 0 0 0 0 0 0 0 0 0 0 0 0 0 0 0 0 0 0 0 0 0 0 0 0 0 0 0 0 0 0 0 0 0 0 0 0 0 0 0 0 0 0 0 0 0 0]
[1258412149873383440046757292119210457501675786325885018211399063323300479207885859388933806801399556441094852143171135430394716134901551377581111745989573659519790977881754182458372961512722374575571532187388488069562832396627549913625878603214631309181005307247830940254513666602020959006040453251960522460473576406187592993595437 0 0 0 0 0 0 0 0 0 0 0 0 0 0 0 0 0 0 0 0 0 0 0 0 0 0 0 0 0 0 0 0 0 0 0 0 0 0 0 0 0 0 0 0 1 0 0 0 0 0 0 0 0 0 0 0 0 0 0 0 0 0 0 0 0 0 0 0 0 0 0 0 0 0 0 0 0 0 0 0 0 0 0 0 0 0 0 0 0 0 0 0 0 0 0 0 0 0 0 0 0 0 0 0 0 0 0 0 0]
[6780431241379051589531715473422600617504708287461121001916217043574218644217605940882802345451785006275892349191616022787402349899211606097096383227413728340007278280969177610131710207343446546590623516574122622565691409168469179545998351235362060181868780200160255354896316281150376241813309212874201514911062604352556935043859601 0 0 0 0 0 0 0 0 0 0 0 0 0 0 0 0 0 0 0 0 0 0 0 0 0 0 0 0 0 0 0 0 0 0 0 0 0 0 0 0 0 0 0 0 0 1 0 0 0 0 0 0 0 0 0 0 0 0 0 0 0 0 0 0 0 0 0 0 0 0 0 0 0 0 0 0 0 0 0 0 0 0 0 0 0 0 0 0 0 0 0 0 0 0 0 0 0 0 0 0 0 0 0 0 0 0 0 0 0]
[6556673040658289985483648063097508172496832678238388442906011393590554689496627715535769363033418322665492383597526484879454720935275398211596312644255108915929470409587848096500403136851701788343448985945129904227262439298018070998993661216259528697687821222791360271976731567449376851110287245138167015171550033644680371299431294 0 0 0 0 0 0 0 0 0 0 0 0 0 0 0 0 0 0 0 0 0 0 0 0 0 0 0 0 0 0 0 0 0 0 0 0 0 0 0 0 0 0 0 0 0 0 1 0 0 0 0 0 0 0 0 0 0 0 0 0 0 0 0 0 0 0 0 0 0 0 0 0 0 0 0 0 0 0 0 0 0 0 0 0 0 0 0 0 0 0 0 0 0 0 0 0 0 0 0 0 0 0 0 0 0 0 0 0 0]
[3702616057391279509143746173529555592402111997881936916452855763062609590968501539269367274520036538611254592362870135297784628949167768702745517154017080505984120926541618049713161544873073741313622956947761835488487346382584871972013941368341357542644392447295785552664042279701907170748689566816560217773176612485381239215378673 0 0 0 0 0 0 0 0 0 0 0 0 0 0 0 0 0 0 0 0 0 0 0 0 0 0 0 0 0 0 0 0 0 0 0 0 0 0 0 0 0 0 0 0 0 0 0 1 0 0 0 0 0 0 0 0 0 0 0 0 0 0 0 0 0 0 0 0 0 0 0 0 0 0 0 0 0 0 0 0 0 0 0 0 0 0 0 0 0 0 0 0 0 0 0 0 0 0 0 0 0 0 0 0 0 0 0 0 0]
[2523477575056649465617185194057509727257201295887287228752607183201632559507967376635175589804387966959455927536511711047252762147842472934914681294274888726211279276828288931849163517115128795229762559382644571063682524145443780736452797441424645579380116171136042582173460125636198664954445589144133922489552492674681243889652014 0 0 0 0 0 0 0 0 0 0 0 0 0 0 0 0 0 0 0 0 0 0 0 0 0 0 0 0 0 0 0 0 0 0 0 0 0 0 0 0 0 0 0 0 0 0 0 0 1 0 0 0 0 0 0 0 0 0 0 0 0 0 0 0 0 0 0 0 0 0 0 0 0 0 0 0 0 0 0 0 0 0 0 0 0 0 0 0 0 0 0 0 0 0 0 0 0 0 0 0 0 0 0 0 0 0 0 0 0]
[6851461024154280783548299628830417023555623687174320362280937797293509837331527238063331682996481558058927163356388064636105618665885228295599159639325805511201354732592729953541266769057719552732032022756704328975168654205702418206323923162616225202013815159456705431088906706388857228736976575821374846097758716384559394144350739 0 0 0 0 0 0 0 0 0 0 0 0 0 0 0 0 0 0 0 0 0 0 0 0 0 0 0 0 0 0 0 0 0 0 0 0 0 0 0 0 0 0 0 0 0 0 0 0 0 1 0 0 0 0 0 0 0 0 0 0 0 0 0 0 0 0 0 0 0 0 0 0 0 0 0 0 0 0 0 0 0 0 0 0 0 0 0 0 0 0 0 0 0 0 0 0 0 0 0 0 0 0 0 0 0 0 0 0 0]
[2173656858307811999682948556147380153399047940147462436771802186385321897911185130740909978957414350461840551405687700593273793155587217450177576837994686258209515008487236935022933758544884274446102735251111834272612362415054679257674332591692496477201413485413281128386754892351820990559618854230222487569628118249868555697727203 0 0 0 0 0 0 0 0 0 0 0 0 0 0 0 0 0 0 0 0 0 0 0 0 0 0 0 0 0 0 0 0 0 0 0 0 0 0 0 0 0 0 0 0 0 0 0 0 0 0 1 0 0 0 0 0 0 0 0 0 0 0 0 0 0 0 0 0 0 0 0 0 0 0 0 0 0 0 0 0 0 0 0 0 0 0 0 0 0 0 0 0 0 0 0 0 0 0 0 0 0 0 0 0 0 0 0 0 0]
[8285343337697265408022445418912015232432737229027136097432469544993913908997827664153679199216719532432788127087459199855787913462787887724311556521414094505721907479068129997440948533952234520384198244088155159040750833881565223536085648469896957127192033709796534328835131915208934336509674183154921782721829654101194782734686976 0 0 0 0 0 0 0 0 0 0 0 0 0 0 0 0 0 0 0 0 0 0 0 0 0 0 0 0 0 0 0 0 0 0 0 0 0 0 0 0 0 0 0 0 0 0 0 0 0 0 0 1 0 0 0 0 0 0 0 0 0 0 0 0 0 0 0 0 0 0 0 0 0 0 0 0 0 0 0 0 0 0 0 0 0 0 0 0 0 0 0 0 0 0 0 0 0 0 0 0 0 0 0 0 0 0 0 0 0]
[6905436529254375551145691873807220705171009779214711696712081570715503160575534550833711573517706651025813943463261913928339068760802036975889638371843065987857928513168732247505836545994933849659487757117167383541969245013466073503007837009984717182588583420621656524325983043799106761300276483939404056779633888729395440784426958 0 0 0 0 0 0 0 0 0 0 0 0 0 0 0 0 0 0 0 0 0 0 0 0 0 0 0 0 0 0 0 0 0 0 0 0 0 0 0 0 0 0 0 0 0 0 0 0 0 0 0 0 1 0 0 0 0 0 0 0 0 0 0 0 0 0 0 0 0 0 0 0 0 0 0 0 0 0 0 0 0 0 0 0 0 0 0 0 0 0 0 0 0 0 0 0 0 0 0 0 0 0 0 0 0 0 0 0 0]
[8202987004144516566329516634911583027189798775257186987103632474511117427820111949597830677211068542221687482424301495405635043059008093398954313671642966455011380418259267818219858660780220831333262929046662657437233194726753309834020988442027146669577194368112382681675863925826746054274741346337018242666065628038634064514532904 0 0 0 0 0 0 0 0 0 0 0 0 0 0 0 0 0 0 0 0 0 0 0 0 0 0 0 0 0 0 0 0 0 0 0 0 0 0 0 0 0 0 0 0 0 0 0 0 0 0 0 0 0 1 0 0 0 0 0 0 0 0 0 0 0 0 0 0 0 0 0 0 0 0 0 0 0 0 0 0 0 0 0 0 0 0 0 0 0 0 0 0 0 0 0 0 0 0 0 0 0 0 0 0 0 0 0 0 0]
[7126606111073279728199173866070576683300424949801985210059066604108470489571602666362722993071180891344522211835849311807087226493098572481804306159324791654624114563469509307615686903275262473079470888331963328863359156329375848541800600357282691748413182412902262182763786428559380810335401988750228265804902710289191809788594343 0 0 0 0 0 0 0 0 0 0 0 0 0 0 0 0 0 0 0 0 0 0 0 0 0 0 0 0 0 0 0 0 0 0 0 0 0 0 0 0 0 0 0 0 0 0 0 0 0 0 0 0 0 0 1 0 0 0 0 0 0 0 0 0 0 0 0 0 0 0 0 0 0 0 0 0 0 0 0 0 0 0 0 0 0 0 0 0 0 0 0 0 0 0 0 0 0 0 0 0 0 0 0 0 0 0 0 0 0]
[8410913258962666628783931744779633802123303285142680761009850586663399172846264517656601623857291903472384188674299621033584516103401318824905701587806513720464895347018545887334471499434710029142366243938007685010812883586419332449107264221497877337698557459018678999538744366894055705845625330262955046188981948072108221719717635 0 0 0 0 0 0 0 0 0 0 0 0 0 0 0 0 0 0 0 0 0 0 0 0 0 0 0 0 0 0 0 0 0 0 0 0 0 0 0 0 0 0 0 0 0 0 0 0 0 0 0 0 0 0 0 1 0 0 0 0 0 0 0 0 0 0 0 0 0 0 0 0 0 0 0 0 0 0 0 0 0 0 0 0 0 0 0 0 0 0 0 0 0 0 0 0 0 0 0 0 0 0 0 0 0 0 0 0 0]
[991178606621243580902701949909844175420022794708095321323187750520901012485373622497564191517560256102711622860453177452721440480547652102522629284941431025752084362423137443582187685017672840238971230893744104549386104399067606856065379788251190126667241340687157238230812200315945106544733917559931641089134351473082236634666549 0 0 0 0 0 0 0 0 0 0 0 0 0 0 0 0 0 0 0 0 0 0 0 0 0 0 0 0 0 0 0 0 0 0 0 0 0 0 0 0 0 0 0 0 0 0 0 0 0 0 0 0 0 0 0 0 1 0 0 0 0 0 0 0 0 0 0 0 0 0 0 0 0 0 0 0 0 0 0 0 0 0 0 0 0 0 0 0 0 0 0 0 0 0 0 0 0 0 0 0 0 0 0 0 0 0 0 0 0]
[5582877602693093053792685836094512616995018361290169964931362524930806210074191123652236123714581264378998325749124763195440867180778585571206138791077974061304439216839009004906451921239776961424631379941344985924384635019756051275242887908176759525315736969652575088545495762662988687533558334507701687123431919841971937253275722 0 0 0 0 0 0 0 0 0 0 0 0 0 0 0 0 0 0 0 0 0 0 0 0 0 0 0 0 0 0 0 0 0 0 0 0 0 0 0 0 0 0 0 0 0 0 0 0 0 0 0 0 0 0 0 0 0 1 0 0 0 0 0 0 0 0 0 0 0 0 0 0 0 0 0 0 0 0 0 0 0 0 0 0 0 0 0 0 0 0 0 0 0 0 0 0 0 0 0 0 0 0 0 0 0 0 0 0 0]
[7216943342575037076141365028617406373835046125522558182161800743928217536772913761991010957909096300954722370463512425796357946096482715740374725638005791467142857128057175809286936146181166994683890635364618114284849709624224725655646106064059571385017882887455029166668153280599398152335319490631818034984494150442995642444656844 0 0 0 0 0 0 0 0 0 0 0 0 0 0 0 0 0 0 0 0 0 0 0 0 0 0 0 0 0 0 0 0 0 0 0 0 0 0 0 0 0 0 0 0 0 0 0 0 0 0 0 0 0 0 0 0 0 0 1 0 0 0 0 0 0 0 0 0 0 0 0 0 0 0 0 0 0 0 0 0 0 0 0 0 0 0 0 0 0 0 0 0 0 0 0 0 0 0 0 0 0 0 0 0 0 0 0 0 0]
[7098759662968647418640278254627803267981007276328216983815869329595303650245674258507296856220237730716466495078736716841451573076012162000742823533042955503324742813055850572139371724110498713045379653908215775582749526216981764973200753436001261678951905620614186924004347888192907479237974834771998051887985308602694728570219892 0 0 0 0 0 0 0 0 0 0 0 0 0 0 0 0 0 0 0 0 0 0 0 0 0 0 0 0 0 0 0 0 0 0 0 0 0 0 0 0 0 0 0 0 0 0 0 0 0 0 0 0 0 0 0 0 0 0 0 1 0 0 0 0 0 0 0 0 0 0 0 0 0 0 0 0 0 0 0 0 0 0 0 0 0 0 0 0 0 0 0 0 0 0 0 0 0 0 0 0 0 0 0 0 0 0 0 0 0]
[1427849740220233953669849297012419357052698354891461849591201091428721447885868737531165399911575471366764197746670952538354980213601302954400734859661122874309885364328459229344860914396115140355582209773382387192624235479640113972479848939257511991784163699177503878208388381259073044564604774945967049470418269708658460977707780 0 0 0 0 0 0 0 0 0 0 0 0 0 0 0 0 0 0 0 0 0 0 0 0 0 0 0 0 0 0 0 0 0 0 0 0 0 0 0 0 0 0 0 0 0 0 0 0 0 0 0 0 0 0 0 0 0 0 0 0 1 0 0 0 0 0 0 0 0 0 0 0 0 0 0 0 0 0 0 0 0 0 0 0 0 0 0 0 0 0 0 0 0 0 0 0 0 0 0 0 0 0 0 0 0 0 0 0 0]
[5099408803902128573308617187666699073893256113684675390672327671499645697239148506973785883994607936574315537674029939935362359253351592410819062368548820243099493333534715508791381315528237170320904008469983420694237000961453592500327621722146207549742491397405786556952313259404545191521969650544644685584861981575588829658800363 0 0 0 0 0 0 0 0 0 0 0 0 0 0 0 0 0 0 0 0 0 0 0 0 0 0 0 0 0 0 0 0 0 0 0 0 0 0 0 0 0 0 0 0 0 0 0 0 0 0 0 0 0 0 0 0 0 0 0 0 0 1 0 0 0 0 0 0 0 0 0 0 0 0 0 0 0 0 0 0 0 0 0 0 0 0 0 0 0 0 0 0 0 0 0 0 0 0 0 0 0 0 0 0 0 0 0 0 0]
[7622479744355075177147734172569272017529950280813135711964182844142834050682217131050732522380428229785077139686980595862105346404728643854433042273473895236951406611157471442908162014799165246691510169715337457830853255519631901437954694981226493359637805366918419069671678219798365170084399615048055752218203096873490233801219476 0 0 0 0 0 0 0 0 0 0 0 0 0 0 0 0 0 0 0 0 0 0 0 0 0 0 0 0 0 0 0 0 0 0 0 0 0 0 0 0 0 0 0 0 0 0 0 0 0 0 0 0 0 0 0 0 0 0 0 0 0 0 1 0 0 0 0 0 0 0 0 0 0 0 0 0 0 0 0 0 0 0 0 0 0 0 0 0 0 0 0 0 0 0 0 0 0 0 0 0 0 0 0 0 0 0 0 0 0]
[3714246261736391668177859078725317639086149169150402914361829149480855125483870556277160904575385637732423534668430215646665950426693624499724344179747658316270718930655694069589353259208739834425244250948985437832430422141300493962221626776383932462542383129454055316731000492164378999967986200071897730876837389819759441256930668 0 0 0 0 0 0 0 0 0 0 0 0 0 0 0 0 0 0 0 0 0 0 0 0 0 0 0 0 0 0 0 0 0 0 0 0 0 0 0 0 0 0 0 0 0 0 0 0 0 0 0 0 0 0 0 0 0 0 0 0 0 0 0 1 0 0 0 0 0 0 0 0 0 0 0 0 0 0 0 0 0 0 0 0 0 0 0 0 0 0 0 0 0 0 0 0 0 0 0 0 0 0 0 0 0 0 0 0 0]
[596636219265858095194084214061177446199199054000093463663311610209536714843226588302993607116212344738492763856399573149014846122288506546376669878023395535386076711478184859106510890863076513846490469448394759837065680535101032243834512200219554500803356402794495215662810933521681285003006142427276922370298228198973908976344416 0 0 0 0 0 0 0 0 0 0 0 0 0 0 0 0 0 0 0 0 0 0 0 0 0 0 0 0 0 0 0 0 0 0 0 0 0 0 0 0 0 0 0 0 0 0 0 0 0 0 0 0 0 0 0 0 0 0 0 0 0 0 0 0 1 0 0 0 0 0 0 0 0 0 0 0 0 0 0 0 0 0 0 0 0 0 0 0 0 0 0 0 0 0 0 0 0 0 0 0 0 0 0 0 0 0 0 0 0]
[6744220762247259933858278675982305339660813102256561739567636746193435065660860566503800942519364257384713800107892770597616668018834282138635502927075136026960091182365147683671033270675999400546459567762154029102797438493223381504849669610774422650390307753824895142832858165023811055530652550768449627537390298720887350880517333 0 0 0 0 0 0 0 0 0 0 0 0 0 0 0 0 0 0 0 0 0 0 0 0 0 0 0 0 0 0 0 0 0 0 0 0 0 0 0 0 0 0 0 0 0 0 0 0 0 0 0 0 0 0 0 0 0 0 0 0 0 0 0 0 0 1 0 0 0 0 0 0 0 0 0 0 0 0 0 0 0 0 0 0 0 0 0 0 0 0 0 0 0 0 0 0 0 0 0 0 0 0 0 0 0 0 0 0 0]
[7021262815759269835586494877854553046751026234801703481758648611463500401187382068054554586271512461750611605152666400728247423128394312573446447742569129017199689153034005900237707497444955875677933088325949881399126763279458704663157113284082972518980272181359169692805895953443783792625752344814126017642090717156872542877371241 0 0 0 0 0 0 0 0 0 0 0 0 0 0 0 0 0 0 0 0 0 0 0 0 0 0 0 0 0 0 0 0 0 0 0 0 0 0 0 0 0 0 0 0 0 0 0 0 0 0 0 0 0 0 0 0 0 0 0 0 0 0 0 0 0 0 1 0 0 0 0 0 0 0 0 0 0 0 0 0 0 0 0 0 0 0 0 0 0 0 0 0 0 0 0 0 0 0 0 0 0 0 0 0 0 0 0 0 0]
[7904639563366844101619852959782311800314252643604827357722191595255582806448888980591625005411229110773735956992280952816695738726946748468475469057112012268468228637566521332672329832318468590730149822570063331663111232691332625406491439461216492659170549445263188647133387571511375155053924320556246128213806597364021139043735409 0 0 0 0 0 0 0 0 0 0 0 0 0 0 0 0 0 0 0 0 0 0 0 0 0 0 0 0 0 0 0 0 0 0 0 0 0 0 0 0 0 0 0 0 0 0 0 0 0 0 0 0 0 0 0 0 0 0 0 0 0 0 0 0 0 0 0 1 0 0 0 0 0 0 0 0 0 0 0 0 0 0 0 0 0 0 0 0 0 0 0 0 0 0 0 0 0 0 0 0 0 0 0 0 0 0 0 0 0]
[8084028586226106614889988899154430215336672892156489166008733114422580306757982044137740020527499662090731998947428488161113981411523730399680367764266008260436784742526526018800200781786269728281093228437721215206902208513317435609126059913055240149487109266544002440248156569212571965738828881575323897754712837313012489830403955 0 0 0 0 0 0 0 0 0 0 0 0 0 0 0 0 0 0 0 0 0 0 0 0 0 0 0 0 0 0 0 0 0 0 0 0 0 0 0 0 0 0 0 0 0 0 0 0 0 0 0 0 0 0 0 0 0 0 0 0 0 0 0 0 0 0 0 0 1 0 0 0 0 0 0 0 0 0 0 0 0 0 0 0 0 0 0 0 0 0 0 0 0 0 0 0 0 0 0 0 0 0 0 0 0 0 0 0 0]
[5902309289231636575999613234542845612129635779377692789645092552182381384136245789854965708006931381623895917033999570100481173812472087702150878680118444885343320828518446496083981387349645974137966972217128755651649692371361253139427241000145779718492000720780840173818424727160727139852564559071650215769266500258459894576417422 0 0 0 0 0 0 0 0 0 0 0 0 0 0 0 0 0 0 0 0 0 0 0 0 0 0 0 0 0 0 0 0 0 0 0 0 0 0 0 0 0 0 0 0 0 0 0 0 0 0 0 0 0 0 0 0 0 0 0 0 0 0 0 0 0 0 0 0 0 1 0 0 0 0 0 0 0 0 0 0 0 0 0 0 0 0 0 0 0 0 0 0 0 0 0 0 0 0 0 0 0 0 0 0 0 0 0 0 0]
[8775034804854782927152470459317203224431652424219824232235601658637025150106651282324886251585907856830431570839614164932194183767812436717298109444350712474129544734026759109010398523760032657415196283512350844913590359714147204705416547877704412361341332222756974099408672738080375792873204034134765128065179072273902185708564903 0 0 0 0 0 0 0 0 0 0 0 0 0 0 0 0 0 0 0 0 0 0 0 0 0 0 0 0 0 0 0 0 0 0 0 0 0 0 0 0 0 0 0 0 0 0 0 0 0 0 0 0 0 0 0 0 0 0 0 0 0 0 0 0 0 0 0 0 0 0 1 0 0 0 0 0 0 0 0 0 0 0 0 0 0 0 0 0 0 0 0 0 0 0 0 0 0 0 0 0 0 0 0 0 0 0 0 0 0]
[5331053016024601492450071236353897364850527244831517578387516293624966155204508777471509760330492963770734359598443362124247539219732763982246563101534732942414813365949725536776056996258450048451234934226062585737592260496526166590215431940395901966475025727298391665326349032029357240899552128353058328286879583076227397646427030 0 0 0 0 0 0 0 0 0 0 0 0 0 0 0 0 0 0 0 0 0 0 0 0 0 0 0 0 0 0 0 0 0 0 0 0 0 0 0 0 0 0 0 0 0 0 0 0 0 0 0 0 0 0 0 0 0 0 0 0 0 0 0 0 0 0 0 0 0 0 0 1 0 0 0 0 0 0 0 0 0 0 0 0 0 0 0 0 0 0 0 0 0 0 0 0 0 0 0 0 0 0 0 0 0 0 0 0 0]
[897112214062746855798184113053379568208989834977111338843613397476892844994695968242940809780437936500019564325789971024293208553482488791097374005577106021499393448201931067834641753712900900335599277302532984554931505997192737753061364739321503114910022650034407997564294230897666620357721613906230923293902151481151934008638626 0 0 0 0 0 0 0 0 0 0 0 0 0 0 0 0 0 0 0 0 0 0 0 0 0 0 0 0 0 0 0 0 0 0 0 0 0 0 0 0 0 0 0 0 0 0 0 0 0 0 0 0 0 0 0 0 0 0 0 0 0 0 0 0 0 0 0 0 0 0 0 0 1 0 0 0 0 0 0 0 0 0 0 0 0 0 0 0 0 0 0 0 0 0 0 0 0 0 0 0 0 0 0 0 0 0 0 0 0]
[3922248272577214924210289134560161702965324664684497344158363857203694944056117921809631109447460671704517922646243577805814141314003627790903804909070399830076406426574119180561986274035412366251841298412943104514582685466655996261765515502748093789770375290564793868709304262312222409753372352419773181318282351834053729582444379 0 0 0 0 0 0 0 0 0 0 0 0 0 0 0 0 0 0 0 0 0 0 0 0 0 0 0 0 0 0 0 0 0 0 0 0 0 0 0 0 0 0 0 0 0 0 0 0 0 0 0 0 0 0 0 0 0 0 0 0 0 0 0 0 0 0 0 0 0 0 0 0 0 1 0 0 0 0 0 0 0 0 0 0 0 0 0 0 0 0 0 0 0 0 0 0 0 0 0 0 0 0 0 0 0 0 0 0 0]
[8306944329609830631965867841426928685809969204038252044650633616248965786718015840589947673770599335286217864881444932843828137635540694152196383943867705185391040065451988911364599718233023120579287219147312705832872929876139194356987154294817364187430569269345108717086160653333876213414111332242493974662667304972044229075571257 0 0 0 0 0 0 0 0 0 0 0 0 0 0 0 0 0 0 0 0 0 0 0 0 0 0 0 0 0 0 0 0 0 0 0 0 0 0 0 0 0 0 0 0 0 0 0 0 0 0 0 0 0 0 0 0 0 0 0 0 0 0 0 0 0 0 0 0 0 0 0 0 0 0 1 0 0 0 0 0 0 0 0 0 0 0 0 0 0 0 0 0 0 0 0 0 0 0 0 0 0 0 0 0 0 0 0 0 0]
[5090257437737596178588381293670366574529839291440257372540144924909341688878031789232639860034124327818912766948743622665949621006447654021570089541581436808694499474235649679038251290507922781470652994888768216163436330645530983907632848417131845946719627643395370208009354058336585003856827123786644798299359031942865537745418973 0 0 0 0 0 0 0 0 0 0 0 0 0 0 0 0 0 0 0 0 0 0 0 0 0 0 0 0 0 0 0 0 0 0 0 0 0 0 0 0 0 0 0 0 0 0 0 0 0 0 0 0 0 0 0 0 0 0 0 0 0 0 0 0 0 0 0 0 0 0 0 0 0 0 0 1 0 0 0 0 0 0 0 0 0 0 0 0 0 0 0 0 0 0 0 0 0 0 0 0 0 0 0 0 0 0 0 0 0]
[4691104384519234202025385276481940879455416960477731302530383527032119302255757399997749620633695104362617093871846106640979251568346811772652344442636691908187710234358220418304219848200867587053563437741762969880627051511264140668582330910943104475079423657114029705178961024861473637822967702175579703727430433466360869159537576 0 0 0 0 0 0 0 0 0 0 0 0 0 0 0 0 0 0 0 0 0 0 0 0 0 0 0 0 0 0 0 0 0 0 0 0 0 0 0 0 0 0 0 0 0 0 0 0 0 0 0 0 0 0 0 0 0 0 0 0 0 0 0 0 0 0 0 0 0 0 0 0 0 0 0 0 1 0 0 0 0 0 0 0 0 0 0 0 0 0 0 0 0 0 0 0 0 0 0 0 0 0 0 0 0 0 0 0 0]
[6857705670726886338226054202495319656409660107914572357847288154134542806761825167040846883967502110769202350753872014486713031803729131054572435526015189130320904699035026715825834399616940627728872865221864279895369345722543649259707247983685747536498667648523546586926592627932723574358248382493595127498934319349117590917669723 0 0 0 0 0 0 0 0 0 0 0 0 0 0 0 0 0 0 0 0 0 0 0 0 0 0 0 0 0 0 0 0 0 0 0 0 0 0 0 0 0 0 0 0 0 0 0 0 0 0 0 0 0 0 0 0 0 0 0 0 0 0 0 0 0 0 0 0 0 0 0 0 0 0 0 0 0 1 0 0 0 0 0 0 0 0 0 0 0 0 0 0 0 0 0 0 0 0 0 0 0 0 0 0 0 0 0 0 0]
[2519623977054718381538657603060433172173913681644082417195400648535893279981559907501524686676097830122163224161747459876594561587284355925037976198539395180562899787755067663673213942702658503799653235733621627491353238420528205298803199317944094877268032770703003443346548903133859722251846333052914888265155551212574494666099711 0 0 0 0 0 0 0 0 0 0 0 0 0 0 0 0 0 0 0 0 0 0 0 0 0 0 0 0 0 0 0 0 0 0 0 0 0 0 0 0 0 0 0 0 0 0 0 0 0 0 0 0 0 0 0 0 0 0 0 0 0 0 0 0 0 0 0 0 0 0 0 0 0 0 0 0 0 0 1 0 0 0 0 0 0 0 0 0 0 0 0 0 0 0 0 0 0 0 0 0 0 0 0 0 0 0 0 0 0]
[7939724514808423123559032990167217692796145271339676841287857544985806687506455521316675106580198538794777124853290077960527038729437873983426047305645434967710944205255795894941977961568804287781050912831269755082666094123044767417978095802020678963509032177961653108588326433741972871667015315955936195950237872313661001421856586 0 0 0 0 0 0 0 0 0 0 0 0 0 0 0 0 0 0 0 0 0 0 0 0 0 0 0 0 0 0 0 0 0 0 0 0 0 0 0 0 0 0 0 0 0 0 0 0 0 0 0 0 0 0 0 0 0 0 0 0 0 0 0 0 0 0 0 0 0 0 0 0 0 0 0 0 0 0 0 1 0 0 0 0 0 0 0 0 0 0 0 0 0 0 0 0 0 0 0 0 0 0 0 0 0 0 0 0 0]
[216498000287567503615847583140280006941953926028716608188197137992836618134946761373144315155513106394126109538654298145954940745865474434803486230464808687255034476460012431918380111809448152956485865899149942972098940579215334465277012038846975512238814777351681624536120476907976140096697828856552771238628294539864741042646527 0 0 0 0 0 0 0 0 0 0 0 0 0 0 0 0 0 0 0 0 0 0 0 0 0 0 0 0 0 0 0 0 0 0 0 0 0 0 0 0 0 0 0 0 0 0 0 0 0 0 0 0 0 0 0 0 0 0 0 0 0 0 0 0 0 0 0 0 0 0 0 0 0 0 0 0 0 0 0 0 1 0 0 0 0 0 0 0 0 0 0 0 0 0 0 0 0 0 0 0 0 0 0 0 0 0 0 0 0]
[4455694575065015532105089849030766951297393609164250935685375252461367831086618951194384794609463292136047314479697217150638853052589066444738865826079482684882636453966380558996303803757209611345913642999458237007887514977980334907482241749543210114967121682635113950172767029785512817282673384259057583225523020774582436311526595 0 0 0 0 0 0 0 0 0 0 0 0 0 0 0 0 0 0 0 0 0 0 0 0 0 0 0 0 0 0 0 0 0 0 0 0 0 0 0 0 0 0 0 0 0 0 0 0 0 0 0 0 0 0 0 0 0 0 0 0 0 0 0 0 0 0 0 0 0 0 0 0 0 0 0 0 0 0 0 0 0 1 0 0 0 0 0 0 0 0 0 0 0 0 0 0 0 0 0 0 0 0 0 0 0 0 0 0 0]
[7707832369871573169001610911022235697686488052106634373822397105563104701299420475887635410279364672125901604479433845779106575730823131004706365381341718847675478219067716755474034698036546007160896485134689454385033034096189850516247853565583305976882876582227414952509394091753424079210456169286236884220884199565440134725927280 0 0 0 0 0 0 0 0 0 0 0 0 0 0 0 0 0 0 0 0 0 0 0 0 0 0 0 0 0 0 0 0 0 0 0 0 0 0 0 0 0 0 0 0 0 0 0 0 0 0 0 0 0 0 0 0 0 0 0 0 0 0 0 0 0 0 0 0 0 0 0 0 0 0 0 0 0 0 0 0 0 0 1 0 0 0 0 0 0 0 0 0 0 0 0 0 0 0 0 0 0 0 0 0 0 0 0 0 0]
[5921582951566246533423346045833327486084659190637813522225409863553159035179866784731744292299961116524124772980304532852711577242488046790423267736594688033926275819864660291555151244885505931871740021891889354415969106308871544223071899659828696969679938612849579978753238739613364505106443829533129238730929463037154854928242229 0 0 0 0 0 0 0 0 0 0 0 0 0 0 0 0 0 0 0 0 0 0 0 0 0 0 0 0 0 0 0 0 0 0 0 0 0 0 0 0 0 0 0 0 0 0 0 0 0 0 0 0 0 0 0 0 0 0 0 0 0 0 0 0 0 0 0 0 0 0 0 0 0 0 0 0 0 0 0 0 0 0 0 1 0 0 0 0 0 0 0 0 0 0 0 0 0 0 0 0 0 0 0 0 0 0 0 0 0]
[4110940677968904015939814104413699957221546098294993397964265502981170066535809425421321302856619868922784404241443465821654625659137253951880014918942406841884070448239574331913645367275005405855904615963482190225518427456735476979325639412554850281412713147333796145361148754730562456877737595792559760429360936055619470408344539 0 0 0 0 0 0 0 0 0 0 0 0 0 0 0 0 0 0 0 0 0 0 0 0 0 0 0 0 0 0 0 0 0 0 0 0 0 0 0 0 0 0 0 0 0 0 0 0 0 0 0 0 0 0 0 0 0 0 0 0 0 0 0 0 0 0 0 0 0 0 0 0 0 0 0 0 0 0 0 0 0 0 0 0 1 0 0 0 0 0 0 0 0 0 0 0 0 0 0 0 0 0 0 0 0 0 0 0 0]
[7160268737802131672265024368822654084893420400838799224516323675736356167527360591999069860827946559324776591249205998201108699740174976446290679247224052049847829235812772652216674312200020668182368955371054117142297868125712203233624145981499308159385993663212001129974172777217865283886147436466308362527370873140023612765226360 0 0 0 0 0 0 0 0 0 0 0 0 0 0 0 0 0 0 0 0 0 0 0 0 0 0 0 0 0 0 0 0 0 0 0 0 0 0 0 0 0 0 0 0 0 0 0 0 0 0 0 0 0 0 0 0 0 0 0 0 0 0 0 0 0 0 0 0 0 0 0 0 0 0 0 0 0 0 0 0 0 0 0 0 0 1 0 0 0 0 0 0 0 0 0 0 0 0 0 0 0 0 0 0 0 0 0 0 0]
[7811375611066868033718174818503958679666436924449762183022489999925464797709819185558102168126609613684632153491740387139296740765248013351885054895315364468063795609460651236074823730751067619172768856314921334885501641528873483492431735635489835210593781744633377363801686281807798063491286454652932866396176495275079730893928065 0 0 0 0 0 0 0 0 0 0 0 0 0 0 0 0 0 0 0 0 0 0 0 0 0 0 0 0 0 0 0 0 0 0 0 0 0 0 0 0 0 0 0 0 0 0 0 0 0 0 0 0 0 0 0 0 0 0 0 0 0 0 0 0 0 0 0 0 0 0 0 0 0 0 0 0 0 0 0 0 0 0 0 0 0 0 1 0 0 0 0 0 0 0 0 0 0 0 0 0 0 0 0 0 0 0 0 0 0]
[4537519711917587966088440626920345762994118807344120738687416166732281958051218012921019852786307995578978793324080587662356883669519175865689189025111689871193500152519460519881579619760371049046657653901309844595056376113313724298729065781103609130131234943506360515345666653058164519169923604001025218890572872950928792902687213 0 0 0 0 0 0 0 0 0 0 0 0 0 0 0 0 0 0 0 0 0 0 0 0 0 0 0 0 0 0 0 0 0 0 0 0 0 0 0 0 0 0 0 0 0 0 0 0 0 0 0 0 0 0 0 0 0 0 0 0 0 0 0 0 0 0 0 0 0 0 0 0 0 0 0 0 0 0 0 0 0 0 0 0 0 0 0 1 0 0 0 0 0 0 0 0 0 0 0 0 0 0 0 0 0 0 0 0 0]
[7522484764648998568445556476876058437561408053270245073613785869017197840411408896423074352045317728047905707663868019182754939021094884910815702997991115500861063370890564002806483276278955796834204252629485515813582836453368547694015225103447069076786690531675075494413978702678370413522016170137302112194123042890137792009974275 0 0 0 0 0 0 0 0 0 0 0 0 0 0 0 0 0 0 0 0 0 0 0 0 0 0 0 0 0 0 0 0 0 0 0 0 0 0 0 0 0 0 0 0 0 0 0 0 0 0 0 0 0 0 0 0 0 0 0 0 0 0 0 0 0 0 0 0 0 0 0 0 0 0 0 0 0 0 0 0 0 0 0 0 0 0 0 0 1 0 0 0 0 0 0 0 0 0 0 0 0 0 0 0 0 0 0 0 0]
[6364181139264717173208959867761996154416396850877995789618048846339378220367379029523396180898780352653193469387126863099750399518630554975168011986535982447177167023806054305078581913200946472633116402078493795652161726614785189225229074655176960266623438971344564642506380957811409962241433078741541014500188029742876684759027092 0 0 0 0 0 0 0 0 0 0 0 0 0 0 0 0 0 0 0 0 0 0 0 0 0 0 0 0 0 0 0 0 0 0 0 0 0 0 0 0 0 0 0 0 0 0 0 0 0 0 0 0 0 0 0 0 0 0 0 0 0 0 0 0 0 0 0 0 0 0 0 0 0 0 0 0 0 0 0 0 0 0 0 0 0 0 0 0 0 1 0 0 0 0 0 0 0 0 0 0 0 0 0 0 0 0 0 0 0]
[4423176756624880390565219708881094125620527706234566712655257265803863150690484499590979150366305076256779586899015661380712269066855228067860391962139746820990203309076532674840670951054955532181983100941721141037654948186554280745842333190144485025767654173160992829216348001297333584408039580665901509432942176038910477749221124 0 0 0 0 0 0 0 0 0 0 0 0 0 0 0 0 0 0 0 0 0 0 0 0 0 0 0 0 0 0 0 0 0 0 0 0 0 0 0 0 0 0 0 0 0 0 0 0 0 0 0 0 0 0 0 0 0 0 0 0 0 0 0 0 0 0 0 0 0 0 0 0 0 0 0 0 0 0 0 0 0 0 0 0 0 0 0 0 0 0 1 0 0 0 0 0 0 0 0 0 0 0 0 0 0 0 0 0 0]
[8501177345324838218218519163054308705427357093189029224895715768831888846562790545549347600225244242055902362310104326242028878125437235814867003073589131289506578192864738530806766117978000126374793894597828544442967364892420130909915963371685607429901675247165983154817180168623252052242028649207173452379696453664979681980828460 0 0 0 0 0 0 0 0 0 0 0 0 0 0 0 0 0 0 0 0 0 0 0 0 0 0 0 0 0 0 0 0 0 0 0 0 0 0 0 0 0 0 0 0 0 0 0 0 0 0 0 0 0 0 0 0 0 0 0 0 0 0 0 0 0 0 0 0 0 0 0 0 0 0 0 0 0 0 0 0 0 0 0 0 0 0 0 0 0 0 0 1 0 0 0 0 0 0 0 0 0 0 0 0 0 0 0 0 0]
[220969528247545577284854401908047495998253447121317555238638608276234892975904210188479069210594786435003272576328919661349269053208155895335632656397016992040376159130735446493368403092099348147214283676484112623622768790686053163929335823919624778188618251153085155180629183473879847684122007400733712750764471799507050258621553 0 0 0 0 0 0 0 0 0 0 0 0 0 0 0 0 0 0 0 0 0 0 0 0 0 0 0 0 0 0 0 0 0 0 0 0 0 0 0 0 0 0 0 0 0 0 0 0 0 0 0 0 0 0 0 0 0 0 0 0 0 0 0 0 0 0 0 0 0 0 0 0 0 0 0 0 0 0 0 0 0 0 0 0 0 0 0 0 0 0 0 0 1 0 0 0 0 0 0 0 0 0 0 0 0 0 0 0 0]
[3222751529102359498950119293290509134717278237081304026556560833830906438486340181094958742500123043259103692485117550731046247682387412430638886623564922692569262980866604708379998245565915767858516354498479555811379858317075133968435877599628670817396654677492536235438050416108531305659378474493009591716847476826959357933917970 0 0 0 0 0 0 0 0 0 0 0 0 0 0 0 0 0 0 0 0 0 0 0 0 0 0 0 0 0 0 0 0 0 0 0 0 0 0 0 0 0 0 0 0 0 0 0 0 0 0 0 0 0 0 0 0 0 0 0 0 0 0 0 0 0 0 0 0 0 0 0 0 0 0 0 0 0 0 0 0 0 0 0 0 0 0 0 0 0 0 0 0 0 1 0 0 0 0 0 0 0 0 0 0 0 0 0 0 0]
[7199653072876411379996631147114757804180067163680586618800411071215242818975806748337778993436992151202725186497240177941245381483121547579801276946315729674278392684043675045714929911692408453190078966487935236010351832117438400675679584500984221877068013524810875778966721663954556457848195372667351224500799914011970961248382195 0 0 0 0 0 0 0 0 0 0 0 0 0 0 0 0 0 0 0 0 0 0 0 0 0 0 0 0 0 0 0 0 0 0 0 0 0 0 0 0 0 0 0 0 0 0 0 0 0 0 0 0 0 0 0 0 0 0 0 0 0 0 0 0 0 0 0 0 0 0 0 0 0 0 0 0 0 0 0 0 0 0 0 0 0 0 0 0 0 0 0 0 0 0 1 0 0 0 0 0 0 0 0 0 0 0 0 0 0]
[786731377213178506512862055462476091758237994905427683075674399726415725702892740225658920878504733112045501457148545544516049247736646723096427368727296718985471619917721011992688336920189695592013133846110492991661997299138078137975766218602481618009066644958258351247583184075078049683231836592457367400330877545658202583803686 0 0 0 0 0 0 0 0 0 0 0 0 0 0 0 0 0 0 0 0 0 0 0 0 0 0 0 0 0 0 0 0 0 0 0 0 0 0 0 0 0 0 0 0 0 0 0 0 0 0 0 0 0 0 0 0 0 0 0 0 0 0 0 0 0 0 0 0 0 0 0 0 0 0 0 0 0 0 0 0 0 0 0 0 0 0 0 0 0 0 0 0 0 0 0 1 0 0 0 0 0 0 0 0 0 0 0 0 0]
[6197245313225986161841663414870307703681568149891569536711638918464067125494000346995695533623896648305656946618054500780367951710689959963651342851070627084880745200279397441972854273325586116411372500504653983849422616699996126560078923408679588314514882010055541301453998632137027380898296732842341547472823308695997583399438636 0 0 0 0 0 0 0 0 0 0 0 0 0 0 0 0 0 0 0 0 0 0 0 0 0 0 0 0 0 0 0 0 0 0 0 0 0 0 0 0 0 0 0 0 0 0 0 0 0 0 0 0 0 0 0 0 0 0 0 0 0 0 0 0 0 0 0 0 0 0 0 0 0 0 0 0 0 0 0 0 0 0 0 0 0 0 0 0 0 0 0 0 0 0 0 0 1 0 0 0 0 0 0 0 0 0 0 0 0]
[2637383499190331738333235359328969845045471466370788568148140780984298768996318867296856342957114245960800790994165563711366019731345731520865158091023381278775116919617587934530482615528358753885442971428967274683660561829909318845893159495995251681677022261000172995209042017376729933484514403047387806862584179346272538344830148 0 0 0 0 0 0 0 0 0 0 0 0 0 0 0 0 0 0 0 0 0 0 0 0 0 0 0 0 0 0 0 0 0 0 0 0 0 0 0 0 0 0 0 0 0 0 0 0 0 0 0 0 0 0 0 0 0 0 0 0 0 0 0 0 0 0 0 0 0 0 0 0 0 0 0 0 0 0 0 0 0 0 0 0 0 0 0 0 0 0 0 0 0 0 0 0 0 1 0 0 0 0 0 0 0 0 0 0 0]
[4850781042735720795248568155668298967319888846920117931932580760378076438417577393472413348397510568408268700708359208081345823650500672176568553468477870366315920447783325252449986384961457300718661835026790465509546278586937145162730007018219416560154115238648567568209429500734641690049760785777760909169785904243484441600141075 0 0 0 0 0 0 0 0 0 0 0 0 0 0 0 0 0 0 0 0 0 0 0 0 0 0 0 0 0 0 0 0 0 0 0 0 0 0 0 0 0 0 0 0 0 0 0 0 0 0 0 0 0 0 0 0 0 0 0 0 0 0 0 0 0 0 0 0 0 0 0 0 0 0 0 0 0 0 0 0 0 0 0 0 0 0 0 0 0 0 0 0 0 0 0 0 0 0 1 0 0 0 0 0 0 0 0 0 0]
[38886839561663383467374959276822539335645430439906714239491673513032128664826282977396112741187667498968793064579785012900506038177981497145907642190418066391811810411157604110804031258213455674090267921107829090863980903625295214283675002666058863678952394274351614690757451852223049288963432113551017633073339683199025338950284 0 0 0 0 0 0 0 0 0 0 0 0 0 0 0 0 0 0 0 0 0 0 0 0 0 0 0 0 0 0 0 0 0 0 0 0 0 0 0 0 0 0 0 0 0 0 0 0 0 0 0 0 0 0 0 0 0 0 0 0 0 0 0 0 0 0 0 0 0 0 0 0 0 0 0 0 0 0 0 0 0 0 0 0 0 0 0 0 0 0 0 0 0 0 0 0 0 0 0 1 0 0 0 0 0 0 0 0 0]
[8845749715702995265538049570660833960708630832623193816503226178358932982043830142118611263773801610732797755297308644965471535342822787601028170989673546083251306609670415232941146315886889578172646795448026129586152687699178561198124564076570327427692048237066558205892583799943046417540297730057793700035107469009532536248261000 0 0 0 0 0 0 0 0 0 0 0 0 0 0 0 0 0 0 0 0 0 0 0 0 0 0 0 0 0 0 0 0 0 0 0 0 0 0 0 0 0 0 0 0 0 0 0 0 0 0 0 0 0 0 0 0 0 0 0 0 0 0 0 0 0 0 0 0 0 0 0 0 0 0 0 0 0 0 0 0 0 0 0 0 0 0 0 0 0 0 0 0 0 0 0 0 0 0 0 0 1 0 0 0 0 0 0 0 0]
[1064767935295110168398607823527798446861739820694146914593175454504260769838151746235287396689474012551473889017508522215074087835716962088813968078792372269119633851079447124797870852810638172432765175908885833498294992408568893345090086249953620884654367112080100234467652099429198039212644878879744519109859426311816026378220747 0 0 0 0 0 0 0 0 0 0 0 0 0 0 0 0 0 0 0 0 0 0 0 0 0 0 0 0 0 0 0 0 0 0 0 0 0 0 0 0 0 0 0 0 0 0 0 0 0 0 0 0 0 0 0 0 0 0 0 0 0 0 0 0 0 0 0 0 0 0 0 0 0 0 0 0 0 0 0 0 0 0 0 0 0 0 0 0 0 0 0 0 0 0 0 0 0 0 0 0 0 1 0 0 0 0 0 0 0]
[7582083112341316264240091302202200138656372688435184282961517900930305552826205586746659696251787673915765854167784172322647322886331011320926510541700520239321891133938889946409840562328144692200241132764066406110183791421221540392463631788775113402222843431047222602797036079459348441963355803195928997669331087574196363889906583 0 0 0 0 0 0 0 0 0 0 0 0 0 0 0 0 0 0 0 0 0 0 0 0 0 0 0 0 0 0 0 0 0 0 0 0 0 0 0 0 0 0 0 0 0 0 0 0 0 0 0 0 0 0 0 0 0 0 0 0 0 0 0 0 0 0 0 0 0 0 0 0 0 0 0 0 0 0 0 0 0 0 0 0 0 0 0 0 0 0 0 0 0 0 0 0 0 0 0 0 0 0 1 0 0 0 0 0 0]
[4852081134417336272205524542965130507552808428151045520356319665935324732699778219745073091001284214161043120037202730839483197434336971638266103756976853811256008947243576832543932145292270325364956710353244427175031369196562610143182787670346200987799859269125795598987433306559898902225203312260539079727657904238960962892056036 0 0 0 0 0 0 0 0 0 0 0 0 0 0 0 0 0 0 0 0 0 0 0 0 0 0 0 0 0 0 0 0 0 0 0 0 0 0 0 0 0 0 0 0 0 0 0 0 0 0 0 0 0 0 0 0 0 0 0 0 0 0 0 0 0 0 0 0 0 0 0 0 0 0 0 0 0 0 0 0 0 0 0 0 0 0 0 0 0 0 0 0 0 0 0 0 0 0 0 0 0 0 0 1 0 0 0 0 0]
[6209348057502655362363703534148861976120247409103379337276693936992880162932703414953677041210020300371270020315261822179879613382125936979988228720255360584585105031163473269268333343414415610391214992009610810076110213113022360446145736480672024577216754200229825323862736376757130995272487874652118715003613433272756543090634228 0 0 0 0 0 0 0 0 0 0 0 0 0 0 0 0 0 0 0 0 0 0 0 0 0 0 0 0 0 0 0 0 0 0 0 0 0 0 0 0 0 0 0 0 0 0 0 0 0 0 0 0 0 0 0 0 0 0 0 0 0 0 0 0 0 0 0 0 0 0 0 0 0 0 0 0 0 0 0 0 0 0 0 0 0 0 0 0 0 0 0 0 0 0 0 0 0 0 0 0 0 0 0 0 1 0 0 0 0]
[3360902128938363338649104980135147778547920480556333738607525776754069808733807195887272384915428389071900880916924882542324071215723938144765130963922161401392716278761470476403350468730413038285851857329248897019580201633195716897340604795632383320476429117241545406644076829899289769744645690111639190868859722521243258852794772 0 0 0 0 0 0 0 0 0 0 0 0 0 0 0 0 0 0 0 0 0 0 0 0 0 0 0 0 0 0 0 0 0 0 0 0 0 0 0 0 0 0 0 0 0 0 0 0 0 0 0 0 0 0 0 0 0 0 0 0 0 0 0 0 0 0 0 0 0 0 0 0 0 0 0 0 0 0 0 0 0 0 0 0 0 0 0 0 0 0 0 0 0 0 0 0 0 0 0 0 0 0 0 0 0 1 0 0 0]
[7207114307031902693712538748493112949898025024697337123912950043737388809506280338913418864807110366032681601187742694943046863171620914266698039012233067965648583972961727497330214859063406650491956302532325528887181309135560664025389212877501367963966311558059490218167814878145613382581549150437659595866297248141251428998221696 0 0 0 0 0 0 0 0 0 0 0 0 0 0 0 0 0 0 0 0 0 0 0 0 0 0 0 0 0 0 0 0 0 0 0 0 0 0 0 0 0 0 0 0 0 0 0 0 0 0 0 0 0 0 0 0 0 0 0 0 0 0 0 0 0 0 0 0 0 0 0 0 0 0 0 0 0 0 0 0 0 0 0 0 0 0 0 0 0 0 0 0 0 0 0 0 0 0 0 0 0 0 0 0 0 0 1 0 0]
[5058486615789850812329582468505243358922740158814836670568239744166082371261823919779857284293463438093069420417356864474735881387061661670673996201307602989959044157717125715808761608876898475830257366206056089540239070314093928539871474597828724343745865359725144418207739501284823919075507761561881899486287412621863365852231533 0 0 0 0 0 0 0 0 0 0 0 0 0 0 0 0 0 0 0 0 0 0 0 0 0 0 0 0 0 0 0 0 0 0 0 0 0 0 0 0 0 0 0 0 0 0 0 0 0 0 0 0 0 0 0 0 0 0 0 0 0 0 0 0 0 0 0 0 0 0 0 0 0 0 0 0 0 0 0 0 0 0 0 0 0 0 0 0 0 0 0 0 0 0 0 0 0 0 0 0 0 0 0 0 0 0 0 1 0]
[3208954070928646895869762412140476916817744870110798092920852555334552874048060977306107546679710916149991825702016427104740279466117632609267277328485648228927461544738380908892206019930167364940012869232728493490897209938131069386954341181455763975561446025199342453218180713450440380669405093408984833442528139939462176634557957 0 0 0 0 0 0 0 0 0 0 0 0 0 0 0 0 0 0 0 0 0 0 0 0 0 0 0 0 0 0 0 0 0 0 0 0 0 0 0 0 0 0 0 0 0 0 0 0 0 0 0 0 0 0 0 0 0 0 0 0 0 0 0 0 0 0 0 0 0 0 0 0 0 0 0 0 0 0 0 0 0 0 0 0 0 0 0 0 0 0 0 0 0 0 0 0 0 0 0 0 0 0 0 0 0 0 0 0 1]
]
