[[2543035867223911965732849135648696014448091895389469816364433329154160631162937861130373932635566147532015630103743246661 0 0 0 0 0 0 0 0 0 0 0 0 0 0 0 0 0 0 0 0 0 0 0 0 0 0 0 0 0 0 0 0 0 0 0 0 0 0 0]
[1528710058772282919533344098072722579838957717286612172844623433616934771114070882445460315381146918223550446399990268588 1 0 0 0 0 0 0 0 0 0 0 0 0 0 0 0 0 0 0 0 0 0 0 0 0 0 0 0 0 0 0 0 0 0 0 0 0 0 0]
[2004981288620682197961415247382234185841847555796299904723267816030565297442388008467937715117692317226043941164586817531 0 1 0 0 0 0 0 0 0 0 0 0 0 0 0 0 0 0 0 0 0 0 0 0 0 0 0 0 0 0 0 0 0 0 0 0 0 0 0]
[2159608745929281816096578068117280827490058529493156300089051046426424184485612386170590054103860813200175505203809148309 0 0 1 0 0 0 0 0 0 0 0 0 0 0 0 0 0 0 0 0 0 0 0 0 0 0 0 0 0 0 0 0 0 0 0 0 0 0 0]
[1331845165363944687005367219182160560006319935870977621794483913204684997603981589351971221766052756368275381746708718501 0 0 0 1 0 0 0 0 0 0 0 0 0 0 0 0 0 0 0 0 0 0 0 0 0 0 0 0 0 0 0 0 0 0 0 0 0 0 0]
[2201784535153835112394777487501701233728978689065018558567975374628418055708705470658582207769943886296170077712241545945 0 0 0 0 1 0 0 0 0 0 0 0 0 0 0 0 0 0 0 0 0 0 0 0 0 0 0 0 0 0 0 0 0 0 0 0 0 0 0]
[2422053059782496284568990486339234663851772928134433241428826508510633988159115476804744531642849361986317826422543344664 0 0 0 0 0 1 0 0 0 0 0 0 0 0 0 0 0 0 0 0 0 0 0 0 0 0 0 0 0 0 0 0 0 0 0 0 0 0 0]
[783633656241114917174219067633240466484534925359916268303940287112832557419823683261068145859669833299267566763177043793 0 0 0 0 0 0 1 0 0 0 0 0 0 0 0 0 0 0 0 0 0 0 0 0 0 0 0 0 0 0 0 0 0 0 0 0 0 0 0]
[2340518322451597472617512440402150367561475882514332481849722994568813099192279634497864823939874551769284085316099123614 0 0 0 0 0 0 0 1 0 0 0 0 0 0 0 0 0 0 0 0 0 0 0 0 0 0 0 0 0 0 0 0 0 0 0 0 0 0 0]
[2218925883891621644628385434978688961836280498071372590937341894788507485851865697877134675539542849770344577634238040305 0 0 0 0 0 0 0 0 1 0 0 0 0 0 0 0 0 0 0 0 0 0 0 0 0 0 0 0 0 0 0 0 0 0 0 0 0 0 0]
[764753330472913573473294557103495882147814596129316451993746561608517384898934789460787294321725225599999573060920382086 0 0 0 0 0 0 0 0 0 1 0 0 0 0 0 0 0 0 0 0 0 0 0 0 0 0 0 0 0 0 0 0 0 0 0 0 0 0 0]
[2208496772410820933614288041520669573020440338229201151978001736122206797517263014218744459187151419666199888734378326927 0 0 0 0 0 0 0 0 0 0 1 0 0 0 0 0 0 0 0 0 0 0 0 0 0 0 0 0 0 0 0 0 0 0 0 0 0 0 0]
[1752154880075856898793867767987406961315001061001928026125448085858663982642220634801036865032561824020199860114050890719 0 0 0 0 0 0 0 0 0 0 0 1 0 0 0 0 0 0 0 0 0 0 0 0 0 0 0 0 0 0 0 0 0 0 0 0 0 0 0]
[433044301993960601281758651386848360126088308020505028107263157412372949724911683727602470462301597822228263506472044706 0 0 0 0 0 0 0 0 0 0 0 0 1 0 0 0 0 0 0 0 0 0 0 0 0 0 0 0 0 0 0 0 0 0 0 0 0 0 0]
[921521284030647833282030095527995085544775505257446279661052901113043122353428020951473048628808001219677681331399915258 0 0 0 0 0 0 0 0 0 0 0 0 0 1 0 0 0 0 0 0 0 0 0 0 0 0 0 0 0 0 0 0 0 0 0 0 0 0 0]
[2443122637774814787578072920215403542610271889424795709785344226376099227653970476659711117129161561352243654252284269306 0 0 0 0 0 0 0 0 0 0 0 0 0 0 1 0 0 0 0 0 0 0 0 0 0 0 0 0 0 0 0 0 0 0 0 0 0 0 0]
[45319273120920103241066456449973602893223775234983601394073290398364747875599723913528084488137936945414391061360799674 0 0 0 0 0 0 0 0 0 0 0 0 0 0 0 1 0 0 0 0 0 0 0 0 0 0 0 0 0 0 0 0 0 0 0 0 0 0 0]
[1946893548218862980405851658443533474750498460108292004745796059638143111993133744771369165162728580424036042463353990608 0 0 0 0 0 0 0 0 0 0 0 0 0 0 0 0 1 0 0 0 0 0 0 0 0 0 0 0 0 0 0 0 0 0 0 0 0 0 0]
[538348628191762758320494297817751496029646218331808343738811677814373996384659906480392320216763767868947423834679705143 0 0 0 0 0 0 0 0 0 0 0 0 0 0 0 0 0 1 0 0 0 0 0 0 0 0 0 0 0 0 0 0 0 0 0 0 0 0 0]
[1682120000605747957087051658336590838160978499549440974827506272426865156789038972724144753917028714737917211031317761474 0 0 0 0 0 0 0 0 0 0 0 0 0 0 0 0 0 0 1 0 0 0 0 0 0 0 0 0 0 0 0 0 0 0 0 0 0 0 0]
[59570604004579622679928235877209852783312471941502142978483473411428001385198664180729511335337319411735374915680873895 0 0 0 0 0 0 0 0 0 0 0 0 0 0 0 0 0 0 0 1 0 0 0 0 0 0 0 0 0 0 0 0 0 0 0 0 0 0 0]
[129774224302879705986831639162992184487907326061559945956491933005869854377040566710778514723346948457723121074310089794 0 0 0 0 0 0 0 0 0 0 0 0 0 0 0 0 0 0 0 0 1 0 0 0 0 0 0 0 0 0 0 0 0 0 0 0 0 0 0]
[955028636462067938666594462023123345954340368286279148041202026946216268123860347323966014363200157986204230689410328457 0 0 0 0 0 0 0 0 0 0 0 0 0 0 0 0 0 0 0 0 0 1 0 0 0 0 0 0 0 0 0 0 0 0 0 0 0 0 0]
[370113803554443246302797426336158023697953417608495797770728006735668153110463739077645048391605542642182830422043564371 0 0 0 0 0 0 0 0 0 0 0 0 0 0 0 0 0 0 0 0 0 0 1 0 0 0 0 0 0 0 0 0 0 0 0 0 0 0 0]
[397316863961499839669967828973969027551180485100933326574146528577594438195488721534852074086272663573090577166532409769 0 0 0 0 0 0 0 0 0 0 0 0 0 0 0 0 0 0 0 0 0 0 0 1 0 0 0 0 0 0 0 0 0 0 0 0 0 0 0]
[2368979070832080262537795704365050869775679133331241492277549516785815054178356216717026629436187241319735206726056448943 0 0 0 0 0 0 0 0 0 0 0 0 0 0 0 0 0 0 0 0 0 0 0 0 1 0 0 0 0 0 0 0 0 0 0 0 0 0 0]
[2405725541419374281383541118065821894618438555982977733235641888024072630265911543032319374304606201739651585316214290685 0 0 0 0 0 0 0 0 0 0 0 0 0 0 0 0 0 0 0 0 0 0 0 0 0 1 0 0 0 0 0 0 0 0 0 0 0 0 0]
[685096207995382811205986071427696313700365467531783626171610865628248607809950390038464550597042775271524176504737789435 0 0 0 0 0 0 0 0 0 0 0 0 0 0 0 0 0 0 0 0 0 0 0 0 0 0 1 0 0 0 0 0 0 0 0 0 0 0 0]
[1018593837471125366897803461169990163510682792035266528967674209898948039032055812981579905478701778264603423144011803935 0 0 0 0 0 0 0 0 0 0 0 0 0 0 0 0 0 0 0 0 0 0 0 0 0 0 0 1 0 0 0 0 0 0 0 0 0 0 0]
[2023279261886624088352447293327907586046782751205759907874867849048656841869245034972170873917505101309710090501812046627 0 0 0 0 0 0 0 0 0 0 0 0 0 0 0 0 0 0 0 0 0 0 0 0 0 0 0 0 1 0 0 0 0 0 0 0 0 0 0]
[2296509449588291655462883519958880832011952646859497053633676077724105910485222824415981614370841773161534336902263004267 0 0 0 0 0 0 0 0 0 0 0 0 0 0 0 0 0 0 0 0 0 0 0 0 0 0 0 0 0 1 0 0 0 0 0 0 0 0 0]
[1731436017879132974224896240054969647180899805406984635358194751237622525985235606125485446675338079100921791039984685995 0 0 0 0 0 0 0 0 0 0 0 0 0 0 0 0 0 0 0 0 0 0 0 0 0 0 0 0 0 0 1 0 0 0 0 0 0 0 0]
[1281115025759539595947600428771224437099519479563651517211183129342726602618764858803659286094293720446826458954942015851 0 0 0 0 0 0 0 0 0 0 0 0 0 0 0 0 0 0 0 0 0 0 0 0 0 0 0 0 0 0 0 1 0 0 0 0 0 0 0]
[345019267337687693001865653691470155319313403908389943397172322195171604527587962869774685375905785179439034669963975429 0 0 0 0 0 0 0 0 0 0 0 0 0 0 0 0 0 0 0 0 0 0 0 0 0 0 0 0 0 0 0 0 1 0 0 0 0 0 0]
[2455249166630424665065784935937284531261977910703039959966076725742445267987922991118573619896576062132209114733702054738 0 0 0 0 0 0 0 0 0 0 0 0 0 0 0 0 0 0 0 0 0 0 0 0 0 0 0 0 0 0 0 0 0 1 0 0 0 0 0]
[1426795387362954278571977555916085073611685825386984264861873327755707743848705402418391305851662896049691251105907278045 0 0 0 0 0 0 0 0 0 0 0 0 0 0 0 0 0 0 0 0 0 0 0 0 0 0 0 0 0 0 0 0 0 0 1 0 0 0 0]
[1683693980631703425444098666196121058093143953411560314931899259884759301993232502301272544297824974198116065590850351860 0 0 0 0 0 0 0 0 0 0 0 0 0 0 0 0 0 0 0 0 0 0 0 0 0 0 0 0 0 0 0 0 0 0 0 1 0 0 0]
[1752193403281433303246205153684242097012898469478488651912190728984581027890216228608926321377321897801155213008177899959 0 0 0 0 0 0 0 0 0 0 0 0 0 0 0 0 0 0 0 0 0 0 0 0 0 0 0 0 0 0 0 0 0 0 0 0 1 0 0]
[2257674691977689948242194971598374892136312464483259910174695015626404181929315490005069363280233092021143987198153507656 0 0 0 0 0 0 0 0 0 0 0 0 0 0 0 0 0 0 0 0 0 0 0 0 0 0 0 0 0 0 0 0 0 0 0 0 0 1 0]
[1024229024148230156337684258490346525270304123039251018814333922349078127374019436741132537485976115029998604766107744620 0 0 0 0 0 0 0 0 0 0 0 0 0 0 0 0 0 0 0 0 0 0 0 0 0 0 0 0 0 0 0 0 0 0 0 0 0 0 1]
]
