[[2707260428764227422771544859925371742005940218440305556897718228600473466755271890090854324228185725757130851899239004251634408628729363795719080138639 0 0 0 0 0 0 0 0 0 0 0 0 0 0 0 0 0 0 0 0 0 0 0 0 0 0 0 0 0 0 0 0 0 0 0 0 0 0 0 0 0 0 0 0 0 0 0 0 0]
[51381653008541003518612362500440224009013748786591946812859206228713211831247784815128162193816426398586725931629360889185554499355044785024981826416 1 0 0 0 0 0 0 0 0 0 0 0 0 0 0 0 0 0 0 0 0 0 0 0 0 0 0 0 0 0 0 0 0 0 0 0 0 0 0 0 0 0 0 0 0 0 0 0 0]
[313236946997090350549531413774403502922220617714259557844724461856008987834414258436207823249387442887761717041709832084962399636736277395746327272027 0 1 0 0 0 0 0 0 0 0 0 0 0 0 0 0 0 0 0 0 0 0 0 0 0 0 0 0 0 0 0 0 0 0 0 0 0 0 0 0 0 0 0 0 0 0 0 0 0]
[454055309779622053643894329036781743209442738862782528961583900634917109822558723645176215638270438347184764426092447076375587091678397470575844900228 0 0 1 0 0 0 0 0 0 0 0 0 0 0 0 0 0 0 0 0 0 0 0 0 0 0 0 0 0 0 0 0 0 0 0 0 0 0 0 0 0 0 0 0 0 0 0 0 0]
[1304652766834910265539145849529158774027804618133156020125890349546566341284997714716141548342312020658812186345053819657283672803696239382505184921030 0 0 0 1 0 0 0 0 0 0 0 0 0 0 0 0 0 0 0 0 0 0 0 0 0 0 0 0 0 0 0 0 0 0 0 0 0 0 0 0 0 0 0 0 0 0 0 0 0]
[1063172047158743059636875487057003197354812691263263900148851818303763092148377542321806659100897357621811822905650619434492804035589323058655525674868 0 0 0 0 1 0 0 0 0 0 0 0 0 0 0 0 0 0 0 0 0 0 0 0 0 0 0 0 0 0 0 0 0 0 0 0 0 0 0 0 0 0 0 0 0 0 0 0 0]
[1138804454179712391842628979889798829297959670887093198456358320732073784829572811607993651427946774915334336724924723917851796903582961500683134669507 0 0 0 0 0 1 0 0 0 0 0 0 0 0 0 0 0 0 0 0 0 0 0 0 0 0 0 0 0 0 0 0 0 0 0 0 0 0 0 0 0 0 0 0 0 0 0 0 0]
[2165935217237441263902495614855033479281901681685174374187564397839395585441478730915022307960425163276080270338866031495818353861316515035953356625885 0 0 0 0 0 0 1 0 0 0 0 0 0 0 0 0 0 0 0 0 0 0 0 0 0 0 0 0 0 0 0 0 0 0 0 0 0 0 0 0 0 0 0 0 0 0 0 0 0]
[938711203887343764736732085618536538285821390465605346353457279009564030699243008832153918658256369613441645797266420055815201743532706642793393095628 0 0 0 0 0 0 0 1 0 0 0 0 0 0 0 0 0 0 0 0 0 0 0 0 0 0 0 0 0 0 0 0 0 0 0 0 0 0 0 0 0 0 0 0 0 0 0 0 0]
[991546849142001009948302459287795476657024449546837777730399757484872414799796504921623226528165688561505483567771315471458518960720442264863429145778 0 0 0 0 0 0 0 0 1 0 0 0 0 0 0 0 0 0 0 0 0 0 0 0 0 0 0 0 0 0 0 0 0 0 0 0 0 0 0 0 0 0 0 0 0 0 0 0 0]
[491740175456398371657430556064957045448854900939531611772921503059064322340575312790537851667270816056494218286271389221837869120603835225393381535961 0 0 0 0 0 0 0 0 0 1 0 0 0 0 0 0 0 0 0 0 0 0 0 0 0 0 0 0 0 0 0 0 0 0 0 0 0 0 0 0 0 0 0 0 0 0 0 0 0]
[764214023134041990375491276906229289889167616172716124911436599170411913641215999762832515680268919042469192097999830208400077399443681198226565032616 0 0 0 0 0 0 0 0 0 0 1 0 0 0 0 0 0 0 0 0 0 0 0 0 0 0 0 0 0 0 0 0 0 0 0 0 0 0 0 0 0 0 0 0 0 0 0 0 0]
[76955424916766411465391509735317514470370198018135726430202812049122140001920265576095673958080898129352701039971567524273456833960439016233481633775 0 0 0 0 0 0 0 0 0 0 0 1 0 0 0 0 0 0 0 0 0 0 0 0 0 0 0 0 0 0 0 0 0 0 0 0 0 0 0 0 0 0 0 0 0 0 0 0 0]
[2286000910571237923197895499269898497744762739234382785509915368595628845816945883893368066663632316893185656841291933625864786532081225369602799757873 0 0 0 0 0 0 0 0 0 0 0 0 1 0 0 0 0 0 0 0 0 0 0 0 0 0 0 0 0 0 0 0 0 0 0 0 0 0 0 0 0 0 0 0 0 0 0 0 0]
[1212183760198338673118601461160996426176478218045277802103283536248082568184122614130039247351661481011105015869541620896674481653699250335286791999612 0 0 0 0 0 0 0 0 0 0 0 0 0 1 0 0 0 0 0 0 0 0 0 0 0 0 0 0 0 0 0 0 0 0 0 0 0 0 0 0 0 0 0 0 0 0 0 0 0]
[805075252786707469366492202473803216240060945922848929164640766731551967074351528395539638762090061842176902261653659316439035738042151664875982519234 0 0 0 0 0 0 0 0 0 0 0 0 0 0 1 0 0 0 0 0 0 0 0 0 0 0 0 0 0 0 0 0 0 0 0 0 0 0 0 0 0 0 0 0 0 0 0 0 0]
[993471356965684422048834252538647043025587520253580369917622783878013738863985753576093665573273603466419661086422222497849536978990700209622083003709 0 0 0 0 0 0 0 0 0 0 0 0 0 0 0 1 0 0 0 0 0 0 0 0 0 0 0 0 0 0 0 0 0 0 0 0 0 0 0 0 0 0 0 0 0 0 0 0 0]
[1741085438327065192638799685385929457351306322527305127852517915462743869338590475621348767267706187106584157643132276505614494415969324438233160547123 0 0 0 0 0 0 0 0 0 0 0 0 0 0 0 0 1 0 0 0 0 0 0 0 0 0 0 0 0 0 0 0 0 0 0 0 0 0 0 0 0 0 0 0 0 0 0 0 0]
[337320715123832693761633584772030755433027555306025881948519067362848185319150984880594464349406699940728370807989185722479547658500097270429383974213 0 0 0 0 0 0 0 0 0 0 0 0 0 0 0 0 0 1 0 0 0 0 0 0 0 0 0 0 0 0 0 0 0 0 0 0 0 0 0 0 0 0 0 0 0 0 0 0 0]
[1101438041220751635675731236019237381882293397936388578452318544490435684645593384145182395782557545479245732812050506616301130241706703306832651900713 0 0 0 0 0 0 0 0 0 0 0 0 0 0 0 0 0 0 1 0 0 0 0 0 0 0 0 0 0 0 0 0 0 0 0 0 0 0 0 0 0 0 0 0 0 0 0 0 0]
[1827451794481474532352203623691054892110578736305626167126088453013595383490549875743764640112578999000361744521474472001060603960310151244487967957493 0 0 0 0 0 0 0 0 0 0 0 0 0 0 0 0 0 0 0 1 0 0 0 0 0 0 0 0 0 0 0 0 0 0 0 0 0 0 0 0 0 0 0 0 0 0 0 0 0]
[1613117151593006989461679241978541311922499184353919099648970866638759308011369952667737724252922783046819556230265694883150057151407833803459330988574 0 0 0 0 0 0 0 0 0 0 0 0 0 0 0 0 0 0 0 0 1 0 0 0 0 0 0 0 0 0 0 0 0 0 0 0 0 0 0 0 0 0 0 0 0 0 0 0 0]
[670549737332854912980462501807931718736148358325211321039427962532850873715113398449377775171699117123937703049249903549343206351290246427065587622627 0 0 0 0 0 0 0 0 0 0 0 0 0 0 0 0 0 0 0 0 0 1 0 0 0 0 0 0 0 0 0 0 0 0 0 0 0 0 0 0 0 0 0 0 0 0 0 0 0]
[2460315098298612069770396751137069182966370089296394643126833104330561074664918193954746961097407228766028209796039099345307405143559609748571233677049 0 0 0 0 0 0 0 0 0 0 0 0 0 0 0 0 0 0 0 0 0 0 1 0 0 0 0 0 0 0 0 0 0 0 0 0 0 0 0 0 0 0 0 0 0 0 0 0 0]
[256387686172968305665931731007793829594319777729197438879371819708759528406404064041151737955484777934201619624265972819614915633931765482464562097163 0 0 0 0 0 0 0 0 0 0 0 0 0 0 0 0 0 0 0 0 0 0 0 1 0 0 0 0 0 0 0 0 0 0 0 0 0 0 0 0 0 0 0 0 0 0 0 0 0]
[2427636976665628369658887436862844880431213346213817948039701819508545043470450919633683030710601100681248648906448370465447307959620008157612444372933 0 0 0 0 0 0 0 0 0 0 0 0 0 0 0 0 0 0 0 0 0 0 0 0 1 0 0 0 0 0 0 0 0 0 0 0 0 0 0 0 0 0 0 0 0 0 0 0 0]
[534803177230760488167572908081123311929718033741251268839622159069254396016471926290174533578110287299286923011709028211789542722980877240570879581725 0 0 0 0 0 0 0 0 0 0 0 0 0 0 0 0 0 0 0 0 0 0 0 0 0 1 0 0 0 0 0 0 0 0 0 0 0 0 0 0 0 0 0 0 0 0 0 0 0]
[2097333083429006039657982769977230041580477271014909084263422427994279671362894319361288464952696532134044874754832014564829968607915351664412111887076 0 0 0 0 0 0 0 0 0 0 0 0 0 0 0 0 0 0 0 0 0 0 0 0 0 0 1 0 0 0 0 0 0 0 0 0 0 0 0 0 0 0 0 0 0 0 0 0 0]
[600446279273086013291015418999764318578748778346408282398901625119515896970393826642111701539028970786055937978053880054925521733233054771478888737937 0 0 0 0 0 0 0 0 0 0 0 0 0 0 0 0 0 0 0 0 0 0 0 0 0 0 0 1 0 0 0 0 0 0 0 0 0 0 0 0 0 0 0 0 0 0 0 0 0]
[2278892382131377038548025999272731229276533123446998405934271185466320521903274575540881848624817687611371103108097659824191821701031564290173562935205 0 0 0 0 0 0 0 0 0 0 0 0 0 0 0 0 0 0 0 0 0 0 0 0 0 0 0 0 1 0 0 0 0 0 0 0 0 0 0 0 0 0 0 0 0 0 0 0 0]
[2144662397991872441395933078028267233663216511033564240980963418784398865376413896879538168863777341914239870968913407568752252282275110444899865653916 0 0 0 0 0 0 0 0 0 0 0 0 0 0 0 0 0 0 0 0 0 0 0 0 0 0 0 0 0 1 0 0 0 0 0 0 0 0 0 0 0 0 0 0 0 0 0 0 0]
[963894360534282147116223388367583406438942489420542291844975501544968147612561221084396382780317030719925001376152065591860582203174433733183128023214 0 0 0 0 0 0 0 0 0 0 0 0 0 0 0 0 0 0 0 0 0 0 0 0 0 0 0 0 0 0 1 0 0 0 0 0 0 0 0 0 0 0 0 0 0 0 0 0 0]
[2419818062874903651903308812042816268601742519422426519193572790976830458325228063091484066747677284449280377296728121685348173866878012913553610809546 0 0 0 0 0 0 0 0 0 0 0 0 0 0 0 0 0 0 0 0 0 0 0 0 0 0 0 0 0 0 0 1 0 0 0 0 0 0 0 0 0 0 0 0 0 0 0 0 0]
[1985234998346450919713092804364559566369328168899741779635352728588341922364540840199417143181171173673941334820712731364726628352092027167403881480731 0 0 0 0 0 0 0 0 0 0 0 0 0 0 0 0 0 0 0 0 0 0 0 0 0 0 0 0 0 0 0 0 1 0 0 0 0 0 0 0 0 0 0 0 0 0 0 0 0]
[2602109236241067769431831415584342726947246717351127694659296501377365677033728142186519598159158664312909710407239370352027228793944474791888261055401 0 0 0 0 0 0 0 0 0 0 0 0 0 0 0 0 0 0 0 0 0 0 0 0 0 0 0 0 0 0 0 0 0 1 0 0 0 0 0 0 0 0 0 0 0 0 0 0 0]
[1753169721100386469889346072344603998996757557306971520781447303863108878034387177020370348782819065632432666097174854192879546584472971878218510966005 0 0 0 0 0 0 0 0 0 0 0 0 0 0 0 0 0 0 0 0 0 0 0 0 0 0 0 0 0 0 0 0 0 0 1 0 0 0 0 0 0 0 0 0 0 0 0 0 0]
[2620358813482013104462209214006647651493311530941195219353466271590071569552355902423662270710739550616918056573612125736794801280514632459772369028605 0 0 0 0 0 0 0 0 0 0 0 0 0 0 0 0 0 0 0 0 0 0 0 0 0 0 0 0 0 0 0 0 0 0 0 1 0 0 0 0 0 0 0 0 0 0 0 0 0]
[142850692965844941035361648358144912477251965311522282322797918336689526214302988527919228429786779074542487020081149236529485678210555400993098230427 0 0 0 0 0 0 0 0 0 0 0 0 0 0 0 0 0 0 0 0 0 0 0 0 0 0 0 0 0 0 0 0 0 0 0 0 1 0 0 0 0 0 0 0 0 0 0 0 0]
[2166811449682704955715834047112216364395625213658040559516447323401755823002046802961227361938764032672314607988171847604137410902278469775203465473788 0 0 0 0 0 0 0 0 0 0 0 0 0 0 0 0 0 0 0 0 0 0 0 0 0 0 0 0 0 0 0 0 0 0 0 0 0 1 0 0 0 0 0 0 0 0 0 0 0]
[1508725199578420485523871712285894174859925872813856389926801267627588858613347220519001837026244007860025809311864354719390507506167063292220288645806 0 0 0 0 0 0 0 0 0 0 0 0 0 0 0 0 0 0 0 0 0 0 0 0 0 0 0 0 0 0 0 0 0 0 0 0 0 0 1 0 0 0 0 0 0 0 0 0 0]
[1038908610011950821929038143762864531499669179296547833864757008990617226455869895135950743042654251506430567119720907320584949452752420732133214648196 0 0 0 0 0 0 0 0 0 0 0 0 0 0 0 0 0 0 0 0 0 0 0 0 0 0 0 0 0 0 0 0 0 0 0 0 0 0 0 1 0 0 0 0 0 0 0 0 0]
[473557217010412997650663487652518314426942271847751421171600349935327661168485288344817695692133230044930127830571665214278576281965553282210150583222 0 0 0 0 0 0 0 0 0 0 0 0 0 0 0 0 0 0 0 0 0 0 0 0 0 0 0 0 0 0 0 0 0 0 0 0 0 0 0 0 1 0 0 0 0 0 0 0 0]
[1218858812034449597929377293626448684278316205326153405507028010771808347665945412897206372078404797727933411924512623207102246308391182131224833778293 0 0 0 0 0 0 0 0 0 0 0 0 0 0 0 0 0 0 0 0 0 0 0 0 0 0 0 0 0 0 0 0 0 0 0 0 0 0 0 0 0 1 0 0 0 0 0 0 0]
[2036654643985654384738010156187615535410012308508368919947794116676061819022338875477576144116404122789926711744123757639726339822663080456085823207656 0 0 0 0 0 0 0 0 0 0 0 0 0 0 0 0 0 0 0 0 0 0 0 0 0 0 0 0 0 0 0 0 0 0 0 0 0 0 0 0 0 0 1 0 0 0 0 0 0]
[1792362317289292484496047401217434056584049407725465974658803177794000813434701372119544643444256699290742119429575014412045700731085271604194120019469 0 0 0 0 0 0 0 0 0 0 0 0 0 0 0 0 0 0 0 0 0 0 0 0 0 0 0 0 0 0 0 0 0 0 0 0 0 0 0 0 0 0 0 1 0 0 0 0 0]
[1464943214513594817893520817329064767809568288158425694936424712186468714512068024172641516808005106409509452309197818470556839278759859072962404202871 0 0 0 0 0 0 0 0 0 0 0 0 0 0 0 0 0 0 0 0 0 0 0 0 0 0 0 0 0 0 0 0 0 0 0 0 0 0 0 0 0 0 0 0 1 0 0 0 0]
[972429222215329555726379203595775791966189984950034224937599563437394590434380321775462086489856405318065595758954871125952880494304434286892437238513 0 0 0 0 0 0 0 0 0 0 0 0 0 0 0 0 0 0 0 0 0 0 0 0 0 0 0 0 0 0 0 0 0 0 0 0 0 0 0 0 0 0 0 0 0 1 0 0 0]
[615358464331713952821059817472734728345727821461765386213362930120969808095577672674228416617643116204527644707008787968174801756050144011781596373086 0 0 0 0 0 0 0 0 0 0 0 0 0 0 0 0 0 0 0 0 0 0 0 0 0 0 0 0 0 0 0 0 0 0 0 0 0 0 0 0 0 0 0 0 0 0 1 0 0]
[2527996178106093644162781137693678309636683930192602799877704335117304520352886692950261985816723482538557365691541146461190838754403216094147519420700 0 0 0 0 0 0 0 0 0 0 0 0 0 0 0 0 0 0 0 0 0 0 0 0 0 0 0 0 0 0 0 0 0 0 0 0 0 0 0 0 0 0 0 0 0 0 0 1 0]
[2674604545032111091938036032142916172672734182592941809211427052965632643683871395256589594629754176079775127598334515758336065669572514051028865539720 0 0 0 0 0 0 0 0 0 0 0 0 0 0 0 0 0 0 0 0 0 0 0 0 0 0 0 0 0 0 0 0 0 0 0 0 0 0 0 0 0 0 0 0 0 0 0 0 1]
]
