[[2443653505018135791072307363874588505369590796936278907582065329810738157393990505546420737134788473880621631212175125623 0 0 0 0 0 0 0 0 0 0 0 0 0 0 0 0 0 0 0 0 0 0 0 0 0 0 0 0 0 0 0 0 0 0 0 0 0 0 0]
[2316572342585534705317100252772475049941378618635665309020260212777600765314670811497278088333193842567205084742670349201 1 0 0 0 0 0 0 0 0 0 0 0 0 0 0 0 0 0 0 0 0 0 0 0 0 0 0 0 0 0 0 0 0 0 0 0 0 0 0]
[2038339749488262065096794188974747010007019292823891501247922870648419483478936123761440580237066166944049141198938411452 0 1 0 0 0 0 0 0 0 0 0 0 0 0 0 0 0 0 0 0 0 0 0 0 0 0 0 0 0 0 0 0 0 0 0 0 0 0 0]
[2413841980107952653808551668571587406807735935474208981666251320097173997702924071732944259561334085142303620203968276418 0 0 1 0 0 0 0 0 0 0 0 0 0 0 0 0 0 0 0 0 0 0 0 0 0 0 0 0 0 0 0 0 0 0 0 0 0 0 0]
[2056965113212466692263227577425505925024911407212876097770772803320679739752862819789717774558299846233221365074390771607 0 0 0 1 0 0 0 0 0 0 0 0 0 0 0 0 0 0 0 0 0 0 0 0 0 0 0 0 0 0 0 0 0 0 0 0 0 0 0]
[568478540272537641186555509991096458377959020770854793981139110538783152275715870832636181189105424434398542344171860343 0 0 0 0 1 0 0 0 0 0 0 0 0 0 0 0 0 0 0 0 0 0 0 0 0 0 0 0 0 0 0 0 0 0 0 0 0 0 0]
[630433410841828218368266618396489409199434226014572835579846124360103743678668583057679318586423403156687403095000260109 0 0 0 0 0 1 0 0 0 0 0 0 0 0 0 0 0 0 0 0 0 0 0 0 0 0 0 0 0 0 0 0 0 0 0 0 0 0 0]
[1335607638423670039908757492672236328548293096198704511970685946740522779031689565917664634828364133038144969595786961293 0 0 0 0 0 0 1 0 0 0 0 0 0 0 0 0 0 0 0 0 0 0 0 0 0 0 0 0 0 0 0 0 0 0 0 0 0 0 0]
[230776347255408494419070657382230148145190231200932241121327207325982516135358621120745147836085930605082953815342065512 0 0 0 0 0 0 0 1 0 0 0 0 0 0 0 0 0 0 0 0 0 0 0 0 0 0 0 0 0 0 0 0 0 0 0 0 0 0 0]
[2292359158192229242412482049291477329077636644187852262679948375062106487146320180179502117200922596435732033201610640321 0 0 0 0 0 0 0 0 1 0 0 0 0 0 0 0 0 0 0 0 0 0 0 0 0 0 0 0 0 0 0 0 0 0 0 0 0 0 0]
[1545940939214237735531021657693678520353456281474482875774876781390409357306929380792921595523666247649051996857661849541 0 0 0 0 0 0 0 0 0 1 0 0 0 0 0 0 0 0 0 0 0 0 0 0 0 0 0 0 0 0 0 0 0 0 0 0 0 0 0]
[973266174798208415078986335578028476448443246662889662048976996921232852607709048499582409554573701955310923884219450930 0 0 0 0 0 0 0 0 0 0 1 0 0 0 0 0 0 0 0 0 0 0 0 0 0 0 0 0 0 0 0 0 0 0 0 0 0 0 0]
[2156881618426858887462551069639490961881513506122621094009026478322618792350433172761370121398811986354128801767566562264 0 0 0 0 0 0 0 0 0 0 0 1 0 0 0 0 0 0 0 0 0 0 0 0 0 0 0 0 0 0 0 0 0 0 0 0 0 0 0]
[816013623259112106968757935174896101627323596823519286285928623697779369699144857304413970861194214794916439078996990371 0 0 0 0 0 0 0 0 0 0 0 0 1 0 0 0 0 0 0 0 0 0 0 0 0 0 0 0 0 0 0 0 0 0 0 0 0 0 0]
[210667756801863728018918080406696279955219005151409504610886854749467359181871295284296154697237972835778225490506835531 0 0 0 0 0 0 0 0 0 0 0 0 0 1 0 0 0 0 0 0 0 0 0 0 0 0 0 0 0 0 0 0 0 0 0 0 0 0 0]
[509562804669643919033178241930249478025582196897386935705827377462482252451432034401864348001306672272867653896519292713 0 0 0 0 0 0 0 0 0 0 0 0 0 0 1 0 0 0 0 0 0 0 0 0 0 0 0 0 0 0 0 0 0 0 0 0 0 0 0]
[46944290063116733909777629080890131908596314781185992066869626634195039413602070189197776335752681982888348187715638978 0 0 0 0 0 0 0 0 0 0 0 0 0 0 0 1 0 0 0 0 0 0 0 0 0 0 0 0 0 0 0 0 0 0 0 0 0 0 0]
[136598460332497477521388116284772935204929005371018429043253527494987032406936566840063545854587410865396230844422345826 0 0 0 0 0 0 0 0 0 0 0 0 0 0 0 0 1 0 0 0 0 0 0 0 0 0 0 0 0 0 0 0 0 0 0 0 0 0 0]
[2336710444863572007292103971247999239700725088291188202190761977068777544129518353358457903957022012823291584423557474372 0 0 0 0 0 0 0 0 0 0 0 0 0 0 0 0 0 1 0 0 0 0 0 0 0 0 0 0 0 0 0 0 0 0 0 0 0 0 0]
[1257194122078381269634560181187022037518049968797204276427629864097603797744959694306147827512153929772269828757217957439 0 0 0 0 0 0 0 0 0 0 0 0 0 0 0 0 0 0 1 0 0 0 0 0 0 0 0 0 0 0 0 0 0 0 0 0 0 0 0]
[917344327427152365558461144503934910098569201868480405644749162901414392407943075870955965448874292165507731208694010213 0 0 0 0 0 0 0 0 0 0 0 0 0 0 0 0 0 0 0 1 0 0 0 0 0 0 0 0 0 0 0 0 0 0 0 0 0 0 0]
[1846081381934682241229648515465838191212044686558286038315831520993513487204848337358877108724234712073598395981296988895 0 0 0 0 0 0 0 0 0 0 0 0 0 0 0 0 0 0 0 0 1 0 0 0 0 0 0 0 0 0 0 0 0 0 0 0 0 0 0]
[2325857185647660802911216174732080223920977066742875893182326154574886306959520650653483295853661164544887847124521423341 0 0 0 0 0 0 0 0 0 0 0 0 0 0 0 0 0 0 0 0 0 1 0 0 0 0 0 0 0 0 0 0 0 0 0 0 0 0 0]
[1702123168515134011717187623495984855732016900545607197457742926201498748445213561935549022002020733250623110852636090812 0 0 0 0 0 0 0 0 0 0 0 0 0 0 0 0 0 0 0 0 0 0 1 0 0 0 0 0 0 0 0 0 0 0 0 0 0 0 0]
[1775165087954664192379522619521192924998779899122328809238371977983638408864510695529639805838291654514710663625946416328 0 0 0 0 0 0 0 0 0 0 0 0 0 0 0 0 0 0 0 0 0 0 0 1 0 0 0 0 0 0 0 0 0 0 0 0 0 0 0]
[1368791280784247295912709868434355806593256298264082422338188167071239728077213328341375668861435636514522634287881253153 0 0 0 0 0 0 0 0 0 0 0 0 0 0 0 0 0 0 0 0 0 0 0 0 1 0 0 0 0 0 0 0 0 0 0 0 0 0 0]
[1898798538366290859083095357082241169812194044977244856032257834625504860930124706357749446001739817075974331029625292252 0 0 0 0 0 0 0 0 0 0 0 0 0 0 0 0 0 0 0 0 0 0 0 0 0 1 0 0 0 0 0 0 0 0 0 0 0 0 0]
[1879367049019147802928848044329262506030070866339732042545427880054729634524130760190759263239226847056327476121264492504 0 0 0 0 0 0 0 0 0 0 0 0 0 0 0 0 0 0 0 0 0 0 0 0 0 0 1 0 0 0 0 0 0 0 0 0 0 0 0]
[1787252778601477480616373278537542864125922673824347593258624061691894667707129627637546808914891675139265321110500467676 0 0 0 0 0 0 0 0 0 0 0 0 0 0 0 0 0 0 0 0 0 0 0 0 0 0 0 1 0 0 0 0 0 0 0 0 0 0 0]
[1901016470244230180103541448136610104321884864270700883079131078811170444771320786435900964921932907512552560759460953888 0 0 0 0 0 0 0 0 0 0 0 0 0 0 0 0 0 0 0 0 0 0 0 0 0 0 0 0 1 0 0 0 0 0 0 0 0 0 0]
[1589679338945734147227270619717735134736708240053442081359966751923118151696335589077099801527545344710719156129654378627 0 0 0 0 0 0 0 0 0 0 0 0 0 0 0 0 0 0 0 0 0 0 0 0 0 0 0 0 0 1 0 0 0 0 0 0 0 0 0]
[1984794053723530424394777058685076369521388380651919359492533009764441682681375150124457130347437144483222642871466585988 0 0 0 0 0 0 0 0 0 0 0 0 0 0 0 0 0 0 0 0 0 0 0 0 0 0 0 0 0 0 1 0 0 0 0 0 0 0 0]
[2047887089945964409465420850339395378098982156491427770781920698652001966946860336939022648838422998849762708058471189278 0 0 0 0 0 0 0 0 0 0 0 0 0 0 0 0 0 0 0 0 0 0 0 0 0 0 0 0 0 0 0 1 0 0 0 0 0 0 0]
[38995191261770447755082416535357256488122805787092775557247493175526161377592968815307113706275744920064484537835075199 0 0 0 0 0 0 0 0 0 0 0 0 0 0 0 0 0 0 0 0 0 0 0 0 0 0 0 0 0 0 0 0 1 0 0 0 0 0 0]
[1234337812585341729165420473720055290203967054155353928019057443355679999507428120631398913007797205200850136638545790982 0 0 0 0 0 0 0 0 0 0 0 0 0 0 0 0 0 0 0 0 0 0 0 0 0 0 0 0 0 0 0 0 0 1 0 0 0 0 0]
[1894333037800505387942468172461437608915385856829145370254255711130983508956693677216439364808003265788365606812556654590 0 0 0 0 0 0 0 0 0 0 0 0 0 0 0 0 0 0 0 0 0 0 0 0 0 0 0 0 0 0 0 0 0 0 1 0 0 0 0]
[2135873669668581056829421675104021379863028767577307563777903552800805995895536745152120676240239435434267450923746087659 0 0 0 0 0 0 0 0 0 0 0 0 0 0 0 0 0 0 0 0 0 0 0 0 0 0 0 0 0 0 0 0 0 0 0 1 0 0 0]
[258144348408044984428172429952313733107794607065872387982623157192250666443408320162339861416638590589472370012981335585 0 0 0 0 0 0 0 0 0 0 0 0 0 0 0 0 0 0 0 0 0 0 0 0 0 0 0 0 0 0 0 0 0 0 0 0 1 0 0]
[1088278689370462189101066797571010592151274146451275721935197814743312972000071097673862477862652844505740931557661053716 0 0 0 0 0 0 0 0 0 0 0 0 0 0 0 0 0 0 0 0 0 0 0 0 0 0 0 0 0 0 0 0 0 0 0 0 0 1 0]
[1696591355188896720979414627278317230309670230358920513338441574944481277227166437704499782374850131662625997183151464027 0 0 0 0 0 0 0 0 0 0 0 0 0 0 0 0 0 0 0 0 0 0 0 0 0 0 0 0 0 0 0 0 0 0 0 0 0 0 1]
]
