[[6561643903835945857255677049152805160681493556659823781308872270234785922077732293846262191737856979338446447266989406141261934769402138669753384815098680907028319043229851114309368806898548579776934998466379246989479132469751612613900100964624717141666101927532532663443 0 0 0 0 0 0 0 0 0 0 0 0 0 0 0 0 0 0 0 0 0 0 0 0 0 0 0 0 0 0 0 0 0 0 0 0 0 0 0 0 0 0 0 0 0 0 0 0 0 0 0 0 0 0 0 0 0 0 0 0 0 0 0 0 0 0 0 0 0 0 0 0 0 0 0 0 0 0 0 0 0 0 0 0 0 0 0 0 0]
[530552052514797424704554601890871895478389538695153972243136476140987390300277307040546238965774535191439326649919116157916437165307345646582169815256702938493780983298151656662643019764980439207275636626402455307179946580267150299538512054276805444123744453087165606551 1 0 0 0 0 0 0 0 0 0 0 0 0 0 0 0 0 0 0 0 0 0 0 0 0 0 0 0 0 0 0 0 0 0 0 0 0 0 0 0 0 0 0 0 0 0 0 0 0 0 0 0 0 0 0 0 0 0 0 0 0 0 0 0 0 0 0 0 0 0 0 0 0 0 0 0 0 0 0 0 0 0 0 0 0 0 0 0 0]
[918955884884213503294665993902683728421955705417153311236536824861108485492676907426011335860319077160131752443954576586496937562620421222576246519129523369909661313591305952763607222126084270894933462225246903488333242289190975903989081051765691575738135068540863995231 0 1 0 0 0 0 0 0 0 0 0 0 0 0 0 0 0 0 0 0 0 0 0 0 0 0 0 0 0 0 0 0 0 0 0 0 0 0 0 0 0 0 0 0 0 0 0 0 0 0 0 0 0 0 0 0 0 0 0 0 0 0 0 0 0 0 0 0 0 0 0 0 0 0 0 0 0 0 0 0 0 0 0 0 0 0 0 0 0]
[2099783779642856639665142816191774783198858190029803336167057960318189448312794167772474151468317395532826533022415129921760786034049625032723664095064286298586057740660390853720888927152023517439170491095972474330245739985148904253885066521094412723002929754542564845037 0 0 1 0 0 0 0 0 0 0 0 0 0 0 0 0 0 0 0 0 0 0 0 0 0 0 0 0 0 0 0 0 0 0 0 0 0 0 0 0 0 0 0 0 0 0 0 0 0 0 0 0 0 0 0 0 0 0 0 0 0 0 0 0 0 0 0 0 0 0 0 0 0 0 0 0 0 0 0 0 0 0 0 0 0 0 0 0 0]
[1961558504241754044406401351643539561419711388960569404821164384829607101982567304483515262813507392344151639439209482184035576496499349392224653246426473647290170073238911337786448680013565203784317647307670383617720804792111612787525975620789725526411803647805214542172 0 0 0 1 0 0 0 0 0 0 0 0 0 0 0 0 0 0 0 0 0 0 0 0 0 0 0 0 0 0 0 0 0 0 0 0 0 0 0 0 0 0 0 0 0 0 0 0 0 0 0 0 0 0 0 0 0 0 0 0 0 0 0 0 0 0 0 0 0 0 0 0 0 0 0 0 0 0 0 0 0 0 0 0 0 0 0 0 0]
[6063711278014925492620477576398069358758663609332967974831716309573196703187578954926005403803550462242749430965195500102802359049567942614586892742104907410661427541012055201131794737090744973369910044383829565239170856133992415802722922779597924509689167575427545779662 0 0 0 0 1 0 0 0 0 0 0 0 0 0 0 0 0 0 0 0 0 0 0 0 0 0 0 0 0 0 0 0 0 0 0 0 0 0 0 0 0 0 0 0 0 0 0 0 0 0 0 0 0 0 0 0 0 0 0 0 0 0 0 0 0 0 0 0 0 0 0 0 0 0 0 0 0 0 0 0 0 0 0 0 0 0 0 0 0]
[412436281979332077005715972520823984232117443537583906081843224676978998810164275590026088934166608739358636881767841811627274719468156506266989031606631367510646312390702954820714682867134251978070434859120138510109600486555940534107027334474657915711876258517122963941 0 0 0 0 0 1 0 0 0 0 0 0 0 0 0 0 0 0 0 0 0 0 0 0 0 0 0 0 0 0 0 0 0 0 0 0 0 0 0 0 0 0 0 0 0 0 0 0 0 0 0 0 0 0 0 0 0 0 0 0 0 0 0 0 0 0 0 0 0 0 0 0 0 0 0 0 0 0 0 0 0 0 0 0 0 0 0 0 0]
[4073937962796424038205003363329327424876138404873282090059046147788890425552786890176435568816580664272389078240822994332006596085798707524776159063483915368447320125559777381633684005646026772586786468421538300384986894564613292683127261507645147845017225679704688258745 0 0 0 0 0 0 1 0 0 0 0 0 0 0 0 0 0 0 0 0 0 0 0 0 0 0 0 0 0 0 0 0 0 0 0 0 0 0 0 0 0 0 0 0 0 0 0 0 0 0 0 0 0 0 0 0 0 0 0 0 0 0 0 0 0 0 0 0 0 0 0 0 0 0 0 0 0 0 0 0 0 0 0 0 0 0 0 0 0]
[3920918040868348311026500813766806724713806093542415412331723688078156910126102958480917849605228153020419689266958798191831359473370783830845329532005462187533060693643270325822757940531740209486105866104119600838876123332940970269160046515963165490325949837823477188637 0 0 0 0 0 0 0 1 0 0 0 0 0 0 0 0 0 0 0 0 0 0 0 0 0 0 0 0 0 0 0 0 0 0 0 0 0 0 0 0 0 0 0 0 0 0 0 0 0 0 0 0 0 0 0 0 0 0 0 0 0 0 0 0 0 0 0 0 0 0 0 0 0 0 0 0 0 0 0 0 0 0 0 0 0 0 0 0 0]
[5938994753439247842463988249423434480437080002242701089587744737334547232655695563623083861922253900414289365006865915441059093625715390167732737991337633050604514483323324233971981307329603240190124223023096825735685377629968997729148284385668347375294948739126012673485 0 0 0 0 0 0 0 0 1 0 0 0 0 0 0 0 0 0 0 0 0 0 0 0 0 0 0 0 0 0 0 0 0 0 0 0 0 0 0 0 0 0 0 0 0 0 0 0 0 0 0 0 0 0 0 0 0 0 0 0 0 0 0 0 0 0 0 0 0 0 0 0 0 0 0 0 0 0 0 0 0 0 0 0 0 0 0 0 0]
[2788878930449603324803708423434271036814193047569859188903372166397395811818879018302143388664695342914901202390834302290810231727301863981120670188051350214894702936037860681746088585357298218456207078392871502043282579488193900197072421608533074834141064998954943684993 0 0 0 0 0 0 0 0 0 1 0 0 0 0 0 0 0 0 0 0 0 0 0 0 0 0 0 0 0 0 0 0 0 0 0 0 0 0 0 0 0 0 0 0 0 0 0 0 0 0 0 0 0 0 0 0 0 0 0 0 0 0 0 0 0 0 0 0 0 0 0 0 0 0 0 0 0 0 0 0 0 0 0 0 0 0 0 0 0]
[3323612884709617163591193921527388297350392503101910991851104339630089953667498138288439094818501116212655332797945278688696913422816064462920786256863940073145334172255684425799365850585857534725348402901217125849191812901294014417471489425395654513203248005721220009425 0 0 0 0 0 0 0 0 0 0 1 0 0 0 0 0 0 0 0 0 0 0 0 0 0 0 0 0 0 0 0 0 0 0 0 0 0 0 0 0 0 0 0 0 0 0 0 0 0 0 0 0 0 0 0 0 0 0 0 0 0 0 0 0 0 0 0 0 0 0 0 0 0 0 0 0 0 0 0 0 0 0 0 0 0 0 0 0 0]
[1314130581566727953769171669077637702292448323992733581956169906115821650531233994865218473070886884356522415061204498879649601146648446120538004360039665753477082505452768352270259559155040873861583617419197695267469263711181895030188908940107878385224567084145324020275 0 0 0 0 0 0 0 0 0 0 0 1 0 0 0 0 0 0 0 0 0 0 0 0 0 0 0 0 0 0 0 0 0 0 0 0 0 0 0 0 0 0 0 0 0 0 0 0 0 0 0 0 0 0 0 0 0 0 0 0 0 0 0 0 0 0 0 0 0 0 0 0 0 0 0 0 0 0 0 0 0 0 0 0 0 0 0 0 0]
[3800377908390520643489568993265280346888639203456103566128743711769918264515462408314886598127448744574059107706157760331309031579705182285055905370333134108628147684249963548687423274858698928980133952949052659411585775431085485861515748262464454532151580946303738322216 0 0 0 0 0 0 0 0 0 0 0 0 1 0 0 0 0 0 0 0 0 0 0 0 0 0 0 0 0 0 0 0 0 0 0 0 0 0 0 0 0 0 0 0 0 0 0 0 0 0 0 0 0 0 0 0 0 0 0 0 0 0 0 0 0 0 0 0 0 0 0 0 0 0 0 0 0 0 0 0 0 0 0 0 0 0 0 0 0]
[6003651710800527302107407362119820892511495339339029916930209990987311611382626296202816216739368655160505612238937679711828468277033798204837193138616850380009691577870665861848116166798610261536202248143834403910879788583163404705114288864292962417258990983100006172683 0 0 0 0 0 0 0 0 0 0 0 0 0 1 0 0 0 0 0 0 0 0 0 0 0 0 0 0 0 0 0 0 0 0 0 0 0 0 0 0 0 0 0 0 0 0 0 0 0 0 0 0 0 0 0 0 0 0 0 0 0 0 0 0 0 0 0 0 0 0 0 0 0 0 0 0 0 0 0 0 0 0 0 0 0 0 0 0 0]
[1136585574259464380967930684889519195247975497651037366715707783165253814783732317610766382669853512915074717283652121235843948926042739658149487147206506263255166775810069305079755011347074474147071357517149935853464435035414406041158666114417924823261336103367928449824 0 0 0 0 0 0 0 0 0 0 0 0 0 0 1 0 0 0 0 0 0 0 0 0 0 0 0 0 0 0 0 0 0 0 0 0 0 0 0 0 0 0 0 0 0 0 0 0 0 0 0 0 0 0 0 0 0 0 0 0 0 0 0 0 0 0 0 0 0 0 0 0 0 0 0 0 0 0 0 0 0 0 0 0 0 0 0 0 0]
[73031766101670694931508038118911833391628176178602761940315251584293437288074021483164050202844261113728111036363382685743909897103630734596123124334945377411072619682313058850907385937374038672621872500001177163000404300100162090884611798064939975868568430745277658048 0 0 0 0 0 0 0 0 0 0 0 0 0 0 0 1 0 0 0 0 0 0 0 0 0 0 0 0 0 0 0 0 0 0 0 0 0 0 0 0 0 0 0 0 0 0 0 0 0 0 0 0 0 0 0 0 0 0 0 0 0 0 0 0 0 0 0 0 0 0 0 0 0 0 0 0 0 0 0 0 0 0 0 0 0 0 0 0 0]
[836054691204405761222654040954021746996632968077059314182850746020160443644236241888082601264772502307057213726145048910886440635288735356782558222774686138902278643778871877178611986035233495983519822784542831745511030232019106374806546331623965159354874873572121850069 0 0 0 0 0 0 0 0 0 0 0 0 0 0 0 0 1 0 0 0 0 0 0 0 0 0 0 0 0 0 0 0 0 0 0 0 0 0 0 0 0 0 0 0 0 0 0 0 0 0 0 0 0 0 0 0 0 0 0 0 0 0 0 0 0 0 0 0 0 0 0 0 0 0 0 0 0 0 0 0 0 0 0 0 0 0 0 0 0]
[1353952965129844587261036832146855997013761609910943927953139449099778683977929418328284329792465466921211831704133987822860018446564364009440176877383816273757976855165741670151189676301860262954629078169802995269114096040565829999651217806762510262221406578075159184723 0 0 0 0 0 0 0 0 0 0 0 0 0 0 0 0 0 1 0 0 0 0 0 0 0 0 0 0 0 0 0 0 0 0 0 0 0 0 0 0 0 0 0 0 0 0 0 0 0 0 0 0 0 0 0 0 0 0 0 0 0 0 0 0 0 0 0 0 0 0 0 0 0 0 0 0 0 0 0 0 0 0 0 0 0 0 0 0 0]
[5499564589394222396045938980089313763463363264276533198924818271542487180202360840978847924289580070784678266613146437908852615844385625705794283549045050933146312523087384133539320697037896848763241227217702411714992972332855252013918037631973542448850973060266747086981 0 0 0 0 0 0 0 0 0 0 0 0 0 0 0 0 0 0 1 0 0 0 0 0 0 0 0 0 0 0 0 0 0 0 0 0 0 0 0 0 0 0 0 0 0 0 0 0 0 0 0 0 0 0 0 0 0 0 0 0 0 0 0 0 0 0 0 0 0 0 0 0 0 0 0 0 0 0 0 0 0 0 0 0 0 0 0 0 0]
[1979751043279205186704417511447874583252227530467361683485669317817419453263366113385053187282908175587564763948923110068111879069964426640934431376686622215764882682003903152481186117806850124775345982213190882153562968700750081176254306663702028360774021155675702469600 0 0 0 0 0 0 0 0 0 0 0 0 0 0 0 0 0 0 0 1 0 0 0 0 0 0 0 0 0 0 0 0 0 0 0 0 0 0 0 0 0 0 0 0 0 0 0 0 0 0 0 0 0 0 0 0 0 0 0 0 0 0 0 0 0 0 0 0 0 0 0 0 0 0 0 0 0 0 0 0 0 0 0 0 0 0 0 0 0]
[5887621321748533793114980662717274317320926022959024031814893975472640363530696477241660229512378621464907317783289633656760813091783599002818836485509133887863279096741850875895817719641315971789178271239935672773990458868418602743797062957758455196091553710312662915356 0 0 0 0 0 0 0 0 0 0 0 0 0 0 0 0 0 0 0 0 1 0 0 0 0 0 0 0 0 0 0 0 0 0 0 0 0 0 0 0 0 0 0 0 0 0 0 0 0 0 0 0 0 0 0 0 0 0 0 0 0 0 0 0 0 0 0 0 0 0 0 0 0 0 0 0 0 0 0 0 0 0 0 0 0 0 0 0 0]
[4696201837584852976788219244411134704893544559071726522553114096817014367656512069598608368925250044185786544989325300397800512632264178214463443477291381154153379536924925780657427722913180801393456837886729345672018211685117097192307813959101641689890038783160443719779 0 0 0 0 0 0 0 0 0 0 0 0 0 0 0 0 0 0 0 0 0 1 0 0 0 0 0 0 0 0 0 0 0 0 0 0 0 0 0 0 0 0 0 0 0 0 0 0 0 0 0 0 0 0 0 0 0 0 0 0 0 0 0 0 0 0 0 0 0 0 0 0 0 0 0 0 0 0 0 0 0 0 0 0 0 0 0 0 0]
[1673296844375228277411314633199470407207463589857252283007924466462802702749518366326785405227385125025130961056168239493565683221458884566554671895016244316986538456870054328368164059521258770479989446681111286982196635103563205404948370990315863668151594855107952531164 0 0 0 0 0 0 0 0 0 0 0 0 0 0 0 0 0 0 0 0 0 0 1 0 0 0 0 0 0 0 0 0 0 0 0 0 0 0 0 0 0 0 0 0 0 0 0 0 0 0 0 0 0 0 0 0 0 0 0 0 0 0 0 0 0 0 0 0 0 0 0 0 0 0 0 0 0 0 0 0 0 0 0 0 0 0 0 0 0]
[2099699224442178706242651609320308403971897770902377943615987686438175514500175967938261359331489858681776491701550721639262564341188289785033864765288201003346139822449626471024978981955360061534135328175847288324349942795625512483231436867487664096921134588329987813062 0 0 0 0 0 0 0 0 0 0 0 0 0 0 0 0 0 0 0 0 0 0 0 1 0 0 0 0 0 0 0 0 0 0 0 0 0 0 0 0 0 0 0 0 0 0 0 0 0 0 0 0 0 0 0 0 0 0 0 0 0 0 0 0 0 0 0 0 0 0 0 0 0 0 0 0 0 0 0 0 0 0 0 0 0 0 0 0 0]
[5011580438684402199679196860219978461842131811139696748626297580291289787635186090903714060812021849901464282196106453095157390880352754319411681369468195985518108618786441750896624802965619567188341977619771083730233428405275387370501088061241181153830840392170753363618 0 0 0 0 0 0 0 0 0 0 0 0 0 0 0 0 0 0 0 0 0 0 0 0 1 0 0 0 0 0 0 0 0 0 0 0 0 0 0 0 0 0 0 0 0 0 0 0 0 0 0 0 0 0 0 0 0 0 0 0 0 0 0 0 0 0 0 0 0 0 0 0 0 0 0 0 0 0 0 0 0 0 0 0 0 0 0 0 0]
[1227034049250914450463081266132464238140507028079026929634772712706537953082466656437508928566540339531922174147807359253144995135499434625074424750173285243502547235393905910498740213329499707884510103081076921500191172246499895455927461372604640141814384919390781669355 0 0 0 0 0 0 0 0 0 0 0 0 0 0 0 0 0 0 0 0 0 0 0 0 0 1 0 0 0 0 0 0 0 0 0 0 0 0 0 0 0 0 0 0 0 0 0 0 0 0 0 0 0 0 0 0 0 0 0 0 0 0 0 0 0 0 0 0 0 0 0 0 0 0 0 0 0 0 0 0 0 0 0 0 0 0 0 0 0]
[1740004005417047100350791018177543083911606389181044302333245747613466362672314109918397313200853149643765585431399218811171817607559622669915076346454738168175469488387331205380376575910548082155852782584975892066448870354739852991547848838935213049853253071802965175719 0 0 0 0 0 0 0 0 0 0 0 0 0 0 0 0 0 0 0 0 0 0 0 0 0 0 1 0 0 0 0 0 0 0 0 0 0 0 0 0 0 0 0 0 0 0 0 0 0 0 0 0 0 0 0 0 0 0 0 0 0 0 0 0 0 0 0 0 0 0 0 0 0 0 0 0 0 0 0 0 0 0 0 0 0 0 0 0 0]
[2226782433136802292644183568559442267923086089175291550956926157328608745068676403776368417621418059882164380467577034200778040910882087110483772751607495213383090781891562116400546527399942491615175483319097674292413240431007067196604110483693874888522497165693638510119 0 0 0 0 0 0 0 0 0 0 0 0 0 0 0 0 0 0 0 0 0 0 0 0 0 0 0 1 0 0 0 0 0 0 0 0 0 0 0 0 0 0 0 0 0 0 0 0 0 0 0 0 0 0 0 0 0 0 0 0 0 0 0 0 0 0 0 0 0 0 0 0 0 0 0 0 0 0 0 0 0 0 0 0 0 0 0 0 0]
[173849609425848433784780946472462171654500054718278034528546764382375227529183354212148674170364919044598523516743486305202280541190585987438710970670697146557639479403103138788210327794803530249018069426788230270159027896322237510679756283579986061689797740813293127106 0 0 0 0 0 0 0 0 0 0 0 0 0 0 0 0 0 0 0 0 0 0 0 0 0 0 0 0 1 0 0 0 0 0 0 0 0 0 0 0 0 0 0 0 0 0 0 0 0 0 0 0 0 0 0 0 0 0 0 0 0 0 0 0 0 0 0 0 0 0 0 0 0 0 0 0 0 0 0 0 0 0 0 0 0 0 0 0 0]
[741976247512998046615159702407189562671888100332325760244921177585497557292006922527804532737158483956587501233274954696339364109548693512136236430383772915261029174108080307556985087433371967406734340964499871806197631732269419354119718244901193207200580458255362392484 0 0 0 0 0 0 0 0 0 0 0 0 0 0 0 0 0 0 0 0 0 0 0 0 0 0 0 0 0 1 0 0 0 0 0 0 0 0 0 0 0 0 0 0 0 0 0 0 0 0 0 0 0 0 0 0 0 0 0 0 0 0 0 0 0 0 0 0 0 0 0 0 0 0 0 0 0 0 0 0 0 0 0 0 0 0 0 0 0]
[3209158336291616021614373066450142984516143599758130918849982376012314446371575887498687097034868798574886811852441912333472572498329899129664255819925760813984406561519547172081155253056299269808915557461774181741610768265650148989602722855131650706226840830999090590809 0 0 0 0 0 0 0 0 0 0 0 0 0 0 0 0 0 0 0 0 0 0 0 0 0 0 0 0 0 0 1 0 0 0 0 0 0 0 0 0 0 0 0 0 0 0 0 0 0 0 0 0 0 0 0 0 0 0 0 0 0 0 0 0 0 0 0 0 0 0 0 0 0 0 0 0 0 0 0 0 0 0 0 0 0 0 0 0 0]
[3600860436246131516413708174452883659263838541151505885432819919787772186991137738610240434308154898377298978894168174658285294739159517193324401437181262337828567385522215792270998734850076838748807765339134975213942248893238673723389518663649831272721281663519257152482 0 0 0 0 0 0 0 0 0 0 0 0 0 0 0 0 0 0 0 0 0 0 0 0 0 0 0 0 0 0 0 1 0 0 0 0 0 0 0 0 0 0 0 0 0 0 0 0 0 0 0 0 0 0 0 0 0 0 0 0 0 0 0 0 0 0 0 0 0 0 0 0 0 0 0 0 0 0 0 0 0 0 0 0 0 0 0 0 0]
[3650834626114278403604396861160105976594561477983968205307509623933316945385404618474957872303158893818457094340636859499093203880401946169585430175817475797851459204716801168592040157950483111152499724560718858695467565016863543182084165341984796512645846295767222364667 0 0 0 0 0 0 0 0 0 0 0 0 0 0 0 0 0 0 0 0 0 0 0 0 0 0 0 0 0 0 0 0 1 0 0 0 0 0 0 0 0 0 0 0 0 0 0 0 0 0 0 0 0 0 0 0 0 0 0 0 0 0 0 0 0 0 0 0 0 0 0 0 0 0 0 0 0 0 0 0 0 0 0 0 0 0 0 0 0]
[5272350656397829351449715684720867628740588311006433998973761520826091373810058413736501104616747146338113287801950992120675527077470905458211112236688472523752551651226449468673847831192793370395155079168927407527645338774145599840149448003369650640039027361024024257728 0 0 0 0 0 0 0 0 0 0 0 0 0 0 0 0 0 0 0 0 0 0 0 0 0 0 0 0 0 0 0 0 0 1 0 0 0 0 0 0 0 0 0 0 0 0 0 0 0 0 0 0 0 0 0 0 0 0 0 0 0 0 0 0 0 0 0 0 0 0 0 0 0 0 0 0 0 0 0 0 0 0 0 0 0 0 0 0 0]
[6111136375441572206626374561197848165893065128042297331939565312974791694110798157935872745245702006490873304602434723028579476307671732435379257101339972498465787070787767998495717850712777984118652050664614123704637440983002604345485522334503021988502747910458942219582 0 0 0 0 0 0 0 0 0 0 0 0 0 0 0 0 0 0 0 0 0 0 0 0 0 0 0 0 0 0 0 0 0 0 1 0 0 0 0 0 0 0 0 0 0 0 0 0 0 0 0 0 0 0 0 0 0 0 0 0 0 0 0 0 0 0 0 0 0 0 0 0 0 0 0 0 0 0 0 0 0 0 0 0 0 0 0 0 0]
[3619601792433720755723302426194492731630501248026112972920651635566327038989612594313062859388113584705802367485037639923059224201132944443607797794752224909579416353269568016531325759641722948217212233302058228716555235154297744618130942079933672033079546922499479675233 0 0 0 0 0 0 0 0 0 0 0 0 0 0 0 0 0 0 0 0 0 0 0 0 0 0 0 0 0 0 0 0 0 0 0 1 0 0 0 0 0 0 0 0 0 0 0 0 0 0 0 0 0 0 0 0 0 0 0 0 0 0 0 0 0 0 0 0 0 0 0 0 0 0 0 0 0 0 0 0 0 0 0 0 0 0 0 0 0]
[287223996754346503698475676970776891228576746960495939955439799714131474955303694970018528926205728398160279609446939242202443484156040819399673049291457513163148298119456794108404017949107132357615654037028202144419735898308078770907095967395836739582765992890031417320 0 0 0 0 0 0 0 0 0 0 0 0 0 0 0 0 0 0 0 0 0 0 0 0 0 0 0 0 0 0 0 0 0 0 0 0 1 0 0 0 0 0 0 0 0 0 0 0 0 0 0 0 0 0 0 0 0 0 0 0 0 0 0 0 0 0 0 0 0 0 0 0 0 0 0 0 0 0 0 0 0 0 0 0 0 0 0 0 0]
[2688962715622222695460191519216633246106493727285142743328006003357784070280265038636684700947572234966213777612529778370806001140448686555462062816847616603197093952347527935973087493577923252607486245397900116007251839785122567248027031999458790686128266344664083193106 0 0 0 0 0 0 0 0 0 0 0 0 0 0 0 0 0 0 0 0 0 0 0 0 0 0 0 0 0 0 0 0 0 0 0 0 0 1 0 0 0 0 0 0 0 0 0 0 0 0 0 0 0 0 0 0 0 0 0 0 0 0 0 0 0 0 0 0 0 0 0 0 0 0 0 0 0 0 0 0 0 0 0 0 0 0 0 0 0]
[460013441104175254823888068237884214070613316068558839031447617728239080710727857889615934862489698255033960977555935389459510771062156639386986421926475801001493769114825906276179916027648344216945968149541730957736408777324254800964543679835736953659364248339096496557 0 0 0 0 0 0 0 0 0 0 0 0 0 0 0 0 0 0 0 0 0 0 0 0 0 0 0 0 0 0 0 0 0 0 0 0 0 0 1 0 0 0 0 0 0 0 0 0 0 0 0 0 0 0 0 0 0 0 0 0 0 0 0 0 0 0 0 0 0 0 0 0 0 0 0 0 0 0 0 0 0 0 0 0 0 0 0 0 0]
[5698956725986969511058626135544708902616765042266619160308885891538034867211229311944347144717328085696059718968531581030767030029063417513733727284160240284621347919198218433506669194470018364234918872877955738855167089943382018112731226103626938512299958289709457290812 0 0 0 0 0 0 0 0 0 0 0 0 0 0 0 0 0 0 0 0 0 0 0 0 0 0 0 0 0 0 0 0 0 0 0 0 0 0 0 1 0 0 0 0 0 0 0 0 0 0 0 0 0 0 0 0 0 0 0 0 0 0 0 0 0 0 0 0 0 0 0 0 0 0 0 0 0 0 0 0 0 0 0 0 0 0 0 0 0]
[5344870056926926755616988783540750117384323755574985214268801980799179414260295100870009886225823385388573820795462498113194116647545268851710773008107805164231633786433369460096128045598159182513967759742571925615153976780309921739205863031867558659823321924388215126624 0 0 0 0 0 0 0 0 0 0 0 0 0 0 0 0 0 0 0 0 0 0 0 0 0 0 0 0 0 0 0 0 0 0 0 0 0 0 0 0 1 0 0 0 0 0 0 0 0 0 0 0 0 0 0 0 0 0 0 0 0 0 0 0 0 0 0 0 0 0 0 0 0 0 0 0 0 0 0 0 0 0 0 0 0 0 0 0 0]
[104191778225005860190205767762943820578436657430802660918176704347340211161581442605278186222317206584502472835713081786081350494015153695030958479160540726984169427883923027542677660663458728618154000857539507943283366639160614232770854875189500516564016326516632785879 0 0 0 0 0 0 0 0 0 0 0 0 0 0 0 0 0 0 0 0 0 0 0 0 0 0 0 0 0 0 0 0 0 0 0 0 0 0 0 0 0 1 0 0 0 0 0 0 0 0 0 0 0 0 0 0 0 0 0 0 0 0 0 0 0 0 0 0 0 0 0 0 0 0 0 0 0 0 0 0 0 0 0 0 0 0 0 0 0]
[3480802468907502321234316586747755509431304890067552583952615907798409678881753649314948009734169839339777002900805221724782205271782686663898366795912891147903114356228598749546873804007701165073762856247341501659221956902148535623760695717579936098953877896369493269887 0 0 0 0 0 0 0 0 0 0 0 0 0 0 0 0 0 0 0 0 0 0 0 0 0 0 0 0 0 0 0 0 0 0 0 0 0 0 0 0 0 0 1 0 0 0 0 0 0 0 0 0 0 0 0 0 0 0 0 0 0 0 0 0 0 0 0 0 0 0 0 0 0 0 0 0 0 0 0 0 0 0 0 0 0 0 0 0 0]
[2980630503983706636886740184658692173208544188900798181372343947400045480730390464228069707544334477863348873281697933130799016210843948092882812678284755632407275040942684369742989652214588360785914418188229017262847403621386413364325342557019249250110492780028117561436 0 0 0 0 0 0 0 0 0 0 0 0 0 0 0 0 0 0 0 0 0 0 0 0 0 0 0 0 0 0 0 0 0 0 0 0 0 0 0 0 0 0 0 1 0 0 0 0 0 0 0 0 0 0 0 0 0 0 0 0 0 0 0 0 0 0 0 0 0 0 0 0 0 0 0 0 0 0 0 0 0 0 0 0 0 0 0 0 0]
[268022184837790297723970580953752640264879546506161398691994023540211881615998171972083102109513822327286345573390943223389418085677184945662865679382310108823764703297449981030508099181827982048970695115638698123139793932363160132896378224248013911306490919931163685230 0 0 0 0 0 0 0 0 0 0 0 0 0 0 0 0 0 0 0 0 0 0 0 0 0 0 0 0 0 0 0 0 0 0 0 0 0 0 0 0 0 0 0 0 1 0 0 0 0 0 0 0 0 0 0 0 0 0 0 0 0 0 0 0 0 0 0 0 0 0 0 0 0 0 0 0 0 0 0 0 0 0 0 0 0 0 0 0 0]
[201281814365144288332584082326209511344778724498908112461400736648230352465968008268654707699917467470951695951008719902469021244420569593214734879491571951114193698576040213867222460825199236232533358804935327212662213425794738500944369652377365961524031430108352095281 0 0 0 0 0 0 0 0 0 0 0 0 0 0 0 0 0 0 0 0 0 0 0 0 0 0 0 0 0 0 0 0 0 0 0 0 0 0 0 0 0 0 0 0 0 1 0 0 0 0 0 0 0 0 0 0 0 0 0 0 0 0 0 0 0 0 0 0 0 0 0 0 0 0 0 0 0 0 0 0 0 0 0 0 0 0 0 0 0]
[3747689622377715910208728678316408279597287915335922642233293870927006023668116151553679855584848391242590312558696411398475960205187711503277320671681159562700362531378600168327609648052612242508468207153579812192161530644245139033894382908604691241018427473650007345682 0 0 0 0 0 0 0 0 0 0 0 0 0 0 0 0 0 0 0 0 0 0 0 0 0 0 0 0 0 0 0 0 0 0 0 0 0 0 0 0 0 0 0 0 0 0 1 0 0 0 0 0 0 0 0 0 0 0 0 0 0 0 0 0 0 0 0 0 0 0 0 0 0 0 0 0 0 0 0 0 0 0 0 0 0 0 0 0 0]
[6045363304513804707836896284967931719482804188657760399137708780211937244685235219972847654331739110221494777844757976809234583579540076883289390906474786658064620612622040719827707333635027704188370369272916793411530613375177905443722614638714586754747460139129461507799 0 0 0 0 0 0 0 0 0 0 0 0 0 0 0 0 0 0 0 0 0 0 0 0 0 0 0 0 0 0 0 0 0 0 0 0 0 0 0 0 0 0 0 0 0 0 0 1 0 0 0 0 0 0 0 0 0 0 0 0 0 0 0 0 0 0 0 0 0 0 0 0 0 0 0 0 0 0 0 0 0 0 0 0 0 0 0 0 0]
[451874938409241468395996011507530347656924443657130172649788269355973520609139500496647287423411585962044081082582493223904183511701906158680216614424265564583171095800371772281066424293917598132414895935487753763728450589136886545824545626972835523597233941920057909781 0 0 0 0 0 0 0 0 0 0 0 0 0 0 0 0 0 0 0 0 0 0 0 0 0 0 0 0 0 0 0 0 0 0 0 0 0 0 0 0 0 0 0 0 0 0 0 0 1 0 0 0 0 0 0 0 0 0 0 0 0 0 0 0 0 0 0 0 0 0 0 0 0 0 0 0 0 0 0 0 0 0 0 0 0 0 0 0 0]
[342006303615461744227915487777256266611012274671369290164182434773835972659886375428389306245737099757151910097250233800209539953185718118181438000552887999903880645221413947211764637402690525348675428973391411347992801784277205021168671972285216227509043774439882921409 0 0 0 0 0 0 0 0 0 0 0 0 0 0 0 0 0 0 0 0 0 0 0 0 0 0 0 0 0 0 0 0 0 0 0 0 0 0 0 0 0 0 0 0 0 0 0 0 0 1 0 0 0 0 0 0 0 0 0 0 0 0 0 0 0 0 0 0 0 0 0 0 0 0 0 0 0 0 0 0 0 0 0 0 0 0 0 0 0]
[4124120659812586700691952490645062196388543067648914977481313003848044157770220314015425205891947927632487716968960325022769898537448225219046407854203475641070102052526136113104310654129377298963101422816788301722642277413851804630604367558474171940352598402418856407576 0 0 0 0 0 0 0 0 0 0 0 0 0 0 0 0 0 0 0 0 0 0 0 0 0 0 0 0 0 0 0 0 0 0 0 0 0 0 0 0 0 0 0 0 0 0 0 0 0 0 1 0 0 0 0 0 0 0 0 0 0 0 0 0 0 0 0 0 0 0 0 0 0 0 0 0 0 0 0 0 0 0 0 0 0 0 0 0 0]
[6050846581793680243004481289637536168122062819907064842032399360285955447504607909961446156587276581652175651764815151458271904050796710278553623511497801670230503663437625091318266556017165005731477901777271610619661828607458626846151608055667791688366740152288149106712 0 0 0 0 0 0 0 0 0 0 0 0 0 0 0 0 0 0 0 0 0 0 0 0 0 0 0 0 0 0 0 0 0 0 0 0 0 0 0 0 0 0 0 0 0 0 0 0 0 0 0 1 0 0 0 0 0 0 0 0 0 0 0 0 0 0 0 0 0 0 0 0 0 0 0 0 0 0 0 0 0 0 0 0 0 0 0 0 0]
[3524264620879580435548388597383611571242523609254876060632390774292941234625314935561030690311781080019966176435787590744667064288803122259382832621539060326111660655728883633100775856522043091645057079683820839910891725185904211918499541260314030729063249191539362088392 0 0 0 0 0 0 0 0 0 0 0 0 0 0 0 0 0 0 0 0 0 0 0 0 0 0 0 0 0 0 0 0 0 0 0 0 0 0 0 0 0 0 0 0 0 0 0 0 0 0 0 0 1 0 0 0 0 0 0 0 0 0 0 0 0 0 0 0 0 0 0 0 0 0 0 0 0 0 0 0 0 0 0 0 0 0 0 0 0]
[2476168886029780426135449152733975640527362078799764673606809808307865528193977645272369482247011339765335573787164329541535084762927057483681769091722938121399104778762834883143477533470937476785806907255342562709099327058256514929957368786864793768395097453933522295963 0 0 0 0 0 0 0 0 0 0 0 0 0 0 0 0 0 0 0 0 0 0 0 0 0 0 0 0 0 0 0 0 0 0 0 0 0 0 0 0 0 0 0 0 0 0 0 0 0 0 0 0 0 1 0 0 0 0 0 0 0 0 0 0 0 0 0 0 0 0 0 0 0 0 0 0 0 0 0 0 0 0 0 0 0 0 0 0 0]
[3624092104622768068898607497099371421090748046575311675865476728225210202616633175842213307496138105071985908586769891433730845022845415628312856344148733916603146589463695342145745135546303764445562735106995875067989001160706972796639376118925189003456082284208280579336 0 0 0 0 0 0 0 0 0 0 0 0 0 0 0 0 0 0 0 0 0 0 0 0 0 0 0 0 0 0 0 0 0 0 0 0 0 0 0 0 0 0 0 0 0 0 0 0 0 0 0 0 0 0 1 0 0 0 0 0 0 0 0 0 0 0 0 0 0 0 0 0 0 0 0 0 0 0 0 0 0 0 0 0 0 0 0 0 0]
[3529228199671637228573068417357225963664629757578968689920432794969778196063899292169074291580753300390380021814806893774489316287813904039809610490902914390139376629600800898961507330781703686378460895272264208972939211905896264954787349441720275381339601037886625307475 0 0 0 0 0 0 0 0 0 0 0 0 0 0 0 0 0 0 0 0 0 0 0 0 0 0 0 0 0 0 0 0 0 0 0 0 0 0 0 0 0 0 0 0 0 0 0 0 0 0 0 0 0 0 0 1 0 0 0 0 0 0 0 0 0 0 0 0 0 0 0 0 0 0 0 0 0 0 0 0 0 0 0 0 0 0 0 0 0]
[4818839646906556616559277666918495764717724873718083733065472077968256327127990682667311965424390460100005076809904020582551026124899645722343223738684590259349462720419654789270975114187561417555129439353872058426841386791747434778654705487039620765467762103391678997082 0 0 0 0 0 0 0 0 0 0 0 0 0 0 0 0 0 0 0 0 0 0 0 0 0 0 0 0 0 0 0 0 0 0 0 0 0 0 0 0 0 0 0 0 0 0 0 0 0 0 0 0 0 0 0 0 1 0 0 0 0 0 0 0 0 0 0 0 0 0 0 0 0 0 0 0 0 0 0 0 0 0 0 0 0 0 0 0 0]
[5824144564990920711698734293030744875152655870848280495630702042648649166085486105256221959728005358318643147739519025759668900240570327242664320794378541054026773793960857134372115014714530639555053832639219128245472758583815682777238662360110370935818093921087747874926 0 0 0 0 0 0 0 0 0 0 0 0 0 0 0 0 0 0 0 0 0 0 0 0 0 0 0 0 0 0 0 0 0 0 0 0 0 0 0 0 0 0 0 0 0 0 0 0 0 0 0 0 0 0 0 0 0 1 0 0 0 0 0 0 0 0 0 0 0 0 0 0 0 0 0 0 0 0 0 0 0 0 0 0 0 0 0 0 0]
[4163343531555746714636324158392736195180557068192305875661753682262902484442794356903231623110364986371190301361040944259172080330258470435549367134945192538718187690473376906153144327828949027903003247073281995855598789224452165281702466768665383457679452171825003074150 0 0 0 0 0 0 0 0 0 0 0 0 0 0 0 0 0 0 0 0 0 0 0 0 0 0 0 0 0 0 0 0 0 0 0 0 0 0 0 0 0 0 0 0 0 0 0 0 0 0 0 0 0 0 0 0 0 0 1 0 0 0 0 0 0 0 0 0 0 0 0 0 0 0 0 0 0 0 0 0 0 0 0 0 0 0 0 0 0]
[1030290442473290640977851407808833407504735573077566409076799779832289603067250775219647146359731739698332347538786763423431681330513798095017887760799049823046098525851615777340097664781698599234801731604062585366959500098598005045173187740906623893042086674960619858869 0 0 0 0 0 0 0 0 0 0 0 0 0 0 0 0 0 0 0 0 0 0 0 0 0 0 0 0 0 0 0 0 0 0 0 0 0 0 0 0 0 0 0 0 0 0 0 0 0 0 0 0 0 0 0 0 0 0 0 1 0 0 0 0 0 0 0 0 0 0 0 0 0 0 0 0 0 0 0 0 0 0 0 0 0 0 0 0 0]
[6358303550753770602301955366289993924977207873125889648605850085217324508237052829354209540474433661875498689566594500469654890686531746545898325228378805911114353439958550952525462681543102615241559021229168860543373419011588350301120404933969493392900778221890401880839 0 0 0 0 0 0 0 0 0 0 0 0 0 0 0 0 0 0 0 0 0 0 0 0 0 0 0 0 0 0 0 0 0 0 0 0 0 0 0 0 0 0 0 0 0 0 0 0 0 0 0 0 0 0 0 0 0 0 0 0 1 0 0 0 0 0 0 0 0 0 0 0 0 0 0 0 0 0 0 0 0 0 0 0 0 0 0 0 0]
[4467922431567985771557840307279129918211091539112758818143111937592155258614636486856671738196697274950319680406663529581602516486286322912970661941871344603819797709692374049736302613355240347335803389412429882534851903295805290423664076982899490175573011101935059958566 0 0 0 0 0 0 0 0 0 0 0 0 0 0 0 0 0 0 0 0 0 0 0 0 0 0 0 0 0 0 0 0 0 0 0 0 0 0 0 0 0 0 0 0 0 0 0 0 0 0 0 0 0 0 0 0 0 0 0 0 0 1 0 0 0 0 0 0 0 0 0 0 0 0 0 0 0 0 0 0 0 0 0 0 0 0 0 0 0]
[1832225610579563216209403773136935578793456004644815924575456028153611073381725573550864264832013083500159638792823765098852534118320188110407131384474319074621220124654773145774422911908189138664463602639397765808786728547180752019583797197945630770690245464435921539585 0 0 0 0 0 0 0 0 0 0 0 0 0 0 0 0 0 0 0 0 0 0 0 0 0 0 0 0 0 0 0 0 0 0 0 0 0 0 0 0 0 0 0 0 0 0 0 0 0 0 0 0 0 0 0 0 0 0 0 0 0 0 1 0 0 0 0 0 0 0 0 0 0 0 0 0 0 0 0 0 0 0 0 0 0 0 0 0 0]
[3620536176943795361728730417616097157775966503393404708820569208828212957890594595279623398580121548109273400694851566981943612031149392659211810868388724027089909851082092879772938347332515252143835877696746954682138276356390645412779643791621340022277204442871940575964 0 0 0 0 0 0 0 0 0 0 0 0 0 0 0 0 0 0 0 0 0 0 0 0 0 0 0 0 0 0 0 0 0 0 0 0 0 0 0 0 0 0 0 0 0 0 0 0 0 0 0 0 0 0 0 0 0 0 0 0 0 0 0 1 0 0 0 0 0 0 0 0 0 0 0 0 0 0 0 0 0 0 0 0 0 0 0 0 0]
[4660758325362866621750299983380668415826229127933587569555499996010906340962126454693930887630887451846061420540333389157385575630373330014193747449162193598538397949402082249645099612022651939414829424979769969367408510164096427297358824082144948630694978820370624296128 0 0 0 0 0 0 0 0 0 0 0 0 0 0 0 0 0 0 0 0 0 0 0 0 0 0 0 0 0 0 0 0 0 0 0 0 0 0 0 0 0 0 0 0 0 0 0 0 0 0 0 0 0 0 0 0 0 0 0 0 0 0 0 0 1 0 0 0 0 0 0 0 0 0 0 0 0 0 0 0 0 0 0 0 0 0 0 0 0]
[3674373848296998975275463053753850130288680730197215487978006019579592043759489293660681827915212874013631084011365609396903759434625579873405622484969058978600206441994271147763172763870843538600532959242715575056413011209889634315098358896003242310812800451007529701472 0 0 0 0 0 0 0 0 0 0 0 0 0 0 0 0 0 0 0 0 0 0 0 0 0 0 0 0 0 0 0 0 0 0 0 0 0 0 0 0 0 0 0 0 0 0 0 0 0 0 0 0 0 0 0 0 0 0 0 0 0 0 0 0 0 1 0 0 0 0 0 0 0 0 0 0 0 0 0 0 0 0 0 0 0 0 0 0 0]
[2838580322778136358957678686446586487101392291916177114051974463163227350379225459621952594887936523810593639470065803845931483958415683646693303983444253806355125796455100335267049122995063820382552631186512793486109760333889586139956441709971566566793206253900198494894 0 0 0 0 0 0 0 0 0 0 0 0 0 0 0 0 0 0 0 0 0 0 0 0 0 0 0 0 0 0 0 0 0 0 0 0 0 0 0 0 0 0 0 0 0 0 0 0 0 0 0 0 0 0 0 0 0 0 0 0 0 0 0 0 0 0 1 0 0 0 0 0 0 0 0 0 0 0 0 0 0 0 0 0 0 0 0 0 0]
[2684262105293301909583578308403243951318423945792821760945456360550548293955732243356279140823438277711647331272109827041437189698134438963576293635299500089582795749740094752212804099312695987896913664116507624831771808911088993140168900557947376403294817232748191922142 0 0 0 0 0 0 0 0 0 0 0 0 0 0 0 0 0 0 0 0 0 0 0 0 0 0 0 0 0 0 0 0 0 0 0 0 0 0 0 0 0 0 0 0 0 0 0 0 0 0 0 0 0 0 0 0 0 0 0 0 0 0 0 0 0 0 0 1 0 0 0 0 0 0 0 0 0 0 0 0 0 0 0 0 0 0 0 0 0]
[2807914737673604111416744423329552032261540321390426036758323489422347403645473384771155390079229447602262942954981297775704733768212189092809146489901443790250068451483046179635212832524740806404042385065320344925688089203325878324268266082063205093701207235082583976090 0 0 0 0 0 0 0 0 0 0 0 0 0 0 0 0 0 0 0 0 0 0 0 0 0 0 0 0 0 0 0 0 0 0 0 0 0 0 0 0 0 0 0 0 0 0 0 0 0 0 0 0 0 0 0 0 0 0 0 0 0 0 0 0 0 0 0 0 1 0 0 0 0 0 0 0 0 0 0 0 0 0 0 0 0 0 0 0 0]
[2946293411820833048585725275311396050961528735321703806644493706764649743307352868731712273416036422825995128288454561404778624072863102279782066960722330935903744402805371409235613169227468608362060633695979718879123845472665167459369630984277955836576870086965952774569 0 0 0 0 0 0 0 0 0 0 0 0 0 0 0 0 0 0 0 0 0 0 0 0 0 0 0 0 0 0 0 0 0 0 0 0 0 0 0 0 0 0 0 0 0 0 0 0 0 0 0 0 0 0 0 0 0 0 0 0 0 0 0 0 0 0 0 0 0 1 0 0 0 0 0 0 0 0 0 0 0 0 0 0 0 0 0 0 0]
[6228797819380899394868157852879508504335449061892087240054829782626114629013958999247215579424740853267604545266105188884975724425162710701055289736659978968861874396831959180971725266336443641751971022031608576814838159007940933486795449789247998655535591457568096411220 0 0 0 0 0 0 0 0 0 0 0 0 0 0 0 0 0 0 0 0 0 0 0 0 0 0 0 0 0 0 0 0 0 0 0 0 0 0 0 0 0 0 0 0 0 0 0 0 0 0 0 0 0 0 0 0 0 0 0 0 0 0 0 0 0 0 0 0 0 0 1 0 0 0 0 0 0 0 0 0 0 0 0 0 0 0 0 0 0]
[4028911488417489454712521834288849278489598501963147009078766439703603354223889913039862476173821865400842770271771458807339741498540528148578979934228259024435220731743897914446649203098603722466465254001572113107023358560840964743332573782984421894839955495793309602022 0 0 0 0 0 0 0 0 0 0 0 0 0 0 0 0 0 0 0 0 0 0 0 0 0 0 0 0 0 0 0 0 0 0 0 0 0 0 0 0 0 0 0 0 0 0 0 0 0 0 0 0 0 0 0 0 0 0 0 0 0 0 0 0 0 0 0 0 0 0 0 1 0 0 0 0 0 0 0 0 0 0 0 0 0 0 0 0 0]
[3104421878323334317692163947452757358711074048928026940534259493628472840876711357470758773149654093177240562723847980862471887129438782680709555697771950613851007913613069426705275245404561306729473014903746576131764278923045258347467443982619418268073940479142828264689 0 0 0 0 0 0 0 0 0 0 0 0 0 0 0 0 0 0 0 0 0 0 0 0 0 0 0 0 0 0 0 0 0 0 0 0 0 0 0 0 0 0 0 0 0 0 0 0 0 0 0 0 0 0 0 0 0 0 0 0 0 0 0 0 0 0 0 0 0 0 0 0 1 0 0 0 0 0 0 0 0 0 0 0 0 0 0 0 0]
[1846123018529289902791020485079465568176175818438748325850004288807840448298318903851094935463236216254457737398249994776967375040973918726836252293343816455213778317288328064981885735184316766166118918420038330317774487835133173971616082229352159225071206709273884445653 0 0 0 0 0 0 0 0 0 0 0 0 0 0 0 0 0 0 0 0 0 0 0 0 0 0 0 0 0 0 0 0 0 0 0 0 0 0 0 0 0 0 0 0 0 0 0 0 0 0 0 0 0 0 0 0 0 0 0 0 0 0 0 0 0 0 0 0 0 0 0 0 0 1 0 0 0 0 0 0 0 0 0 0 0 0 0 0 0]
[4048413066896614944602426383479004949761129512114661952875291251153374699801782758987652591348951604181721009192271868591927541096180752604815298436798779521589251839989596160398161946968521392976972903847284135363489425268256942363137580679912633717316932264942568382135 0 0 0 0 0 0 0 0 0 0 0 0 0 0 0 0 0 0 0 0 0 0 0 0 0 0 0 0 0 0 0 0 0 0 0 0 0 0 0 0 0 0 0 0 0 0 0 0 0 0 0 0 0 0 0 0 0 0 0 0 0 0 0 0 0 0 0 0 0 0 0 0 0 0 1 0 0 0 0 0 0 0 0 0 0 0 0 0 0]
[4276633623386714343914758693447519073875900815895624248468119511465725116116939043615233638000574109696008961015658203773567030596461205697673992465681626137039244916284319631284152775685096184052819593045937995171215582078248071080580433134823797120564511490704371831176 0 0 0 0 0 0 0 0 0 0 0 0 0 0 0 0 0 0 0 0 0 0 0 0 0 0 0 0 0 0 0 0 0 0 0 0 0 0 0 0 0 0 0 0 0 0 0 0 0 0 0 0 0 0 0 0 0 0 0 0 0 0 0 0 0 0 0 0 0 0 0 0 0 0 0 1 0 0 0 0 0 0 0 0 0 0 0 0 0]
[2425237574746733302520679715409009687938821705432827228797373636268762116254375702565355511232870862746499233967128433457171817549698616124907951727654467617009411654949748365919219257827900564910959818042565242760228771199536805632668757097041686634091587196021570262252 0 0 0 0 0 0 0 0 0 0 0 0 0 0 0 0 0 0 0 0 0 0 0 0 0 0 0 0 0 0 0 0 0 0 0 0 0 0 0 0 0 0 0 0 0 0 0 0 0 0 0 0 0 0 0 0 0 0 0 0 0 0 0 0 0 0 0 0 0 0 0 0 0 0 0 0 1 0 0 0 0 0 0 0 0 0 0 0 0]
[5840863058519202040502343422212453757574828565107369704650217380888026150033749974507099381769255045849760444091568858804062332024141232043362527026507350547632543448516173662919464922081931698553226316650023813161862984645214686422121166284935561046623624661150604970638 0 0 0 0 0 0 0 0 0 0 0 0 0 0 0 0 0 0 0 0 0 0 0 0 0 0 0 0 0 0 0 0 0 0 0 0 0 0 0 0 0 0 0 0 0 0 0 0 0 0 0 0 0 0 0 0 0 0 0 0 0 0 0 0 0 0 0 0 0 0 0 0 0 0 0 0 0 1 0 0 0 0 0 0 0 0 0 0 0]
[4890473247530340542188360814920178221182585809856062507220200220200609013320969054631961106999668098308142504740515648429531765219404585329367416401305482057406572177603939415521780269959357357319923788037261907488682413209655621160233221374628947929081986827151315464120 0 0 0 0 0 0 0 0 0 0 0 0 0 0 0 0 0 0 0 0 0 0 0 0 0 0 0 0 0 0 0 0 0 0 0 0 0 0 0 0 0 0 0 0 0 0 0 0 0 0 0 0 0 0 0 0 0 0 0 0 0 0 0 0 0 0 0 0 0 0 0 0 0 0 0 0 0 0 1 0 0 0 0 0 0 0 0 0 0]
[4093722684574588217490929989012538926667760950832942722733883830724035117175809988994101948107673695509066920712053974563538867868788351738968975668925698040468505639356253864544750601044110307851649965568129067764647569722892487369014221645355995591505543042872265761688 0 0 0 0 0 0 0 0 0 0 0 0 0 0 0 0 0 0 0 0 0 0 0 0 0 0 0 0 0 0 0 0 0 0 0 0 0 0 0 0 0 0 0 0 0 0 0 0 0 0 0 0 0 0 0 0 0 0 0 0 0 0 0 0 0 0 0 0 0 0 0 0 0 0 0 0 0 0 0 1 0 0 0 0 0 0 0 0 0]
[121167049364902637414577977213514163999474320427504428131677862210312965821871580912771617696533111720674712430421250201908124759140528639488464429608320000814164034955939662569819633112244518542925456237288060399131364645869878723470394109350852582621098890118887580361 0 0 0 0 0 0 0 0 0 0 0 0 0 0 0 0 0 0 0 0 0 0 0 0 0 0 0 0 0 0 0 0 0 0 0 0 0 0 0 0 0 0 0 0 0 0 0 0 0 0 0 0 0 0 0 0 0 0 0 0 0 0 0 0 0 0 0 0 0 0 0 0 0 0 0 0 0 0 0 0 1 0 0 0 0 0 0 0 0]
[834184456035635736127664422466447934980599839084168480174399247930769137163593478299924626152333335907932695643544006344886058169233332368515583427517456906385653836281156663723256686106832155891996619169657943551253155909533437229217252057008889930825341664645050078445 0 0 0 0 0 0 0 0 0 0 0 0 0 0 0 0 0 0 0 0 0 0 0 0 0 0 0 0 0 0 0 0 0 0 0 0 0 0 0 0 0 0 0 0 0 0 0 0 0 0 0 0 0 0 0 0 0 0 0 0 0 0 0 0 0 0 0 0 0 0 0 0 0 0 0 0 0 0 0 0 0 1 0 0 0 0 0 0 0]
[2156166885836882629907721791319233117477021916806047469203446236608933768849809484278107348549527176400726253854910547904004684742577603174271558501597529050933149564197478048782638104202797313531270188176101669184871424378568197208281842990338796666891119349841022335215 0 0 0 0 0 0 0 0 0 0 0 0 0 0 0 0 0 0 0 0 0 0 0 0 0 0 0 0 0 0 0 0 0 0 0 0 0 0 0 0 0 0 0 0 0 0 0 0 0 0 0 0 0 0 0 0 0 0 0 0 0 0 0 0 0 0 0 0 0 0 0 0 0 0 0 0 0 0 0 0 0 0 1 0 0 0 0 0 0]
[6484753069588026364310140618652229706886188560997225106037556386223599787291464165996321077855353126622512408457924918747502690799904940680192035835498479093076719658379803827556490652521791880676141349998473940399298487433184538175935948687912121732453119801429842621569 0 0 0 0 0 0 0 0 0 0 0 0 0 0 0 0 0 0 0 0 0 0 0 0 0 0 0 0 0 0 0 0 0 0 0 0 0 0 0 0 0 0 0 0 0 0 0 0 0 0 0 0 0 0 0 0 0 0 0 0 0 0 0 0 0 0 0 0 0 0 0 0 0 0 0 0 0 0 0 0 0 0 0 1 0 0 0 0 0]
[5877913323861892959455782018825754354937446611718623421926654972497981074511097939548917223111891147091210238290520815226555379194121173228513810694853794831661983623040606240069664001195517499863957185507698847287596547016950802394099890482679606343717990236688142124388 0 0 0 0 0 0 0 0 0 0 0 0 0 0 0 0 0 0 0 0 0 0 0 0 0 0 0 0 0 0 0 0 0 0 0 0 0 0 0 0 0 0 0 0 0 0 0 0 0 0 0 0 0 0 0 0 0 0 0 0 0 0 0 0 0 0 0 0 0 0 0 0 0 0 0 0 0 0 0 0 0 0 0 0 1 0 0 0 0]
[5355304506769007164114270966326524122477270839513262346507375502991640053779192259139136103182863762809694359469388132497881584201037618215939132820806377954134629957589688217543189469528566734801469786914244409098974597327806727682680670181636197618293196788124548654544 0 0 0 0 0 0 0 0 0 0 0 0 0 0 0 0 0 0 0 0 0 0 0 0 0 0 0 0 0 0 0 0 0 0 0 0 0 0 0 0 0 0 0 0 0 0 0 0 0 0 0 0 0 0 0 0 0 0 0 0 0 0 0 0 0 0 0 0 0 0 0 0 0 0 0 0 0 0 0 0 0 0 0 0 0 1 0 0 0]
[5181209309657916250758023104559511112424114129547067458707857621418125305747412850126187744045856027021161169188330051012872953961082908300253026951637431776622076142923301927354415439786491781788170992203811163440286994330414640801177595241321384869264133010453403259404 0 0 0 0 0 0 0 0 0 0 0 0 0 0 0 0 0 0 0 0 0 0 0 0 0 0 0 0 0 0 0 0 0 0 0 0 0 0 0 0 0 0 0 0 0 0 0 0 0 0 0 0 0 0 0 0 0 0 0 0 0 0 0 0 0 0 0 0 0 0 0 0 0 0 0 0 0 0 0 0 0 0 0 0 0 0 1 0 0]
[2385318114894072598400346343392298951079941517384667709241667322296610538792255185299368397793871026062558943546251565219284555531428052079817867256908022758150125048171447786716439388294800812535902516110182722190676608503913999869383260664260407686800588184878841759809 0 0 0 0 0 0 0 0 0 0 0 0 0 0 0 0 0 0 0 0 0 0 0 0 0 0 0 0 0 0 0 0 0 0 0 0 0 0 0 0 0 0 0 0 0 0 0 0 0 0 0 0 0 0 0 0 0 0 0 0 0 0 0 0 0 0 0 0 0 0 0 0 0 0 0 0 0 0 0 0 0 0 0 0 0 0 0 1 0]
[2483968518547138248040935615055625408966074604208927516552961178563982381394328991190524159446123324107878063722540816619985217207038764291392913170479323466329655675207656399243905489671554670279922699835178444571557626572604832163882684896879490148026886229857028673770 0 0 0 0 0 0 0 0 0 0 0 0 0 0 0 0 0 0 0 0 0 0 0 0 0 0 0 0 0 0 0 0 0 0 0 0 0 0 0 0 0 0 0 0 0 0 0 0 0 0 0 0 0 0 0 0 0 0 0 0 0 0 0 0 0 0 0 0 0 0 0 0 0 0 0 0 0 0 0 0 0 0 0 0 0 0 0 0 1]
]
