[[4957078151757518620606889337067778605973745786793645856025903998059411118648736216503369738081368011474134682701788529046333344245574272516632199901700752409764874243657931781736776266718573527198038311276090764714663573875753026314965994488725310129649462215990360208081 0 0 0 0 0 0 0 0 0 0 0 0 0 0 0 0 0 0 0 0 0 0 0 0 0 0 0 0 0 0 0 0 0 0 0 0 0 0 0 0 0 0 0 0 0 0 0 0 0 0 0 0 0 0 0 0 0 0 0 0 0 0 0 0 0 0 0 0 0 0 0 0 0 0 0 0 0 0 0 0 0 0 0 0 0 0 0 0 0]
[4844019087178184119199428771278396821267746968648265207575431340998851243244391697729234337456267415993720552918457132100493025402262582412949302902730934841926355402658162843682563017921673970366585011018417730908903831487634960780585309169972512316228190921797355145676 1 0 0 0 0 0 0 0 0 0 0 0 0 0 0 0 0 0 0 0 0 0 0 0 0 0 0 0 0 0 0 0 0 0 0 0 0 0 0 0 0 0 0 0 0 0 0 0 0 0 0 0 0 0 0 0 0 0 0 0 0 0 0 0 0 0 0 0 0 0 0 0 0 0 0 0 0 0 0 0 0 0 0 0 0 0 0 0 0]
[4400089313365850165659971318418461861585190500285862119107990825504334985058762530912531593533737364558043684535320059951833952919453205330380749755212938164021609011066131649376432070577730492049549638986761353721280479405637081958910697675095296447741055926447763465007 0 1 0 0 0 0 0 0 0 0 0 0 0 0 0 0 0 0 0 0 0 0 0 0 0 0 0 0 0 0 0 0 0 0 0 0 0 0 0 0 0 0 0 0 0 0 0 0 0 0 0 0 0 0 0 0 0 0 0 0 0 0 0 0 0 0 0 0 0 0 0 0 0 0 0 0 0 0 0 0 0 0 0 0 0 0 0 0 0]
[2803906818031745334000176513964527747417052553083026872748061527217031069061518184130154305242313278148308776522583927421557485710786763458578019920200349881043178848661611183838425133863882783277445050710925199303438292461424671900447274847719712341687954068407787801129 0 0 1 0 0 0 0 0 0 0 0 0 0 0 0 0 0 0 0 0 0 0 0 0 0 0 0 0 0 0 0 0 0 0 0 0 0 0 0 0 0 0 0 0 0 0 0 0 0 0 0 0 0 0 0 0 0 0 0 0 0 0 0 0 0 0 0 0 0 0 0 0 0 0 0 0 0 0 0 0 0 0 0 0 0 0 0 0 0]
[3497842807778333433451783041722786577802924215809717515039921312692069463192753726077243062070887852272035932839747933757970495530045811999465433593051294206813208749015287862200109738726182213659929095865863348830738042216091441637607905673429856043713387895584269076840 0 0 0 1 0 0 0 0 0 0 0 0 0 0 0 0 0 0 0 0 0 0 0 0 0 0 0 0 0 0 0 0 0 0 0 0 0 0 0 0 0 0 0 0 0 0 0 0 0 0 0 0 0 0 0 0 0 0 0 0 0 0 0 0 0 0 0 0 0 0 0 0 0 0 0 0 0 0 0 0 0 0 0 0 0 0 0 0 0]
[2618963254697204129423925280162836058924221814738375007975977197709828602195979875649736303336575226709642234119416571058100236255781286821198550553858004663361141919116740239631116838004384344222198957658373141704807147370958279967815055962602135767665968009664333178376 0 0 0 0 1 0 0 0 0 0 0 0 0 0 0 0 0 0 0 0 0 0 0 0 0 0 0 0 0 0 0 0 0 0 0 0 0 0 0 0 0 0 0 0 0 0 0 0 0 0 0 0 0 0 0 0 0 0 0 0 0 0 0 0 0 0 0 0 0 0 0 0 0 0 0 0 0 0 0 0 0 0 0 0 0 0 0 0 0]
[4796927645637853582672939767302908929093587252553906488522721229019881089887302852325835865069454496247238427597233140797347471802171762355615372121910968784972253841326109340598279973098552747986841589775453879878196783636531045674844846555331420632052793446108281728178 0 0 0 0 0 1 0 0 0 0 0 0 0 0 0 0 0 0 0 0 0 0 0 0 0 0 0 0 0 0 0 0 0 0 0 0 0 0 0 0 0 0 0 0 0 0 0 0 0 0 0 0 0 0 0 0 0 0 0 0 0 0 0 0 0 0 0 0 0 0 0 0 0 0 0 0 0 0 0 0 0 0 0 0 0 0 0 0 0]
[3113517706886738417580307807592357971822261552128662460234606027632766581748251577709456405539837089004859256044969086724729154053415587879265374625666700499959976445504109723340939040476449799594178397557429381261098226580265725199530778546896672820127957155665196159051 0 0 0 0 0 0 1 0 0 0 0 0 0 0 0 0 0 0 0 0 0 0 0 0 0 0 0 0 0 0 0 0 0 0 0 0 0 0 0 0 0 0 0 0 0 0 0 0 0 0 0 0 0 0 0 0 0 0 0 0 0 0 0 0 0 0 0 0 0 0 0 0 0 0 0 0 0 0 0 0 0 0 0 0 0 0 0 0 0]
[3810999058225785531633071736123011653660623754660803316033705707290292348068821360982521244719193238330344464864114902042507779950318475419308299867645034602239284404419288950403440766757814802572759871728364850320444266832755183137994057332808650349337583619674035218502 0 0 0 0 0 0 0 1 0 0 0 0 0 0 0 0 0 0 0 0 0 0 0 0 0 0 0 0 0 0 0 0 0 0 0 0 0 0 0 0 0 0 0 0 0 0 0 0 0 0 0 0 0 0 0 0 0 0 0 0 0 0 0 0 0 0 0 0 0 0 0 0 0 0 0 0 0 0 0 0 0 0 0 0 0 0 0 0 0]
[714827903548053345638113974306774707033332960132680953218976789239084122195747987870593577831149624289746614944496466881903357998142993275507128170149484092001156472679244446423817866820048604646281919479418688481975843651857394806733533238658078443830697279099874599702 0 0 0 0 0 0 0 0 1 0 0 0 0 0 0 0 0 0 0 0 0 0 0 0 0 0 0 0 0 0 0 0 0 0 0 0 0 0 0 0 0 0 0 0 0 0 0 0 0 0 0 0 0 0 0 0 0 0 0 0 0 0 0 0 0 0 0 0 0 0 0 0 0 0 0 0 0 0 0 0 0 0 0 0 0 0 0 0 0]
[127803404246593525762564454881029393587158198498262718990175010165945239193886186683462565318505172317944510038383593287743607232982868358696843057193132337527335936101929961982540615112757224675789469928965973651984554816441732748141576968624406625722115077469289411674 0 0 0 0 0 0 0 0 0 1 0 0 0 0 0 0 0 0 0 0 0 0 0 0 0 0 0 0 0 0 0 0 0 0 0 0 0 0 0 0 0 0 0 0 0 0 0 0 0 0 0 0 0 0 0 0 0 0 0 0 0 0 0 0 0 0 0 0 0 0 0 0 0 0 0 0 0 0 0 0 0 0 0 0 0 0 0 0 0]
[54835467061254622311347413994805289674357249137798179610337052048196338938332222126562674134614035552940909262802846999406254456365385090181910114426169302720689994349399822585143721855760971361525866918766240060692107488821670329623437170620184348365904772266035054387 0 0 0 0 0 0 0 0 0 0 1 0 0 0 0 0 0 0 0 0 0 0 0 0 0 0 0 0 0 0 0 0 0 0 0 0 0 0 0 0 0 0 0 0 0 0 0 0 0 0 0 0 0 0 0 0 0 0 0 0 0 0 0 0 0 0 0 0 0 0 0 0 0 0 0 0 0 0 0 0 0 0 0 0 0 0 0 0 0]
[823286811546242554407373389108592233275382320015150308686714088728394433224271152060083123469090383382094831716658198918927876965477172862665111328325203549983726457949854746443806220670107486073919113035334030793802589028836417420797482930786785901309698901226371115571 0 0 0 0 0 0 0 0 0 0 0 1 0 0 0 0 0 0 0 0 0 0 0 0 0 0 0 0 0 0 0 0 0 0 0 0 0 0 0 0 0 0 0 0 0 0 0 0 0 0 0 0 0 0 0 0 0 0 0 0 0 0 0 0 0 0 0 0 0 0 0 0 0 0 0 0 0 0 0 0 0 0 0 0 0 0 0 0 0]
[475207446425554034224065895673409458973341737267360098752051470028326449237088133772366139216757457394581637978826673535728537199310082934006170995454816356407040374488311054425232749369941818619510456471134555689663143635616450079370152524527228614028541104227327725490 0 0 0 0 0 0 0 0 0 0 0 0 1 0 0 0 0 0 0 0 0 0 0 0 0 0 0 0 0 0 0 0 0 0 0 0 0 0 0 0 0 0 0 0 0 0 0 0 0 0 0 0 0 0 0 0 0 0 0 0 0 0 0 0 0 0 0 0 0 0 0 0 0 0 0 0 0 0 0 0 0 0 0 0 0 0 0 0 0]
[2574707486826915415534235601222441168141451041190461739850995384988519171347438790131159442814778950290163416071172779897249247880940908599683765841745705068598483856772354805888630903472267013585462842864183671443501634389701074901903279058230311144881606283965177876938 0 0 0 0 0 0 0 0 0 0 0 0 0 1 0 0 0 0 0 0 0 0 0 0 0 0 0 0 0 0 0 0 0 0 0 0 0 0 0 0 0 0 0 0 0 0 0 0 0 0 0 0 0 0 0 0 0 0 0 0 0 0 0 0 0 0 0 0 0 0 0 0 0 0 0 0 0 0 0 0 0 0 0 0 0 0 0 0 0]
[3625915890702370714114798406370369692383369969086397258649235963470912252767822487725833056777003378770283026434000876061030713437517475193324974585285812680353830711397309527521882274749666991370505121627872900157802821734388131156660670493308189123340346527546063563272 0 0 0 0 0 0 0 0 0 0 0 0 0 0 1 0 0 0 0 0 0 0 0 0 0 0 0 0 0 0 0 0 0 0 0 0 0 0 0 0 0 0 0 0 0 0 0 0 0 0 0 0 0 0 0 0 0 0 0 0 0 0 0 0 0 0 0 0 0 0 0 0 0 0 0 0 0 0 0 0 0 0 0 0 0 0 0 0 0]
[3056531175116494302645109713812137067006603147024198600953988866456112309484745946711806408049421361246737902135887197241595781640895777146825154330067351389397646269897054615680169707489203116554990889638226806212433929992886561598715653550767443439768370441187824174173 0 0 0 0 0 0 0 0 0 0 0 0 0 0 0 1 0 0 0 0 0 0 0 0 0 0 0 0 0 0 0 0 0 0 0 0 0 0 0 0 0 0 0 0 0 0 0 0 0 0 0 0 0 0 0 0 0 0 0 0 0 0 0 0 0 0 0 0 0 0 0 0 0 0 0 0 0 0 0 0 0 0 0 0 0 0 0 0 0]
[2069593539599743881290965388787695672726699866215739925373717987351557346770591062358853021367925426568470994213173292323076392721536816888460939071193116900111470843105269002776699452496247859135545799813657188741160653270348911579172907527917062573105678280888496058191 0 0 0 0 0 0 0 0 0 0 0 0 0 0 0 0 1 0 0 0 0 0 0 0 0 0 0 0 0 0 0 0 0 0 0 0 0 0 0 0 0 0 0 0 0 0 0 0 0 0 0 0 0 0 0 0 0 0 0 0 0 0 0 0 0 0 0 0 0 0 0 0 0 0 0 0 0 0 0 0 0 0 0 0 0 0 0 0 0]
[1635320317887059926966162630644673607059101188008244721752633667752965102459945249329593824888240594100435971465813486250551369675264980546123249480259008411059157896426951290567088001734789808418622421164053668951548706212372729651060888921808726619351956720428962212781 0 0 0 0 0 0 0 0 0 0 0 0 0 0 0 0 0 1 0 0 0 0 0 0 0 0 0 0 0 0 0 0 0 0 0 0 0 0 0 0 0 0 0 0 0 0 0 0 0 0 0 0 0 0 0 0 0 0 0 0 0 0 0 0 0 0 0 0 0 0 0 0 0 0 0 0 0 0 0 0 0 0 0 0 0 0 0 0 0]
[3558586192904192298586707985134469972282904371277340858555267989986429245639732298060528657895666701159651088072594909461607739392673440169489605454554559238814640248997198562480074192271553176240871150316424955883508089294585104577720659392015277902992670563816820051834 0 0 0 0 0 0 0 0 0 0 0 0 0 0 0 0 0 0 1 0 0 0 0 0 0 0 0 0 0 0 0 0 0 0 0 0 0 0 0 0 0 0 0 0 0 0 0 0 0 0 0 0 0 0 0 0 0 0 0 0 0 0 0 0 0 0 0 0 0 0 0 0 0 0 0 0 0 0 0 0 0 0 0 0 0 0 0 0 0]
[1598384181520973717539480772598688674763355015137519260658237160207506633499862464547266993320286027429454689458946775882765593726226574875197078637043011848740013044819846511418826029806683724803827748989701925820130769298454157150920876788691465908162247788106632038028 0 0 0 0 0 0 0 0 0 0 0 0 0 0 0 0 0 0 0 1 0 0 0 0 0 0 0 0 0 0 0 0 0 0 0 0 0 0 0 0 0 0 0 0 0 0 0 0 0 0 0 0 0 0 0 0 0 0 0 0 0 0 0 0 0 0 0 0 0 0 0 0 0 0 0 0 0 0 0 0 0 0 0 0 0 0 0 0 0]
[3153874478817187286781975545444721174115369298147329518683342053091428117234441910257064902487648175210878705657243993020555531806463999312213189733718731655674910007971929464208292982598351545376843328381437614595724496014238626242211978827603614561925794963252039738468 0 0 0 0 0 0 0 0 0 0 0 0 0 0 0 0 0 0 0 0 1 0 0 0 0 0 0 0 0 0 0 0 0 0 0 0 0 0 0 0 0 0 0 0 0 0 0 0 0 0 0 0 0 0 0 0 0 0 0 0 0 0 0 0 0 0 0 0 0 0 0 0 0 0 0 0 0 0 0 0 0 0 0 0 0 0 0 0 0]
[778632459632111243272854125293793360640711857341433737739907169170655887704618897882998550738399990062213532492781503443325170293585590251158371595210454503269557057954418472582418091944663337254742564978387802240263364603801625625858586766841346593989208702324061523634 0 0 0 0 0 0 0 0 0 0 0 0 0 0 0 0 0 0 0 0 0 1 0 0 0 0 0 0 0 0 0 0 0 0 0 0 0 0 0 0 0 0 0 0 0 0 0 0 0 0 0 0 0 0 0 0 0 0 0 0 0 0 0 0 0 0 0 0 0 0 0 0 0 0 0 0 0 0 0 0 0 0 0 0 0 0 0 0 0]
[4852584324040341398007482831806370185225947131401445867718614584638635984164370059606660622704242510763428616754492611693507306529847611792502142137845766650461678117907520358681090121608806051374150403894391716740953012400585573512214484518810994062457023589345335952207 0 0 0 0 0 0 0 0 0 0 0 0 0 0 0 0 0 0 0 0 0 0 1 0 0 0 0 0 0 0 0 0 0 0 0 0 0 0 0 0 0 0 0 0 0 0 0 0 0 0 0 0 0 0 0 0 0 0 0 0 0 0 0 0 0 0 0 0 0 0 0 0 0 0 0 0 0 0 0 0 0 0 0 0 0 0 0 0 0]
[393108396250134862503678310491678858396929371920045286184434513453961630972330178705706587581896725890011843066410426425646907713645956877213020952342298139753727707713419413459874776320743779797452336546757173205434288367697775807039742805462941028032103336023702938308 0 0 0 0 0 0 0 0 0 0 0 0 0 0 0 0 0 0 0 0 0 0 0 1 0 0 0 0 0 0 0 0 0 0 0 0 0 0 0 0 0 0 0 0 0 0 0 0 0 0 0 0 0 0 0 0 0 0 0 0 0 0 0 0 0 0 0 0 0 0 0 0 0 0 0 0 0 0 0 0 0 0 0 0 0 0 0 0 0]
[1188849707005915932437982983308524489631400300132682669915950307216526016182048092786851072395580019819247647862596279628265762461713669495292297385329255697244862391999527068566188071160549737925020776877899177504380560260986312454810160872847536429514569150322651953593 0 0 0 0 0 0 0 0 0 0 0 0 0 0 0 0 0 0 0 0 0 0 0 0 1 0 0 0 0 0 0 0 0 0 0 0 0 0 0 0 0 0 0 0 0 0 0 0 0 0 0 0 0 0 0 0 0 0 0 0 0 0 0 0 0 0 0 0 0 0 0 0 0 0 0 0 0 0 0 0 0 0 0 0 0 0 0 0 0]
[886536837419969113144164487689742235489010566992361663184829705863687314176016507531288447072551532370078834613998758607050552580808558288789100447507844331842850439069718486852134923975815354385574160627217890059548780780010338197311100379005484589284896534820926849801 0 0 0 0 0 0 0 0 0 0 0 0 0 0 0 0 0 0 0 0 0 0 0 0 0 1 0 0 0 0 0 0 0 0 0 0 0 0 0 0 0 0 0 0 0 0 0 0 0 0 0 0 0 0 0 0 0 0 0 0 0 0 0 0 0 0 0 0 0 0 0 0 0 0 0 0 0 0 0 0 0 0 0 0 0 0 0 0 0]
[3495334737697908483263199140312380627130829522422339000303812827895971354120074819159017984045621679273976927726199357443585232539672306044613390930689706991362389645327257587759456026068492365724575531906074584283224347923677099072910541001757566767306352653999595241527 0 0 0 0 0 0 0 0 0 0 0 0 0 0 0 0 0 0 0 0 0 0 0 0 0 0 1 0 0 0 0 0 0 0 0 0 0 0 0 0 0 0 0 0 0 0 0 0 0 0 0 0 0 0 0 0 0 0 0 0 0 0 0 0 0 0 0 0 0 0 0 0 0 0 0 0 0 0 0 0 0 0 0 0 0 0 0 0 0]
[2831874724082296726676404589997979000021437695421279246719394554943490743978253227717574945150241793537487651781605854504397804585865815836687081760491632301284668511168391877975936145147751794394611216834824088996243752626711582459701163946172999341521084147796113955271 0 0 0 0 0 0 0 0 0 0 0 0 0 0 0 0 0 0 0 0 0 0 0 0 0 0 0 1 0 0 0 0 0 0 0 0 0 0 0 0 0 0 0 0 0 0 0 0 0 0 0 0 0 0 0 0 0 0 0 0 0 0 0 0 0 0 0 0 0 0 0 0 0 0 0 0 0 0 0 0 0 0 0 0 0 0 0 0 0]
[4172135710762249974959490500381684102292435876914280429292785964778317259160119753045729229849285547239096831759170632585351165617756581719104168459502220752791448445253373510181432907569500390747100653751135959956513058294297372347156792358746333545596416398554188038099 0 0 0 0 0 0 0 0 0 0 0 0 0 0 0 0 0 0 0 0 0 0 0 0 0 0 0 0 1 0 0 0 0 0 0 0 0 0 0 0 0 0 0 0 0 0 0 0 0 0 0 0 0 0 0 0 0 0 0 0 0 0 0 0 0 0 0 0 0 0 0 0 0 0 0 0 0 0 0 0 0 0 0 0 0 0 0 0 0]
[4185336610016652177670702694395038421237324132484214020415811994969609978920272218606247342378875827718263609254424351430418672636715521385338402263682730145891538912425903355631351068217560155684472374024398791533443967303423763411276830444928321699453993483392226958089 0 0 0 0 0 0 0 0 0 0 0 0 0 0 0 0 0 0 0 0 0 0 0 0 0 0 0 0 0 1 0 0 0 0 0 0 0 0 0 0 0 0 0 0 0 0 0 0 0 0 0 0 0 0 0 0 0 0 0 0 0 0 0 0 0 0 0 0 0 0 0 0 0 0 0 0 0 0 0 0 0 0 0 0 0 0 0 0 0]
[4112394896978338451075295958287469500048323295920370565957920842453225020183900151902166292084180432705024919224509486157440250969551515803750372756306309354704484085907068630770248502667840966347194497953970216237704385377135952866751731355291749343462932960864866870887 0 0 0 0 0 0 0 0 0 0 0 0 0 0 0 0 0 0 0 0 0 0 0 0 0 0 0 0 0 0 1 0 0 0 0 0 0 0 0 0 0 0 0 0 0 0 0 0 0 0 0 0 0 0 0 0 0 0 0 0 0 0 0 0 0 0 0 0 0 0 0 0 0 0 0 0 0 0 0 0 0 0 0 0 0 0 0 0 0]
[2934340733712291744229923916269674850344170096597360912502351928161425978474113756262796955094629871875153046399422439106749740201425988579110178556444650472873594899368054877268764057948176661154890250813999760543785681571200606375281763532563137179316485736404414582706 0 0 0 0 0 0 0 0 0 0 0 0 0 0 0 0 0 0 0 0 0 0 0 0 0 0 0 0 0 0 0 1 0 0 0 0 0 0 0 0 0 0 0 0 0 0 0 0 0 0 0 0 0 0 0 0 0 0 0 0 0 0 0 0 0 0 0 0 0 0 0 0 0 0 0 0 0 0 0 0 0 0 0 0 0 0 0 0 0]
[1734805406742861962848035510136497264638481029762273363931029730807789418136159399910515404213041501899404777099072929388383415572726279562845562023854929537991436873930275023654862052648822258354472827744570203409106131405446668064291676422170750017688796138929697162077 0 0 0 0 0 0 0 0 0 0 0 0 0 0 0 0 0 0 0 0 0 0 0 0 0 0 0 0 0 0 0 0 1 0 0 0 0 0 0 0 0 0 0 0 0 0 0 0 0 0 0 0 0 0 0 0 0 0 0 0 0 0 0 0 0 0 0 0 0 0 0 0 0 0 0 0 0 0 0 0 0 0 0 0 0 0 0 0 0]
[1549202389223388538120953854375425115229630022118420643932429630587420406865077825982358761780840600977945757636204387548375306010484797608834144366057798045292713976329764596534647367459871725451650494589516184130871278872790484802438777014310684235272058419720713766866 0 0 0 0 0 0 0 0 0 0 0 0 0 0 0 0 0 0 0 0 0 0 0 0 0 0 0 0 0 0 0 0 0 1 0 0 0 0 0 0 0 0 0 0 0 0 0 0 0 0 0 0 0 0 0 0 0 0 0 0 0 0 0 0 0 0 0 0 0 0 0 0 0 0 0 0 0 0 0 0 0 0 0 0 0 0 0 0 0]
[3512329934565598555153711337051788230975624517318994807904522062616296127944060180902232429888261973091034554779739709455495131855153942483661530228017021805455358841306301887860011117847747873374896224124961408573838853723315603260310580546632179341564266722349843762458 0 0 0 0 0 0 0 0 0 0 0 0 0 0 0 0 0 0 0 0 0 0 0 0 0 0 0 0 0 0 0 0 0 0 1 0 0 0 0 0 0 0 0 0 0 0 0 0 0 0 0 0 0 0 0 0 0 0 0 0 0 0 0 0 0 0 0 0 0 0 0 0 0 0 0 0 0 0 0 0 0 0 0 0 0 0 0 0 0]
[1707396949469013203199861572457965688190644155329731573024809111117560637618413865162782719673190645996051615088909481345802087016423965391318019107670031682122506011345473572118769143174358584478735743356914899016693793448640530975067222338269042214912211990115397782241 0 0 0 0 0 0 0 0 0 0 0 0 0 0 0 0 0 0 0 0 0 0 0 0 0 0 0 0 0 0 0 0 0 0 0 1 0 0 0 0 0 0 0 0 0 0 0 0 0 0 0 0 0 0 0 0 0 0 0 0 0 0 0 0 0 0 0 0 0 0 0 0 0 0 0 0 0 0 0 0 0 0 0 0 0 0 0 0 0]
[2483906203881881400979076984668002726112173334458150710588927463772584682168761548630213825292508584282144207497723970157925958257354200627357082969358242596675697470289891883827259124630040658297938184782347679948310374905002229583507845790693016474784137535412301506762 0 0 0 0 0 0 0 0 0 0 0 0 0 0 0 0 0 0 0 0 0 0 0 0 0 0 0 0 0 0 0 0 0 0 0 0 1 0 0 0 0 0 0 0 0 0 0 0 0 0 0 0 0 0 0 0 0 0 0 0 0 0 0 0 0 0 0 0 0 0 0 0 0 0 0 0 0 0 0 0 0 0 0 0 0 0 0 0 0]
[267561905977182068188506949179058433942271389523675638588266823252110104164940891127924516425218340775986503547688386122005828800777133445652564087817356758225168588378138952463329745834123468211064428167777115535822230280564658079162856692102594817535701135452060376988 0 0 0 0 0 0 0 0 0 0 0 0 0 0 0 0 0 0 0 0 0 0 0 0 0 0 0 0 0 0 0 0 0 0 0 0 0 1 0 0 0 0 0 0 0 0 0 0 0 0 0 0 0 0 0 0 0 0 0 0 0 0 0 0 0 0 0 0 0 0 0 0 0 0 0 0 0 0 0 0 0 0 0 0 0 0 0 0 0]
[2664915094333951255782939382261610653941408598662153996225465588745460154341975042160482992103983485339891414187766966413340139154530958725925551737677159800049275343827202599715182867333142934248031305992569104846534597457874513622070478417668808284970835192315031058685 0 0 0 0 0 0 0 0 0 0 0 0 0 0 0 0 0 0 0 0 0 0 0 0 0 0 0 0 0 0 0 0 0 0 0 0 0 0 1 0 0 0 0 0 0 0 0 0 0 0 0 0 0 0 0 0 0 0 0 0 0 0 0 0 0 0 0 0 0 0 0 0 0 0 0 0 0 0 0 0 0 0 0 0 0 0 0 0 0]
[4905998978194497747470989123657833104246524070035704432757870974199567657595208991418152596912636566638818696000175197754612873270392792809358875420513221870634086303186829935464794078680123490629298458463238354094061501852744247240187356206419804186448675027168830934438 0 0 0 0 0 0 0 0 0 0 0 0 0 0 0 0 0 0 0 0 0 0 0 0 0 0 0 0 0 0 0 0 0 0 0 0 0 0 0 1 0 0 0 0 0 0 0 0 0 0 0 0 0 0 0 0 0 0 0 0 0 0 0 0 0 0 0 0 0 0 0 0 0 0 0 0 0 0 0 0 0 0 0 0 0 0 0 0 0]
[1567024250165957592391518940166695972709712637844853873217139117633742773834979046824078753700523493035213956850465390378466856785439170423605013936795570269615982372916941153221575050792318563562248039849528840785425766226392161669669647946797806455056787695337863050957 0 0 0 0 0 0 0 0 0 0 0 0 0 0 0 0 0 0 0 0 0 0 0 0 0 0 0 0 0 0 0 0 0 0 0 0 0 0 0 0 1 0 0 0 0 0 0 0 0 0 0 0 0 0 0 0 0 0 0 0 0 0 0 0 0 0 0 0 0 0 0 0 0 0 0 0 0 0 0 0 0 0 0 0 0 0 0 0 0]
[2620798728601008865696266971244848120341331326908333334764432242051297781491572507198829029888634884904861615585247101650866516005118252154584969854328755477263057990292593257940052272238440405287121573953757246022796550304848382970101514279051343280470139674466671901446 0 0 0 0 0 0 0 0 0 0 0 0 0 0 0 0 0 0 0 0 0 0 0 0 0 0 0 0 0 0 0 0 0 0 0 0 0 0 0 0 0 1 0 0 0 0 0 0 0 0 0 0 0 0 0 0 0 0 0 0 0 0 0 0 0 0 0 0 0 0 0 0 0 0 0 0 0 0 0 0 0 0 0 0 0 0 0 0 0]
[3425415643738951651418805682477563433701011623562993486163038100113700096188583015674481524791893938776093289188097451828500517731006477514359603635258957691820270239912242832877083845261755922674505554250176345710028579047956206769079789218576691517852901587935428800438 0 0 0 0 0 0 0 0 0 0 0 0 0 0 0 0 0 0 0 0 0 0 0 0 0 0 0 0 0 0 0 0 0 0 0 0 0 0 0 0 0 0 1 0 0 0 0 0 0 0 0 0 0 0 0 0 0 0 0 0 0 0 0 0 0 0 0 0 0 0 0 0 0 0 0 0 0 0 0 0 0 0 0 0 0 0 0 0 0]
[127897945560411220860653271399347991642619228178626290399623253507654861790180280934747551526252786569863900700275758119354160982867153514896323407381475681541806799950752972147539719575181921647951180316557963325264133751052239495607440939044977536876319481657646382717 0 0 0 0 0 0 0 0 0 0 0 0 0 0 0 0 0 0 0 0 0 0 0 0 0 0 0 0 0 0 0 0 0 0 0 0 0 0 0 0 0 0 0 1 0 0 0 0 0 0 0 0 0 0 0 0 0 0 0 0 0 0 0 0 0 0 0 0 0 0 0 0 0 0 0 0 0 0 0 0 0 0 0 0 0 0 0 0 0]
[222081823770471018848951065256536208080380475267869018020526808535946749528271429532849397095432102073613411342931689548697319620372773845422323221237197780486520684065111326090582983200242773142703412139017493969110665120097757572593882953814002116787406205236213542510 0 0 0 0 0 0 0 0 0 0 0 0 0 0 0 0 0 0 0 0 0 0 0 0 0 0 0 0 0 0 0 0 0 0 0 0 0 0 0 0 0 0 0 0 1 0 0 0 0 0 0 0 0 0 0 0 0 0 0 0 0 0 0 0 0 0 0 0 0 0 0 0 0 0 0 0 0 0 0 0 0 0 0 0 0 0 0 0 0]
[1240439052539386030109090831803423074395524976114952085854193927746386460050288170948333974021075921719256814076680980490466221208550010046884490553382061472888626433799680186179581316559463677764611488920779532675665137467825758176662732986671146137940909721994388371307 0 0 0 0 0 0 0 0 0 0 0 0 0 0 0 0 0 0 0 0 0 0 0 0 0 0 0 0 0 0 0 0 0 0 0 0 0 0 0 0 0 0 0 0 0 1 0 0 0 0 0 0 0 0 0 0 0 0 0 0 0 0 0 0 0 0 0 0 0 0 0 0 0 0 0 0 0 0 0 0 0 0 0 0 0 0 0 0 0]
[2742727516698477682858304865175728509474193386423631262560708359184476918340786917406680679882681792097485097432958961303131763938000557976139718874781715818558503829718409714060339161356418616147255342597018469253173332346091999607972345008000373077176089975314370228198 0 0 0 0 0 0 0 0 0 0 0 0 0 0 0 0 0 0 0 0 0 0 0 0 0 0 0 0 0 0 0 0 0 0 0 0 0 0 0 0 0 0 0 0 0 0 1 0 0 0 0 0 0 0 0 0 0 0 0 0 0 0 0 0 0 0 0 0 0 0 0 0 0 0 0 0 0 0 0 0 0 0 0 0 0 0 0 0 0]
[2736986929809187794098566028090151837991258714031004563899418793299962147877298562814318718655897494085854097846817984941789855190185446238234703593503454789884992077390835093167523665492337578124240375892298714313954319696353890540510075896280340174700548600206583409256 0 0 0 0 0 0 0 0 0 0 0 0 0 0 0 0 0 0 0 0 0 0 0 0 0 0 0 0 0 0 0 0 0 0 0 0 0 0 0 0 0 0 0 0 0 0 0 1 0 0 0 0 0 0 0 0 0 0 0 0 0 0 0 0 0 0 0 0 0 0 0 0 0 0 0 0 0 0 0 0 0 0 0 0 0 0 0 0 0]
[976727503704696334389289465285975331472662856459678191465032417771455988717409042637476713759005469037168156639681112060563523278063417315860170638392705474722008132213888891775408942662499717681652300301875703456253187426954550751227844311991629312700090006781083719482 0 0 0 0 0 0 0 0 0 0 0 0 0 0 0 0 0 0 0 0 0 0 0 0 0 0 0 0 0 0 0 0 0 0 0 0 0 0 0 0 0 0 0 0 0 0 0 0 1 0 0 0 0 0 0 0 0 0 0 0 0 0 0 0 0 0 0 0 0 0 0 0 0 0 0 0 0 0 0 0 0 0 0 0 0 0 0 0 0]
[1807965075972249852263320463008551301162835253359301862388506964029401307930557061029273492852794016632788001168814676659564943606003407673258703991574927858040634841677770738106343658995571430177666354180508773353997657578865049947296491123829315586269170400470543855305 0 0 0 0 0 0 0 0 0 0 0 0 0 0 0 0 0 0 0 0 0 0 0 0 0 0 0 0 0 0 0 0 0 0 0 0 0 0 0 0 0 0 0 0 0 0 0 0 0 1 0 0 0 0 0 0 0 0 0 0 0 0 0 0 0 0 0 0 0 0 0 0 0 0 0 0 0 0 0 0 0 0 0 0 0 0 0 0 0]
[2989957756734053701291368919321268628832882194413676277602114668186972196361949288262395055941469860946928689155677978820465959844042611990485839451610710972526455623711725272451032458883213308197873194864989884061573111770749434842799529721497775099224326907825024342172 0 0 0 0 0 0 0 0 0 0 0 0 0 0 0 0 0 0 0 0 0 0 0 0 0 0 0 0 0 0 0 0 0 0 0 0 0 0 0 0 0 0 0 0 0 0 0 0 0 0 1 0 0 0 0 0 0 0 0 0 0 0 0 0 0 0 0 0 0 0 0 0 0 0 0 0 0 0 0 0 0 0 0 0 0 0 0 0 0]
[206690614666406839146393653857108569098055120758697120892025776261843164212568126941716655870844348147665660497832591899668058901468266365248650315992628790976130602066283180977833200461359928590336334579496645937741875223696183316556627686554021537302880682538887598620 0 0 0 0 0 0 0 0 0 0 0 0 0 0 0 0 0 0 0 0 0 0 0 0 0 0 0 0 0 0 0 0 0 0 0 0 0 0 0 0 0 0 0 0 0 0 0 0 0 0 0 1 0 0 0 0 0 0 0 0 0 0 0 0 0 0 0 0 0 0 0 0 0 0 0 0 0 0 0 0 0 0 0 0 0 0 0 0 0]
[3294951026615083971038888559937549470811518219619330598442195770256759043505250436702102015137497848555236351950885821574006741165421275111899033074095713137428766904919464438947420339744020724168864614702778867825027921058935488849060330388518091699535998833268593057627 0 0 0 0 0 0 0 0 0 0 0 0 0 0 0 0 0 0 0 0 0 0 0 0 0 0 0 0 0 0 0 0 0 0 0 0 0 0 0 0 0 0 0 0 0 0 0 0 0 0 0 0 1 0 0 0 0 0 0 0 0 0 0 0 0 0 0 0 0 0 0 0 0 0 0 0 0 0 0 0 0 0 0 0 0 0 0 0 0]
[1123108077488828803489460199096793071381327168362518151201952373697883043651582852435683754988812229865171217688816108060849408613683962721627667067947807145421949809944515557472385271372257207645040320793812273997501200112797996562789658156474876718932606694625906242617 0 0 0 0 0 0 0 0 0 0 0 0 0 0 0 0 0 0 0 0 0 0 0 0 0 0 0 0 0 0 0 0 0 0 0 0 0 0 0 0 0 0 0 0 0 0 0 0 0 0 0 0 0 1 0 0 0 0 0 0 0 0 0 0 0 0 0 0 0 0 0 0 0 0 0 0 0 0 0 0 0 0 0 0 0 0 0 0 0]
[4744851271652217195378027516317313284470505481475569511802833163785022314558362952086142527340620380384686763465625985281060397548804052043105033982268260088618536573707481942331535329894249804328782197339247001095514548824232979571611523172962947760846665897985900496914 0 0 0 0 0 0 0 0 0 0 0 0 0 0 0 0 0 0 0 0 0 0 0 0 0 0 0 0 0 0 0 0 0 0 0 0 0 0 0 0 0 0 0 0 0 0 0 0 0 0 0 0 0 0 1 0 0 0 0 0 0 0 0 0 0 0 0 0 0 0 0 0 0 0 0 0 0 0 0 0 0 0 0 0 0 0 0 0 0]
[907860553257909209271786390728860683462211671039209874406328031392700023651042078745023818752345396219969508534107494349103049588860959532786913863871910574594654955567455098954218882716485169215948779369673904192653018361416732488948803079465742097868039895104204729759 0 0 0 0 0 0 0 0 0 0 0 0 0 0 0 0 0 0 0 0 0 0 0 0 0 0 0 0 0 0 0 0 0 0 0 0 0 0 0 0 0 0 0 0 0 0 0 0 0 0 0 0 0 0 0 1 0 0 0 0 0 0 0 0 0 0 0 0 0 0 0 0 0 0 0 0 0 0 0 0 0 0 0 0 0 0 0 0 0]
[275323667363676539616357611598920763406313298489576460368858312483870309142874181720152055586232612759583550793146041753480089347302662947575487417459579651070043213508590607257914437853705377260457066093246741680787888300608511747482262639846150194424559755995610131109 0 0 0 0 0 0 0 0 0 0 0 0 0 0 0 0 0 0 0 0 0 0 0 0 0 0 0 0 0 0 0 0 0 0 0 0 0 0 0 0 0 0 0 0 0 0 0 0 0 0 0 0 0 0 0 0 1 0 0 0 0 0 0 0 0 0 0 0 0 0 0 0 0 0 0 0 0 0 0 0 0 0 0 0 0 0 0 0 0]
[2670318766171594643445385683203135934054646803961980217306142253188199612464815118627568372418404327976322654481789990059745925818399723506674464588224297877689228603844116746071128555864180682071523074338229311419367939555030595833957412663447644294607642638314264275919 0 0 0 0 0 0 0 0 0 0 0 0 0 0 0 0 0 0 0 0 0 0 0 0 0 0 0 0 0 0 0 0 0 0 0 0 0 0 0 0 0 0 0 0 0 0 0 0 0 0 0 0 0 0 0 0 0 1 0 0 0 0 0 0 0 0 0 0 0 0 0 0 0 0 0 0 0 0 0 0 0 0 0 0 0 0 0 0 0]
[1883736459373404370480218609369571386076389614472488984474673755564133082986055635712771475703586113634536613111191989558036142007660016687048424147235086955901301612581826505088106901963566165454152567844934169372465851149141765275358905555277234187873527988139354077641 0 0 0 0 0 0 0 0 0 0 0 0 0 0 0 0 0 0 0 0 0 0 0 0 0 0 0 0 0 0 0 0 0 0 0 0 0 0 0 0 0 0 0 0 0 0 0 0 0 0 0 0 0 0 0 0 0 0 1 0 0 0 0 0 0 0 0 0 0 0 0 0 0 0 0 0 0 0 0 0 0 0 0 0 0 0 0 0 0]
[1266485914853372547725376168307990154330669889813607288559881862399064894387294232813655534395708481347229377924562927235328361753506827482092417872119644662078287883768493598872454191940793461005865000704178222848774631181782956168509496808159167652350369828264184917729 0 0 0 0 0 0 0 0 0 0 0 0 0 0 0 0 0 0 0 0 0 0 0 0 0 0 0 0 0 0 0 0 0 0 0 0 0 0 0 0 0 0 0 0 0 0 0 0 0 0 0 0 0 0 0 0 0 0 0 1 0 0 0 0 0 0 0 0 0 0 0 0 0 0 0 0 0 0 0 0 0 0 0 0 0 0 0 0 0]
[4662518452781078211951049429407384906199950659871731597498804073305548984731424395314215093435958628808195020211843613626375496819376769512374296740509295187231076724368213998602846175329757491401932333534607982386242625815322585305786819838391107326448400747106021355502 0 0 0 0 0 0 0 0 0 0 0 0 0 0 0 0 0 0 0 0 0 0 0 0 0 0 0 0 0 0 0 0 0 0 0 0 0 0 0 0 0 0 0 0 0 0 0 0 0 0 0 0 0 0 0 0 0 0 0 0 1 0 0 0 0 0 0 0 0 0 0 0 0 0 0 0 0 0 0 0 0 0 0 0 0 0 0 0 0]
[1946968572603028842425825921343459862772941643911886615516085926733894122500519066110205517621849639375554326063440646814435374414860612781297370654758893813353999748628748981795213033078179070416345678304654468765758536401387466852041863618576555817138121212462982653513 0 0 0 0 0 0 0 0 0 0 0 0 0 0 0 0 0 0 0 0 0 0 0 0 0 0 0 0 0 0 0 0 0 0 0 0 0 0 0 0 0 0 0 0 0 0 0 0 0 0 0 0 0 0 0 0 0 0 0 0 0 1 0 0 0 0 0 0 0 0 0 0 0 0 0 0 0 0 0 0 0 0 0 0 0 0 0 0 0]
[3768534558252979653745118628557354832279214036227875840163910026400165968647462115511201205944680025260909283146151851240616079388648300781170569298523447470441110547617707129739479712490026955360915830063601109390583418927622312392782643358688664622266098499416342423310 0 0 0 0 0 0 0 0 0 0 0 0 0 0 0 0 0 0 0 0 0 0 0 0 0 0 0 0 0 0 0 0 0 0 0 0 0 0 0 0 0 0 0 0 0 0 0 0 0 0 0 0 0 0 0 0 0 0 0 0 0 0 1 0 0 0 0 0 0 0 0 0 0 0 0 0 0 0 0 0 0 0 0 0 0 0 0 0 0]
[4555819942345121668388741491224453841908765223140371884329888516836424592271902799137293307042356730430279645326672705199528072943370223970970069997508511899467099284464251561894345621015480880616340164028154452657041487864119060781310549772474400600993131219598880924539 0 0 0 0 0 0 0 0 0 0 0 0 0 0 0 0 0 0 0 0 0 0 0 0 0 0 0 0 0 0 0 0 0 0 0 0 0 0 0 0 0 0 0 0 0 0 0 0 0 0 0 0 0 0 0 0 0 0 0 0 0 0 0 1 0 0 0 0 0 0 0 0 0 0 0 0 0 0 0 0 0 0 0 0 0 0 0 0 0]
[2977287807514350266903819659843104569859680969104117382170627950264730745989107473900086497575523272516141723764422367253299341624420401716372058771724565099827835897864003736866211057674890163457471932896395662822905464048320467246573897807243478536426155887165909756733 0 0 0 0 0 0 0 0 0 0 0 0 0 0 0 0 0 0 0 0 0 0 0 0 0 0 0 0 0 0 0 0 0 0 0 0 0 0 0 0 0 0 0 0 0 0 0 0 0 0 0 0 0 0 0 0 0 0 0 0 0 0 0 0 1 0 0 0 0 0 0 0 0 0 0 0 0 0 0 0 0 0 0 0 0 0 0 0 0]
[4650951880264474931906843746338051049391660201682383298485845674705053596258813475207653087709869212492209150374059180427318632848800307174229045610838128810598547362115998636461928499548448451040938895417099367828048032283567115936825910302156573921983152668421206798936 0 0 0 0 0 0 0 0 0 0 0 0 0 0 0 0 0 0 0 0 0 0 0 0 0 0 0 0 0 0 0 0 0 0 0 0 0 0 0 0 0 0 0 0 0 0 0 0 0 0 0 0 0 0 0 0 0 0 0 0 0 0 0 0 0 1 0 0 0 0 0 0 0 0 0 0 0 0 0 0 0 0 0 0 0 0 0 0 0]
[3304990933345159144722917363595330517945520594341574777318608130568724312980204076765527221593350472533163657250368796033392916689507466293202957960064211235244351317546401086841318526062679349524544082977852015644585565118665892480600277388489358771721866359448394994016 0 0 0 0 0 0 0 0 0 0 0 0 0 0 0 0 0 0 0 0 0 0 0 0 0 0 0 0 0 0 0 0 0 0 0 0 0 0 0 0 0 0 0 0 0 0 0 0 0 0 0 0 0 0 0 0 0 0 0 0 0 0 0 0 0 0 1 0 0 0 0 0 0 0 0 0 0 0 0 0 0 0 0 0 0 0 0 0 0]
[456649018924660865939349121837175515477008377615653547277379342602430144788730109139208470569896246634160830453477749250682448919532780812010001374833672219795628752026359222642817893553241890089120195133968164963015539892775835872219082959793528729430486496564593211811 0 0 0 0 0 0 0 0 0 0 0 0 0 0 0 0 0 0 0 0 0 0 0 0 0 0 0 0 0 0 0 0 0 0 0 0 0 0 0 0 0 0 0 0 0 0 0 0 0 0 0 0 0 0 0 0 0 0 0 0 0 0 0 0 0 0 0 1 0 0 0 0 0 0 0 0 0 0 0 0 0 0 0 0 0 0 0 0 0]
[3819741954840866902461191561701572357160637469350104793214557664719122137520022490856121643209419254267273093404127662992553826871566486018904410092659940273597572238531943291217265774609056787470442689529197497337674527263450024007918508036377647798788819694162419239165 0 0 0 0 0 0 0 0 0 0 0 0 0 0 0 0 0 0 0 0 0 0 0 0 0 0 0 0 0 0 0 0 0 0 0 0 0 0 0 0 0 0 0 0 0 0 0 0 0 0 0 0 0 0 0 0 0 0 0 0 0 0 0 0 0 0 0 0 1 0 0 0 0 0 0 0 0 0 0 0 0 0 0 0 0 0 0 0 0]
[3347929959656501590703550819456265043999400195185818875783685420741824167592444657785589359751805808197237138264787170328149449069976598176712619233674457542146276383809886733683111077545096382855943741449534401011221803023637799077675266818722869145897934907240976462905 0 0 0 0 0 0 0 0 0 0 0 0 0 0 0 0 0 0 0 0 0 0 0 0 0 0 0 0 0 0 0 0 0 0 0 0 0 0 0 0 0 0 0 0 0 0 0 0 0 0 0 0 0 0 0 0 0 0 0 0 0 0 0 0 0 0 0 0 0 1 0 0 0 0 0 0 0 0 0 0 0 0 0 0 0 0 0 0 0]
[4281864411856962161927295743078460431714893276836184647681392715027332459720489159049444448777186364712127992040261421402687985970140641229271222939859151477330571712088423987960649889862731198102670440709180879688755098999842180660269776012419084039668486840125218920695 0 0 0 0 0 0 0 0 0 0 0 0 0 0 0 0 0 0 0 0 0 0 0 0 0 0 0 0 0 0 0 0 0 0 0 0 0 0 0 0 0 0 0 0 0 0 0 0 0 0 0 0 0 0 0 0 0 0 0 0 0 0 0 0 0 0 0 0 0 0 1 0 0 0 0 0 0 0 0 0 0 0 0 0 0 0 0 0 0]
[826107828795794319061879464981661829398448845512727922496605759448719786187456651798752604931156111553257117624753001309920623811218337887734830990906686104027146522999251377084162535865664844610778004527622185841843300370314643248800829645507208066808583190627951045249 0 0 0 0 0 0 0 0 0 0 0 0 0 0 0 0 0 0 0 0 0 0 0 0 0 0 0 0 0 0 0 0 0 0 0 0 0 0 0 0 0 0 0 0 0 0 0 0 0 0 0 0 0 0 0 0 0 0 0 0 0 0 0 0 0 0 0 0 0 0 0 1 0 0 0 0 0 0 0 0 0 0 0 0 0 0 0 0 0]
[1930816153882578214782182720474406729857645200563198955398840766134899528422427096135505042513791878802289391510397399708242880231338131523486205284039248747549249220405101498956109678258369145161375886884973456285688295895915927593590116472554505653294932040079215323072 0 0 0 0 0 0 0 0 0 0 0 0 0 0 0 0 0 0 0 0 0 0 0 0 0 0 0 0 0 0 0 0 0 0 0 0 0 0 0 0 0 0 0 0 0 0 0 0 0 0 0 0 0 0 0 0 0 0 0 0 0 0 0 0 0 0 0 0 0 0 0 0 1 0 0 0 0 0 0 0 0 0 0 0 0 0 0 0 0]
[2187536473469111409579115705701641173622588675762414849618945747094698957162768277722071378415191418854552950233821316150136076577324032586053389278436168624715640193198688731450390691324107491169856988617826868838245782469103864371672095620050036936930142941053635220194 0 0 0 0 0 0 0 0 0 0 0 0 0 0 0 0 0 0 0 0 0 0 0 0 0 0 0 0 0 0 0 0 0 0 0 0 0 0 0 0 0 0 0 0 0 0 0 0 0 0 0 0 0 0 0 0 0 0 0 0 0 0 0 0 0 0 0 0 0 0 0 0 0 1 0 0 0 0 0 0 0 0 0 0 0 0 0 0 0]
[2787580624966031371788488449571016414689160276372697592920632208069582453141220280214399049242990589675243081974259785537063074715551084542237648438554788399053702744445114987925964413844479647251920211409000514748104372792771283842588602185256124146824513304569812348014 0 0 0 0 0 0 0 0 0 0 0 0 0 0 0 0 0 0 0 0 0 0 0 0 0 0 0 0 0 0 0 0 0 0 0 0 0 0 0 0 0 0 0 0 0 0 0 0 0 0 0 0 0 0 0 0 0 0 0 0 0 0 0 0 0 0 0 0 0 0 0 0 0 0 1 0 0 0 0 0 0 0 0 0 0 0 0 0 0]
[2266578838337459438494286108560361711863371415606787621141013611031633931509831949226447549563920184382018994974627472610937656627424190387019234339286050389276736284476323235052786575457705275168222873160429334543307504781623907263194753239679873684495236823928420015204 0 0 0 0 0 0 0 0 0 0 0 0 0 0 0 0 0 0 0 0 0 0 0 0 0 0 0 0 0 0 0 0 0 0 0 0 0 0 0 0 0 0 0 0 0 0 0 0 0 0 0 0 0 0 0 0 0 0 0 0 0 0 0 0 0 0 0 0 0 0 0 0 0 0 0 1 0 0 0 0 0 0 0 0 0 0 0 0 0]
[1577992886043820135925215897806835766517639688439276848273051374974112726860850842419139541232390888899101836789288061261275599933638854293353964321907251455956318240760943995867427065707450115235554672233538312648481289725218205217561604369361597558144216106688475286485 0 0 0 0 0 0 0 0 0 0 0 0 0 0 0 0 0 0 0 0 0 0 0 0 0 0 0 0 0 0 0 0 0 0 0 0 0 0 0 0 0 0 0 0 0 0 0 0 0 0 0 0 0 0 0 0 0 0 0 0 0 0 0 0 0 0 0 0 0 0 0 0 0 0 0 0 1 0 0 0 0 0 0 0 0 0 0 0 0]
[4905157173516261065000683024036813657688287435340564444321699172157269036818865377155808428921687995300385639815923245558872859407043526880054368381607191807881176966771986384304386584391530002780541026892359131776567496222888218423802258701877664581532529714730520526704 0 0 0 0 0 0 0 0 0 0 0 0 0 0 0 0 0 0 0 0 0 0 0 0 0 0 0 0 0 0 0 0 0 0 0 0 0 0 0 0 0 0 0 0 0 0 0 0 0 0 0 0 0 0 0 0 0 0 0 0 0 0 0 0 0 0 0 0 0 0 0 0 0 0 0 0 0 1 0 0 0 0 0 0 0 0 0 0 0]
[1521260286439853059916472886674486884629102529012426226292029380645097819046969410715351985716856360522085466337262094742243881701835606399538395006002537037769963570907482320602938526162918918136127899863723501285447191728556822378088325514856584006396032866279863236409 0 0 0 0 0 0 0 0 0 0 0 0 0 0 0 0 0 0 0 0 0 0 0 0 0 0 0 0 0 0 0 0 0 0 0 0 0 0 0 0 0 0 0 0 0 0 0 0 0 0 0 0 0 0 0 0 0 0 0 0 0 0 0 0 0 0 0 0 0 0 0 0 0 0 0 0 0 0 1 0 0 0 0 0 0 0 0 0 0]
[3232038070336127693715922126393320244519036391861583562262727038080467018706710397404589682961225403942315516963694779037594032988711103661330069797317644417479745422918669112695166769445396631590339047042747674775220158259182856357007796206673377959521509595575814347875 0 0 0 0 0 0 0 0 0 0 0 0 0 0 0 0 0 0 0 0 0 0 0 0 0 0 0 0 0 0 0 0 0 0 0 0 0 0 0 0 0 0 0 0 0 0 0 0 0 0 0 0 0 0 0 0 0 0 0 0 0 0 0 0 0 0 0 0 0 0 0 0 0 0 0 0 0 0 0 1 0 0 0 0 0 0 0 0 0]
[4901707103680521383008666029530423968429246339918426355828883179960235365411621707688350341246878093642820207130552242187111670516288083053165355317353723887970528866466535590323214042791744062361381041566858726947221664049269891879466929373385294097753212314471873238436 0 0 0 0 0 0 0 0 0 0 0 0 0 0 0 0 0 0 0 0 0 0 0 0 0 0 0 0 0 0 0 0 0 0 0 0 0 0 0 0 0 0 0 0 0 0 0 0 0 0 0 0 0 0 0 0 0 0 0 0 0 0 0 0 0 0 0 0 0 0 0 0 0 0 0 0 0 0 0 0 1 0 0 0 0 0 0 0 0]
[4508617091408029938718075653646697867586588995978532076554113482783010857003510827979214372038617785359378028303239631570380426684060909578499500260591296443784624553369462525065156393535788584526153872662998017594703769979831947415799802692382543125151037670393671908848 0 0 0 0 0 0 0 0 0 0 0 0 0 0 0 0 0 0 0 0 0 0 0 0 0 0 0 0 0 0 0 0 0 0 0 0 0 0 0 0 0 0 0 0 0 0 0 0 0 0 0 0 0 0 0 0 0 0 0 0 0 0 0 0 0 0 0 0 0 0 0 0 0 0 0 0 0 0 0 0 0 1 0 0 0 0 0 0 0]
[1100384587750487705877200034627671707318108296223536332463328913391460372322529677039006322764686732952066914769976707033574429764275665262887335569615729413996780048966060653089571800833940926216854096994840987022763708840652112880564002284646342111540243989844607042935 0 0 0 0 0 0 0 0 0 0 0 0 0 0 0 0 0 0 0 0 0 0 0 0 0 0 0 0 0 0 0 0 0 0 0 0 0 0 0 0 0 0 0 0 0 0 0 0 0 0 0 0 0 0 0 0 0 0 0 0 0 0 0 0 0 0 0 0 0 0 0 0 0 0 0 0 0 0 0 0 0 0 1 0 0 0 0 0 0]
[2529547208120420395004484498271080095971663282833445928895838273773329992006875559335202172051301120433276992777629789033823612418186683529081599084300974045834102430393325076808547209874525351801165697623634350743545277082782278222121260357374649978150154285742602947706 0 0 0 0 0 0 0 0 0 0 0 0 0 0 0 0 0 0 0 0 0 0 0 0 0 0 0 0 0 0 0 0 0 0 0 0 0 0 0 0 0 0 0 0 0 0 0 0 0 0 0 0 0 0 0 0 0 0 0 0 0 0 0 0 0 0 0 0 0 0 0 0 0 0 0 0 0 0 0 0 0 0 0 1 0 0 0 0 0]
[3029362428854550240205151892969207238489432094559668882704662320632421782147660289719366935386975224206833788850391102520480508168831025045556937151603010638294532250803994626877117081124818619573974329290004785661192350937325558233165495519974694257819351155768928574932 0 0 0 0 0 0 0 0 0 0 0 0 0 0 0 0 0 0 0 0 0 0 0 0 0 0 0 0 0 0 0 0 0 0 0 0 0 0 0 0 0 0 0 0 0 0 0 0 0 0 0 0 0 0 0 0 0 0 0 0 0 0 0 0 0 0 0 0 0 0 0 0 0 0 0 0 0 0 0 0 0 0 0 0 1 0 0 0 0]
[3133994882136940216832843880074016473764711004343030745644109811232931999592547757484225825978071551678462566602700875980756473857257240087907486713996858063985165730370504082354090358454334956897544988020646439651901518462096584198540536124619988095273465195894813714594 0 0 0 0 0 0 0 0 0 0 0 0 0 0 0 0 0 0 0 0 0 0 0 0 0 0 0 0 0 0 0 0 0 0 0 0 0 0 0 0 0 0 0 0 0 0 0 0 0 0 0 0 0 0 0 0 0 0 0 0 0 0 0 0 0 0 0 0 0 0 0 0 0 0 0 0 0 0 0 0 0 0 0 0 0 1 0 0 0]
[719326858910833629095286179967513097228331389628081088455502725866293151419835367098076737653210184725557716374632797475194581584793222565270757422451210247030827959429354168586663288459365222020185551859538792771556497463619229736631552078611611607562758250054306588950 0 0 0 0 0 0 0 0 0 0 0 0 0 0 0 0 0 0 0 0 0 0 0 0 0 0 0 0 0 0 0 0 0 0 0 0 0 0 0 0 0 0 0 0 0 0 0 0 0 0 0 0 0 0 0 0 0 0 0 0 0 0 0 0 0 0 0 0 0 0 0 0 0 0 0 0 0 0 0 0 0 0 0 0 0 0 1 0 0]
[1888296286493321623771841624301317919638557715315695507331468998180843778672104351553955178884455451233377522376230446539366474865767168853888724653718166725976503697152396315049930764829172088238660967774634130263884987125616861419537948151465044210944142944297983481108 0 0 0 0 0 0 0 0 0 0 0 0 0 0 0 0 0 0 0 0 0 0 0 0 0 0 0 0 0 0 0 0 0 0 0 0 0 0 0 0 0 0 0 0 0 0 0 0 0 0 0 0 0 0 0 0 0 0 0 0 0 0 0 0 0 0 0 0 0 0 0 0 0 0 0 0 0 0 0 0 0 0 0 0 0 0 0 1 0]
[892017377578785119825476627426628861810071075263655684839699538796887570174015823151881360838722935638193009309455788065525229818977741864687968918934810028281597362452260190647931980104965200302437348773656199641585984397879563957433122863082909784677070099470773996384 0 0 0 0 0 0 0 0 0 0 0 0 0 0 0 0 0 0 0 0 0 0 0 0 0 0 0 0 0 0 0 0 0 0 0 0 0 0 0 0 0 0 0 0 0 0 0 0 0 0 0 0 0 0 0 0 0 0 0 0 0 0 0 0 0 0 0 0 0 0 0 0 0 0 0 0 0 0 0 0 0 0 0 0 0 0 0 0 1]
]
