[[2366873463942642046331156847780011482966761407505549447817135483448264252701660157985072271305657095552035175753528494003103116828503792122691642383101 0 0 0 0 0 0 0 0 0 0 0 0 0 0 0 0 0 0 0 0 0 0 0 0 0 0 0 0 0 0 0 0 0 0 0 0 0 0 0 0 0 0 0 0 0 0 0 0 0]
[1036684383553110258489968681373028205586050404292221611259710447501849276655568474821589478796495587889295310814989073993744370407785385491519266349190 1 0 0 0 0 0 0 0 0 0 0 0 0 0 0 0 0 0 0 0 0 0 0 0 0 0 0 0 0 0 0 0 0 0 0 0 0 0 0 0 0 0 0 0 0 0 0 0 0]
[866784056456987806637711903171708066086882492552650196070766353166173036224970253024970751118386879205901289608113204351537571213539049374845668267723 0 1 0 0 0 0 0 0 0 0 0 0 0 0 0 0 0 0 0 0 0 0 0 0 0 0 0 0 0 0 0 0 0 0 0 0 0 0 0 0 0 0 0 0 0 0 0 0 0]
[255105488828619396693613574502823901359472871352139467582145719919329601196278049788770545908871939802731640417429684620151711380828225827215578178461 0 0 1 0 0 0 0 0 0 0 0 0 0 0 0 0 0 0 0 0 0 0 0 0 0 0 0 0 0 0 0 0 0 0 0 0 0 0 0 0 0 0 0 0 0 0 0 0 0]
[2251286211973969750812060207145878131872936174609324453967165152667714076770776797647485075825634395784569314039504494704203371848916284903319929169218 0 0 0 1 0 0 0 0 0 0 0 0 0 0 0 0 0 0 0 0 0 0 0 0 0 0 0 0 0 0 0 0 0 0 0 0 0 0 0 0 0 0 0 0 0 0 0 0 0]
[1898505649240961147637734247819577527587955007800286627458441352578916612986961960037189045243541487567325776907116942879114436918976960557905340127028 0 0 0 0 1 0 0 0 0 0 0 0 0 0 0 0 0 0 0 0 0 0 0 0 0 0 0 0 0 0 0 0 0 0 0 0 0 0 0 0 0 0 0 0 0 0 0 0 0]
[753775101336340197643578279112334925301728289566718001712171832665536981672007088755507499257155955334077002667403706951864339946070385392064480363976 0 0 0 0 0 1 0 0 0 0 0 0 0 0 0 0 0 0 0 0 0 0 0 0 0 0 0 0 0 0 0 0 0 0 0 0 0 0 0 0 0 0 0 0 0 0 0 0 0]
[607555054740119806676029276424223656372827466175863717649642303991751253647471342087309267555245801670525535297963933542820383504383046108047361251432 0 0 0 0 0 0 1 0 0 0 0 0 0 0 0 0 0 0 0 0 0 0 0 0 0 0 0 0 0 0 0 0 0 0 0 0 0 0 0 0 0 0 0 0 0 0 0 0 0]
[2011879539306755607975802854581240780840177628691182026560113972514262884971161775758773236085348539493115507341127952286706891801926793567829731734772 0 0 0 0 0 0 0 1 0 0 0 0 0 0 0 0 0 0 0 0 0 0 0 0 0 0 0 0 0 0 0 0 0 0 0 0 0 0 0 0 0 0 0 0 0 0 0 0 0]
[738713156816627189275654917685822542306517756478505108094686607628974197703612375215866582440085719094597439523782926471521838642843788821636802391507 0 0 0 0 0 0 0 0 1 0 0 0 0 0 0 0 0 0 0 0 0 0 0 0 0 0 0 0 0 0 0 0 0 0 0 0 0 0 0 0 0 0 0 0 0 0 0 0 0]
[1143151208766423083174976760530916262397681910117982990758317569990975261376213173577976540248835589942262981797260802854421467933478007859074982614659 0 0 0 0 0 0 0 0 0 1 0 0 0 0 0 0 0 0 0 0 0 0 0 0 0 0 0 0 0 0 0 0 0 0 0 0 0 0 0 0 0 0 0 0 0 0 0 0 0]
[1317895810169497165956898266872315064706649675558783644107140964456804377296147127160819722697209320494229950891706424821857999232942437902311811437803 0 0 0 0 0 0 0 0 0 0 1 0 0 0 0 0 0 0 0 0 0 0 0 0 0 0 0 0 0 0 0 0 0 0 0 0 0 0 0 0 0 0 0 0 0 0 0 0 0]
[44946654486913115074940478597097810248256786636490282766596378491186795948133146631675564116645671643323187157254052574594507436363475025171340923148 0 0 0 0 0 0 0 0 0 0 0 1 0 0 0 0 0 0 0 0 0 0 0 0 0 0 0 0 0 0 0 0 0 0 0 0 0 0 0 0 0 0 0 0 0 0 0 0 0]
[805075478179508672164742792680559375273516371783213333985748954274238271458364029891808922044444256962540542600416627792250984685262870105834576733576 0 0 0 0 0 0 0 0 0 0 0 0 1 0 0 0 0 0 0 0 0 0 0 0 0 0 0 0 0 0 0 0 0 0 0 0 0 0 0 0 0 0 0 0 0 0 0 0 0]
[1234300379784165837955635145130524782515555734045769273469593100140595978603267300575409970489836105892183893873559109567050887198228442691588883523561 0 0 0 0 0 0 0 0 0 0 0 0 0 1 0 0 0 0 0 0 0 0 0 0 0 0 0 0 0 0 0 0 0 0 0 0 0 0 0 0 0 0 0 0 0 0 0 0 0]
[389352061392538703832964170625485128196231542808356983509741363925864967742390614293243176187090306366621998385203347839332998654138973163072053299498 0 0 0 0 0 0 0 0 0 0 0 0 0 0 1 0 0 0 0 0 0 0 0 0 0 0 0 0 0 0 0 0 0 0 0 0 0 0 0 0 0 0 0 0 0 0 0 0 0]
[532632313238939259304017418205592675022923600149424672924269862189111788927029605560107394820969966673902211892806861387817175481091760528809681621770 0 0 0 0 0 0 0 0 0 0 0 0 0 0 0 1 0 0 0 0 0 0 0 0 0 0 0 0 0 0 0 0 0 0 0 0 0 0 0 0 0 0 0 0 0 0 0 0 0]
[1939859453794253921407046244158095374904566236196346131059908090124424446198872843968761188073163976527046567382577127634371260348800368555356415013344 0 0 0 0 0 0 0 0 0 0 0 0 0 0 0 0 1 0 0 0 0 0 0 0 0 0 0 0 0 0 0 0 0 0 0 0 0 0 0 0 0 0 0 0 0 0 0 0 0]
[829971757133343721537979624198432315750106043332683873611633617685229989322427868964412402163899169423552567617730974372239199902022730823312585211839 0 0 0 0 0 0 0 0 0 0 0 0 0 0 0 0 0 1 0 0 0 0 0 0 0 0 0 0 0 0 0 0 0 0 0 0 0 0 0 0 0 0 0 0 0 0 0 0 0]
[995495317155944746211763986775737237912960856458024265688625545268743165709516297269738357113355012584168401804836482481879259620288813936371055610613 0 0 0 0 0 0 0 0 0 0 0 0 0 0 0 0 0 0 1 0 0 0 0 0 0 0 0 0 0 0 0 0 0 0 0 0 0 0 0 0 0 0 0 0 0 0 0 0 0]
[888125129082380201810740554528555137503709145430708534364846986135044160737899424231020322089541641759748274788913833919898358203131795200766359683293 0 0 0 0 0 0 0 0 0 0 0 0 0 0 0 0 0 0 0 1 0 0 0 0 0 0 0 0 0 0 0 0 0 0 0 0 0 0 0 0 0 0 0 0 0 0 0 0 0]
[1726291592362715226686877329053247024634215691874234778276233959398079635905316980366651200772936796198070530656152103871014581648262988281875665030416 0 0 0 0 0 0 0 0 0 0 0 0 0 0 0 0 0 0 0 0 1 0 0 0 0 0 0 0 0 0 0 0 0 0 0 0 0 0 0 0 0 0 0 0 0 0 0 0 0]
[1023638873785354838367830863598084544778108740480372679605280291279796556265987245995896683170118468895711739979018781956386024621988124075656489649384 0 0 0 0 0 0 0 0 0 0 0 0 0 0 0 0 0 0 0 0 0 1 0 0 0 0 0 0 0 0 0 0 0 0 0 0 0 0 0 0 0 0 0 0 0 0 0 0 0]
[2187116692181485074554867927495214107716994311557677744459882149825477417959250872099735518462019496149468385675979191261752099247320266978812902812614 0 0 0 0 0 0 0 0 0 0 0 0 0 0 0 0 0 0 0 0 0 0 1 0 0 0 0 0 0 0 0 0 0 0 0 0 0 0 0 0 0 0 0 0 0 0 0 0 0]
[526312315813912768542402588665611456587799550422440909832263225018310934564499767893684501939686344154755134067750892255150263035624500467817034432973 0 0 0 0 0 0 0 0 0 0 0 0 0 0 0 0 0 0 0 0 0 0 0 1 0 0 0 0 0 0 0 0 0 0 0 0 0 0 0 0 0 0 0 0 0 0 0 0 0]
[1781101562514451363908371719676051821214348282845518070333097092914314518485282256254285984037804023731373568330679697812248191067340628538513332693730 0 0 0 0 0 0 0 0 0 0 0 0 0 0 0 0 0 0 0 0 0 0 0 0 1 0 0 0 0 0 0 0 0 0 0 0 0 0 0 0 0 0 0 0 0 0 0 0 0]
[1027713979914849018327957845653652522155375646130137543985409523868436128438917514308326857741154568745742741526795410958422201047986246592671135442430 0 0 0 0 0 0 0 0 0 0 0 0 0 0 0 0 0 0 0 0 0 0 0 0 0 1 0 0 0 0 0 0 0 0 0 0 0 0 0 0 0 0 0 0 0 0 0 0 0]
[303571790309744977305955432488275845642759727647986706198286146856358034281700729608180353144197320009990737436625651640587090149720333560874919760654 0 0 0 0 0 0 0 0 0 0 0 0 0 0 0 0 0 0 0 0 0 0 0 0 0 0 1 0 0 0 0 0 0 0 0 0 0 0 0 0 0 0 0 0 0 0 0 0 0]
[2311145513074167209995865891109350205429351255265390494095684335255771782390665109001017439034232881962378625141198885313230646764012967028831379208010 0 0 0 0 0 0 0 0 0 0 0 0 0 0 0 0 0 0 0 0 0 0 0 0 0 0 0 1 0 0 0 0 0 0 0 0 0 0 0 0 0 0 0 0 0 0 0 0 0]
[1246464459025214413343142537816982009360625991913384220588456373413596223994993107156872166465556632139173454924467127676412232950371409346384893531784 0 0 0 0 0 0 0 0 0 0 0 0 0 0 0 0 0 0 0 0 0 0 0 0 0 0 0 0 1 0 0 0 0 0 0 0 0 0 0 0 0 0 0 0 0 0 0 0 0]
[1809662665897860926688966770788372079076269688779087336533388754011336301354334202944730289518306316082402740117947399659215888621020376866864524808020 0 0 0 0 0 0 0 0 0 0 0 0 0 0 0 0 0 0 0 0 0 0 0 0 0 0 0 0 0 1 0 0 0 0 0 0 0 0 0 0 0 0 0 0 0 0 0 0 0]
[1117396904261940976183749160291948093929788409618629384386655032831472686096004708723260342167257830286951245395253729970626941378171892637691287694458 0 0 0 0 0 0 0 0 0 0 0 0 0 0 0 0 0 0 0 0 0 0 0 0 0 0 0 0 0 0 1 0 0 0 0 0 0 0 0 0 0 0 0 0 0 0 0 0 0]
[1137364755184148025568936057460986468442896910331933962145845236278413328691390153457747696350257955282962190332367417833461870520709133621876580664765 0 0 0 0 0 0 0 0 0 0 0 0 0 0 0 0 0 0 0 0 0 0 0 0 0 0 0 0 0 0 0 1 0 0 0 0 0 0 0 0 0 0 0 0 0 0 0 0 0]
[1449894723452150984447371704016889960857560868603577934770917296619257808029825205960339327175143532747503834746819073606914720284524147373716238345403 0 0 0 0 0 0 0 0 0 0 0 0 0 0 0 0 0 0 0 0 0 0 0 0 0 0 0 0 0 0 0 0 1 0 0 0 0 0 0 0 0 0 0 0 0 0 0 0 0]
[2275052431991102634693328634260073789930058834350368840826336124587786447274897409167141116230851458720178700490841963053798611652689028252199010755108 0 0 0 0 0 0 0 0 0 0 0 0 0 0 0 0 0 0 0 0 0 0 0 0 0 0 0 0 0 0 0 0 0 1 0 0 0 0 0 0 0 0 0 0 0 0 0 0 0]
[881859663862225981202995253040481361710970851751969541692863118217659268305265491779033705062224945153400140643236414839855034427258579350018445153428 0 0 0 0 0 0 0 0 0 0 0 0 0 0 0 0 0 0 0 0 0 0 0 0 0 0 0 0 0 0 0 0 0 0 1 0 0 0 0 0 0 0 0 0 0 0 0 0 0]
[2157981982788960720537760256426912499548154089504825803434424461309983335755315609736670621142276210948654826227817798655561167528530781548817911209714 0 0 0 0 0 0 0 0 0 0 0 0 0 0 0 0 0 0 0 0 0 0 0 0 0 0 0 0 0 0 0 0 0 0 0 1 0 0 0 0 0 0 0 0 0 0 0 0 0]
[439393767136767977728544012909668313744641116852753641942611925374675376403877997662826260323171164182159575873773250359595297881586706558348084229486 0 0 0 0 0 0 0 0 0 0 0 0 0 0 0 0 0 0 0 0 0 0 0 0 0 0 0 0 0 0 0 0 0 0 0 0 1 0 0 0 0 0 0 0 0 0 0 0 0]
[954901692610787980144658602504288301612111750196779713778011190201828143846728330883263687435116540200187509084407384802422780677276364556931588653235 0 0 0 0 0 0 0 0 0 0 0 0 0 0 0 0 0 0 0 0 0 0 0 0 0 0 0 0 0 0 0 0 0 0 0 0 0 1 0 0 0 0 0 0 0 0 0 0 0]
[791686171307007714029474341466396226829926248289490534521331861676876662710243620397522103303131842846519597725330267178204348205545741304108728929705 0 0 0 0 0 0 0 0 0 0 0 0 0 0 0 0 0 0 0 0 0 0 0 0 0 0 0 0 0 0 0 0 0 0 0 0 0 0 1 0 0 0 0 0 0 0 0 0 0]
[1783288354806749428127925467532084062547898141371732002036252777978404106239011263340290185790131070569509161392265232738879861234120957226886809491205 0 0 0 0 0 0 0 0 0 0 0 0 0 0 0 0 0 0 0 0 0 0 0 0 0 0 0 0 0 0 0 0 0 0 0 0 0 0 0 1 0 0 0 0 0 0 0 0 0]
[528822423370924671010587414695962512185403770534430145099872682635623805695976495631005617840671792889818848739603973416422884262603624820470399826157 0 0 0 0 0 0 0 0 0 0 0 0 0 0 0 0 0 0 0 0 0 0 0 0 0 0 0 0 0 0 0 0 0 0 0 0 0 0 0 0 1 0 0 0 0 0 0 0 0]
[2122463463550453579382578572627259342340235333961806696494448346106743367364110339356858698919278559814927256367897249834516462968563462892882324650044 0 0 0 0 0 0 0 0 0 0 0 0 0 0 0 0 0 0 0 0 0 0 0 0 0 0 0 0 0 0 0 0 0 0 0 0 0 0 0 0 0 1 0 0 0 0 0 0 0]
[1849441117668774264749871492681775524591255107437371022137477267415314965800201224061492393845533693055439185540398281715422095844239620333908211472347 0 0 0 0 0 0 0 0 0 0 0 0 0 0 0 0 0 0 0 0 0 0 0 0 0 0 0 0 0 0 0 0 0 0 0 0 0 0 0 0 0 0 1 0 0 0 0 0 0]
[1026221846053852366894432243583318037993338584921598834062568277801005266565368437716506756464545313062425940592468319479167825287634281391835569123285 0 0 0 0 0 0 0 0 0 0 0 0 0 0 0 0 0 0 0 0 0 0 0 0 0 0 0 0 0 0 0 0 0 0 0 0 0 0 0 0 0 0 0 1 0 0 0 0 0]
[1261609560565611562820206537342497051881348224373305233043378953803826361632966593740990595419262636234651347387522476709593100036836645322675533058971 0 0 0 0 0 0 0 0 0 0 0 0 0 0 0 0 0 0 0 0 0 0 0 0 0 0 0 0 0 0 0 0 0 0 0 0 0 0 0 0 0 0 0 0 1 0 0 0 0]
[1360061409864054322644787812035259027811795920552105827107126280969623241972362033242991182240348716027552215593142044549997474453229408886851679238729 0 0 0 0 0 0 0 0 0 0 0 0 0 0 0 0 0 0 0 0 0 0 0 0 0 0 0 0 0 0 0 0 0 0 0 0 0 0 0 0 0 0 0 0 0 1 0 0 0]
[1563753333854323502384737328902444725416131162882831260805170652968788856613863519267407123445184995590668265641635880945714294447141076846713021174522 0 0 0 0 0 0 0 0 0 0 0 0 0 0 0 0 0 0 0 0 0 0 0 0 0 0 0 0 0 0 0 0 0 0 0 0 0 0 0 0 0 0 0 0 0 0 1 0 0]
[754960670666470401441003199976585068331167904999580909515443021280376072167656170337477783862541691506086522452846783749325707196167655076980854381817 0 0 0 0 0 0 0 0 0 0 0 0 0 0 0 0 0 0 0 0 0 0 0 0 0 0 0 0 0 0 0 0 0 0 0 0 0 0 0 0 0 0 0 0 0 0 0 1 0]
[1099083181336568131634176731642093013619999041736704044875938600151794637442288596054587414365083469513319749170769033686161690772814138404353324179739 0 0 0 0 0 0 0 0 0 0 0 0 0 0 0 0 0 0 0 0 0 0 0 0 0 0 0 0 0 0 0 0 0 0 0 0 0 0 0 0 0 0 0 0 0 0 0 0 1]
]
