[[3176982038001065076254022688171365216003591133049368546186571998441494926246398916513381773297740325108814219547450415992496899125316701403674989469323 0 0 0 0 0 0 0 0 0 0 0 0 0 0 0 0 0 0 0 0 0 0 0 0 0 0 0 0 0 0 0 0 0 0 0 0 0 0 0 0 0 0 0 0 0 0 0 0 0]
[832132177919776027775939042907667361830880925401274071237669405390642754793108708119602241173379941404959614710393994296115124195146268427886678806994 1 0 0 0 0 0 0 0 0 0 0 0 0 0 0 0 0 0 0 0 0 0 0 0 0 0 0 0 0 0 0 0 0 0 0 0 0 0 0 0 0 0 0 0 0 0 0 0 0]
[81057082187240864792967287246054542620157832417410234805748366341943821053601592965782443572739140171747925933650775534210601411659657592405117948137 0 1 0 0 0 0 0 0 0 0 0 0 0 0 0 0 0 0 0 0 0 0 0 0 0 0 0 0 0 0 0 0 0 0 0 0 0 0 0 0 0 0 0 0 0 0 0 0 0]
[1388413350646740727075272527645310124265297447953093239486167764000485763620902581881302487213006031135405359834343690806182327493864403531981926101950 0 0 1 0 0 0 0 0 0 0 0 0 0 0 0 0 0 0 0 0 0 0 0 0 0 0 0 0 0 0 0 0 0 0 0 0 0 0 0 0 0 0 0 0 0 0 0 0 0]
[2006846876876518662001787178987018243697262594728582491186549389888377851495117771052938523622446339531846802560939213273000074000022071036199018940628 0 0 0 1 0 0 0 0 0 0 0 0 0 0 0 0 0 0 0 0 0 0 0 0 0 0 0 0 0 0 0 0 0 0 0 0 0 0 0 0 0 0 0 0 0 0 0 0 0]
[1993288697915621212530881544527282198803540534447551698525849448002112658173467634266418937419998000768679753380334263273034395091274736669862922290239 0 0 0 0 1 0 0 0 0 0 0 0 0 0 0 0 0 0 0 0 0 0 0 0 0 0 0 0 0 0 0 0 0 0 0 0 0 0 0 0 0 0 0 0 0 0 0 0 0]
[466112593177747353663940212685370878165882531680778985971813200411392554329979649965276390180823966974452067087808310177124630507630004581607760954837 0 0 0 0 0 1 0 0 0 0 0 0 0 0 0 0 0 0 0 0 0 0 0 0 0 0 0 0 0 0 0 0 0 0 0 0 0 0 0 0 0 0 0 0 0 0 0 0 0]
[3043492505444387873517035948921670025939608222765172836314965535586003115103169285372696675876521663183300961043021314541439238931644777533780801418090 0 0 0 0 0 0 1 0 0 0 0 0 0 0 0 0 0 0 0 0 0 0 0 0 0 0 0 0 0 0 0 0 0 0 0 0 0 0 0 0 0 0 0 0 0 0 0 0 0]
[919351696626878272186349965264943787387465910587822124040422505063575880742211723541912516407188981992999527651036036412273504162526719200476474921714 0 0 0 0 0 0 0 1 0 0 0 0 0 0 0 0 0 0 0 0 0 0 0 0 0 0 0 0 0 0 0 0 0 0 0 0 0 0 0 0 0 0 0 0 0 0 0 0 0]
[291573398663325698225111488277364181713506233637406984123548505083042390129285872179624398523741314171725900393457740659030516345423419491310236952831 0 0 0 0 0 0 0 0 1 0 0 0 0 0 0 0 0 0 0 0 0 0 0 0 0 0 0 0 0 0 0 0 0 0 0 0 0 0 0 0 0 0 0 0 0 0 0 0 0]
[3011443037021981311013581071102876576732405673753791300155022277697249117604124368042751521246511765677750251011188403190987426899377788413181708093881 0 0 0 0 0 0 0 0 0 1 0 0 0 0 0 0 0 0 0 0 0 0 0 0 0 0 0 0 0 0 0 0 0 0 0 0 0 0 0 0 0 0 0 0 0 0 0 0 0]
[925945464265997225564288083143062735192448178352318236692649754670246852324465025994741288834575401069430218151684063360540382253311388955298540176308 0 0 0 0 0 0 0 0 0 0 1 0 0 0 0 0 0 0 0 0 0 0 0 0 0 0 0 0 0 0 0 0 0 0 0 0 0 0 0 0 0 0 0 0 0 0 0 0 0]
[1302745504842134044119037937491139372478829642032145168110711491731570532593500340359246280553388021626513645359534279280337080736800491975427532110065 0 0 0 0 0 0 0 0 0 0 0 1 0 0 0 0 0 0 0 0 0 0 0 0 0 0 0 0 0 0 0 0 0 0 0 0 0 0 0 0 0 0 0 0 0 0 0 0 0]
[1191639374873466992219921763702289553416544880310112356419868591405832553533053456443181660027947504932905980837723734879003609718780832939961186716829 0 0 0 0 0 0 0 0 0 0 0 0 1 0 0 0 0 0 0 0 0 0 0 0 0 0 0 0 0 0 0 0 0 0 0 0 0 0 0 0 0 0 0 0 0 0 0 0 0]
[386927043744219688246823227500362858145874689309939892213888770536528003724344471067558360711612454905018262232103689168069283890146804953297082713464 0 0 0 0 0 0 0 0 0 0 0 0 0 1 0 0 0 0 0 0 0 0 0 0 0 0 0 0 0 0 0 0 0 0 0 0 0 0 0 0 0 0 0 0 0 0 0 0 0]
[1745103609657284130181554451818154581624545066302912510720563000188973036777442984875090341875506968604301359100834973016674379869443075203207843307193 0 0 0 0 0 0 0 0 0 0 0 0 0 0 1 0 0 0 0 0 0 0 0 0 0 0 0 0 0 0 0 0 0 0 0 0 0 0 0 0 0 0 0 0 0 0 0 0 0]
[2314252070860945810918571470702607988132888104169209846992130069429571262818829968565770195395385265592135488617604348878308525638322456518356076042142 0 0 0 0 0 0 0 0 0 0 0 0 0 0 0 1 0 0 0 0 0 0 0 0 0 0 0 0 0 0 0 0 0 0 0 0 0 0 0 0 0 0 0 0 0 0 0 0 0]
[1867897755988242838841640639859385327583028393720575469470950578533910065474113444543043273847862067455826997052710676992343712048607412041738733210680 0 0 0 0 0 0 0 0 0 0 0 0 0 0 0 0 1 0 0 0 0 0 0 0 0 0 0 0 0 0 0 0 0 0 0 0 0 0 0 0 0 0 0 0 0 0 0 0 0]
[1660564882369413674208502854035437536080934651220510852576440991881105532234037182947187504743808171803573273003118954916809144299022979608984666701475 0 0 0 0 0 0 0 0 0 0 0 0 0 0 0 0 0 1 0 0 0 0 0 0 0 0 0 0 0 0 0 0 0 0 0 0 0 0 0 0 0 0 0 0 0 0 0 0 0]
[2796099564480161233728599632461540521491132993287094264855199102358095265966630499174302397702362449995340096631531747362298759184915877415294798753631 0 0 0 0 0 0 0 0 0 0 0 0 0 0 0 0 0 0 1 0 0 0 0 0 0 0 0 0 0 0 0 0 0 0 0 0 0 0 0 0 0 0 0 0 0 0 0 0 0]
[2531506950807852601301662741565499155296457629492764994238090640970980646222570872460009068408470492508408907519599882418364449038716093089975737165698 0 0 0 0 0 0 0 0 0 0 0 0 0 0 0 0 0 0 0 1 0 0 0 0 0 0 0 0 0 0 0 0 0 0 0 0 0 0 0 0 0 0 0 0 0 0 0 0 0]
[2004014529327254659617245596059059285830372558408887045040215683748798809533596236810178334987140879214722534981794165993676420628708691146737608632565 0 0 0 0 0 0 0 0 0 0 0 0 0 0 0 0 0 0 0 0 1 0 0 0 0 0 0 0 0 0 0 0 0 0 0 0 0 0 0 0 0 0 0 0 0 0 0 0 0]
[1834178883696749692593296915730848302329661562461542951338771911664189218043443001935815140424870550961162469328892813473319175490377174395755574599581 0 0 0 0 0 0 0 0 0 0 0 0 0 0 0 0 0 0 0 0 0 1 0 0 0 0 0 0 0 0 0 0 0 0 0 0 0 0 0 0 0 0 0 0 0 0 0 0 0]
[1798207814364381210069161085279244346189026484747905116606211699653285316707828239964864844725842265018557649104758408297039437717039471265485811845656 0 0 0 0 0 0 0 0 0 0 0 0 0 0 0 0 0 0 0 0 0 0 1 0 0 0 0 0 0 0 0 0 0 0 0 0 0 0 0 0 0 0 0 0 0 0 0 0 0]
[3155947963383706558913238431700182409126618442263557687359060302538943851348353405823787562365554234400714609705594638805929695073874540038613014307931 0 0 0 0 0 0 0 0 0 0 0 0 0 0 0 0 0 0 0 0 0 0 0 1 0 0 0 0 0 0 0 0 0 0 0 0 0 0 0 0 0 0 0 0 0 0 0 0 0]
[2103420555536914293801090566312489132913315144351433943052087776398174225285407745030280079435138888911910056093828349251637811155002886300351650691296 0 0 0 0 0 0 0 0 0 0 0 0 0 0 0 0 0 0 0 0 0 0 0 0 1 0 0 0 0 0 0 0 0 0 0 0 0 0 0 0 0 0 0 0 0 0 0 0 0]
[2736794804877854588458401459323688373695202846080302583791922762324156001240471733000959866956421758255550157534385202004413475717415694527115352283602 0 0 0 0 0 0 0 0 0 0 0 0 0 0 0 0 0 0 0 0 0 0 0 0 0 1 0 0 0 0 0 0 0 0 0 0 0 0 0 0 0 0 0 0 0 0 0 0 0]
[1731323469854661175961632374469756921941150240278845050440979368465808313518923060135602609554677335509071558331815871286389235267160060521746198833212 0 0 0 0 0 0 0 0 0 0 0 0 0 0 0 0 0 0 0 0 0 0 0 0 0 0 1 0 0 0 0 0 0 0 0 0 0 0 0 0 0 0 0 0 0 0 0 0 0]
[847475046381641905481171689553040722952834019920424636832358786744666603704585548927947390426227888913884854645268258011020632012879943851573596250409 0 0 0 0 0 0 0 0 0 0 0 0 0 0 0 0 0 0 0 0 0 0 0 0 0 0 0 1 0 0 0 0 0 0 0 0 0 0 0 0 0 0 0 0 0 0 0 0 0]
[1854445338610129460292093243128736558484438184945429644341280553534235416608043962963232304880704966575362105591884054631215193052607751691284523939966 0 0 0 0 0 0 0 0 0 0 0 0 0 0 0 0 0 0 0 0 0 0 0 0 0 0 0 0 1 0 0 0 0 0 0 0 0 0 0 0 0 0 0 0 0 0 0 0 0]
[992718007180499223997696517554162393484710288463606250162081186072208376995573501128372080445957361971759331384200045085955500009301580571040310608502 0 0 0 0 0 0 0 0 0 0 0 0 0 0 0 0 0 0 0 0 0 0 0 0 0 0 0 0 0 1 0 0 0 0 0 0 0 0 0 0 0 0 0 0 0 0 0 0 0]
[2870477277513790654891011507134592137280670221616672315182055362314692118091598419531679346914160794615028909491250971389003774123170331546002707303901 0 0 0 0 0 0 0 0 0 0 0 0 0 0 0 0 0 0 0 0 0 0 0 0 0 0 0 0 0 0 1 0 0 0 0 0 0 0 0 0 0 0 0 0 0 0 0 0 0]
[3043943866091710685354200531070035964887747856751372672654085346587549396182369405405271792966715556723337782915396495417080673756271288912248103309792 0 0 0 0 0 0 0 0 0 0 0 0 0 0 0 0 0 0 0 0 0 0 0 0 0 0 0 0 0 0 0 1 0 0 0 0 0 0 0 0 0 0 0 0 0 0 0 0 0]
[1914624647693615009536605153721990139421244633925864252890529071108141291999680020390303196166629936297831855017144011258181288724328328485998781876826 0 0 0 0 0 0 0 0 0 0 0 0 0 0 0 0 0 0 0 0 0 0 0 0 0 0 0 0 0 0 0 0 1 0 0 0 0 0 0 0 0 0 0 0 0 0 0 0 0]
[451074824082038888856234036047319310559537947759365166707154937909298923614595729398153208141972479944131210818122498768026354504771616949068831073326 0 0 0 0 0 0 0 0 0 0 0 0 0 0 0 0 0 0 0 0 0 0 0 0 0 0 0 0 0 0 0 0 0 1 0 0 0 0 0 0 0 0 0 0 0 0 0 0 0]
[832046937168428975646812093538770079366531799782382178194519655132170090015398678085050069432618082709009883235309461242590830437885805208598804416354 0 0 0 0 0 0 0 0 0 0 0 0 0 0 0 0 0 0 0 0 0 0 0 0 0 0 0 0 0 0 0 0 0 0 1 0 0 0 0 0 0 0 0 0 0 0 0 0 0]
[867893967116593094297130572599077801175718958682197900437007345822729044532416722584695703148684416052849480234556792655718876350221844689257286753034 0 0 0 0 0 0 0 0 0 0 0 0 0 0 0 0 0 0 0 0 0 0 0 0 0 0 0 0 0 0 0 0 0 0 0 1 0 0 0 0 0 0 0 0 0 0 0 0 0]
[2814405777250592044973664392361706623703998280132022797051636498105513432484880538156568740477469479438863148669924975598706956631764285061507106906722 0 0 0 0 0 0 0 0 0 0 0 0 0 0 0 0 0 0 0 0 0 0 0 0 0 0 0 0 0 0 0 0 0 0 0 0 1 0 0 0 0 0 0 0 0 0 0 0 0]
[1798103204578469707073465865090227469252197580550938788071791312044558753021439787060765210261364166517946506124689867858933884636502294389417507678448 0 0 0 0 0 0 0 0 0 0 0 0 0 0 0 0 0 0 0 0 0 0 0 0 0 0 0 0 0 0 0 0 0 0 0 0 0 1 0 0 0 0 0 0 0 0 0 0 0]
[205600298212998376104903583135244174100793215686105030076569649104206062435380519511051031383033888411033065169742343931932503211604396682970146361893 0 0 0 0 0 0 0 0 0 0 0 0 0 0 0 0 0 0 0 0 0 0 0 0 0 0 0 0 0 0 0 0 0 0 0 0 0 0 1 0 0 0 0 0 0 0 0 0 0]
[2858548209899606990912947395545515620841491826435367513360848117270074906551449231858219894401626878718738159492571565111443580722395219296295954469707 0 0 0 0 0 0 0 0 0 0 0 0 0 0 0 0 0 0 0 0 0 0 0 0 0 0 0 0 0 0 0 0 0 0 0 0 0 0 0 1 0 0 0 0 0 0 0 0 0]
[647041772299559322543485579350332941839347995997206648460418574175411247961962626060507687581350923873474474326344885038768918563660761017769115029472 0 0 0 0 0 0 0 0 0 0 0 0 0 0 0 0 0 0 0 0 0 0 0 0 0 0 0 0 0 0 0 0 0 0 0 0 0 0 0 0 1 0 0 0 0 0 0 0 0]
[1213829911314013578940914713330732767170259922779877646780555292145681554607353629421866460142861464479074749317653691374425877389932818636354455435063 0 0 0 0 0 0 0 0 0 0 0 0 0 0 0 0 0 0 0 0 0 0 0 0 0 0 0 0 0 0 0 0 0 0 0 0 0 0 0 0 0 1 0 0 0 0 0 0 0]
[616782315349799025612903423886545547342836610104827196640493977720396304873476461079630277357560256301447481054389430016808263537475218593789112165375 0 0 0 0 0 0 0 0 0 0 0 0 0 0 0 0 0 0 0 0 0 0 0 0 0 0 0 0 0 0 0 0 0 0 0 0 0 0 0 0 0 0 1 0 0 0 0 0 0]
[1909994354039087225852719838198108559671238551146544951578914854684610488758931751353527647575245738087411755593890303616429002541113181459817699284104 0 0 0 0 0 0 0 0 0 0 0 0 0 0 0 0 0 0 0 0 0 0 0 0 0 0 0 0 0 0 0 0 0 0 0 0 0 0 0 0 0 0 0 1 0 0 0 0 0]
[2523575971200954069812755845844820045660552918815033289914264288253550702076585225912298898357708179111335318741501061683964787860893733752192375886223 0 0 0 0 0 0 0 0 0 0 0 0 0 0 0 0 0 0 0 0 0 0 0 0 0 0 0 0 0 0 0 0 0 0 0 0 0 0 0 0 0 0 0 0 1 0 0 0 0]
[1247608793030763726332360905203743396971836277761596017411955814912335571403524336497076059309763847266622033619576942505584926578761806992613056815411 0 0 0 0 0 0 0 0 0 0 0 0 0 0 0 0 0 0 0 0 0 0 0 0 0 0 0 0 0 0 0 0 0 0 0 0 0 0 0 0 0 0 0 0 0 1 0 0 0]
[746531176204089263457814515001863788078180219972416540531723347098747994672449997378335956120692012529312205407554767684818368856213712103637985847262 0 0 0 0 0 0 0 0 0 0 0 0 0 0 0 0 0 0 0 0 0 0 0 0 0 0 0 0 0 0 0 0 0 0 0 0 0 0 0 0 0 0 0 0 0 0 1 0 0]
[1254479901356992666439236804011552361200055315886707095238653442882882164514825585872398578106257155402476601740132246412772280308004894852673905486096 0 0 0 0 0 0 0 0 0 0 0 0 0 0 0 0 0 0 0 0 0 0 0 0 0 0 0 0 0 0 0 0 0 0 0 0 0 0 0 0 0 0 0 0 0 0 0 1 0]
[1562420287740997971632957948239215553793886381347195265988956839541330884238980140921054878123618027872217668372510350143120620904937785021203044998312 0 0 0 0 0 0 0 0 0 0 0 0 0 0 0 0 0 0 0 0 0 0 0 0 0 0 0 0 0 0 0 0 0 0 0 0 0 0 0 0 0 0 0 0 0 0 0 0 1]
]
