[[2283832612651360877543796535432849000029984014589467815954649397576647603592196912587898705962200996229597816076746082552049784765936640958125543120937 0 0 0 0 0 0 0 0 0 0 0 0 0 0 0 0 0 0 0 0 0 0 0 0 0 0 0 0 0 0 0 0 0 0 0 0 0 0 0 0 0 0 0 0 0 0 0 0 0]
[695515770386599572106608309822413233511775015880857455612837877307208992016896120854431236677425501036662529401289187014536297178573378857655745745101 1 0 0 0 0 0 0 0 0 0 0 0 0 0 0 0 0 0 0 0 0 0 0 0 0 0 0 0 0 0 0 0 0 0 0 0 0 0 0 0 0 0 0 0 0 0 0 0 0]
[607408236238729530213265610122315673866895404684442622872172533304707093023698087039911187056901571730907107906725866847567714308014313757896462988665 0 1 0 0 0 0 0 0 0 0 0 0 0 0 0 0 0 0 0 0 0 0 0 0 0 0 0 0 0 0 0 0 0 0 0 0 0 0 0 0 0 0 0 0 0 0 0 0 0]
[240188992338690350564204156955239168980823526134947257553396146703317997445453499379353974266803967394187466684885559093477100642251495881016454216627 0 0 1 0 0 0 0 0 0 0 0 0 0 0 0 0 0 0 0 0 0 0 0 0 0 0 0 0 0 0 0 0 0 0 0 0 0 0 0 0 0 0 0 0 0 0 0 0 0]
[1016471964777406831422758383160806240306032335492496497287125801757015632238313277950267660350376420088036930423349138523081833431159694592800233858207 0 0 0 1 0 0 0 0 0 0 0 0 0 0 0 0 0 0 0 0 0 0 0 0 0 0 0 0 0 0 0 0 0 0 0 0 0 0 0 0 0 0 0 0 0 0 0 0 0]
[52358230677276403409023463671435254135130660842209735305482926534954774860261480044382223781601639350585299084881640173744477995153571409878105033036 0 0 0 0 1 0 0 0 0 0 0 0 0 0 0 0 0 0 0 0 0 0 0 0 0 0 0 0 0 0 0 0 0 0 0 0 0 0 0 0 0 0 0 0 0 0 0 0 0]
[350314855726091271965994427233192234839088273330645104798920394642548631268208704083879969705901373204564538242230035608710241890059198062489678370425 0 0 0 0 0 1 0 0 0 0 0 0 0 0 0 0 0 0 0 0 0 0 0 0 0 0 0 0 0 0 0 0 0 0 0 0 0 0 0 0 0 0 0 0 0 0 0 0 0]
[591144822034463120300216628948640960543671925129552766343376414513917710547532298068544471491382324446905225755679836584246395092036645175814861825718 0 0 0 0 0 0 1 0 0 0 0 0 0 0 0 0 0 0 0 0 0 0 0 0 0 0 0 0 0 0 0 0 0 0 0 0 0 0 0 0 0 0 0 0 0 0 0 0 0]
[669718943979823045211322785958426703589086515286847026552457433931307966488823567087064475828469511881243566078814076336099445674855483058851669718424 0 0 0 0 0 0 0 1 0 0 0 0 0 0 0 0 0 0 0 0 0 0 0 0 0 0 0 0 0 0 0 0 0 0 0 0 0 0 0 0 0 0 0 0 0 0 0 0 0]
[1636824362189655841189310077628175745330057834461848593627679368677489813198409736238833679899610890029504656139256437278776141984041778637009791652584 0 0 0 0 0 0 0 0 1 0 0 0 0 0 0 0 0 0 0 0 0 0 0 0 0 0 0 0 0 0 0 0 0 0 0 0 0 0 0 0 0 0 0 0 0 0 0 0 0]
[1888033287351877843236953963468395575642150863925664681641616800431700854602537171224630909062098996978821978175575019731058904466567640562032751870383 0 0 0 0 0 0 0 0 0 1 0 0 0 0 0 0 0 0 0 0 0 0 0 0 0 0 0 0 0 0 0 0 0 0 0 0 0 0 0 0 0 0 0 0 0 0 0 0 0]
[172223982877317332287206974679104637423812059828349686860922983501938002350209504919080002879214614869427992858074311963610137601672426245743739361670 0 0 0 0 0 0 0 0 0 0 1 0 0 0 0 0 0 0 0 0 0 0 0 0 0 0 0 0 0 0 0 0 0 0 0 0 0 0 0 0 0 0 0 0 0 0 0 0 0]
[1636150602127545665784391083556911009618463674508901681871836344469843036062078494135320237324671851620265315344433569565712345174438160883574003412390 0 0 0 0 0 0 0 0 0 0 0 1 0 0 0 0 0 0 0 0 0 0 0 0 0 0 0 0 0 0 0 0 0 0 0 0 0 0 0 0 0 0 0 0 0 0 0 0 0]
[1725101415352873376041693924734038392552915357388889554497259048551589143737521813340912537490662402021713151732846593976663103538037970112069170641933 0 0 0 0 0 0 0 0 0 0 0 0 1 0 0 0 0 0 0 0 0 0 0 0 0 0 0 0 0 0 0 0 0 0 0 0 0 0 0 0 0 0 0 0 0 0 0 0 0]
[292225111325443013468840573490371165864249047780219811037201265682207092183234164796555541269733168514389242015751080682547066529202857580810978494947 0 0 0 0 0 0 0 0 0 0 0 0 0 1 0 0 0 0 0 0 0 0 0 0 0 0 0 0 0 0 0 0 0 0 0 0 0 0 0 0 0 0 0 0 0 0 0 0 0]
[1867893169593944122616056677272999200422860245382948841733809625480652053331625348324175362944217301055624679496633088986939333506310586859293282994732 0 0 0 0 0 0 0 0 0 0 0 0 0 0 1 0 0 0 0 0 0 0 0 0 0 0 0 0 0 0 0 0 0 0 0 0 0 0 0 0 0 0 0 0 0 0 0 0 0]
[1152875951952683975870465156486087801905600198079611741191079484084109950405379599064346771348770964078690620227499429908939781644930607957094362206786 0 0 0 0 0 0 0 0 0 0 0 0 0 0 0 1 0 0 0 0 0 0 0 0 0 0 0 0 0 0 0 0 0 0 0 0 0 0 0 0 0 0 0 0 0 0 0 0 0]
[50455037552383451276410842046595404739368464133990597876138888594624898146182190281698107984767448719625265377847781548048884551594624159297832768448 0 0 0 0 0 0 0 0 0 0 0 0 0 0 0 0 1 0 0 0 0 0 0 0 0 0 0 0 0 0 0 0 0 0 0 0 0 0 0 0 0 0 0 0 0 0 0 0 0]
[1902965889393794798994356178604052466283260429087055798363374604951537249154949974862668119045290421378967866861403478984961719001577552136544165194939 0 0 0 0 0 0 0 0 0 0 0 0 0 0 0 0 0 1 0 0 0 0 0 0 0 0 0 0 0 0 0 0 0 0 0 0 0 0 0 0 0 0 0 0 0 0 0 0 0]
[1824182127974259425430074008730624861309541120969876092603480440019791681597199291449748172114570464979747189830904732759435218700440709889118741666230 0 0 0 0 0 0 0 0 0 0 0 0 0 0 0 0 0 0 1 0 0 0 0 0 0 0 0 0 0 0 0 0 0 0 0 0 0 0 0 0 0 0 0 0 0 0 0 0 0]
[68278997016079251831141362706521382288136291665634541611695971304482061083035350173628846801704034048733611707990058826681301918323967475883675570550 0 0 0 0 0 0 0 0 0 0 0 0 0 0 0 0 0 0 0 1 0 0 0 0 0 0 0 0 0 0 0 0 0 0 0 0 0 0 0 0 0 0 0 0 0 0 0 0 0]
[1464554309899737492492994654462095404152779278111520118900018696051771376916589517893589217676439712310012811663338040503785172620616063898259320187450 0 0 0 0 0 0 0 0 0 0 0 0 0 0 0 0 0 0 0 0 1 0 0 0 0 0 0 0 0 0 0 0 0 0 0 0 0 0 0 0 0 0 0 0 0 0 0 0 0]
[18973551098386397458486667729610746996344280889879927123782316503894738806279051707182908554762938245727945473079754917142058038047836765030142835210 0 0 0 0 0 0 0 0 0 0 0 0 0 0 0 0 0 0 0 0 0 1 0 0 0 0 0 0 0 0 0 0 0 0 0 0 0 0 0 0 0 0 0 0 0 0 0 0 0]
[1648778921137453797342280226440180108127996383240501396713936573705289974742236358614824948263299203791841012099752300007492558925885738151471411438004 0 0 0 0 0 0 0 0 0 0 0 0 0 0 0 0 0 0 0 0 0 0 1 0 0 0 0 0 0 0 0 0 0 0 0 0 0 0 0 0 0 0 0 0 0 0 0 0 0]
[1313838770951782421721486311526987564801025624087649110923110236527317450032000801216893464616271928588899691739731838642468091304480847778515163674814 0 0 0 0 0 0 0 0 0 0 0 0 0 0 0 0 0 0 0 0 0 0 0 1 0 0 0 0 0 0 0 0 0 0 0 0 0 0 0 0 0 0 0 0 0 0 0 0 0]
[1500630874319187424944680816445545831475167577843322860320238499605189307566673526277984983304097929033703083729237613995872433442108583632485010103483 0 0 0 0 0 0 0 0 0 0 0 0 0 0 0 0 0 0 0 0 0 0 0 0 1 0 0 0 0 0 0 0 0 0 0 0 0 0 0 0 0 0 0 0 0 0 0 0 0]
[1166661363301574714420515727048483559991771665900043073560263027496818073884938658854609899438334633472908643316122928604715496260963359161886389404744 0 0 0 0 0 0 0 0 0 0 0 0 0 0 0 0 0 0 0 0 0 0 0 0 0 1 0 0 0 0 0 0 0 0 0 0 0 0 0 0 0 0 0 0 0 0 0 0 0]
[1947097190864885737172651574108477410376274210295581328400855779687782388120292064035231461294729519247332691047044493086347194462289654738994727709560 0 0 0 0 0 0 0 0 0 0 0 0 0 0 0 0 0 0 0 0 0 0 0 0 0 0 1 0 0 0 0 0 0 0 0 0 0 0 0 0 0 0 0 0 0 0 0 0 0]
[868932785285595450784709510737867342417503820925732528964075375153077116652122710877742572658107959572189363709898251289856214920759814545383792225228 0 0 0 0 0 0 0 0 0 0 0 0 0 0 0 0 0 0 0 0 0 0 0 0 0 0 0 1 0 0 0 0 0 0 0 0 0 0 0 0 0 0 0 0 0 0 0 0 0]
[2065453937806127898474309617233915486514802505900801329672817987928722368068083195276083229563872350398255936835688588113678746170921087162993271722569 0 0 0 0 0 0 0 0 0 0 0 0 0 0 0 0 0 0 0 0 0 0 0 0 0 0 0 0 1 0 0 0 0 0 0 0 0 0 0 0 0 0 0 0 0 0 0 0 0]
[1335207714902641090403057253055961809071797134094666356486368112423400577256199625093812700071127872621664412285567414145057720331153194633869970865036 0 0 0 0 0 0 0 0 0 0 0 0 0 0 0 0 0 0 0 0 0 0 0 0 0 0 0 0 0 1 0 0 0 0 0 0 0 0 0 0 0 0 0 0 0 0 0 0 0]
[2243320035089904765020480465092410008562404964246539693995656403405930824771625599325503752146709507188110207836403383039339412499084133742643309645319 0 0 0 0 0 0 0 0 0 0 0 0 0 0 0 0 0 0 0 0 0 0 0 0 0 0 0 0 0 0 1 0 0 0 0 0 0 0 0 0 0 0 0 0 0 0 0 0 0]
[808546037324402867774605397390179047558595370406557549471334355514376312710465723920603637109796718548583041311555356694198749955285232677685506569423 0 0 0 0 0 0 0 0 0 0 0 0 0 0 0 0 0 0 0 0 0 0 0 0 0 0 0 0 0 0 0 1 0 0 0 0 0 0 0 0 0 0 0 0 0 0 0 0 0]
[665029456997283637895371887030814230060028017475459122349768485892793865907609406827573986163036703782476843962583187794697967327689542561150614317816 0 0 0 0 0 0 0 0 0 0 0 0 0 0 0 0 0 0 0 0 0 0 0 0 0 0 0 0 0 0 0 0 1 0 0 0 0 0 0 0 0 0 0 0 0 0 0 0 0]
[643057301647808574514778149500914356398130785394711017668150701050510825304485721135660752000307078562843287668352043698312412780648681956707573284505 0 0 0 0 0 0 0 0 0 0 0 0 0 0 0 0 0 0 0 0 0 0 0 0 0 0 0 0 0 0 0 0 0 1 0 0 0 0 0 0 0 0 0 0 0 0 0 0 0]
[1118990755787074824865989296972932094743620871175232309427579872332189887869023256402921466075620100889324445753280595309098746779453283927274275918159 0 0 0 0 0 0 0 0 0 0 0 0 0 0 0 0 0 0 0 0 0 0 0 0 0 0 0 0 0 0 0 0 0 0 1 0 0 0 0 0 0 0 0 0 0 0 0 0 0]
[934031257373847419520310996348873698132668931300340512048098241626180079797527822645231381008492868656408948900375109814158306394544144954267297054482 0 0 0 0 0 0 0 0 0 0 0 0 0 0 0 0 0 0 0 0 0 0 0 0 0 0 0 0 0 0 0 0 0 0 0 1 0 0 0 0 0 0 0 0 0 0 0 0 0]
[1869205871712564105718407302317670464629539990530062956976337742507356699595149344623328781488685046229438719429676850042977206372417923244909065208461 0 0 0 0 0 0 0 0 0 0 0 0 0 0 0 0 0 0 0 0 0 0 0 0 0 0 0 0 0 0 0 0 0 0 0 0 1 0 0 0 0 0 0 0 0 0 0 0 0]
[1889308164165048013687300650363440988386717325802551580180138383262102516688738415489745440151008366069080568476356793956695651861257853563778557676087 0 0 0 0 0 0 0 0 0 0 0 0 0 0 0 0 0 0 0 0 0 0 0 0 0 0 0 0 0 0 0 0 0 0 0 0 0 1 0 0 0 0 0 0 0 0 0 0 0]
[1876063610935258638073290500319833309609358258328618144510482815343995700315690511178631705230776143246214624944546154593467106409909799250282795595533 0 0 0 0 0 0 0 0 0 0 0 0 0 0 0 0 0 0 0 0 0 0 0 0 0 0 0 0 0 0 0 0 0 0 0 0 0 0 1 0 0 0 0 0 0 0 0 0 0]
[201684142669973480654006578500117178375881460139469920360539014405128816759033103229832844418287895529744720681819974756367864257024155578443996470223 0 0 0 0 0 0 0 0 0 0 0 0 0 0 0 0 0 0 0 0 0 0 0 0 0 0 0 0 0 0 0 0 0 0 0 0 0 0 0 1 0 0 0 0 0 0 0 0 0]
[968722086269640776727168413160309765708690740533207230346458795245480869188050572690439167117537294202404854014686890408004622404771781356327880629882 0 0 0 0 0 0 0 0 0 0 0 0 0 0 0 0 0 0 0 0 0 0 0 0 0 0 0 0 0 0 0 0 0 0 0 0 0 0 0 0 1 0 0 0 0 0 0 0 0]
[1233833609556138156166164340791068888098713360211164630720904756782223670811600172721775465978609429707715673033516142905516586409430373502212387644863 0 0 0 0 0 0 0 0 0 0 0 0 0 0 0 0 0 0 0 0 0 0 0 0 0 0 0 0 0 0 0 0 0 0 0 0 0 0 0 0 0 1 0 0 0 0 0 0 0]
[1560997642759731072630565665123799665690278055586190893347232760115512055932783775049466910706048752634468775059557915418810188462919429777546679049454 0 0 0 0 0 0 0 0 0 0 0 0 0 0 0 0 0 0 0 0 0 0 0 0 0 0 0 0 0 0 0 0 0 0 0 0 0 0 0 0 0 0 1 0 0 0 0 0 0]
[417210991605503761239001983301772778459833863105594586461184048754611908349366791436391387163000075156922721378120967851020465690197922252806916558146 0 0 0 0 0 0 0 0 0 0 0 0 0 0 0 0 0 0 0 0 0 0 0 0 0 0 0 0 0 0 0 0 0 0 0 0 0 0 0 0 0 0 0 1 0 0 0 0 0]
[938744669667121468896031784065416893372508066818574391033970608919439739140677205631353368230623678951790990492278794237209538721217787392499476198461 0 0 0 0 0 0 0 0 0 0 0 0 0 0 0 0 0 0 0 0 0 0 0 0 0 0 0 0 0 0 0 0 0 0 0 0 0 0 0 0 0 0 0 0 1 0 0 0 0]
[860100475567080442805878879970452316601915583566499632121734481151533498650440773326811012151586252301044449642346391126961036593477176797132678180848 0 0 0 0 0 0 0 0 0 0 0 0 0 0 0 0 0 0 0 0 0 0 0 0 0 0 0 0 0 0 0 0 0 0 0 0 0 0 0 0 0 0 0 0 0 1 0 0 0]
[78990578083720796420444975296541228163731336598599638389981188099250574988921502383387923278351904890749831375403981897438615012625186312530820187197 0 0 0 0 0 0 0 0 0 0 0 0 0 0 0 0 0 0 0 0 0 0 0 0 0 0 0 0 0 0 0 0 0 0 0 0 0 0 0 0 0 0 0 0 0 0 1 0 0]
[1711783512513870754281973175580005235232602631357743610454462909183741773805728441984080974739452320313487014151052452734465906896738187677348200151324 0 0 0 0 0 0 0 0 0 0 0 0 0 0 0 0 0 0 0 0 0 0 0 0 0 0 0 0 0 0 0 0 0 0 0 0 0 0 0 0 0 0 0 0 0 0 0 1 0]
[1198356220189877404307765653049215883975857878339699778466241321364037768857377415741725935779916779198011258580081802899007069638071379466201924159664 0 0 0 0 0 0 0 0 0 0 0 0 0 0 0 0 0 0 0 0 0 0 0 0 0 0 0 0 0 0 0 0 0 0 0 0 0 0 0 0 0 0 0 0 0 0 0 0 1]
]
