[[7070184705122863331202330429006103963067311767143896370905608381514722364072461027214192425684696224323096106283659038801926435824669607111750943257531455514742390835496449632611466487085802507947218702337174735667000274760092380282753502213096542156035611260959362629739 0 0 0 0 0 0 0 0 0 0 0 0 0 0 0 0 0 0 0 0 0 0 0 0 0 0 0 0 0 0 0 0 0 0 0 0 0 0 0 0 0 0 0 0 0 0 0 0 0 0 0 0 0 0 0 0 0 0 0 0 0 0 0 0 0 0 0 0 0 0 0 0 0 0 0 0 0 0 0 0 0 0 0 0 0 0 0 0 0]
[2770084068727284072418093152599629640094302981865136329934373295429292189502448785441873227253098570970095277430474863438988447830477733079604860464901518999345268994872344745090065369205148242974113907597764460157203224963720167140979931079463888339584064656525222849338 1 0 0 0 0 0 0 0 0 0 0 0 0 0 0 0 0 0 0 0 0 0 0 0 0 0 0 0 0 0 0 0 0 0 0 0 0 0 0 0 0 0 0 0 0 0 0 0 0 0 0 0 0 0 0 0 0 0 0 0 0 0 0 0 0 0 0 0 0 0 0 0 0 0 0 0 0 0 0 0 0 0 0 0 0 0 0 0 0]
[3373608031299702588913806938886178026107768880055591106120331074686937419842783984160508802657776714512176709452035319236301496956317793612374831624163667906984782605484030455623129705607500607370778226148321029520496559186397649745800254804108858495131696715083904045644 0 1 0 0 0 0 0 0 0 0 0 0 0 0 0 0 0 0 0 0 0 0 0 0 0 0 0 0 0 0 0 0 0 0 0 0 0 0 0 0 0 0 0 0 0 0 0 0 0 0 0 0 0 0 0 0 0 0 0 0 0 0 0 0 0 0 0 0 0 0 0 0 0 0 0 0 0 0 0 0 0 0 0 0 0 0 0 0 0]
[4898480477181078325093046438807266471774130982955064282873354293296342903487142882173998876157409135473002474778749397716943340150846092664031417322264902881626436582980120859752569291519233391194317432667725331038164900942561546327871699120464878360837006314007438743174 0 0 1 0 0 0 0 0 0 0 0 0 0 0 0 0 0 0 0 0 0 0 0 0 0 0 0 0 0 0 0 0 0 0 0 0 0 0 0 0 0 0 0 0 0 0 0 0 0 0 0 0 0 0 0 0 0 0 0 0 0 0 0 0 0 0 0 0 0 0 0 0 0 0 0 0 0 0 0 0 0 0 0 0 0 0 0 0 0]
[5929268486744018734606503550171591593690006106584260962902937608359477810033672419491378993437922227786537250567044123310806042280784316836026153347114780324984628192805599780765614657933381109564210850620705004675653398218115371033401648975199183753338305402345610973670 0 0 0 1 0 0 0 0 0 0 0 0 0 0 0 0 0 0 0 0 0 0 0 0 0 0 0 0 0 0 0 0 0 0 0 0 0 0 0 0 0 0 0 0 0 0 0 0 0 0 0 0 0 0 0 0 0 0 0 0 0 0 0 0 0 0 0 0 0 0 0 0 0 0 0 0 0 0 0 0 0 0 0 0 0 0 0 0 0]
[2222624633800305660361965665516873958471911611743655368870476752736592134277326701222589339925606683259168616505008167995545475788645413910235269112868366348415686336218470891611212016903393869211374339132775292108018532752561894118594663915097483665713363532733906661242 0 0 0 0 1 0 0 0 0 0 0 0 0 0 0 0 0 0 0 0 0 0 0 0 0 0 0 0 0 0 0 0 0 0 0 0 0 0 0 0 0 0 0 0 0 0 0 0 0 0 0 0 0 0 0 0 0 0 0 0 0 0 0 0 0 0 0 0 0 0 0 0 0 0 0 0 0 0 0 0 0 0 0 0 0 0 0 0 0]
[2438523105472263894989007914899343318464888088573708436570585792391609381168600721882919158307505483406108327780775940120048735479896953503330786494102009311562348046962514524213839989170910197718006416980234330920346383849841143632720405459535902028568453220652027312111 0 0 0 0 0 1 0 0 0 0 0 0 0 0 0 0 0 0 0 0 0 0 0 0 0 0 0 0 0 0 0 0 0 0 0 0 0 0 0 0 0 0 0 0 0 0 0 0 0 0 0 0 0 0 0 0 0 0 0 0 0 0 0 0 0 0 0 0 0 0 0 0 0 0 0 0 0 0 0 0 0 0 0 0 0 0 0 0 0]
[219134717998348103925302337170261011171233148692213178158940877943827447997554236637286900385532131149314520502208028104235473342813926153111703572274840210203937503778712089854229756146226161154278954207440648814881649797242069637141670098740017839902747112868972164938 0 0 0 0 0 0 1 0 0 0 0 0 0 0 0 0 0 0 0 0 0 0 0 0 0 0 0 0 0 0 0 0 0 0 0 0 0 0 0 0 0 0 0 0 0 0 0 0 0 0 0 0 0 0 0 0 0 0 0 0 0 0 0 0 0 0 0 0 0 0 0 0 0 0 0 0 0 0 0 0 0 0 0 0 0 0 0 0 0]
[1666373075149154408737759366591565295470580266369958431925326666510808007460741693167138780673892163828745051956652102001240258617001929620801838847765883938851017619190832266768352827650945724063157171834539647964372811835627674445081095005127715794725548966545193999337 0 0 0 0 0 0 0 1 0 0 0 0 0 0 0 0 0 0 0 0 0 0 0 0 0 0 0 0 0 0 0 0 0 0 0 0 0 0 0 0 0 0 0 0 0 0 0 0 0 0 0 0 0 0 0 0 0 0 0 0 0 0 0 0 0 0 0 0 0 0 0 0 0 0 0 0 0 0 0 0 0 0 0 0 0 0 0 0 0]
[6499797658215760705327023233910665429187882792520888673327274903069787206760059622271743963408456790964305911553425677715380631416032336936845984775409543461885542319971894877945727665880555483608753122702887082715977812783014608679752701933567283616621158159744584931090 0 0 0 0 0 0 0 0 1 0 0 0 0 0 0 0 0 0 0 0 0 0 0 0 0 0 0 0 0 0 0 0 0 0 0 0 0 0 0 0 0 0 0 0 0 0 0 0 0 0 0 0 0 0 0 0 0 0 0 0 0 0 0 0 0 0 0 0 0 0 0 0 0 0 0 0 0 0 0 0 0 0 0 0 0 0 0 0 0]
[4262181850021354533636883763175295222675690796757062692426051567033795051368851310229538206067465771869154645852146445846371102868697132388424488080002425607555655353579146095756863703513030005571049541378289915717217317987516340053154876145424360068509283967099980792126 0 0 0 0 0 0 0 0 0 1 0 0 0 0 0 0 0 0 0 0 0 0 0 0 0 0 0 0 0 0 0 0 0 0 0 0 0 0 0 0 0 0 0 0 0 0 0 0 0 0 0 0 0 0 0 0 0 0 0 0 0 0 0 0 0 0 0 0 0 0 0 0 0 0 0 0 0 0 0 0 0 0 0 0 0 0 0 0 0]
[6915506749177272984474515037283678140342432009339339867645224280220637911318827463412919113466700982269135712297911365972135972293771030194558524622049715945657557899412310804019434379438018484458834903401478240208490585405773194277527730788792824884517016273259037347136 0 0 0 0 0 0 0 0 0 0 1 0 0 0 0 0 0 0 0 0 0 0 0 0 0 0 0 0 0 0 0 0 0 0 0 0 0 0 0 0 0 0 0 0 0 0 0 0 0 0 0 0 0 0 0 0 0 0 0 0 0 0 0 0 0 0 0 0 0 0 0 0 0 0 0 0 0 0 0 0 0 0 0 0 0 0 0 0 0]
[2133896516720829559696080549474406006427184784842935652129878884462664027070692872318084032773728708673751979042327959035067939457822534462727979586070424220740613232490984124437533474738788996336609099873759232816032141583456777710130663229993372394591493862065822094494 0 0 0 0 0 0 0 0 0 0 0 1 0 0 0 0 0 0 0 0 0 0 0 0 0 0 0 0 0 0 0 0 0 0 0 0 0 0 0 0 0 0 0 0 0 0 0 0 0 0 0 0 0 0 0 0 0 0 0 0 0 0 0 0 0 0 0 0 0 0 0 0 0 0 0 0 0 0 0 0 0 0 0 0 0 0 0 0 0]
[2481582171696844352636159471037294241086891980274980562510686098893293999069241761109746123975359309437993883445515520147792135163282623718350389011762636836486501189818908293427717805306733602573988004483190849796201056912685655870367893098260515233374343579395314147527 0 0 0 0 0 0 0 0 0 0 0 0 1 0 0 0 0 0 0 0 0 0 0 0 0 0 0 0 0 0 0 0 0 0 0 0 0 0 0 0 0 0 0 0 0 0 0 0 0 0 0 0 0 0 0 0 0 0 0 0 0 0 0 0 0 0 0 0 0 0 0 0 0 0 0 0 0 0 0 0 0 0 0 0 0 0 0 0 0]
[6345306541946815375255617285244833254162364369335911602487717071733594167561788389348260004194332981551881734123135834409230580122285185345391965943635241463039032595651789661741422944586290749917307559780324143116596352205852743256288701343160509851083183490448630389552 0 0 0 0 0 0 0 0 0 0 0 0 0 1 0 0 0 0 0 0 0 0 0 0 0 0 0 0 0 0 0 0 0 0 0 0 0 0 0 0 0 0 0 0 0 0 0 0 0 0 0 0 0 0 0 0 0 0 0 0 0 0 0 0 0 0 0 0 0 0 0 0 0 0 0 0 0 0 0 0 0 0 0 0 0 0 0 0 0]
[3208103934266747982593759251391584040075381507653006780234766802874279558254100302010006439142434198273383904014203758207454449755072173075483542200176084721774704279776248284598748206174759412446968813989399922307445774196545625647998340739759614609963322528519234369860 0 0 0 0 0 0 0 0 0 0 0 0 0 0 1 0 0 0 0 0 0 0 0 0 0 0 0 0 0 0 0 0 0 0 0 0 0 0 0 0 0 0 0 0 0 0 0 0 0 0 0 0 0 0 0 0 0 0 0 0 0 0 0 0 0 0 0 0 0 0 0 0 0 0 0 0 0 0 0 0 0 0 0 0 0 0 0 0 0]
[6797079042604707344811496896451124597626365170042819874339275556569682085175316282904839259041642146045003438525643025753334944442354532225508179211269056548654112826129512283729217494902169840399490949659039604331046692623489372126577193599166007828264429887489847100216 0 0 0 0 0 0 0 0 0 0 0 0 0 0 0 1 0 0 0 0 0 0 0 0 0 0 0 0 0 0 0 0 0 0 0 0 0 0 0 0 0 0 0 0 0 0 0 0 0 0 0 0 0 0 0 0 0 0 0 0 0 0 0 0 0 0 0 0 0 0 0 0 0 0 0 0 0 0 0 0 0 0 0 0 0 0 0 0 0]
[1913195912158333508722116498536374974223858854538638362391007534707348125704788833462818633116510615344420409794986804434041671360532804195570382477569677659880727255785191409027154372369370996601720186370369918596473175950745026156883028045631450022966836486774382950467 0 0 0 0 0 0 0 0 0 0 0 0 0 0 0 0 1 0 0 0 0 0 0 0 0 0 0 0 0 0 0 0 0 0 0 0 0 0 0 0 0 0 0 0 0 0 0 0 0 0 0 0 0 0 0 0 0 0 0 0 0 0 0 0 0 0 0 0 0 0 0 0 0 0 0 0 0 0 0 0 0 0 0 0 0 0 0 0 0]
[2302780569672369580369093702211547786409789220716257371887718950798089718283545818810530488864130385040678222234052355161494698198843050830183686227395482924189124330251505241261916879913897351692276431239072930916578258317222172608286667428131756414004254155442436149368 0 0 0 0 0 0 0 0 0 0 0 0 0 0 0 0 0 1 0 0 0 0 0 0 0 0 0 0 0 0 0 0 0 0 0 0 0 0 0 0 0 0 0 0 0 0 0 0 0 0 0 0 0 0 0 0 0 0 0 0 0 0 0 0 0 0 0 0 0 0 0 0 0 0 0 0 0 0 0 0 0 0 0 0 0 0 0 0 0]
[4580105081801799871023611843842578002826302635024399123219727692440667118605213165587561980808611232029937641834731174211628859232947778990922334548099956654424748083259833461211733081825453856956060946993122968182888514348818236265920259086215166175780726306590382458533 0 0 0 0 0 0 0 0 0 0 0 0 0 0 0 0 0 0 1 0 0 0 0 0 0 0 0 0 0 0 0 0 0 0 0 0 0 0 0 0 0 0 0 0 0 0 0 0 0 0 0 0 0 0 0 0 0 0 0 0 0 0 0 0 0 0 0 0 0 0 0 0 0 0 0 0 0 0 0 0 0 0 0 0 0 0 0 0 0]
[1089919828910834718180468062363605051863149114912619345483201047443216565054547445053095158843765357468794186805399533794350316693148928465803421404846835817821701679550910841326311866008791832883452930680504818459835770712224423952006091295871196792991390568628793370018 0 0 0 0 0 0 0 0 0 0 0 0 0 0 0 0 0 0 0 1 0 0 0 0 0 0 0 0 0 0 0 0 0 0 0 0 0 0 0 0 0 0 0 0 0 0 0 0 0 0 0 0 0 0 0 0 0 0 0 0 0 0 0 0 0 0 0 0 0 0 0 0 0 0 0 0 0 0 0 0 0 0 0 0 0 0 0 0 0]
[917291577740007344439105782885001889058291913818765464196804084752096249388634769953497234532622793400416250201754013027268940900921010948580814616384435991679366606121231448211925052537803532411925899651131539654880511094698442924222872698275375424389616269293863640194 0 0 0 0 0 0 0 0 0 0 0 0 0 0 0 0 0 0 0 0 1 0 0 0 0 0 0 0 0 0 0 0 0 0 0 0 0 0 0 0 0 0 0 0 0 0 0 0 0 0 0 0 0 0 0 0 0 0 0 0 0 0 0 0 0 0 0 0 0 0 0 0 0 0 0 0 0 0 0 0 0 0 0 0 0 0 0 0 0]
[4270027403302446450429289724959059950283209213432991542142466963202613532660878825563943709798821120129009544815911011094107651898760917298408120574094559815078119798296713913250631814558396603701577020118274058378891382249544012044078240159486272297055084898426133094046 0 0 0 0 0 0 0 0 0 0 0 0 0 0 0 0 0 0 0 0 0 1 0 0 0 0 0 0 0 0 0 0 0 0 0 0 0 0 0 0 0 0 0 0 0 0 0 0 0 0 0 0 0 0 0 0 0 0 0 0 0 0 0 0 0 0 0 0 0 0 0 0 0 0 0 0 0 0 0 0 0 0 0 0 0 0 0 0 0]
[6931327844882209528478053532850924094119631757269352238804639145271137671187559745089460015118180781280229414754271612227071410339158730437767043154441399658278546565360249511623989050340195357087020733302668169182507814991512993154305122565799617150696114297999767885329 0 0 0 0 0 0 0 0 0 0 0 0 0 0 0 0 0 0 0 0 0 0 1 0 0 0 0 0 0 0 0 0 0 0 0 0 0 0 0 0 0 0 0 0 0 0 0 0 0 0 0 0 0 0 0 0 0 0 0 0 0 0 0 0 0 0 0 0 0 0 0 0 0 0 0 0 0 0 0 0 0 0 0 0 0 0 0 0 0]
[3097426659168835808442007577518864157768582387233940245814345405040142467414653447765326512781810429050611892832966104267037497997256432437342588033073176749851352584181723302174104306829941235238724505304823350575647655670745976015881856788668999136737148688495830587685 0 0 0 0 0 0 0 0 0 0 0 0 0 0 0 0 0 0 0 0 0 0 0 1 0 0 0 0 0 0 0 0 0 0 0 0 0 0 0 0 0 0 0 0 0 0 0 0 0 0 0 0 0 0 0 0 0 0 0 0 0 0 0 0 0 0 0 0 0 0 0 0 0 0 0 0 0 0 0 0 0 0 0 0 0 0 0 0 0]
[3792838112190534708560236101425887944779478731275023047671614495339814104214785877689055080081117011051630789575425570246802835924423819503009649088539035716150297656491886164340822184677796631620762608046800616326155363272416710317989667661984634487389717805188530882545 0 0 0 0 0 0 0 0 0 0 0 0 0 0 0 0 0 0 0 0 0 0 0 0 1 0 0 0 0 0 0 0 0 0 0 0 0 0 0 0 0 0 0 0 0 0 0 0 0 0 0 0 0 0 0 0 0 0 0 0 0 0 0 0 0 0 0 0 0 0 0 0 0 0 0 0 0 0 0 0 0 0 0 0 0 0 0 0 0]
[7063092743927042926453824538808404337004005309945666778628355406357861414372856991891748954066317922636571510867687205530693362117303958094069691633002552553276490813979106165612599407756819797901529592458257382435625451518657547592348552160028239432355876244925149241548 0 0 0 0 0 0 0 0 0 0 0 0 0 0 0 0 0 0 0 0 0 0 0 0 0 1 0 0 0 0 0 0 0 0 0 0 0 0 0 0 0 0 0 0 0 0 0 0 0 0 0 0 0 0 0 0 0 0 0 0 0 0 0 0 0 0 0 0 0 0 0 0 0 0 0 0 0 0 0 0 0 0 0 0 0 0 0 0 0]
[1914777955729245524892692957588257690967266588128259136997339615938101041458603735131911580822057601562250548940102925732291244265757093939564144402388440466869253431579258142700472245407956773246486645422142137932724114713101285003938275649699811691399257731873788719703 0 0 0 0 0 0 0 0 0 0 0 0 0 0 0 0 0 0 0 0 0 0 0 0 0 0 1 0 0 0 0 0 0 0 0 0 0 0 0 0 0 0 0 0 0 0 0 0 0 0 0 0 0 0 0 0 0 0 0 0 0 0 0 0 0 0 0 0 0 0 0 0 0 0 0 0 0 0 0 0 0 0 0 0 0 0 0 0 0]
[807273618517714172560669749772360289075280495679148476598772324954094156935505568948239921989627613554147784443859868295866485397128290285299190221333301349599955304895362141846425053392648205509813325304570807098184808500883904752564241776441993397006346751968413829754 0 0 0 0 0 0 0 0 0 0 0 0 0 0 0 0 0 0 0 0 0 0 0 0 0 0 0 1 0 0 0 0 0 0 0 0 0 0 0 0 0 0 0 0 0 0 0 0 0 0 0 0 0 0 0 0 0 0 0 0 0 0 0 0 0 0 0 0 0 0 0 0 0 0 0 0 0 0 0 0 0 0 0 0 0 0 0 0 0]
[2062129874130786083162418073679495139826120643910069989724563808256727338963333806576290617455971842640535908797522451416023876068132083808303574989638094888086667778960709920125483571305718627968140947055198622134839452555181736927246826875191883232204822014215182827640 0 0 0 0 0 0 0 0 0 0 0 0 0 0 0 0 0 0 0 0 0 0 0 0 0 0 0 0 1 0 0 0 0 0 0 0 0 0 0 0 0 0 0 0 0 0 0 0 0 0 0 0 0 0 0 0 0 0 0 0 0 0 0 0 0 0 0 0 0 0 0 0 0 0 0 0 0 0 0 0 0 0 0 0 0 0 0 0 0]
[1874927483212088428618204412917224864309485059952799666448324402798178922918555316833923187658953259992906251753723086373827121915821952078080089607918141705376600891515223441993731453174910714665285631605219351183971761083866229812739363764316553598606571301379571533994 0 0 0 0 0 0 0 0 0 0 0 0 0 0 0 0 0 0 0 0 0 0 0 0 0 0 0 0 0 1 0 0 0 0 0 0 0 0 0 0 0 0 0 0 0 0 0 0 0 0 0 0 0 0 0 0 0 0 0 0 0 0 0 0 0 0 0 0 0 0 0 0 0 0 0 0 0 0 0 0 0 0 0 0 0 0 0 0 0]
[5254696589966431881435916487664663324659130735747081483463259059840418063139066714894273611540001560181880736788927553434773064973890498857881868565186844108442498719082795711403604414786346237054246978501069212962682751179737252219069165343878219833457026190872791395443 0 0 0 0 0 0 0 0 0 0 0 0 0 0 0 0 0 0 0 0 0 0 0 0 0 0 0 0 0 0 1 0 0 0 0 0 0 0 0 0 0 0 0 0 0 0 0 0 0 0 0 0 0 0 0 0 0 0 0 0 0 0 0 0 0 0 0 0 0 0 0 0 0 0 0 0 0 0 0 0 0 0 0 0 0 0 0 0 0]
[1635645113546367105577914007067295794815262721740651251614807663506536752399863766318800867385739913673199770207126292058147401367033128848649366988675714885382971560595107404380067924598470477201641776958241827974542045363590162951945444540344188944092239962141722199274 0 0 0 0 0 0 0 0 0 0 0 0 0 0 0 0 0 0 0 0 0 0 0 0 0 0 0 0 0 0 0 1 0 0 0 0 0 0 0 0 0 0 0 0 0 0 0 0 0 0 0 0 0 0 0 0 0 0 0 0 0 0 0 0 0 0 0 0 0 0 0 0 0 0 0 0 0 0 0 0 0 0 0 0 0 0 0 0 0]
[6849950034885246706856102388442755305967855688789679277693441475023790812873729693205836304220970970191993752131515229621150879720030314770258903919072710052319481000642112881388389579803193692705706667426109328416728936616385511799131803513732964816914853339601308577002 0 0 0 0 0 0 0 0 0 0 0 0 0 0 0 0 0 0 0 0 0 0 0 0 0 0 0 0 0 0 0 0 1 0 0 0 0 0 0 0 0 0 0 0 0 0 0 0 0 0 0 0 0 0 0 0 0 0 0 0 0 0 0 0 0 0 0 0 0 0 0 0 0 0 0 0 0 0 0 0 0 0 0 0 0 0 0 0 0]
[140001843121883930445168078670976622772978032616594768620330695771013566599736372563179327609499098731754531119473538651934539099522628510741209903075065192668896751309697991172452140424987298696991546822636206250840821111733734099637504844550838330750443741262936223966 0 0 0 0 0 0 0 0 0 0 0 0 0 0 0 0 0 0 0 0 0 0 0 0 0 0 0 0 0 0 0 0 0 1 0 0 0 0 0 0 0 0 0 0 0 0 0 0 0 0 0 0 0 0 0 0 0 0 0 0 0 0 0 0 0 0 0 0 0 0 0 0 0 0 0 0 0 0 0 0 0 0 0 0 0 0 0 0 0]
[1786166725848735260324273874538410716886663253386895889576094431960154651760685259082181071281523826512012234356206747426405637362159274015119694855798955622534745874876501032925623238967551767341747472159509790354432950444294596668101426093059638125423662436376204866890 0 0 0 0 0 0 0 0 0 0 0 0 0 0 0 0 0 0 0 0 0 0 0 0 0 0 0 0 0 0 0 0 0 0 1 0 0 0 0 0 0 0 0 0 0 0 0 0 0 0 0 0 0 0 0 0 0 0 0 0 0 0 0 0 0 0 0 0 0 0 0 0 0 0 0 0 0 0 0 0 0 0 0 0 0 0 0 0 0]
[2092438990777441080178855310540589004898059219539446893299543128757949787989628611107870763972058785269950224575548245724332554432725207488289707336004872329251864602323815101904731899121991605967155682685595903645483969919820234561262891646990801097108749491347703446921 0 0 0 0 0 0 0 0 0 0 0 0 0 0 0 0 0 0 0 0 0 0 0 0 0 0 0 0 0 0 0 0 0 0 0 1 0 0 0 0 0 0 0 0 0 0 0 0 0 0 0 0 0 0 0 0 0 0 0 0 0 0 0 0 0 0 0 0 0 0 0 0 0 0 0 0 0 0 0 0 0 0 0 0 0 0 0 0 0]
[2168474283173887965101172318833337711626041485173308624392297009876417428107429674872327484506085744048622398871280319780054617710366496783031652840739814260454822139843991902862772804446551610910132103879416056120666884155108595425969921171370785903931687269806191803296 0 0 0 0 0 0 0 0 0 0 0 0 0 0 0 0 0 0 0 0 0 0 0 0 0 0 0 0 0 0 0 0 0 0 0 0 1 0 0 0 0 0 0 0 0 0 0 0 0 0 0 0 0 0 0 0 0 0 0 0 0 0 0 0 0 0 0 0 0 0 0 0 0 0 0 0 0 0 0 0 0 0 0 0 0 0 0 0 0]
[837101820818528531911422746291780227864219763107986032889202069840184212857774856006954867573695930581832694650493110320787061776662017149765479641304505229390893376158087499344736520616124410180438568786413222788942380129729620160258972648540749086692587794518219659573 0 0 0 0 0 0 0 0 0 0 0 0 0 0 0 0 0 0 0 0 0 0 0 0 0 0 0 0 0 0 0 0 0 0 0 0 0 1 0 0 0 0 0 0 0 0 0 0 0 0 0 0 0 0 0 0 0 0 0 0 0 0 0 0 0 0 0 0 0 0 0 0 0 0 0 0 0 0 0 0 0 0 0 0 0 0 0 0 0]
[831766278247467860567810380951251100371083936454646901742254413514263742524841010167853814553767290411289698696143885224487301148373165931973098159733871568275555152181648865545838131739577655571461629911112225827553200333617814056721414483204596248302507402434475273887 0 0 0 0 0 0 0 0 0 0 0 0 0 0 0 0 0 0 0 0 0 0 0 0 0 0 0 0 0 0 0 0 0 0 0 0 0 0 1 0 0 0 0 0 0 0 0 0 0 0 0 0 0 0 0 0 0 0 0 0 0 0 0 0 0 0 0 0 0 0 0 0 0 0 0 0 0 0 0 0 0 0 0 0 0 0 0 0 0]
[1581609208659837252951473784569851916878821869607111211139965581905617157169145137963338694167034906674037477988133521362188523195705623995150594692532205737884911671541815399450935406479985266679188026650060157731866316016591606426032088995517659370500251580218220114134 0 0 0 0 0 0 0 0 0 0 0 0 0 0 0 0 0 0 0 0 0 0 0 0 0 0 0 0 0 0 0 0 0 0 0 0 0 0 0 1 0 0 0 0 0 0 0 0 0 0 0 0 0 0 0 0 0 0 0 0 0 0 0 0 0 0 0 0 0 0 0 0 0 0 0 0 0 0 0 0 0 0 0 0 0 0 0 0 0]
[5965528439746906805285875792629941759232422683858862275539054591202572152494610488211229390742914001337477627711901735178601679089666484509283635862470088553390675153182885769093044997130627500777198961625100928766058652505746774646175478521762505795116160051422876582127 0 0 0 0 0 0 0 0 0 0 0 0 0 0 0 0 0 0 0 0 0 0 0 0 0 0 0 0 0 0 0 0 0 0 0 0 0 0 0 0 1 0 0 0 0 0 0 0 0 0 0 0 0 0 0 0 0 0 0 0 0 0 0 0 0 0 0 0 0 0 0 0 0 0 0 0 0 0 0 0 0 0 0 0 0 0 0 0 0]
[3383679310643214588826645649453181522145236431218366342280513523328788507159412026644621625317122843704149384065241103387470075468712501907776387821897505167331174447828061052449251104473034118065360954719698707074594060922623645139335642466105598220092707451643201677705 0 0 0 0 0 0 0 0 0 0 0 0 0 0 0 0 0 0 0 0 0 0 0 0 0 0 0 0 0 0 0 0 0 0 0 0 0 0 0 0 0 1 0 0 0 0 0 0 0 0 0 0 0 0 0 0 0 0 0 0 0 0 0 0 0 0 0 0 0 0 0 0 0 0 0 0 0 0 0 0 0 0 0 0 0 0 0 0 0]
[4363001330988998273264366937377006153819164351575580552183088812741761614102115328229801074496359479362244650052898422137544223734203936391243989023635211491591233088214383424590619610005105291679004817292782757723027354610061567575296902354217826205767186862945115009749 0 0 0 0 0 0 0 0 0 0 0 0 0 0 0 0 0 0 0 0 0 0 0 0 0 0 0 0 0 0 0 0 0 0 0 0 0 0 0 0 0 0 1 0 0 0 0 0 0 0 0 0 0 0 0 0 0 0 0 0 0 0 0 0 0 0 0 0 0 0 0 0 0 0 0 0 0 0 0 0 0 0 0 0 0 0 0 0 0]
[6967669881408008942458825311560710000429678071907075824188043906779851018632277691440389372387053033821326076745946850699014954887992353106758148465977481550975485741331984614664073018112317866413183730075089279948682475034157333445752128330449819454316068976982810377108 0 0 0 0 0 0 0 0 0 0 0 0 0 0 0 0 0 0 0 0 0 0 0 0 0 0 0 0 0 0 0 0 0 0 0 0 0 0 0 0 0 0 0 1 0 0 0 0 0 0 0 0 0 0 0 0 0 0 0 0 0 0 0 0 0 0 0 0 0 0 0 0 0 0 0 0 0 0 0 0 0 0 0 0 0 0 0 0 0]
[4829236753138002155020165425029290381191624915012248795175085011885729306196957670706112864097701400546444311837494352416130855821022007329190629036381895076155498368012267406809410258120546115537968728555655949256142576864021881535903666764900261297400626030262455780299 0 0 0 0 0 0 0 0 0 0 0 0 0 0 0 0 0 0 0 0 0 0 0 0 0 0 0 0 0 0 0 0 0 0 0 0 0 0 0 0 0 0 0 0 1 0 0 0 0 0 0 0 0 0 0 0 0 0 0 0 0 0 0 0 0 0 0 0 0 0 0 0 0 0 0 0 0 0 0 0 0 0 0 0 0 0 0 0 0]
[826495206882746583771934046982211644549671057693143908103750802483744357570502248710371084287895367438475114433351550482887464206609996438586845976641781575188307610367676461348652960406116918702617688704565314156542358137865629351591144633902028411181767434339391710365 0 0 0 0 0 0 0 0 0 0 0 0 0 0 0 0 0 0 0 0 0 0 0 0 0 0 0 0 0 0 0 0 0 0 0 0 0 0 0 0 0 0 0 0 0 1 0 0 0 0 0 0 0 0 0 0 0 0 0 0 0 0 0 0 0 0 0 0 0 0 0 0 0 0 0 0 0 0 0 0 0 0 0 0 0 0 0 0 0]
[1229721601378817227176188802684553821270779036955168848355407091048722576035340441486834388611783105222659285516735220016594253562275041067847973211439976624515158010275578893296318356820267061141014776617594344001725589689037858677880581542144382902107974635314658757158 0 0 0 0 0 0 0 0 0 0 0 0 0 0 0 0 0 0 0 0 0 0 0 0 0 0 0 0 0 0 0 0 0 0 0 0 0 0 0 0 0 0 0 0 0 0 1 0 0 0 0 0 0 0 0 0 0 0 0 0 0 0 0 0 0 0 0 0 0 0 0 0 0 0 0 0 0 0 0 0 0 0 0 0 0 0 0 0 0]
[1766772213354180285371221694440758027202953035531322315038688421128274715088654150934646591657957126823795428650501921491696199849592875182267242772327731340691201644607087143195938998145611817371925149552448059643031676237373519461009191649938446413475303099740587541804 0 0 0 0 0 0 0 0 0 0 0 0 0 0 0 0 0 0 0 0 0 0 0 0 0 0 0 0 0 0 0 0 0 0 0 0 0 0 0 0 0 0 0 0 0 0 0 1 0 0 0 0 0 0 0 0 0 0 0 0 0 0 0 0 0 0 0 0 0 0 0 0 0 0 0 0 0 0 0 0 0 0 0 0 0 0 0 0 0]
[1230596484343912517251298464538344537504244609872121022113526497732207954683103586677632006310080441069830081747763789958882039315924553523067405300906837709735659396052364349260180449923650139595720216616922781801123985991353530536017655137059517634710890882617390901401 0 0 0 0 0 0 0 0 0 0 0 0 0 0 0 0 0 0 0 0 0 0 0 0 0 0 0 0 0 0 0 0 0 0 0 0 0 0 0 0 0 0 0 0 0 0 0 0 1 0 0 0 0 0 0 0 0 0 0 0 0 0 0 0 0 0 0 0 0 0 0 0 0 0 0 0 0 0 0 0 0 0 0 0 0 0 0 0 0]
[2443144776358675683403790543278042920110017319656119308780805294166931623820345957351698029237830709668388039967829880792545984676633506003347107049011403474053324190370579406281850712800646322527815052590341676558974035281051012698039154951752034367599087380337797239939 0 0 0 0 0 0 0 0 0 0 0 0 0 0 0 0 0 0 0 0 0 0 0 0 0 0 0 0 0 0 0 0 0 0 0 0 0 0 0 0 0 0 0 0 0 0 0 0 0 1 0 0 0 0 0 0 0 0 0 0 0 0 0 0 0 0 0 0 0 0 0 0 0 0 0 0 0 0 0 0 0 0 0 0 0 0 0 0 0]
[124600780958924191014738599296393130632436980663063238695442002128542107001569075664811204546804194551096184345125428720794503875831468871330851613390921336712724948221381209686394194444823729951529768068961418137662871243237086495647256259247781647764928186745684505208 0 0 0 0 0 0 0 0 0 0 0 0 0 0 0 0 0 0 0 0 0 0 0 0 0 0 0 0 0 0 0 0 0 0 0 0 0 0 0 0 0 0 0 0 0 0 0 0 0 0 1 0 0 0 0 0 0 0 0 0 0 0 0 0 0 0 0 0 0 0 0 0 0 0 0 0 0 0 0 0 0 0 0 0 0 0 0 0 0]
[6660048189591766063885793515285719781616311124945822346231463599262505530080112719147945125132263683090294816432388139055108153806091485655193853260348583508301960514058303758235060437449493875912499502332729406368891991384230373761214561805882122800829872552519066139752 0 0 0 0 0 0 0 0 0 0 0 0 0 0 0 0 0 0 0 0 0 0 0 0 0 0 0 0 0 0 0 0 0 0 0 0 0 0 0 0 0 0 0 0 0 0 0 0 0 0 0 1 0 0 0 0 0 0 0 0 0 0 0 0 0 0 0 0 0 0 0 0 0 0 0 0 0 0 0 0 0 0 0 0 0 0 0 0 0]
[1500773516696261073872566964567155109519063929356921889529967925433109671563924498104381934023230799630126473491041541870378104289508145234352057179332760964730876508679649311640790955901931343909601441187471405332059101131482162967107353961584116930627968313289073014565 0 0 0 0 0 0 0 0 0 0 0 0 0 0 0 0 0 0 0 0 0 0 0 0 0 0 0 0 0 0 0 0 0 0 0 0 0 0 0 0 0 0 0 0 0 0 0 0 0 0 0 0 1 0 0 0 0 0 0 0 0 0 0 0 0 0 0 0 0 0 0 0 0 0 0 0 0 0 0 0 0 0 0 0 0 0 0 0 0]
[5646154659064297319656054546187977823341553224068064894820407677080141187590523203239144001331327361776815759891719244070375722432959454957386956534900819038855215722306503168350532646970857312069963899634932103701872204415864016638825230080809918254539644789821415571378 0 0 0 0 0 0 0 0 0 0 0 0 0 0 0 0 0 0 0 0 0 0 0 0 0 0 0 0 0 0 0 0 0 0 0 0 0 0 0 0 0 0 0 0 0 0 0 0 0 0 0 0 0 1 0 0 0 0 0 0 0 0 0 0 0 0 0 0 0 0 0 0 0 0 0 0 0 0 0 0 0 0 0 0 0 0 0 0 0]
[4716898498272601857460573994104884128036915393910007853168440147345913272647209738760458140341117171021727385631422511833047201566149054567946534958555561500594206647476334617045558172998181606202537692627943777258897177610075286629159971538007055214069756455537842198424 0 0 0 0 0 0 0 0 0 0 0 0 0 0 0 0 0 0 0 0 0 0 0 0 0 0 0 0 0 0 0 0 0 0 0 0 0 0 0 0 0 0 0 0 0 0 0 0 0 0 0 0 0 0 1 0 0 0 0 0 0 0 0 0 0 0 0 0 0 0 0 0 0 0 0 0 0 0 0 0 0 0 0 0 0 0 0 0 0]
[1195500650475434196158264812971704780632742975471945319034204149139649225391218365057378030198156865384055520996681425517711844902415067438400367858524501456442427861244450932987284285232220631782049651429009113374523338244154257877482805058399431354421335152471649023726 0 0 0 0 0 0 0 0 0 0 0 0 0 0 0 0 0 0 0 0 0 0 0 0 0 0 0 0 0 0 0 0 0 0 0 0 0 0 0 0 0 0 0 0 0 0 0 0 0 0 0 0 0 0 0 1 0 0 0 0 0 0 0 0 0 0 0 0 0 0 0 0 0 0 0 0 0 0 0 0 0 0 0 0 0 0 0 0 0]
[4333690851448988724506850167216853072493662856086313286650443418052446010007918361432640681218720715648456491899245447549391265939273571048030098627338858829265996343670937025288799519387608769493185775969695362896454225639230283918822205602957981770562579264588489867171 0 0 0 0 0 0 0 0 0 0 0 0 0 0 0 0 0 0 0 0 0 0 0 0 0 0 0 0 0 0 0 0 0 0 0 0 0 0 0 0 0 0 0 0 0 0 0 0 0 0 0 0 0 0 0 0 1 0 0 0 0 0 0 0 0 0 0 0 0 0 0 0 0 0 0 0 0 0 0 0 0 0 0 0 0 0 0 0 0]
[3052871565769664469424393088126916575102584693641506439816407558769428204660313431282275869976257882062975934594893861775428811798353701771407095582604729327348759685963417719188785408535930294569351158588305021836094024010018431544343039416422250212390772165302101936145 0 0 0 0 0 0 0 0 0 0 0 0 0 0 0 0 0 0 0 0 0 0 0 0 0 0 0 0 0 0 0 0 0 0 0 0 0 0 0 0 0 0 0 0 0 0 0 0 0 0 0 0 0 0 0 0 0 1 0 0 0 0 0 0 0 0 0 0 0 0 0 0 0 0 0 0 0 0 0 0 0 0 0 0 0 0 0 0 0]
[2072821140040655363997984064311011996186289807350374822201411130408514273127068679689567711618622620291035856540016378942902592700256179147233373971405653196849374096389505832617866500332699924058912994019886576876394590633633857442701101416478160213777252012505321218393 0 0 0 0 0 0 0 0 0 0 0 0 0 0 0 0 0 0 0 0 0 0 0 0 0 0 0 0 0 0 0 0 0 0 0 0 0 0 0 0 0 0 0 0 0 0 0 0 0 0 0 0 0 0 0 0 0 0 1 0 0 0 0 0 0 0 0 0 0 0 0 0 0 0 0 0 0 0 0 0 0 0 0 0 0 0 0 0 0]
[3544951775972786796940990978707631914797011394530631598783535722908985663168120251830481934310978453715030305296077627241563401576689762555962866084236450647164275637441486243543187186608562428699082123306606411071176278658142090531525305627747344188689413094324472927888 0 0 0 0 0 0 0 0 0 0 0 0 0 0 0 0 0 0 0 0 0 0 0 0 0 0 0 0 0 0 0 0 0 0 0 0 0 0 0 0 0 0 0 0 0 0 0 0 0 0 0 0 0 0 0 0 0 0 0 1 0 0 0 0 0 0 0 0 0 0 0 0 0 0 0 0 0 0 0 0 0 0 0 0 0 0 0 0 0]
[689719400672687613278133845089149789672350828587604223433089300431767699633352099221210577633754527800009933668228194327908098716320479766807886139238639937514858149524123792536083781582862043943002237642941093680337592551135985439103528701014358832612606252603255379462 0 0 0 0 0 0 0 0 0 0 0 0 0 0 0 0 0 0 0 0 0 0 0 0 0 0 0 0 0 0 0 0 0 0 0 0 0 0 0 0 0 0 0 0 0 0 0 0 0 0 0 0 0 0 0 0 0 0 0 0 1 0 0 0 0 0 0 0 0 0 0 0 0 0 0 0 0 0 0 0 0 0 0 0 0 0 0 0 0]
[4387195546870975892128937991590817000977577210921961600036233666703652900841835373491920543960486507426475281647604868953013240626285143167147401074438273636617023866095922766729699661353497342798240841454564103272301049314695653754329666727167430566283322143637601675357 0 0 0 0 0 0 0 0 0 0 0 0 0 0 0 0 0 0 0 0 0 0 0 0 0 0 0 0 0 0 0 0 0 0 0 0 0 0 0 0 0 0 0 0 0 0 0 0 0 0 0 0 0 0 0 0 0 0 0 0 0 1 0 0 0 0 0 0 0 0 0 0 0 0 0 0 0 0 0 0 0 0 0 0 0 0 0 0 0]
[5276901603589816292688572205849534758478557409407672546381025256453996670615307545986527366449063061380765014485995308333394552869099906543944457349172113185571897718965629191675626937604054640577379842415092151744042284342119771090784383947235823139578798691623959247836 0 0 0 0 0 0 0 0 0 0 0 0 0 0 0 0 0 0 0 0 0 0 0 0 0 0 0 0 0 0 0 0 0 0 0 0 0 0 0 0 0 0 0 0 0 0 0 0 0 0 0 0 0 0 0 0 0 0 0 0 0 0 1 0 0 0 0 0 0 0 0 0 0 0 0 0 0 0 0 0 0 0 0 0 0 0 0 0 0]
[2729908776080938510250687906423215987722392757638291830676445651880167668779125128268586133817905585012709408759542444703008216250496965203019701174564400694770633631891783791469974143002943662660533770600550421751906191947856654770847385040981994596992525864337231422041 0 0 0 0 0 0 0 0 0 0 0 0 0 0 0 0 0 0 0 0 0 0 0 0 0 0 0 0 0 0 0 0 0 0 0 0 0 0 0 0 0 0 0 0 0 0 0 0 0 0 0 0 0 0 0 0 0 0 0 0 0 0 0 1 0 0 0 0 0 0 0 0 0 0 0 0 0 0 0 0 0 0 0 0 0 0 0 0 0]
[4123861724291799262868920259217984133220757692515134665609908330309712592033187652779035378007613169727385958808387633141211707298855620441075761034807328606778300344228852037934119772362524957916906971205346127455987808457251974596465750322499106732454350006787106670068 0 0 0 0 0 0 0 0 0 0 0 0 0 0 0 0 0 0 0 0 0 0 0 0 0 0 0 0 0 0 0 0 0 0 0 0 0 0 0 0 0 0 0 0 0 0 0 0 0 0 0 0 0 0 0 0 0 0 0 0 0 0 0 0 1 0 0 0 0 0 0 0 0 0 0 0 0 0 0 0 0 0 0 0 0 0 0 0 0]
[2640859394097890265465785039043631521779924572460271986773356677092393314164614772503352310464912219649342491646595719080027415856293331120173721618299418783584464171920855788131832808754158256031563600439372277418065061093564481465045058259527083316799419681172312831333 0 0 0 0 0 0 0 0 0 0 0 0 0 0 0 0 0 0 0 0 0 0 0 0 0 0 0 0 0 0 0 0 0 0 0 0 0 0 0 0 0 0 0 0 0 0 0 0 0 0 0 0 0 0 0 0 0 0 0 0 0 0 0 0 0 1 0 0 0 0 0 0 0 0 0 0 0 0 0 0 0 0 0 0 0 0 0 0 0]
[4426306420264921992565172130056340967472664408727227179719432900476664390594857805888732140000934712243888150292141383727154406125250144392100880841756105861187685102508769125951633096281804805075037716640260282095376615219260280459535359536324241541176778028255473161208 0 0 0 0 0 0 0 0 0 0 0 0 0 0 0 0 0 0 0 0 0 0 0 0 0 0 0 0 0 0 0 0 0 0 0 0 0 0 0 0 0 0 0 0 0 0 0 0 0 0 0 0 0 0 0 0 0 0 0 0 0 0 0 0 0 0 1 0 0 0 0 0 0 0 0 0 0 0 0 0 0 0 0 0 0 0 0 0 0]
[5682931826013528965731560692930829720982158968377913889837255060090980309839720729323025669865303446125664639859872325765671849008128365648628567380516927441817312956441913446123523446776022414829593461194597474799575166544424188529449884788436630547881205523728252341242 0 0 0 0 0 0 0 0 0 0 0 0 0 0 0 0 0 0 0 0 0 0 0 0 0 0 0 0 0 0 0 0 0 0 0 0 0 0 0 0 0 0 0 0 0 0 0 0 0 0 0 0 0 0 0 0 0 0 0 0 0 0 0 0 0 0 0 1 0 0 0 0 0 0 0 0 0 0 0 0 0 0 0 0 0 0 0 0 0]
[2140747812129166878198765777431818498277377491555830641950082830547601709068730136130385529465224911757838269341095093867474353180029193443044619055664519246654624432970256144548326571182351144769540252560447747595057733751238152016434016441911941075442692679255369554189 0 0 0 0 0 0 0 0 0 0 0 0 0 0 0 0 0 0 0 0 0 0 0 0 0 0 0 0 0 0 0 0 0 0 0 0 0 0 0 0 0 0 0 0 0 0 0 0 0 0 0 0 0 0 0 0 0 0 0 0 0 0 0 0 0 0 0 0 1 0 0 0 0 0 0 0 0 0 0 0 0 0 0 0 0 0 0 0 0]
[6888328066420714904593273140630466890188708969427482851716321183331367770597226207412896112593628656424560896333783343847733079094994055552506576590291994896800656907807840547374780857347004998269782017753558145590110168086731280101015952743031299498757837532515664901432 0 0 0 0 0 0 0 0 0 0 0 0 0 0 0 0 0 0 0 0 0 0 0 0 0 0 0 0 0 0 0 0 0 0 0 0 0 0 0 0 0 0 0 0 0 0 0 0 0 0 0 0 0 0 0 0 0 0 0 0 0 0 0 0 0 0 0 0 0 1 0 0 0 0 0 0 0 0 0 0 0 0 0 0 0 0 0 0 0]
[1372307674339632324587996457669711021504644210810424853779320829369220064220190044242227781475922687062743573479501290643045855290698599858803239512967018724882812787594984096696280288742394375299086086656840791374360730185929812405575150941589417454995909438647164787730 0 0 0 0 0 0 0 0 0 0 0 0 0 0 0 0 0 0 0 0 0 0 0 0 0 0 0 0 0 0 0 0 0 0 0 0 0 0 0 0 0 0 0 0 0 0 0 0 0 0 0 0 0 0 0 0 0 0 0 0 0 0 0 0 0 0 0 0 0 0 1 0 0 0 0 0 0 0 0 0 0 0 0 0 0 0 0 0 0]
[335410281740540816030791870648740637357178757587507681561872660637225264171802293928565569249542184938718680451510571187316308595110362219689225122494950289512440892704178447430424616938975373814125227928686944823067479900722929497289054379312225835682079391669583342975 0 0 0 0 0 0 0 0 0 0 0 0 0 0 0 0 0 0 0 0 0 0 0 0 0 0 0 0 0 0 0 0 0 0 0 0 0 0 0 0 0 0 0 0 0 0 0 0 0 0 0 0 0 0 0 0 0 0 0 0 0 0 0 0 0 0 0 0 0 0 0 1 0 0 0 0 0 0 0 0 0 0 0 0 0 0 0 0 0]
[6042153957002781509003933969650074278978012456287433381958116359323175175674501052524895772830929699690319425788702756779462336096086874925379556735149064344985518009737688172167103255591343561531595514900766478892961033142529667256114522010525896518254672373561351138044 0 0 0 0 0 0 0 0 0 0 0 0 0 0 0 0 0 0 0 0 0 0 0 0 0 0 0 0 0 0 0 0 0 0 0 0 0 0 0 0 0 0 0 0 0 0 0 0 0 0 0 0 0 0 0 0 0 0 0 0 0 0 0 0 0 0 0 0 0 0 0 0 1 0 0 0 0 0 0 0 0 0 0 0 0 0 0 0 0]
[3000726485521445825073195915906894327600866406572665137141940530059737610403467602848766103895189979418955139416620905196460828956935820208616803244299750254307788927633574754650331333377066364748136047738076118988608829823610928705609893531244079111194537452484483139947 0 0 0 0 0 0 0 0 0 0 0 0 0 0 0 0 0 0 0 0 0 0 0 0 0 0 0 0 0 0 0 0 0 0 0 0 0 0 0 0 0 0 0 0 0 0 0 0 0 0 0 0 0 0 0 0 0 0 0 0 0 0 0 0 0 0 0 0 0 0 0 0 0 1 0 0 0 0 0 0 0 0 0 0 0 0 0 0 0]
[5266011255002089093775515983599649816245556120731458901412081619380476380081123308856740119528932075971261567296342885294081526501836908232683725967291772839351049606694495311724399586920012882365199155310973716089113507286515092284298813333328273197180862811531855129147 0 0 0 0 0 0 0 0 0 0 0 0 0 0 0 0 0 0 0 0 0 0 0 0 0 0 0 0 0 0 0 0 0 0 0 0 0 0 0 0 0 0 0 0 0 0 0 0 0 0 0 0 0 0 0 0 0 0 0 0 0 0 0 0 0 0 0 0 0 0 0 0 0 0 1 0 0 0 0 0 0 0 0 0 0 0 0 0 0]
[4210815063256042268980462509851653973390377766025918995108702946265169620428658782608615024466570377831911561284919433530172473028274190774096941847374689516513100894825906071774515152383982875420892933335173011606809364817014086815851932094225191625175821980464539854444 0 0 0 0 0 0 0 0 0 0 0 0 0 0 0 0 0 0 0 0 0 0 0 0 0 0 0 0 0 0 0 0 0 0 0 0 0 0 0 0 0 0 0 0 0 0 0 0 0 0 0 0 0 0 0 0 0 0 0 0 0 0 0 0 0 0 0 0 0 0 0 0 0 0 0 1 0 0 0 0 0 0 0 0 0 0 0 0 0]
[3802812918763657356983661189040861999929237002768113646161818887807510480589944317381293906297999216687147948509033589024601636153385445242964331150438459689707935864444085510915270824135683890505988311180387595188383044514170996537657627822163022051420866201483496196409 0 0 0 0 0 0 0 0 0 0 0 0 0 0 0 0 0 0 0 0 0 0 0 0 0 0 0 0 0 0 0 0 0 0 0 0 0 0 0 0 0 0 0 0 0 0 0 0 0 0 0 0 0 0 0 0 0 0 0 0 0 0 0 0 0 0 0 0 0 0 0 0 0 0 0 0 1 0 0 0 0 0 0 0 0 0 0 0 0]
[4880379779840177606010550410564253158218967163992471094908467357390527802013553276118979112221579459243562000416204629497531109077001874275053917631742488425967760793181165775569208491801816932444443183056357818603561418492016076626237508848924418799593175644804111336139 0 0 0 0 0 0 0 0 0 0 0 0 0 0 0 0 0 0 0 0 0 0 0 0 0 0 0 0 0 0 0 0 0 0 0 0 0 0 0 0 0 0 0 0 0 0 0 0 0 0 0 0 0 0 0 0 0 0 0 0 0 0 0 0 0 0 0 0 0 0 0 0 0 0 0 0 0 1 0 0 0 0 0 0 0 0 0 0 0]
[3614317737665602675427136872725238203045554087089454241449507728421640933633200018986323870675481517879344002495205446022247862267449175190692123669572247667662535827463172324503897324830211711577396999460457685539347271319375597439800776669490830198871628906182449347767 0 0 0 0 0 0 0 0 0 0 0 0 0 0 0 0 0 0 0 0 0 0 0 0 0 0 0 0 0 0 0 0 0 0 0 0 0 0 0 0 0 0 0 0 0 0 0 0 0 0 0 0 0 0 0 0 0 0 0 0 0 0 0 0 0 0 0 0 0 0 0 0 0 0 0 0 0 0 1 0 0 0 0 0 0 0 0 0 0]
[5068371864060245502882200332078886150996527358419265899533365632568320977169855960277901857769146413148904599326090003709020394058665771376457265289781206583765355219303647198547149553475548716058117544423812477609712579815587712384152657521921258813496691561165898196024 0 0 0 0 0 0 0 0 0 0 0 0 0 0 0 0 0 0 0 0 0 0 0 0 0 0 0 0 0 0 0 0 0 0 0 0 0 0 0 0 0 0 0 0 0 0 0 0 0 0 0 0 0 0 0 0 0 0 0 0 0 0 0 0 0 0 0 0 0 0 0 0 0 0 0 0 0 0 0 1 0 0 0 0 0 0 0 0 0]
[3009564045836505891402413081637014021998694852277804521603165536343471359893708183376254993899790016048287748123979347374719639195366025342605702546614058285789106876093232483151990124847556959020946402453452304393186696286546106551606148785667490441804913848238024711811 0 0 0 0 0 0 0 0 0 0 0 0 0 0 0 0 0 0 0 0 0 0 0 0 0 0 0 0 0 0 0 0 0 0 0 0 0 0 0 0 0 0 0 0 0 0 0 0 0 0 0 0 0 0 0 0 0 0 0 0 0 0 0 0 0 0 0 0 0 0 0 0 0 0 0 0 0 0 0 0 1 0 0 0 0 0 0 0 0]
[3757976731230674505377619068295425765116626381892521860629293491958780512046661281111504977517228490371911950734531731730496919879017608778746745809889704558196117731677979297265209551126680473164288349877001740904618784610666427114481050664220366691368353638280886533173 0 0 0 0 0 0 0 0 0 0 0 0 0 0 0 0 0 0 0 0 0 0 0 0 0 0 0 0 0 0 0 0 0 0 0 0 0 0 0 0 0 0 0 0 0 0 0 0 0 0 0 0 0 0 0 0 0 0 0 0 0 0 0 0 0 0 0 0 0 0 0 0 0 0 0 0 0 0 0 0 0 1 0 0 0 0 0 0 0]
[5555126157245554104290971895250308150541047456350431702334643247793030696568741221327227906500183855692056372672757049227379017777981927811064476469306352138428843100351926232856939183776513149138931201499034924725899722321782420406364326081941641403327770048001796329334 0 0 0 0 0 0 0 0 0 0 0 0 0 0 0 0 0 0 0 0 0 0 0 0 0 0 0 0 0 0 0 0 0 0 0 0 0 0 0 0 0 0 0 0 0 0 0 0 0 0 0 0 0 0 0 0 0 0 0 0 0 0 0 0 0 0 0 0 0 0 0 0 0 0 0 0 0 0 0 0 0 0 1 0 0 0 0 0 0]
[2461166953702678463080064967607451655842466595800817623103960900353799898769452382247097466389778360224156298038025589603022618682345145092968879645108793985733593739377888716064116782303896603686962242648570783357772987875202848931669495812072826194745743513482597737788 0 0 0 0 0 0 0 0 0 0 0 0 0 0 0 0 0 0 0 0 0 0 0 0 0 0 0 0 0 0 0 0 0 0 0 0 0 0 0 0 0 0 0 0 0 0 0 0 0 0 0 0 0 0 0 0 0 0 0 0 0 0 0 0 0 0 0 0 0 0 0 0 0 0 0 0 0 0 0 0 0 0 0 1 0 0 0 0 0]
[3315216763062508399327341599901986010969158949458208471023174283869855073346504438692929600890139054232251217918883854723278997627335042822168120443890333935531097674246845293966721898100800876495278862489458155910777061452194362854217945777964686736626638718766112326507 0 0 0 0 0 0 0 0 0 0 0 0 0 0 0 0 0 0 0 0 0 0 0 0 0 0 0 0 0 0 0 0 0 0 0 0 0 0 0 0 0 0 0 0 0 0 0 0 0 0 0 0 0 0 0 0 0 0 0 0 0 0 0 0 0 0 0 0 0 0 0 0 0 0 0 0 0 0 0 0 0 0 0 0 1 0 0 0 0]
[2682384928235771195664181283323961056833896933398440223591754732598895945542450566951501286751291376506316488940899249799486347258818417962053743770481646485462862929202847681152684501157713702069748761143040821110263924015456641204785221904542321029228017748982242942096 0 0 0 0 0 0 0 0 0 0 0 0 0 0 0 0 0 0 0 0 0 0 0 0 0 0 0 0 0 0 0 0 0 0 0 0 0 0 0 0 0 0 0 0 0 0 0 0 0 0 0 0 0 0 0 0 0 0 0 0 0 0 0 0 0 0 0 0 0 0 0 0 0 0 0 0 0 0 0 0 0 0 0 0 0 1 0 0 0]
[6059358419454000392809149470020014917283331110944377752988373817937078066041442226568540835018273096962778173953270719254089601578183289340155014792106381105585491252927015001046318953671515263593452971066131149833599750964134662354030890132165018351682596206877668179360 0 0 0 0 0 0 0 0 0 0 0 0 0 0 0 0 0 0 0 0 0 0 0 0 0 0 0 0 0 0 0 0 0 0 0 0 0 0 0 0 0 0 0 0 0 0 0 0 0 0 0 0 0 0 0 0 0 0 0 0 0 0 0 0 0 0 0 0 0 0 0 0 0 0 0 0 0 0 0 0 0 0 0 0 0 0 1 0 0]
[4913117600180256864467780764789948696698777596305999527743877005855136690059047502042630960481999015811721677983507241956663492247238450400577452111675394293386800459328050140397668613870499497846439781484585309558754300524368177890992422593363504953359848428004486333825 0 0 0 0 0 0 0 0 0 0 0 0 0 0 0 0 0 0 0 0 0 0 0 0 0 0 0 0 0 0 0 0 0 0 0 0 0 0 0 0 0 0 0 0 0 0 0 0 0 0 0 0 0 0 0 0 0 0 0 0 0 0 0 0 0 0 0 0 0 0 0 0 0 0 0 0 0 0 0 0 0 0 0 0 0 0 0 1 0]
[279278533094138114799697322460266538672514635448427573547635757830678973052265522055469829229697478092085773738039200052119522365792620329191522059852648737945920576479352982017921641593761518643878384250991550760285906073542293346715335365751454095762543435919635713940 0 0 0 0 0 0 0 0 0 0 0 0 0 0 0 0 0 0 0 0 0 0 0 0 0 0 0 0 0 0 0 0 0 0 0 0 0 0 0 0 0 0 0 0 0 0 0 0 0 0 0 0 0 0 0 0 0 0 0 0 0 0 0 0 0 0 0 0 0 0 0 0 0 0 0 0 0 0 0 0 0 0 0 0 0 0 0 0 1]
]
