[[3336266429992894653394591363595451439541605902717929053227415537632121470584655173450589013388487441080620163869378899022091050803711802325734472129556387882917262885605069212143736702428458961493149090546530973309170168253607139975047131797 0 0 0 0 0 0 0 0 0 0 0 0 0 0 0 0 0 0 0 0 0 0 0 0 0 0 0 0 0 0 0 0 0 0 0 0 0 0 0 0 0 0 0 0 0 0 0 0 0 0 0 0 0 0 0 0 0 0 0 0 0 0 0 0 0 0 0 0 0 0 0 0 0 0 0 0 0 0 0]
[511216117646668879120948983214683783002723773559766830871265725919464348477583957505735203689700224249978273741255116928384381498083753507016463662024396297080318133110068187497607161764388944369712543336598354790627642532667154460254720528 1 0 0 0 0 0 0 0 0 0 0 0 0 0 0 0 0 0 0 0 0 0 0 0 0 0 0 0 0 0 0 0 0 0 0 0 0 0 0 0 0 0 0 0 0 0 0 0 0 0 0 0 0 0 0 0 0 0 0 0 0 0 0 0 0 0 0 0 0 0 0 0 0 0 0 0 0 0 0]
[2484507566350210592978675004899645010428870483366340512001824075706769381503223511911499462388238833542759635662103091027850525557776843916312283679438366410351289651763282704921145047712514089124482104149445624354942494583298350207114750233 0 1 0 0 0 0 0 0 0 0 0 0 0 0 0 0 0 0 0 0 0 0 0 0 0 0 0 0 0 0 0 0 0 0 0 0 0 0 0 0 0 0 0 0 0 0 0 0 0 0 0 0 0 0 0 0 0 0 0 0 0 0 0 0 0 0 0 0 0 0 0 0 0 0 0 0 0 0 0]
[1806812759455635595844437460969690472293137453600311966735850653744602552835692195134804323771414841063491664856605543710385162186127111918154231015150783529790224353032805427774561328793185299552904578386613919793932144972766374105170595924 0 0 1 0 0 0 0 0 0 0 0 0 0 0 0 0 0 0 0 0 0 0 0 0 0 0 0 0 0 0 0 0 0 0 0 0 0 0 0 0 0 0 0 0 0 0 0 0 0 0 0 0 0 0 0 0 0 0 0 0 0 0 0 0 0 0 0 0 0 0 0 0 0 0 0 0 0 0 0]
[3295673576585145043082970383042707868310237240048730367643943384871242547643237230633228695126420020654223976465342640072547017038124347044359848834646232661176590334381991761823182423326776238093564526008391150675913900173593970821336220377 0 0 0 1 0 0 0 0 0 0 0 0 0 0 0 0 0 0 0 0 0 0 0 0 0 0 0 0 0 0 0 0 0 0 0 0 0 0 0 0 0 0 0 0 0 0 0 0 0 0 0 0 0 0 0 0 0 0 0 0 0 0 0 0 0 0 0 0 0 0 0 0 0 0 0 0 0 0 0]
[3130378005939813277651394719242036120972479928126498243821046430745713072960813897395660349948105836044087290147976701185822270862504979598651006176431128455398653479261997472610900768383650489452940278129628573721108112652258188864770724807 0 0 0 0 1 0 0 0 0 0 0 0 0 0 0 0 0 0 0 0 0 0 0 0 0 0 0 0 0 0 0 0 0 0 0 0 0 0 0 0 0 0 0 0 0 0 0 0 0 0 0 0 0 0 0 0 0 0 0 0 0 0 0 0 0 0 0 0 0 0 0 0 0 0 0 0 0 0 0]
[1286806378971157744296824276221562236672332346321688670035192911585775222326077609432562402600171882984227688151360381548080881918072991358635071184913169435392704734226202671516856898263627909420058721290257898276285628337487521731431394380 0 0 0 0 0 1 0 0 0 0 0 0 0 0 0 0 0 0 0 0 0 0 0 0 0 0 0 0 0 0 0 0 0 0 0 0 0 0 0 0 0 0 0 0 0 0 0 0 0 0 0 0 0 0 0 0 0 0 0 0 0 0 0 0 0 0 0 0 0 0 0 0 0 0 0 0 0 0 0]
[2374855372554455287597314571452761852925847547677456376096454946070031859774583678416896331018227367728386960084886168106072473590805224100526735509491579285671760337431559536855612569647420504720196088431467272637814401893214190956847302603 0 0 0 0 0 0 1 0 0 0 0 0 0 0 0 0 0 0 0 0 0 0 0 0 0 0 0 0 0 0 0 0 0 0 0 0 0 0 0 0 0 0 0 0 0 0 0 0 0 0 0 0 0 0 0 0 0 0 0 0 0 0 0 0 0 0 0 0 0 0 0 0 0 0 0 0 0 0 0]
[1123110653812794807208160887424429889350459603212419198969048364209453277009807483949472999277704550431867199685600713574170187260592574943792036857508491124123515366747699971060893320836896031471773292483129791289550646412188360256295040098 0 0 0 0 0 0 0 1 0 0 0 0 0 0 0 0 0 0 0 0 0 0 0 0 0 0 0 0 0 0 0 0 0 0 0 0 0 0 0 0 0 0 0 0 0 0 0 0 0 0 0 0 0 0 0 0 0 0 0 0 0 0 0 0 0 0 0 0 0 0 0 0 0 0 0 0 0 0 0]
[3087842809327342999651517701160962212216054297876669581878802608958642683144018491224955455125816982769142850851715815684001043243559900667955028112187377208511077419246634757569655559297773931625003942048366184228652704543364181404110832435 0 0 0 0 0 0 0 0 1 0 0 0 0 0 0 0 0 0 0 0 0 0 0 0 0 0 0 0 0 0 0 0 0 0 0 0 0 0 0 0 0 0 0 0 0 0 0 0 0 0 0 0 0 0 0 0 0 0 0 0 0 0 0 0 0 0 0 0 0 0 0 0 0 0 0 0 0 0 0]
[3208300330744361013726217157078656863843250163011466693105844830143036120856266064085203001625692808228954002590109833869148620983889754193805214851963870478383389531264820579213603605456934925895445907877437696694765956570524707369484573001 0 0 0 0 0 0 0 0 0 1 0 0 0 0 0 0 0 0 0 0 0 0 0 0 0 0 0 0 0 0 0 0 0 0 0 0 0 0 0 0 0 0 0 0 0 0 0 0 0 0 0 0 0 0 0 0 0 0 0 0 0 0 0 0 0 0 0 0 0 0 0 0 0 0 0 0 0 0 0]
[1517887969786010658698776997214224108570224053154054711113062799897126910536179654144126795526564480435000894004528383807512940365896864744827542631715857009120597265141210183835508166149048181165759065207149189957373104317347350641860417527 0 0 0 0 0 0 0 0 0 0 1 0 0 0 0 0 0 0 0 0 0 0 0 0 0 0 0 0 0 0 0 0 0 0 0 0 0 0 0 0 0 0 0 0 0 0 0 0 0 0 0 0 0 0 0 0 0 0 0 0 0 0 0 0 0 0 0 0 0 0 0 0 0 0 0 0 0 0 0]
[1621930133320278352106131883789814751220820654779459665630843125573546782739446160289432816263764407678440890788267916638696234274675025650723684144514987033637520754065529645451262082827378919847459364093485455188795993756004306043534747086 0 0 0 0 0 0 0 0 0 0 0 1 0 0 0 0 0 0 0 0 0 0 0 0 0 0 0 0 0 0 0 0 0 0 0 0 0 0 0 0 0 0 0 0 0 0 0 0 0 0 0 0 0 0 0 0 0 0 0 0 0 0 0 0 0 0 0 0 0 0 0 0 0 0 0 0 0 0 0]
[1269332481923006098212528785905556318416582032405844835353568332231314513051244182083861112548779905554359777399866664905970447902290470090938863809406732147238378053822662709515902657318499482218232827104342783146949488759435549360178502388 0 0 0 0 0 0 0 0 0 0 0 0 1 0 0 0 0 0 0 0 0 0 0 0 0 0 0 0 0 0 0 0 0 0 0 0 0 0 0 0 0 0 0 0 0 0 0 0 0 0 0 0 0 0 0 0 0 0 0 0 0 0 0 0 0 0 0 0 0 0 0 0 0 0 0 0 0 0 0]
[3066125254802089023992458204160384654091519230530909842227317399784527387567551663591238040460495355880676777631227464175672993708967391047812407512072161588482124481220469875095655796160761608051934227320604787511803367078766632158849011759 0 0 0 0 0 0 0 0 0 0 0 0 0 1 0 0 0 0 0 0 0 0 0 0 0 0 0 0 0 0 0 0 0 0 0 0 0 0 0 0 0 0 0 0 0 0 0 0 0 0 0 0 0 0 0 0 0 0 0 0 0 0 0 0 0 0 0 0 0 0 0 0 0 0 0 0 0 0 0]
[2666854117318448825024035633550691947053278263568736665932651594193483099233272278233743781542428211837339063932963252189339404000101077669841845141848562755615660095888354321278630739239601533665115860860336076760031854679426903129304952244 0 0 0 0 0 0 0 0 0 0 0 0 0 0 1 0 0 0 0 0 0 0 0 0 0 0 0 0 0 0 0 0 0 0 0 0 0 0 0 0 0 0 0 0 0 0 0 0 0 0 0 0 0 0 0 0 0 0 0 0 0 0 0 0 0 0 0 0 0 0 0 0 0 0 0 0 0 0 0]
[2960270594118887119679029852874411430159422597227942690769845549893638014039631275834030969913594368063509356160093274666598102989788480365948561634034923712286473005490720719064251392861852883201741300877319364028907309985805381357052740590 0 0 0 0 0 0 0 0 0 0 0 0 0 0 0 1 0 0 0 0 0 0 0 0 0 0 0 0 0 0 0 0 0 0 0 0 0 0 0 0 0 0 0 0 0 0 0 0 0 0 0 0 0 0 0 0 0 0 0 0 0 0 0 0 0 0 0 0 0 0 0 0 0 0 0 0 0 0 0]
[1341418170898539209081661783468217794498991073746488610506282141262131113569717739723762440111770750252385932901033690651767502630482213759475246410306886047334367582143148277790347183788761896005617339422963754519113574443011514969308322933 0 0 0 0 0 0 0 0 0 0 0 0 0 0 0 0 1 0 0 0 0 0 0 0 0 0 0 0 0 0 0 0 0 0 0 0 0 0 0 0 0 0 0 0 0 0 0 0 0 0 0 0 0 0 0 0 0 0 0 0 0 0 0 0 0 0 0 0 0 0 0 0 0 0 0 0 0 0 0]
[3026259506030771137036726395010589177253583091302551053831404350099111247901807836255742108153626041599548186909820914771517710662421063155971454332236178092614722272526862062967795088746717866118244629523842395792882867492462747679603253177 0 0 0 0 0 0 0 0 0 0 0 0 0 0 0 0 0 1 0 0 0 0 0 0 0 0 0 0 0 0 0 0 0 0 0 0 0 0 0 0 0 0 0 0 0 0 0 0 0 0 0 0 0 0 0 0 0 0 0 0 0 0 0 0 0 0 0 0 0 0 0 0 0 0 0 0 0 0 0]
[1474176568921488310311824216343756616702278701099602675599507142772068602020132009917711420095442198260453496535774654056815381086736823663851756760006273426226696306018809591015314566763114219343525694083435799946853067330892472935125775878 0 0 0 0 0 0 0 0 0 0 0 0 0 0 0 0 0 0 1 0 0 0 0 0 0 0 0 0 0 0 0 0 0 0 0 0 0 0 0 0 0 0 0 0 0 0 0 0 0 0 0 0 0 0 0 0 0 0 0 0 0 0 0 0 0 0 0 0 0 0 0 0 0 0 0 0 0 0 0]
[1534617756258536501328683257429324556374354607081644356843554725059788645227078054936528838214825954357027130893501724143196683346912769111383211709681376445030814884018191538642405805576599508745433744937778800674191928757587652548841681414 0 0 0 0 0 0 0 0 0 0 0 0 0 0 0 0 0 0 0 1 0 0 0 0 0 0 0 0 0 0 0 0 0 0 0 0 0 0 0 0 0 0 0 0 0 0 0 0 0 0 0 0 0 0 0 0 0 0 0 0 0 0 0 0 0 0 0 0 0 0 0 0 0 0 0 0 0 0 0]
[1688423140005116221082041895794164283980737145692911284726805981475838122665274783453586514564911895144722180607169365884633887461080364961571570402391670995427841852636701923975570626611945224087653739124594548449608783636807917116900375754 0 0 0 0 0 0 0 0 0 0 0 0 0 0 0 0 0 0 0 0 1 0 0 0 0 0 0 0 0 0 0 0 0 0 0 0 0 0 0 0 0 0 0 0 0 0 0 0 0 0 0 0 0 0 0 0 0 0 0 0 0 0 0 0 0 0 0 0 0 0 0 0 0 0 0 0 0 0 0]
[1057756921918498825928522178434289087690310829900054934970035138393245057742616443949441103783532245176273481449696154994951069095074766482390331172028463634579337974795177255769938590009061832520789581855431030387546646189435378352084100971 0 0 0 0 0 0 0 0 0 0 0 0 0 0 0 0 0 0 0 0 0 1 0 0 0 0 0 0 0 0 0 0 0 0 0 0 0 0 0 0 0 0 0 0 0 0 0 0 0 0 0 0 0 0 0 0 0 0 0 0 0 0 0 0 0 0 0 0 0 0 0 0 0 0 0 0 0 0 0]
[2599222276083624605363725913692522144514388641454805306873026064412913556426623053642834000346563614540978385283540690538892896746105119935223558343861019031862323444557307144549018053132821403585388491143311974414124586927611342722282727447 0 0 0 0 0 0 0 0 0 0 0 0 0 0 0 0 0 0 0 0 0 0 1 0 0 0 0 0 0 0 0 0 0 0 0 0 0 0 0 0 0 0 0 0 0 0 0 0 0 0 0 0 0 0 0 0 0 0 0 0 0 0 0 0 0 0 0 0 0 0 0 0 0 0 0 0 0 0 0]
[3104250142434906740561623017883432074040178557288096576245511082945819253808136998956447585994497066852073230563790139678556010083317649632693998645107643923053685961447497304892482473109565157330518847341056300620441901199754220081083395310 0 0 0 0 0 0 0 0 0 0 0 0 0 0 0 0 0 0 0 0 0 0 0 1 0 0 0 0 0 0 0 0 0 0 0 0 0 0 0 0 0 0 0 0 0 0 0 0 0 0 0 0 0 0 0 0 0 0 0 0 0 0 0 0 0 0 0 0 0 0 0 0 0 0 0 0 0 0 0]
[3260809287177553025883597224128420775397390834501248829279087812020266335804586077692805522806415902181988502804852307040254126041580661319416302604681306844455734037084296543586698452063774433678420834785575209896612546616031404840517460082 0 0 0 0 0 0 0 0 0 0 0 0 0 0 0 0 0 0 0 0 0 0 0 0 1 0 0 0 0 0 0 0 0 0 0 0 0 0 0 0 0 0 0 0 0 0 0 0 0 0 0 0 0 0 0 0 0 0 0 0 0 0 0 0 0 0 0 0 0 0 0 0 0 0 0 0 0 0 0]
[373640478134267066656005026367131504221167227976206922031511540099313507988366780142693136673756288970529797369772597174249858960989594776680672603240758982171448579632181437566255194875375658914701140453191293665894983926372174497860261505 0 0 0 0 0 0 0 0 0 0 0 0 0 0 0 0 0 0 0 0 0 0 0 0 0 1 0 0 0 0 0 0 0 0 0 0 0 0 0 0 0 0 0 0 0 0 0 0 0 0 0 0 0 0 0 0 0 0 0 0 0 0 0 0 0 0 0 0 0 0 0 0 0 0 0 0 0 0 0]
[2989284032943527176654435486103492052077534233389593439322652956180256710372698827191818391095291012679564159251926927060860996167021063940111784601252524328624789248488347653478902821147305606493285098888237837855724176981606391734219273457 0 0 0 0 0 0 0 0 0 0 0 0 0 0 0 0 0 0 0 0 0 0 0 0 0 0 1 0 0 0 0 0 0 0 0 0 0 0 0 0 0 0 0 0 0 0 0 0 0 0 0 0 0 0 0 0 0 0 0 0 0 0 0 0 0 0 0 0 0 0 0 0 0 0 0 0 0 0 0]
[1267844699505001607740233312775646978088738998800009844670698044742675570411774908693440390393850719019298221030476859305581477987644063227057333802799647527555357052709063370978938542737760709686253374459435697116374689793940927149283222502 0 0 0 0 0 0 0 0 0 0 0 0 0 0 0 0 0 0 0 0 0 0 0 0 0 0 0 1 0 0 0 0 0 0 0 0 0 0 0 0 0 0 0 0 0 0 0 0 0 0 0 0 0 0 0 0 0 0 0 0 0 0 0 0 0 0 0 0 0 0 0 0 0 0 0 0 0 0 0]
[1638597942936011366089750051748917630820060556058852307209685626065286464046198372594588314290962307433606914382736384933037089878927744090466655812518286686212743281259760384611950637497274513334522312323523278376580458835986552805918842776 0 0 0 0 0 0 0 0 0 0 0 0 0 0 0 0 0 0 0 0 0 0 0 0 0 0 0 0 1 0 0 0 0 0 0 0 0 0 0 0 0 0 0 0 0 0 0 0 0 0 0 0 0 0 0 0 0 0 0 0 0 0 0 0 0 0 0 0 0 0 0 0 0 0 0 0 0 0 0]
[905609510549324470812994973428240180794654419056953843417442560941201255704787378718861137163463606766857103908132379082083782812366179713819472357162220430804977869870468266609689851514266566115396906969097805070644194086704925772584510615 0 0 0 0 0 0 0 0 0 0 0 0 0 0 0 0 0 0 0 0 0 0 0 0 0 0 0 0 0 1 0 0 0 0 0 0 0 0 0 0 0 0 0 0 0 0 0 0 0 0 0 0 0 0 0 0 0 0 0 0 0 0 0 0 0 0 0 0 0 0 0 0 0 0 0 0 0 0 0]
[2459343520602372167855571508750245422693756593842996415557122387577139912136206532422446976892353003314291717063942315318272307909917257399861444620896417296019335018236020787258243241212532763814837714292386072546712694708010317746653503776 0 0 0 0 0 0 0 0 0 0 0 0 0 0 0 0 0 0 0 0 0 0 0 0 0 0 0 0 0 0 1 0 0 0 0 0 0 0 0 0 0 0 0 0 0 0 0 0 0 0 0 0 0 0 0 0 0 0 0 0 0 0 0 0 0 0 0 0 0 0 0 0 0 0 0 0 0 0 0]
[2698010075020989828282965175881873579754765965664186656669715773508616393072937155614405628753186784030963039265082592057660935252916815240174312905510804130170589520776303648968471717222475509831479179533251191033625250035825631995961374113 0 0 0 0 0 0 0 0 0 0 0 0 0 0 0 0 0 0 0 0 0 0 0 0 0 0 0 0 0 0 0 1 0 0 0 0 0 0 0 0 0 0 0 0 0 0 0 0 0 0 0 0 0 0 0 0 0 0 0 0 0 0 0 0 0 0 0 0 0 0 0 0 0 0 0 0 0 0 0]
[3324583842744823328199728703817133458487968528543823448600238958980067879227204573084416497940168972058710652127617925157852083672492090707978958810153253459944186284007577664393030767415593134736556073225320446743565069829564181942833207813 0 0 0 0 0 0 0 0 0 0 0 0 0 0 0 0 0 0 0 0 0 0 0 0 0 0 0 0 0 0 0 0 1 0 0 0 0 0 0 0 0 0 0 0 0 0 0 0 0 0 0 0 0 0 0 0 0 0 0 0 0 0 0 0 0 0 0 0 0 0 0 0 0 0 0 0 0 0 0]
[2808953574012499564244174682167805101398093196373018418734009821091854268848384585673092396046172482471263361985072674536933150081204679371853519994458568790786977961807263130571973352722084291654677951816536158651522930260958542239553565666 0 0 0 0 0 0 0 0 0 0 0 0 0 0 0 0 0 0 0 0 0 0 0 0 0 0 0 0 0 0 0 0 0 1 0 0 0 0 0 0 0 0 0 0 0 0 0 0 0 0 0 0 0 0 0 0 0 0 0 0 0 0 0 0 0 0 0 0 0 0 0 0 0 0 0 0 0 0 0]
[2753242318027523608113346093206197341589846874796147141159864638593307160717953040059197860154594594129345354294536146557342980463037360724705426760447314741536851888677021973703534755265855700009338661176124054125935965624667548924377756955 0 0 0 0 0 0 0 0 0 0 0 0 0 0 0 0 0 0 0 0 0 0 0 0 0 0 0 0 0 0 0 0 0 0 1 0 0 0 0 0 0 0 0 0 0 0 0 0 0 0 0 0 0 0 0 0 0 0 0 0 0 0 0 0 0 0 0 0 0 0 0 0 0 0 0 0 0 0 0]
[227040830792319190838405328060703416343393165854085566740198182624831507145980821203751732742103981496210783150038677897801885140813245950758097774287334099110805295130592221193477264780107210580980475396498720946244811786441853810114544270 0 0 0 0 0 0 0 0 0 0 0 0 0 0 0 0 0 0 0 0 0 0 0 0 0 0 0 0 0 0 0 0 0 0 0 1 0 0 0 0 0 0 0 0 0 0 0 0 0 0 0 0 0 0 0 0 0 0 0 0 0 0 0 0 0 0 0 0 0 0 0 0 0 0 0 0 0 0 0]
[2261377935673365524993056036177044438696712362173784621203154427920215108842697431756552605297243334744227759357986442887032286730706759924920742804459010242345359639719448171881558885044001508050097720431076874492128627181304077212365481656 0 0 0 0 0 0 0 0 0 0 0 0 0 0 0 0 0 0 0 0 0 0 0 0 0 0 0 0 0 0 0 0 0 0 0 0 1 0 0 0 0 0 0 0 0 0 0 0 0 0 0 0 0 0 0 0 0 0 0 0 0 0 0 0 0 0 0 0 0 0 0 0 0 0 0 0 0 0 0]
[1230678366596020995606895011755570232271556407730541911538713988206348565617729653312354039998101340269343702653561770858963701923812343456580691508339317955297358578371163230459730346626167201389743308438513958368612927654914670640145356329 0 0 0 0 0 0 0 0 0 0 0 0 0 0 0 0 0 0 0 0 0 0 0 0 0 0 0 0 0 0 0 0 0 0 0 0 0 1 0 0 0 0 0 0 0 0 0 0 0 0 0 0 0 0 0 0 0 0 0 0 0 0 0 0 0 0 0 0 0 0 0 0 0 0 0 0 0 0 0]
[1824743272170461969731059004384618112941031086766880248191586645899122175829752928351601234389476769802225717426742295555282018676697643995615416635402942900270317224664079468985306766995245577027521178880726907172478247209864666086589908481 0 0 0 0 0 0 0 0 0 0 0 0 0 0 0 0 0 0 0 0 0 0 0 0 0 0 0 0 0 0 0 0 0 0 0 0 0 0 1 0 0 0 0 0 0 0 0 0 0 0 0 0 0 0 0 0 0 0 0 0 0 0 0 0 0 0 0 0 0 0 0 0 0 0 0 0 0 0 0]
[1340816080861068319373998938679126887602375529697298809527841448951572833173414059157689778794393966513942768704107443448330442035339616974590759476235268463237911380359787756230021382589328786311045309652430355225117510508257120601124381452 0 0 0 0 0 0 0 0 0 0 0 0 0 0 0 0 0 0 0 0 0 0 0 0 0 0 0 0 0 0 0 0 0 0 0 0 0 0 0 1 0 0 0 0 0 0 0 0 0 0 0 0 0 0 0 0 0 0 0 0 0 0 0 0 0 0 0 0 0 0 0 0 0 0 0 0 0 0 0]
[3251628253270375996025118919571107588906913482411812651549422948707226282152500747211920985768100057249920986136127880952731005415300664841394145905428020404382076896048441471494407741170544552588301028896146697580573582432862117244017518750 0 0 0 0 0 0 0 0 0 0 0 0 0 0 0 0 0 0 0 0 0 0 0 0 0 0 0 0 0 0 0 0 0 0 0 0 0 0 0 0 1 0 0 0 0 0 0 0 0 0 0 0 0 0 0 0 0 0 0 0 0 0 0 0 0 0 0 0 0 0 0 0 0 0 0 0 0 0 0]
[2272964473405452693494619817487536731720692074469563862109858689535720940376783011300940846348820455525612474096540001357756254824192265153121346884875279811632536623721716931790426202079462276228865977712299058236631408934738026460193960986 0 0 0 0 0 0 0 0 0 0 0 0 0 0 0 0 0 0 0 0 0 0 0 0 0 0 0 0 0 0 0 0 0 0 0 0 0 0 0 0 0 1 0 0 0 0 0 0 0 0 0 0 0 0 0 0 0 0 0 0 0 0 0 0 0 0 0 0 0 0 0 0 0 0 0 0 0 0 0]
[1841887513820879594240747053713227570610377007513642386359549472867974335328563430559625687509216415581304419870006496959355153562928368377617055308727858455751640266884256634497296639425116518350743986150435933342740802643353877154374579759 0 0 0 0 0 0 0 0 0 0 0 0 0 0 0 0 0 0 0 0 0 0 0 0 0 0 0 0 0 0 0 0 0 0 0 0 0 0 0 0 0 0 1 0 0 0 0 0 0 0 0 0 0 0 0 0 0 0 0 0 0 0 0 0 0 0 0 0 0 0 0 0 0 0 0 0 0 0 0]
[3229451942075128886661577657270607058454552659322466010593820182038560111940687909731328071130784495023120714000889169575132469007069226345218986131921681453634002864627354242055932869296571938651286758343002705893511576432057742972209583466 0 0 0 0 0 0 0 0 0 0 0 0 0 0 0 0 0 0 0 0 0 0 0 0 0 0 0 0 0 0 0 0 0 0 0 0 0 0 0 0 0 0 0 1 0 0 0 0 0 0 0 0 0 0 0 0 0 0 0 0 0 0 0 0 0 0 0 0 0 0 0 0 0 0 0 0 0 0 0]
[2113593164050588960515706353695420466786280895028700950530315430364024136703507762573116301449309577983388895702023053854200002894952417209194932357428428169556190886896997824112409179369082571673655592519882596300673104209539382008781143130 0 0 0 0 0 0 0 0 0 0 0 0 0 0 0 0 0 0 0 0 0 0 0 0 0 0 0 0 0 0 0 0 0 0 0 0 0 0 0 0 0 0 0 0 1 0 0 0 0 0 0 0 0 0 0 0 0 0 0 0 0 0 0 0 0 0 0 0 0 0 0 0 0 0 0 0 0 0 0]
[456874931808412736828524516555124077534403438110139930623783383268712386043495686634944087179288495858032002131611635463805527102934725123147557191378268895889577515206736957068767068066962300150409141596003341600225879996893409546061430358 0 0 0 0 0 0 0 0 0 0 0 0 0 0 0 0 0 0 0 0 0 0 0 0 0 0 0 0 0 0 0 0 0 0 0 0 0 0 0 0 0 0 0 0 0 1 0 0 0 0 0 0 0 0 0 0 0 0 0 0 0 0 0 0 0 0 0 0 0 0 0 0 0 0 0 0 0 0 0]
[2404020330202365927935334704586954882701619046511505354276193872221253810471319427148283125447443200469258473445939376730250438701251303587302601578889540840985360691570010714053333583232999682196065688037339396819558199180928388804183078828 0 0 0 0 0 0 0 0 0 0 0 0 0 0 0 0 0 0 0 0 0 0 0 0 0 0 0 0 0 0 0 0 0 0 0 0 0 0 0 0 0 0 0 0 0 0 1 0 0 0 0 0 0 0 0 0 0 0 0 0 0 0 0 0 0 0 0 0 0 0 0 0 0 0 0 0 0 0 0]
[2735802955820446464802047969569444368526112637174554308367813178632341721932883170228863724906085367719919705888894911285670258584630948861730107384913087246768680223189749734677720447451662627883149254604337460193650048956100735670171420032 0 0 0 0 0 0 0 0 0 0 0 0 0 0 0 0 0 0 0 0 0 0 0 0 0 0 0 0 0 0 0 0 0 0 0 0 0 0 0 0 0 0 0 0 0 0 0 1 0 0 0 0 0 0 0 0 0 0 0 0 0 0 0 0 0 0 0 0 0 0 0 0 0 0 0 0 0 0 0]
[1084304248482055164063695701443806965859670654877037831062787985652951522583210858378761010882949472816674349844039704960927285557836725244329962788646545495009233804909012508350615457937885356974600527518548446845032900629873328815754982103 0 0 0 0 0 0 0 0 0 0 0 0 0 0 0 0 0 0 0 0 0 0 0 0 0 0 0 0 0 0 0 0 0 0 0 0 0 0 0 0 0 0 0 0 0 0 0 0 1 0 0 0 0 0 0 0 0 0 0 0 0 0 0 0 0 0 0 0 0 0 0 0 0 0 0 0 0 0 0]
[2312521737053214179310015079243904963271218182769844823140338319393250387477715399857152074303261565884749559095027231604161859812757592605371605304131946976509222127742626033795343851120774887100987381066481573379139992764708802720377669803 0 0 0 0 0 0 0 0 0 0 0 0 0 0 0 0 0 0 0 0 0 0 0 0 0 0 0 0 0 0 0 0 0 0 0 0 0 0 0 0 0 0 0 0 0 0 0 0 0 1 0 0 0 0 0 0 0 0 0 0 0 0 0 0 0 0 0 0 0 0 0 0 0 0 0 0 0 0 0]
[1334517329766268044234565869943273844107028690717064894295260867560175639353805233620756234634449114129040052100539993388011913839236234385781100038803964693270651224649392891396026288859380480838468396171328151203414864907961474173618704823 0 0 0 0 0 0 0 0 0 0 0 0 0 0 0 0 0 0 0 0 0 0 0 0 0 0 0 0 0 0 0 0 0 0 0 0 0 0 0 0 0 0 0 0 0 0 0 0 0 0 1 0 0 0 0 0 0 0 0 0 0 0 0 0 0 0 0 0 0 0 0 0 0 0 0 0 0 0 0]
[3048586530255121648154093023346765067292625532776455181069565640221605534670950625096882520104702296507654755406027640522723496526239008324970786329030472418964128629173483337513821313710747061939438823469329934949605338024633051875681728091 0 0 0 0 0 0 0 0 0 0 0 0 0 0 0 0 0 0 0 0 0 0 0 0 0 0 0 0 0 0 0 0 0 0 0 0 0 0 0 0 0 0 0 0 0 0 0 0 0 0 0 1 0 0 0 0 0 0 0 0 0 0 0 0 0 0 0 0 0 0 0 0 0 0 0 0 0 0 0]
[2474185595915419140438291719812584591424905904937467080227239230407908811440536395476105168403490009999506922871608950809514504881687583610077277752541615456994210418383325263796798678141497793509564485720035488010777312700296921426538257046 0 0 0 0 0 0 0 0 0 0 0 0 0 0 0 0 0 0 0 0 0 0 0 0 0 0 0 0 0 0 0 0 0 0 0 0 0 0 0 0 0 0 0 0 0 0 0 0 0 0 0 0 1 0 0 0 0 0 0 0 0 0 0 0 0 0 0 0 0 0 0 0 0 0 0 0 0 0 0]
[673445669712922637359876668818352622261126375514312636765241005085680849918241712284839272995618833391080719520533629076072550104280580789483601112570597099531312392553674693302893687795890502477951266845531204021230714437769352315102819668 0 0 0 0 0 0 0 0 0 0 0 0 0 0 0 0 0 0 0 0 0 0 0 0 0 0 0 0 0 0 0 0 0 0 0 0 0 0 0 0 0 0 0 0 0 0 0 0 0 0 0 0 0 1 0 0 0 0 0 0 0 0 0 0 0 0 0 0 0 0 0 0 0 0 0 0 0 0 0]
[2046539876145288024314818218242747655489904799607604401817739422065270903344827583374215226792341632819874806473275131399349790658968512232807722527898021840569068397770420744170440524965477426605628677502840709348892867276483844210818131440 0 0 0 0 0 0 0 0 0 0 0 0 0 0 0 0 0 0 0 0 0 0 0 0 0 0 0 0 0 0 0 0 0 0 0 0 0 0 0 0 0 0 0 0 0 0 0 0 0 0 0 0 0 0 1 0 0 0 0 0 0 0 0 0 0 0 0 0 0 0 0 0 0 0 0 0 0 0 0]
[2312076581391183756905703819890552171886975388903414577319387731642455310877558798159093972644837427560475060379146893394998133812796299964120826608732251862856420599586020676003802805325511818266212169428577649392686272731933130275928361763 0 0 0 0 0 0 0 0 0 0 0 0 0 0 0 0 0 0 0 0 0 0 0 0 0 0 0 0 0 0 0 0 0 0 0 0 0 0 0 0 0 0 0 0 0 0 0 0 0 0 0 0 0 0 0 1 0 0 0 0 0 0 0 0 0 0 0 0 0 0 0 0 0 0 0 0 0 0 0]
[1472375802549616797181053569225927814019993846341825235548650028390245199627732163431106601622998268861146793946965566023726172428590724733304935973700872367419811559227854643176236528047719289953058617459078200627578141348481325808226478984 0 0 0 0 0 0 0 0 0 0 0 0 0 0 0 0 0 0 0 0 0 0 0 0 0 0 0 0 0 0 0 0 0 0 0 0 0 0 0 0 0 0 0 0 0 0 0 0 0 0 0 0 0 0 0 0 1 0 0 0 0 0 0 0 0 0 0 0 0 0 0 0 0 0 0 0 0 0 0]
[1024795715149549252841036919181914704109549911612255314319083983766949361676062265521203762919543851987467662765097418798481263556629787307685515326592058951994089387012490032895811961546921508557277024762682286694643935279702865183871050290 0 0 0 0 0 0 0 0 0 0 0 0 0 0 0 0 0 0 0 0 0 0 0 0 0 0 0 0 0 0 0 0 0 0 0 0 0 0 0 0 0 0 0 0 0 0 0 0 0 0 0 0 0 0 0 0 0 1 0 0 0 0 0 0 0 0 0 0 0 0 0 0 0 0 0 0 0 0 0]
[1050501189597278239457976678015018151978277387603840072390395027687035403235342554091312337716101251518962355206705376670339387909219511236514755446865256233166029013054284538649296436414815145817793223685769868043774191045883934092413241295 0 0 0 0 0 0 0 0 0 0 0 0 0 0 0 0 0 0 0 0 0 0 0 0 0 0 0 0 0 0 0 0 0 0 0 0 0 0 0 0 0 0 0 0 0 0 0 0 0 0 0 0 0 0 0 0 0 0 1 0 0 0 0 0 0 0 0 0 0 0 0 0 0 0 0 0 0 0 0]
[2944286477124965968818155639209014033411869644004603382317802158914211596139804906554709466313588838762983184699423551795604111445797148968307617318082039629965143787252324395752074354498189259997859060302350591031025132643842509002571032706 0 0 0 0 0 0 0 0 0 0 0 0 0 0 0 0 0 0 0 0 0 0 0 0 0 0 0 0 0 0 0 0 0 0 0 0 0 0 0 0 0 0 0 0 0 0 0 0 0 0 0 0 0 0 0 0 0 0 0 1 0 0 0 0 0 0 0 0 0 0 0 0 0 0 0 0 0 0 0]
[782482855686229122523152521493045808893277496292097911790648113904085709493270703987017485818795409136567770910528121314493798692474951254382336932516982818623201898929267282192670117006817349059100311483015462575955996565498691930152597119 0 0 0 0 0 0 0 0 0 0 0 0 0 0 0 0 0 0 0 0 0 0 0 0 0 0 0 0 0 0 0 0 0 0 0 0 0 0 0 0 0 0 0 0 0 0 0 0 0 0 0 0 0 0 0 0 0 0 0 0 1 0 0 0 0 0 0 0 0 0 0 0 0 0 0 0 0 0 0]
[3255801209074966379637925845358055946509109466516354613012478502541887896292372263551648101546102050085356160704372770343406440602774515458512220496328007680684294758412252172486454287091661180191619390385093636552185602812238584440408522217 0 0 0 0 0 0 0 0 0 0 0 0 0 0 0 0 0 0 0 0 0 0 0 0 0 0 0 0 0 0 0 0 0 0 0 0 0 0 0 0 0 0 0 0 0 0 0 0 0 0 0 0 0 0 0 0 0 0 0 0 0 1 0 0 0 0 0 0 0 0 0 0 0 0 0 0 0 0 0]
[3010746982745493723376129401504462732686859975241853408419496356721789735869650589952611866630416678514666934846804454679891944115119479069873059501723302703440770755903699692969659963445290715879271006340813013049450035558510134893324830024 0 0 0 0 0 0 0 0 0 0 0 0 0 0 0 0 0 0 0 0 0 0 0 0 0 0 0 0 0 0 0 0 0 0 0 0 0 0 0 0 0 0 0 0 0 0 0 0 0 0 0 0 0 0 0 0 0 0 0 0 0 0 1 0 0 0 0 0 0 0 0 0 0 0 0 0 0 0 0]
[3087380868948647492831867268419225145221547049219878940060960937408870150996154796297649808628838349647002424805542869076577013462619065006940294665915277038514684217489623026945037763823620464061140256839783305586032351513314709454033296067 0 0 0 0 0 0 0 0 0 0 0 0 0 0 0 0 0 0 0 0 0 0 0 0 0 0 0 0 0 0 0 0 0 0 0 0 0 0 0 0 0 0 0 0 0 0 0 0 0 0 0 0 0 0 0 0 0 0 0 0 0 0 0 1 0 0 0 0 0 0 0 0 0 0 0 0 0 0 0]
[910716029868399135417160084757226441766000327361369050722599594660279059461198074357038328080127894882944200584377461996568274474089420278180959942262201703176483747800719846345274803665422303420159135872088844888461001050331674724857444248 0 0 0 0 0 0 0 0 0 0 0 0 0 0 0 0 0 0 0 0 0 0 0 0 0 0 0 0 0 0 0 0 0 0 0 0 0 0 0 0 0 0 0 0 0 0 0 0 0 0 0 0 0 0 0 0 0 0 0 0 0 0 0 0 1 0 0 0 0 0 0 0 0 0 0 0 0 0 0]
[241202921498563903523595173431504962197039044106175536561279921161947763056731636327001320658706958961285599380502139364719763028072338813607109714203662098763076689969559959878570727086813212806369421191795422465736053207471509079776958292 0 0 0 0 0 0 0 0 0 0 0 0 0 0 0 0 0 0 0 0 0 0 0 0 0 0 0 0 0 0 0 0 0 0 0 0 0 0 0 0 0 0 0 0 0 0 0 0 0 0 0 0 0 0 0 0 0 0 0 0 0 0 0 0 0 1 0 0 0 0 0 0 0 0 0 0 0 0 0]
[10782189691357501988392293884140063480576413795976402299310005264321817698355117551319458585989385709245297355071457637721679081432562548942391607760207360238375301506055834307296267676190408209206190044954407911847262307260806364795643334 0 0 0 0 0 0 0 0 0 0 0 0 0 0 0 0 0 0 0 0 0 0 0 0 0 0 0 0 0 0 0 0 0 0 0 0 0 0 0 0 0 0 0 0 0 0 0 0 0 0 0 0 0 0 0 0 0 0 0 0 0 0 0 0 0 0 1 0 0 0 0 0 0 0 0 0 0 0 0]
[679879710790924535112843614465084100558835998871773721358149210582022055357236057389259643892100350043998263966468932813739263953926504444891870072324146691658041507127626141916803196290747475152569257426043448425806535585469593574928350229 0 0 0 0 0 0 0 0 0 0 0 0 0 0 0 0 0 0 0 0 0 0 0 0 0 0 0 0 0 0 0 0 0 0 0 0 0 0 0 0 0 0 0 0 0 0 0 0 0 0 0 0 0 0 0 0 0 0 0 0 0 0 0 0 0 0 0 1 0 0 0 0 0 0 0 0 0 0 0]
[3099756574531709319200848725501842628014252204808507732206616048797974915042022144501388346575470876806061061361866214788769764492272104775517615641739978088334942384218757477051032829889218996415820799848226203583784397453228459805736090873 0 0 0 0 0 0 0 0 0 0 0 0 0 0 0 0 0 0 0 0 0 0 0 0 0 0 0 0 0 0 0 0 0 0 0 0 0 0 0 0 0 0 0 0 0 0 0 0 0 0 0 0 0 0 0 0 0 0 0 0 0 0 0 0 0 0 0 0 1 0 0 0 0 0 0 0 0 0 0]
[2713046704059845180681762277683754573241346930975915020219549364879285067501145402642385229767702146196032625942450516521231666267991313661489245940196578610411769742476679594873605632798881100767281858015081719130524047450866970205077934393 0 0 0 0 0 0 0 0 0 0 0 0 0 0 0 0 0 0 0 0 0 0 0 0 0 0 0 0 0 0 0 0 0 0 0 0 0 0 0 0 0 0 0 0 0 0 0 0 0 0 0 0 0 0 0 0 0 0 0 0 0 0 0 0 0 0 0 0 0 1 0 0 0 0 0 0 0 0 0]
[2840144051159432700534392278969171686656328943914761448332722505527493964644648660135679790334636366702891186562598269364170449425469839040256206744302076906900886255606634460467087061669376964178484895738308602808065324123718435440633810248 0 0 0 0 0 0 0 0 0 0 0 0 0 0 0 0 0 0 0 0 0 0 0 0 0 0 0 0 0 0 0 0 0 0 0 0 0 0 0 0 0 0 0 0 0 0 0 0 0 0 0 0 0 0 0 0 0 0 0 0 0 0 0 0 0 0 0 0 0 0 1 0 0 0 0 0 0 0 0]
[1829539724018235340968532443053923745970157126318496034800620286374093613296480272210987914795109650589265299977908538994979171586600889736128920139313926330216388249067671810251995532753855463534441377124970717850056513570581517046978967964 0 0 0 0 0 0 0 0 0 0 0 0 0 0 0 0 0 0 0 0 0 0 0 0 0 0 0 0 0 0 0 0 0 0 0 0 0 0 0 0 0 0 0 0 0 0 0 0 0 0 0 0 0 0 0 0 0 0 0 0 0 0 0 0 0 0 0 0 0 0 0 1 0 0 0 0 0 0 0]
[2133839538034253317398750908155331687249175784909541221731560719924304476576824054158857605146637519375298750652760961458742429026426697218877809406544019137894308507066880695029810252729465196901667527625783550898597344302369992762622836838 0 0 0 0 0 0 0 0 0 0 0 0 0 0 0 0 0 0 0 0 0 0 0 0 0 0 0 0 0 0 0 0 0 0 0 0 0 0 0 0 0 0 0 0 0 0 0 0 0 0 0 0 0 0 0 0 0 0 0 0 0 0 0 0 0 0 0 0 0 0 0 0 1 0 0 0 0 0 0]
[3066163811313232910907465107132811444395038095635141407248401025833618931834239871952323992788032660062821771099423905579997752174098845239436240881266666232915425444901660210410611002838464811470364185498524437803076239144368801925250375672 0 0 0 0 0 0 0 0 0 0 0 0 0 0 0 0 0 0 0 0 0 0 0 0 0 0 0 0 0 0 0 0 0 0 0 0 0 0 0 0 0 0 0 0 0 0 0 0 0 0 0 0 0 0 0 0 0 0 0 0 0 0 0 0 0 0 0 0 0 0 0 0 0 1 0 0 0 0 0]
[2301255624985782603941417424167118326200149130334743620978440876016757671345501440582627105776398915303920039642244470325835223883612861714955212737459565229022706036193470297254505129739952321756179111606288788497232020786010655333963525723 0 0 0 0 0 0 0 0 0 0 0 0 0 0 0 0 0 0 0 0 0 0 0 0 0 0 0 0 0 0 0 0 0 0 0 0 0 0 0 0 0 0 0 0 0 0 0 0 0 0 0 0 0 0 0 0 0 0 0 0 0 0 0 0 0 0 0 0 0 0 0 0 0 0 1 0 0 0 0]
[18785324142413534305628491525741920208633824189421244561798955614743303173342019612564216702368882474980289613764687212988717214358066992296810085437805934510158396725007930211108977739945632612685609682340057188052388607551028622283926414 0 0 0 0 0 0 0 0 0 0 0 0 0 0 0 0 0 0 0 0 0 0 0 0 0 0 0 0 0 0 0 0 0 0 0 0 0 0 0 0 0 0 0 0 0 0 0 0 0 0 0 0 0 0 0 0 0 0 0 0 0 0 0 0 0 0 0 0 0 0 0 0 0 0 0 1 0 0 0]
[1983495424655160585333710021110105654900262877676638536574730847219115627766530757317929262135441129603761252793306372121839492583802592656378973986688298119374908059743395003056340722590107044641190034133116271254387079019056387604891695490 0 0 0 0 0 0 0 0 0 0 0 0 0 0 0 0 0 0 0 0 0 0 0 0 0 0 0 0 0 0 0 0 0 0 0 0 0 0 0 0 0 0 0 0 0 0 0 0 0 0 0 0 0 0 0 0 0 0 0 0 0 0 0 0 0 0 0 0 0 0 0 0 0 0 0 0 1 0 0]
[1810818872458398058262879471243023890717247702179769889225857315416534299738649091336594137776276772496582840560760456705790368406386267218129204474026502715660284435580047962712139041044210772623737011236187423127485504596213943087435757720 0 0 0 0 0 0 0 0 0 0 0 0 0 0 0 0 0 0 0 0 0 0 0 0 0 0 0 0 0 0 0 0 0 0 0 0 0 0 0 0 0 0 0 0 0 0 0 0 0 0 0 0 0 0 0 0 0 0 0 0 0 0 0 0 0 0 0 0 0 0 0 0 0 0 0 0 0 1 0]
[1702933229086784479053306656317264482842573636789755947457520417603986917018151002245524326684410126123301796823771633610842656959713725227311532144992843200394726607866789030437973930682462747806147603354293803157266742429804566050417972933 0 0 0 0 0 0 0 0 0 0 0 0 0 0 0 0 0 0 0 0 0 0 0 0 0 0 0 0 0 0 0 0 0 0 0 0 0 0 0 0 0 0 0 0 0 0 0 0 0 0 0 0 0 0 0 0 0 0 0 0 0 0 0 0 0 0 0 0 0 0 0 0 0 0 0 0 0 0 1]
]
