[[5592659139465858320975250944944495257703979992784110960919582604594472846568255476108900444588543606236775939090848187818911919499367917463640493645880593401610689994954937716975740489653505068018729063249714913985898675436596093207555139757292602223300690478140112721291172666291658096937329291649501 0 0 0 0 0 0 0 0 0 0 0 0 0 0 0 0 0 0 0 0 0 0 0 0 0 0 0 0 0 0 0 0 0 0 0 0 0 0 0 0 0 0 0 0 0 0 0 0 0 0 0 0 0 0 0 0 0 0 0 0 0 0 0 0 0 0 0 0 0 0 0 0 0 0 0 0 0 0 0 0 0 0 0 0 0 0 0 0 0 0 0 0 0 0 0 0 0 0 0]
[5453859207001582530513409128794452321753538617949245141890914451397173634051520786220719047279378548228040370933129183277972860397792875649171284470342839743943893609398548659613499694830406342027771537895531922486025013833461886413278061590500203756902592181266172493762872227513781020248638289581569 1 0 0 0 0 0 0 0 0 0 0 0 0 0 0 0 0 0 0 0 0 0 0 0 0 0 0 0 0 0 0 0 0 0 0 0 0 0 0 0 0 0 0 0 0 0 0 0 0 0 0 0 0 0 0 0 0 0 0 0 0 0 0 0 0 0 0 0 0 0 0 0 0 0 0 0 0 0 0 0 0 0 0 0 0 0 0 0 0 0 0 0 0 0 0 0 0 0 0]
[3806952200339238134799578122077627236396288363448080217417649503718025983715063230161912099192600804207802321374510002798941705088706266025952178737841115879577734431935703949758743038697817530813814980987423399532768986286275741031185386329410297991959925723539227239347605725898510443780188075957728 0 1 0 0 0 0 0 0 0 0 0 0 0 0 0 0 0 0 0 0 0 0 0 0 0 0 0 0 0 0 0 0 0 0 0 0 0 0 0 0 0 0 0 0 0 0 0 0 0 0 0 0 0 0 0 0 0 0 0 0 0 0 0 0 0 0 0 0 0 0 0 0 0 0 0 0 0 0 0 0 0 0 0 0 0 0 0 0 0 0 0 0 0 0 0 0 0 0 0]
[4801772678182656124205587953162899017473134232136992512613779552962839098233930853609079502487735818291593484855609038505281542726522308743279779588329332254302018861778499920639299756834457073209852407557063550852455705334938947281462654079482713013189819772701737619605498827417082774677393974360053 0 0 1 0 0 0 0 0 0 0 0 0 0 0 0 0 0 0 0 0 0 0 0 0 0 0 0 0 0 0 0 0 0 0 0 0 0 0 0 0 0 0 0 0 0 0 0 0 0 0 0 0 0 0 0 0 0 0 0 0 0 0 0 0 0 0 0 0 0 0 0 0 0 0 0 0 0 0 0 0 0 0 0 0 0 0 0 0 0 0 0 0 0 0 0 0 0 0 0]
[4518596496256320631139767473867703197942472564569476038093829673129154352108588285320353610929251956527127562787382060181962201170323559766506402561088247499454637810893849419236137818157947388933302691471919330435742519018350208990675370638628601720003946525522633269444250033543563286377465116746199 0 0 0 1 0 0 0 0 0 0 0 0 0 0 0 0 0 0 0 0 0 0 0 0 0 0 0 0 0 0 0 0 0 0 0 0 0 0 0 0 0 0 0 0 0 0 0 0 0 0 0 0 0 0 0 0 0 0 0 0 0 0 0 0 0 0 0 0 0 0 0 0 0 0 0 0 0 0 0 0 0 0 0 0 0 0 0 0 0 0 0 0 0 0 0 0 0 0 0]
[2222859747090780992094014833476298497103444697949244499014124163474845604988456884851720808482602399695712090204595976824038579749182201842485464748968902948577687760349904247371318350533373635202129398234538323357562786467060918741342862474677671319163305492902021323536300672626580310832095311744497 0 0 0 0 1 0 0 0 0 0 0 0 0 0 0 0 0 0 0 0 0 0 0 0 0 0 0 0 0 0 0 0 0 0 0 0 0 0 0 0 0 0 0 0 0 0 0 0 0 0 0 0 0 0 0 0 0 0 0 0 0 0 0 0 0 0 0 0 0 0 0 0 0 0 0 0 0 0 0 0 0 0 0 0 0 0 0 0 0 0 0 0 0 0 0 0 0 0 0]
[1745804986046999524110766243577650340978602718291803462195743097134405555723761357332196274014023721649341566600394231276079296827982915335653747490443673413593446889320097554246664557520483151599743712766708403286645710538919419928594317774025350495935869229023207968281839906223898393974263498864541 0 0 0 0 0 1 0 0 0 0 0 0 0 0 0 0 0 0 0 0 0 0 0 0 0 0 0 0 0 0 0 0 0 0 0 0 0 0 0 0 0 0 0 0 0 0 0 0 0 0 0 0 0 0 0 0 0 0 0 0 0 0 0 0 0 0 0 0 0 0 0 0 0 0 0 0 0 0 0 0 0 0 0 0 0 0 0 0 0 0 0 0 0 0 0 0 0 0 0]
[3833761833233572839947665491334825070362087166352857722059052408288117041026155443591189000933133199187464815528858989225425824043547502032510284016584042915661902017754637393986282894272904626444218923514994331384620646745754270263273608859908611503521906793644307893767775079002318323541527436496952 0 0 0 0 0 0 1 0 0 0 0 0 0 0 0 0 0 0 0 0 0 0 0 0 0 0 0 0 0 0 0 0 0 0 0 0 0 0 0 0 0 0 0 0 0 0 0 0 0 0 0 0 0 0 0 0 0 0 0 0 0 0 0 0 0 0 0 0 0 0 0 0 0 0 0 0 0 0 0 0 0 0 0 0 0 0 0 0 0 0 0 0 0 0 0 0 0 0 0]
[2482480826692855892765449317155777763248653013339899401488413384710517030650436203441366633508075219042981980396170869184983663827025575390535241031594173311001509874800883069810195937717113692937991007076585239839539885707417920834830360197254227661448015520156173615880904976386989218496941976408137 0 0 0 0 0 0 0 1 0 0 0 0 0 0 0 0 0 0 0 0 0 0 0 0 0 0 0 0 0 0 0 0 0 0 0 0 0 0 0 0 0 0 0 0 0 0 0 0 0 0 0 0 0 0 0 0 0 0 0 0 0 0 0 0 0 0 0 0 0 0 0 0 0 0 0 0 0 0 0 0 0 0 0 0 0 0 0 0 0 0 0 0 0 0 0 0 0 0 0]
[478089775528455701504897181881552487945518511376057809886764556102687005198224819816979444862685482136861640037962629581347822106575090009655704579051645145310436119975031104119892463564221047996229849259764974073219525100644864707660174099645463481074106964918282931604609061387826585060667458201224 0 0 0 0 0 0 0 0 1 0 0 0 0 0 0 0 0 0 0 0 0 0 0 0 0 0 0 0 0 0 0 0 0 0 0 0 0 0 0 0 0 0 0 0 0 0 0 0 0 0 0 0 0 0 0 0 0 0 0 0 0 0 0 0 0 0 0 0 0 0 0 0 0 0 0 0 0 0 0 0 0 0 0 0 0 0 0 0 0 0 0 0 0 0 0 0 0 0 0]
[2421076047656159484417593991535724852248692579616346527273416226186394399163570411202538710590222375563253748634018019994742356618947523393123875716808310146029347100689579489877755384875571429473044954753871399418696892783685704234606484312212978965415209598434809613964946036726857696392124026956269 0 0 0 0 0 0 0 0 0 1 0 0 0 0 0 0 0 0 0 0 0 0 0 0 0 0 0 0 0 0 0 0 0 0 0 0 0 0 0 0 0 0 0 0 0 0 0 0 0 0 0 0 0 0 0 0 0 0 0 0 0 0 0 0 0 0 0 0 0 0 0 0 0 0 0 0 0 0 0 0 0 0 0 0 0 0 0 0 0 0 0 0 0 0 0 0 0 0 0]
[1347144435158572447943174909168768317397600323571403893862176221992688592010565723743947109710720114447861914424715825261898662939341811768559503698371265539423761144323482018474693136261302443397142848033255388732345690818067041398921053937425994859067994981962949478243982264270354125758092148419993 0 0 0 0 0 0 0 0 0 0 1 0 0 0 0 0 0 0 0 0 0 0 0 0 0 0 0 0 0 0 0 0 0 0 0 0 0 0 0 0 0 0 0 0 0 0 0 0 0 0 0 0 0 0 0 0 0 0 0 0 0 0 0 0 0 0 0 0 0 0 0 0 0 0 0 0 0 0 0 0 0 0 0 0 0 0 0 0 0 0 0 0 0 0 0 0 0 0 0]
[121798027778629010645611424061491987663606649852620292355169405701413435670851720426375828305151072065373577110798848909925144930615449808732468301913676323605930998003294983422227299131247652893840587844527520520423205219045773978894551558068590483702890201633026405935755667218616996126059179621450 0 0 0 0 0 0 0 0 0 0 0 1 0 0 0 0 0 0 0 0 0 0 0 0 0 0 0 0 0 0 0 0 0 0 0 0 0 0 0 0 0 0 0 0 0 0 0 0 0 0 0 0 0 0 0 0 0 0 0 0 0 0 0 0 0 0 0 0 0 0 0 0 0 0 0 0 0 0 0 0 0 0 0 0 0 0 0 0 0 0 0 0 0 0 0 0 0 0 0]
[272528576858972027893840288885634517413182914166051148977727077390369425868755084978288513059348313133253372078095163153642743055082303364843363906800829744205313644994694089118172558872414541946629037560564045119022820625933753814056728991635178257651322879187414507466916128164119856606421356782259 0 0 0 0 0 0 0 0 0 0 0 0 1 0 0 0 0 0 0 0 0 0 0 0 0 0 0 0 0 0 0 0 0 0 0 0 0 0 0 0 0 0 0 0 0 0 0 0 0 0 0 0 0 0 0 0 0 0 0 0 0 0 0 0 0 0 0 0 0 0 0 0 0 0 0 0 0 0 0 0 0 0 0 0 0 0 0 0 0 0 0 0 0 0 0 0 0 0 0]
[2361098314868058077110849137128879517893431026820413661840587551817255801438997647047100725334025111366185926379469518556788541942313806853611812271406886207922087196618268426361357978519312867492897402007214661566527354462249469103783627540606785362792994039744708857286026328845619558469163924592174 0 0 0 0 0 0 0 0 0 0 0 0 0 1 0 0 0 0 0 0 0 0 0 0 0 0 0 0 0 0 0 0 0 0 0 0 0 0 0 0 0 0 0 0 0 0 0 0 0 0 0 0 0 0 0 0 0 0 0 0 0 0 0 0 0 0 0 0 0 0 0 0 0 0 0 0 0 0 0 0 0 0 0 0 0 0 0 0 0 0 0 0 0 0 0 0 0 0 0]
[3511589429016684619530166777264558586124299834742353274078792673349804560901268541809548394094082887064863850581213126153163310278090103813550714495541812002303559408770845749420479025374144343738191659257730713420593648224637550508125050045517086811907533014220465702900353704380399420122967456089462 0 0 0 0 0 0 0 0 0 0 0 0 0 0 1 0 0 0 0 0 0 0 0 0 0 0 0 0 0 0 0 0 0 0 0 0 0 0 0 0 0 0 0 0 0 0 0 0 0 0 0 0 0 0 0 0 0 0 0 0 0 0 0 0 0 0 0 0 0 0 0 0 0 0 0 0 0 0 0 0 0 0 0 0 0 0 0 0 0 0 0 0 0 0 0 0 0 0 0]
[994573595479357913645326560013662569887058608987600930109176257000353814568026952067089356234509247728025821411424593904312771285383759111838994225652300452825005777413533276129829989274613565363100823970143225298105359421391220181629451534328716969461101736819791278990447834422231775552260794196919 0 0 0 0 0 0 0 0 0 0 0 0 0 0 0 1 0 0 0 0 0 0 0 0 0 0 0 0 0 0 0 0 0 0 0 0 0 0 0 0 0 0 0 0 0 0 0 0 0 0 0 0 0 0 0 0 0 0 0 0 0 0 0 0 0 0 0 0 0 0 0 0 0 0 0 0 0 0 0 0 0 0 0 0 0 0 0 0 0 0 0 0 0 0 0 0 0 0 0]
[5354240124005932514236463299791610881721912520015749387981327575684831041361535873751083082966989755105258830324744405025277359167965613323571860597604102942492332275048854537456595885030657233683474155601889526090813315130123763101307503291815162265647797218670317043061164303270301927225357324897778 0 0 0 0 0 0 0 0 0 0 0 0 0 0 0 0 1 0 0 0 0 0 0 0 0 0 0 0 0 0 0 0 0 0 0 0 0 0 0 0 0 0 0 0 0 0 0 0 0 0 0 0 0 0 0 0 0 0 0 0 0 0 0 0 0 0 0 0 0 0 0 0 0 0 0 0 0 0 0 0 0 0 0 0 0 0 0 0 0 0 0 0 0 0 0 0 0 0 0]
[2611236408301861504044017065232646678441930703884131027148593210207220698500764033917194270301842347017934244688584408204680067330834522540311372517662283770087606789797823775935276526878373902129140960252348707648102891663823600861267843614234247289194447854453218679009576430755106749609775760919364 0 0 0 0 0 0 0 0 0 0 0 0 0 0 0 0 0 1 0 0 0 0 0 0 0 0 0 0 0 0 0 0 0 0 0 0 0 0 0 0 0 0 0 0 0 0 0 0 0 0 0 0 0 0 0 0 0 0 0 0 0 0 0 0 0 0 0 0 0 0 0 0 0 0 0 0 0 0 0 0 0 0 0 0 0 0 0 0 0 0 0 0 0 0 0 0 0 0 0]
[4353952399767101294532407639244250421821348890841402310637098964680606275702033706481966767770284475843560786404186610452367600891409911640179029973998020226204156829412771270911111292171249576362483184324825676787820864963250205307687677387616663176302946848547434631187304750669185214266513936305761 0 0 0 0 0 0 0 0 0 0 0 0 0 0 0 0 0 0 1 0 0 0 0 0 0 0 0 0 0 0 0 0 0 0 0 0 0 0 0 0 0 0 0 0 0 0 0 0 0 0 0 0 0 0 0 0 0 0 0 0 0 0 0 0 0 0 0 0 0 0 0 0 0 0 0 0 0 0 0 0 0 0 0 0 0 0 0 0 0 0 0 0 0 0 0 0 0 0 0]
[70797445866427822687539708108727086535670824600486761399980480040718547289323512724488720011604453945469356343400026616885142156265600475954689711613110875545112978839591241877514743865607102699591533878608071130910274820272261763692773137601391439144102035907910263349005497988277743382960774655152 0 0 0 0 0 0 0 0 0 0 0 0 0 0 0 0 0 0 0 1 0 0 0 0 0 0 0 0 0 0 0 0 0 0 0 0 0 0 0 0 0 0 0 0 0 0 0 0 0 0 0 0 0 0 0 0 0 0 0 0 0 0 0 0 0 0 0 0 0 0 0 0 0 0 0 0 0 0 0 0 0 0 0 0 0 0 0 0 0 0 0 0 0 0 0 0 0 0 0]
[1350040843240163917256371983961346241172569467208469761814067478004091017853549033232035369590877463167879677790066280826465885868924606469657524244456078167866748871741196809400038415104079519470315802714609294537685952296939202912150411640398472665848301138857150638822281683822237687734865338887974 0 0 0 0 0 0 0 0 0 0 0 0 0 0 0 0 0 0 0 0 1 0 0 0 0 0 0 0 0 0 0 0 0 0 0 0 0 0 0 0 0 0 0 0 0 0 0 0 0 0 0 0 0 0 0 0 0 0 0 0 0 0 0 0 0 0 0 0 0 0 0 0 0 0 0 0 0 0 0 0 0 0 0 0 0 0 0 0 0 0 0 0 0 0 0 0 0 0 0]
[2088859336466850415134816291424247349885604225766177569715179503537581647271974946706559197499333862464995163988196427935196659590488286240439102204434518892436528890252223754874717837429871572639262766155780897879209333538130036270976392942361438083913855608047697361713225498142464908825364605985216 0 0 0 0 0 0 0 0 0 0 0 0 0 0 0 0 0 0 0 0 0 1 0 0 0 0 0 0 0 0 0 0 0 0 0 0 0 0 0 0 0 0 0 0 0 0 0 0 0 0 0 0 0 0 0 0 0 0 0 0 0 0 0 0 0 0 0 0 0 0 0 0 0 0 0 0 0 0 0 0 0 0 0 0 0 0 0 0 0 0 0 0 0 0 0 0 0 0 0]
[4370672689267801824729551297912571445783116573237466919781280588582207178732437662366682341483643053848821871587061135228182762764944284804766578683098222707703637361965496640975755181401868997313727718360077385287888867769612446698519531383221017517400637978912260119798698332305385039352282700891002 0 0 0 0 0 0 0 0 0 0 0 0 0 0 0 0 0 0 0 0 0 0 1 0 0 0 0 0 0 0 0 0 0 0 0 0 0 0 0 0 0 0 0 0 0 0 0 0 0 0 0 0 0 0 0 0 0 0 0 0 0 0 0 0 0 0 0 0 0 0 0 0 0 0 0 0 0 0 0 0 0 0 0 0 0 0 0 0 0 0 0 0 0 0 0 0 0 0 0]
[1466200358294464872738558272013415736986442174671993198692630330179384877543849820812207793019947289777708766878113815750825705811647806787475988682889742783768042945190459950541467487124515939485515365414018323230717557496687457589842221573099944542631718961406060980022601484213078631716230386653182 0 0 0 0 0 0 0 0 0 0 0 0 0 0 0 0 0 0 0 0 0 0 0 1 0 0 0 0 0 0 0 0 0 0 0 0 0 0 0 0 0 0 0 0 0 0 0 0 0 0 0 0 0 0 0 0 0 0 0 0 0 0 0 0 0 0 0 0 0 0 0 0 0 0 0 0 0 0 0 0 0 0 0 0 0 0 0 0 0 0 0 0 0 0 0 0 0 0 0]
[2038794557308313073319967637372203192900351003695052751377584162743251400845698360809099058752170389003356544533787914120476286363744735604897512514184011020972261149943153517974440927243156302405374451438811596958695561766413331759395716657072178868544320974305524571494563379177599131827568392612094 0 0 0 0 0 0 0 0 0 0 0 0 0 0 0 0 0 0 0 0 0 0 0 0 1 0 0 0 0 0 0 0 0 0 0 0 0 0 0 0 0 0 0 0 0 0 0 0 0 0 0 0 0 0 0 0 0 0 0 0 0 0 0 0 0 0 0 0 0 0 0 0 0 0 0 0 0 0 0 0 0 0 0 0 0 0 0 0 0 0 0 0 0 0 0 0 0 0 0]
[980878439495415047210270763815231619051062956805617575176003355685660118622959612114803498919278277711333355645695796439786007936942727356366807066537069314506065214379819965546125561168035824373550820137536293269998567124818767055924103142864531062925931349758696627010811750466769936494605252303739 0 0 0 0 0 0 0 0 0 0 0 0 0 0 0 0 0 0 0 0 0 0 0 0 0 1 0 0 0 0 0 0 0 0 0 0 0 0 0 0 0 0 0 0 0 0 0 0 0 0 0 0 0 0 0 0 0 0 0 0 0 0 0 0 0 0 0 0 0 0 0 0 0 0 0 0 0 0 0 0 0 0 0 0 0 0 0 0 0 0 0 0 0 0 0 0 0 0 0]
[893122070062118831569861193285371937419526958602289784030647048612501761749037533280842857673136054779952572450105757649995240583146175794452333979344988961502453891425243174268636414751763838253447771208403585642824847298849886359347812400958818033366833782190366087995053802461351130326860843589327 0 0 0 0 0 0 0 0 0 0 0 0 0 0 0 0 0 0 0 0 0 0 0 0 0 0 1 0 0 0 0 0 0 0 0 0 0 0 0 0 0 0 0 0 0 0 0 0 0 0 0 0 0 0 0 0 0 0 0 0 0 0 0 0 0 0 0 0 0 0 0 0 0 0 0 0 0 0 0 0 0 0 0 0 0 0 0 0 0 0 0 0 0 0 0 0 0 0 0]
[1154409559412164198698863460032862049681737063436186334861531008625426432397860127733582976344674336444447034672248470237716621769331644310325978899359847954295055956731654138699919251166279122591582964827286374410465770995367447296370532855838515507399684816109699897916731466446253331931159881060085 0 0 0 0 0 0 0 0 0 0 0 0 0 0 0 0 0 0 0 0 0 0 0 0 0 0 0 1 0 0 0 0 0 0 0 0 0 0 0 0 0 0 0 0 0 0 0 0 0 0 0 0 0 0 0 0 0 0 0 0 0 0 0 0 0 0 0 0 0 0 0 0 0 0 0 0 0 0 0 0 0 0 0 0 0 0 0 0 0 0 0 0 0 0 0 0 0 0 0]
[59431038122797471705528537817872372364431528970139546767976177960620049982503106832669839562129887589072634429358497817005493306923780373302011405631713802348307591645919668653530100349774696387039899662509574645710842959878591259216770884088698645032221252600441642092124731194393837373945349836851 0 0 0 0 0 0 0 0 0 0 0 0 0 0 0 0 0 0 0 0 0 0 0 0 0 0 0 0 1 0 0 0 0 0 0 0 0 0 0 0 0 0 0 0 0 0 0 0 0 0 0 0 0 0 0 0 0 0 0 0 0 0 0 0 0 0 0 0 0 0 0 0 0 0 0 0 0 0 0 0 0 0 0 0 0 0 0 0 0 0 0 0 0 0 0 0 0 0 0]
[2806374471182228994755810433400774352730511450418396090205056379256992167425254738764460157875494596340168255856725018268481001279109032184174112369998942520289370464898483563542029052863773940721729706431103004960789157205679960308616583874916972263013109283910303773464281490615986014845634893144043 0 0 0 0 0 0 0 0 0 0 0 0 0 0 0 0 0 0 0 0 0 0 0 0 0 0 0 0 0 1 0 0 0 0 0 0 0 0 0 0 0 0 0 0 0 0 0 0 0 0 0 0 0 0 0 0 0 0 0 0 0 0 0 0 0 0 0 0 0 0 0 0 0 0 0 0 0 0 0 0 0 0 0 0 0 0 0 0 0 0 0 0 0 0 0 0 0 0 0]
[3618317793676831141982114967636945978626223192713144661489256803707792872374533693161130648144961798899702958033409224738693872923819949978473384545412260255925526063084790593812662638347140030650439149132199328849188699169768982318057053252188662224916068551892812655346876365502561129624273033449399 0 0 0 0 0 0 0 0 0 0 0 0 0 0 0 0 0 0 0 0 0 0 0 0 0 0 0 0 0 0 1 0 0 0 0 0 0 0 0 0 0 0 0 0 0 0 0 0 0 0 0 0 0 0 0 0 0 0 0 0 0 0 0 0 0 0 0 0 0 0 0 0 0 0 0 0 0 0 0 0 0 0 0 0 0 0 0 0 0 0 0 0 0 0 0 0 0 0 0]
[4032753240757823013630822485787109727135445394865290980294454353453901687848755865065319656546277990089101099527271355888441600567867845140406685330135679540952285700846670152102311118943467549916539099160183948026083456485782061648577514211733926640163668393274088744294533192765784788956645590932162 0 0 0 0 0 0 0 0 0 0 0 0 0 0 0 0 0 0 0 0 0 0 0 0 0 0 0 0 0 0 0 1 0 0 0 0 0 0 0 0 0 0 0 0 0 0 0 0 0 0 0 0 0 0 0 0 0 0 0 0 0 0 0 0 0 0 0 0 0 0 0 0 0 0 0 0 0 0 0 0 0 0 0 0 0 0 0 0 0 0 0 0 0 0 0 0 0 0 0]
[5280349261518439583196001687591690511991693080778149923742957623743676572001602308407148920704390818106058832604945076064298299537298092374539115670072747014406882079188027894477357185960891066676177594328026468543299809722802300245873015868152684113320890914171826023429520969430648459384186672110419 0 0 0 0 0 0 0 0 0 0 0 0 0 0 0 0 0 0 0 0 0 0 0 0 0 0 0 0 0 0 0 0 1 0 0 0 0 0 0 0 0 0 0 0 0 0 0 0 0 0 0 0 0 0 0 0 0 0 0 0 0 0 0 0 0 0 0 0 0 0 0 0 0 0 0 0 0 0 0 0 0 0 0 0 0 0 0 0 0 0 0 0 0 0 0 0 0 0 0]
[2132713490416960846695169364993290250106574255988764852987924985166820955919946170006768289980715236279129604950548576384808248881110748526652693282935692400284813673973731920874156527711808517171133939133692928752141203912925751732991934444650651223705655411817952412988631828338130579807588550538835 0 0 0 0 0 0 0 0 0 0 0 0 0 0 0 0 0 0 0 0 0 0 0 0 0 0 0 0 0 0 0 0 0 1 0 0 0 0 0 0 0 0 0 0 0 0 0 0 0 0 0 0 0 0 0 0 0 0 0 0 0 0 0 0 0 0 0 0 0 0 0 0 0 0 0 0 0 0 0 0 0 0 0 0 0 0 0 0 0 0 0 0 0 0 0 0 0 0 0]
[4387678849937675842619189999160911872370778739818517447654220570146258620462382680666790666054825130769930956150220969183325431696691434855281150293424235802919509355519817878216134951599248481768718432015671329165707313290717209535424097986805009304332460032155134206490394173995796175809642959756165 0 0 0 0 0 0 0 0 0 0 0 0 0 0 0 0 0 0 0 0 0 0 0 0 0 0 0 0 0 0 0 0 0 0 1 0 0 0 0 0 0 0 0 0 0 0 0 0 0 0 0 0 0 0 0 0 0 0 0 0 0 0 0 0 0 0 0 0 0 0 0 0 0 0 0 0 0 0 0 0 0 0 0 0 0 0 0 0 0 0 0 0 0 0 0 0 0 0 0]
[1468465367701516459394204275851790439035125939836868791749727355160529933116561553394452471585723609223790542646447800842937697272398779229888875384640364547233068594624553833725749053012108776031884057044441717997037858062031475145566467233057506596298639661424394695072323608667010973840385059261748 0 0 0 0 0 0 0 0 0 0 0 0 0 0 0 0 0 0 0 0 0 0 0 0 0 0 0 0 0 0 0 0 0 0 0 1 0 0 0 0 0 0 0 0 0 0 0 0 0 0 0 0 0 0 0 0 0 0 0 0 0 0 0 0 0 0 0 0 0 0 0 0 0 0 0 0 0 0 0 0 0 0 0 0 0 0 0 0 0 0 0 0 0 0 0 0 0 0 0]
[2786290701716526031562358774925766364575403979658870222627137549005301004344438882188141588048561137382826618147182782351644404576141060894009217052654590887761170097056907880564685374549977322841187088519456142775969915829043685947573098507255594752928049385412558608591347536930667599833518583244157 0 0 0 0 0 0 0 0 0 0 0 0 0 0 0 0 0 0 0 0 0 0 0 0 0 0 0 0 0 0 0 0 0 0 0 0 1 0 0 0 0 0 0 0 0 0 0 0 0 0 0 0 0 0 0 0 0 0 0 0 0 0 0 0 0 0 0 0 0 0 0 0 0 0 0 0 0 0 0 0 0 0 0 0 0 0 0 0 0 0 0 0 0 0 0 0 0 0 0]
[3590054786458841908714268735737561828253059645443032707506091790414320952239384528259238928429482887635277224039343996818131070009756202638503920853363269083602697446216425379361672271577110232931601498755594426086547564947935111133659043491343319856763178063635036803709917108657193992028149703516405 0 0 0 0 0 0 0 0 0 0 0 0 0 0 0 0 0 0 0 0 0 0 0 0 0 0 0 0 0 0 0 0 0 0 0 0 0 1 0 0 0 0 0 0 0 0 0 0 0 0 0 0 0 0 0 0 0 0 0 0 0 0 0 0 0 0 0 0 0 0 0 0 0 0 0 0 0 0 0 0 0 0 0 0 0 0 0 0 0 0 0 0 0 0 0 0 0 0 0]
[1836651560387443787423093288235244800541488035475210240682603748296285068985792929077168676090037912682555162698871967813277759098957108191571714565350857001098047128823680355843315957755981363912693405999392522177267729071919955242586611725281814425885763507955140518194236971193743536380315353417839 0 0 0 0 0 0 0 0 0 0 0 0 0 0 0 0 0 0 0 0 0 0 0 0 0 0 0 0 0 0 0 0 0 0 0 0 0 0 1 0 0 0 0 0 0 0 0 0 0 0 0 0 0 0 0 0 0 0 0 0 0 0 0 0 0 0 0 0 0 0 0 0 0 0 0 0 0 0 0 0 0 0 0 0 0 0 0 0 0 0 0 0 0 0 0 0 0 0 0]
[5391228029479289877922524448992934020893757769729625011638912159161866895259338420852805133948030800226328362567281029530629585483369490540764784261100841718871889577420119389459015789652432178468553042561273683116968563495177049567113726699162869089664687011351976957927015559769043185178481071264664 0 0 0 0 0 0 0 0 0 0 0 0 0 0 0 0 0 0 0 0 0 0 0 0 0 0 0 0 0 0 0 0 0 0 0 0 0 0 0 1 0 0 0 0 0 0 0 0 0 0 0 0 0 0 0 0 0 0 0 0 0 0 0 0 0 0 0 0 0 0 0 0 0 0 0 0 0 0 0 0 0 0 0 0 0 0 0 0 0 0 0 0 0 0 0 0 0 0 0]
[1058248720239717126456811919679512053158627569224805045644043897827543442250640310806672316931528224609634093574526329071824251929834233049088109193313304482733956592315606700308232740284414524854823252469432781389337107420252653545683465796460907360035634973282054721451351617789343626862858256592376 0 0 0 0 0 0 0 0 0 0 0 0 0 0 0 0 0 0 0 0 0 0 0 0 0 0 0 0 0 0 0 0 0 0 0 0 0 0 0 0 1 0 0 0 0 0 0 0 0 0 0 0 0 0 0 0 0 0 0 0 0 0 0 0 0 0 0 0 0 0 0 0 0 0 0 0 0 0 0 0 0 0 0 0 0 0 0 0 0 0 0 0 0 0 0 0 0 0 0]
[16372748369589198018123639837268637019203270766264922138180354234451985189703204657184292615916693222959405125858279121858401853838010757948449732972059530081590730502875828891404442503926164393114351049400188818584444699708304025685348495462877823492106257339137076677527665382747085125895758382448 0 0 0 0 0 0 0 0 0 0 0 0 0 0 0 0 0 0 0 0 0 0 0 0 0 0 0 0 0 0 0 0 0 0 0 0 0 0 0 0 0 1 0 0 0 0 0 0 0 0 0 0 0 0 0 0 0 0 0 0 0 0 0 0 0 0 0 0 0 0 0 0 0 0 0 0 0 0 0 0 0 0 0 0 0 0 0 0 0 0 0 0 0 0 0 0 0 0 0]
[248840812989376491328436400750551103828885824259508256406433353036415878532330989524783374062006005927566634610485247284310741769018966988835472605823775849932759518647663541581347438510943546369715155726836697603514092888242443454235008012505945910794741274612050343202112329368810825812092164067077 0 0 0 0 0 0 0 0 0 0 0 0 0 0 0 0 0 0 0 0 0 0 0 0 0 0 0 0 0 0 0 0 0 0 0 0 0 0 0 0 0 0 1 0 0 0 0 0 0 0 0 0 0 0 0 0 0 0 0 0 0 0 0 0 0 0 0 0 0 0 0 0 0 0 0 0 0 0 0 0 0 0 0 0 0 0 0 0 0 0 0 0 0 0 0 0 0 0 0]
[2021426537502979380213764130361836535553399832619253925176479422807723035032445318760649760082361154658484773408479662582407093842276900070351950472355879308322858482363679495769557774841952036858292010387892633783502230218240324363756284736390512403099694452787616278736678488676796684009487505311591 0 0 0 0 0 0 0 0 0 0 0 0 0 0 0 0 0 0 0 0 0 0 0 0 0 0 0 0 0 0 0 0 0 0 0 0 0 0 0 0 0 0 0 1 0 0 0 0 0 0 0 0 0 0 0 0 0 0 0 0 0 0 0 0 0 0 0 0 0 0 0 0 0 0 0 0 0 0 0 0 0 0 0 0 0 0 0 0 0 0 0 0 0 0 0 0 0 0 0]
[1960572173079355663322212125701388163753324951270645029093200960373735807237225886070869579823362667794015832149380498479246320604908883483869727513500827221504645716104285361349366324778927187711272135802427657304987337157332988971759078209752037210918606853573165676974121573540232517086461033828034 0 0 0 0 0 0 0 0 0 0 0 0 0 0 0 0 0 0 0 0 0 0 0 0 0 0 0 0 0 0 0 0 0 0 0 0 0 0 0 0 0 0 0 0 1 0 0 0 0 0 0 0 0 0 0 0 0 0 0 0 0 0 0 0 0 0 0 0 0 0 0 0 0 0 0 0 0 0 0 0 0 0 0 0 0 0 0 0 0 0 0 0 0 0 0 0 0 0 0]
[54475093958285141846863094921759737661272545268846441654088138989250648373181410316359255845220219753213522721104756157272460895159262173890232515048663157688005144655731270198259039475966089785222754699831897520543098961524642228520638129503083984561338368650918361382214681614829272130485023580588 0 0 0 0 0 0 0 0 0 0 0 0 0 0 0 0 0 0 0 0 0 0 0 0 0 0 0 0 0 0 0 0 0 0 0 0 0 0 0 0 0 0 0 0 0 1 0 0 0 0 0 0 0 0 0 0 0 0 0 0 0 0 0 0 0 0 0 0 0 0 0 0 0 0 0 0 0 0 0 0 0 0 0 0 0 0 0 0 0 0 0 0 0 0 0 0 0 0 0]
[1642628742401610763395910452167609940695413217143124210738461315466358108093909765985854825967330350767926836550302272372947052045441560922915731520717245855900934846526519316490631903709229634096180980590895814264248391657930599778577989616701648731528402477029889310866165905794639838412981232127531 0 0 0 0 0 0 0 0 0 0 0 0 0 0 0 0 0 0 0 0 0 0 0 0 0 0 0 0 0 0 0 0 0 0 0 0 0 0 0 0 0 0 0 0 0 0 1 0 0 0 0 0 0 0 0 0 0 0 0 0 0 0 0 0 0 0 0 0 0 0 0 0 0 0 0 0 0 0 0 0 0 0 0 0 0 0 0 0 0 0 0 0 0 0 0 0 0 0 0]
[83240226042464252522066822278613508383120739100263384645534682246452141924039071958017346561109908994654207747107758768823623254152095852146448839267909533305078898452664822121976104708313239467298614736123184817129914700181823008351926607297973455532647663664790632617431725285546009200580759057764 0 0 0 0 0 0 0 0 0 0 0 0 0 0 0 0 0 0 0 0 0 0 0 0 0 0 0 0 0 0 0 0 0 0 0 0 0 0 0 0 0 0 0 0 0 0 0 1 0 0 0 0 0 0 0 0 0 0 0 0 0 0 0 0 0 0 0 0 0 0 0 0 0 0 0 0 0 0 0 0 0 0 0 0 0 0 0 0 0 0 0 0 0 0 0 0 0 0 0]
[1075789762482808029843371121319179393141938469591976517727452887829174031658003605809111832569879023167682924369041875320826690002123552365392013507044784073966821596085786566891085571140561717973542503523368145121592835784315821980049355097675503547927607337734440784042750238549220734467003898440683 0 0 0 0 0 0 0 0 0 0 0 0 0 0 0 0 0 0 0 0 0 0 0 0 0 0 0 0 0 0 0 0 0 0 0 0 0 0 0 0 0 0 0 0 0 0 0 0 1 0 0 0 0 0 0 0 0 0 0 0 0 0 0 0 0 0 0 0 0 0 0 0 0 0 0 0 0 0 0 0 0 0 0 0 0 0 0 0 0 0 0 0 0 0 0 0 0 0 0]
[3814122615297652485110890189304384038868649300767416826941204730168350347746729443640827648069178884066523298737595860764828899485726753768354960649761695287010348395139864883384018217861607059481795122463814337312098887176656821374244098161569019937589850949633604401119060319237864445010576859339430 0 0 0 0 0 0 0 0 0 0 0 0 0 0 0 0 0 0 0 0 0 0 0 0 0 0 0 0 0 0 0 0 0 0 0 0 0 0 0 0 0 0 0 0 0 0 0 0 0 1 0 0 0 0 0 0 0 0 0 0 0 0 0 0 0 0 0 0 0 0 0 0 0 0 0 0 0 0 0 0 0 0 0 0 0 0 0 0 0 0 0 0 0 0 0 0 0 0 0]
[5290886801205602060039461198381644671046045745968672380516571418526236937135200166984758959656959350828804533748613926191079354668718566232490299451861265053188724171293599826065213536459641980593968372941124679055263232130021710834593481463234413254597626738239928596325153303280900236673174723550800 0 0 0 0 0 0 0 0 0 0 0 0 0 0 0 0 0 0 0 0 0 0 0 0 0 0 0 0 0 0 0 0 0 0 0 0 0 0 0 0 0 0 0 0 0 0 0 0 0 0 1 0 0 0 0 0 0 0 0 0 0 0 0 0 0 0 0 0 0 0 0 0 0 0 0 0 0 0 0 0 0 0 0 0 0 0 0 0 0 0 0 0 0 0 0 0 0 0 0]
[1874469263495493360516547224986139396662216093095743910335255573218983392364739797224214639542238882712963816088868053123488590360591426151471246254721544661128941831809403800826735306222453731104425606428244790064936266033499671182226634013271282088559138949044264548723391056759401526599084472693379 0 0 0 0 0 0 0 0 0 0 0 0 0 0 0 0 0 0 0 0 0 0 0 0 0 0 0 0 0 0 0 0 0 0 0 0 0 0 0 0 0 0 0 0 0 0 0 0 0 0 0 1 0 0 0 0 0 0 0 0 0 0 0 0 0 0 0 0 0 0 0 0 0 0 0 0 0 0 0 0 0 0 0 0 0 0 0 0 0 0 0 0 0 0 0 0 0 0 0]
[1705922268851069852162924793564401041076030237447941961184065971237612818610188889995385746863878645174312295016730782276667473588891207108946403829394852699545175416483161771839885977830030707755861605445241905800625594157390216116266199590100084184546760359737142232431353310160351359221932565717397 0 0 0 0 0 0 0 0 0 0 0 0 0 0 0 0 0 0 0 0 0 0 0 0 0 0 0 0 0 0 0 0 0 0 0 0 0 0 0 0 0 0 0 0 0 0 0 0 0 0 0 0 1 0 0 0 0 0 0 0 0 0 0 0 0 0 0 0 0 0 0 0 0 0 0 0 0 0 0 0 0 0 0 0 0 0 0 0 0 0 0 0 0 0 0 0 0 0 0]
[5463005737957801135691831103479754240232975455453957368619161706565689910468539690376999734027129509614970298036184159108812346542222426323444310472597353956731743985399220584914236550468560349289939417916635706366806077313333337312524923971431768225411678074196918657668168736099957019232280610332041 0 0 0 0 0 0 0 0 0 0 0 0 0 0 0 0 0 0 0 0 0 0 0 0 0 0 0 0 0 0 0 0 0 0 0 0 0 0 0 0 0 0 0 0 0 0 0 0 0 0 0 0 0 1 0 0 0 0 0 0 0 0 0 0 0 0 0 0 0 0 0 0 0 0 0 0 0 0 0 0 0 0 0 0 0 0 0 0 0 0 0 0 0 0 0 0 0 0 0]
[880609635124597439477061924335417462681043693406434390978698998403209117384938504583749436523688619525887154595346473687462925092031889276024092094271974626400922465018502016497737841010852921548505467733524751418195048971765107255323771167922006240135472599513158269481796991613719898543942952201109 0 0 0 0 0 0 0 0 0 0 0 0 0 0 0 0 0 0 0 0 0 0 0 0 0 0 0 0 0 0 0 0 0 0 0 0 0 0 0 0 0 0 0 0 0 0 0 0 0 0 0 0 0 0 1 0 0 0 0 0 0 0 0 0 0 0 0 0 0 0 0 0 0 0 0 0 0 0 0 0 0 0 0 0 0 0 0 0 0 0 0 0 0 0 0 0 0 0 0]
[1798390699577879491698510756294981684869264335916868356344402203948053420620497642950309019652788018396437055324829383766642875583999160536950656308982950235102708667468992324835783578284434617047815753190475719080446681543587625382602476733733722235861125445005979835186457880879767291283579643301472 0 0 0 0 0 0 0 0 0 0 0 0 0 0 0 0 0 0 0 0 0 0 0 0 0 0 0 0 0 0 0 0 0 0 0 0 0 0 0 0 0 0 0 0 0 0 0 0 0 0 0 0 0 0 0 1 0 0 0 0 0 0 0 0 0 0 0 0 0 0 0 0 0 0 0 0 0 0 0 0 0 0 0 0 0 0 0 0 0 0 0 0 0 0 0 0 0 0 0]
[3545034659999945841566091886674523384552281130855321299084442983470460561147474990529556994070284715667099619509167573967418483042054239301642310775382378959089330855202828163532655947648951530397716939528522944678049001053259272714705940049606751161073592463056881215493831205435717276458164380407175 0 0 0 0 0 0 0 0 0 0 0 0 0 0 0 0 0 0 0 0 0 0 0 0 0 0 0 0 0 0 0 0 0 0 0 0 0 0 0 0 0 0 0 0 0 0 0 0 0 0 0 0 0 0 0 0 1 0 0 0 0 0 0 0 0 0 0 0 0 0 0 0 0 0 0 0 0 0 0 0 0 0 0 0 0 0 0 0 0 0 0 0 0 0 0 0 0 0 0]
[67796186342980816069824528143050827837837460725565503595525123527735356046250304176483451405148320038479211834743774253467633520013984139484666623394150792585869998939702347197157265803157137858663097949995487303070073266972636893533961990543760728036047568071379270921904976480839550342129607536211 0 0 0 0 0 0 0 0 0 0 0 0 0 0 0 0 0 0 0 0 0 0 0 0 0 0 0 0 0 0 0 0 0 0 0 0 0 0 0 0 0 0 0 0 0 0 0 0 0 0 0 0 0 0 0 0 0 1 0 0 0 0 0 0 0 0 0 0 0 0 0 0 0 0 0 0 0 0 0 0 0 0 0 0 0 0 0 0 0 0 0 0 0 0 0 0 0 0 0]
[2828609182721335226019910317521421488153737734792517330675456020279866402735135616438143878599599761911451319554915924564579476805599450068614890522792049469140551323930766277663284198906865410814882623121057434372413322090020278941425108275670406534173095759069426288297882136265851941217743201740601 0 0 0 0 0 0 0 0 0 0 0 0 0 0 0 0 0 0 0 0 0 0 0 0 0 0 0 0 0 0 0 0 0 0 0 0 0 0 0 0 0 0 0 0 0 0 0 0 0 0 0 0 0 0 0 0 0 0 1 0 0 0 0 0 0 0 0 0 0 0 0 0 0 0 0 0 0 0 0 0 0 0 0 0 0 0 0 0 0 0 0 0 0 0 0 0 0 0 0]
[1029008939669759456431384485238005891434789691583971831860483821867412543563724783723232994247258757175972739431746492194604660220304298735320385415517433790766880737474263013349574392963609667493369140552324841569236222736812840653981150483019337523125557454182062978117961324536172156248859499432430 0 0 0 0 0 0 0 0 0 0 0 0 0 0 0 0 0 0 0 0 0 0 0 0 0 0 0 0 0 0 0 0 0 0 0 0 0 0 0 0 0 0 0 0 0 0 0 0 0 0 0 0 0 0 0 0 0 0 0 1 0 0 0 0 0 0 0 0 0 0 0 0 0 0 0 0 0 0 0 0 0 0 0 0 0 0 0 0 0 0 0 0 0 0 0 0 0 0 0]
[4656864072905143334506797556054536448759622193494175869879178004686390519347013841979255352103724784729412146911831268569407287341515128900520742031747305533821521492463156022260232539393094453522119203183822888834254465255088650861023495109606205576619410018924505961830201994842417056366203013342648 0 0 0 0 0 0 0 0 0 0 0 0 0 0 0 0 0 0 0 0 0 0 0 0 0 0 0 0 0 0 0 0 0 0 0 0 0 0 0 0 0 0 0 0 0 0 0 0 0 0 0 0 0 0 0 0 0 0 0 0 1 0 0 0 0 0 0 0 0 0 0 0 0 0 0 0 0 0 0 0 0 0 0 0 0 0 0 0 0 0 0 0 0 0 0 0 0 0 0]
[2594096295622540763295020055761997353970995489017680142868256352967674825905476982564131313302566513934002702841301858649268276963988740616946637563931751247734991422778704977186002136367579694547087197322458066579543417929269730455810188814198048936510937991198198610588198179312661503070554114505567 0 0 0 0 0 0 0 0 0 0 0 0 0 0 0 0 0 0 0 0 0 0 0 0 0 0 0 0 0 0 0 0 0 0 0 0 0 0 0 0 0 0 0 0 0 0 0 0 0 0 0 0 0 0 0 0 0 0 0 0 0 1 0 0 0 0 0 0 0 0 0 0 0 0 0 0 0 0 0 0 0 0 0 0 0 0 0 0 0 0 0 0 0 0 0 0 0 0 0]
[2563318906504325557800755946840563879369097523679759642647228464954508553963133236031312162102602822179201470696458914411714803730947406309538207558515819117074846916467937045868394594176891322648288439212547141544035433352685313731643837928808414189909321365252991615442370620399421031428890944389132 0 0 0 0 0 0 0 0 0 0 0 0 0 0 0 0 0 0 0 0 0 0 0 0 0 0 0 0 0 0 0 0 0 0 0 0 0 0 0 0 0 0 0 0 0 0 0 0 0 0 0 0 0 0 0 0 0 0 0 0 0 0 1 0 0 0 0 0 0 0 0 0 0 0 0 0 0 0 0 0 0 0 0 0 0 0 0 0 0 0 0 0 0 0 0 0 0 0 0]
[5212416098853743171978746349007367559529902680622365511915430477546122004371390111643601751612232515625713097717369254273710465704434780197799469268682713466539164726662877573139208103578645012489934255896790017755981807782089531783947131076404336978429923244959533397215777908492337423728247940559061 0 0 0 0 0 0 0 0 0 0 0 0 0 0 0 0 0 0 0 0 0 0 0 0 0 0 0 0 0 0 0 0 0 0 0 0 0 0 0 0 0 0 0 0 0 0 0 0 0 0 0 0 0 0 0 0 0 0 0 0 0 0 0 1 0 0 0 0 0 0 0 0 0 0 0 0 0 0 0 0 0 0 0 0 0 0 0 0 0 0 0 0 0 0 0 0 0 0 0]
[2821661992403689232464337278804224855207880052230004628056734723196140606738540218221999998626817714582628016002484226985581979999513359138673322217561048406397820631503415706699227579075126421636312813774157719625222241332581975313882915795180722727953724373589787371734432850641434356749491624706865 0 0 0 0 0 0 0 0 0 0 0 0 0 0 0 0 0 0 0 0 0 0 0 0 0 0 0 0 0 0 0 0 0 0 0 0 0 0 0 0 0 0 0 0 0 0 0 0 0 0 0 0 0 0 0 0 0 0 0 0 0 0 0 0 1 0 0 0 0 0 0 0 0 0 0 0 0 0 0 0 0 0 0 0 0 0 0 0 0 0 0 0 0 0 0 0 0 0 0]
[5189520391760425449638192314143392819257042288213596136169734024135403209701185343622955720313632865157420501340339937755266960292497214842721628047892298251799473246315245979310181994603673689735617796167533398256246563143269280559135709050935433848024359860430508835250632185906899924564476305803429 0 0 0 0 0 0 0 0 0 0 0 0 0 0 0 0 0 0 0 0 0 0 0 0 0 0 0 0 0 0 0 0 0 0 0 0 0 0 0 0 0 0 0 0 0 0 0 0 0 0 0 0 0 0 0 0 0 0 0 0 0 0 0 0 0 1 0 0 0 0 0 0 0 0 0 0 0 0 0 0 0 0 0 0 0 0 0 0 0 0 0 0 0 0 0 0 0 0 0]
[4083852518397480115682588656250057070174761084589288672719722519439174870071741402489568508362226521911770834716246812014793471058771701031564287027041775674054306037400675605675343353309765422870599083022736486269426229922421833740467141449139806830343083594649046102752597036263633704035684529801010 0 0 0 0 0 0 0 0 0 0 0 0 0 0 0 0 0 0 0 0 0 0 0 0 0 0 0 0 0 0 0 0 0 0 0 0 0 0 0 0 0 0 0 0 0 0 0 0 0 0 0 0 0 0 0 0 0 0 0 0 0 0 0 0 0 0 1 0 0 0 0 0 0 0 0 0 0 0 0 0 0 0 0 0 0 0 0 0 0 0 0 0 0 0 0 0 0 0 0]
[353943186751850485724931460002516681736087896026013133691691239671177429695651531861252445261696697194628884235590841856857833072749275908679197186853378424521416516816038709449152969842518936313898727004510951330296619851305232965128938645690097737876166207310620395405960214705717037463803739157027 0 0 0 0 0 0 0 0 0 0 0 0 0 0 0 0 0 0 0 0 0 0 0 0 0 0 0 0 0 0 0 0 0 0 0 0 0 0 0 0 0 0 0 0 0 0 0 0 0 0 0 0 0 0 0 0 0 0 0 0 0 0 0 0 0 0 0 1 0 0 0 0 0 0 0 0 0 0 0 0 0 0 0 0 0 0 0 0 0 0 0 0 0 0 0 0 0 0 0]
[5383793728439408918966259158427427101027425809303478578343229829076171737932894821943513827897661520978546999300319129469081659422811195096527277318061852111802627869450832118364180114599907895741729350264518575736816818088005829163748106599421543649396827952616457360553171223680236666564555259648803 0 0 0 0 0 0 0 0 0 0 0 0 0 0 0 0 0 0 0 0 0 0 0 0 0 0 0 0 0 0 0 0 0 0 0 0 0 0 0 0 0 0 0 0 0 0 0 0 0 0 0 0 0 0 0 0 0 0 0 0 0 0 0 0 0 0 0 0 1 0 0 0 0 0 0 0 0 0 0 0 0 0 0 0 0 0 0 0 0 0 0 0 0 0 0 0 0 0 0]
[2483747759804532612684106490288704214129676252510832150667224726181346961332351820004211469435962730654474619306565624717284728675391078859635191515851947844256286572591311371734845012914281819230468658792258872143937522393526744396889555551933801475045494354525046940627767601514505795950829078912040 0 0 0 0 0 0 0 0 0 0 0 0 0 0 0 0 0 0 0 0 0 0 0 0 0 0 0 0 0 0 0 0 0 0 0 0 0 0 0 0 0 0 0 0 0 0 0 0 0 0 0 0 0 0 0 0 0 0 0 0 0 0 0 0 0 0 0 0 0 1 0 0 0 0 0 0 0 0 0 0 0 0 0 0 0 0 0 0 0 0 0 0 0 0 0 0 0 0 0]
[1637272466986006666979614202839854924926209003387598723080224407101679500733043089746911759039820065602793067925936682984111757214456515399621796143361133812954635382584461891056519121412538748241181844405467621004581398474047998135813853215295585172280916711316491056961499899594502161372833411421873 0 0 0 0 0 0 0 0 0 0 0 0 0 0 0 0 0 0 0 0 0 0 0 0 0 0 0 0 0 0 0 0 0 0 0 0 0 0 0 0 0 0 0 0 0 0 0 0 0 0 0 0 0 0 0 0 0 0 0 0 0 0 0 0 0 0 0 0 0 0 1 0 0 0 0 0 0 0 0 0 0 0 0 0 0 0 0 0 0 0 0 0 0 0 0 0 0 0 0]
[620168778483881278682237662446470680816653742013297759837465118750987315618080006097369784240516320759629728899087854814413734118258490180789826101869947518383981969942580226845170679299178512632998817879537080698446243192801238966026064938734047130460168674427936824645404089028445144472255149836992 0 0 0 0 0 0 0 0 0 0 0 0 0 0 0 0 0 0 0 0 0 0 0 0 0 0 0 0 0 0 0 0 0 0 0 0 0 0 0 0 0 0 0 0 0 0 0 0 0 0 0 0 0 0 0 0 0 0 0 0 0 0 0 0 0 0 0 0 0 0 0 1 0 0 0 0 0 0 0 0 0 0 0 0 0 0 0 0 0 0 0 0 0 0 0 0 0 0 0]
[3830341304850099108371918391757389189855408343585098986501744249788817990424611237120752571622307601005081953516591273082842570146215200247206635156627158302163340249508251491717051365343448870320507778770033748036721572181744535182219503608285969105537155589678197540746529695330448763600654324280592 0 0 0 0 0 0 0 0 0 0 0 0 0 0 0 0 0 0 0 0 0 0 0 0 0 0 0 0 0 0 0 0 0 0 0 0 0 0 0 0 0 0 0 0 0 0 0 0 0 0 0 0 0 0 0 0 0 0 0 0 0 0 0 0 0 0 0 0 0 0 0 0 1 0 0 0 0 0 0 0 0 0 0 0 0 0 0 0 0 0 0 0 0 0 0 0 0 0 0]
[2422837561966222994733930116813848677184384139656195606607583425082924666141958358628123924010561039627155891340162289375354172379791015245348251288650133057058975762062427378277793146476074756324452777198940928635536897060456893313995089685756191267618096019457115417016347565685826654074105168225382 0 0 0 0 0 0 0 0 0 0 0 0 0 0 0 0 0 0 0 0 0 0 0 0 0 0 0 0 0 0 0 0 0 0 0 0 0 0 0 0 0 0 0 0 0 0 0 0 0 0 0 0 0 0 0 0 0 0 0 0 0 0 0 0 0 0 0 0 0 0 0 0 0 1 0 0 0 0 0 0 0 0 0 0 0 0 0 0 0 0 0 0 0 0 0 0 0 0 0]
[336299527842976681628892162395458658354077143940621394551880681135793233194629809065882656797041939321076102768243118054923933514501109915916956092650537795178119780488928805182804804072372213676461627916168509140885404339001577259497702969346676021159215244351987469157771994994861795773368762503474 0 0 0 0 0 0 0 0 0 0 0 0 0 0 0 0 0 0 0 0 0 0 0 0 0 0 0 0 0 0 0 0 0 0 0 0 0 0 0 0 0 0 0 0 0 0 0 0 0 0 0 0 0 0 0 0 0 0 0 0 0 0 0 0 0 0 0 0 0 0 0 0 0 0 1 0 0 0 0 0 0 0 0 0 0 0 0 0 0 0 0 0 0 0 0 0 0 0 0]
[792540423853942969948666961793153335556128617641083999175966140162846323152390542717765045249518369262601932719578831244696836282397285198879514872030585878928779136325538683273860534251479283097612847561061257750077176010422426090136079068430340675943546987764134435996491674301174386168001260064913 0 0 0 0 0 0 0 0 0 0 0 0 0 0 0 0 0 0 0 0 0 0 0 0 0 0 0 0 0 0 0 0 0 0 0 0 0 0 0 0 0 0 0 0 0 0 0 0 0 0 0 0 0 0 0 0 0 0 0 0 0 0 0 0 0 0 0 0 0 0 0 0 0 0 0 1 0 0 0 0 0 0 0 0 0 0 0 0 0 0 0 0 0 0 0 0 0 0 0]
[3327793912461670784940726522126588614783366005731939460894452280353548086479737181892824113814904737073177710115995943056752340353153734946633315571782224312549275249794586135317400665785646763146977920015710299594961575639641719384595159897098659461438320822869283617576463432726893594725429390306573 0 0 0 0 0 0 0 0 0 0 0 0 0 0 0 0 0 0 0 0 0 0 0 0 0 0 0 0 0 0 0 0 0 0 0 0 0 0 0 0 0 0 0 0 0 0 0 0 0 0 0 0 0 0 0 0 0 0 0 0 0 0 0 0 0 0 0 0 0 0 0 0 0 0 0 0 1 0 0 0 0 0 0 0 0 0 0 0 0 0 0 0 0 0 0 0 0 0 0]
[3483994628574976857005995151251456904101126817943208631219368187427489401324084927841621542248602582141120711245839202725453062573755942567787928886826146566805996587273154723719472268658230857810785698500985612239532243775382140778759524398758906239140599739008909277982243219380094272992618245213062 0 0 0 0 0 0 0 0 0 0 0 0 0 0 0 0 0 0 0 0 0 0 0 0 0 0 0 0 0 0 0 0 0 0 0 0 0 0 0 0 0 0 0 0 0 0 0 0 0 0 0 0 0 0 0 0 0 0 0 0 0 0 0 0 0 0 0 0 0 0 0 0 0 0 0 0 0 1 0 0 0 0 0 0 0 0 0 0 0 0 0 0 0 0 0 0 0 0 0]
[491261844664747183324176470272749374361534311323074855856573407787498760509862021857892929127519402592878115818204891960020200071294768304392407726980182067629348584058271640222113758746743703838376326777000774940092550030647091731535273062598350226258670986948163042451787832913196536976497416792948 0 0 0 0 0 0 0 0 0 0 0 0 0 0 0 0 0 0 0 0 0 0 0 0 0 0 0 0 0 0 0 0 0 0 0 0 0 0 0 0 0 0 0 0 0 0 0 0 0 0 0 0 0 0 0 0 0 0 0 0 0 0 0 0 0 0 0 0 0 0 0 0 0 0 0 0 0 0 1 0 0 0 0 0 0 0 0 0 0 0 0 0 0 0 0 0 0 0 0]
[3694007612375631332200478944396523327199417471473822948565012517966989354382442141127031263334284277667947823023041955202632019259805095300939405958119509694388800809466809497596576716597889726024505449892333492015938607245489395123072116887797318975762371251786753919379955009819535247789516263304629 0 0 0 0 0 0 0 0 0 0 0 0 0 0 0 0 0 0 0 0 0 0 0 0 0 0 0 0 0 0 0 0 0 0 0 0 0 0 0 0 0 0 0 0 0 0 0 0 0 0 0 0 0 0 0 0 0 0 0 0 0 0 0 0 0 0 0 0 0 0 0 0 0 0 0 0 0 0 0 1 0 0 0 0 0 0 0 0 0 0 0 0 0 0 0 0 0 0 0]
[850683070419133356621732143433055470824523908552596145664068210158913591891679726680986951187364995275209690550406612630374937587813702375992745177549601728824330863943082031943307910121671362181650218340203680013705868435214151668364432728741036698835126813127678979042919859902818037482390856741079 0 0 0 0 0 0 0 0 0 0 0 0 0 0 0 0 0 0 0 0 0 0 0 0 0 0 0 0 0 0 0 0 0 0 0 0 0 0 0 0 0 0 0 0 0 0 0 0 0 0 0 0 0 0 0 0 0 0 0 0 0 0 0 0 0 0 0 0 0 0 0 0 0 0 0 0 0 0 0 0 1 0 0 0 0 0 0 0 0 0 0 0 0 0 0 0 0 0 0]
[5075797585954321020625473545973616926496470637244772648758011777794007309640768792437738800978757857731965453792992353751310945388400902841924886161618816914851619905468679741780597223846180222320381196150065640444633454065251168283476540947474601702451498799271855670086648232121010396084226736088873 0 0 0 0 0 0 0 0 0 0 0 0 0 0 0 0 0 0 0 0 0 0 0 0 0 0 0 0 0 0 0 0 0 0 0 0 0 0 0 0 0 0 0 0 0 0 0 0 0 0 0 0 0 0 0 0 0 0 0 0 0 0 0 0 0 0 0 0 0 0 0 0 0 0 0 0 0 0 0 0 0 1 0 0 0 0 0 0 0 0 0 0 0 0 0 0 0 0 0]
[4136992232107909997344024828596931065040667726366232682156244564170431733397165009514299608605372637564035729838575929690919916650908994725059640951014289822852012527074266765715475843930186516076850944389111258819541250707259763239066037387363266112063869767243005973725392197359133583146150789508810 0 0 0 0 0 0 0 0 0 0 0 0 0 0 0 0 0 0 0 0 0 0 0 0 0 0 0 0 0 0 0 0 0 0 0 0 0 0 0 0 0 0 0 0 0 0 0 0 0 0 0 0 0 0 0 0 0 0 0 0 0 0 0 0 0 0 0 0 0 0 0 0 0 0 0 0 0 0 0 0 0 0 1 0 0 0 0 0 0 0 0 0 0 0 0 0 0 0 0]
[2829284774157030779388736439162014202390130802748239820957015129609876736694759433399267223913396098434312609876250054430402137874776139155215160447765966486679478564110418451966892318060236251613594285201298354754074890448320306323017972517628291332221153395281825722602173109180712543363802039006239 0 0 0 0 0 0 0 0 0 0 0 0 0 0 0 0 0 0 0 0 0 0 0 0 0 0 0 0 0 0 0 0 0 0 0 0 0 0 0 0 0 0 0 0 0 0 0 0 0 0 0 0 0 0 0 0 0 0 0 0 0 0 0 0 0 0 0 0 0 0 0 0 0 0 0 0 0 0 0 0 0 0 0 1 0 0 0 0 0 0 0 0 0 0 0 0 0 0 0]
[4468912303748444689837193957592543812782925165536209933239518255882655623416479038162182932295559874500616093916010162358635461525015620328225060485526488049934508182271784961792460964995299118356046414056310273141988225441537880565487956353596251549354972876313619287177552267072004441567881726233511 0 0 0 0 0 0 0 0 0 0 0 0 0 0 0 0 0 0 0 0 0 0 0 0 0 0 0 0 0 0 0 0 0 0 0 0 0 0 0 0 0 0 0 0 0 0 0 0 0 0 0 0 0 0 0 0 0 0 0 0 0 0 0 0 0 0 0 0 0 0 0 0 0 0 0 0 0 0 0 0 0 0 0 0 1 0 0 0 0 0 0 0 0 0 0 0 0 0 0]
[853208302079177289825909982934118359845491832607427785684418700572527867025618784017823513145220093972116873299691602523156762796637569746324796176911473147021569900889094092506050402088350540209956216445494462856405050326596277250296618738829474188288607850867504164130530600710871156156341655342277 0 0 0 0 0 0 0 0 0 0 0 0 0 0 0 0 0 0 0 0 0 0 0 0 0 0 0 0 0 0 0 0 0 0 0 0 0 0 0 0 0 0 0 0 0 0 0 0 0 0 0 0 0 0 0 0 0 0 0 0 0 0 0 0 0 0 0 0 0 0 0 0 0 0 0 0 0 0 0 0 0 0 0 0 0 1 0 0 0 0 0 0 0 0 0 0 0 0 0]
[992656425035924653936523149257967139673377064652731299997123729246101208788233920426975213979314762633107914881326046047040383665486717193767183160589633991733996724818532459658594167878752915513039803504879576105386490373153955119217880160205222377350673115911095868965994675207097493511338218491760 0 0 0 0 0 0 0 0 0 0 0 0 0 0 0 0 0 0 0 0 0 0 0 0 0 0 0 0 0 0 0 0 0 0 0 0 0 0 0 0 0 0 0 0 0 0 0 0 0 0 0 0 0 0 0 0 0 0 0 0 0 0 0 0 0 0 0 0 0 0 0 0 0 0 0 0 0 0 0 0 0 0 0 0 0 0 1 0 0 0 0 0 0 0 0 0 0 0 0]
[2588409239083068460244517095324097921402814109158889407343857697905108074541406909300357274197747648826832552937240647584615828067596853724752735108551820778378295954915784542992750036930198606405121491350554137551657766041088413914264345681115571649547523721707611675718696555691788863683264239908718 0 0 0 0 0 0 0 0 0 0 0 0 0 0 0 0 0 0 0 0 0 0 0 0 0 0 0 0 0 0 0 0 0 0 0 0 0 0 0 0 0 0 0 0 0 0 0 0 0 0 0 0 0 0 0 0 0 0 0 0 0 0 0 0 0 0 0 0 0 0 0 0 0 0 0 0 0 0 0 0 0 0 0 0 0 0 0 1 0 0 0 0 0 0 0 0 0 0 0]
[4510067013851907218641187597806912782429856098787821366281333250676027871752700442682544714049202536633321808313411257889838111743483536757406854230497636804106795806488624216841055640112672165548080059460023519559086050669396669002514062117128922269801845274273288756749563127034901431822476470575141 0 0 0 0 0 0 0 0 0 0 0 0 0 0 0 0 0 0 0 0 0 0 0 0 0 0 0 0 0 0 0 0 0 0 0 0 0 0 0 0 0 0 0 0 0 0 0 0 0 0 0 0 0 0 0 0 0 0 0 0 0 0 0 0 0 0 0 0 0 0 0 0 0 0 0 0 0 0 0 0 0 0 0 0 0 0 0 0 1 0 0 0 0 0 0 0 0 0 0]
[1859759433198801207553602699616334968435432349620974271409729347187613213736024181146866520245505048819696481510826839019713051989037007303718438860801263516632260415184167171928991103012662831173611166923019642287149204234253531013337929825769365378803624189925040833753476487883189709066515269029395 0 0 0 0 0 0 0 0 0 0 0 0 0 0 0 0 0 0 0 0 0 0 0 0 0 0 0 0 0 0 0 0 0 0 0 0 0 0 0 0 0 0 0 0 0 0 0 0 0 0 0 0 0 0 0 0 0 0 0 0 0 0 0 0 0 0 0 0 0 0 0 0 0 0 0 0 0 0 0 0 0 0 0 0 0 0 0 0 0 1 0 0 0 0 0 0 0 0 0]
[3306602770815749871730988058311968949072801391993120133076332269420108184649923274055447890703810737908997077930355079915769327058823725191453388983019631148748768632057223439106193650399768870247914829715823241921591474001954322061796409490054502129335749769624981834104353343377480638087942747914047 0 0 0 0 0 0 0 0 0 0 0 0 0 0 0 0 0 0 0 0 0 0 0 0 0 0 0 0 0 0 0 0 0 0 0 0 0 0 0 0 0 0 0 0 0 0 0 0 0 0 0 0 0 0 0 0 0 0 0 0 0 0 0 0 0 0 0 0 0 0 0 0 0 0 0 0 0 0 0 0 0 0 0 0 0 0 0 0 0 0 1 0 0 0 0 0 0 0 0]
[3228549130157564421752256507190109175011677077157662922145639532321127453132002740579592543097241471802264690038431127023047386449491840592663400881988473121936667717065552929946876772748363216247615768145802914506634191537056924138392718898429144914674260232741275526480596447162193655216936821269531 0 0 0 0 0 0 0 0 0 0 0 0 0 0 0 0 0 0 0 0 0 0 0 0 0 0 0 0 0 0 0 0 0 0 0 0 0 0 0 0 0 0 0 0 0 0 0 0 0 0 0 0 0 0 0 0 0 0 0 0 0 0 0 0 0 0 0 0 0 0 0 0 0 0 0 0 0 0 0 0 0 0 0 0 0 0 0 0 0 0 0 1 0 0 0 0 0 0 0]
[832216935730263619384731722489463648733339713058115418778129693112227089373406476554599105589771500852867007798028420112304020744597672911431537294529003756238666012836166747717675173058001186201444620504325191573296598194788473072572617841236601213928473223918197339764364169831776114771892986254871 0 0 0 0 0 0 0 0 0 0 0 0 0 0 0 0 0 0 0 0 0 0 0 0 0 0 0 0 0 0 0 0 0 0 0 0 0 0 0 0 0 0 0 0 0 0 0 0 0 0 0 0 0 0 0 0 0 0 0 0 0 0 0 0 0 0 0 0 0 0 0 0 0 0 0 0 0 0 0 0 0 0 0 0 0 0 0 0 0 0 0 0 1 0 0 0 0 0 0]
[475647743126708615148868538799152786307607040615426847012015566078823794966111519309759183444556695138499070606623362314020435380942711326014205156867020370752224141704870461898995472205879013713122154413882450819620934602502153881973958368452886736253077641207622299144807938935743337234697666008226 0 0 0 0 0 0 0 0 0 0 0 0 0 0 0 0 0 0 0 0 0 0 0 0 0 0 0 0 0 0 0 0 0 0 0 0 0 0 0 0 0 0 0 0 0 0 0 0 0 0 0 0 0 0 0 0 0 0 0 0 0 0 0 0 0 0 0 0 0 0 0 0 0 0 0 0 0 0 0 0 0 0 0 0 0 0 0 0 0 0 0 0 0 1 0 0 0 0 0]
[2101120958012304186263777929213836082985503701266751559193236609913192791148983860225205294952419083277737913592400315150087692685231837971432127711629696749555938640946013796653127148969781235140829714231417879340254296320178733544485954101386167008583202311683188563410823426712167415053046294692931 0 0 0 0 0 0 0 0 0 0 0 0 0 0 0 0 0 0 0 0 0 0 0 0 0 0 0 0 0 0 0 0 0 0 0 0 0 0 0 0 0 0 0 0 0 0 0 0 0 0 0 0 0 0 0 0 0 0 0 0 0 0 0 0 0 0 0 0 0 0 0 0 0 0 0 0 0 0 0 0 0 0 0 0 0 0 0 0 0 0 0 0 0 0 1 0 0 0 0]
[3461857709651724140851411919084276855268854335776779663982965197159184508387257644858675868590439120483175134337739868590416614126033746417591314970044447876930838019183646023683771132021278758000356322536115698841556788119686363989272058920151745472831005159408651709053955908284412783697583027553520 0 0 0 0 0 0 0 0 0 0 0 0 0 0 0 0 0 0 0 0 0 0 0 0 0 0 0 0 0 0 0 0 0 0 0 0 0 0 0 0 0 0 0 0 0 0 0 0 0 0 0 0 0 0 0 0 0 0 0 0 0 0 0 0 0 0 0 0 0 0 0 0 0 0 0 0 0 0 0 0 0 0 0 0 0 0 0 0 0 0 0 0 0 0 0 1 0 0 0]
[2868110693873192983921037933538255858321320728843520283682111317707319795358852463705036271272652653423415011132568833932189734731268360020875815187707330778849675950720050374941846402338600212046568965480933238009010241233495248715964561716261722937609717935263232340399876884633972051394469151407230 0 0 0 0 0 0 0 0 0 0 0 0 0 0 0 0 0 0 0 0 0 0 0 0 0 0 0 0 0 0 0 0 0 0 0 0 0 0 0 0 0 0 0 0 0 0 0 0 0 0 0 0 0 0 0 0 0 0 0 0 0 0 0 0 0 0 0 0 0 0 0 0 0 0 0 0 0 0 0 0 0 0 0 0 0 0 0 0 0 0 0 0 0 0 0 0 1 0 0]
[501298593550984577425690601718321570258733703059296563218749978004978815185346304107905731332926159145781403495237914297669975900604758345519481179044929162692174229239090967950744043301081977185196183109902914918712886222828943289116109511909699467239288951520051562131427612990730961669626147485526 0 0 0 0 0 0 0 0 0 0 0 0 0 0 0 0 0 0 0 0 0 0 0 0 0 0 0 0 0 0 0 0 0 0 0 0 0 0 0 0 0 0 0 0 0 0 0 0 0 0 0 0 0 0 0 0 0 0 0 0 0 0 0 0 0 0 0 0 0 0 0 0 0 0 0 0 0 0 0 0 0 0 0 0 0 0 0 0 0 0 0 0 0 0 0 0 0 1 0]
[365721315777212214812596704676025311722660400177339747470223798158796057512232466591222879175925556797127260395752872635117621104444582770846506350734068807416538858334378931195819242128412331383164362564693778573415183288346512612915696550982085293024579415866442542639347956536828773496010936970338 0 0 0 0 0 0 0 0 0 0 0 0 0 0 0 0 0 0 0 0 0 0 0 0 0 0 0 0 0 0 0 0 0 0 0 0 0 0 0 0 0 0 0 0 0 0 0 0 0 0 0 0 0 0 0 0 0 0 0 0 0 0 0 0 0 0 0 0 0 0 0 0 0 0 0 0 0 0 0 0 0 0 0 0 0 0 0 0 0 0 0 0 0 0 0 0 0 0 1]
]
