[[6697353762308939268490132191882389288346101304993442934300044109433136528712280265019475753029514318052999701826930549640220899727513709067546177405612880150284583998972989786976715456263571542245225210508077484953387711851226310210662135621083091673195980553531107563943892111740999116390887443713607 0 0 0 0 0 0 0 0 0 0 0 0 0 0 0 0 0 0 0 0 0 0 0 0 0 0 0 0 0 0 0 0 0 0 0 0 0 0 0 0 0 0 0 0 0 0 0 0 0 0 0 0 0 0 0 0 0 0 0 0 0 0 0 0 0 0 0 0 0 0 0 0 0 0 0 0 0 0 0 0 0 0 0 0 0 0 0 0 0 0 0 0 0 0 0 0 0 0 0]
[373052688741350634914316173351845230140020619671290847981516737075775202913679530667661862156110399707384689402824340803770258569735252217697018062347748242446573665339852913460485731171535676563936772962108618909407640677080396362969287019892613625831557800507058076565709901106775267363709175712523 1 0 0 0 0 0 0 0 0 0 0 0 0 0 0 0 0 0 0 0 0 0 0 0 0 0 0 0 0 0 0 0 0 0 0 0 0 0 0 0 0 0 0 0 0 0 0 0 0 0 0 0 0 0 0 0 0 0 0 0 0 0 0 0 0 0 0 0 0 0 0 0 0 0 0 0 0 0 0 0 0 0 0 0 0 0 0 0 0 0 0 0 0 0 0 0 0 0 0]
[1839037719652235492076400185158479632784685356081882043787732210817877020864601473353029717520746213712887516425078171320864688497542172562759431130340549291040647318457505428092648321365319681587678078737339069843299060485799999915201201134012483386547158272963376011817754475973723121685861570110733 0 1 0 0 0 0 0 0 0 0 0 0 0 0 0 0 0 0 0 0 0 0 0 0 0 0 0 0 0 0 0 0 0 0 0 0 0 0 0 0 0 0 0 0 0 0 0 0 0 0 0 0 0 0 0 0 0 0 0 0 0 0 0 0 0 0 0 0 0 0 0 0 0 0 0 0 0 0 0 0 0 0 0 0 0 0 0 0 0 0 0 0 0 0 0 0 0 0 0]
[1155401173757393865624462551864534561841094991495444566525336231847450532704508062765169986821020423738488204792670403305885416298427238397972338032473332881020149905996092255059104656854261448037086397145334992702678491600519466820389942616649960474600293654689258144614923564518973314772132957141692 0 0 1 0 0 0 0 0 0 0 0 0 0 0 0 0 0 0 0 0 0 0 0 0 0 0 0 0 0 0 0 0 0 0 0 0 0 0 0 0 0 0 0 0 0 0 0 0 0 0 0 0 0 0 0 0 0 0 0 0 0 0 0 0 0 0 0 0 0 0 0 0 0 0 0 0 0 0 0 0 0 0 0 0 0 0 0 0 0 0 0 0 0 0 0 0 0 0 0]
[1711021809321220141431991367574629065557738066676285414861326935038824154045668937041196646043598826304808266543480460863765512501607367312489725064544021170076167758434193196388619801557929176178490349613131966916525646520968915663849318712461034979008304674862021493347364607077284530112725394045404 0 0 0 1 0 0 0 0 0 0 0 0 0 0 0 0 0 0 0 0 0 0 0 0 0 0 0 0 0 0 0 0 0 0 0 0 0 0 0 0 0 0 0 0 0 0 0 0 0 0 0 0 0 0 0 0 0 0 0 0 0 0 0 0 0 0 0 0 0 0 0 0 0 0 0 0 0 0 0 0 0 0 0 0 0 0 0 0 0 0 0 0 0 0 0 0 0 0 0]
[5903053468827716615081523808246821943796368912255179836072166826639734708354432886721353956398511485979763236927711599492501367598273336622530542875886533980172073275153224090626863751908989851504100534326300838267709068934057681482795430184206315032596541168492029597351676836204564439510522449275774 0 0 0 0 1 0 0 0 0 0 0 0 0 0 0 0 0 0 0 0 0 0 0 0 0 0 0 0 0 0 0 0 0 0 0 0 0 0 0 0 0 0 0 0 0 0 0 0 0 0 0 0 0 0 0 0 0 0 0 0 0 0 0 0 0 0 0 0 0 0 0 0 0 0 0 0 0 0 0 0 0 0 0 0 0 0 0 0 0 0 0 0 0 0 0 0 0 0 0]
[5413403620158320951185234731245581955312803704419554814784543416700615459322261527446624803405653528016996671588096027208906351119116420649294081920719131282661149433089794315932455000898898545096620916528422474671254530802444949373574299925170601109057816658754524690401550665001003302479657865065738 0 0 0 0 0 1 0 0 0 0 0 0 0 0 0 0 0 0 0 0 0 0 0 0 0 0 0 0 0 0 0 0 0 0 0 0 0 0 0 0 0 0 0 0 0 0 0 0 0 0 0 0 0 0 0 0 0 0 0 0 0 0 0 0 0 0 0 0 0 0 0 0 0 0 0 0 0 0 0 0 0 0 0 0 0 0 0 0 0 0 0 0 0 0 0 0 0 0 0]
[6396551673773291202214531500033653765821957355840714493694780209898456184364244607200786038494269131752395168700841829543312329609793895876709161762716518815789826814121266620519753291559272412584872842447608922081263986618348526995525956288009156080909372387030398224586081622499822169632559817661102 0 0 0 0 0 0 1 0 0 0 0 0 0 0 0 0 0 0 0 0 0 0 0 0 0 0 0 0 0 0 0 0 0 0 0 0 0 0 0 0 0 0 0 0 0 0 0 0 0 0 0 0 0 0 0 0 0 0 0 0 0 0 0 0 0 0 0 0 0 0 0 0 0 0 0 0 0 0 0 0 0 0 0 0 0 0 0 0 0 0 0 0 0 0 0 0 0 0 0]
[3466040138804147754767068049956452332898168124134987133698220751860113234306915395363165532846817894232663710608938987083465504310782983393055553625620020990260716887577359246105950364181025640821388517861532499585863753045647535264267653065360783052497696067888444073569376481433213033017465802410543 0 0 0 0 0 0 0 1 0 0 0 0 0 0 0 0 0 0 0 0 0 0 0 0 0 0 0 0 0 0 0 0 0 0 0 0 0 0 0 0 0 0 0 0 0 0 0 0 0 0 0 0 0 0 0 0 0 0 0 0 0 0 0 0 0 0 0 0 0 0 0 0 0 0 0 0 0 0 0 0 0 0 0 0 0 0 0 0 0 0 0 0 0 0 0 0 0 0 0]
[4148220602141562757799943376032345060848248025232851332974872918269235281397815929813404920588583707666288768186764597439370282881382874030899547179110069243470546620583116285876351246163077620639126893556973407159023218495042962426825972681618849229920903755101326924992162907316852502109941124271451 0 0 0 0 0 0 0 0 1 0 0 0 0 0 0 0 0 0 0 0 0 0 0 0 0 0 0 0 0 0 0 0 0 0 0 0 0 0 0 0 0 0 0 0 0 0 0 0 0 0 0 0 0 0 0 0 0 0 0 0 0 0 0 0 0 0 0 0 0 0 0 0 0 0 0 0 0 0 0 0 0 0 0 0 0 0 0 0 0 0 0 0 0 0 0 0 0 0 0]
[5358174474666204086038830779895325239273874025014199660689475388353126154704060696299060579195405814044456369673959249994657566010271223241546881079641846357702048384258832917374359160929340200751683212470202100182021688566144513761887844748460148099112188842732543019789006930472417399308852360097880 0 0 0 0 0 0 0 0 0 1 0 0 0 0 0 0 0 0 0 0 0 0 0 0 0 0 0 0 0 0 0 0 0 0 0 0 0 0 0 0 0 0 0 0 0 0 0 0 0 0 0 0 0 0 0 0 0 0 0 0 0 0 0 0 0 0 0 0 0 0 0 0 0 0 0 0 0 0 0 0 0 0 0 0 0 0 0 0 0 0 0 0 0 0 0 0 0 0 0]
[2891652257681614229777015407146325578278612874391328445170581566135717268442419556842717283241462098387943195484806899575405992353480790169371712111181254793947270275897880787174532545093314508838524398320683786002941369625755677868950285692338463779863711904523697796783945620831375281632913420376556 0 0 0 0 0 0 0 0 0 0 1 0 0 0 0 0 0 0 0 0 0 0 0 0 0 0 0 0 0 0 0 0 0 0 0 0 0 0 0 0 0 0 0 0 0 0 0 0 0 0 0 0 0 0 0 0 0 0 0 0 0 0 0 0 0 0 0 0 0 0 0 0 0 0 0 0 0 0 0 0 0 0 0 0 0 0 0 0 0 0 0 0 0 0 0 0 0 0 0]
[1832082474210442783680415978773936960635322678294506396409675258227006042048442829892281118518797831451392421510910232650457759765217118868979019306331375581641256171097144719276141197631024519417211998698633549832198436069010524980857424721674788168830070714048100458700271697619144406517926302018213 0 0 0 0 0 0 0 0 0 0 0 1 0 0 0 0 0 0 0 0 0 0 0 0 0 0 0 0 0 0 0 0 0 0 0 0 0 0 0 0 0 0 0 0 0 0 0 0 0 0 0 0 0 0 0 0 0 0 0 0 0 0 0 0 0 0 0 0 0 0 0 0 0 0 0 0 0 0 0 0 0 0 0 0 0 0 0 0 0 0 0 0 0 0 0 0 0 0 0]
[4695300287201151543490794995525752939476684144455689271308422174059431905217093951973651221784237706532827780024881062309158287765611521779202137528223908149890875707618172359617237523706716235940268520410285416133512766650059824345274398299565801481058184618329409763420248279549157916161708318164930 0 0 0 0 0 0 0 0 0 0 0 0 1 0 0 0 0 0 0 0 0 0 0 0 0 0 0 0 0 0 0 0 0 0 0 0 0 0 0 0 0 0 0 0 0 0 0 0 0 0 0 0 0 0 0 0 0 0 0 0 0 0 0 0 0 0 0 0 0 0 0 0 0 0 0 0 0 0 0 0 0 0 0 0 0 0 0 0 0 0 0 0 0 0 0 0 0 0 0]
[5473514399338266108656179036859427393583693629036652114201758824841789272342276821340466315690685578579517009692003953228099457917450726116506967337937882886681958643777293957834064372032370367178677851423624899794735886845867899405236414254374038373067065704105171423319669508149338949419955202758590 0 0 0 0 0 0 0 0 0 0 0 0 0 1 0 0 0 0 0 0 0 0 0 0 0 0 0 0 0 0 0 0 0 0 0 0 0 0 0 0 0 0 0 0 0 0 0 0 0 0 0 0 0 0 0 0 0 0 0 0 0 0 0 0 0 0 0 0 0 0 0 0 0 0 0 0 0 0 0 0 0 0 0 0 0 0 0 0 0 0 0 0 0 0 0 0 0 0 0]
[6181301000388105053931385873227134589823275560209006016231587221427256560685489896213624172745186318662404061262329688400191089709707844829402779072506829892463877725716290599147513740067416119641292351307033672448449680858386968238776230792601403686412849788547254305293221285054368108836932567804541 0 0 0 0 0 0 0 0 0 0 0 0 0 0 1 0 0 0 0 0 0 0 0 0 0 0 0 0 0 0 0 0 0 0 0 0 0 0 0 0 0 0 0 0 0 0 0 0 0 0 0 0 0 0 0 0 0 0 0 0 0 0 0 0 0 0 0 0 0 0 0 0 0 0 0 0 0 0 0 0 0 0 0 0 0 0 0 0 0 0 0 0 0 0 0 0 0 0 0]
[5327537390901332527663564102058418265851165689532001975253103586419185355319954413873373829979919387017975014514252741961047850174836666153646351295190906439643641935742310112480985348820974318349659160158638820304935197015655501508788071946248115751257903979444684885745401734249081279125496849309407 0 0 0 0 0 0 0 0 0 0 0 0 0 0 0 1 0 0 0 0 0 0 0 0 0 0 0 0 0 0 0 0 0 0 0 0 0 0 0 0 0 0 0 0 0 0 0 0 0 0 0 0 0 0 0 0 0 0 0 0 0 0 0 0 0 0 0 0 0 0 0 0 0 0 0 0 0 0 0 0 0 0 0 0 0 0 0 0 0 0 0 0 0 0 0 0 0 0 0]
[4936228889605134951664081052419006306682459663150460639448668543892835024756275853185557439095703626970771036535300523174295002074797748817739031824259636666606253160871075172339900205306650791065055937125430459403988737775038352362968599446105151330673372456839065092025231230146379970630522143337647 0 0 0 0 0 0 0 0 0 0 0 0 0 0 0 0 1 0 0 0 0 0 0 0 0 0 0 0 0 0 0 0 0 0 0 0 0 0 0 0 0 0 0 0 0 0 0 0 0 0 0 0 0 0 0 0 0 0 0 0 0 0 0 0 0 0 0 0 0 0 0 0 0 0 0 0 0 0 0 0 0 0 0 0 0 0 0 0 0 0 0 0 0 0 0 0 0 0 0]
[349598144184214418289687234263799692332483378295727264180647883517620159980789473142001965305225131127274829083476607217857984530663681209572968764676322380480260503137984960523855049527596805080567684233779935885266566126487546286734272038847790729920163953733625034524139647026637866484567986655657 0 0 0 0 0 0 0 0 0 0 0 0 0 0 0 0 0 1 0 0 0 0 0 0 0 0 0 0 0 0 0 0 0 0 0 0 0 0 0 0 0 0 0 0 0 0 0 0 0 0 0 0 0 0 0 0 0 0 0 0 0 0 0 0 0 0 0 0 0 0 0 0 0 0 0 0 0 0 0 0 0 0 0 0 0 0 0 0 0 0 0 0 0 0 0 0 0 0 0]
[5659740878878622152167357455274159792401372365258716402798251001094638304768808534099674336497986382610340768644438460403033515125171830804253657883252449376046208417561584088728017947938497832301674207362204694495725619930005144107245576520452885370964819728404659755920909117267468401467025451657656 0 0 0 0 0 0 0 0 0 0 0 0 0 0 0 0 0 0 1 0 0 0 0 0 0 0 0 0 0 0 0 0 0 0 0 0 0 0 0 0 0 0 0 0 0 0 0 0 0 0 0 0 0 0 0 0 0 0 0 0 0 0 0 0 0 0 0 0 0 0 0 0 0 0 0 0 0 0 0 0 0 0 0 0 0 0 0 0 0 0 0 0 0 0 0 0 0 0 0]
[6066986491245426559652872425319228385752871043667657367726047459073236425981427740755047427698730453427485864808518068053409807253767181200119428406897394526402265253192429698846985728823622503640178271088908372993023890124527821712360130494486272616106995736513511330678341426418185531498576354637336 0 0 0 0 0 0 0 0 0 0 0 0 0 0 0 0 0 0 0 1 0 0 0 0 0 0 0 0 0 0 0 0 0 0 0 0 0 0 0 0 0 0 0 0 0 0 0 0 0 0 0 0 0 0 0 0 0 0 0 0 0 0 0 0 0 0 0 0 0 0 0 0 0 0 0 0 0 0 0 0 0 0 0 0 0 0 0 0 0 0 0 0 0 0 0 0 0 0 0]
[2414114034680810037228706712003047152787525747175579268171511175574410431102103391881925668541540645275714036737125815919325297272880086391753862131369051977610243385847171853314098899106454487434819074796299312369472155034618446547492371126052494402396549868586468994979344196003322184260714618854309 0 0 0 0 0 0 0 0 0 0 0 0 0 0 0 0 0 0 0 0 1 0 0 0 0 0 0 0 0 0 0 0 0 0 0 0 0 0 0 0 0 0 0 0 0 0 0 0 0 0 0 0 0 0 0 0 0 0 0 0 0 0 0 0 0 0 0 0 0 0 0 0 0 0 0 0 0 0 0 0 0 0 0 0 0 0 0 0 0 0 0 0 0 0 0 0 0 0 0]
[3626168377073842698026275357616889978505706695745311546893063623683619695092845490711064259208802776669485649670619820840417162004989553953932891225989684270558301936885803345866850248914668221128098370486511539876570786276083906190191350738120178076916188959787733358348577775815381883623908797253743 0 0 0 0 0 0 0 0 0 0 0 0 0 0 0 0 0 0 0 0 0 1 0 0 0 0 0 0 0 0 0 0 0 0 0 0 0 0 0 0 0 0 0 0 0 0 0 0 0 0 0 0 0 0 0 0 0 0 0 0 0 0 0 0 0 0 0 0 0 0 0 0 0 0 0 0 0 0 0 0 0 0 0 0 0 0 0 0 0 0 0 0 0 0 0 0 0 0 0]
[4360746174827107244083508538338749359240269994086712198288708752583467824769890203285166469399391251493099347563244793726874510004001131982486726113395542365468700462859366949667508920301320900978074534505285524137957770033848078599388349367450967842303994337363620754039954963399493677236248233596877 0 0 0 0 0 0 0 0 0 0 0 0 0 0 0 0 0 0 0 0 0 0 1 0 0 0 0 0 0 0 0 0 0 0 0 0 0 0 0 0 0 0 0 0 0 0 0 0 0 0 0 0 0 0 0 0 0 0 0 0 0 0 0 0 0 0 0 0 0 0 0 0 0 0 0 0 0 0 0 0 0 0 0 0 0 0 0 0 0 0 0 0 0 0 0 0 0 0 0]
[1589936585030697665832420254852809047768346492858449044914066981616431910126494423803720747918470371531186019531975763020727156409882738872583267424671450158557220252527264922863319247724594795063022380647674420092470747608276399635514763054303171875553842445646015761421937626460381658319828094067037 0 0 0 0 0 0 0 0 0 0 0 0 0 0 0 0 0 0 0 0 0 0 0 1 0 0 0 0 0 0 0 0 0 0 0 0 0 0 0 0 0 0 0 0 0 0 0 0 0 0 0 0 0 0 0 0 0 0 0 0 0 0 0 0 0 0 0 0 0 0 0 0 0 0 0 0 0 0 0 0 0 0 0 0 0 0 0 0 0 0 0 0 0 0 0 0 0 0 0]
[4375608104298878191798965948278139405583435146777734378249846368525545486390800867702258220406735982305545414598401753685202880409978958162657021566228361106413188873015993117925953025816238498428697334498761594054403680695764190769636953646560196862524063761210508497806639840878330756348566540904161 0 0 0 0 0 0 0 0 0 0 0 0 0 0 0 0 0 0 0 0 0 0 0 0 1 0 0 0 0 0 0 0 0 0 0 0 0 0 0 0 0 0 0 0 0 0 0 0 0 0 0 0 0 0 0 0 0 0 0 0 0 0 0 0 0 0 0 0 0 0 0 0 0 0 0 0 0 0 0 0 0 0 0 0 0 0 0 0 0 0 0 0 0 0 0 0 0 0 0]
[361085903797634623247010135990217501636512208179773640045342816652784533897729641261078682555712745999220079971537148466007845505790612266236102908097313669369496920355544263451212807079219044849199641327811696075357887135944240619286482803582472020549611800134883154751143660830184572854131404392858 0 0 0 0 0 0 0 0 0 0 0 0 0 0 0 0 0 0 0 0 0 0 0 0 0 1 0 0 0 0 0 0 0 0 0 0 0 0 0 0 0 0 0 0 0 0 0 0 0 0 0 0 0 0 0 0 0 0 0 0 0 0 0 0 0 0 0 0 0 0 0 0 0 0 0 0 0 0 0 0 0 0 0 0 0 0 0 0 0 0 0 0 0 0 0 0 0 0 0]
[2524087560762681295416107709867748169174994335262515593915058933842097686414510386513801626213457706060914009295433508613736413118578252394938352604946684981028232864234799183887512126058116203569210842745163282121374746114095045459833246509109927487918460897775188246437475197769989607905326689184869 0 0 0 0 0 0 0 0 0 0 0 0 0 0 0 0 0 0 0 0 0 0 0 0 0 0 1 0 0 0 0 0 0 0 0 0 0 0 0 0 0 0 0 0 0 0 0 0 0 0 0 0 0 0 0 0 0 0 0 0 0 0 0 0 0 0 0 0 0 0 0 0 0 0 0 0 0 0 0 0 0 0 0 0 0 0 0 0 0 0 0 0 0 0 0 0 0 0 0]
[3905010948831520088660323551365119869562868628555718472025170788604672443776850296467940004861054932715626266647234315342226378311605838449862927592513740107562280874536315157738769108483854628013678802203438069506231210696930870244330826186705095145850149067940780094420625085244717166058759608786941 0 0 0 0 0 0 0 0 0 0 0 0 0 0 0 0 0 0 0 0 0 0 0 0 0 0 0 1 0 0 0 0 0 0 0 0 0 0 0 0 0 0 0 0 0 0 0 0 0 0 0 0 0 0 0 0 0 0 0 0 0 0 0 0 0 0 0 0 0 0 0 0 0 0 0 0 0 0 0 0 0 0 0 0 0 0 0 0 0 0 0 0 0 0 0 0 0 0 0]
[815412124155749040997518630979690809715190890691593795157717556917189888409245536109576142877619981163313541384831711842325168609436200965863080782296989817449541475446787664153620488799602972868260785506402354642662870763686691213025212544861857697984122764112623624260338913330928312780127941818294 0 0 0 0 0 0 0 0 0 0 0 0 0 0 0 0 0 0 0 0 0 0 0 0 0 0 0 0 1 0 0 0 0 0 0 0 0 0 0 0 0 0 0 0 0 0 0 0 0 0 0 0 0 0 0 0 0 0 0 0 0 0 0 0 0 0 0 0 0 0 0 0 0 0 0 0 0 0 0 0 0 0 0 0 0 0 0 0 0 0 0 0 0 0 0 0 0 0 0]
[4998466178162788125822505085389140155969841195675655719472482704531168208184804034010701504577590800556357282831518902680746924509880524778374582892618306915458803841263503104169532421846009811868971805705185827565832745525437375840558345665413351571636693429191944212536497605212594821390005711360056 0 0 0 0 0 0 0 0 0 0 0 0 0 0 0 0 0 0 0 0 0 0 0 0 0 0 0 0 0 1 0 0 0 0 0 0 0 0 0 0 0 0 0 0 0 0 0 0 0 0 0 0 0 0 0 0 0 0 0 0 0 0 0 0 0 0 0 0 0 0 0 0 0 0 0 0 0 0 0 0 0 0 0 0 0 0 0 0 0 0 0 0 0 0 0 0 0 0 0]
[3584333602110639638290729764397487569099133516856936094224911740720816686508830271323487187619190509361628104644235147584820727620433705803411833429468418385633794773964135865498481093310957084860947623052388468736040668533314084124747326745837650261844788367373171316462748828511354553563770162325693 0 0 0 0 0 0 0 0 0 0 0 0 0 0 0 0 0 0 0 0 0 0 0 0 0 0 0 0 0 0 1 0 0 0 0 0 0 0 0 0 0 0 0 0 0 0 0 0 0 0 0 0 0 0 0 0 0 0 0 0 0 0 0 0 0 0 0 0 0 0 0 0 0 0 0 0 0 0 0 0 0 0 0 0 0 0 0 0 0 0 0 0 0 0 0 0 0 0 0]
[2341804661996362732999452130576767633733893176765254132409655303411170391270482576002686966689316080076718445795266225413334986554464891821524054519264234023231667988431352262720993186959786471622473354054393439931049677139214554829195339461052721695006398466133882783254020466915709049766628960731301 0 0 0 0 0 0 0 0 0 0 0 0 0 0 0 0 0 0 0 0 0 0 0 0 0 0 0 0 0 0 0 1 0 0 0 0 0 0 0 0 0 0 0 0 0 0 0 0 0 0 0 0 0 0 0 0 0 0 0 0 0 0 0 0 0 0 0 0 0 0 0 0 0 0 0 0 0 0 0 0 0 0 0 0 0 0 0 0 0 0 0 0 0 0 0 0 0 0 0]
[2487762617622153939470934382812029058434908279081880914018870562843783121200966664949643538613235309053460873364385341572662681825271842990633385627164232996307401881226772920249965147923133746738157061264271126732858608187536882243322869122615120088689070031552770630628044934881948911803018434229071 0 0 0 0 0 0 0 0 0 0 0 0 0 0 0 0 0 0 0 0 0 0 0 0 0 0 0 0 0 0 0 0 1 0 0 0 0 0 0 0 0 0 0 0 0 0 0 0 0 0 0 0 0 0 0 0 0 0 0 0 0 0 0 0 0 0 0 0 0 0 0 0 0 0 0 0 0 0 0 0 0 0 0 0 0 0 0 0 0 0 0 0 0 0 0 0 0 0 0]
[5504186019066527828048117064462541486010685280395400914854202451062726583882263461934562026180351067031631278376462751132037821771023550442133342354151646796834096387288448077864696777210798652405056822945513190810841504415586394523178651414438609528131264031671554502200610106141713536693983595736364 0 0 0 0 0 0 0 0 0 0 0 0 0 0 0 0 0 0 0 0 0 0 0 0 0 0 0 0 0 0 0 0 0 1 0 0 0 0 0 0 0 0 0 0 0 0 0 0 0 0 0 0 0 0 0 0 0 0 0 0 0 0 0 0 0 0 0 0 0 0 0 0 0 0 0 0 0 0 0 0 0 0 0 0 0 0 0 0 0 0 0 0 0 0 0 0 0 0 0]
[6313583623337876003670842216098658425263991000912595076992576862060865391886094913867962442272842726144334519181436445424619792940810420095206799522499481159517119319531114684414516660815477847096577228581832326888426761396610509946409748739627707232787266388266093117802902712389662834123180548840268 0 0 0 0 0 0 0 0 0 0 0 0 0 0 0 0 0 0 0 0 0 0 0 0 0 0 0 0 0 0 0 0 0 0 1 0 0 0 0 0 0 0 0 0 0 0 0 0 0 0 0 0 0 0 0 0 0 0 0 0 0 0 0 0 0 0 0 0 0 0 0 0 0 0 0 0 0 0 0 0 0 0 0 0 0 0 0 0 0 0 0 0 0 0 0 0 0 0 0]
[4940124230247832394669586987531417184456096091676955646780387713279585240590927708357107651400880151432836170992822158501200791606070030169494476495861543859500700815924830048600421691859420762815206038504020344133835762009178366208301670768201300593571735027996892198233169863705469114675655584217976 0 0 0 0 0 0 0 0 0 0 0 0 0 0 0 0 0 0 0 0 0 0 0 0 0 0 0 0 0 0 0 0 0 0 0 1 0 0 0 0 0 0 0 0 0 0 0 0 0 0 0 0 0 0 0 0 0 0 0 0 0 0 0 0 0 0 0 0 0 0 0 0 0 0 0 0 0 0 0 0 0 0 0 0 0 0 0 0 0 0 0 0 0 0 0 0 0 0 0]
[6580752513730401706807249821393804317977750684107209113557664517590968010995270683484116490892916690941149089936732513419859572597196016738434741333474116681074121035135350834776414032624068658367826155227866634986844922682772025490966673104780311819935290766252153629912991302309627917664258417594736 0 0 0 0 0 0 0 0 0 0 0 0 0 0 0 0 0 0 0 0 0 0 0 0 0 0 0 0 0 0 0 0 0 0 0 0 1 0 0 0 0 0 0 0 0 0 0 0 0 0 0 0 0 0 0 0 0 0 0 0 0 0 0 0 0 0 0 0 0 0 0 0 0 0 0 0 0 0 0 0 0 0 0 0 0 0 0 0 0 0 0 0 0 0 0 0 0 0 0]
[4982352318946974755684534694671949565880244685128308463299010857814687596782023661709881131574618500097577006767644648149993313920317120161692538605470858340348190433539187195291129527003324207679924277103349244680718850479675816569140024959085123489899579814861972204573499091774085056795612754963337 0 0 0 0 0 0 0 0 0 0 0 0 0 0 0 0 0 0 0 0 0 0 0 0 0 0 0 0 0 0 0 0 0 0 0 0 0 1 0 0 0 0 0 0 0 0 0 0 0 0 0 0 0 0 0 0 0 0 0 0 0 0 0 0 0 0 0 0 0 0 0 0 0 0 0 0 0 0 0 0 0 0 0 0 0 0 0 0 0 0 0 0 0 0 0 0 0 0 0]
[598551436351212515553480898482466678009534710301933441448716887046695007983930869550632203134995638470264442440898901951419989932302281142521306637702719223604418402618591488579850679674300507404004704511343003007572182529710036796453974001098358624143894208840034946421375147958786994644534513208706 0 0 0 0 0 0 0 0 0 0 0 0 0 0 0 0 0 0 0 0 0 0 0 0 0 0 0 0 0 0 0 0 0 0 0 0 0 0 1 0 0 0 0 0 0 0 0 0 0 0 0 0 0 0 0 0 0 0 0 0 0 0 0 0 0 0 0 0 0 0 0 0 0 0 0 0 0 0 0 0 0 0 0 0 0 0 0 0 0 0 0 0 0 0 0 0 0 0 0]
[5819875826886943829714455457368878664529750564632364463224480627117194552920160422420152159822799349016050922486350403237270924411410456912096349344449797838313518295593427520404942567290094087243534602928665394644324153556880322014388992884664478845269957804771916443238693697596128736294798924719424 0 0 0 0 0 0 0 0 0 0 0 0 0 0 0 0 0 0 0 0 0 0 0 0 0 0 0 0 0 0 0 0 0 0 0 0 0 0 0 1 0 0 0 0 0 0 0 0 0 0 0 0 0 0 0 0 0 0 0 0 0 0 0 0 0 0 0 0 0 0 0 0 0 0 0 0 0 0 0 0 0 0 0 0 0 0 0 0 0 0 0 0 0 0 0 0 0 0 0]
[5547013654357879739100445501336869351689715700870675974409834440427144790713835280632844513239021834790103801138941805870418833410853430549944667286293908785703629674143197369311582534789505802652645339137474568255396508704940398282785964560209321785126452770330490219936976311485889280211518636758790 0 0 0 0 0 0 0 0 0 0 0 0 0 0 0 0 0 0 0 0 0 0 0 0 0 0 0 0 0 0 0 0 0 0 0 0 0 0 0 0 1 0 0 0 0 0 0 0 0 0 0 0 0 0 0 0 0 0 0 0 0 0 0 0 0 0 0 0 0 0 0 0 0 0 0 0 0 0 0 0 0 0 0 0 0 0 0 0 0 0 0 0 0 0 0 0 0 0 0]
[2528365835165957704980352990624386670528630152291099360855896758165279164832402229591364270709389753218064353711642121527797270557629704328040311171901635200216397583599746780232837980143389114471444125764750984670584795662984491668981010112680766265305045004446154553480820467260073141027453175002786 0 0 0 0 0 0 0 0 0 0 0 0 0 0 0 0 0 0 0 0 0 0 0 0 0 0 0 0 0 0 0 0 0 0 0 0 0 0 0 0 0 1 0 0 0 0 0 0 0 0 0 0 0 0 0 0 0 0 0 0 0 0 0 0 0 0 0 0 0 0 0 0 0 0 0 0 0 0 0 0 0 0 0 0 0 0 0 0 0 0 0 0 0 0 0 0 0 0 0]
[4637942494955568710586750810544386329854809233350498200364216600518234953292766105287567085743174168797598468948041638281900444646605258728494340089220459722194439582312942932578378847456295482905631478604030655606228769232689833674768280924776593024307208894116410112859551136609472894525866864029847 0 0 0 0 0 0 0 0 0 0 0 0 0 0 0 0 0 0 0 0 0 0 0 0 0 0 0 0 0 0 0 0 0 0 0 0 0 0 0 0 0 0 1 0 0 0 0 0 0 0 0 0 0 0 0 0 0 0 0 0 0 0 0 0 0 0 0 0 0 0 0 0 0 0 0 0 0 0 0 0 0 0 0 0 0 0 0 0 0 0 0 0 0 0 0 0 0 0 0]
[1176333972556208982937480349720472224436102231456177095500072724296161615278010625026528162924294532736863871285199957510249496619837074667686276427802128956238518948542044991702203364746487627007132409361968732547113691811037029807429139867492656530297984870393596433025533261173888770551851673036134 0 0 0 0 0 0 0 0 0 0 0 0 0 0 0 0 0 0 0 0 0 0 0 0 0 0 0 0 0 0 0 0 0 0 0 0 0 0 0 0 0 0 0 1 0 0 0 0 0 0 0 0 0 0 0 0 0 0 0 0 0 0 0 0 0 0 0 0 0 0 0 0 0 0 0 0 0 0 0 0 0 0 0 0 0 0 0 0 0 0 0 0 0 0 0 0 0 0 0]
[1169703855819780923565431577520927448897543883519313486464309423883759642856275523208217537994040668473474247655337546517315333228678285678528452980023246494685381581040525752206728171001602690389128617833566133810012713838397620656228493832356334273605098356733289146386004097849667484463282361431670 0 0 0 0 0 0 0 0 0 0 0 0 0 0 0 0 0 0 0 0 0 0 0 0 0 0 0 0 0 0 0 0 0 0 0 0 0 0 0 0 0 0 0 0 1 0 0 0 0 0 0 0 0 0 0 0 0 0 0 0 0 0 0 0 0 0 0 0 0 0 0 0 0 0 0 0 0 0 0 0 0 0 0 0 0 0 0 0 0 0 0 0 0 0 0 0 0 0 0]
[1943415023721460045946605910761631862284888522993269037459197906854169915364005159382242083168768642216719231634505008596897790882476752789360682949920188906242937990143087674872844264790390061142578161356357902059831134462460358906877359887668683937958013292438386241159384571470711771517823117824718 0 0 0 0 0 0 0 0 0 0 0 0 0 0 0 0 0 0 0 0 0 0 0 0 0 0 0 0 0 0 0 0 0 0 0 0 0 0 0 0 0 0 0 0 0 1 0 0 0 0 0 0 0 0 0 0 0 0 0 0 0 0 0 0 0 0 0 0 0 0 0 0 0 0 0 0 0 0 0 0 0 0 0 0 0 0 0 0 0 0 0 0 0 0 0 0 0 0 0]
[3908093145232063604103984775221343657680906695099791607802786443249959760888082091951243562104308487290342953693583820478264524799125403572170633277476706012443061338752070868424867787744609606953603317058210441177746399888960592617067657692713314367346667326895687668296405963008720808584271108880052 0 0 0 0 0 0 0 0 0 0 0 0 0 0 0 0 0 0 0 0 0 0 0 0 0 0 0 0 0 0 0 0 0 0 0 0 0 0 0 0 0 0 0 0 0 0 1 0 0 0 0 0 0 0 0 0 0 0 0 0 0 0 0 0 0 0 0 0 0 0 0 0 0 0 0 0 0 0 0 0 0 0 0 0 0 0 0 0 0 0 0 0 0 0 0 0 0 0 0]
[3075784509225344018741565502381138112642782038400757020863414696799177521602529411280597868538160271976902365788821122457850338232490243757075563710074591807507515161927726447507713082956314073334781512128651919414877095243694669364758145740532198294535120562735914989489859025051859952991061128240814 0 0 0 0 0 0 0 0 0 0 0 0 0 0 0 0 0 0 0 0 0 0 0 0 0 0 0 0 0 0 0 0 0 0 0 0 0 0 0 0 0 0 0 0 0 0 0 1 0 0 0 0 0 0 0 0 0 0 0 0 0 0 0 0 0 0 0 0 0 0 0 0 0 0 0 0 0 0 0 0 0 0 0 0 0 0 0 0 0 0 0 0 0 0 0 0 0 0 0]
[1161111531117970173088942776078535765941214812451984966888432432669675651384123502669844671124330978703932300840862161968502689582719246595538527085328313271635931856227776077509653252116154250777273545244539730607082701040556114130660450657452008714929371021725916475119123213729762595143990955850362 0 0 0 0 0 0 0 0 0 0 0 0 0 0 0 0 0 0 0 0 0 0 0 0 0 0 0 0 0 0 0 0 0 0 0 0 0 0 0 0 0 0 0 0 0 0 0 0 1 0 0 0 0 0 0 0 0 0 0 0 0 0 0 0 0 0 0 0 0 0 0 0 0 0 0 0 0 0 0 0 0 0 0 0 0 0 0 0 0 0 0 0 0 0 0 0 0 0 0]
[3891464387424485734192369528334214208551238953118807478021613520895288925401600559535949284980011421757572042173404613803465925657767563089717234408384627770037459335007163407852414666427639122502807681968040930152688694317610330115193408664659524327636498284804195349357219594363835098962506338564705 0 0 0 0 0 0 0 0 0 0 0 0 0 0 0 0 0 0 0 0 0 0 0 0 0 0 0 0 0 0 0 0 0 0 0 0 0 0 0 0 0 0 0 0 0 0 0 0 0 1 0 0 0 0 0 0 0 0 0 0 0 0 0 0 0 0 0 0 0 0 0 0 0 0 0 0 0 0 0 0 0 0 0 0 0 0 0 0 0 0 0 0 0 0 0 0 0 0 0]
[2155548310737443098627863678865121418095223223316273553169752984416215029780944862432017417775710636232731311887035499258684982093664370654836232402249928870032418027058281452209511238476541398446189981069932162335587686397264166579620247220786066361799058329437793799273918256527427362945047035934145 0 0 0 0 0 0 0 0 0 0 0 0 0 0 0 0 0 0 0 0 0 0 0 0 0 0 0 0 0 0 0 0 0 0 0 0 0 0 0 0 0 0 0 0 0 0 0 0 0 0 1 0 0 0 0 0 0 0 0 0 0 0 0 0 0 0 0 0 0 0 0 0 0 0 0 0 0 0 0 0 0 0 0 0 0 0 0 0 0 0 0 0 0 0 0 0 0 0 0]
[3439204174314280545531054374729378133643878871930574315179684950811656759943597544613521237244136418614446279553883809207299605541445441212832328655109256214622893454111406882256657458383834404412614923975862967450282235121364026557676246598190590934442769915986912227991846913861178487031489544550422 0 0 0 0 0 0 0 0 0 0 0 0 0 0 0 0 0 0 0 0 0 0 0 0 0 0 0 0 0 0 0 0 0 0 0 0 0 0 0 0 0 0 0 0 0 0 0 0 0 0 0 1 0 0 0 0 0 0 0 0 0 0 0 0 0 0 0 0 0 0 0 0 0 0 0 0 0 0 0 0 0 0 0 0 0 0 0 0 0 0 0 0 0 0 0 0 0 0 0]
[1362781567608195567424115383726498814118137242462824541244062708441531475048763293001323108277361965512333894910447600242322289412727505489703702051179586706700551699595355467791934428822759364266448909652925949473371700060177542997321862993357831053225248446766745474111188052557224386817771503916197 0 0 0 0 0 0 0 0 0 0 0 0 0 0 0 0 0 0 0 0 0 0 0 0 0 0 0 0 0 0 0 0 0 0 0 0 0 0 0 0 0 0 0 0 0 0 0 0 0 0 0 0 1 0 0 0 0 0 0 0 0 0 0 0 0 0 0 0 0 0 0 0 0 0 0 0 0 0 0 0 0 0 0 0 0 0 0 0 0 0 0 0 0 0 0 0 0 0 0]
[3889481368185854618568078986968020194952254050994776528810756598208785913558436123797031671154246588316890156599376134230235036056969941405798252655603730267921311258088317809919485946324772383796862600671416701267554327824178458238619307888034132979421973073714654386443965310361853009957600857284355 0 0 0 0 0 0 0 0 0 0 0 0 0 0 0 0 0 0 0 0 0 0 0 0 0 0 0 0 0 0 0 0 0 0 0 0 0 0 0 0 0 0 0 0 0 0 0 0 0 0 0 0 0 1 0 0 0 0 0 0 0 0 0 0 0 0 0 0 0 0 0 0 0 0 0 0 0 0 0 0 0 0 0 0 0 0 0 0 0 0 0 0 0 0 0 0 0 0 0]
[1794508169753181259495468152939609110414572373141229774680528820669739803523713340243416072133830070540992226961245214511196094140776535310945795847081858448071760949624640539570968404254023290230529549172986605126676798333052918808672737076288593879432478017752350277095310717925082430687908229328766 0 0 0 0 0 0 0 0 0 0 0 0 0 0 0 0 0 0 0 0 0 0 0 0 0 0 0 0 0 0 0 0 0 0 0 0 0 0 0 0 0 0 0 0 0 0 0 0 0 0 0 0 0 0 1 0 0 0 0 0 0 0 0 0 0 0 0 0 0 0 0 0 0 0 0 0 0 0 0 0 0 0 0 0 0 0 0 0 0 0 0 0 0 0 0 0 0 0 0]
[5748706381595107268861006506404609121542500009136381678705022215973633866156106243752033457647635559081735827571460382591410340607077889353922461896389502187145115975630671765943144454573917101522042569780209779832697828302108991078483097570176287205765793109709290842827322094997178920892883393131291 0 0 0 0 0 0 0 0 0 0 0 0 0 0 0 0 0 0 0 0 0 0 0 0 0 0 0 0 0 0 0 0 0 0 0 0 0 0 0 0 0 0 0 0 0 0 0 0 0 0 0 0 0 0 0 1 0 0 0 0 0 0 0 0 0 0 0 0 0 0 0 0 0 0 0 0 0 0 0 0 0 0 0 0 0 0 0 0 0 0 0 0 0 0 0 0 0 0 0]
[1857897962831471738275838861903680943880198458615700483386247102815908805951611484908011521930577671219498591557197900319162541630565315157617597496845900525145198799946575466460915219277349088309151532817560676803847277038973053271319376403625680814048165921035085744000190211146108465615666950799949 0 0 0 0 0 0 0 0 0 0 0 0 0 0 0 0 0 0 0 0 0 0 0 0 0 0 0 0 0 0 0 0 0 0 0 0 0 0 0 0 0 0 0 0 0 0 0 0 0 0 0 0 0 0 0 0 1 0 0 0 0 0 0 0 0 0 0 0 0 0 0 0 0 0 0 0 0 0 0 0 0 0 0 0 0 0 0 0 0 0 0 0 0 0 0 0 0 0 0]
[6044088447778364582409342314252743859419554543359842650162188653320508252372568195892981139641908048783276192311502412470798721182745258599826515541928879305972101869389252887068719902627530366370043524490518254196593832583821968086925741299716436429855914855377539614492234197099682123494682908111059 0 0 0 0 0 0 0 0 0 0 0 0 0 0 0 0 0 0 0 0 0 0 0 0 0 0 0 0 0 0 0 0 0 0 0 0 0 0 0 0 0 0 0 0 0 0 0 0 0 0 0 0 0 0 0 0 0 1 0 0 0 0 0 0 0 0 0 0 0 0 0 0 0 0 0 0 0 0 0 0 0 0 0 0 0 0 0 0 0 0 0 0 0 0 0 0 0 0 0]
[3324971795845749318940748683658371337942915256540332116028378068268548643910560867517491514632464343967239336395583824005645393934494931801088157484543784111641795471840543249759687496516853777868028903648974783087884010550168603432070113453382260250666356457298001243493875549017744144427442843698348 0 0 0 0 0 0 0 0 0 0 0 0 0 0 0 0 0 0 0 0 0 0 0 0 0 0 0 0 0 0 0 0 0 0 0 0 0 0 0 0 0 0 0 0 0 0 0 0 0 0 0 0 0 0 0 0 0 0 1 0 0 0 0 0 0 0 0 0 0 0 0 0 0 0 0 0 0 0 0 0 0 0 0 0 0 0 0 0 0 0 0 0 0 0 0 0 0 0 0]
[5855798142190951998047689163719753911787809617217695972244881045215866847323513493039555873885868186405387837910044465481026745293109721055036283368726142466505887575431456189706626709443917397685514855826843953042291681024815871245263903496645856006966606092799172710880260212497055621997784934611204 0 0 0 0 0 0 0 0 0 0 0 0 0 0 0 0 0 0 0 0 0 0 0 0 0 0 0 0 0 0 0 0 0 0 0 0 0 0 0 0 0 0 0 0 0 0 0 0 0 0 0 0 0 0 0 0 0 0 0 1 0 0 0 0 0 0 0 0 0 0 0 0 0 0 0 0 0 0 0 0 0 0 0 0 0 0 0 0 0 0 0 0 0 0 0 0 0 0 0]
[5894213314708018091259338630450900141078670140411151707041634589088865221079508071352750621847354949552451110326424398558775666253635134056590487976274212417001307614927257120561099928611070443832222335353122991441027138757078526887959951565082907824905275546248934365354687590783194820196276624796783 0 0 0 0 0 0 0 0 0 0 0 0 0 0 0 0 0 0 0 0 0 0 0 0 0 0 0 0 0 0 0 0 0 0 0 0 0 0 0 0 0 0 0 0 0 0 0 0 0 0 0 0 0 0 0 0 0 0 0 0 1 0 0 0 0 0 0 0 0 0 0 0 0 0 0 0 0 0 0 0 0 0 0 0 0 0 0 0 0 0 0 0 0 0 0 0 0 0 0]
[3255596843632261011927694001161249118625216607497825461891210367482063301894255146136085936954724327249987614308363892096228839654263316483722220478054505859316097134437583419332978587327246103166979761253925299909753554217737759642045607672325715706925800034858664280599102807667063615528676420953766 0 0 0 0 0 0 0 0 0 0 0 0 0 0 0 0 0 0 0 0 0 0 0 0 0 0 0 0 0 0 0 0 0 0 0 0 0 0 0 0 0 0 0 0 0 0 0 0 0 0 0 0 0 0 0 0 0 0 0 0 0 1 0 0 0 0 0 0 0 0 0 0 0 0 0 0 0 0 0 0 0 0 0 0 0 0 0 0 0 0 0 0 0 0 0 0 0 0 0]
[3545490251935902980626873354197784987528030193081737957518497376061699916207955962075600027722530475230189771794689194949905290219242245206894499358989404891293351778412838353126161239021466363338285469889433244954593624555093796294291340944853312607735631513832079130178126892894719524123335515768987 0 0 0 0 0 0 0 0 0 0 0 0 0 0 0 0 0 0 0 0 0 0 0 0 0 0 0 0 0 0 0 0 0 0 0 0 0 0 0 0 0 0 0 0 0 0 0 0 0 0 0 0 0 0 0 0 0 0 0 0 0 0 1 0 0 0 0 0 0 0 0 0 0 0 0 0 0 0 0 0 0 0 0 0 0 0 0 0 0 0 0 0 0 0 0 0 0 0 0]
[5931177687648202147718984550046338066957044506169157216841679715707057205422372617751807631693585509992813531204775253883514364438768222446364167315566644923558103095096260086140364114785820643503405487333565500353614907655524016631546543685194315574965153478828381848288960636898652402244157173573208 0 0 0 0 0 0 0 0 0 0 0 0 0 0 0 0 0 0 0 0 0 0 0 0 0 0 0 0 0 0 0 0 0 0 0 0 0 0 0 0 0 0 0 0 0 0 0 0 0 0 0 0 0 0 0 0 0 0 0 0 0 0 0 1 0 0 0 0 0 0 0 0 0 0 0 0 0 0 0 0 0 0 0 0 0 0 0 0 0 0 0 0 0 0 0 0 0 0 0]
[3688133205953057433398136368929296339771781962139838246093589388873727517693966314102734715199074023841228334746202201543249082129837359506525278521330338006621457824799950513545465620108306759874871115037852438375068631498815611736256045831773539054573572746493693057549777559734921987777340700789717 0 0 0 0 0 0 0 0 0 0 0 0 0 0 0 0 0 0 0 0 0 0 0 0 0 0 0 0 0 0 0 0 0 0 0 0 0 0 0 0 0 0 0 0 0 0 0 0 0 0 0 0 0 0 0 0 0 0 0 0 0 0 0 0 1 0 0 0 0 0 0 0 0 0 0 0 0 0 0 0 0 0 0 0 0 0 0 0 0 0 0 0 0 0 0 0 0 0 0]
[5425370926766449130026620842035758228565434239579219559942398962281272364009578984041452778848545763607660445430143034679157023507917386621330128878687010843653161754851459504679215219898791447551234619186118093582572379631099233379322039294080923567101148039505135994598622429095651400202637948549798 0 0 0 0 0 0 0 0 0 0 0 0 0 0 0 0 0 0 0 0 0 0 0 0 0 0 0 0 0 0 0 0 0 0 0 0 0 0 0 0 0 0 0 0 0 0 0 0 0 0 0 0 0 0 0 0 0 0 0 0 0 0 0 0 0 1 0 0 0 0 0 0 0 0 0 0 0 0 0 0 0 0 0 0 0 0 0 0 0 0 0 0 0 0 0 0 0 0 0]
[2039229206075102190375634285022539185209607158390805568407233630145341293706297057485439228066945430897976380651325591344145669724484045351212362452182831384211345932894549367397921002914327529618693018065223898012222505905231865535861562216441442216335218414297551866996819109264409079538136731102484 0 0 0 0 0 0 0 0 0 0 0 0 0 0 0 0 0 0 0 0 0 0 0 0 0 0 0 0 0 0 0 0 0 0 0 0 0 0 0 0 0 0 0 0 0 0 0 0 0 0 0 0 0 0 0 0 0 0 0 0 0 0 0 0 0 0 1 0 0 0 0 0 0 0 0 0 0 0 0 0 0 0 0 0 0 0 0 0 0 0 0 0 0 0 0 0 0 0 0]
[4959648025168340640769122734269046119455872539183994488498175135111527306822383674453589186865042558077625686289888685426682416229402924557463883149147830876653193363451510431078806089867678356822309624600477691939528826866725149996515588414878480070953169053560737100664007661112104051616183884753090 0 0 0 0 0 0 0 0 0 0 0 0 0 0 0 0 0 0 0 0 0 0 0 0 0 0 0 0 0 0 0 0 0 0 0 0 0 0 0 0 0 0 0 0 0 0 0 0 0 0 0 0 0 0 0 0 0 0 0 0 0 0 0 0 0 0 0 1 0 0 0 0 0 0 0 0 0 0 0 0 0 0 0 0 0 0 0 0 0 0 0 0 0 0 0 0 0 0 0]
[3640686909811736394270764476057530174241303620240137331768696617315211010811046707305699768034495928887308804676645970462079839792178145453235447008766599068574234133140427070229940455215970083005086490777907082607872752555497341960609169164922861473139564825843137993029958110530266360325203044805614 0 0 0 0 0 0 0 0 0 0 0 0 0 0 0 0 0 0 0 0 0 0 0 0 0 0 0 0 0 0 0 0 0 0 0 0 0 0 0 0 0 0 0 0 0 0 0 0 0 0 0 0 0 0 0 0 0 0 0 0 0 0 0 0 0 0 0 0 1 0 0 0 0 0 0 0 0 0 0 0 0 0 0 0 0 0 0 0 0 0 0 0 0 0 0 0 0 0 0]
[4709813363366163967249079279256362304295746018341198445142392178312038989848622326567839009616835049282958772259708135039796633732523718778299210533173013806301515916935183278613619481111390208337152482146771252619710121699972979792756956521642221414972413111421337374111122170736296713827361657872181 0 0 0 0 0 0 0 0 0 0 0 0 0 0 0 0 0 0 0 0 0 0 0 0 0 0 0 0 0 0 0 0 0 0 0 0 0 0 0 0 0 0 0 0 0 0 0 0 0 0 0 0 0 0 0 0 0 0 0 0 0 0 0 0 0 0 0 0 0 1 0 0 0 0 0 0 0 0 0 0 0 0 0 0 0 0 0 0 0 0 0 0 0 0 0 0 0 0 0]
[4573702182846354348436265259084294030391310073287720117177447662386232198063582271284004035866030214966747682158097090019154221217259169161584324672209676618381141045722148310441804131558340599347275160540572865993621374641200989308297390814624257452373288444836562530808305348336481138517763426455208 0 0 0 0 0 0 0 0 0 0 0 0 0 0 0 0 0 0 0 0 0 0 0 0 0 0 0 0 0 0 0 0 0 0 0 0 0 0 0 0 0 0 0 0 0 0 0 0 0 0 0 0 0 0 0 0 0 0 0 0 0 0 0 0 0 0 0 0 0 0 1 0 0 0 0 0 0 0 0 0 0 0 0 0 0 0 0 0 0 0 0 0 0 0 0 0 0 0 0]
[3116832321832580507390906324011803159678404276523348323461858036404697252267237700111174641772999916080770806939373114264232505196040386083177803312958279739020131964400849858893148831893352469804002851532135865992714036540597611118987112099548731862506715789027625924889386949365438045973130349969555 0 0 0 0 0 0 0 0 0 0 0 0 0 0 0 0 0 0 0 0 0 0 0 0 0 0 0 0 0 0 0 0 0 0 0 0 0 0 0 0 0 0 0 0 0 0 0 0 0 0 0 0 0 0 0 0 0 0 0 0 0 0 0 0 0 0 0 0 0 0 0 1 0 0 0 0 0 0 0 0 0 0 0 0 0 0 0 0 0 0 0 0 0 0 0 0 0 0 0]
[5309891871831996785757409392845662633893527051687441427811879246461795561062712449714006648897053996411833963295004211210051102058713638020532401750996912538408495367027044112955668388867920198966444763277539986030725806741486748563685680018266098460578314097157736994055742211681336521177204796291502 0 0 0 0 0 0 0 0 0 0 0 0 0 0 0 0 0 0 0 0 0 0 0 0 0 0 0 0 0 0 0 0 0 0 0 0 0 0 0 0 0 0 0 0 0 0 0 0 0 0 0 0 0 0 0 0 0 0 0 0 0 0 0 0 0 0 0 0 0 0 0 0 1 0 0 0 0 0 0 0 0 0 0 0 0 0 0 0 0 0 0 0 0 0 0 0 0 0 0]
[4879215876619715479744279141793577876587595127347184373826225113022304769748537711406419145581523940234324886596543350572107756546749844782524084850089380812463041887767781177670920450988413902194732319849997151832677675737006244073333748109773094801501876483233188046512957568774463671134748489465702 0 0 0 0 0 0 0 0 0 0 0 0 0 0 0 0 0 0 0 0 0 0 0 0 0 0 0 0 0 0 0 0 0 0 0 0 0 0 0 0 0 0 0 0 0 0 0 0 0 0 0 0 0 0 0 0 0 0 0 0 0 0 0 0 0 0 0 0 0 0 0 0 0 1 0 0 0 0 0 0 0 0 0 0 0 0 0 0 0 0 0 0 0 0 0 0 0 0 0]
[4578891562226922281110922652080233361771530805278463970167970892701901205379340808223959653390355258169802925995714560922696261179082018681254798012685489895909343976808254996276743964471834568414423180810678767300160932230206039031750453712506601105650259975707545757978109340027462352040939637898345 0 0 0 0 0 0 0 0 0 0 0 0 0 0 0 0 0 0 0 0 0 0 0 0 0 0 0 0 0 0 0 0 0 0 0 0 0 0 0 0 0 0 0 0 0 0 0 0 0 0 0 0 0 0 0 0 0 0 0 0 0 0 0 0 0 0 0 0 0 0 0 0 0 0 1 0 0 0 0 0 0 0 0 0 0 0 0 0 0 0 0 0 0 0 0 0 0 0 0]
[4645705262273585318986280238868003399493108083171281068577641822314878715928958015761531299377113413189409681513342239391075172092140541979892788661977146576865992357862928875351881563897453481871145627025652772850297835632457053528891074081749087090251926172059796345417270714369545565297568985806675 0 0 0 0 0 0 0 0 0 0 0 0 0 0 0 0 0 0 0 0 0 0 0 0 0 0 0 0 0 0 0 0 0 0 0 0 0 0 0 0 0 0 0 0 0 0 0 0 0 0 0 0 0 0 0 0 0 0 0 0 0 0 0 0 0 0 0 0 0 0 0 0 0 0 0 1 0 0 0 0 0 0 0 0 0 0 0 0 0 0 0 0 0 0 0 0 0 0 0]
[3746797762517124452292710259034346968241564052148203433977657462431586081154024044428482613450490666213158607613354740630140857409727438547665794800143261838958847545895841386726449290496725310891657292097217779955370586564010402215666489606338012554501501097642070289754717964798107203565886241887665 0 0 0 0 0 0 0 0 0 0 0 0 0 0 0 0 0 0 0 0 0 0 0 0 0 0 0 0 0 0 0 0 0 0 0 0 0 0 0 0 0 0 0 0 0 0 0 0 0 0 0 0 0 0 0 0 0 0 0 0 0 0 0 0 0 0 0 0 0 0 0 0 0 0 0 0 1 0 0 0 0 0 0 0 0 0 0 0 0 0 0 0 0 0 0 0 0 0 0]
[2994049405377718796238187810144145994090003838152668151972067265207140251860149890705557171909993244860257938261923074358483593337558723749114430295244609076502718304791374087118294242983132242881560216247283014956048330620411077861374744912577797116498521144875103875610606881060113584010426327194287 0 0 0 0 0 0 0 0 0 0 0 0 0 0 0 0 0 0 0 0 0 0 0 0 0 0 0 0 0 0 0 0 0 0 0 0 0 0 0 0 0 0 0 0 0 0 0 0 0 0 0 0 0 0 0 0 0 0 0 0 0 0 0 0 0 0 0 0 0 0 0 0 0 0 0 0 0 1 0 0 0 0 0 0 0 0 0 0 0 0 0 0 0 0 0 0 0 0 0]
[2645631051572787120462644137686904685553798183874804430660222102726763805752500244496714338395419007507263975115170213764104983807664743148835154589959568130535680729774702389745661106777029648268548924779166673230327575352853490107272551844812503699554495167688688525350455171964867603717787556680695 0 0 0 0 0 0 0 0 0 0 0 0 0 0 0 0 0 0 0 0 0 0 0 0 0 0 0 0 0 0 0 0 0 0 0 0 0 0 0 0 0 0 0 0 0 0 0 0 0 0 0 0 0 0 0 0 0 0 0 0 0 0 0 0 0 0 0 0 0 0 0 0 0 0 0 0 0 0 1 0 0 0 0 0 0 0 0 0 0 0 0 0 0 0 0 0 0 0 0]
[1836167088591280320592726915690841483378647332019347209544000876481581389522598076303213926547313551986072738184461227493136873258590234629933590850671152537556851125667597524662168389001314405944317094486800416047669953114201690649377571312353433936542598882699785637545269968467190970846564362107321 0 0 0 0 0 0 0 0 0 0 0 0 0 0 0 0 0 0 0 0 0 0 0 0 0 0 0 0 0 0 0 0 0 0 0 0 0 0 0 0 0 0 0 0 0 0 0 0 0 0 0 0 0 0 0 0 0 0 0 0 0 0 0 0 0 0 0 0 0 0 0 0 0 0 0 0 0 0 0 1 0 0 0 0 0 0 0 0 0 0 0 0 0 0 0 0 0 0 0]
[5754693381008719378898649157189653967731849278438732577325292143169362950668822401585170433601571959102155052720639936759888997229538978515959219507047491628908628628407972184720190819786360905259628590067551431290165554067574023692905781163652755665821750696287570925611081622637483119000088383392915 0 0 0 0 0 0 0 0 0 0 0 0 0 0 0 0 0 0 0 0 0 0 0 0 0 0 0 0 0 0 0 0 0 0 0 0 0 0 0 0 0 0 0 0 0 0 0 0 0 0 0 0 0 0 0 0 0 0 0 0 0 0 0 0 0 0 0 0 0 0 0 0 0 0 0 0 0 0 0 0 1 0 0 0 0 0 0 0 0 0 0 0 0 0 0 0 0 0 0]
[4508446652822899419799951115171752640218325339689678843669566524013926953892004688006835670753763255039294218115135238705362444246178368457794336701835160998075331884289482936373801703081157290404185072887822853683734226422744664755717094071728036851791945856971590047136560038390331367544498260326068 0 0 0 0 0 0 0 0 0 0 0 0 0 0 0 0 0 0 0 0 0 0 0 0 0 0 0 0 0 0 0 0 0 0 0 0 0 0 0 0 0 0 0 0 0 0 0 0 0 0 0 0 0 0 0 0 0 0 0 0 0 0 0 0 0 0 0 0 0 0 0 0 0 0 0 0 0 0 0 0 0 1 0 0 0 0 0 0 0 0 0 0 0 0 0 0 0 0 0]
[953631777349902624107367932036719421567264738565475262960885839747091800596902118210613571215669511025433040445942530406724931381985868721636117583590652873346974316993118192436449841066382204011013608457448513464493741357396439580414526417375393392607081305140955312683335221951688632840725169612417 0 0 0 0 0 0 0 0 0 0 0 0 0 0 0 0 0 0 0 0 0 0 0 0 0 0 0 0 0 0 0 0 0 0 0 0 0 0 0 0 0 0 0 0 0 0 0 0 0 0 0 0 0 0 0 0 0 0 0 0 0 0 0 0 0 0 0 0 0 0 0 0 0 0 0 0 0 0 0 0 0 0 1 0 0 0 0 0 0 0 0 0 0 0 0 0 0 0 0]
[1315370905835489769917561471951766933759854109773841075550613852491812413289564110509073282543417535243716035265398306858153063344206257136458548306808383493291072269322751750728091433743266234777396473849764742398491597850649741552986537152635238987221381064495559484137629955582707530740646319488381 0 0 0 0 0 0 0 0 0 0 0 0 0 0 0 0 0 0 0 0 0 0 0 0 0 0 0 0 0 0 0 0 0 0 0 0 0 0 0 0 0 0 0 0 0 0 0 0 0 0 0 0 0 0 0 0 0 0 0 0 0 0 0 0 0 0 0 0 0 0 0 0 0 0 0 0 0 0 0 0 0 0 0 1 0 0 0 0 0 0 0 0 0 0 0 0 0 0 0]
[2349259673027532901357844462031610016062704207676227034502154984256406688793238228003748392764037569285771138865046667395043836486359167401129681993816679051809801328334395012730293577730034172283499156865666287227306103236125702305804062511506470441989569138143920079155027225916931530789867464169787 0 0 0 0 0 0 0 0 0 0 0 0 0 0 0 0 0 0 0 0 0 0 0 0 0 0 0 0 0 0 0 0 0 0 0 0 0 0 0 0 0 0 0 0 0 0 0 0 0 0 0 0 0 0 0 0 0 0 0 0 0 0 0 0 0 0 0 0 0 0 0 0 0 0 0 0 0 0 0 0 0 0 0 0 1 0 0 0 0 0 0 0 0 0 0 0 0 0 0]
[3620336723828881543625837632737534065518976753084709301318072698407280846789297404675568459185459384333032904415567849533358418221703598541545813852495869700795328258461337578905618018899512837421804707043913788955842590521933160924498387318469361085510852155710552250738013814187517068995434058502473 0 0 0 0 0 0 0 0 0 0 0 0 0 0 0 0 0 0 0 0 0 0 0 0 0 0 0 0 0 0 0 0 0 0 0 0 0 0 0 0 0 0 0 0 0 0 0 0 0 0 0 0 0 0 0 0 0 0 0 0 0 0 0 0 0 0 0 0 0 0 0 0 0 0 0 0 0 0 0 0 0 0 0 0 0 1 0 0 0 0 0 0 0 0 0 0 0 0 0]
[6073087786907861359675328624576946005740506501936930047213299347411714597839427317737138346736021140716703227962586373796576116203993523475455775264701817426992758198760175014552732891270300396395623329907668987021416876808676253202036457825846992268326165495767386062510373745257008126531870570982692 0 0 0 0 0 0 0 0 0 0 0 0 0 0 0 0 0 0 0 0 0 0 0 0 0 0 0 0 0 0 0 0 0 0 0 0 0 0 0 0 0 0 0 0 0 0 0 0 0 0 0 0 0 0 0 0 0 0 0 0 0 0 0 0 0 0 0 0 0 0 0 0 0 0 0 0 0 0 0 0 0 0 0 0 0 0 1 0 0 0 0 0 0 0 0 0 0 0 0]
[4120680317208815704356214021823512890543082990083165360362438144374481702540850802882816231497291282483608708902095947107232121881174722674530108729937564932988932738470672558989444755227485471832963421343151831614171856013462804717926020293032458305328898216887993018433394709873892742913139844560062 0 0 0 0 0 0 0 0 0 0 0 0 0 0 0 0 0 0 0 0 0 0 0 0 0 0 0 0 0 0 0 0 0 0 0 0 0 0 0 0 0 0 0 0 0 0 0 0 0 0 0 0 0 0 0 0 0 0 0 0 0 0 0 0 0 0 0 0 0 0 0 0 0 0 0 0 0 0 0 0 0 0 0 0 0 0 0 1 0 0 0 0 0 0 0 0 0 0 0]
[1557734986377103448663558976934217348340346162402168994825103360935611196966466840390306121786148868922444059686720348735051548956461097268505308233192758439833955446344306403814318714176090714412839117757191602189865295337251790799455636592403193824930190889367768878030545725293510662817193327537150 0 0 0 0 0 0 0 0 0 0 0 0 0 0 0 0 0 0 0 0 0 0 0 0 0 0 0 0 0 0 0 0 0 0 0 0 0 0 0 0 0 0 0 0 0 0 0 0 0 0 0 0 0 0 0 0 0 0 0 0 0 0 0 0 0 0 0 0 0 0 0 0 0 0 0 0 0 0 0 0 0 0 0 0 0 0 0 0 1 0 0 0 0 0 0 0 0 0 0]
[4427083743066779554047197042141687817499194104939674324162854303618080909950883453044330602288587623942552999155798790676386300982013846907557900328268797755782038352644059265588622295558618496911221122002713239020474362367250110677986739777138109575847106977048298144199189415016614191046876163262328 0 0 0 0 0 0 0 0 0 0 0 0 0 0 0 0 0 0 0 0 0 0 0 0 0 0 0 0 0 0 0 0 0 0 0 0 0 0 0 0 0 0 0 0 0 0 0 0 0 0 0 0 0 0 0 0 0 0 0 0 0 0 0 0 0 0 0 0 0 0 0 0 0 0 0 0 0 0 0 0 0 0 0 0 0 0 0 0 0 1 0 0 0 0 0 0 0 0 0]
[132034632622417484998846000623076686086271491589644223572215676322774794799843003130611858540774762673349372147629346404531568326634317564355363661994590100738268733615891911723568161232249086536130349954409859633138546820823028528952318941761680815188203489071277435330775783621419316824797642383276 0 0 0 0 0 0 0 0 0 0 0 0 0 0 0 0 0 0 0 0 0 0 0 0 0 0 0 0 0 0 0 0 0 0 0 0 0 0 0 0 0 0 0 0 0 0 0 0 0 0 0 0 0 0 0 0 0 0 0 0 0 0 0 0 0 0 0 0 0 0 0 0 0 0 0 0 0 0 0 0 0 0 0 0 0 0 0 0 0 0 1 0 0 0 0 0 0 0 0]
[3192191782976114659493699767459736803592558470371419772620718402194681796522357860535289966932653088423862962410465438756884949080354395091226712475826306370685699911436107302844034072043958095220153381045258743425863767620853595213552731191520014694350764115559193635049306785171547478679098406227553 0 0 0 0 0 0 0 0 0 0 0 0 0 0 0 0 0 0 0 0 0 0 0 0 0 0 0 0 0 0 0 0 0 0 0 0 0 0 0 0 0 0 0 0 0 0 0 0 0 0 0 0 0 0 0 0 0 0 0 0 0 0 0 0 0 0 0 0 0 0 0 0 0 0 0 0 0 0 0 0 0 0 0 0 0 0 0 0 0 0 0 1 0 0 0 0 0 0 0]
[5791879912330104506887200524810388414702527244765120572375099029310808512437290550088281785129078442626127490249612117063026491107519937022146500661477437782391904579326469703233250025483360004007725312528979243835974978666553392803568641189612796475427899959335120692648861060087313795665490261330254 0 0 0 0 0 0 0 0 0 0 0 0 0 0 0 0 0 0 0 0 0 0 0 0 0 0 0 0 0 0 0 0 0 0 0 0 0 0 0 0 0 0 0 0 0 0 0 0 0 0 0 0 0 0 0 0 0 0 0 0 0 0 0 0 0 0 0 0 0 0 0 0 0 0 0 0 0 0 0 0 0 0 0 0 0 0 0 0 0 0 0 0 1 0 0 0 0 0 0]
[3406440505106600549468999801231866029619187052611756756767755475443907330937268957571002082837763446933512044866101700390918607487024454529825719950426826058315538210778090362412738516083352584420439030055838467503091741918045602306938068131804287912696201626203810739626099416299720011481632885765869 0 0 0 0 0 0 0 0 0 0 0 0 0 0 0 0 0 0 0 0 0 0 0 0 0 0 0 0 0 0 0 0 0 0 0 0 0 0 0 0 0 0 0 0 0 0 0 0 0 0 0 0 0 0 0 0 0 0 0 0 0 0 0 0 0 0 0 0 0 0 0 0 0 0 0 0 0 0 0 0 0 0 0 0 0 0 0 0 0 0 0 0 0 1 0 0 0 0 0]
[5194657129555934905814065632059006533456231487372078751240142502640401263673515117435441752667699206520126932118398266670464681137508430121258361392321682003616807834154245427926670755883558395626376326444289645012948528372238389144161973954943277751361223933279538450743149873590481907632629935194686 0 0 0 0 0 0 0 0 0 0 0 0 0 0 0 0 0 0 0 0 0 0 0 0 0 0 0 0 0 0 0 0 0 0 0 0 0 0 0 0 0 0 0 0 0 0 0 0 0 0 0 0 0 0 0 0 0 0 0 0 0 0 0 0 0 0 0 0 0 0 0 0 0 0 0 0 0 0 0 0 0 0 0 0 0 0 0 0 0 0 0 0 0 0 1 0 0 0 0]
[2454908596987876925926860206022768425191454269981906202798069863886111739572191607272043299078098410270113966067047632587838659228541754675522687627677381990885530098816008704539385531114084370355001368661113274940923342937177158228180305937287474640328430065606404432893470448779100168008814293996391 0 0 0 0 0 0 0 0 0 0 0 0 0 0 0 0 0 0 0 0 0 0 0 0 0 0 0 0 0 0 0 0 0 0 0 0 0 0 0 0 0 0 0 0 0 0 0 0 0 0 0 0 0 0 0 0 0 0 0 0 0 0 0 0 0 0 0 0 0 0 0 0 0 0 0 0 0 0 0 0 0 0 0 0 0 0 0 0 0 0 0 0 0 0 0 1 0 0 0]
[1865274186360747182900640656693221914880952333946511087187131309305874098075639917698853951523567272840514699329807068417572475929260089182585300845989691676248655137638763920677203239434800031613024146935013402010785721410449623161856850805934327944141384009606179494253960176488547748488156199305012 0 0 0 0 0 0 0 0 0 0 0 0 0 0 0 0 0 0 0 0 0 0 0 0 0 0 0 0 0 0 0 0 0 0 0 0 0 0 0 0 0 0 0 0 0 0 0 0 0 0 0 0 0 0 0 0 0 0 0 0 0 0 0 0 0 0 0 0 0 0 0 0 0 0 0 0 0 0 0 0 0 0 0 0 0 0 0 0 0 0 0 0 0 0 0 0 1 0 0]
[6293002339741100279767862884840153085723366195537507663441902517466914766216483083145000961830978168360940185491325111275454368588882725550675000761999492809811292398580505434558030528541584716289710267465574313336017312530778273343766277238994948778618147930456078734972256196557148832377599022443054 0 0 0 0 0 0 0 0 0 0 0 0 0 0 0 0 0 0 0 0 0 0 0 0 0 0 0 0 0 0 0 0 0 0 0 0 0 0 0 0 0 0 0 0 0 0 0 0 0 0 0 0 0 0 0 0 0 0 0 0 0 0 0 0 0 0 0 0 0 0 0 0 0 0 0 0 0 0 0 0 0 0 0 0 0 0 0 0 0 0 0 0 0 0 0 0 0 1 0]
[5372875717581916784312164631782218623485615140844819116117544240849934913349019676495304578589143280480888605080268195184535688927067458045617630686484321421111167914664530163612411972584763124164381241239559196873511635212450674941403043501450344191210431450117279356648431494425124427939083450889108 0 0 0 0 0 0 0 0 0 0 0 0 0 0 0 0 0 0 0 0 0 0 0 0 0 0 0 0 0 0 0 0 0 0 0 0 0 0 0 0 0 0 0 0 0 0 0 0 0 0 0 0 0 0 0 0 0 0 0 0 0 0 0 0 0 0 0 0 0 0 0 0 0 0 0 0 0 0 0 0 0 0 0 0 0 0 0 0 0 0 0 0 0 0 0 0 0 0 1]
]
