[[5252754249151594310572098047909250950531760030255014223248852348731222616940983793590750797438206569361445871761948259377219616447199905599338801093010192910552692889085369564157338573464926577221528800409354191911124103092957714289547113301 0 0 0 0 0 0 0 0 0 0 0 0 0 0 0 0 0 0 0 0 0 0 0 0 0 0 0 0 0 0 0 0 0 0 0 0 0 0 0 0 0 0 0 0 0 0 0 0 0 0 0 0 0 0 0 0 0 0 0 0 0 0 0 0 0 0 0 0 0 0 0 0 0 0 0 0 0 0 0]
[4500370010302122261373930335439731913588173649044673352769996309615500143910836419819074200840268948839284968244947278293859547079171968013311225938200352143239999206162045756671879414853504926899034185603057347050962474839898325337687460925 1 0 0 0 0 0 0 0 0 0 0 0 0 0 0 0 0 0 0 0 0 0 0 0 0 0 0 0 0 0 0 0 0 0 0 0 0 0 0 0 0 0 0 0 0 0 0 0 0 0 0 0 0 0 0 0 0 0 0 0 0 0 0 0 0 0 0 0 0 0 0 0 0 0 0 0 0 0 0]
[779840228030772479140911207131929349982732416844382773973025001840978873413507250832159908823348571456130030883581451608571592532160085755638090197275849240655219215621019720264436771389184013517307883791838189504695387562598030899429094979 0 1 0 0 0 0 0 0 0 0 0 0 0 0 0 0 0 0 0 0 0 0 0 0 0 0 0 0 0 0 0 0 0 0 0 0 0 0 0 0 0 0 0 0 0 0 0 0 0 0 0 0 0 0 0 0 0 0 0 0 0 0 0 0 0 0 0 0 0 0 0 0 0 0 0 0 0 0 0]
[2280794659243231195042296881722457340958809964107569003008341525031582045898836239373720290263353730585803743795491297053938200090122161061607190088040110090562745519263855851089758118813342393520627132632074646573781266348930739350418996445 0 0 1 0 0 0 0 0 0 0 0 0 0 0 0 0 0 0 0 0 0 0 0 0 0 0 0 0 0 0 0 0 0 0 0 0 0 0 0 0 0 0 0 0 0 0 0 0 0 0 0 0 0 0 0 0 0 0 0 0 0 0 0 0 0 0 0 0 0 0 0 0 0 0 0 0 0 0 0]
[4804642683050079406472976201080715462687152096093539344048779205316560518985963553473329606250621748819730432574515640748342799789389427743368428261809644185942660852801508855133643618055432220890198303829893843088815076037889228628707008864 0 0 0 1 0 0 0 0 0 0 0 0 0 0 0 0 0 0 0 0 0 0 0 0 0 0 0 0 0 0 0 0 0 0 0 0 0 0 0 0 0 0 0 0 0 0 0 0 0 0 0 0 0 0 0 0 0 0 0 0 0 0 0 0 0 0 0 0 0 0 0 0 0 0 0 0 0 0 0]
[3664696797314266914835219901605283862393054191146305553787810761964088605560444198648803141633347112838444385424839808317596409981652468594589534427150171733958037027092666089507950100673814796980091315844171879139033044770614176540657442264 0 0 0 0 1 0 0 0 0 0 0 0 0 0 0 0 0 0 0 0 0 0 0 0 0 0 0 0 0 0 0 0 0 0 0 0 0 0 0 0 0 0 0 0 0 0 0 0 0 0 0 0 0 0 0 0 0 0 0 0 0 0 0 0 0 0 0 0 0 0 0 0 0 0 0 0 0 0 0]
[3736457595926611771412247148970398003791028079256648972759213201864581699740643227299216240805418608097620533089949887867449415240288687621863989449629154689667285439169616769445781040381995474339052339531993644641382977180161010040542334135 0 0 0 0 0 1 0 0 0 0 0 0 0 0 0 0 0 0 0 0 0 0 0 0 0 0 0 0 0 0 0 0 0 0 0 0 0 0 0 0 0 0 0 0 0 0 0 0 0 0 0 0 0 0 0 0 0 0 0 0 0 0 0 0 0 0 0 0 0 0 0 0 0 0 0 0 0 0 0]
[1682499188266584968393626471241644326410457592780227837811249412014304728310894044524307268734014628866004813285908186311069695318964918539135234170312596738547310982987076662565563483885684154567243525848901522667168297055000821230383501344 0 0 0 0 0 0 1 0 0 0 0 0 0 0 0 0 0 0 0 0 0 0 0 0 0 0 0 0 0 0 0 0 0 0 0 0 0 0 0 0 0 0 0 0 0 0 0 0 0 0 0 0 0 0 0 0 0 0 0 0 0 0 0 0 0 0 0 0 0 0 0 0 0 0 0 0 0 0 0]
[4699212705558520966176014953123589032965961885052631049636540196331177155644397173866482870033016844095357946609254531778086168924338254184014823859563870520500396825080295398739071796030221268980908040944681332633353975076446405054234468293 0 0 0 0 0 0 0 1 0 0 0 0 0 0 0 0 0 0 0 0 0 0 0 0 0 0 0 0 0 0 0 0 0 0 0 0 0 0 0 0 0 0 0 0 0 0 0 0 0 0 0 0 0 0 0 0 0 0 0 0 0 0 0 0 0 0 0 0 0 0 0 0 0 0 0 0 0 0 0]
[2649916261137706817095793810283153258866773952678197478122290500939037479650721853001749996234285214483520600218928089687395109473001888438137573271751148420413047124586822873879387372907393180384118424556288903700955895332997534742358932314 0 0 0 0 0 0 0 0 1 0 0 0 0 0 0 0 0 0 0 0 0 0 0 0 0 0 0 0 0 0 0 0 0 0 0 0 0 0 0 0 0 0 0 0 0 0 0 0 0 0 0 0 0 0 0 0 0 0 0 0 0 0 0 0 0 0 0 0 0 0 0 0 0 0 0 0 0 0 0]
[892413226370036829974787173925793212185278961204619782203234944921471138248362937191844121890086841741253581564852777770814402089891167869339538802325710015491281613408230429633342135477386124931193522965517653520171308135331390252849144668 0 0 0 0 0 0 0 0 0 1 0 0 0 0 0 0 0 0 0 0 0 0 0 0 0 0 0 0 0 0 0 0 0 0 0 0 0 0 0 0 0 0 0 0 0 0 0 0 0 0 0 0 0 0 0 0 0 0 0 0 0 0 0 0 0 0 0 0 0 0 0 0 0 0 0 0 0 0 0]
[750988687508021347315281338049489159872318274251906104739001592459985235607925380192067924546362908268664001755414571953892218707587765325394003116072992229568844298887915036636666479365141532583676308644144520679353802066294982355712361126 0 0 0 0 0 0 0 0 0 0 1 0 0 0 0 0 0 0 0 0 0 0 0 0 0 0 0 0 0 0 0 0 0 0 0 0 0 0 0 0 0 0 0 0 0 0 0 0 0 0 0 0 0 0 0 0 0 0 0 0 0 0 0 0 0 0 0 0 0 0 0 0 0 0 0 0 0 0 0]
[5248661719491879755173356771737033023899129025719348619630459421644101292373673223285629414660396806239512636211326904467855244457098801127126844464425975987419893896700759598752914026349297662070056640692911680031463580059846312889484034101 0 0 0 0 0 0 0 0 0 0 0 1 0 0 0 0 0 0 0 0 0 0 0 0 0 0 0 0 0 0 0 0 0 0 0 0 0 0 0 0 0 0 0 0 0 0 0 0 0 0 0 0 0 0 0 0 0 0 0 0 0 0 0 0 0 0 0 0 0 0 0 0 0 0 0 0 0 0 0]
[791752969403121157459603146489496808182455833967000295741482873280227569735817830787476191834425538346312395652849931203045083808596729201440896404023793099175701086742017966925121044697048408787592288766500322493290994864260466404881548377 0 0 0 0 0 0 0 0 0 0 0 0 1 0 0 0 0 0 0 0 0 0 0 0 0 0 0 0 0 0 0 0 0 0 0 0 0 0 0 0 0 0 0 0 0 0 0 0 0 0 0 0 0 0 0 0 0 0 0 0 0 0 0 0 0 0 0 0 0 0 0 0 0 0 0 0 0 0 0]
[3628692480386187985237441748592588258314758199084394484957670894184791093246465662679476236643593236675203443953838361087291383329492730420631234163802623656111871464787596238037127991169778371488105161042770799096639420902066158733514702258 0 0 0 0 0 0 0 0 0 0 0 0 0 1 0 0 0 0 0 0 0 0 0 0 0 0 0 0 0 0 0 0 0 0 0 0 0 0 0 0 0 0 0 0 0 0 0 0 0 0 0 0 0 0 0 0 0 0 0 0 0 0 0 0 0 0 0 0 0 0 0 0 0 0 0 0 0 0 0]
[1795508438906761307078082009446200871541687206821270470307581492380646194342252975381158083647339385314583610026835145815668532006667074164844570773413674001069931389083815033324534645239763565386831280933603443425626509715990715033373874138 0 0 0 0 0 0 0 0 0 0 0 0 0 0 1 0 0 0 0 0 0 0 0 0 0 0 0 0 0 0 0 0 0 0 0 0 0 0 0 0 0 0 0 0 0 0 0 0 0 0 0 0 0 0 0 0 0 0 0 0 0 0 0 0 0 0 0 0 0 0 0 0 0 0 0 0 0 0 0]
[2652121072887482311139138686979604719727261897085060878907472282138173877541191783068418504316826340222249176109419296847044767111310300955420702170904659333869586225017523469950409890075851099237601457709859626764690394646212496659231733092 0 0 0 0 0 0 0 0 0 0 0 0 0 0 0 1 0 0 0 0 0 0 0 0 0 0 0 0 0 0 0 0 0 0 0 0 0 0 0 0 0 0 0 0 0 0 0 0 0 0 0 0 0 0 0 0 0 0 0 0 0 0 0 0 0 0 0 0 0 0 0 0 0 0 0 0 0 0 0]
[3059194223665665870049435255861982557172104525805645061002724244497109606288807924847045145564402750867984793066476639701649940451196682237965186653575610181764150392357171996721715627966602873043589901388507364757915653225300715452812448324 0 0 0 0 0 0 0 0 0 0 0 0 0 0 0 0 1 0 0 0 0 0 0 0 0 0 0 0 0 0 0 0 0 0 0 0 0 0 0 0 0 0 0 0 0 0 0 0 0 0 0 0 0 0 0 0 0 0 0 0 0 0 0 0 0 0 0 0 0 0 0 0 0 0 0 0 0 0 0]
[2477725063621234133868361167879650863398011529721612682297811648858841379330062553647413394273768258732564475622321135321465783629080037638721383242638698745616587466108462858411621611326098480417515973006489843599277614192217052422379737213 0 0 0 0 0 0 0 0 0 0 0 0 0 0 0 0 0 1 0 0 0 0 0 0 0 0 0 0 0 0 0 0 0 0 0 0 0 0 0 0 0 0 0 0 0 0 0 0 0 0 0 0 0 0 0 0 0 0 0 0 0 0 0 0 0 0 0 0 0 0 0 0 0 0 0 0 0 0 0]
[1391594714622410619974331366987486853822436703578471247931292929777890463345345509525156278546895282483965756368400310864827682356197139147940857172071148440990212307250706600585943951225500732008858647716844006004780864869775360036528261236 0 0 0 0 0 0 0 0 0 0 0 0 0 0 0 0 0 0 1 0 0 0 0 0 0 0 0 0 0 0 0 0 0 0 0 0 0 0 0 0 0 0 0 0 0 0 0 0 0 0 0 0 0 0 0 0 0 0 0 0 0 0 0 0 0 0 0 0 0 0 0 0 0 0 0 0 0 0 0]
[4098577330488973459958177212233595547169377137587567106845510688037744041223858122880734997441572292938300157385057546516208777845216180894423422845773699258676320156120167652263105336314049003425907743345304023870546519917814232486103107753 0 0 0 0 0 0 0 0 0 0 0 0 0 0 0 0 0 0 0 1 0 0 0 0 0 0 0 0 0 0 0 0 0 0 0 0 0 0 0 0 0 0 0 0 0 0 0 0 0 0 0 0 0 0 0 0 0 0 0 0 0 0 0 0 0 0 0 0 0 0 0 0 0 0 0 0 0 0 0]
[3247020956400960176223085634456380918694074812755946198690794715681088847177643442537810860205136907115384519817326947563932716800297328786455480972101999839806138860203022395514050880991522212951600937900194471342628155920045712900929289306 0 0 0 0 0 0 0 0 0 0 0 0 0 0 0 0 0 0 0 0 1 0 0 0 0 0 0 0 0 0 0 0 0 0 0 0 0 0 0 0 0 0 0 0 0 0 0 0 0 0 0 0 0 0 0 0 0 0 0 0 0 0 0 0 0 0 0 0 0 0 0 0 0 0 0 0 0 0 0]
[3319268353313864484665029093158080691172670556623143734213689761563171409480999919706262445432055007339326450578990920667272714951235162562381103037254231468271998424603078571228350625954587908740366568912091696931242661847491708786550268704 0 0 0 0 0 0 0 0 0 0 0 0 0 0 0 0 0 0 0 0 0 1 0 0 0 0 0 0 0 0 0 0 0 0 0 0 0 0 0 0 0 0 0 0 0 0 0 0 0 0 0 0 0 0 0 0 0 0 0 0 0 0 0 0 0 0 0 0 0 0 0 0 0 0 0 0 0 0 0]
[3269093124259381622483826322973256710100965219759394109808936164775014471110949090980956395607030739806331981234776138855571977576972167936290649330116420177030352556391752301687848452074902028420702503001016127210852071422527455220863107049 0 0 0 0 0 0 0 0 0 0 0 0 0 0 0 0 0 0 0 0 0 0 1 0 0 0 0 0 0 0 0 0 0 0 0 0 0 0 0 0 0 0 0 0 0 0 0 0 0 0 0 0 0 0 0 0 0 0 0 0 0 0 0 0 0 0 0 0 0 0 0 0 0 0 0 0 0 0 0]
[4675390000766289188091322569174080383008936931438572876274577027985256942386241154820424570308169160628824660092921518895826042811545211652652358929080521327617625106439319289592179445817618421980950945826621574161941962960089614315239604483 0 0 0 0 0 0 0 0 0 0 0 0 0 0 0 0 0 0 0 0 0 0 0 1 0 0 0 0 0 0 0 0 0 0 0 0 0 0 0 0 0 0 0 0 0 0 0 0 0 0 0 0 0 0 0 0 0 0 0 0 0 0 0 0 0 0 0 0 0 0 0 0 0 0 0 0 0 0 0]
[445790735554833541440281787491400322029216526775807564035502350138329125686034698524691385375261266198304012897880017805830284760247288635994315193793762217962687152834584900742327954942721111242577084652680535122199526471810338873664853953 0 0 0 0 0 0 0 0 0 0 0 0 0 0 0 0 0 0 0 0 0 0 0 0 1 0 0 0 0 0 0 0 0 0 0 0 0 0 0 0 0 0 0 0 0 0 0 0 0 0 0 0 0 0 0 0 0 0 0 0 0 0 0 0 0 0 0 0 0 0 0 0 0 0 0 0 0 0 0]
[3737362633377359827028506686230543726274520617122480217507278156241792115556449117467189234424561155154666162788539921252639770827817261620543866518975185829854273766226259700619624297245748647791244144830498152909075871336978778992744919049 0 0 0 0 0 0 0 0 0 0 0 0 0 0 0 0 0 0 0 0 0 0 0 0 0 1 0 0 0 0 0 0 0 0 0 0 0 0 0 0 0 0 0 0 0 0 0 0 0 0 0 0 0 0 0 0 0 0 0 0 0 0 0 0 0 0 0 0 0 0 0 0 0 0 0 0 0 0 0]
[4269170269557299050765707222541016611234215574760768548571712249572158091915714101939497041469949808532704558618400530140738193524849873455351562722057910196499175301608939902555039496157265979277911881437093515115511791829047996257603793208 0 0 0 0 0 0 0 0 0 0 0 0 0 0 0 0 0 0 0 0 0 0 0 0 0 0 1 0 0 0 0 0 0 0 0 0 0 0 0 0 0 0 0 0 0 0 0 0 0 0 0 0 0 0 0 0 0 0 0 0 0 0 0 0 0 0 0 0 0 0 0 0 0 0 0 0 0 0 0]
[1935209068974434619450177899003173943877105444250688323181382533986023714979853563127482674715242431200124890033224633348263623218534147031008777380866428933902567991519916107841847117462017784259381028578289053964517519671286148702172936280 0 0 0 0 0 0 0 0 0 0 0 0 0 0 0 0 0 0 0 0 0 0 0 0 0 0 0 1 0 0 0 0 0 0 0 0 0 0 0 0 0 0 0 0 0 0 0 0 0 0 0 0 0 0 0 0 0 0 0 0 0 0 0 0 0 0 0 0 0 0 0 0 0 0 0 0 0 0 0]
[4706713870165683117975123076123219030242415330937199396307854826350573865898080280989085334021736673400714168690538746682050700797749498768306936961291471893416124667622832575063587503576116400038875465572783140832893299021640756020880611884 0 0 0 0 0 0 0 0 0 0 0 0 0 0 0 0 0 0 0 0 0 0 0 0 0 0 0 0 1 0 0 0 0 0 0 0 0 0 0 0 0 0 0 0 0 0 0 0 0 0 0 0 0 0 0 0 0 0 0 0 0 0 0 0 0 0 0 0 0 0 0 0 0 0 0 0 0 0 0]
[1178885044989847335460792150216023634825551894178392337305423829716978699290911079733503637310005358792839368316655803216989626726904465131197261515854484080263860245957208785298725714729261992730134264819545022483187931160257713972237406136 0 0 0 0 0 0 0 0 0 0 0 0 0 0 0 0 0 0 0 0 0 0 0 0 0 0 0 0 0 1 0 0 0 0 0 0 0 0 0 0 0 0 0 0 0 0 0 0 0 0 0 0 0 0 0 0 0 0 0 0 0 0 0 0 0 0 0 0 0 0 0 0 0 0 0 0 0 0 0]
[2076164258177378964060940720498645987025684901584805630662442392456335915598810424238136475900420255679617145989577742214009642702549469513964802571107018474749870581844322877656043246955385236993041917111542821772671672779481100286584588873 0 0 0 0 0 0 0 0 0 0 0 0 0 0 0 0 0 0 0 0 0 0 0 0 0 0 0 0 0 0 1 0 0 0 0 0 0 0 0 0 0 0 0 0 0 0 0 0 0 0 0 0 0 0 0 0 0 0 0 0 0 0 0 0 0 0 0 0 0 0 0 0 0 0 0 0 0 0 0]
[3759908979195856743748182088486359468230320635825743432681221410487055942861092199825560367563045302365855922185418939563278319634546430615430862474398065396003969772091979688561334851054340711184220455793290852496635747511727138728551952329 0 0 0 0 0 0 0 0 0 0 0 0 0 0 0 0 0 0 0 0 0 0 0 0 0 0 0 0 0 0 0 1 0 0 0 0 0 0 0 0 0 0 0 0 0 0 0 0 0 0 0 0 0 0 0 0 0 0 0 0 0 0 0 0 0 0 0 0 0 0 0 0 0 0 0 0 0 0 0]
[2145932395919111514503631985370685836743497105723899697199915744291223290638142794930650259565931095706858440809504658177367039583636652185600420170335968225079748433946261337848526892248486400963087241487493722303983995157306633717076726822 0 0 0 0 0 0 0 0 0 0 0 0 0 0 0 0 0 0 0 0 0 0 0 0 0 0 0 0 0 0 0 0 1 0 0 0 0 0 0 0 0 0 0 0 0 0 0 0 0 0 0 0 0 0 0 0 0 0 0 0 0 0 0 0 0 0 0 0 0 0 0 0 0 0 0 0 0 0 0]
[4008603111032154684448422206453671101486623585365742120054575875967015817882597017787268776178844130588328425587181218856372964947204570097082837867129411197878924425195488156689164389429837574843810027508899622325934867785755790532256941057 0 0 0 0 0 0 0 0 0 0 0 0 0 0 0 0 0 0 0 0 0 0 0 0 0 0 0 0 0 0 0 0 0 1 0 0 0 0 0 0 0 0 0 0 0 0 0 0 0 0 0 0 0 0 0 0 0 0 0 0 0 0 0 0 0 0 0 0 0 0 0 0 0 0 0 0 0 0 0]
[2190269277145077571867012164526705882067780782600175214478777840737066505344367692165406671294658046093122397631710244462475681709152131509666988816016324188583872989976381759975456856209323303848094687050661200601726240423960678855993784838 0 0 0 0 0 0 0 0 0 0 0 0 0 0 0 0 0 0 0 0 0 0 0 0 0 0 0 0 0 0 0 0 0 0 1 0 0 0 0 0 0 0 0 0 0 0 0 0 0 0 0 0 0 0 0 0 0 0 0 0 0 0 0 0 0 0 0 0 0 0 0 0 0 0 0 0 0 0 0]
[4925011257160252005844764550816212860527913579841366951824464669927397500445642868383732227790717064164148232984664518579585399441081735876159942567166642865277609095713052946557742685148851783373467648908049883942177594215926930712744866701 0 0 0 0 0 0 0 0 0 0 0 0 0 0 0 0 0 0 0 0 0 0 0 0 0 0 0 0 0 0 0 0 0 0 0 1 0 0 0 0 0 0 0 0 0 0 0 0 0 0 0 0 0 0 0 0 0 0 0 0 0 0 0 0 0 0 0 0 0 0 0 0 0 0 0 0 0 0 0]
[348269106843879804732483415399886017613777448792803396602247391178364571818849765874674811103734360331185028005097736010196426770495862107339556171483718819081383490005493403352544972052042857788001465045312875899827332780583985113775568233 0 0 0 0 0 0 0 0 0 0 0 0 0 0 0 0 0 0 0 0 0 0 0 0 0 0 0 0 0 0 0 0 0 0 0 0 1 0 0 0 0 0 0 0 0 0 0 0 0 0 0 0 0 0 0 0 0 0 0 0 0 0 0 0 0 0 0 0 0 0 0 0 0 0 0 0 0 0 0]
[618238895019170473897588616095662910098842777786770486107735687183272212841140985809854772686743978144200172898429474735945954426214106674419632765589034682225596495195806883921875602481717863997961189644470764511058819972391406629855287768 0 0 0 0 0 0 0 0 0 0 0 0 0 0 0 0 0 0 0 0 0 0 0 0 0 0 0 0 0 0 0 0 0 0 0 0 0 1 0 0 0 0 0 0 0 0 0 0 0 0 0 0 0 0 0 0 0 0 0 0 0 0 0 0 0 0 0 0 0 0 0 0 0 0 0 0 0 0 0]
[3897972455043634424791596492971474745003463636395218503935873527547694232362564433079431368607256181215493178088947644887853053387604140162751825676352015907684309085841861191481396730180919731161685558862873677963744150836996159709129099567 0 0 0 0 0 0 0 0 0 0 0 0 0 0 0 0 0 0 0 0 0 0 0 0 0 0 0 0 0 0 0 0 0 0 0 0 0 0 1 0 0 0 0 0 0 0 0 0 0 0 0 0 0 0 0 0 0 0 0 0 0 0 0 0 0 0 0 0 0 0 0 0 0 0 0 0 0 0 0]
[4140202908363520407538074763218170781418175808949149339823471883821562771268092472917960902400097410483284360073377215537647107295857820267546287163439998616461044173085886650018414204262659310649812228436881164166779178816993233875691410292 0 0 0 0 0 0 0 0 0 0 0 0 0 0 0 0 0 0 0 0 0 0 0 0 0 0 0 0 0 0 0 0 0 0 0 0 0 0 0 1 0 0 0 0 0 0 0 0 0 0 0 0 0 0 0 0 0 0 0 0 0 0 0 0 0 0 0 0 0 0 0 0 0 0 0 0 0 0 0]
[4634346826483600589410283327289726384689378837533697092341778721370934158975498901483784346083176966461987727910793699635739238047387655842406964266672183184290171236651661636637337144987608799587466332200244429770484872723286272143014673233 0 0 0 0 0 0 0 0 0 0 0 0 0 0 0 0 0 0 0 0 0 0 0 0 0 0 0 0 0 0 0 0 0 0 0 0 0 0 0 0 1 0 0 0 0 0 0 0 0 0 0 0 0 0 0 0 0 0 0 0 0 0 0 0 0 0 0 0 0 0 0 0 0 0 0 0 0 0 0]
[5144086288553186833854562055084665688113973125373718268873895695232952746339228366583441345029382414048308641636495617044412384169836687444073400932317347568580451661135256839120678274127854666585027502120267306058128093981468208624757797092 0 0 0 0 0 0 0 0 0 0 0 0 0 0 0 0 0 0 0 0 0 0 0 0 0 0 0 0 0 0 0 0 0 0 0 0 0 0 0 0 0 1 0 0 0 0 0 0 0 0 0 0 0 0 0 0 0 0 0 0 0 0 0 0 0 0 0 0 0 0 0 0 0 0 0 0 0 0 0]
[1641174112526167757574374139002217979016731538480748873643036125235363907010429578288507907110230603286520251395839308934379405855853803283312001028181637428829460680480243518144811285251308609160024426334600196887611452813329040577730559200 0 0 0 0 0 0 0 0 0 0 0 0 0 0 0 0 0 0 0 0 0 0 0 0 0 0 0 0 0 0 0 0 0 0 0 0 0 0 0 0 0 0 1 0 0 0 0 0 0 0 0 0 0 0 0 0 0 0 0 0 0 0 0 0 0 0 0 0 0 0 0 0 0 0 0 0 0 0 0]
[3958492162151681603792916137605518360645457147803969888461833498683309417342312662527173226850065325561340770193858902581725897207531047313382766581763553573144060035301134248955479412200451761176907935161486228203946052506468237757156238250 0 0 0 0 0 0 0 0 0 0 0 0 0 0 0 0 0 0 0 0 0 0 0 0 0 0 0 0 0 0 0 0 0 0 0 0 0 0 0 0 0 0 0 1 0 0 0 0 0 0 0 0 0 0 0 0 0 0 0 0 0 0 0 0 0 0 0 0 0 0 0 0 0 0 0 0 0 0 0]
[5135603977145559447146538635777683186032754544786893667642561187350444808246300467995785969314382022192048696219909211496295707280749811858096377957976953550588901014997109857112273267728203124980040016547883978980843346383866470224334866296 0 0 0 0 0 0 0 0 0 0 0 0 0 0 0 0 0 0 0 0 0 0 0 0 0 0 0 0 0 0 0 0 0 0 0 0 0 0 0 0 0 0 0 0 1 0 0 0 0 0 0 0 0 0 0 0 0 0 0 0 0 0 0 0 0 0 0 0 0 0 0 0 0 0 0 0 0 0 0]
[2264978109017267062501574282831082945451653208692736387328426250794499843166970840512429936912532487960517574418061176790014180449715009081507960889350138322724880158772577699480121400686879076043238829767789005993583943246511781542646338599 0 0 0 0 0 0 0 0 0 0 0 0 0 0 0 0 0 0 0 0 0 0 0 0 0 0 0 0 0 0 0 0 0 0 0 0 0 0 0 0 0 0 0 0 0 1 0 0 0 0 0 0 0 0 0 0 0 0 0 0 0 0 0 0 0 0 0 0 0 0 0 0 0 0 0 0 0 0 0]
[4236359018727376178656989011220277797911442437982842407283788249909738103137017809067723964574205630825454840099910434429503597178438060676693922406237758654532143375733149906845426625679835531183069544842764759363354162469128190993283696901 0 0 0 0 0 0 0 0 0 0 0 0 0 0 0 0 0 0 0 0 0 0 0 0 0 0 0 0 0 0 0 0 0 0 0 0 0 0 0 0 0 0 0 0 0 0 1 0 0 0 0 0 0 0 0 0 0 0 0 0 0 0 0 0 0 0 0 0 0 0 0 0 0 0 0 0 0 0 0]
[2748257987541533680784144533529668286984602269774883046935168991318260649500938772671865044178695629833286011604333054692107128172327141341796364201512288481752898847197824184980017662120320803383734609597725249926074465877333696769300590453 0 0 0 0 0 0 0 0 0 0 0 0 0 0 0 0 0 0 0 0 0 0 0 0 0 0 0 0 0 0 0 0 0 0 0 0 0 0 0 0 0 0 0 0 0 0 0 1 0 0 0 0 0 0 0 0 0 0 0 0 0 0 0 0 0 0 0 0 0 0 0 0 0 0 0 0 0 0 0]
[2611157675177739787740505250132690048870308209146905490940802918374865337797795234824017430344897480789813611351021243742218888956242443792802948711523832379396942902966919381256678472446813186429486200498575956306438380656548726188432220529 0 0 0 0 0 0 0 0 0 0 0 0 0 0 0 0 0 0 0 0 0 0 0 0 0 0 0 0 0 0 0 0 0 0 0 0 0 0 0 0 0 0 0 0 0 0 0 0 1 0 0 0 0 0 0 0 0 0 0 0 0 0 0 0 0 0 0 0 0 0 0 0 0 0 0 0 0 0 0]
[4743547528019932656982551353053700323744518651268713557334400250067445727229798962806381967888007651452166034645430511916795241813416807664537591481386895407936591250165666463782682013725827823586689714531221641332134304442794900785479662915 0 0 0 0 0 0 0 0 0 0 0 0 0 0 0 0 0 0 0 0 0 0 0 0 0 0 0 0 0 0 0 0 0 0 0 0 0 0 0 0 0 0 0 0 0 0 0 0 0 1 0 0 0 0 0 0 0 0 0 0 0 0 0 0 0 0 0 0 0 0 0 0 0 0 0 0 0 0 0]
[435489350007097051086158748907717467480503121742885949737993298615367782940710346461811760214161919095950408131898081975055980424713280529080073931876146298503977759089540390189421696971857230488173736194667721192155029528601548300543456704 0 0 0 0 0 0 0 0 0 0 0 0 0 0 0 0 0 0 0 0 0 0 0 0 0 0 0 0 0 0 0 0 0 0 0 0 0 0 0 0 0 0 0 0 0 0 0 0 0 0 1 0 0 0 0 0 0 0 0 0 0 0 0 0 0 0 0 0 0 0 0 0 0 0 0 0 0 0 0]
[2242664268814376929590721040301250751258487259503555974989882582952329718303072755855190912820507783964174878696396124839652813014462550760939411968030960066772593671564480721496620118285794307621851407346621635042090809060038971882534456762 0 0 0 0 0 0 0 0 0 0 0 0 0 0 0 0 0 0 0 0 0 0 0 0 0 0 0 0 0 0 0 0 0 0 0 0 0 0 0 0 0 0 0 0 0 0 0 0 0 0 0 1 0 0 0 0 0 0 0 0 0 0 0 0 0 0 0 0 0 0 0 0 0 0 0 0 0 0 0]
[2526309795391648099035509419807116539947292196399065645562032329049075037130626968191436321857530832909625228724517826561405288360772192994599915022080988883942031088633164420741509149201537222084849248184702489284396883779404402479509561431 0 0 0 0 0 0 0 0 0 0 0 0 0 0 0 0 0 0 0 0 0 0 0 0 0 0 0 0 0 0 0 0 0 0 0 0 0 0 0 0 0 0 0 0 0 0 0 0 0 0 0 0 1 0 0 0 0 0 0 0 0 0 0 0 0 0 0 0 0 0 0 0 0 0 0 0 0 0 0]
[1875746370705901372334565315340292335958341075045876162192079125561737111202266596797607565994715494684095439868067509669346643716779488638086548622354791520295331343734841872294894793169768657494640500742210584311479892207409224615380088445 0 0 0 0 0 0 0 0 0 0 0 0 0 0 0 0 0 0 0 0 0 0 0 0 0 0 0 0 0 0 0 0 0 0 0 0 0 0 0 0 0 0 0 0 0 0 0 0 0 0 0 0 0 1 0 0 0 0 0 0 0 0 0 0 0 0 0 0 0 0 0 0 0 0 0 0 0 0 0]
[4149546006724077349401379382572502679089952098413797988890325248911627166640520781299712747531798514289452574597689238331679430326725831348865229440567710085099361321429432781203796507756579952857041705680583788261217429302748297237901391515 0 0 0 0 0 0 0 0 0 0 0 0 0 0 0 0 0 0 0 0 0 0 0 0 0 0 0 0 0 0 0 0 0 0 0 0 0 0 0 0 0 0 0 0 0 0 0 0 0 0 0 0 0 0 1 0 0 0 0 0 0 0 0 0 0 0 0 0 0 0 0 0 0 0 0 0 0 0 0]
[1752213699056752164624612714211727659928560967215452411355816065216869128006216821429884252225907801959152856705363907098476180939433339888576834437860896593916188707797097421828846003305100031313429058440769712090811694211413160774367512979 0 0 0 0 0 0 0 0 0 0 0 0 0 0 0 0 0 0 0 0 0 0 0 0 0 0 0 0 0 0 0 0 0 0 0 0 0 0 0 0 0 0 0 0 0 0 0 0 0 0 0 0 0 0 0 1 0 0 0 0 0 0 0 0 0 0 0 0 0 0 0 0 0 0 0 0 0 0 0]
[3027089760822145126854681946631132013738554784055211114925873290874038686484161943754824127096312209275065766571297741059743368584857295576742390176780562716240209038590014897861300527922580873003662928670929029050055881563584658579223083831 0 0 0 0 0 0 0 0 0 0 0 0 0 0 0 0 0 0 0 0 0 0 0 0 0 0 0 0 0 0 0 0 0 0 0 0 0 0 0 0 0 0 0 0 0 0 0 0 0 0 0 0 0 0 0 0 1 0 0 0 0 0 0 0 0 0 0 0 0 0 0 0 0 0 0 0 0 0 0]
[362685291651484491019245420822530793612549366583012003376064086306593636329303996555696988863893978080513537116419167083005433413572424209104851513019851440211437394991484032307448422777248316179066815489406113810348960478452096492987356475 0 0 0 0 0 0 0 0 0 0 0 0 0 0 0 0 0 0 0 0 0 0 0 0 0 0 0 0 0 0 0 0 0 0 0 0 0 0 0 0 0 0 0 0 0 0 0 0 0 0 0 0 0 0 0 0 0 1 0 0 0 0 0 0 0 0 0 0 0 0 0 0 0 0 0 0 0 0 0]
[185668893733971316922486076504636453613049668502117461251629602642548070355224592844037416878113744614130583679203815975083308612525471704078838833091773379254442938246165151035052508428104029854561402063438767566379790653621897837709809598 0 0 0 0 0 0 0 0 0 0 0 0 0 0 0 0 0 0 0 0 0 0 0 0 0 0 0 0 0 0 0 0 0 0 0 0 0 0 0 0 0 0 0 0 0 0 0 0 0 0 0 0 0 0 0 0 0 0 1 0 0 0 0 0 0 0 0 0 0 0 0 0 0 0 0 0 0 0 0]
[4614398715953549561666238385898214405051595808483061044756753607931794267505483698848877008087856990487467330268591164540338322282162040576732120212478891356693867032177239218067981686814145357884989689677141518614280236449234184824536046804 0 0 0 0 0 0 0 0 0 0 0 0 0 0 0 0 0 0 0 0 0 0 0 0 0 0 0 0 0 0 0 0 0 0 0 0 0 0 0 0 0 0 0 0 0 0 0 0 0 0 0 0 0 0 0 0 0 0 0 1 0 0 0 0 0 0 0 0 0 0 0 0 0 0 0 0 0 0 0]
[1285292563346660054807220112431096080105879041785829019591187830675227836876669078267728725027916776041024459244210594224162376310540699053406861226490101454605365477048549738920234045952584350941773457477302757456230942514214085002414901908 0 0 0 0 0 0 0 0 0 0 0 0 0 0 0 0 0 0 0 0 0 0 0 0 0 0 0 0 0 0 0 0 0 0 0 0 0 0 0 0 0 0 0 0 0 0 0 0 0 0 0 0 0 0 0 0 0 0 0 0 1 0 0 0 0 0 0 0 0 0 0 0 0 0 0 0 0 0 0]
[2750769084100098555933485742139205810792890743956448148185345897975109329125580460277104639350821202841376082238388014325095129275291768489337273583895564624509852893841257483786496979832631675550850402335312601379040386257546181049037323541 0 0 0 0 0 0 0 0 0 0 0 0 0 0 0 0 0 0 0 0 0 0 0 0 0 0 0 0 0 0 0 0 0 0 0 0 0 0 0 0 0 0 0 0 0 0 0 0 0 0 0 0 0 0 0 0 0 0 0 0 0 1 0 0 0 0 0 0 0 0 0 0 0 0 0 0 0 0 0]
[3730318809649968441143565870488333056597731516601766596861515144130206246636798468401798749568479587990509715904894016602548306523926259062496863259043610268832624377383352942885224434491727315681696891914743768166727506622943373763908486105 0 0 0 0 0 0 0 0 0 0 0 0 0 0 0 0 0 0 0 0 0 0 0 0 0 0 0 0 0 0 0 0 0 0 0 0 0 0 0 0 0 0 0 0 0 0 0 0 0 0 0 0 0 0 0 0 0 0 0 0 0 0 1 0 0 0 0 0 0 0 0 0 0 0 0 0 0 0 0]
[3790018351732411786411111624309633632982129053097938303577599115037222135903713152588172613150058819435835108799049749358462674763670470619295303032003357306704665224847550062106680144832488940229988682111162736928758683202811742950303470976 0 0 0 0 0 0 0 0 0 0 0 0 0 0 0 0 0 0 0 0 0 0 0 0 0 0 0 0 0 0 0 0 0 0 0 0 0 0 0 0 0 0 0 0 0 0 0 0 0 0 0 0 0 0 0 0 0 0 0 0 0 0 0 1 0 0 0 0 0 0 0 0 0 0 0 0 0 0 0]
[3114900337502356234931226380141595034712000739006115513825949910908433083723849457121770990555938521596546445818158324147222952382511639792222388046282899589707061018269040282443917053159697905072069692913532623650191570026355060548698868886 0 0 0 0 0 0 0 0 0 0 0 0 0 0 0 0 0 0 0 0 0 0 0 0 0 0 0 0 0 0 0 0 0 0 0 0 0 0 0 0 0 0 0 0 0 0 0 0 0 0 0 0 0 0 0 0 0 0 0 0 0 0 0 0 1 0 0 0 0 0 0 0 0 0 0 0 0 0 0]
[4157846420633419222243942691070721211891180017991003288577210272754212458196145376567225361049407540045997908328221783950756383721624691113451227240939718286343547491942369969345151986745840901490173417883585444427777493137436347282426273781 0 0 0 0 0 0 0 0 0 0 0 0 0 0 0 0 0 0 0 0 0 0 0 0 0 0 0 0 0 0 0 0 0 0 0 0 0 0 0 0 0 0 0 0 0 0 0 0 0 0 0 0 0 0 0 0 0 0 0 0 0 0 0 0 0 1 0 0 0 0 0 0 0 0 0 0 0 0 0]
[1469302165871203044494191380847116600452915324293418433843070841120067077515025385006043920170023653150498444966959483910942143879599034605106363210263268380403924323992132081061946686756804723363054030113889919199599113240875333989033713670 0 0 0 0 0 0 0 0 0 0 0 0 0 0 0 0 0 0 0 0 0 0 0 0 0 0 0 0 0 0 0 0 0 0 0 0 0 0 0 0 0 0 0 0 0 0 0 0 0 0 0 0 0 0 0 0 0 0 0 0 0 0 0 0 0 0 1 0 0 0 0 0 0 0 0 0 0 0 0]
[4110479074953876741983090505409426569438311379893799521935789613282311959299606970946274997228726263804747580938995161270637797151944442849512904309463139171796953634534409097703137415391237970292500513907516939978610793729378483754354746716 0 0 0 0 0 0 0 0 0 0 0 0 0 0 0 0 0 0 0 0 0 0 0 0 0 0 0 0 0 0 0 0 0 0 0 0 0 0 0 0 0 0 0 0 0 0 0 0 0 0 0 0 0 0 0 0 0 0 0 0 0 0 0 0 0 0 0 1 0 0 0 0 0 0 0 0 0 0 0]
[3475981784577292504030991665029965090562906048275362280799604253527007490492633336671204962664998388042607595452516719014647111074073957843198880701424875770714097537400622108708079214481284817519189506437187862450228635677973913501718898610 0 0 0 0 0 0 0 0 0 0 0 0 0 0 0 0 0 0 0 0 0 0 0 0 0 0 0 0 0 0 0 0 0 0 0 0 0 0 0 0 0 0 0 0 0 0 0 0 0 0 0 0 0 0 0 0 0 0 0 0 0 0 0 0 0 0 0 0 1 0 0 0 0 0 0 0 0 0 0]
[3981828417006183692026735770039885063065672146543413580308114158377841779405175797935403552591854177448144232546348730231885110141304729799898373055875198351369102688789043288120765971320848657779325683114516943679047915073541122686621187222 0 0 0 0 0 0 0 0 0 0 0 0 0 0 0 0 0 0 0 0 0 0 0 0 0 0 0 0 0 0 0 0 0 0 0 0 0 0 0 0 0 0 0 0 0 0 0 0 0 0 0 0 0 0 0 0 0 0 0 0 0 0 0 0 0 0 0 0 0 1 0 0 0 0 0 0 0 0 0]
[261996386241592542412062563169759932810780562695130437304674521500760313421468954737883010106238028966681352406634067519956497911093612465226717630914788635753976581134071055976295221422082492659363288954756305572716714765232983442560979355 0 0 0 0 0 0 0 0 0 0 0 0 0 0 0 0 0 0 0 0 0 0 0 0 0 0 0 0 0 0 0 0 0 0 0 0 0 0 0 0 0 0 0 0 0 0 0 0 0 0 0 0 0 0 0 0 0 0 0 0 0 0 0 0 0 0 0 0 0 0 1 0 0 0 0 0 0 0 0]
[381846576213860641921882866068097778641595661771995835928071945714673065564309687463500184143980929284077805149740102247245999989299626156408675427815716103089808545841775188362188968694045370521131651730978074587778730360176285776268922654 0 0 0 0 0 0 0 0 0 0 0 0 0 0 0 0 0 0 0 0 0 0 0 0 0 0 0 0 0 0 0 0 0 0 0 0 0 0 0 0 0 0 0 0 0 0 0 0 0 0 0 0 0 0 0 0 0 0 0 0 0 0 0 0 0 0 0 0 0 0 0 1 0 0 0 0 0 0 0]
[4189163135848029921262253038407488138458639098864634099760227895669823921518245409875292283537585720687412671124179258413466019449700549080721202592401822106290828553915044633795162009442331887330940695527834984106930565969799378526119342993 0 0 0 0 0 0 0 0 0 0 0 0 0 0 0 0 0 0 0 0 0 0 0 0 0 0 0 0 0 0 0 0 0 0 0 0 0 0 0 0 0 0 0 0 0 0 0 0 0 0 0 0 0 0 0 0 0 0 0 0 0 0 0 0 0 0 0 0 0 0 0 0 1 0 0 0 0 0 0]
[1296995285063343233175136000201542210739093195396568657214849348929514949262032590644006168397523520808125020558600730508658302892255646088382550364878738872775122672962252412318693847571827484562423871497532576099010449948776540277075569078 0 0 0 0 0 0 0 0 0 0 0 0 0 0 0 0 0 0 0 0 0 0 0 0 0 0 0 0 0 0 0 0 0 0 0 0 0 0 0 0 0 0 0 0 0 0 0 0 0 0 0 0 0 0 0 0 0 0 0 0 0 0 0 0 0 0 0 0 0 0 0 0 0 1 0 0 0 0 0]
[1877269397285715802390698684567924964814986780343347350786312477704365651903888786571244996635128609500390266805491325554279009892344761064735400951236150926244386219623340997755250143327744359487715663139569142665669237753734336666641167236 0 0 0 0 0 0 0 0 0 0 0 0 0 0 0 0 0 0 0 0 0 0 0 0 0 0 0 0 0 0 0 0 0 0 0 0 0 0 0 0 0 0 0 0 0 0 0 0 0 0 0 0 0 0 0 0 0 0 0 0 0 0 0 0 0 0 0 0 0 0 0 0 0 0 1 0 0 0 0]
[1728031030040956016160515074066193740110533401675753975429086191655526382827076162017021323703617802859088440058617314658876844700304609995340622120636706429180857441148116089429058062043681941410393879914381077827628118968026615071608478834 0 0 0 0 0 0 0 0 0 0 0 0 0 0 0 0 0 0 0 0 0 0 0 0 0 0 0 0 0 0 0 0 0 0 0 0 0 0 0 0 0 0 0 0 0 0 0 0 0 0 0 0 0 0 0 0 0 0 0 0 0 0 0 0 0 0 0 0 0 0 0 0 0 0 0 1 0 0 0]
[161959790671587442055274500226296725473472016983747500844236910299843702745080554640039264131413830105436606910993730746429812214070603406833592708867126550604095406181195231429774288397905658227258983450373484103439391631157831511381116711 0 0 0 0 0 0 0 0 0 0 0 0 0 0 0 0 0 0 0 0 0 0 0 0 0 0 0 0 0 0 0 0 0 0 0 0 0 0 0 0 0 0 0 0 0 0 0 0 0 0 0 0 0 0 0 0 0 0 0 0 0 0 0 0 0 0 0 0 0 0 0 0 0 0 0 0 1 0 0]
[3668899394674016510928346336204770581981773962127015924927687294493678715477879439029415770629148141815080903785173725332683086703420332834200079124368406168299622726689396177606501603225138183359569866669084496109212565554241876026085229691 0 0 0 0 0 0 0 0 0 0 0 0 0 0 0 0 0 0 0 0 0 0 0 0 0 0 0 0 0 0 0 0 0 0 0 0 0 0 0 0 0 0 0 0 0 0 0 0 0 0 0 0 0 0 0 0 0 0 0 0 0 0 0 0 0 0 0 0 0 0 0 0 0 0 0 0 0 1 0]
[5145832130593989969270503494111264239263706217332163211643452777473189073762382127799919718209271466005455055338133121631008007619318445546768287272470062278894368323371475391990425280254839406767740940702938045754568332725619878006346512508 0 0 0 0 0 0 0 0 0 0 0 0 0 0 0 0 0 0 0 0 0 0 0 0 0 0 0 0 0 0 0 0 0 0 0 0 0 0 0 0 0 0 0 0 0 0 0 0 0 0 0 0 0 0 0 0 0 0 0 0 0 0 0 0 0 0 0 0 0 0 0 0 0 0 0 0 0 0 1]
]
