[[3324465726136032179701019487933497294913869326458256363001260577843837677633560052177536586507187297832315964168817618722274768350022396865207180397168105023048298024047656123850283 0 0 0 0 0 0 0 0 0 0 0 0 0 0 0 0 0 0 0 0 0 0 0 0 0 0 0 0 0 0 0 0 0 0 0 0 0 0 0 0 0 0 0 0 0 0 0 0 0 0 0 0 0 0 0 0 0 0 0]
[3200763833174212548839613018926958976910073036619273824790248411938024979135683705395427409793586647621153585938854332091075446268947992761081748126610099575775161006858212828304699 1 0 0 0 0 0 0 0 0 0 0 0 0 0 0 0 0 0 0 0 0 0 0 0 0 0 0 0 0 0 0 0 0 0 0 0 0 0 0 0 0 0 0 0 0 0 0 0 0 0 0 0 0 0 0 0 0 0 0]
[2302793513914682343397423347189226190421888250798006506072749213986893723399224756554670192245671736777742409989233944504882255286164740478740345017034888090818563720114158569737095 0 1 0 0 0 0 0 0 0 0 0 0 0 0 0 0 0 0 0 0 0 0 0 0 0 0 0 0 0 0 0 0 0 0 0 0 0 0 0 0 0 0 0 0 0 0 0 0 0 0 0 0 0 0 0 0 0 0 0]
[3170861187819339075406189488064086868396154645787850224865577426422268196531483734759071364059773830458588570412214533773964659272440361828325391027059034375603625892997176445324329 0 0 1 0 0 0 0 0 0 0 0 0 0 0 0 0 0 0 0 0 0 0 0 0 0 0 0 0 0 0 0 0 0 0 0 0 0 0 0 0 0 0 0 0 0 0 0 0 0 0 0 0 0 0 0 0 0 0 0]
[2446219048364213816014054825234002270857898416055229776277490594641737339588075341209143510477420175042937084171506125619345697156710850968403982804776272237050359762601642709516340 0 0 0 1 0 0 0 0 0 0 0 0 0 0 0 0 0 0 0 0 0 0 0 0 0 0 0 0 0 0 0 0 0 0 0 0 0 0 0 0 0 0 0 0 0 0 0 0 0 0 0 0 0 0 0 0 0 0 0]
[343535691428544605177997089227679092761221326484807689316863061911083744557195592316632646075245750354106575784236734432046998394950047163957937898000328075835783010904553039084430 0 0 0 0 1 0 0 0 0 0 0 0 0 0 0 0 0 0 0 0 0 0 0 0 0 0 0 0 0 0 0 0 0 0 0 0 0 0 0 0 0 0 0 0 0 0 0 0 0 0 0 0 0 0 0 0 0 0 0]
[2556287873515880331361208688138466384224511827163373666031874244028729869099225989562743335836478035456379980673783494259501270966200806576893787358339515933618880438122400600050814 0 0 0 0 0 1 0 0 0 0 0 0 0 0 0 0 0 0 0 0 0 0 0 0 0 0 0 0 0 0 0 0 0 0 0 0 0 0 0 0 0 0 0 0 0 0 0 0 0 0 0 0 0 0 0 0 0 0 0]
[1425779492088609063748944107207563461516742970142850789680257559702267525807426018822033294327928235612201902506028002727024723233468449528738932174248176025007243430184856852520188 0 0 0 0 0 0 1 0 0 0 0 0 0 0 0 0 0 0 0 0 0 0 0 0 0 0 0 0 0 0 0 0 0 0 0 0 0 0 0 0 0 0 0 0 0 0 0 0 0 0 0 0 0 0 0 0 0 0 0]
[1360038660504240900187192923203325520235721124458648928089185484168086380563348588125246923708504698399491426682622459744586134849925855427878406644279038507809954179910787621170634 0 0 0 0 0 0 0 1 0 0 0 0 0 0 0 0 0 0 0 0 0 0 0 0 0 0 0 0 0 0 0 0 0 0 0 0 0 0 0 0 0 0 0 0 0 0 0 0 0 0 0 0 0 0 0 0 0 0 0]
[2596163265434496045853764594399175499505199028990662796523391371204256329658785695277931485864689507542994943918071815528087463042728253443987023588791284945862677464088486514420904 0 0 0 0 0 0 0 0 1 0 0 0 0 0 0 0 0 0 0 0 0 0 0 0 0 0 0 0 0 0 0 0 0 0 0 0 0 0 0 0 0 0 0 0 0 0 0 0 0 0 0 0 0 0 0 0 0 0 0]
[1554646887644714202569250499528688049856624614335651614255743410569432420061181227901768908442915733490477902691730520794427222033127471582149286350795743695161667768051263822558536 0 0 0 0 0 0 0 0 0 1 0 0 0 0 0 0 0 0 0 0 0 0 0 0 0 0 0 0 0 0 0 0 0 0 0 0 0 0 0 0 0 0 0 0 0 0 0 0 0 0 0 0 0 0 0 0 0 0 0]
[1338007188768741595996970392016368004259974028666193673705081701811411052559344770718127973610663891355038972297528023340791780454626070408722498486973843770242979741084662519102379 0 0 0 0 0 0 0 0 0 0 1 0 0 0 0 0 0 0 0 0 0 0 0 0 0 0 0 0 0 0 0 0 0 0 0 0 0 0 0 0 0 0 0 0 0 0 0 0 0 0 0 0 0 0 0 0 0 0 0]
[581733949621246433474775617751375594274212478809967797432099397918180400715443905503629598841754739769210670878643777908331420423261335517315828969750984513170392012253834267938255 0 0 0 0 0 0 0 0 0 0 0 1 0 0 0 0 0 0 0 0 0 0 0 0 0 0 0 0 0 0 0 0 0 0 0 0 0 0 0 0 0 0 0 0 0 0 0 0 0 0 0 0 0 0 0 0 0 0 0]
[1490436021589947991230162001857862859291395500454193380398045757444468061052520282271416046251997722505567801366756135353499196516550885865934297347764397695353949366473383972444202 0 0 0 0 0 0 0 0 0 0 0 0 1 0 0 0 0 0 0 0 0 0 0 0 0 0 0 0 0 0 0 0 0 0 0 0 0 0 0 0 0 0 0 0 0 0 0 0 0 0 0 0 0 0 0 0 0 0 0]
[1129304339454971248613117586942795082254565779169132455046457904975227959623093198503134941197130050817770051811986253150242691067771640601239855953355014257996136864352988065092739 0 0 0 0 0 0 0 0 0 0 0 0 0 1 0 0 0 0 0 0 0 0 0 0 0 0 0 0 0 0 0 0 0 0 0 0 0 0 0 0 0 0 0 0 0 0 0 0 0 0 0 0 0 0 0 0 0 0 0]
[2403168447082221305442875339067793962750502077402767787178610586299892867905355078369688863382844872059623901786894420186358181982767770563153823803288277022798538567573926298442590 0 0 0 0 0 0 0 0 0 0 0 0 0 0 1 0 0 0 0 0 0 0 0 0 0 0 0 0 0 0 0 0 0 0 0 0 0 0 0 0 0 0 0 0 0 0 0 0 0 0 0 0 0 0 0 0 0 0 0]
[160922545197757158535196743955656842223153084812472403639559475000962235494796774470432225176018563498291043155155579123113982417661113365153295923190898932398261075849206303559793 0 0 0 0 0 0 0 0 0 0 0 0 0 0 0 1 0 0 0 0 0 0 0 0 0 0 0 0 0 0 0 0 0 0 0 0 0 0 0 0 0 0 0 0 0 0 0 0 0 0 0 0 0 0 0 0 0 0 0]
[2184548983145582516089349082268157108510000706758539205551457319624014008679118759971553038216104356769610928415875916593510850908684750204179679699215612079405816040534106004623397 0 0 0 0 0 0 0 0 0 0 0 0 0 0 0 0 1 0 0 0 0 0 0 0 0 0 0 0 0 0 0 0 0 0 0 0 0 0 0 0 0 0 0 0 0 0 0 0 0 0 0 0 0 0 0 0 0 0 0]
[858584802779143282875733380656589603546830179696604962723894351095031053197110883775174312180914768723446416059278077092754129689929944855266245015225620565967051181766724028663236 0 0 0 0 0 0 0 0 0 0 0 0 0 0 0 0 0 1 0 0 0 0 0 0 0 0 0 0 0 0 0 0 0 0 0 0 0 0 0 0 0 0 0 0 0 0 0 0 0 0 0 0 0 0 0 0 0 0 0]
[3082042270265250025546676214609194611508409834536872911513835650910049517337566852077657725443481076654069028280433295166169811528478235058820182660314113672831845341701624449971332 0 0 0 0 0 0 0 0 0 0 0 0 0 0 0 0 0 0 1 0 0 0 0 0 0 0 0 0 0 0 0 0 0 0 0 0 0 0 0 0 0 0 0 0 0 0 0 0 0 0 0 0 0 0 0 0 0 0 0]
[237769163335527499582924739995158804946885457455200067026017812358452440788982428353968463445506914353653800090876548922249278246936261812603331085047596171998069689208180456884583 0 0 0 0 0 0 0 0 0 0 0 0 0 0 0 0 0 0 0 1 0 0 0 0 0 0 0 0 0 0 0 0 0 0 0 0 0 0 0 0 0 0 0 0 0 0 0 0 0 0 0 0 0 0 0 0 0 0 0]
[2967781850477212884596741586551970642997446495844293293741197536943696348616918728738396100072968256239756146390629460205268716608080387867355416079557029707537922554011297334381453 0 0 0 0 0 0 0 0 0 0 0 0 0 0 0 0 0 0 0 0 1 0 0 0 0 0 0 0 0 0 0 0 0 0 0 0 0 0 0 0 0 0 0 0 0 0 0 0 0 0 0 0 0 0 0 0 0 0 0]
[804035392979534111034298699543044765091962771902017832980765898049918564926602307220719241922871159763820004890365819073087342962469947324592164907733078409684498281837886064908303 0 0 0 0 0 0 0 0 0 0 0 0 0 0 0 0 0 0 0 0 0 1 0 0 0 0 0 0 0 0 0 0 0 0 0 0 0 0 0 0 0 0 0 0 0 0 0 0 0 0 0 0 0 0 0 0 0 0 0]
[3023291257378356166599584706896685145034557721425272651795675328886182293749405915123727528626492741275240717774429714356130036546390492214200486144233162226276806892743860027113597 0 0 0 0 0 0 0 0 0 0 0 0 0 0 0 0 0 0 0 0 0 0 1 0 0 0 0 0 0 0 0 0 0 0 0 0 0 0 0 0 0 0 0 0 0 0 0 0 0 0 0 0 0 0 0 0 0 0 0]
[1271293235530846014745410994436870919255669566927353323745764344410646580794932784264983066427274277750786844991530316032280833149055846583017024238249437566654593747354482751734632 0 0 0 0 0 0 0 0 0 0 0 0 0 0 0 0 0 0 0 0 0 0 0 1 0 0 0 0 0 0 0 0 0 0 0 0 0 0 0 0 0 0 0 0 0 0 0 0 0 0 0 0 0 0 0 0 0 0 0]
[1067833206840104883205358425305350302333340748415796580020955629172073794100514172397869556287353723018049423668725360400253705951259399931358013485519168306915311299581498298228658 0 0 0 0 0 0 0 0 0 0 0 0 0 0 0 0 0 0 0 0 0 0 0 0 1 0 0 0 0 0 0 0 0 0 0 0 0 0 0 0 0 0 0 0 0 0 0 0 0 0 0 0 0 0 0 0 0 0 0]
[1077402265586238935038542144041710860453754661454410589585052409825645576149224389781776622857859590686897666428739256674901498715686261434976230712080792103532260929070225754360771 0 0 0 0 0 0 0 0 0 0 0 0 0 0 0 0 0 0 0 0 0 0 0 0 0 1 0 0 0 0 0 0 0 0 0 0 0 0 0 0 0 0 0 0 0 0 0 0 0 0 0 0 0 0 0 0 0 0 0]
[1642598242346894853305889686997186090923037759720654670863472461062522719999154667114356944829699220759284920037941244685758006909455061003556577655308514092520875109212188488735049 0 0 0 0 0 0 0 0 0 0 0 0 0 0 0 0 0 0 0 0 0 0 0 0 0 0 1 0 0 0 0 0 0 0 0 0 0 0 0 0 0 0 0 0 0 0 0 0 0 0 0 0 0 0 0 0 0 0 0]
[1710925971751484323125926696387176518887745758581310140828113786288775256840825580149709563027223878583270464673008965668897840272507645828191343127552840269076935206077880682628189 0 0 0 0 0 0 0 0 0 0 0 0 0 0 0 0 0 0 0 0 0 0 0 0 0 0 0 1 0 0 0 0 0 0 0 0 0 0 0 0 0 0 0 0 0 0 0 0 0 0 0 0 0 0 0 0 0 0 0]
[80746084246221742533669429578907926534271477086269886789570678780195402761969826127338589954079280396487385038837373896646281531905356990097442046803967549591582158346219693626789 0 0 0 0 0 0 0 0 0 0 0 0 0 0 0 0 0 0 0 0 0 0 0 0 0 0 0 0 1 0 0 0 0 0 0 0 0 0 0 0 0 0 0 0 0 0 0 0 0 0 0 0 0 0 0 0 0 0 0]
[3226324769394172999761664865595975677143478349170300499543720802031622983066218224962079320720648600462940983724740692964051812574223385185775735201733972492884487658363611774650990 0 0 0 0 0 0 0 0 0 0 0 0 0 0 0 0 0 0 0 0 0 0 0 0 0 0 0 0 0 1 0 0 0 0 0 0 0 0 0 0 0 0 0 0 0 0 0 0 0 0 0 0 0 0 0 0 0 0 0]
[3314375259085329035036992736025326660051292817144306218937487122071776982333915936455138405378608518977972258215545526414333005869713797901108043757347000949549635528777822295949568 0 0 0 0 0 0 0 0 0 0 0 0 0 0 0 0 0 0 0 0 0 0 0 0 0 0 0 0 0 0 1 0 0 0 0 0 0 0 0 0 0 0 0 0 0 0 0 0 0 0 0 0 0 0 0 0 0 0 0]
[379730050972183979024998198066452203645531235936455638852205636892286644102246077520540579539442110235753064454750179174875965513999304224258113387425635572668503062592115128361933 0 0 0 0 0 0 0 0 0 0 0 0 0 0 0 0 0 0 0 0 0 0 0 0 0 0 0 0 0 0 0 1 0 0 0 0 0 0 0 0 0 0 0 0 0 0 0 0 0 0 0 0 0 0 0 0 0 0 0]
[762937894603075758801445485182396969142592331934766192350526281962520225412230270966996689180315602291909544459300709632338741986599718914565771554807253243331201892609329692254899 0 0 0 0 0 0 0 0 0 0 0 0 0 0 0 0 0 0 0 0 0 0 0 0 0 0 0 0 0 0 0 0 1 0 0 0 0 0 0 0 0 0 0 0 0 0 0 0 0 0 0 0 0 0 0 0 0 0 0]
[262442922726165739818229690095971218635201830458546592686364929355604517789153867690424961810321862066984496288076413563847992484691569340078714243090223011942195267368336419688098 0 0 0 0 0 0 0 0 0 0 0 0 0 0 0 0 0 0 0 0 0 0 0 0 0 0 0 0 0 0 0 0 0 1 0 0 0 0 0 0 0 0 0 0 0 0 0 0 0 0 0 0 0 0 0 0 0 0 0]
[2126221806174747064238984821090076334113999418794944659020195368018166561922684100523405709804874131807957550482344721852000935155012482795528477454514324456273413966933450437979877 0 0 0 0 0 0 0 0 0 0 0 0 0 0 0 0 0 0 0 0 0 0 0 0 0 0 0 0 0 0 0 0 0 0 1 0 0 0 0 0 0 0 0 0 0 0 0 0 0 0 0 0 0 0 0 0 0 0 0]
[1848558792917205097004816063115518592419325442552233738335630559437151841979729674538034737972647317781037468145425012981860102938736288304827221294786612125230570356509485742486436 0 0 0 0 0 0 0 0 0 0 0 0 0 0 0 0 0 0 0 0 0 0 0 0 0 0 0 0 0 0 0 0 0 0 0 1 0 0 0 0 0 0 0 0 0 0 0 0 0 0 0 0 0 0 0 0 0 0 0]
[3264129371273761916820607907663173658174604160388286427893096306798220339885587933480069485941820966819457201924886669269183963963488760774058052088381658659920014228471243453057777 0 0 0 0 0 0 0 0 0 0 0 0 0 0 0 0 0 0 0 0 0 0 0 0 0 0 0 0 0 0 0 0 0 0 0 0 1 0 0 0 0 0 0 0 0 0 0 0 0 0 0 0 0 0 0 0 0 0 0]
[177113877831443231138426336579581248182970803298497800476533869922019120043849244193120755912990431135514608077943126663479553161687436784484488498083234159179946694943569053025465 0 0 0 0 0 0 0 0 0 0 0 0 0 0 0 0 0 0 0 0 0 0 0 0 0 0 0 0 0 0 0 0 0 0 0 0 0 1 0 0 0 0 0 0 0 0 0 0 0 0 0 0 0 0 0 0 0 0 0]
[22686856941358491444069553257661666572484024676815631164054765674103640960096800874789163159725894708860579557213855701182118155611715642310046218971369599435061234563123679091161 0 0 0 0 0 0 0 0 0 0 0 0 0 0 0 0 0 0 0 0 0 0 0 0 0 0 0 0 0 0 0 0 0 0 0 0 0 0 1 0 0 0 0 0 0 0 0 0 0 0 0 0 0 0 0 0 0 0 0]
[2414910676765551911726299688903821475669324011543488701604515518012061600835034480773424580607197935671562478444820847036633415717673855108139777382780784181231950169519631466421764 0 0 0 0 0 0 0 0 0 0 0 0 0 0 0 0 0 0 0 0 0 0 0 0 0 0 0 0 0 0 0 0 0 0 0 0 0 0 0 1 0 0 0 0 0 0 0 0 0 0 0 0 0 0 0 0 0 0 0]
[3277013179561414743014651783300729178381664173422930027810632560191379908714095517113236517034916640330618345668458183243005111056914371142474828958117550004499594827601157373209328 0 0 0 0 0 0 0 0 0 0 0 0 0 0 0 0 0 0 0 0 0 0 0 0 0 0 0 0 0 0 0 0 0 0 0 0 0 0 0 0 1 0 0 0 0 0 0 0 0 0 0 0 0 0 0 0 0 0 0]
[1849588714218260138424256936141168664836654320137484791301864312824180881865639221610035858086499237038047709355829994675498936441696831794862493382623771112330342986972581475504027 0 0 0 0 0 0 0 0 0 0 0 0 0 0 0 0 0 0 0 0 0 0 0 0 0 0 0 0 0 0 0 0 0 0 0 0 0 0 0 0 0 1 0 0 0 0 0 0 0 0 0 0 0 0 0 0 0 0 0]
[2912475279489532400616886518179133252743353736609187106819117480861265026691789010207120082171081001432484826299199071733951819340067070965604519041905346992822960558580031795529022 0 0 0 0 0 0 0 0 0 0 0 0 0 0 0 0 0 0 0 0 0 0 0 0 0 0 0 0 0 0 0 0 0 0 0 0 0 0 0 0 0 0 1 0 0 0 0 0 0 0 0 0 0 0 0 0 0 0 0]
[1268863326014798584246190271627986791829544951528908181737646253838856141870915786180572516834537366233917599250599779736578187966798665223441427602167077011972875066022429316006175 0 0 0 0 0 0 0 0 0 0 0 0 0 0 0 0 0 0 0 0 0 0 0 0 0 0 0 0 0 0 0 0 0 0 0 0 0 0 0 0 0 0 0 1 0 0 0 0 0 0 0 0 0 0 0 0 0 0 0]
[3007559401867811433897154181070210902932004875650711243066065571297541881826201044383268716598423994840935356078422602622381044948131295264178924456510411186323120381800825318599451 0 0 0 0 0 0 0 0 0 0 0 0 0 0 0 0 0 0 0 0 0 0 0 0 0 0 0 0 0 0 0 0 0 0 0 0 0 0 0 0 0 0 0 0 1 0 0 0 0 0 0 0 0 0 0 0 0 0 0]
[2227189577718431277301166704292770822156288390107684050004563730476278165791412742105494723432169219869009657784011389661748544039280395870657554193053985771382935780182365245947160 0 0 0 0 0 0 0 0 0 0 0 0 0 0 0 0 0 0 0 0 0 0 0 0 0 0 0 0 0 0 0 0 0 0 0 0 0 0 0 0 0 0 0 0 0 1 0 0 0 0 0 0 0 0 0 0 0 0 0]
[1523645755708373557734579608960573018783876171183335136643302402395516551906928939984803894099677056528325099786789699197348751188741001581144238858542497410048394026094093494769964 0 0 0 0 0 0 0 0 0 0 0 0 0 0 0 0 0 0 0 0 0 0 0 0 0 0 0 0 0 0 0 0 0 0 0 0 0 0 0 0 0 0 0 0 0 0 1 0 0 0 0 0 0 0 0 0 0 0 0]
[2834528479657821858530341518389167963852553778862686610398267823178453385588990624187340950639817981825111096728290067183082061089316475508519114891509218915663044242410318649758555 0 0 0 0 0 0 0 0 0 0 0 0 0 0 0 0 0 0 0 0 0 0 0 0 0 0 0 0 0 0 0 0 0 0 0 0 0 0 0 0 0 0 0 0 0 0 0 1 0 0 0 0 0 0 0 0 0 0 0]
[2817729902549300901419518077156466415824037540391800244745415546486415381042525363438444646696662164678554978050133609902058473878017201594187142574414736602162433681232255912217334 0 0 0 0 0 0 0 0 0 0 0 0 0 0 0 0 0 0 0 0 0 0 0 0 0 0 0 0 0 0 0 0 0 0 0 0 0 0 0 0 0 0 0 0 0 0 0 0 1 0 0 0 0 0 0 0 0 0 0]
[2944411592009157031924289318419247795549786800277709128697479320010170071658918540569156476802450059235872515548396155515709654297838861258711632092427356106940709485370550098345342 0 0 0 0 0 0 0 0 0 0 0 0 0 0 0 0 0 0 0 0 0 0 0 0 0 0 0 0 0 0 0 0 0 0 0 0 0 0 0 0 0 0 0 0 0 0 0 0 0 1 0 0 0 0 0 0 0 0 0]
[1327164837723977329910661362540727825507977314045321497403389889530457485835646677073122677483605723529697246488772278895128337805736806739350505773110155059372150866845716707292903 0 0 0 0 0 0 0 0 0 0 0 0 0 0 0 0 0 0 0 0 0 0 0 0 0 0 0 0 0 0 0 0 0 0 0 0 0 0 0 0 0 0 0 0 0 0 0 0 0 0 1 0 0 0 0 0 0 0 0]
[689997978658160407091760802303212816604707983859033264380491444853453283392266971770332929758558568888582134910009146488294566933608271075347747506420047359379455301934359076789066 0 0 0 0 0 0 0 0 0 0 0 0 0 0 0 0 0 0 0 0 0 0 0 0 0 0 0 0 0 0 0 0 0 0 0 0 0 0 0 0 0 0 0 0 0 0 0 0 0 0 0 1 0 0 0 0 0 0 0]
[339451233955222416148680687539977722201226138776220777850559460222177494110359163854841220630678777036419493181738269396790578774379990254822369320099302993920944498447916371823585 0 0 0 0 0 0 0 0 0 0 0 0 0 0 0 0 0 0 0 0 0 0 0 0 0 0 0 0 0 0 0 0 0 0 0 0 0 0 0 0 0 0 0 0 0 0 0 0 0 0 0 0 1 0 0 0 0 0 0]
[539553624886859537456574871672221414747708371159372795065133414910495951657803438837065985434009680183671646629871806179204928548960728735372652564753828844135137115097525090283435 0 0 0 0 0 0 0 0 0 0 0 0 0 0 0 0 0 0 0 0 0 0 0 0 0 0 0 0 0 0 0 0 0 0 0 0 0 0 0 0 0 0 0 0 0 0 0 0 0 0 0 0 0 1 0 0 0 0 0]
[420075107315871595469379822040129688689310518010765604218403554605002156760370168759775200175434568658367509504605184492092748022691770013860895472131513336267786093006905044964496 0 0 0 0 0 0 0 0 0 0 0 0 0 0 0 0 0 0 0 0 0 0 0 0 0 0 0 0 0 0 0 0 0 0 0 0 0 0 0 0 0 0 0 0 0 0 0 0 0 0 0 0 0 0 1 0 0 0 0]
[592894057311536102938675399723220185528998727909322647144760075409386481823804886429521929398258497216974267526829211949162134977846549856865371371883910906525040824456470565250613 0 0 0 0 0 0 0 0 0 0 0 0 0 0 0 0 0 0 0 0 0 0 0 0 0 0 0 0 0 0 0 0 0 0 0 0 0 0 0 0 0 0 0 0 0 0 0 0 0 0 0 0 0 0 0 1 0 0 0]
[2343714152611726412049387951353764091207057025867080438373854606305635354611052188540929892890109726692638269127334166308448658759572220037077254330355337604566729351614569973050021 0 0 0 0 0 0 0 0 0 0 0 0 0 0 0 0 0 0 0 0 0 0 0 0 0 0 0 0 0 0 0 0 0 0 0 0 0 0 0 0 0 0 0 0 0 0 0 0 0 0 0 0 0 0 0 0 1 0 0]
[3136260257682610031316241317041089057630596803179337287769874362301457103739870458417422684627705021440351573736653867334398936271977479178318656954347306882101731415750326221208369 0 0 0 0 0 0 0 0 0 0 0 0 0 0 0 0 0 0 0 0 0 0 0 0 0 0 0 0 0 0 0 0 0 0 0 0 0 0 0 0 0 0 0 0 0 0 0 0 0 0 0 0 0 0 0 0 0 1 0]
[2201476713794580971920821789040759649773761441626452541599812703007315655565793520543438908967268909641496583922408666325103715343424543746564617217605706887297076616935372580021344 0 0 0 0 0 0 0 0 0 0 0 0 0 0 0 0 0 0 0 0 0 0 0 0 0 0 0 0 0 0 0 0 0 0 0 0 0 0 0 0 0 0 0 0 0 0 0 0 0 0 0 0 0 0 0 0 0 0 1]
]
