[[2358558302602652281331760879612964333810688034068963062630366062320846817619280933138946009074871852360451946218599150424642891564856685547862680239799444906322489970187374097150753 0 0 0 0 0 0 0 0 0 0 0 0 0 0 0 0 0 0 0 0 0 0 0 0 0 0 0 0 0 0 0 0 0 0 0 0 0 0 0 0 0 0 0 0 0 0 0 0 0 0 0 0 0 0 0 0 0 0 0]
[1263204994135694887539755523400131051516298702586826974310206175496812585594762832521423270317176974645308982514359727637936012628568871703990633275009315141423272890357100588298309 1 0 0 0 0 0 0 0 0 0 0 0 0 0 0 0 0 0 0 0 0 0 0 0 0 0 0 0 0 0 0 0 0 0 0 0 0 0 0 0 0 0 0 0 0 0 0 0 0 0 0 0 0 0 0 0 0 0 0]
[778322435348630681307811012803820911809356885769058540904155290091308361053981523525998300969064635103084754925165500160045334672132586234826664139942579493761443680704440036758935 0 1 0 0 0 0 0 0 0 0 0 0 0 0 0 0 0 0 0 0 0 0 0 0 0 0 0 0 0 0 0 0 0 0 0 0 0 0 0 0 0 0 0 0 0 0 0 0 0 0 0 0 0 0 0 0 0 0 0]
[725052628964135100224631584816589149583925114407801903289758708496471317887458830526439057139307029308235781981594684640000838425966283129753107858857898111508156045998812680842204 0 0 1 0 0 0 0 0 0 0 0 0 0 0 0 0 0 0 0 0 0 0 0 0 0 0 0 0 0 0 0 0 0 0 0 0 0 0 0 0 0 0 0 0 0 0 0 0 0 0 0 0 0 0 0 0 0 0 0]
[354614856954590907465945257619612494387639787765104667963252654867262791059455605997820684961925934617184398032418818063881286589483817220224736490067227849488996720642715716461854 0 0 0 1 0 0 0 0 0 0 0 0 0 0 0 0 0 0 0 0 0 0 0 0 0 0 0 0 0 0 0 0 0 0 0 0 0 0 0 0 0 0 0 0 0 0 0 0 0 0 0 0 0 0 0 0 0 0 0]
[738704365142911370665828394499778666574864635447006882700404497652061293131423608392749106250190716884005809338807694029929812249794883794794388055562805185023502899087517700344023 0 0 0 0 1 0 0 0 0 0 0 0 0 0 0 0 0 0 0 0 0 0 0 0 0 0 0 0 0 0 0 0 0 0 0 0 0 0 0 0 0 0 0 0 0 0 0 0 0 0 0 0 0 0 0 0 0 0 0]
[1820655979514604264406532974663098564948141327228350795582077125065020544949354015420560371672344668804698004704939724397338800358087499283735436498368146574763858628075510094506225 0 0 0 0 0 1 0 0 0 0 0 0 0 0 0 0 0 0 0 0 0 0 0 0 0 0 0 0 0 0 0 0 0 0 0 0 0 0 0 0 0 0 0 0 0 0 0 0 0 0 0 0 0 0 0 0 0 0 0]
[2282540969080648468885117149933299371991453818006396345478724867226864820937437097084809398054632615299064310508513120247172082647998889893610891399829398982390169738064828331670250 0 0 0 0 0 0 1 0 0 0 0 0 0 0 0 0 0 0 0 0 0 0 0 0 0 0 0 0 0 0 0 0 0 0 0 0 0 0 0 0 0 0 0 0 0 0 0 0 0 0 0 0 0 0 0 0 0 0 0]
[1714063300853565209581998972840210078609406753386441095089406139035261511390562659406820415062042463908564114508294434535626080897787172145380582216756285700215439174110371926740285 0 0 0 0 0 0 0 1 0 0 0 0 0 0 0 0 0 0 0 0 0 0 0 0 0 0 0 0 0 0 0 0 0 0 0 0 0 0 0 0 0 0 0 0 0 0 0 0 0 0 0 0 0 0 0 0 0 0 0]
[233288244303341039593943073401943641462747298609871805501883599857826508568088421740724560214282010068004889155782852420970451199881488137588749104517429985477996944403077249997882 0 0 0 0 0 0 0 0 1 0 0 0 0 0 0 0 0 0 0 0 0 0 0 0 0 0 0 0 0 0 0 0 0 0 0 0 0 0 0 0 0 0 0 0 0 0 0 0 0 0 0 0 0 0 0 0 0 0 0]
[956749704911197258126331041465479264078058129265792337164624261527948357701341072786458725411081060421167017959001537158521823746598521742584998225968465177596774781711156264827206 0 0 0 0 0 0 0 0 0 1 0 0 0 0 0 0 0 0 0 0 0 0 0 0 0 0 0 0 0 0 0 0 0 0 0 0 0 0 0 0 0 0 0 0 0 0 0 0 0 0 0 0 0 0 0 0 0 0 0]
[555096769313580552624039820170513602120578896476910482893016086011683058181971268250079680104657232625454312978911801256679207965016656763246367350577539487288938848699865654230853 0 0 0 0 0 0 0 0 0 0 1 0 0 0 0 0 0 0 0 0 0 0 0 0 0 0 0 0 0 0 0 0 0 0 0 0 0 0 0 0 0 0 0 0 0 0 0 0 0 0 0 0 0 0 0 0 0 0 0]
[1161975630646635173951658633086189602967934494211018743456963418764701858814334590080362633470523413540166206167359389682980341608779980146935141388469380760462034937281509444320019 0 0 0 0 0 0 0 0 0 0 0 1 0 0 0 0 0 0 0 0 0 0 0 0 0 0 0 0 0 0 0 0 0 0 0 0 0 0 0 0 0 0 0 0 0 0 0 0 0 0 0 0 0 0 0 0 0 0 0]
[1652264199620240774590432813315388894985561239146485029062393929936626557988443760002528654543495663197690947188582780365090636510888531347304587712474607202263347810584073707469599 0 0 0 0 0 0 0 0 0 0 0 0 1 0 0 0 0 0 0 0 0 0 0 0 0 0 0 0 0 0 0 0 0 0 0 0 0 0 0 0 0 0 0 0 0 0 0 0 0 0 0 0 0 0 0 0 0 0 0]
[2306332514530301420871188369355103458076206380518628768935230888872636651810603113134232929710914394387539493184288689169755451050637228357295610352542464771716233103845331402083020 0 0 0 0 0 0 0 0 0 0 0 0 0 1 0 0 0 0 0 0 0 0 0 0 0 0 0 0 0 0 0 0 0 0 0 0 0 0 0 0 0 0 0 0 0 0 0 0 0 0 0 0 0 0 0 0 0 0 0]
[448399085883512104640673921876143656947029519222626233110215834868553125688036476588434485202196481115390364229874903948993222488249133471125391945801219319909655584461000835572004 0 0 0 0 0 0 0 0 0 0 0 0 0 0 1 0 0 0 0 0 0 0 0 0 0 0 0 0 0 0 0 0 0 0 0 0 0 0 0 0 0 0 0 0 0 0 0 0 0 0 0 0 0 0 0 0 0 0 0]
[2172649009716820447876081019165518566354996847777148897806065438124256536958675648420358011206660202221005904929505498684302830707772517375965122776025316367762938450247996597391086 0 0 0 0 0 0 0 0 0 0 0 0 0 0 0 1 0 0 0 0 0 0 0 0 0 0 0 0 0 0 0 0 0 0 0 0 0 0 0 0 0 0 0 0 0 0 0 0 0 0 0 0 0 0 0 0 0 0 0]
[1102649902345459685229528182558316928320061724067212609859628535120680154098377844731525977448897374282360610577363076393155198514535949057336802260940760930311190760424419213825682 0 0 0 0 0 0 0 0 0 0 0 0 0 0 0 0 1 0 0 0 0 0 0 0 0 0 0 0 0 0 0 0 0 0 0 0 0 0 0 0 0 0 0 0 0 0 0 0 0 0 0 0 0 0 0 0 0 0 0]
[2006020350637532617177209995748323194462667892683122447710869380384019080564356740856594592793853762088728692121626425465785558468383430368217907254924892306788891832112107477829557 0 0 0 0 0 0 0 0 0 0 0 0 0 0 0 0 0 1 0 0 0 0 0 0 0 0 0 0 0 0 0 0 0 0 0 0 0 0 0 0 0 0 0 0 0 0 0 0 0 0 0 0 0 0 0 0 0 0 0]
[422323409947449997301552704668396405260622123832918347872288192845166022096364789370774950288155480649680694494795737531522804100767440637216362232432385748865129127392117537432093 0 0 0 0 0 0 0 0 0 0 0 0 0 0 0 0 0 0 1 0 0 0 0 0 0 0 0 0 0 0 0 0 0 0 0 0 0 0 0 0 0 0 0 0 0 0 0 0 0 0 0 0 0 0 0 0 0 0 0]
[580779367117871793729008509768727185463584626039340944669405084581952116218850419406974964576047169699606755071595792715182821286123260659546883974221114236338623235868929257863705 0 0 0 0 0 0 0 0 0 0 0 0 0 0 0 0 0 0 0 1 0 0 0 0 0 0 0 0 0 0 0 0 0 0 0 0 0 0 0 0 0 0 0 0 0 0 0 0 0 0 0 0 0 0 0 0 0 0 0]
[1498602447231812665016682691013112236216829611289932054389920881658949813008870948034709734744794933123983309861841174993608866592503417368391106836564428751172610741047733519876252 0 0 0 0 0 0 0 0 0 0 0 0 0 0 0 0 0 0 0 0 1 0 0 0 0 0 0 0 0 0 0 0 0 0 0 0 0 0 0 0 0 0 0 0 0 0 0 0 0 0 0 0 0 0 0 0 0 0 0]
[1050227943024365216678836234693705784206487247316168150790479357147380502506799634746348008888815049638581166530539702134080298537893119291103287332882581705020268440676325824130241 0 0 0 0 0 0 0 0 0 0 0 0 0 0 0 0 0 0 0 0 0 1 0 0 0 0 0 0 0 0 0 0 0 0 0 0 0 0 0 0 0 0 0 0 0 0 0 0 0 0 0 0 0 0 0 0 0 0 0]
[160750545421986211167446817669883325680986334830132947357773830224545653886096739301422106932455240327391819652805580190522683296028315800125248157611434116640421481202624085588311 0 0 0 0 0 0 0 0 0 0 0 0 0 0 0 0 0 0 0 0 0 0 1 0 0 0 0 0 0 0 0 0 0 0 0 0 0 0 0 0 0 0 0 0 0 0 0 0 0 0 0 0 0 0 0 0 0 0 0]
[1249433413341022603936736305801748766229480500951391086376141841405000250766722826783921727305697174793635975899807973254643897067226366201146322013589574515762676867173120787833904 0 0 0 0 0 0 0 0 0 0 0 0 0 0 0 0 0 0 0 0 0 0 0 1 0 0 0 0 0 0 0 0 0 0 0 0 0 0 0 0 0 0 0 0 0 0 0 0 0 0 0 0 0 0 0 0 0 0 0]
[541224234208214771233351755371906695576442917257964114807941799614507050811275362507532291539178547767136286330185641898365733851602436308307092163693231273931362323515402587910402 0 0 0 0 0 0 0 0 0 0 0 0 0 0 0 0 0 0 0 0 0 0 0 0 1 0 0 0 0 0 0 0 0 0 0 0 0 0 0 0 0 0 0 0 0 0 0 0 0 0 0 0 0 0 0 0 0 0 0]
[1233076601865118092318578660955018448786495588512959603178845811135403504452969279149916716513557557939757300426620940448203603856771844620555497314290737123672370564370856007826978 0 0 0 0 0 0 0 0 0 0 0 0 0 0 0 0 0 0 0 0 0 0 0 0 0 1 0 0 0 0 0 0 0 0 0 0 0 0 0 0 0 0 0 0 0 0 0 0 0 0 0 0 0 0 0 0 0 0 0]
[396095001268064388311982753531595198963955295766525030307903364596472231326002496560024470444971673910910364852635289025686279176321591036143927011551160373688541631932413332222328 0 0 0 0 0 0 0 0 0 0 0 0 0 0 0 0 0 0 0 0 0 0 0 0 0 0 1 0 0 0 0 0 0 0 0 0 0 0 0 0 0 0 0 0 0 0 0 0 0 0 0 0 0 0 0 0 0 0 0]
[765053170692170048307067109053040058250426136438219908151077110913360617521238778219636215511134835307607446476380889347026053534296220065792782639834325313984797004598081387878420 0 0 0 0 0 0 0 0 0 0 0 0 0 0 0 0 0 0 0 0 0 0 0 0 0 0 0 1 0 0 0 0 0 0 0 0 0 0 0 0 0 0 0 0 0 0 0 0 0 0 0 0 0 0 0 0 0 0 0]
[1363744681439288812655428239616452968131028214185814650728406651995524153570636883100154145136710037223344018052972152265838694889740866219501698056057686039051917426670789712569642 0 0 0 0 0 0 0 0 0 0 0 0 0 0 0 0 0 0 0 0 0 0 0 0 0 0 0 0 1 0 0 0 0 0 0 0 0 0 0 0 0 0 0 0 0 0 0 0 0 0 0 0 0 0 0 0 0 0 0]
[1708710563293124608815662545104178670992989458533100338254599277327676445868208278261850157312762096734524770341067011426703538372433270880721110947800384971137512366982665215023471 0 0 0 0 0 0 0 0 0 0 0 0 0 0 0 0 0 0 0 0 0 0 0 0 0 0 0 0 0 1 0 0 0 0 0 0 0 0 0 0 0 0 0 0 0 0 0 0 0 0 0 0 0 0 0 0 0 0 0]
[2237137539054728531419691243510052352845734194405355832745242357701254204515125587153155907296409187253262165277455876213765877433112107653195129431483835268046248148184012798259831 0 0 0 0 0 0 0 0 0 0 0 0 0 0 0 0 0 0 0 0 0 0 0 0 0 0 0 0 0 0 1 0 0 0 0 0 0 0 0 0 0 0 0 0 0 0 0 0 0 0 0 0 0 0 0 0 0 0 0]
[437274834166545721530336512314466447571118256269652981858049089335831547292834925215994796636652144844648541115510801500890133510181859244235313801675005010609068268500192463426901 0 0 0 0 0 0 0 0 0 0 0 0 0 0 0 0 0 0 0 0 0 0 0 0 0 0 0 0 0 0 0 1 0 0 0 0 0 0 0 0 0 0 0 0 0 0 0 0 0 0 0 0 0 0 0 0 0 0 0]
[369352118206954084237069935720901255423468068250551912214368104472342232823734938211901988469167219691626213014132957350735418991830182084288146177724027249102875291778183746020276 0 0 0 0 0 0 0 0 0 0 0 0 0 0 0 0 0 0 0 0 0 0 0 0 0 0 0 0 0 0 0 0 1 0 0 0 0 0 0 0 0 0 0 0 0 0 0 0 0 0 0 0 0 0 0 0 0 0 0]
[2188541320907249474407089509211485785508014602850829746573866805648737368327818588357080671229028995485622453179769692244583175279751526214070966701915030720746990540320794178750797 0 0 0 0 0 0 0 0 0 0 0 0 0 0 0 0 0 0 0 0 0 0 0 0 0 0 0 0 0 0 0 0 0 1 0 0 0 0 0 0 0 0 0 0 0 0 0 0 0 0 0 0 0 0 0 0 0 0 0]
[488431683626399079400688706218857012749016576827656095089334252104097639774477740086337642928508546314525087610739685273186285717981006760513688658486390020869265918372446036216459 0 0 0 0 0 0 0 0 0 0 0 0 0 0 0 0 0 0 0 0 0 0 0 0 0 0 0 0 0 0 0 0 0 0 1 0 0 0 0 0 0 0 0 0 0 0 0 0 0 0 0 0 0 0 0 0 0 0 0]
[1565184835692694086802693197796788378583647803700468707805393015461095606636038135253830030823346184771302567953820398304842026364288589957629246680146943367000863998295834838984129 0 0 0 0 0 0 0 0 0 0 0 0 0 0 0 0 0 0 0 0 0 0 0 0 0 0 0 0 0 0 0 0 0 0 0 1 0 0 0 0 0 0 0 0 0 0 0 0 0 0 0 0 0 0 0 0 0 0 0]
[1837681568459749356723316411803422490182700370332859454836090691695935264339760469185968319332524298698874335040394300320803447694072225876839559457458825745804907996602683693005822 0 0 0 0 0 0 0 0 0 0 0 0 0 0 0 0 0 0 0 0 0 0 0 0 0 0 0 0 0 0 0 0 0 0 0 0 1 0 0 0 0 0 0 0 0 0 0 0 0 0 0 0 0 0 0 0 0 0 0]
[1004131712311819347415378003796075725344071319866068507172582216192436398860366080391215167027424456592960292082785803507701343485458238744613620575771265566219268416193967133942188 0 0 0 0 0 0 0 0 0 0 0 0 0 0 0 0 0 0 0 0 0 0 0 0 0 0 0 0 0 0 0 0 0 0 0 0 0 1 0 0 0 0 0 0 0 0 0 0 0 0 0 0 0 0 0 0 0 0 0]
[1547472469448019622840714755127829680811767564418587003358481705163544043423871561234002296713798019097923080550424239101701700877131985336804434265716090041570310895848794816709944 0 0 0 0 0 0 0 0 0 0 0 0 0 0 0 0 0 0 0 0 0 0 0 0 0 0 0 0 0 0 0 0 0 0 0 0 0 0 1 0 0 0 0 0 0 0 0 0 0 0 0 0 0 0 0 0 0 0 0]
[628027224520593358651270156288797036074640772567651478443517236312904739111062652185169753781840548027525529299633487463854108791756489946224077372009979734763521333895077198140998 0 0 0 0 0 0 0 0 0 0 0 0 0 0 0 0 0 0 0 0 0 0 0 0 0 0 0 0 0 0 0 0 0 0 0 0 0 0 0 1 0 0 0 0 0 0 0 0 0 0 0 0 0 0 0 0 0 0 0]
[1913506298496906292660036385045135552951707047287267595912533172648982446589025204433938805669201460721203926050085321904547445290306095830236893319902548701583374098850131556347558 0 0 0 0 0 0 0 0 0 0 0 0 0 0 0 0 0 0 0 0 0 0 0 0 0 0 0 0 0 0 0 0 0 0 0 0 0 0 0 0 1 0 0 0 0 0 0 0 0 0 0 0 0 0 0 0 0 0 0]
[557809928952616634028443728912007955662917309089530543145856581805529972204241545360639583619368887934939434517713744043361490949892593441550537242299429783103539410567660127019302 0 0 0 0 0 0 0 0 0 0 0 0 0 0 0 0 0 0 0 0 0 0 0 0 0 0 0 0 0 0 0 0 0 0 0 0 0 0 0 0 0 1 0 0 0 0 0 0 0 0 0 0 0 0 0 0 0 0 0]
[785204670464063376037569452836430996656728637277954095572953785715857050415233053770923211122727030683718416005541652075643221786667391286991264126929854634828074303197617640644729 0 0 0 0 0 0 0 0 0 0 0 0 0 0 0 0 0 0 0 0 0 0 0 0 0 0 0 0 0 0 0 0 0 0 0 0 0 0 0 0 0 0 1 0 0 0 0 0 0 0 0 0 0 0 0 0 0 0 0]
[1292266673509978646358283295632675066869225342424382048409771535897688434899214163749497864786303095701114860884619187174190816648046621380802932942044957332737146214578958287650401 0 0 0 0 0 0 0 0 0 0 0 0 0 0 0 0 0 0 0 0 0 0 0 0 0 0 0 0 0 0 0 0 0 0 0 0 0 0 0 0 0 0 0 1 0 0 0 0 0 0 0 0 0 0 0 0 0 0 0]
[1719251939522562077509808505832301877201375472866887352737211979433532073885227491600606416146141878162831869603990624151750367217208247291744481479788638791666763080685772540578685 0 0 0 0 0 0 0 0 0 0 0 0 0 0 0 0 0 0 0 0 0 0 0 0 0 0 0 0 0 0 0 0 0 0 0 0 0 0 0 0 0 0 0 0 1 0 0 0 0 0 0 0 0 0 0 0 0 0 0]
[1158455476019892255942676955373322940516094539983319442190922651885011453877787874417507620308219948767296081214857475455253873610097762266846247501397439853392513643162533216607172 0 0 0 0 0 0 0 0 0 0 0 0 0 0 0 0 0 0 0 0 0 0 0 0 0 0 0 0 0 0 0 0 0 0 0 0 0 0 0 0 0 0 0 0 0 1 0 0 0 0 0 0 0 0 0 0 0 0 0]
[481641960108871561117898521288215753521841027193486976163532180880722493814793156643953194931532092360697893100819380262617764034694200559062921708600802470033166726045350612671037 0 0 0 0 0 0 0 0 0 0 0 0 0 0 0 0 0 0 0 0 0 0 0 0 0 0 0 0 0 0 0 0 0 0 0 0 0 0 0 0 0 0 0 0 0 0 1 0 0 0 0 0 0 0 0 0 0 0 0]
[1411653841322723320046061846856007657206314379592954707247025073733640447783689520225301911425001754721989552079008422991013890092783755346983266242033694711260164538541242174626718 0 0 0 0 0 0 0 0 0 0 0 0 0 0 0 0 0 0 0 0 0 0 0 0 0 0 0 0 0 0 0 0 0 0 0 0 0 0 0 0 0 0 0 0 0 0 0 1 0 0 0 0 0 0 0 0 0 0 0]
[751837858575800001602800911463358052577223082797559733875407000854276274527584000666295528341595486190614538383405127249258391074693827750350349855587526779465868204118740218719450 0 0 0 0 0 0 0 0 0 0 0 0 0 0 0 0 0 0 0 0 0 0 0 0 0 0 0 0 0 0 0 0 0 0 0 0 0 0 0 0 0 0 0 0 0 0 0 0 1 0 0 0 0 0 0 0 0 0 0]
[1583212211474386599764687764023905535733059203546345164850804554212557246396240325376105938565104760148582043917878138014127966513656420295519528913334026263735442531518297247461923 0 0 0 0 0 0 0 0 0 0 0 0 0 0 0 0 0 0 0 0 0 0 0 0 0 0 0 0 0 0 0 0 0 0 0 0 0 0 0 0 0 0 0 0 0 0 0 0 0 1 0 0 0 0 0 0 0 0 0]
[2211305606162622270576324665451443328092303647100762110370222090584993683196435229567758299465249107701708409616554797479310911712019682922780522128317143791233802502168901924812458 0 0 0 0 0 0 0 0 0 0 0 0 0 0 0 0 0 0 0 0 0 0 0 0 0 0 0 0 0 0 0 0 0 0 0 0 0 0 0 0 0 0 0 0 0 0 0 0 0 0 1 0 0 0 0 0 0 0 0]
[175636473232630647775711959182439275773048301896882658058139850175058432881220086516596389412785980158524245202513462036011016860538839668969407335131479125338957360395528450749702 0 0 0 0 0 0 0 0 0 0 0 0 0 0 0 0 0 0 0 0 0 0 0 0 0 0 0 0 0 0 0 0 0 0 0 0 0 0 0 0 0 0 0 0 0 0 0 0 0 0 0 1 0 0 0 0 0 0 0]
[1830881832693980919394207696787925176865258696137187702785192836199380787623718103140245107377181043629869462579284165067920846132041794639269194147209872450411746763569703632327268 0 0 0 0 0 0 0 0 0 0 0 0 0 0 0 0 0 0 0 0 0 0 0 0 0 0 0 0 0 0 0 0 0 0 0 0 0 0 0 0 0 0 0 0 0 0 0 0 0 0 0 0 1 0 0 0 0 0 0]
[336018799323797842533199716131014248873357964030488551420911949876680131996533719937149401897310884003231709301073546160615947169100537363022709440178248846526114332106544853637426 0 0 0 0 0 0 0 0 0 0 0 0 0 0 0 0 0 0 0 0 0 0 0 0 0 0 0 0 0 0 0 0 0 0 0 0 0 0 0 0 0 0 0 0 0 0 0 0 0 0 0 0 0 1 0 0 0 0 0]
[82310792277070686770380302928001030602705850889762249389557974806932378840690289806154376938019205312483807312208605092830116015686782664225042256443380669639278726739533763036906 0 0 0 0 0 0 0 0 0 0 0 0 0 0 0 0 0 0 0 0 0 0 0 0 0 0 0 0 0 0 0 0 0 0 0 0 0 0 0 0 0 0 0 0 0 0 0 0 0 0 0 0 0 0 1 0 0 0 0]
[419657991819655239660979688304857265207721882314678017762917961329884786321153101964161587068629700093497227730984594498923663860286549232289488424226664008074264688411226956090961 0 0 0 0 0 0 0 0 0 0 0 0 0 0 0 0 0 0 0 0 0 0 0 0 0 0 0 0 0 0 0 0 0 0 0 0 0 0 0 0 0 0 0 0 0 0 0 0 0 0 0 0 0 0 0 1 0 0 0]
[453653459598781297897942617321804808408253286373661118768796206554278125044303068807552435355540258487910169624849632278986493521526800112078609552145950866053779333472065722743212 0 0 0 0 0 0 0 0 0 0 0 0 0 0 0 0 0 0 0 0 0 0 0 0 0 0 0 0 0 0 0 0 0 0 0 0 0 0 0 0 0 0 0 0 0 0 0 0 0 0 0 0 0 0 0 0 1 0 0]
[906155985819298681074604160925907422357008932339067254937668630313340705957220775800051330583730617454512062434512956767545409141434891854775610769503180408402881312770169086420366 0 0 0 0 0 0 0 0 0 0 0 0 0 0 0 0 0 0 0 0 0 0 0 0 0 0 0 0 0 0 0 0 0 0 0 0 0 0 0 0 0 0 0 0 0 0 0 0 0 0 0 0 0 0 0 0 0 1 0]
[1599414374806518299106442345262224152969698110400884533123194986058193842990532876597947627188860977115323033363503792632990072725861601988469524599798646457580364570224251579715124 0 0 0 0 0 0 0 0 0 0 0 0 0 0 0 0 0 0 0 0 0 0 0 0 0 0 0 0 0 0 0 0 0 0 0 0 0 0 0 0 0 0 0 0 0 0 0 0 0 0 0 0 0 0 0 0 0 0 1]
]
