[[11915468259029872099295221687766411862195734001810645163778946104127703018791389560849623681396728823677799451733203653895197103581038788621139725175452883212118828060002066281656567281941729359188647085204944781684453760717198329268368884304921725841355132079842547228887669804361673576403281507143683608393986200365726428503992129 0 0 0 0 0 0 0 0 0 0 0 0 0 0 0 0 0 0 0 0 0 0 0 0 0 0 0 0 0 0 0 0 0 0 0 0 0 0 0 0 0 0 0 0 0 0 0 0 0 0 0 0 0 0 0 0 0 0 0 0 0 0 0 0 0 0 0 0 0 0 0 0 0 0 0 0 0 0 0 0 0 0 0 0 0 0 0 0 0 0 0 0 0 0 0 0 0 0 0 0 0 0 0 0 0 0 0 0 0]
[9398806409955761738592008686209199284439098094129905477633762691979750541506425123208356874840805769148618039257162764575042283327567296852352543795806176561012945523383277899567802792999414728639475011466253397495938288998109156377121072389543408337309350259431427374702576494854242597384545461049563105400659795033386909331434956 1 0 0 0 0 0 0 0 0 0 0 0 0 0 0 0 0 0 0 0 0 0 0 0 0 0 0 0 0 0 0 0 0 0 0 0 0 0 0 0 0 0 0 0 0 0 0 0 0 0 0 0 0 0 0 0 0 0 0 0 0 0 0 0 0 0 0 0 0 0 0 0 0 0 0 0 0 0 0 0 0 0 0 0 0 0 0 0 0 0 0 0 0 0 0 0 0 0 0 0 0 0 0 0 0 0 0 0 0]
[4653101663431270860461154726451828169028666545408853818419169393485058566137330420514305855423203454167316171122136441260256469839722325145805712385871960098042430699832886738048780528761352834143804666392848834004476466848898752242750282695794141328734839651795241298855719302163577844753519258160741019305227660843856498352238822 0 1 0 0 0 0 0 0 0 0 0 0 0 0 0 0 0 0 0 0 0 0 0 0 0 0 0 0 0 0 0 0 0 0 0 0 0 0 0 0 0 0 0 0 0 0 0 0 0 0 0 0 0 0 0 0 0 0 0 0 0 0 0 0 0 0 0 0 0 0 0 0 0 0 0 0 0 0 0 0 0 0 0 0 0 0 0 0 0 0 0 0 0 0 0 0 0 0 0 0 0 0 0 0 0 0 0 0 0]
[9826267570845335559294304299922637551845639785063035699565010158620606328088537005788543356887430852338716747461978303057666159049445491559710328562524826593952448462502689251813195051975185543608035603793175897480230075262494437398645491799879145118923031856099197864644918133047294919785973519170295651022715836589986405901460055 0 0 1 0 0 0 0 0 0 0 0 0 0 0 0 0 0 0 0 0 0 0 0 0 0 0 0 0 0 0 0 0 0 0 0 0 0 0 0 0 0 0 0 0 0 0 0 0 0 0 0 0 0 0 0 0 0 0 0 0 0 0 0 0 0 0 0 0 0 0 0 0 0 0 0 0 0 0 0 0 0 0 0 0 0 0 0 0 0 0 0 0 0 0 0 0 0 0 0 0 0 0 0 0 0 0 0 0 0]
[4340956650026873836433597828461665525098907998580030346002803281714643621321474275718839509294077862821693735111618478064498204857276701928916091344010989847901092593759309278152630104048169433283630615581966102439274940772743583412866701630432501398357014780249380482237230055887548502999586841410517820047339618724371343284534861 0 0 0 1 0 0 0 0 0 0 0 0 0 0 0 0 0 0 0 0 0 0 0 0 0 0 0 0 0 0 0 0 0 0 0 0 0 0 0 0 0 0 0 0 0 0 0 0 0 0 0 0 0 0 0 0 0 0 0 0 0 0 0 0 0 0 0 0 0 0 0 0 0 0 0 0 0 0 0 0 0 0 0 0 0 0 0 0 0 0 0 0 0 0 0 0 0 0 0 0 0 0 0 0 0 0 0 0 0]
[4805052651531363643379405567160092396267337859562061057663985898005058615855410939088215217144341485876367596172424413599327756233139344250791623358758151195304129081018659825211793748451074857165872388906966878956983928857034251272802096327787135720571103576121949722881973765140839049678246251524767455483271572208300577712546370 0 0 0 0 1 0 0 0 0 0 0 0 0 0 0 0 0 0 0 0 0 0 0 0 0 0 0 0 0 0 0 0 0 0 0 0 0 0 0 0 0 0 0 0 0 0 0 0 0 0 0 0 0 0 0 0 0 0 0 0 0 0 0 0 0 0 0 0 0 0 0 0 0 0 0 0 0 0 0 0 0 0 0 0 0 0 0 0 0 0 0 0 0 0 0 0 0 0 0 0 0 0 0 0 0 0 0 0 0]
[5955627450327857638416152553107664510279851114431662158307294185059645813384376045446989671678442532055703415720427825490389249155383922803385193706022456602998730653694820053937226546507352911292071475018311424130434552101543735003909281756476148437947471678929580444257485922320353697238401337370621527595413313681255875887785202 0 0 0 0 0 1 0 0 0 0 0 0 0 0 0 0 0 0 0 0 0 0 0 0 0 0 0 0 0 0 0 0 0 0 0 0 0 0 0 0 0 0 0 0 0 0 0 0 0 0 0 0 0 0 0 0 0 0 0 0 0 0 0 0 0 0 0 0 0 0 0 0 0 0 0 0 0 0 0 0 0 0 0 0 0 0 0 0 0 0 0 0 0 0 0 0 0 0 0 0 0 0 0 0 0 0 0 0 0]
[10433924737375992321211782092609690271541048926852687511037429486403955797149299397965267757172668152627082468188295336779583064354982635910002679814240769024853200082540133690351916804794256810888879227071182968893657851853901775826519636959260365783793355554078337498945499123975727493130799710407166072400743381289793075659000807 0 0 0 0 0 0 1 0 0 0 0 0 0 0 0 0 0 0 0 0 0 0 0 0 0 0 0 0 0 0 0 0 0 0 0 0 0 0 0 0 0 0 0 0 0 0 0 0 0 0 0 0 0 0 0 0 0 0 0 0 0 0 0 0 0 0 0 0 0 0 0 0 0 0 0 0 0 0 0 0 0 0 0 0 0 0 0 0 0 0 0 0 0 0 0 0 0 0 0 0 0 0 0 0 0 0 0 0 0]
[7891240962518445153398851971495501722049354752261374457177736393625342662731522276622273307712990842830600696443426526364161276163601308345735033604183425754501723308707320588286161808434953089444745631713935028557856664633150358066788581258940596132619214778687287801823446003294600869935206877381543286487070784703552595228642991 0 0 0 0 0 0 0 1 0 0 0 0 0 0 0 0 0 0 0 0 0 0 0 0 0 0 0 0 0 0 0 0 0 0 0 0 0 0 0 0 0 0 0 0 0 0 0 0 0 0 0 0 0 0 0 0 0 0 0 0 0 0 0 0 0 0 0 0 0 0 0 0 0 0 0 0 0 0 0 0 0 0 0 0 0 0 0 0 0 0 0 0 0 0 0 0 0 0 0 0 0 0 0 0 0 0 0 0 0]
[1930989739011620447493898768266889243126237411137090581827053930187688972632436215501682532427810747953038208026577334528112660188147802170110964503686098862365251589053747502663716956104317191495200827399373190233219049592575734020346153648216071789836114919503260776019126234569043738845717050825798033802841563596728889859445833 0 0 0 0 0 0 0 0 1 0 0 0 0 0 0 0 0 0 0 0 0 0 0 0 0 0 0 0 0 0 0 0 0 0 0 0 0 0 0 0 0 0 0 0 0 0 0 0 0 0 0 0 0 0 0 0 0 0 0 0 0 0 0 0 0 0 0 0 0 0 0 0 0 0 0 0 0 0 0 0 0 0 0 0 0 0 0 0 0 0 0 0 0 0 0 0 0 0 0 0 0 0 0 0 0 0 0 0 0]
[9013000270809380289116753848054367914003861606980440561772250323937572353316709920773836779650596611855993559159173276543160798220094437506831220102273060412936148262059213559884864976020835242574883505111825537550638557333162417595080751347878454359713138232875234533339790481302469976968651956882549780134606048271633598616401794 0 0 0 0 0 0 0 0 0 1 0 0 0 0 0 0 0 0 0 0 0 0 0 0 0 0 0 0 0 0 0 0 0 0 0 0 0 0 0 0 0 0 0 0 0 0 0 0 0 0 0 0 0 0 0 0 0 0 0 0 0 0 0 0 0 0 0 0 0 0 0 0 0 0 0 0 0 0 0 0 0 0 0 0 0 0 0 0 0 0 0 0 0 0 0 0 0 0 0 0 0 0 0 0 0 0 0 0 0]
[6920093161524237617693943439049223030848549409227378697647427118502131023212300755541336071395024482393970734330947826529420010906841203176490572090490875571297506604159075299780115329468082489598914012706327169891030902994293650099799687252211917643538424248838428633988348905009548538471904356694790177431066508700139504209446716 0 0 0 0 0 0 0 0 0 0 1 0 0 0 0 0 0 0 0 0 0 0 0 0 0 0 0 0 0 0 0 0 0 0 0 0 0 0 0 0 0 0 0 0 0 0 0 0 0 0 0 0 0 0 0 0 0 0 0 0 0 0 0 0 0 0 0 0 0 0 0 0 0 0 0 0 0 0 0 0 0 0 0 0 0 0 0 0 0 0 0 0 0 0 0 0 0 0 0 0 0 0 0 0 0 0 0 0 0]
[6329968684989315267567619602377538958597960162080761214375834730584447206933440343198436676728646259393496693561613967391129803210640951317937467703935532073102429087062839097938232958268022167132729589068748064467408394078694012757555179000177495771948386497929645194090700953504269556046110215552400481596207028482165031204996951 0 0 0 0 0 0 0 0 0 0 0 1 0 0 0 0 0 0 0 0 0 0 0 0 0 0 0 0 0 0 0 0 0 0 0 0 0 0 0 0 0 0 0 0 0 0 0 0 0 0 0 0 0 0 0 0 0 0 0 0 0 0 0 0 0 0 0 0 0 0 0 0 0 0 0 0 0 0 0 0 0 0 0 0 0 0 0 0 0 0 0 0 0 0 0 0 0 0 0 0 0 0 0 0 0 0 0 0 0]
[2353528628452456886846365471841253539658488384652417744395365953143863648027082046079106259977028342462220198548678447694880335521032769678084501289963259338844075015980740055873634930401825688242430633668601434671776137517742894265649569028416275379859873177525729679925459928728023022581170913151026405993769694581278954603482039 0 0 0 0 0 0 0 0 0 0 0 0 1 0 0 0 0 0 0 0 0 0 0 0 0 0 0 0 0 0 0 0 0 0 0 0 0 0 0 0 0 0 0 0 0 0 0 0 0 0 0 0 0 0 0 0 0 0 0 0 0 0 0 0 0 0 0 0 0 0 0 0 0 0 0 0 0 0 0 0 0 0 0 0 0 0 0 0 0 0 0 0 0 0 0 0 0 0 0 0 0 0 0 0 0 0 0 0 0]
[9455027205056518574881942612855687272306834121344422051405872888333742248665901940290856161225851053857837665001176174835174968356651484506220823478349936405848337054475703697062675583307290066093665188739137438120832773755404412151989381286980273290791467034058158350014947671425756846771664235690208075101706999457642788082199948 0 0 0 0 0 0 0 0 0 0 0 0 0 1 0 0 0 0 0 0 0 0 0 0 0 0 0 0 0 0 0 0 0 0 0 0 0 0 0 0 0 0 0 0 0 0 0 0 0 0 0 0 0 0 0 0 0 0 0 0 0 0 0 0 0 0 0 0 0 0 0 0 0 0 0 0 0 0 0 0 0 0 0 0 0 0 0 0 0 0 0 0 0 0 0 0 0 0 0 0 0 0 0 0 0 0 0 0 0]
[4339225202250158702039046230149790747513309945420977227826678946828538613266641866731730638061857051644001304236376339242688592532602187256916515914956437199986615309333748492696336769183964217266343300787038783969195176551102990215835685589978349868379407640323856436958596520331310835896958722834409767749875186404898742479719645 0 0 0 0 0 0 0 0 0 0 0 0 0 0 1 0 0 0 0 0 0 0 0 0 0 0 0 0 0 0 0 0 0 0 0 0 0 0 0 0 0 0 0 0 0 0 0 0 0 0 0 0 0 0 0 0 0 0 0 0 0 0 0 0 0 0 0 0 0 0 0 0 0 0 0 0 0 0 0 0 0 0 0 0 0 0 0 0 0 0 0 0 0 0 0 0 0 0 0 0 0 0 0 0 0 0 0 0 0]
[4370888449344301212425178650851114742053290262950887480212619132388245420387249408167082197410504313043100930519869731995229063213401754214529965192025331541949618985119396732157184090582224325011685139455039959196093222066766387429587487607360550051748648188838244233739111291554755458863901179960972380127265002746278242823728125 0 0 0 0 0 0 0 0 0 0 0 0 0 0 0 1 0 0 0 0 0 0 0 0 0 0 0 0 0 0 0 0 0 0 0 0 0 0 0 0 0 0 0 0 0 0 0 0 0 0 0 0 0 0 0 0 0 0 0 0 0 0 0 0 0 0 0 0 0 0 0 0 0 0 0 0 0 0 0 0 0 0 0 0 0 0 0 0 0 0 0 0 0 0 0 0 0 0 0 0 0 0 0 0 0 0 0 0 0]
[2102123350350014867367943171553474087715586112223866017019446247492797393575858373682853235575388809717740795709665207022404141399524628564612364506325793968433026416661515216207388017243394610898320247265358082401246956616434829908322247655585682603635241569024576632345243549431933989014714535461521379169221849280512791037879000 0 0 0 0 0 0 0 0 0 0 0 0 0 0 0 0 1 0 0 0 0 0 0 0 0 0 0 0 0 0 0 0 0 0 0 0 0 0 0 0 0 0 0 0 0 0 0 0 0 0 0 0 0 0 0 0 0 0 0 0 0 0 0 0 0 0 0 0 0 0 0 0 0 0 0 0 0 0 0 0 0 0 0 0 0 0 0 0 0 0 0 0 0 0 0 0 0 0 0 0 0 0 0 0 0 0 0 0 0]
[4105646481491098253879146110287297467430626764429820816043338009211257154237119593941366163408665828170476062855405224773766251521875485514688531436409494687547909507405817708007984354467867972190660913921747739695851684516163108452205713905915673880779907155752107957803299351894259484854482779431185061303881355254960046318527118 0 0 0 0 0 0 0 0 0 0 0 0 0 0 0 0 0 1 0 0 0 0 0 0 0 0 0 0 0 0 0 0 0 0 0 0 0 0 0 0 0 0 0 0 0 0 0 0 0 0 0 0 0 0 0 0 0 0 0 0 0 0 0 0 0 0 0 0 0 0 0 0 0 0 0 0 0 0 0 0 0 0 0 0 0 0 0 0 0 0 0 0 0 0 0 0 0 0 0 0 0 0 0 0 0 0 0 0 0]
[7837938234787011877527138342690873632475463507888822272767070990219714338388317486878806586441356831931521709468374150353753060115768608643050614093904758158521178717696872862208775455930717420342650087839373628059582081898160485278612035219744972904368331307276525904500736859831223798443658184742855089184051056694190574088050424 0 0 0 0 0 0 0 0 0 0 0 0 0 0 0 0 0 0 1 0 0 0 0 0 0 0 0 0 0 0 0 0 0 0 0 0 0 0 0 0 0 0 0 0 0 0 0 0 0 0 0 0 0 0 0 0 0 0 0 0 0 0 0 0 0 0 0 0 0 0 0 0 0 0 0 0 0 0 0 0 0 0 0 0 0 0 0 0 0 0 0 0 0 0 0 0 0 0 0 0 0 0 0 0 0 0 0 0 0]
[7199885300043686375485338437937659221011555389125184304806779875732031035176233795552603321904200488236305964524178094763507367002731384507870125006443037255931746622628111357824464636769455980450541935215095045389568287199194154088132366026183193807477467493654627482951018748905195695092551043717873978868544653930134719876894407 0 0 0 0 0 0 0 0 0 0 0 0 0 0 0 0 0 0 0 1 0 0 0 0 0 0 0 0 0 0 0 0 0 0 0 0 0 0 0 0 0 0 0 0 0 0 0 0 0 0 0 0 0 0 0 0 0 0 0 0 0 0 0 0 0 0 0 0 0 0 0 0 0 0 0 0 0 0 0 0 0 0 0 0 0 0 0 0 0 0 0 0 0 0 0 0 0 0 0 0 0 0 0 0 0 0 0 0 0]
[9611081697196015881709013538694940360331755683991454630751661006193105137661494347076547232733244204194675257476529340099624717271107142804785743079594653996932259675729822221500272515138764177732872258723409024425366555302828231370234841963498003575172516356399277540778406419337867537908773734743957096697619511131754850379459336 0 0 0 0 0 0 0 0 0 0 0 0 0 0 0 0 0 0 0 0 1 0 0 0 0 0 0 0 0 0 0 0 0 0 0 0 0 0 0 0 0 0 0 0 0 0 0 0 0 0 0 0 0 0 0 0 0 0 0 0 0 0 0 0 0 0 0 0 0 0 0 0 0 0 0 0 0 0 0 0 0 0 0 0 0 0 0 0 0 0 0 0 0 0 0 0 0 0 0 0 0 0 0 0 0 0 0 0 0]
[1785159244615987589567965561183300852805671579055118982591636967633058694778394240983400923681475494302215577312383647358681466064484139364564309432525628148196889318005633541701363881914694424153991753349671391425611893522645849663071138920291592196618657650142482079514345985804046344155961715368636342449730111238704434740023018 0 0 0 0 0 0 0 0 0 0 0 0 0 0 0 0 0 0 0 0 0 1 0 0 0 0 0 0 0 0 0 0 0 0 0 0 0 0 0 0 0 0 0 0 0 0 0 0 0 0 0 0 0 0 0 0 0 0 0 0 0 0 0 0 0 0 0 0 0 0 0 0 0 0 0 0 0 0 0 0 0 0 0 0 0 0 0 0 0 0 0 0 0 0 0 0 0 0 0 0 0 0 0 0 0 0 0 0 0]
[2815697162548051563419174373249802158766513165972921542828659911825839974683197640654476176665749943719518844766937664309326458510358847475078995834798785180347519079908545567460119204294136040565319404626164371364327878331032284027010094801837724101339737258347082915217510274582147877963715702561362639734085720191426468181903821 0 0 0 0 0 0 0 0 0 0 0 0 0 0 0 0 0 0 0 0 0 0 1 0 0 0 0 0 0 0 0 0 0 0 0 0 0 0 0 0 0 0 0 0 0 0 0 0 0 0 0 0 0 0 0 0 0 0 0 0 0 0 0 0 0 0 0 0 0 0 0 0 0 0 0 0 0 0 0 0 0 0 0 0 0 0 0 0 0 0 0 0 0 0 0 0 0 0 0 0 0 0 0 0 0 0 0 0 0]
[4381068361904942007749007980140011165461137618887168987165819409658822877596652837942585422954437782850614724570388426117801920908195957502442239703793174520106412020000542052001898117666073464674358787357461763092069487146804889435056746732329496520623867131601167819728011031215609699621373951885170287993993804945908578496697325 0 0 0 0 0 0 0 0 0 0 0 0 0 0 0 0 0 0 0 0 0 0 0 1 0 0 0 0 0 0 0 0 0 0 0 0 0 0 0 0 0 0 0 0 0 0 0 0 0 0 0 0 0 0 0 0 0 0 0 0 0 0 0 0 0 0 0 0 0 0 0 0 0 0 0 0 0 0 0 0 0 0 0 0 0 0 0 0 0 0 0 0 0 0 0 0 0 0 0 0 0 0 0 0 0 0 0 0 0]
[8780708480483352948667106493471734198729826923239518271609377592834095474436669254576844215586052255598503927001548377747467279419237080151069327780714751231322221415571614113909122190723081440811748867756432468307273608956837088086153255620085597868995152290718350951294366437565031967737540630601091527141957245219957336408243239 0 0 0 0 0 0 0 0 0 0 0 0 0 0 0 0 0 0 0 0 0 0 0 0 1 0 0 0 0 0 0 0 0 0 0 0 0 0 0 0 0 0 0 0 0 0 0 0 0 0 0 0 0 0 0 0 0 0 0 0 0 0 0 0 0 0 0 0 0 0 0 0 0 0 0 0 0 0 0 0 0 0 0 0 0 0 0 0 0 0 0 0 0 0 0 0 0 0 0 0 0 0 0 0 0 0 0 0 0]
[6235701642274265493809840189224358877712788991821478626592430349321139136821932297275406867570982839366031958149369685475658121930599583199119013120540379212082923492340904964544775295288153446026470780714414784306172645542678227132614188077892727712960450967313192049185043728670996299994061883273530172851730668675434213362184248 0 0 0 0 0 0 0 0 0 0 0 0 0 0 0 0 0 0 0 0 0 0 0 0 0 1 0 0 0 0 0 0 0 0 0 0 0 0 0 0 0 0 0 0 0 0 0 0 0 0 0 0 0 0 0 0 0 0 0 0 0 0 0 0 0 0 0 0 0 0 0 0 0 0 0 0 0 0 0 0 0 0 0 0 0 0 0 0 0 0 0 0 0 0 0 0 0 0 0 0 0 0 0 0 0 0 0 0 0]
[4337480014059113308574396794674206982073711139058202446491037215024514713043831386166885014697972269110373225542527556816084147310473371923299891357189502917962110159335644191693838191805823566812109556125945231455384374991583280611876154171512925427189085420051408015520344191717272364311901309728928464714793946263129387443752839 0 0 0 0 0 0 0 0 0 0 0 0 0 0 0 0 0 0 0 0 0 0 0 0 0 0 1 0 0 0 0 0 0 0 0 0 0 0 0 0 0 0 0 0 0 0 0 0 0 0 0 0 0 0 0 0 0 0 0 0 0 0 0 0 0 0 0 0 0 0 0 0 0 0 0 0 0 0 0 0 0 0 0 0 0 0 0 0 0 0 0 0 0 0 0 0 0 0 0 0 0 0 0 0 0 0 0 0 0]
[6089052018372965191804031121079902484143876973356123531163368995673885053429699625043621839321945634697850672370990600786725757630424256162953497717667210505843118517459025620250801563796405090881322535857043760886549884199647381732188641471716382323961625187297435602231718373407937182237013668090076038314639358391086555164348085 0 0 0 0 0 0 0 0 0 0 0 0 0 0 0 0 0 0 0 0 0 0 0 0 0 0 0 1 0 0 0 0 0 0 0 0 0 0 0 0 0 0 0 0 0 0 0 0 0 0 0 0 0 0 0 0 0 0 0 0 0 0 0 0 0 0 0 0 0 0 0 0 0 0 0 0 0 0 0 0 0 0 0 0 0 0 0 0 0 0 0 0 0 0 0 0 0 0 0 0 0 0 0 0 0 0 0 0 0]
[4987468289000486755355606677879031212649817479663898182953196056628430283531566928956102653482127981297899762836478134067675351892283986120387311377685049268757472805612675740228556225001592192156429593313978507472210953502049714097039347316138307518244142400048781163053339795685484637635421248958140043105182526767542261910572012 0 0 0 0 0 0 0 0 0 0 0 0 0 0 0 0 0 0 0 0 0 0 0 0 0 0 0 0 1 0 0 0 0 0 0 0 0 0 0 0 0 0 0 0 0 0 0 0 0 0 0 0 0 0 0 0 0 0 0 0 0 0 0 0 0 0 0 0 0 0 0 0 0 0 0 0 0 0 0 0 0 0 0 0 0 0 0 0 0 0 0 0 0 0 0 0 0 0 0 0 0 0 0 0 0 0 0 0 0]
[6421782693581071181792728603940584402383481993590717351671214608819420917966449233308918626479376716765199893227023750800639372750447209584194179162585137911092676276022107553968312181533253446185098360566747610153801549063510612875222921622782106478197467655666524360673814144548905259502090712002407528026313625486945540494178917 0 0 0 0 0 0 0 0 0 0 0 0 0 0 0 0 0 0 0 0 0 0 0 0 0 0 0 0 0 1 0 0 0 0 0 0 0 0 0 0 0 0 0 0 0 0 0 0 0 0 0 0 0 0 0 0 0 0 0 0 0 0 0 0 0 0 0 0 0 0 0 0 0 0 0 0 0 0 0 0 0 0 0 0 0 0 0 0 0 0 0 0 0 0 0 0 0 0 0 0 0 0 0 0 0 0 0 0 0]
[9421257569378518378337863811483888826589090682616437738742569610923394431855034987568099529269037931180045807871164839317916798974489503547326727190834442449167293185618367653918243428186685840455662383098166418043233405442566688728819064460515596064030897558397483895601957356937532363461343209297771860023959785850478609738444547 0 0 0 0 0 0 0 0 0 0 0 0 0 0 0 0 0 0 0 0 0 0 0 0 0 0 0 0 0 0 1 0 0 0 0 0 0 0 0 0 0 0 0 0 0 0 0 0 0 0 0 0 0 0 0 0 0 0 0 0 0 0 0 0 0 0 0 0 0 0 0 0 0 0 0 0 0 0 0 0 0 0 0 0 0 0 0 0 0 0 0 0 0 0 0 0 0 0 0 0 0 0 0 0 0 0 0 0 0]
[9970038918841496798334039408967322178486789661594030407336034049204523501390134223986022101774347969586881796062832491078723214946155978759506057794274133603116134601663501742202877755435058587911093595830263770482264939427674940673589485003291398384302583698865409984011356460518714733618868045322541040622730050554924388278559158 0 0 0 0 0 0 0 0 0 0 0 0 0 0 0 0 0 0 0 0 0 0 0 0 0 0 0 0 0 0 0 1 0 0 0 0 0 0 0 0 0 0 0 0 0 0 0 0 0 0 0 0 0 0 0 0 0 0 0 0 0 0 0 0 0 0 0 0 0 0 0 0 0 0 0 0 0 0 0 0 0 0 0 0 0 0 0 0 0 0 0 0 0 0 0 0 0 0 0 0 0 0 0 0 0 0 0 0 0]
[8494562393727023880275974947705169959316627887054487156344586408766573068046867352841743542212257783101180657807023180787962606661360276154500756070713423860673066543169480838217526083893798832596360772499663840416922884372167091248991392404536916180733520468906731167198931904496676595293411702532810408987421206515066702886724604 0 0 0 0 0 0 0 0 0 0 0 0 0 0 0 0 0 0 0 0 0 0 0 0 0 0 0 0 0 0 0 0 1 0 0 0 0 0 0 0 0 0 0 0 0 0 0 0 0 0 0 0 0 0 0 0 0 0 0 0 0 0 0 0 0 0 0 0 0 0 0 0 0 0 0 0 0 0 0 0 0 0 0 0 0 0 0 0 0 0 0 0 0 0 0 0 0 0 0 0 0 0 0 0 0 0 0 0 0]
[10722085766723077373763953020925201107477710458971268827247503351405490681345079349799782226143869533230714976293025153887345369970694706314145979817798864293131426254101905200892871261272126519160240549493065984363356626681486279624803966516711941759006083166994122682015790422845526553656593354125647336012290447713663954983306932 0 0 0 0 0 0 0 0 0 0 0 0 0 0 0 0 0 0 0 0 0 0 0 0 0 0 0 0 0 0 0 0 0 1 0 0 0 0 0 0 0 0 0 0 0 0 0 0 0 0 0 0 0 0 0 0 0 0 0 0 0 0 0 0 0 0 0 0 0 0 0 0 0 0 0 0 0 0 0 0 0 0 0 0 0 0 0 0 0 0 0 0 0 0 0 0 0 0 0 0 0 0 0 0 0 0 0 0 0]
[10883408045280842349731885785473759120092522792874167437891244750882015682678303590183953150207656719149845656510662640631745005535332783728694897281727533595700304550422232655898645662988913512911192426204637419713081465719982145236011323707495139067431926073850470425450568420861242840759858068972668214071925833226761632124650624 0 0 0 0 0 0 0 0 0 0 0 0 0 0 0 0 0 0 0 0 0 0 0 0 0 0 0 0 0 0 0 0 0 0 1 0 0 0 0 0 0 0 0 0 0 0 0 0 0 0 0 0 0 0 0 0 0 0 0 0 0 0 0 0 0 0 0 0 0 0 0 0 0 0 0 0 0 0 0 0 0 0 0 0 0 0 0 0 0 0 0 0 0 0 0 0 0 0 0 0 0 0 0 0 0 0 0 0 0]
[4429449036715481636515791714849966423873877085594366441623749119076057270059175486651879926789064283241755474076680327406369244318319938864986096014186834819427389219324414579378001543897371574494260286156807503143267510866354458315515320526432535510181733880110329376825683281068473946507763700410870663327823374463845209217629277 0 0 0 0 0 0 0 0 0 0 0 0 0 0 0 0 0 0 0 0 0 0 0 0 0 0 0 0 0 0 0 0 0 0 0 1 0 0 0 0 0 0 0 0 0 0 0 0 0 0 0 0 0 0 0 0 0 0 0 0 0 0 0 0 0 0 0 0 0 0 0 0 0 0 0 0 0 0 0 0 0 0 0 0 0 0 0 0 0 0 0 0 0 0 0 0 0 0 0 0 0 0 0 0 0 0 0 0 0]
[1702204216857679140725993572730436274264581356258473742660666990818650014192791441263487312153909247038014900020008175962249465374176584262261417744213799190809914842655491791712887523693338955116424382928138480323667787265498517977114470742764974030456788945434931491867999019333545256880012856122052621812657558755854757213386752 0 0 0 0 0 0 0 0 0 0 0 0 0 0 0 0 0 0 0 0 0 0 0 0 0 0 0 0 0 0 0 0 0 0 0 0 1 0 0 0 0 0 0 0 0 0 0 0 0 0 0 0 0 0 0 0 0 0 0 0 0 0 0 0 0 0 0 0 0 0 0 0 0 0 0 0 0 0 0 0 0 0 0 0 0 0 0 0 0 0 0 0 0 0 0 0 0 0 0 0 0 0 0 0 0 0 0 0 0]
[9456064435121518276538284772047507794129759434573316754751031359226802056485057814405831107237438621598778006145804813158782293634424332849794738300129076428353513862543835529721840110339556678859113844428526996601625798972340052570274595817329373829712949880645042703876169175706170517298679969058883983420192782065914025911082988 0 0 0 0 0 0 0 0 0 0 0 0 0 0 0 0 0 0 0 0 0 0 0 0 0 0 0 0 0 0 0 0 0 0 0 0 0 1 0 0 0 0 0 0 0 0 0 0 0 0 0 0 0 0 0 0 0 0 0 0 0 0 0 0 0 0 0 0 0 0 0 0 0 0 0 0 0 0 0 0 0 0 0 0 0 0 0 0 0 0 0 0 0 0 0 0 0 0 0 0 0 0 0 0 0 0 0 0 0]
[9916893427689786719075221871260460813037286066439682705660247253234097543924778759097365236850435291938146408210182509065076942535137512318682130866627765896346768119539035306742204586682103985180700979307220888873619826131107633952686681920644469515693143165286923531457510462359274051790008943034331753629053382182679362705985747 0 0 0 0 0 0 0 0 0 0 0 0 0 0 0 0 0 0 0 0 0 0 0 0 0 0 0 0 0 0 0 0 0 0 0 0 0 0 1 0 0 0 0 0 0 0 0 0 0 0 0 0 0 0 0 0 0 0 0 0 0 0 0 0 0 0 0 0 0 0 0 0 0 0 0 0 0 0 0 0 0 0 0 0 0 0 0 0 0 0 0 0 0 0 0 0 0 0 0 0 0 0 0 0 0 0 0 0 0]
[5642044619858785371660746383883064118060071908585674943353628769179266159235171909332363654464540675015405959941122415014432715730394144735125671031820175932913189443917563375051343471769857167349708527032275356447460820962194139162071015943481324572546261083434143767421310981663416933806369523253128768126847258959544038724222368 0 0 0 0 0 0 0 0 0 0 0 0 0 0 0 0 0 0 0 0 0 0 0 0 0 0 0 0 0 0 0 0 0 0 0 0 0 0 0 1 0 0 0 0 0 0 0 0 0 0 0 0 0 0 0 0 0 0 0 0 0 0 0 0 0 0 0 0 0 0 0 0 0 0 0 0 0 0 0 0 0 0 0 0 0 0 0 0 0 0 0 0 0 0 0 0 0 0 0 0 0 0 0 0 0 0 0 0 0]
[4949065259490791193745682323913334962805537868687738811614746592903101123822935429932486579649076035052198397069961022687519574697736507886091602600326843756518751930407904565281604110967953571188301264451793503603520186286520985413856465402974000777424349598691440811563171009673814489797779287663177428108191501584658321727290280 0 0 0 0 0 0 0 0 0 0 0 0 0 0 0 0 0 0 0 0 0 0 0 0 0 0 0 0 0 0 0 0 0 0 0 0 0 0 0 0 1 0 0 0 0 0 0 0 0 0 0 0 0 0 0 0 0 0 0 0 0 0 0 0 0 0 0 0 0 0 0 0 0 0 0 0 0 0 0 0 0 0 0 0 0 0 0 0 0 0 0 0 0 0 0 0 0 0 0 0 0 0 0 0 0 0 0 0 0]
[4271118689233749747354225964939759350250069745288444565241728057216061329193049560996978857407867125826145555032416664521800188890524075764174050512020914413537145997086414220514870006991306344311104423110488365257025252864387677228382732876820161468344828627116090367162786145943930817561683904900857599994783650767454819697436305 0 0 0 0 0 0 0 0 0 0 0 0 0 0 0 0 0 0 0 0 0 0 0 0 0 0 0 0 0 0 0 0 0 0 0 0 0 0 0 0 0 1 0 0 0 0 0 0 0 0 0 0 0 0 0 0 0 0 0 0 0 0 0 0 0 0 0 0 0 0 0 0 0 0 0 0 0 0 0 0 0 0 0 0 0 0 0 0 0 0 0 0 0 0 0 0 0 0 0 0 0 0 0 0 0 0 0 0 0]
[9751133028063995745747281388104348802697762554475810513416829930242371551367938636808898517033661251103493528826509320178097781510564619805024206149350843522501241917259629880760436358531442151467136757968974859875518020283770740090066149913543516084921335645999468359597360913301218865395443683311851253727756155960228204682032833 0 0 0 0 0 0 0 0 0 0 0 0 0 0 0 0 0 0 0 0 0 0 0 0 0 0 0 0 0 0 0 0 0 0 0 0 0 0 0 0 0 0 1 0 0 0 0 0 0 0 0 0 0 0 0 0 0 0 0 0 0 0 0 0 0 0 0 0 0 0 0 0 0 0 0 0 0 0 0 0 0 0 0 0 0 0 0 0 0 0 0 0 0 0 0 0 0 0 0 0 0 0 0 0 0 0 0 0 0]
[5060123865390279774326018615926646176251150084525701519417013829645700021399879150090038517747309220574356685885208525367487810777806092981177568814472059426762201986220521313528666862298947541907807843124332631290699791814996920448387674366538249715515435716773454799815265446786610726643285150327743295454552982032810702342575255 0 0 0 0 0 0 0 0 0 0 0 0 0 0 0 0 0 0 0 0 0 0 0 0 0 0 0 0 0 0 0 0 0 0 0 0 0 0 0 0 0 0 0 1 0 0 0 0 0 0 0 0 0 0 0 0 0 0 0 0 0 0 0 0 0 0 0 0 0 0 0 0 0 0 0 0 0 0 0 0 0 0 0 0 0 0 0 0 0 0 0 0 0 0 0 0 0 0 0 0 0 0 0 0 0 0 0 0 0]
[8856211055554305559918535760110980928769702436221447725599622051438657586719435095718332450581231012047592543177324767053288812898778075935788264051689330392988583412241849062449354943327826762051494002576310750792467052498403496970249384258587591789874612919495488785537115002962082428788178692631307132265291699989643589578231484 0 0 0 0 0 0 0 0 0 0 0 0 0 0 0 0 0 0 0 0 0 0 0 0 0 0 0 0 0 0 0 0 0 0 0 0 0 0 0 0 0 0 0 0 1 0 0 0 0 0 0 0 0 0 0 0 0 0 0 0 0 0 0 0 0 0 0 0 0 0 0 0 0 0 0 0 0 0 0 0 0 0 0 0 0 0 0 0 0 0 0 0 0 0 0 0 0 0 0 0 0 0 0 0 0 0 0 0 0]
[8758261411537207736191395531971877855240973151910178881534548395345565390420647829722573754961151314451178032524197564999588095260566317496746531777890097165349004057000610431949999811230151876148305805308407586810756417315575758775030028046325904369019383860327368401492537935726603075999969616535380221972999901857286652825662494 0 0 0 0 0 0 0 0 0 0 0 0 0 0 0 0 0 0 0 0 0 0 0 0 0 0 0 0 0 0 0 0 0 0 0 0 0 0 0 0 0 0 0 0 0 1 0 0 0 0 0 0 0 0 0 0 0 0 0 0 0 0 0 0 0 0 0 0 0 0 0 0 0 0 0 0 0 0 0 0 0 0 0 0 0 0 0 0 0 0 0 0 0 0 0 0 0 0 0 0 0 0 0 0 0 0 0 0 0]
[10715693335958149086967308377512497536279186184585716087488365149038617705552436660074863918356638757393659482882749229870107617648204217196813649024303065947619075891205637259657470428644607850955147792866536306643599822503393431685557798141087642464270555042717746475375752624641542576703292915375053165762817992532486537120734862 0 0 0 0 0 0 0 0 0 0 0 0 0 0 0 0 0 0 0 0 0 0 0 0 0 0 0 0 0 0 0 0 0 0 0 0 0 0 0 0 0 0 0 0 0 0 1 0 0 0 0 0 0 0 0 0 0 0 0 0 0 0 0 0 0 0 0 0 0 0 0 0 0 0 0 0 0 0 0 0 0 0 0 0 0 0 0 0 0 0 0 0 0 0 0 0 0 0 0 0 0 0 0 0 0 0 0 0 0]
[4964517358515176401475444574760839583924186906326466678378026493743516319613777787443695929569442440500759003039263649929753377973572671262100265612607194145691475303677526207708777396338718662079802192165510325567612789254881312145250929177678487185201609896600774493359492743679595682385683650483265229642853012047489906003602897 0 0 0 0 0 0 0 0 0 0 0 0 0 0 0 0 0 0 0 0 0 0 0 0 0 0 0 0 0 0 0 0 0 0 0 0 0 0 0 0 0 0 0 0 0 0 0 1 0 0 0 0 0 0 0 0 0 0 0 0 0 0 0 0 0 0 0 0 0 0 0 0 0 0 0 0 0 0 0 0 0 0 0 0 0 0 0 0 0 0 0 0 0 0 0 0 0 0 0 0 0 0 0 0 0 0 0 0 0]
[7152578965300126857634846457469233630505173359912256389390009137337818727879341601383539790226763389795988144187151405774985458732656621511096019512899145426337434244505004211136385792525997720766681481327612247993756947849104623033040082580299575529204902334805319214899427229275200945792046531559012593103271176659945721820774198 0 0 0 0 0 0 0 0 0 0 0 0 0 0 0 0 0 0 0 0 0 0 0 0 0 0 0 0 0 0 0 0 0 0 0 0 0 0 0 0 0 0 0 0 0 0 0 0 1 0 0 0 0 0 0 0 0 0 0 0 0 0 0 0 0 0 0 0 0 0 0 0 0 0 0 0 0 0 0 0 0 0 0 0 0 0 0 0 0 0 0 0 0 0 0 0 0 0 0 0 0 0 0 0 0 0 0 0 0]
[5795379263774868659343578581324620686127821520861660312431119449987164158290966217938372898906966402543946952534987910796889648644664394314914191586554804567023356502545105521823184465778247379320542104384179946737790693851571164648489287521698405553926288948283116485699987858838478593127682974996954136646679657955702247754113493 0 0 0 0 0 0 0 0 0 0 0 0 0 0 0 0 0 0 0 0 0 0 0 0 0 0 0 0 0 0 0 0 0 0 0 0 0 0 0 0 0 0 0 0 0 0 0 0 0 1 0 0 0 0 0 0 0 0 0 0 0 0 0 0 0 0 0 0 0 0 0 0 0 0 0 0 0 0 0 0 0 0 0 0 0 0 0 0 0 0 0 0 0 0 0 0 0 0 0 0 0 0 0 0 0 0 0 0 0]
[10533045147603562359751191642886832009653480803280560099792450523892756644711815037454225966301573092310251153420497318377489576166117928450752466322265298965472771129228426969475605592287069789148315322812115268743948328559354317816637552024556725390805802441375179807212076281710841181328304325362122607097367424972429697465882418 0 0 0 0 0 0 0 0 0 0 0 0 0 0 0 0 0 0 0 0 0 0 0 0 0 0 0 0 0 0 0 0 0 0 0 0 0 0 0 0 0 0 0 0 0 0 0 0 0 0 1 0 0 0 0 0 0 0 0 0 0 0 0 0 0 0 0 0 0 0 0 0 0 0 0 0 0 0 0 0 0 0 0 0 0 0 0 0 0 0 0 0 0 0 0 0 0 0 0 0 0 0 0 0 0 0 0 0 0]
[1758031025623190985932377242069425606889030370141994605960487169053010745250827629401826270833635859659624949964097447254249686646447546946001416398219816935948603445837333876792201142053901179974027048152974320650240574673645501897056687199338424072989697768548698956768362249394231631077055075049588572732180773802597934070945648 0 0 0 0 0 0 0 0 0 0 0 0 0 0 0 0 0 0 0 0 0 0 0 0 0 0 0 0 0 0 0 0 0 0 0 0 0 0 0 0 0 0 0 0 0 0 0 0 0 0 0 1 0 0 0 0 0 0 0 0 0 0 0 0 0 0 0 0 0 0 0 0 0 0 0 0 0 0 0 0 0 0 0 0 0 0 0 0 0 0 0 0 0 0 0 0 0 0 0 0 0 0 0 0 0 0 0 0 0]
[7202347144783319669996457766181625294317792175810822697189756144419382505081431949466068158965340935298110089995833886848331567731944686046123349227582831215024158473831418162613936565339794737809990606884709998056857809893456495437372998769973558369338662967741315559389481315216985447097618342286990439116219136456291967035586602 0 0 0 0 0 0 0 0 0 0 0 0 0 0 0 0 0 0 0 0 0 0 0 0 0 0 0 0 0 0 0 0 0 0 0 0 0 0 0 0 0 0 0 0 0 0 0 0 0 0 0 0 1 0 0 0 0 0 0 0 0 0 0 0 0 0 0 0 0 0 0 0 0 0 0 0 0 0 0 0 0 0 0 0 0 0 0 0 0 0 0 0 0 0 0 0 0 0 0 0 0 0 0 0 0 0 0 0 0]
[2479657420021804890160021703301904232959897216190735676813089404895082946543326605529556165177530720096253009049297582875218490762678601407964877239250972235610335072616905063989470597113285531577275821374790119678275043546045248624114939998727215696964805133422664051291171640136004350629428881988947121119306144050332955779941709 0 0 0 0 0 0 0 0 0 0 0 0 0 0 0 0 0 0 0 0 0 0 0 0 0 0 0 0 0 0 0 0 0 0 0 0 0 0 0 0 0 0 0 0 0 0 0 0 0 0 0 0 0 1 0 0 0 0 0 0 0 0 0 0 0 0 0 0 0 0 0 0 0 0 0 0 0 0 0 0 0 0 0 0 0 0 0 0 0 0 0 0 0 0 0 0 0 0 0 0 0 0 0 0 0 0 0 0 0]
[3392527331844404189607628576421738859108537571367989477912088872816350526993580062189266233043225823193146856200224895680456602618641434079734413942882398997426641144343745673134840703877462002159816632642655474914860911919041389487250813393125288189566676630810942144673890585959689913461295976476037500119381583650246422455465777 0 0 0 0 0 0 0 0 0 0 0 0 0 0 0 0 0 0 0 0 0 0 0 0 0 0 0 0 0 0 0 0 0 0 0 0 0 0 0 0 0 0 0 0 0 0 0 0 0 0 0 0 0 0 1 0 0 0 0 0 0 0 0 0 0 0 0 0 0 0 0 0 0 0 0 0 0 0 0 0 0 0 0 0 0 0 0 0 0 0 0 0 0 0 0 0 0 0 0 0 0 0 0 0 0 0 0 0 0]
[3747527422417205557254629640304075280450315260261971987915718836357330526780273000769130461324988282402478315269057228629944378858728904365989172494913855800295479946046590914891035035076684321191560198579629160005917929681803911705101180979352724844853035534011221875029010889628895378903180456484467084425807122152667894233981114 0 0 0 0 0 0 0 0 0 0 0 0 0 0 0 0 0 0 0 0 0 0 0 0 0 0 0 0 0 0 0 0 0 0 0 0 0 0 0 0 0 0 0 0 0 0 0 0 0 0 0 0 0 0 0 1 0 0 0 0 0 0 0 0 0 0 0 0 0 0 0 0 0 0 0 0 0 0 0 0 0 0 0 0 0 0 0 0 0 0 0 0 0 0 0 0 0 0 0 0 0 0 0 0 0 0 0 0 0]
[8337675488444368268103264131041615449140354382716358461046686556331369367634245727206996856741477228788177756908521561231508547021728963224653867711424727422997547268049204795680088099870448074265400620091315141878397576683525007090957736136126460406135613353555629725233232790842446520354845697125475443902077496610969776874742375 0 0 0 0 0 0 0 0 0 0 0 0 0 0 0 0 0 0 0 0 0 0 0 0 0 0 0 0 0 0 0 0 0 0 0 0 0 0 0 0 0 0 0 0 0 0 0 0 0 0 0 0 0 0 0 0 1 0 0 0 0 0 0 0 0 0 0 0 0 0 0 0 0 0 0 0 0 0 0 0 0 0 0 0 0 0 0 0 0 0 0 0 0 0 0 0 0 0 0 0 0 0 0 0 0 0 0 0 0]
[10353428926107489934466391241589381894418385071855106084961567982402386626355664956331313868041345000588694636901301653842466626802052027226806414627956298134027155627621075405188639284889525485148984383879559279567880216517635243610780412247844294658917156064657904677218820398094116722369606503892364129956425834238429429070288140 0 0 0 0 0 0 0 0 0 0 0 0 0 0 0 0 0 0 0 0 0 0 0 0 0 0 0 0 0 0 0 0 0 0 0 0 0 0 0 0 0 0 0 0 0 0 0 0 0 0 0 0 0 0 0 0 0 1 0 0 0 0 0 0 0 0 0 0 0 0 0 0 0 0 0 0 0 0 0 0 0 0 0 0 0 0 0 0 0 0 0 0 0 0 0 0 0 0 0 0 0 0 0 0 0 0 0 0 0]
[6649710468680541619243500012149800814061488965197535072454075332740043262076058385177351608791990266733695840716128746965291596331211468208601175532361365702763028539975351432604282024822330286047569697106365757966691623650768219261892984708772672645416891266368634273619933329007221139798172852225454114912541735309042079474388569 0 0 0 0 0 0 0 0 0 0 0 0 0 0 0 0 0 0 0 0 0 0 0 0 0 0 0 0 0 0 0 0 0 0 0 0 0 0 0 0 0 0 0 0 0 0 0 0 0 0 0 0 0 0 0 0 0 0 1 0 0 0 0 0 0 0 0 0 0 0 0 0 0 0 0 0 0 0 0 0 0 0 0 0 0 0 0 0 0 0 0 0 0 0 0 0 0 0 0 0 0 0 0 0 0 0 0 0 0]
[4647502540169258554479081272346980481691276917973823045676990453457673270647635476025385725223946138383221959120773705279502004586360654165182659591627449501391587246141739269993502056398111900561632886320767815735570494613397195452295540812668973372249278874706375833921629545840128900258301765501615427511235496096465369820461186 0 0 0 0 0 0 0 0 0 0 0 0 0 0 0 0 0 0 0 0 0 0 0 0 0 0 0 0 0 0 0 0 0 0 0 0 0 0 0 0 0 0 0 0 0 0 0 0 0 0 0 0 0 0 0 0 0 0 0 1 0 0 0 0 0 0 0 0 0 0 0 0 0 0 0 0 0 0 0 0 0 0 0 0 0 0 0 0 0 0 0 0 0 0 0 0 0 0 0 0 0 0 0 0 0 0 0 0 0]
[8712998637489557198265262825826678710504672190881468170018715452880995782741015473947736244120267897747917660852011392896834457196630757220726966945458636705110401761272833551790941472637789879838185592396899045470612652845739451279995773992359836223935799532221094425121929058450532313792045768543119505741032813830025553220169394 0 0 0 0 0 0 0 0 0 0 0 0 0 0 0 0 0 0 0 0 0 0 0 0 0 0 0 0 0 0 0 0 0 0 0 0 0 0 0 0 0 0 0 0 0 0 0 0 0 0 0 0 0 0 0 0 0 0 0 0 1 0 0 0 0 0 0 0 0 0 0 0 0 0 0 0 0 0 0 0 0 0 0 0 0 0 0 0 0 0 0 0 0 0 0 0 0 0 0 0 0 0 0 0 0 0 0 0 0]
[10214660238428117124802579581636134129777195045089934016534363096415972658258203734899106541538326252934186134399838228711305470472334855742522718671864710600488979834714400692927161694810064378524468783948717207522485652696889679402406204192616404156350074342756794114909976478091851387366599844379949416107794863243003028661189729 0 0 0 0 0 0 0 0 0 0 0 0 0 0 0 0 0 0 0 0 0 0 0 0 0 0 0 0 0 0 0 0 0 0 0 0 0 0 0 0 0 0 0 0 0 0 0 0 0 0 0 0 0 0 0 0 0 0 0 0 0 1 0 0 0 0 0 0 0 0 0 0 0 0 0 0 0 0 0 0 0 0 0 0 0 0 0 0 0 0 0 0 0 0 0 0 0 0 0 0 0 0 0 0 0 0 0 0 0]
[1255459454231299863852432973748516630161084692622461700861937193987170857158880383938502375198954838481969062413610860750635310665265610303333170560608023043852819975982239390509293444566288205908563278893737343712893702656499166979449439254657719900574288278569935569927739231051796278127210321637350409068215659520074603117993747 0 0 0 0 0 0 0 0 0 0 0 0 0 0 0 0 0 0 0 0 0 0 0 0 0 0 0 0 0 0 0 0 0 0 0 0 0 0 0 0 0 0 0 0 0 0 0 0 0 0 0 0 0 0 0 0 0 0 0 0 0 0 1 0 0 0 0 0 0 0 0 0 0 0 0 0 0 0 0 0 0 0 0 0 0 0 0 0 0 0 0 0 0 0 0 0 0 0 0 0 0 0 0 0 0 0 0 0 0]
[6802515487835568745237723361815101246167454838338348369870338177734629623436759377627390985466503430283540862025552137845257314333555096319125463117570662481583969634030873597428774442322947516726532627336855993739092543605495675899242211607406157077369735560290970993652692966700745351903549128251144450021544512670693885792881369 0 0 0 0 0 0 0 0 0 0 0 0 0 0 0 0 0 0 0 0 0 0 0 0 0 0 0 0 0 0 0 0 0 0 0 0 0 0 0 0 0 0 0 0 0 0 0 0 0 0 0 0 0 0 0 0 0 0 0 0 0 0 0 1 0 0 0 0 0 0 0 0 0 0 0 0 0 0 0 0 0 0 0 0 0 0 0 0 0 0 0 0 0 0 0 0 0 0 0 0 0 0 0 0 0 0 0 0 0]
[5267400929825919690375489195910430522246757216013694332735024615352616161952821938598554298441775137613857512531742405625586378991214345447609040370859250766872526590637925275545523940496983645778894031354631872680753172650031577065011777164222589853715855719484786139390690854204166757553128844089855878420074647475439993225386022 0 0 0 0 0 0 0 0 0 0 0 0 0 0 0 0 0 0 0 0 0 0 0 0 0 0 0 0 0 0 0 0 0 0 0 0 0 0 0 0 0 0 0 0 0 0 0 0 0 0 0 0 0 0 0 0 0 0 0 0 0 0 0 0 1 0 0 0 0 0 0 0 0 0 0 0 0 0 0 0 0 0 0 0 0 0 0 0 0 0 0 0 0 0 0 0 0 0 0 0 0 0 0 0 0 0 0 0 0]
[10974309383928379263547096081253771078895368552815593209589688399270385102179911835477787629519340891894891227331015325541821127769372362004734870739484701668591017224432238512093670469130993928133069679860537759401338825004142023901375790673874987177187486735235683409054863678891638282988697464137590632914801904057581466158383425 0 0 0 0 0 0 0 0 0 0 0 0 0 0 0 0 0 0 0 0 0 0 0 0 0 0 0 0 0 0 0 0 0 0 0 0 0 0 0 0 0 0 0 0 0 0 0 0 0 0 0 0 0 0 0 0 0 0 0 0 0 0 0 0 0 1 0 0 0 0 0 0 0 0 0 0 0 0 0 0 0 0 0 0 0 0 0 0 0 0 0 0 0 0 0 0 0 0 0 0 0 0 0 0 0 0 0 0 0]
[9500412992973966340940352473676925125842228361724911473982920042929720219720465489678819855950800311844816264328872658354545057254869588207186067824408040935900208358865434063052043836150219279422938920765208795831087864549774707225474348667965590150470473527449075873220901790929749595207797155243556059920469101648779034381614489 0 0 0 0 0 0 0 0 0 0 0 0 0 0 0 0 0 0 0 0 0 0 0 0 0 0 0 0 0 0 0 0 0 0 0 0 0 0 0 0 0 0 0 0 0 0 0 0 0 0 0 0 0 0 0 0 0 0 0 0 0 0 0 0 0 0 1 0 0 0 0 0 0 0 0 0 0 0 0 0 0 0 0 0 0 0 0 0 0 0 0 0 0 0 0 0 0 0 0 0 0 0 0 0 0 0 0 0 0]
[10054401236639061846235521285878979055367300238817730714591241970682354980297654971026716332614830282579391581235499443676036217953617224914508993671778270845283037752360114024710495754481870970110673874356328889489184693816476769903714724703161374574592671148091876640874159640328756956319329561724827468047431325994577559977081728 0 0 0 0 0 0 0 0 0 0 0 0 0 0 0 0 0 0 0 0 0 0 0 0 0 0 0 0 0 0 0 0 0 0 0 0 0 0 0 0 0 0 0 0 0 0 0 0 0 0 0 0 0 0 0 0 0 0 0 0 0 0 0 0 0 0 0 1 0 0 0 0 0 0 0 0 0 0 0 0 0 0 0 0 0 0 0 0 0 0 0 0 0 0 0 0 0 0 0 0 0 0 0 0 0 0 0 0 0]
[3233476219926330905714603261854717247559236349299089148219586677053513795022998674178296322294517587484419280296510134728557008757408807020475088852794206361977365146623227668385281916485922347657559763661708335234879613678126551937646317180506387306339551819445058763383760627377858491275118505349666237231582032146414304339434590 0 0 0 0 0 0 0 0 0 0 0 0 0 0 0 0 0 0 0 0 0 0 0 0 0 0 0 0 0 0 0 0 0 0 0 0 0 0 0 0 0 0 0 0 0 0 0 0 0 0 0 0 0 0 0 0 0 0 0 0 0 0 0 0 0 0 0 0 1 0 0 0 0 0 0 0 0 0 0 0 0 0 0 0 0 0 0 0 0 0 0 0 0 0 0 0 0 0 0 0 0 0 0 0 0 0 0 0 0]
[4583308024795554989678402802432762776713118392461096615765848553764700611610479506842539484896062906886161552944925196479590551561691613728669989859260838684535656713970389884736137917073305623910771027738209292234022659589271739021379241775110436447485955759511727213197633230141222826843793061913316941657504125750720508818594597 0 0 0 0 0 0 0 0 0 0 0 0 0 0 0 0 0 0 0 0 0 0 0 0 0 0 0 0 0 0 0 0 0 0 0 0 0 0 0 0 0 0 0 0 0 0 0 0 0 0 0 0 0 0 0 0 0 0 0 0 0 0 0 0 0 0 0 0 0 1 0 0 0 0 0 0 0 0 0 0 0 0 0 0 0 0 0 0 0 0 0 0 0 0 0 0 0 0 0 0 0 0 0 0 0 0 0 0 0]
[961750438946232237312186139757672595176895465805840561376345025602179202590234936329160651824259068595057852754727868901765314149173396675735078035336799578754466780869751222482857626223826908752171279977634778409530341912432434083236052678460933466400641693827761959195996424735415288554016175502380203353132773222675790722791919 0 0 0 0 0 0 0 0 0 0 0 0 0 0 0 0 0 0 0 0 0 0 0 0 0 0 0 0 0 0 0 0 0 0 0 0 0 0 0 0 0 0 0 0 0 0 0 0 0 0 0 0 0 0 0 0 0 0 0 0 0 0 0 0 0 0 0 0 0 0 1 0 0 0 0 0 0 0 0 0 0 0 0 0 0 0 0 0 0 0 0 0 0 0 0 0 0 0 0 0 0 0 0 0 0 0 0 0 0]
[10499762702568288304035825684109501682339224768863793451955082915591224442011473872533012336578456224353765191848314051729490996610015000980197264160261413642012135714413570730206766467237076921924539525265578771983090448398696641893219909476364628227578316365049371983878114246237113879817244155493133276611669483348115242580701450 0 0 0 0 0 0 0 0 0 0 0 0 0 0 0 0 0 0 0 0 0 0 0 0 0 0 0 0 0 0 0 0 0 0 0 0 0 0 0 0 0 0 0 0 0 0 0 0 0 0 0 0 0 0 0 0 0 0 0 0 0 0 0 0 0 0 0 0 0 0 0 1 0 0 0 0 0 0 0 0 0 0 0 0 0 0 0 0 0 0 0 0 0 0 0 0 0 0 0 0 0 0 0 0 0 0 0 0 0]
[8700064357769369779424147227503035332977645433668170544299133425560678682480734861931286053515940364151575134240863795083071557425680510015189359075254934556738990033107951489454664948854375006330750518554068786383402676146058348045501532398402784604928967301109890508487572048248118055175900906519149481204670363633720724985837669 0 0 0 0 0 0 0 0 0 0 0 0 0 0 0 0 0 0 0 0 0 0 0 0 0 0 0 0 0 0 0 0 0 0 0 0 0 0 0 0 0 0 0 0 0 0 0 0 0 0 0 0 0 0 0 0 0 0 0 0 0 0 0 0 0 0 0 0 0 0 0 0 1 0 0 0 0 0 0 0 0 0 0 0 0 0 0 0 0 0 0 0 0 0 0 0 0 0 0 0 0 0 0 0 0 0 0 0 0]
[1059421483354866626119462082055509711278854155492401376993807357564950776708094950991490262839136373042425590354707474832081525128503192015045330537995512471815960315875599531958953888521431052545388679534746099306039037453498101867002611390134276094233013884334688282134768278253898442763920781160103436518910293033291601410364254 0 0 0 0 0 0 0 0 0 0 0 0 0 0 0 0 0 0 0 0 0 0 0 0 0 0 0 0 0 0 0 0 0 0 0 0 0 0 0 0 0 0 0 0 0 0 0 0 0 0 0 0 0 0 0 0 0 0 0 0 0 0 0 0 0 0 0 0 0 0 0 0 0 1 0 0 0 0 0 0 0 0 0 0 0 0 0 0 0 0 0 0 0 0 0 0 0 0 0 0 0 0 0 0 0 0 0 0 0]
[10057879194844010857653958981238592354032026710935195901645884417659069130719268094447094146465673714609476403233527621530482029630693181857891097070626732197203768608073093604802474814500884807081262183671312219317512982172464872349447524062551059290711455415090051888012592162389406526068632092758807737616532988045934003813051940 0 0 0 0 0 0 0 0 0 0 0 0 0 0 0 0 0 0 0 0 0 0 0 0 0 0 0 0 0 0 0 0 0 0 0 0 0 0 0 0 0 0 0 0 0 0 0 0 0 0 0 0 0 0 0 0 0 0 0 0 0 0 0 0 0 0 0 0 0 0 0 0 0 0 1 0 0 0 0 0 0 0 0 0 0 0 0 0 0 0 0 0 0 0 0 0 0 0 0 0 0 0 0 0 0 0 0 0 0]
[11420187256433625222981856667655296646887909080770162711903061862766061969619248770349787211560139249707014452402179597635927317908918840910846373002556698984917926445580944087691103705099653156880370069035769963423714710658432887272431123792112547721724057789318963862027026825518786524431582903251162988578248614101545837629608996 0 0 0 0 0 0 0 0 0 0 0 0 0 0 0 0 0 0 0 0 0 0 0 0 0 0 0 0 0 0 0 0 0 0 0 0 0 0 0 0 0 0 0 0 0 0 0 0 0 0 0 0 0 0 0 0 0 0 0 0 0 0 0 0 0 0 0 0 0 0 0 0 0 0 0 1 0 0 0 0 0 0 0 0 0 0 0 0 0 0 0 0 0 0 0 0 0 0 0 0 0 0 0 0 0 0 0 0 0]
[6020984763801085618907996752264732709779482711563281544670493287217330889358880129352053003922587916049650098216141167743205600627063584869934405379078832988673860127184606088513080544062568515444108133590066622296196777966772864668874140452211682436508681077150513459837463316302649671533533765810376952149249388241355272813525503 0 0 0 0 0 0 0 0 0 0 0 0 0 0 0 0 0 0 0 0 0 0 0 0 0 0 0 0 0 0 0 0 0 0 0 0 0 0 0 0 0 0 0 0 0 0 0 0 0 0 0 0 0 0 0 0 0 0 0 0 0 0 0 0 0 0 0 0 0 0 0 0 0 0 0 0 1 0 0 0 0 0 0 0 0 0 0 0 0 0 0 0 0 0 0 0 0 0 0 0 0 0 0 0 0 0 0 0 0]
[5111266188379502725687441592570429491044505420217073968543207841834202961748489634291948350649644633117764408894889947709570187582755396614832790321727965531089232899259988886667496595899686955543310756805689954271669330107978573483641102500070435176697676863383077500985239691850903636763386280865193387776483365416366050247335000 0 0 0 0 0 0 0 0 0 0 0 0 0 0 0 0 0 0 0 0 0 0 0 0 0 0 0 0 0 0 0 0 0 0 0 0 0 0 0 0 0 0 0 0 0 0 0 0 0 0 0 0 0 0 0 0 0 0 0 0 0 0 0 0 0 0 0 0 0 0 0 0 0 0 0 0 0 1 0 0 0 0 0 0 0 0 0 0 0 0 0 0 0 0 0 0 0 0 0 0 0 0 0 0 0 0 0 0 0]
[4904754407870781869883871182078901867404323844765047554345982390115912081071712515354503493085475942802578553388512079355507039488434883810135639258223214606706463522930829009858285670626221135588585045998614356383786160404721032786337283063181122091295437295217037735575810953431532551508275791728731265108279558802641585205833688 0 0 0 0 0 0 0 0 0 0 0 0 0 0 0 0 0 0 0 0 0 0 0 0 0 0 0 0 0 0 0 0 0 0 0 0 0 0 0 0 0 0 0 0 0 0 0 0 0 0 0 0 0 0 0 0 0 0 0 0 0 0 0 0 0 0 0 0 0 0 0 0 0 0 0 0 0 0 1 0 0 0 0 0 0 0 0 0 0 0 0 0 0 0 0 0 0 0 0 0 0 0 0 0 0 0 0 0 0]
[42894477550249661834671194140938616344268595387175571805924729791396086449798238244377299383935845283724208867798763312080238976039002133176281553440118868940152874825913180294581325125868676913856935349415638922776173978153762585487982594411761796921491442384705284135710263979407220036602678451171553107412632461734334673359182 0 0 0 0 0 0 0 0 0 0 0 0 0 0 0 0 0 0 0 0 0 0 0 0 0 0 0 0 0 0 0 0 0 0 0 0 0 0 0 0 0 0 0 0 0 0 0 0 0 0 0 0 0 0 0 0 0 0 0 0 0 0 0 0 0 0 0 0 0 0 0 0 0 0 0 0 0 0 0 1 0 0 0 0 0 0 0 0 0 0 0 0 0 0 0 0 0 0 0 0 0 0 0 0 0 0 0 0 0]
[79663547410227760910382320463468667843737583915331430778167589366247351318044708254772567527750202244502794849433016153471243852488293632827523447775409458998745313949603357194291559242242691134842334956212035966612429214671978095092889213571221315012411530946383449054291791135553387919361165157386739618073132264356270318806333 0 0 0 0 0 0 0 0 0 0 0 0 0 0 0 0 0 0 0 0 0 0 0 0 0 0 0 0 0 0 0 0 0 0 0 0 0 0 0 0 0 0 0 0 0 0 0 0 0 0 0 0 0 0 0 0 0 0 0 0 0 0 0 0 0 0 0 0 0 0 0 0 0 0 0 0 0 0 0 0 1 0 0 0 0 0 0 0 0 0 0 0 0 0 0 0 0 0 0 0 0 0 0 0 0 0 0 0 0]
[2819413557026988976410466250146374243074641247207426248733517726346247315344435145338387380359757256064922040540931095839460860570256039333763149469198032309021225308655539219251090205565836197743698243105882015581284378783561924531617321908546256068136654303375298399079887144624996019939674091946023406302600528194415125639239955 0 0 0 0 0 0 0 0 0 0 0 0 0 0 0 0 0 0 0 0 0 0 0 0 0 0 0 0 0 0 0 0 0 0 0 0 0 0 0 0 0 0 0 0 0 0 0 0 0 0 0 0 0 0 0 0 0 0 0 0 0 0 0 0 0 0 0 0 0 0 0 0 0 0 0 0 0 0 0 0 0 1 0 0 0 0 0 0 0 0 0 0 0 0 0 0 0 0 0 0 0 0 0 0 0 0 0 0 0]
[8123714614407360085390571737259132529605945327604694673862830441388543419086951053172495018826303826486570473580723195121332047810962119100857122430395443260174337426075149082685806864646327444717779363016600499631646885443732454036203576495206117633185600217401238439142529269404875362757755601509862062654087900200373636261301679 0 0 0 0 0 0 0 0 0 0 0 0 0 0 0 0 0 0 0 0 0 0 0 0 0 0 0 0 0 0 0 0 0 0 0 0 0 0 0 0 0 0 0 0 0 0 0 0 0 0 0 0 0 0 0 0 0 0 0 0 0 0 0 0 0 0 0 0 0 0 0 0 0 0 0 0 0 0 0 0 0 0 1 0 0 0 0 0 0 0 0 0 0 0 0 0 0 0 0 0 0 0 0 0 0 0 0 0 0]
[9112162921801494063075971800529840979893832716974417808218815166614748543087791796893152779033547857631734536486599257919162980378379866578350214438978169495214019728185236765488148506092455389470794926813895576207731083579423681384008057572946330155168237981989433711137207331858658876356797340036387338601588469380423627321181008 0 0 0 0 0 0 0 0 0 0 0 0 0 0 0 0 0 0 0 0 0 0 0 0 0 0 0 0 0 0 0 0 0 0 0 0 0 0 0 0 0 0 0 0 0 0 0 0 0 0 0 0 0 0 0 0 0 0 0 0 0 0 0 0 0 0 0 0 0 0 0 0 0 0 0 0 0 0 0 0 0 0 0 1 0 0 0 0 0 0 0 0 0 0 0 0 0 0 0 0 0 0 0 0 0 0 0 0 0]
[4058718861859207647196754947455347111586309244182542107974372747453270635526140112252635112223973221633892388665904483025325484144136060558680457777939390127350291007378846994727651955118790072221453570322811241198062604488471006860006475786359108560534063130212029790562865824196053805331301016220659542040817679052930890240218271 0 0 0 0 0 0 0 0 0 0 0 0 0 0 0 0 0 0 0 0 0 0 0 0 0 0 0 0 0 0 0 0 0 0 0 0 0 0 0 0 0 0 0 0 0 0 0 0 0 0 0 0 0 0 0 0 0 0 0 0 0 0 0 0 0 0 0 0 0 0 0 0 0 0 0 0 0 0 0 0 0 0 0 0 1 0 0 0 0 0 0 0 0 0 0 0 0 0 0 0 0 0 0 0 0 0 0 0 0]
[1010407237767193984254054549904657610503206452185964812373219897283541863136090034038842541474950212250653219041969227827277444494684063150259291600156878252623670972299608660218664723757221362604705147073155612048330635205046922922388427232082337062006802270631221960987212677021756094435847588088881330772642293431153443291373771 0 0 0 0 0 0 0 0 0 0 0 0 0 0 0 0 0 0 0 0 0 0 0 0 0 0 0 0 0 0 0 0 0 0 0 0 0 0 0 0 0 0 0 0 0 0 0 0 0 0 0 0 0 0 0 0 0 0 0 0 0 0 0 0 0 0 0 0 0 0 0 0 0 0 0 0 0 0 0 0 0 0 0 0 0 1 0 0 0 0 0 0 0 0 0 0 0 0 0 0 0 0 0 0 0 0 0 0 0]
[9555437819247527586421929589449644009631636448044918107196647004433621273578450301786157156148509044216790806174338284432236003427696042730036551287476834423936981067526123075534158718349999848404520618031709673427160015490680931088558911033955677458750047606901259180611727386549888710374470622442421553243940148148409252254289435 0 0 0 0 0 0 0 0 0 0 0 0 0 0 0 0 0 0 0 0 0 0 0 0 0 0 0 0 0 0 0 0 0 0 0 0 0 0 0 0 0 0 0 0 0 0 0 0 0 0 0 0 0 0 0 0 0 0 0 0 0 0 0 0 0 0 0 0 0 0 0 0 0 0 0 0 0 0 0 0 0 0 0 0 0 0 1 0 0 0 0 0 0 0 0 0 0 0 0 0 0 0 0 0 0 0 0 0 0]
[3671647434545145758440797856356067383500302407912902479983796942577159482494051399308437860590584914744314487340012271978713171933841696204943606702385668378109261915669390905650887598482840251603476597565740911831875558754752482067974500885075282191853709323446974580695315975997963386635703586060410534299936158088844623433047680 0 0 0 0 0 0 0 0 0 0 0 0 0 0 0 0 0 0 0 0 0 0 0 0 0 0 0 0 0 0 0 0 0 0 0 0 0 0 0 0 0 0 0 0 0 0 0 0 0 0 0 0 0 0 0 0 0 0 0 0 0 0 0 0 0 0 0 0 0 0 0 0 0 0 0 0 0 0 0 0 0 0 0 0 0 0 0 1 0 0 0 0 0 0 0 0 0 0 0 0 0 0 0 0 0 0 0 0 0]
[139201463517280931673107916099958599344288195190145175206097438810626814163332110459258099997212274682113860905220311987506955670306252990754619113327664326160972202340447317957858754243504946414167913820370438157526286950194342934035268230874475474335229772478898583252773655737960737158796940533614381757011308535823971271104349 0 0 0 0 0 0 0 0 0 0 0 0 0 0 0 0 0 0 0 0 0 0 0 0 0 0 0 0 0 0 0 0 0 0 0 0 0 0 0 0 0 0 0 0 0 0 0 0 0 0 0 0 0 0 0 0 0 0 0 0 0 0 0 0 0 0 0 0 0 0 0 0 0 0 0 0 0 0 0 0 0 0 0 0 0 0 0 0 1 0 0 0 0 0 0 0 0 0 0 0 0 0 0 0 0 0 0 0 0]
[10633917349066477516263562868849288719979429176938144290747262664320341354189836582279925123297293087868136805447314002581159119788798823534936589484223137029585094198529012374689689651520117513225839579040171789652680167598790478230954668273568199920179370725312696575090686345366110139697725526792632535372047082588584757329616228 0 0 0 0 0 0 0 0 0 0 0 0 0 0 0 0 0 0 0 0 0 0 0 0 0 0 0 0 0 0 0 0 0 0 0 0 0 0 0 0 0 0 0 0 0 0 0 0 0 0 0 0 0 0 0 0 0 0 0 0 0 0 0 0 0 0 0 0 0 0 0 0 0 0 0 0 0 0 0 0 0 0 0 0 0 0 0 0 0 1 0 0 0 0 0 0 0 0 0 0 0 0 0 0 0 0 0 0 0]
[4274946222246184489313101768271303884789962411348968579587244424629269027728675593164259589134647750308625881247125240083789260738561877681446194055970550491677669632298563448506710122490906098866803106905573427012208194956500467316329109202766626428531895266654630861548443678633620157799996359978281798262930014644385340090961839 0 0 0 0 0 0 0 0 0 0 0 0 0 0 0 0 0 0 0 0 0 0 0 0 0 0 0 0 0 0 0 0 0 0 0 0 0 0 0 0 0 0 0 0 0 0 0 0 0 0 0 0 0 0 0 0 0 0 0 0 0 0 0 0 0 0 0 0 0 0 0 0 0 0 0 0 0 0 0 0 0 0 0 0 0 0 0 0 0 0 1 0 0 0 0 0 0 0 0 0 0 0 0 0 0 0 0 0 0]
[9149573541686258242813473152178348977633523879760007765155235639778377214958998454043601683809712981528438223505081300066713386402290469034461851011728993577226885804845475114949675748382498050789486760262853231159861844113151975315187371844451164230594816098941070150489400787076352575571083472299520591973573109113148875620810447 0 0 0 0 0 0 0 0 0 0 0 0 0 0 0 0 0 0 0 0 0 0 0 0 0 0 0 0 0 0 0 0 0 0 0 0 0 0 0 0 0 0 0 0 0 0 0 0 0 0 0 0 0 0 0 0 0 0 0 0 0 0 0 0 0 0 0 0 0 0 0 0 0 0 0 0 0 0 0 0 0 0 0 0 0 0 0 0 0 0 0 1 0 0 0 0 0 0 0 0 0 0 0 0 0 0 0 0 0]
[6511973791721662465398348433648859762491629105915830840164888338261174411500863516028553947860606189782128483965582311904565495674751680927198454915766016393827467683793647671778543924877557808204197994228132714264833744907826236594409755062055858269374286511370063592881616537513506941908352402807380319098723779688627599634198850 0 0 0 0 0 0 0 0 0 0 0 0 0 0 0 0 0 0 0 0 0 0 0 0 0 0 0 0 0 0 0 0 0 0 0 0 0 0 0 0 0 0 0 0 0 0 0 0 0 0 0 0 0 0 0 0 0 0 0 0 0 0 0 0 0 0 0 0 0 0 0 0 0 0 0 0 0 0 0 0 0 0 0 0 0 0 0 0 0 0 0 0 1 0 0 0 0 0 0 0 0 0 0 0 0 0 0 0 0]
[4140363263038738879942031919890364672850384017966721311312587549055984348495020038857552149866206848728614764124136454285357539042995704100450862868504016090782169858493169606479892768201189751964912256082835896409634688488621796358348720149279251486069982574909905637936205991809054214388031650239979814241067364118227830154536516 0 0 0 0 0 0 0 0 0 0 0 0 0 0 0 0 0 0 0 0 0 0 0 0 0 0 0 0 0 0 0 0 0 0 0 0 0 0 0 0 0 0 0 0 0 0 0 0 0 0 0 0 0 0 0 0 0 0 0 0 0 0 0 0 0 0 0 0 0 0 0 0 0 0 0 0 0 0 0 0 0 0 0 0 0 0 0 0 0 0 0 0 0 1 0 0 0 0 0 0 0 0 0 0 0 0 0 0 0]
[5999910435588025834512056624117059434513800220990615219494240404084046060271915352234070117752455438618783132529399766493549425359430410438845587812758002880904610149716562055838051741234026790166554629733753778824613786713911245167521370376105720088923205014569218782972926232728749037351541035985483758091550096830782440062460215 0 0 0 0 0 0 0 0 0 0 0 0 0 0 0 0 0 0 0 0 0 0 0 0 0 0 0 0 0 0 0 0 0 0 0 0 0 0 0 0 0 0 0 0 0 0 0 0 0 0 0 0 0 0 0 0 0 0 0 0 0 0 0 0 0 0 0 0 0 0 0 0 0 0 0 0 0 0 0 0 0 0 0 0 0 0 0 0 0 0 0 0 0 0 1 0 0 0 0 0 0 0 0 0 0 0 0 0 0]
[1288596077454408715512735508478592483316230473109818726836567382360148568699433572585473742387761155910382638824573230289044738478644812810739217654357389929845908459802745822434037853643976025836778292284390389240404043356653138645992272354745674672246095189437111382542666713312046044151205242492560077287616530062335551048440539 0 0 0 0 0 0 0 0 0 0 0 0 0 0 0 0 0 0 0 0 0 0 0 0 0 0 0 0 0 0 0 0 0 0 0 0 0 0 0 0 0 0 0 0 0 0 0 0 0 0 0 0 0 0 0 0 0 0 0 0 0 0 0 0 0 0 0 0 0 0 0 0 0 0 0 0 0 0 0 0 0 0 0 0 0 0 0 0 0 0 0 0 0 0 0 1 0 0 0 0 0 0 0 0 0 0 0 0 0]
[227692325267067556841348733532243905866922459362713071650947890187381185233855341405184362774910188317068949738163975982265382480624070011140511633518543167066949220369087534465905964297920010125828035909485893798113061912890523253974264362799937304674578957545872018801697935811152252815832100231771277372199188915552142086278578 0 0 0 0 0 0 0 0 0 0 0 0 0 0 0 0 0 0 0 0 0 0 0 0 0 0 0 0 0 0 0 0 0 0 0 0 0 0 0 0 0 0 0 0 0 0 0 0 0 0 0 0 0 0 0 0 0 0 0 0 0 0 0 0 0 0 0 0 0 0 0 0 0 0 0 0 0 0 0 0 0 0 0 0 0 0 0 0 0 0 0 0 0 0 0 0 1 0 0 0 0 0 0 0 0 0 0 0 0]
[10056666708610356954363377973995018548190691566905055318994242448799522477135855372943246144033509472210282781979409490047858164274166160412957863479453666236626394342718003760852264899999848852710805542063345495377587996064324858327789191362875402172011906911223836045431346022252118903951456901557112818527286015238704774933152602 0 0 0 0 0 0 0 0 0 0 0 0 0 0 0 0 0 0 0 0 0 0 0 0 0 0 0 0 0 0 0 0 0 0 0 0 0 0 0 0 0 0 0 0 0 0 0 0 0 0 0 0 0 0 0 0 0 0 0 0 0 0 0 0 0 0 0 0 0 0 0 0 0 0 0 0 0 0 0 0 0 0 0 0 0 0 0 0 0 0 0 0 0 0 0 0 0 1 0 0 0 0 0 0 0 0 0 0 0]
[62707102066394896794469614976786389574814006712292865510302691514268840329869085567601546233001150693811807597866716993337912145497298559249281843776085572116519246778910880518576025757432767588006365817905261381463290849876895933274925067582624935751759417980242944211748556398545798235491366075120857524602753692344348614372884 0 0 0 0 0 0 0 0 0 0 0 0 0 0 0 0 0 0 0 0 0 0 0 0 0 0 0 0 0 0 0 0 0 0 0 0 0 0 0 0 0 0 0 0 0 0 0 0 0 0 0 0 0 0 0 0 0 0 0 0 0 0 0 0 0 0 0 0 0 0 0 0 0 0 0 0 0 0 0 0 0 0 0 0 0 0 0 0 0 0 0 0 0 0 0 0 0 0 1 0 0 0 0 0 0 0 0 0 0]
[3678516640358247114268850788566064006731138746555829875454465808646766469393991188802916396937399807579985908415213436167320767189953229810754746611624276674587888190601891611871794737282601074257184976079775035724267636415989994157226848674722022700912581806333901294484049859538792463384853533329953241557905392560542413983006523 0 0 0 0 0 0 0 0 0 0 0 0 0 0 0 0 0 0 0 0 0 0 0 0 0 0 0 0 0 0 0 0 0 0 0 0 0 0 0 0 0 0 0 0 0 0 0 0 0 0 0 0 0 0 0 0 0 0 0 0 0 0 0 0 0 0 0 0 0 0 0 0 0 0 0 0 0 0 0 0 0 0 0 0 0 0 0 0 0 0 0 0 0 0 0 0 0 0 0 1 0 0 0 0 0 0 0 0 0]
[4210484388098965864668063733581997623039769351082725222385009888270144678249000222217742196346465736618826483499372064283211825008646218339377373617825327230467858222714276161496061065832711090249063697322303163055018080470995048869059637180858948265686746330168312050482599081183371243271215534979873563966362399496766974839725657 0 0 0 0 0 0 0 0 0 0 0 0 0 0 0 0 0 0 0 0 0 0 0 0 0 0 0 0 0 0 0 0 0 0 0 0 0 0 0 0 0 0 0 0 0 0 0 0 0 0 0 0 0 0 0 0 0 0 0 0 0 0 0 0 0 0 0 0 0 0 0 0 0 0 0 0 0 0 0 0 0 0 0 0 0 0 0 0 0 0 0 0 0 0 0 0 0 0 0 0 1 0 0 0 0 0 0 0 0]
[11572327529209797143124577817034755755420182244802756044811137150810027896161502303281565582132950561889626168076089414406559160169020918045484820101994797631787200837756501548631267276667265372513912622324426754788773154907368437010239589420473889624306449341073636682034368477894879440109242659489402502572025228350337449778227937 0 0 0 0 0 0 0 0 0 0 0 0 0 0 0 0 0 0 0 0 0 0 0 0 0 0 0 0 0 0 0 0 0 0 0 0 0 0 0 0 0 0 0 0 0 0 0 0 0 0 0 0 0 0 0 0 0 0 0 0 0 0 0 0 0 0 0 0 0 0 0 0 0 0 0 0 0 0 0 0 0 0 0 0 0 0 0 0 0 0 0 0 0 0 0 0 0 0 0 0 0 1 0 0 0 0 0 0 0]
[6889222969698203479761604771237647016704708241184892182585065260437964724791971452136921744458250289724356350052369650253325833354522063457267200606794257146646453765117493356406539383944604404053987054500877045995383113755516416391915624582798287763307922361690948383895666947440408159073046095651559617148339143337162545437696578 0 0 0 0 0 0 0 0 0 0 0 0 0 0 0 0 0 0 0 0 0 0 0 0 0 0 0 0 0 0 0 0 0 0 0 0 0 0 0 0 0 0 0 0 0 0 0 0 0 0 0 0 0 0 0 0 0 0 0 0 0 0 0 0 0 0 0 0 0 0 0 0 0 0 0 0 0 0 0 0 0 0 0 0 0 0 0 0 0 0 0 0 0 0 0 0 0 0 0 0 0 0 1 0 0 0 0 0 0]
[4841167375467378165525792411942369433674132356411567184147442043370753398100867817513538882122813274219594064529551569648911148923568805266195374597133501056532424320659729438451892268026289376302800655308164456618851884550488963277758461632735191841052703232342503502783173434732856152870012084220281871210347420133585522364086966 0 0 0 0 0 0 0 0 0 0 0 0 0 0 0 0 0 0 0 0 0 0 0 0 0 0 0 0 0 0 0 0 0 0 0 0 0 0 0 0 0 0 0 0 0 0 0 0 0 0 0 0 0 0 0 0 0 0 0 0 0 0 0 0 0 0 0 0 0 0 0 0 0 0 0 0 0 0 0 0 0 0 0 0 0 0 0 0 0 0 0 0 0 0 0 0 0 0 0 0 0 0 0 1 0 0 0 0 0]
[10557284614410251780439186852663190314965621146437099825673918107762238795978227488459408547003972982839486369197177068780988635195304631264604633705804004080199755511754471919640152696157750184728834386978903219219207277528253506542304367712659632630889144480228124641425858487373400971502873058279598445544903812821526825702921340 0 0 0 0 0 0 0 0 0 0 0 0 0 0 0 0 0 0 0 0 0 0 0 0 0 0 0 0 0 0 0 0 0 0 0 0 0 0 0 0 0 0 0 0 0 0 0 0 0 0 0 0 0 0 0 0 0 0 0 0 0 0 0 0 0 0 0 0 0 0 0 0 0 0 0 0 0 0 0 0 0 0 0 0 0 0 0 0 0 0 0 0 0 0 0 0 0 0 0 0 0 0 0 0 1 0 0 0 0]
[1327983332346097936525030791705985469086756579365513381277911525053773469307745626341669871357536086418752213541851518287965748535043163724192985495038022255992998281922633083341853980503833586063883736414902850478857787951985229647354465987341909021023810952416734607618496023625278566399415418484723456823973149686429613131464247 0 0 0 0 0 0 0 0 0 0 0 0 0 0 0 0 0 0 0 0 0 0 0 0 0 0 0 0 0 0 0 0 0 0 0 0 0 0 0 0 0 0 0 0 0 0 0 0 0 0 0 0 0 0 0 0 0 0 0 0 0 0 0 0 0 0 0 0 0 0 0 0 0 0 0 0 0 0 0 0 0 0 0 0 0 0 0 0 0 0 0 0 0 0 0 0 0 0 0 0 0 0 0 0 0 1 0 0 0]
[2587348364761610450439670268332840890446378533370637200659643305362341626766574476354015519072453174025472117183577270232534199176086212637261966272442022982962160579819547209501557436134444847559148289977633158567037598680851253164517262324193476617623902241743078374805977145198483426946397161499069064806689321246007542764578300 0 0 0 0 0 0 0 0 0 0 0 0 0 0 0 0 0 0 0 0 0 0 0 0 0 0 0 0 0 0 0 0 0 0 0 0 0 0 0 0 0 0 0 0 0 0 0 0 0 0 0 0 0 0 0 0 0 0 0 0 0 0 0 0 0 0 0 0 0 0 0 0 0 0 0 0 0 0 0 0 0 0 0 0 0 0 0 0 0 0 0 0 0 0 0 0 0 0 0 0 0 0 0 0 0 0 1 0 0]
[9758071017046269052851022668198060050081362699063945276513781817849804011785964840523710942257734550059399984611401556987429708128870853927726825497316833408770252803800827747692570113349790636621145408853052073973093441883309913510337637900466897162167069376179976558680500560645286536297180367460464460827924321876149271287221651 0 0 0 0 0 0 0 0 0 0 0 0 0 0 0 0 0 0 0 0 0 0 0 0 0 0 0 0 0 0 0 0 0 0 0 0 0 0 0 0 0 0 0 0 0 0 0 0 0 0 0 0 0 0 0 0 0 0 0 0 0 0 0 0 0 0 0 0 0 0 0 0 0 0 0 0 0 0 0 0 0 0 0 0 0 0 0 0 0 0 0 0 0 0 0 0 0 0 0 0 0 0 0 0 0 0 0 1 0]
[4821191154385188328844886574315986026071554345484343965586680309041585662899241067499501462133008761612022754508703334816447625100074884476446056017604639135742425034369086569585222438573711341018196064014493503355008680458665163696159428505614134027641464219020479396685165685291683392744516158408966167054369347603651262534171874 0 0 0 0 0 0 0 0 0 0 0 0 0 0 0 0 0 0 0 0 0 0 0 0 0 0 0 0 0 0 0 0 0 0 0 0 0 0 0 0 0 0 0 0 0 0 0 0 0 0 0 0 0 0 0 0 0 0 0 0 0 0 0 0 0 0 0 0 0 0 0 0 0 0 0 0 0 0 0 0 0 0 0 0 0 0 0 0 0 0 0 0 0 0 0 0 0 0 0 0 0 0 0 0 0 0 0 0 1]
]
