[[8012902775841447588914525351706395123488318500068725973766155585983023245979787046223742426466804281845386420197886829313889200879108335168547126984480301527815173759086806714714365304597088780464268990652409953319520345157129017800344746156489154417340424396831637247440192831260920702519151988505311 0 0 0 0 0 0 0 0 0 0 0 0 0 0 0 0 0 0 0 0 0 0 0 0 0 0 0 0 0 0 0 0 0 0 0 0 0 0 0 0 0 0 0 0 0 0 0 0 0 0 0 0 0 0 0 0 0 0 0 0 0 0 0 0 0 0 0 0 0 0 0 0 0 0 0 0 0 0 0 0 0 0 0 0 0 0 0 0 0 0 0 0 0 0 0 0 0 0 0]
[306841181456344106527601629561456333839700728501144395434113795937303559069371525883932454697869315640284558406711146139355877935719510045231058693771663519653783492025960100210457652682844264003056705029805838679881791267670839881461727132418397483964596186155452866238633505430803070115392200411440 1 0 0 0 0 0 0 0 0 0 0 0 0 0 0 0 0 0 0 0 0 0 0 0 0 0 0 0 0 0 0 0 0 0 0 0 0 0 0 0 0 0 0 0 0 0 0 0 0 0 0 0 0 0 0 0 0 0 0 0 0 0 0 0 0 0 0 0 0 0 0 0 0 0 0 0 0 0 0 0 0 0 0 0 0 0 0 0 0 0 0 0 0 0 0 0 0 0 0]
[4701421879357388312897614191818781913007865116694338063270058473262612217147414415715477334371206232315734618068064566209085838159352380594197985519978841029612616210009402063454362455604167429892268231307396502556544973552745196638588887164076019493392403364198273040177617763591841050458856628004823 0 1 0 0 0 0 0 0 0 0 0 0 0 0 0 0 0 0 0 0 0 0 0 0 0 0 0 0 0 0 0 0 0 0 0 0 0 0 0 0 0 0 0 0 0 0 0 0 0 0 0 0 0 0 0 0 0 0 0 0 0 0 0 0 0 0 0 0 0 0 0 0 0 0 0 0 0 0 0 0 0 0 0 0 0 0 0 0 0 0 0 0 0 0 0 0 0 0 0]
[1118699942630133841786512099138720927251914521059720156661538072583290199722898085612416474087183463899323069704944341714821786129681529116214179744221580009419410802864445819645487971315333091217246756641673540926310316040865099663115906587546961681191432630168823672725845775698266315148877315620520 0 0 1 0 0 0 0 0 0 0 0 0 0 0 0 0 0 0 0 0 0 0 0 0 0 0 0 0 0 0 0 0 0 0 0 0 0 0 0 0 0 0 0 0 0 0 0 0 0 0 0 0 0 0 0 0 0 0 0 0 0 0 0 0 0 0 0 0 0 0 0 0 0 0 0 0 0 0 0 0 0 0 0 0 0 0 0 0 0 0 0 0 0 0 0 0 0 0 0]
[5159010495167194715582427810505039188167097440839904364768245917245055732307319062058785551654233252584637587770993133580258019292735485336797496603189434158530524069708056136621194490956492297660862496442964126888941850369930653300724326673571762238371002750678214676557963984219950884936381715267383 0 0 0 1 0 0 0 0 0 0 0 0 0 0 0 0 0 0 0 0 0 0 0 0 0 0 0 0 0 0 0 0 0 0 0 0 0 0 0 0 0 0 0 0 0 0 0 0 0 0 0 0 0 0 0 0 0 0 0 0 0 0 0 0 0 0 0 0 0 0 0 0 0 0 0 0 0 0 0 0 0 0 0 0 0 0 0 0 0 0 0 0 0 0 0 0 0 0 0]
[4331938323922878475893732218370842958480200009515424703347720751612843037887130553071253355928883278271017618362681407428094667405551274035827636639325083329265198171719823065586182068427997867123482234034348903431999717554278767802446384223483838427639898042533667102847969893069315683491840633454731 0 0 0 0 1 0 0 0 0 0 0 0 0 0 0 0 0 0 0 0 0 0 0 0 0 0 0 0 0 0 0 0 0 0 0 0 0 0 0 0 0 0 0 0 0 0 0 0 0 0 0 0 0 0 0 0 0 0 0 0 0 0 0 0 0 0 0 0 0 0 0 0 0 0 0 0 0 0 0 0 0 0 0 0 0 0 0 0 0 0 0 0 0 0 0 0 0 0 0]
[6683189590789781704970445797300800016457298479998529095536597466537932355884964256407242174731602437524960799575599015780575782503658084255402782544301466728700779282351474056427701839211802939055054539500034200256458710932708113182867144763138827300677243532955987046831353695077055567665421505460030 0 0 0 0 0 1 0 0 0 0 0 0 0 0 0 0 0 0 0 0 0 0 0 0 0 0 0 0 0 0 0 0 0 0 0 0 0 0 0 0 0 0 0 0 0 0 0 0 0 0 0 0 0 0 0 0 0 0 0 0 0 0 0 0 0 0 0 0 0 0 0 0 0 0 0 0 0 0 0 0 0 0 0 0 0 0 0 0 0 0 0 0 0 0 0 0 0 0 0]
[1746932043416254521292175030756460748202992420728113196819845143249991530724666323016367820443971244373841918713903739685227752261008938471795526923508632616648085648056573451442885987678223449061637718962733201169401908322133940148361635842146866634548897809848283138618694519868504220708771498310319 0 0 0 0 0 0 1 0 0 0 0 0 0 0 0 0 0 0 0 0 0 0 0 0 0 0 0 0 0 0 0 0 0 0 0 0 0 0 0 0 0 0 0 0 0 0 0 0 0 0 0 0 0 0 0 0 0 0 0 0 0 0 0 0 0 0 0 0 0 0 0 0 0 0 0 0 0 0 0 0 0 0 0 0 0 0 0 0 0 0 0 0 0 0 0 0 0 0 0]
[4768101211904127752354479159627855230397927127902037042954595482516610927926771655020590595117425100195755735366280335456975021708868257247862901426768153929564806723050032835428951306231217731019939333424494877777124805751679983343023298257955552227484068336745807444515928406481371947905296977375636 0 0 0 0 0 0 0 1 0 0 0 0 0 0 0 0 0 0 0 0 0 0 0 0 0 0 0 0 0 0 0 0 0 0 0 0 0 0 0 0 0 0 0 0 0 0 0 0 0 0 0 0 0 0 0 0 0 0 0 0 0 0 0 0 0 0 0 0 0 0 0 0 0 0 0 0 0 0 0 0 0 0 0 0 0 0 0 0 0 0 0 0 0 0 0 0 0 0 0]
[7469858533843393811619017851275857880526623419034450108921417229301510349701309376203560489156217455279776826767254262846842053258001935730079488228407720076909272903580852676865292043422202379816764262436051689790105437190001407653821123660870086355601148597806627737787572419127006204209914655783015 0 0 0 0 0 0 0 0 1 0 0 0 0 0 0 0 0 0 0 0 0 0 0 0 0 0 0 0 0 0 0 0 0 0 0 0 0 0 0 0 0 0 0 0 0 0 0 0 0 0 0 0 0 0 0 0 0 0 0 0 0 0 0 0 0 0 0 0 0 0 0 0 0 0 0 0 0 0 0 0 0 0 0 0 0 0 0 0 0 0 0 0 0 0 0 0 0 0 0]
[5166827201679580569722818039513306022687304011027678782613767591981601994448428141373477737128008481368813431968320196075445592882563912135214864054161071355927602268159103372163662177071085439347887573692843709992240335928637133106585784769637269828901169056835327456127017348878633859922401109530616 0 0 0 0 0 0 0 0 0 1 0 0 0 0 0 0 0 0 0 0 0 0 0 0 0 0 0 0 0 0 0 0 0 0 0 0 0 0 0 0 0 0 0 0 0 0 0 0 0 0 0 0 0 0 0 0 0 0 0 0 0 0 0 0 0 0 0 0 0 0 0 0 0 0 0 0 0 0 0 0 0 0 0 0 0 0 0 0 0 0 0 0 0 0 0 0 0 0 0]
[2777115817224166928429905607267800115843505020529753597396580523147834966008434975830114113834401767510331800264573093716293265013073626729073725662187290804158475901296121154677034928719558959680179203343541091132057595596325753499378279683063250518430948431557809826855115992662877708490941158376238 0 0 0 0 0 0 0 0 0 0 1 0 0 0 0 0 0 0 0 0 0 0 0 0 0 0 0 0 0 0 0 0 0 0 0 0 0 0 0 0 0 0 0 0 0 0 0 0 0 0 0 0 0 0 0 0 0 0 0 0 0 0 0 0 0 0 0 0 0 0 0 0 0 0 0 0 0 0 0 0 0 0 0 0 0 0 0 0 0 0 0 0 0 0 0 0 0 0 0]
[430361962796583320197709121421679359967516010214462092547014531969780306426602871180371457296286768415809077711566365120696817470453247346781302090168300952149571807213202651062512370694819699461486858197945874750117220483056001064024716810944619731909320212959000120420128911126905298107844924949890 0 0 0 0 0 0 0 0 0 0 0 1 0 0 0 0 0 0 0 0 0 0 0 0 0 0 0 0 0 0 0 0 0 0 0 0 0 0 0 0 0 0 0 0 0 0 0 0 0 0 0 0 0 0 0 0 0 0 0 0 0 0 0 0 0 0 0 0 0 0 0 0 0 0 0 0 0 0 0 0 0 0 0 0 0 0 0 0 0 0 0 0 0 0 0 0 0 0 0]
[6903967434777789188264294077072806302414520402705333090796835087799577053335021115159610564607121136733108659171086589041035985609760298652524729978645616650676879999832811685044457794583909457646611275962298907303217723377053140833513065220466376363435589194202121779646859376382622835365967164598809 0 0 0 0 0 0 0 0 0 0 0 0 1 0 0 0 0 0 0 0 0 0 0 0 0 0 0 0 0 0 0 0 0 0 0 0 0 0 0 0 0 0 0 0 0 0 0 0 0 0 0 0 0 0 0 0 0 0 0 0 0 0 0 0 0 0 0 0 0 0 0 0 0 0 0 0 0 0 0 0 0 0 0 0 0 0 0 0 0 0 0 0 0 0 0 0 0 0 0]
[5357638470705035155255937095408547284062082478409930112599611831459510858979925179272666418502969788659693816335141534413509684115342552304775280329294756784646976876279144498150568179983067632463466675466572883765661793144619026130155596343059210312710589070552168236337706834771109633231692368561600 0 0 0 0 0 0 0 0 0 0 0 0 0 1 0 0 0 0 0 0 0 0 0 0 0 0 0 0 0 0 0 0 0 0 0 0 0 0 0 0 0 0 0 0 0 0 0 0 0 0 0 0 0 0 0 0 0 0 0 0 0 0 0 0 0 0 0 0 0 0 0 0 0 0 0 0 0 0 0 0 0 0 0 0 0 0 0 0 0 0 0 0 0 0 0 0 0 0 0]
[4400029843603824432622994935698433012314756590739748242800926352681647683024292279644063348989442069640050205604372579681954026051381478714137623999830541523506914604095112341492589966118016548609583592296259538908504204016775952941858578200718183197379876704112771691100556974635612748067033030044660 0 0 0 0 0 0 0 0 0 0 0 0 0 0 1 0 0 0 0 0 0 0 0 0 0 0 0 0 0 0 0 0 0 0 0 0 0 0 0 0 0 0 0 0 0 0 0 0 0 0 0 0 0 0 0 0 0 0 0 0 0 0 0 0 0 0 0 0 0 0 0 0 0 0 0 0 0 0 0 0 0 0 0 0 0 0 0 0 0 0 0 0 0 0 0 0 0 0 0]
[7125473066157948805376225172215646447916326344943378205684007836163547415904678571775438392820865531619996979518678434072466155095665828640930115712009992162427753999353051436755485751095647220577180752070003545839718402711869012154876670311006952301417610354103983005650084230684926305393945748761347 0 0 0 0 0 0 0 0 0 0 0 0 0 0 0 1 0 0 0 0 0 0 0 0 0 0 0 0 0 0 0 0 0 0 0 0 0 0 0 0 0 0 0 0 0 0 0 0 0 0 0 0 0 0 0 0 0 0 0 0 0 0 0 0 0 0 0 0 0 0 0 0 0 0 0 0 0 0 0 0 0 0 0 0 0 0 0 0 0 0 0 0 0 0 0 0 0 0 0]
[3730504191175097816626398841566387786543800430123911701015801114812748931020179830636993462524874187267117385410798876210577172108210597671814811286424440806535757521993098959385816035880322141569383421948766710010125622260383482611832656897397528362301973278554489276962793494291915555733590880179484 0 0 0 0 0 0 0 0 0 0 0 0 0 0 0 0 1 0 0 0 0 0 0 0 0 0 0 0 0 0 0 0 0 0 0 0 0 0 0 0 0 0 0 0 0 0 0 0 0 0 0 0 0 0 0 0 0 0 0 0 0 0 0 0 0 0 0 0 0 0 0 0 0 0 0 0 0 0 0 0 0 0 0 0 0 0 0 0 0 0 0 0 0 0 0 0 0 0 0]
[5491304601858393960262779598403848952522044567409197966145120638166091896939463852939086852014219692782718320789862679218807740248778615413141579120618527935155139554537892491919101737679061554295031066462503053490466318222550321437138705322904907476806575476088465503989690163965843878620091656503242 0 0 0 0 0 0 0 0 0 0 0 0 0 0 0 0 0 1 0 0 0 0 0 0 0 0 0 0 0 0 0 0 0 0 0 0 0 0 0 0 0 0 0 0 0 0 0 0 0 0 0 0 0 0 0 0 0 0 0 0 0 0 0 0 0 0 0 0 0 0 0 0 0 0 0 0 0 0 0 0 0 0 0 0 0 0 0 0 0 0 0 0 0 0 0 0 0 0 0]
[1029370499641803795375241957224897178184972502588984866182185866676863772840840263894788537073460455811272914102238001891149221334694560248850529039239803619553605445266594952113905671628425245509197755831561343252669658789377457816916708937966101747257544310322440370494640663388771186070693251889274 0 0 0 0 0 0 0 0 0 0 0 0 0 0 0 0 0 0 1 0 0 0 0 0 0 0 0 0 0 0 0 0 0 0 0 0 0 0 0 0 0 0 0 0 0 0 0 0 0 0 0 0 0 0 0 0 0 0 0 0 0 0 0 0 0 0 0 0 0 0 0 0 0 0 0 0 0 0 0 0 0 0 0 0 0 0 0 0 0 0 0 0 0 0 0 0 0 0 0]
[6754166094033317620441116554300646845553916587395555090556173100088776208758079574249136748198332600637904805339503092564548847350048575201336525921727806565607342297239052044565021072234933903094487364573297407537734220440706390377610422676579898920295536019332298913154784870783219290617271906062178 0 0 0 0 0 0 0 0 0 0 0 0 0 0 0 0 0 0 0 1 0 0 0 0 0 0 0 0 0 0 0 0 0 0 0 0 0 0 0 0 0 0 0 0 0 0 0 0 0 0 0 0 0 0 0 0 0 0 0 0 0 0 0 0 0 0 0 0 0 0 0 0 0 0 0 0 0 0 0 0 0 0 0 0 0 0 0 0 0 0 0 0 0 0 0 0 0 0 0]
[1366063111431093617703815103893604856657479840406755472609116043701419652043220600873885861246512375982645477449412008351140671233695148501306797453592169236842029336636564317464903187367159560173660597528241883138806221874684292970873796612258790715442820690553244734283964291039542372546592235942751 0 0 0 0 0 0 0 0 0 0 0 0 0 0 0 0 0 0 0 0 1 0 0 0 0 0 0 0 0 0 0 0 0 0 0 0 0 0 0 0 0 0 0 0 0 0 0 0 0 0 0 0 0 0 0 0 0 0 0 0 0 0 0 0 0 0 0 0 0 0 0 0 0 0 0 0 0 0 0 0 0 0 0 0 0 0 0 0 0 0 0 0 0 0 0 0 0 0 0]
[2989340588026740207642315967293129466172605849989330920689590528707008316149489723314141126661332673512160732635651271881501772569770940252571066195097145628048437480405818564841381707535643683085930982215357918940586475706741050383799812956576233771459833032368517312814879760868243654381937597667586 0 0 0 0 0 0 0 0 0 0 0 0 0 0 0 0 0 0 0 0 0 1 0 0 0 0 0 0 0 0 0 0 0 0 0 0 0 0 0 0 0 0 0 0 0 0 0 0 0 0 0 0 0 0 0 0 0 0 0 0 0 0 0 0 0 0 0 0 0 0 0 0 0 0 0 0 0 0 0 0 0 0 0 0 0 0 0 0 0 0 0 0 0 0 0 0 0 0 0]
[6244510725170313130642078773803642476439952865975231854677544116593926898689397279340963286264963779802002231367275229610260249886078248736935470817913416706568150551286404308422596902018646531435829567214893287334911542930132708386464685514855374718428190615016781636629996037875700700867477549194929 0 0 0 0 0 0 0 0 0 0 0 0 0 0 0 0 0 0 0 0 0 0 1 0 0 0 0 0 0 0 0 0 0 0 0 0 0 0 0 0 0 0 0 0 0 0 0 0 0 0 0 0 0 0 0 0 0 0 0 0 0 0 0 0 0 0 0 0 0 0 0 0 0 0 0 0 0 0 0 0 0 0 0 0 0 0 0 0 0 0 0 0 0 0 0 0 0 0 0]
[2221397112353787430224346286650093633751837569803172120061104051996183831286005395253126609975088518686891303380544653091652933872898409651310678664856388248135442412083157786108556947949254622190865393253930503333691965385819430079959919581956513581465796013399318240265778991091586638607267117247786 0 0 0 0 0 0 0 0 0 0 0 0 0 0 0 0 0 0 0 0 0 0 0 1 0 0 0 0 0 0 0 0 0 0 0 0 0 0 0 0 0 0 0 0 0 0 0 0 0 0 0 0 0 0 0 0 0 0 0 0 0 0 0 0 0 0 0 0 0 0 0 0 0 0 0 0 0 0 0 0 0 0 0 0 0 0 0 0 0 0 0 0 0 0 0 0 0 0 0]
[5415948246475377209805832415593432593633715084881635144755031748699597549410626312094172326799358848560217844531647143129604838614692395299024591765444542317606532292291070604391036050523744553070424283538898970579642102972413428557148520843346637439105185989861639134739370762050589077109971662794500 0 0 0 0 0 0 0 0 0 0 0 0 0 0 0 0 0 0 0 0 0 0 0 0 1 0 0 0 0 0 0 0 0 0 0 0 0 0 0 0 0 0 0 0 0 0 0 0 0 0 0 0 0 0 0 0 0 0 0 0 0 0 0 0 0 0 0 0 0 0 0 0 0 0 0 0 0 0 0 0 0 0 0 0 0 0 0 0 0 0 0 0 0 0 0 0 0 0 0]
[1318168000532047432514103623151394829762792485009219750861346035706794986529214323563690493352679977187601494189069451962464161078613745835544280797091262668096361460269724355573171624997598402082977480058074188679255234579168207058629061778843700205294459725405162405801588570511499405349948141572070 0 0 0 0 0 0 0 0 0 0 0 0 0 0 0 0 0 0 0 0 0 0 0 0 0 1 0 0 0 0 0 0 0 0 0 0 0 0 0 0 0 0 0 0 0 0 0 0 0 0 0 0 0 0 0 0 0 0 0 0 0 0 0 0 0 0 0 0 0 0 0 0 0 0 0 0 0 0 0 0 0 0 0 0 0 0 0 0 0 0 0 0 0 0 0 0 0 0 0]
[3163433564024303239099046876425761346425911134474812024385006264203665970854749962287572781281343838508657873973818880709988965343253979069365108772579734805393001946987445688754577480526466263019017258388639784389085533581320508003590450276690761550741444558185601886738425391497839795245746880591312 0 0 0 0 0 0 0 0 0 0 0 0 0 0 0 0 0 0 0 0 0 0 0 0 0 0 1 0 0 0 0 0 0 0 0 0 0 0 0 0 0 0 0 0 0 0 0 0 0 0 0 0 0 0 0 0 0 0 0 0 0 0 0 0 0 0 0 0 0 0 0 0 0 0 0 0 0 0 0 0 0 0 0 0 0 0 0 0 0 0 0 0 0 0 0 0 0 0 0]
[2020205068320879732170154913996261233321815482985615185932261941045365908281437598713567418845409175157449160381832712361342310603931059092572500116836699792743933379541635617422929894821268596969150159322443034824486991718828381769937023673166693880280699780814200445894937680175188702368255904460059 0 0 0 0 0 0 0 0 0 0 0 0 0 0 0 0 0 0 0 0 0 0 0 0 0 0 0 1 0 0 0 0 0 0 0 0 0 0 0 0 0 0 0 0 0 0 0 0 0 0 0 0 0 0 0 0 0 0 0 0 0 0 0 0 0 0 0 0 0 0 0 0 0 0 0 0 0 0 0 0 0 0 0 0 0 0 0 0 0 0 0 0 0 0 0 0 0 0 0]
[4421839609329300441126057163640982299352579580337849051698977048506854802925924426820420692605532839288773623371950076813688755094572114591024390766177606295317132972904786976814011432374832799533132450650468996649282564698749281784988228730620734657469477226128279791100363482659624975445950552169157 0 0 0 0 0 0 0 0 0 0 0 0 0 0 0 0 0 0 0 0 0 0 0 0 0 0 0 0 1 0 0 0 0 0 0 0 0 0 0 0 0 0 0 0 0 0 0 0 0 0 0 0 0 0 0 0 0 0 0 0 0 0 0 0 0 0 0 0 0 0 0 0 0 0 0 0 0 0 0 0 0 0 0 0 0 0 0 0 0 0 0 0 0 0 0 0 0 0 0]
[4725876518846680489469030894561153878347001686092104113897012144461742586143135262755823256409009305088959357847630849575079925758533329914752266961965479888325180925358116801994034476115830433641511752706071085945457499800170674132431294763577134343548155391118695521507685446808416318990844155048667 0 0 0 0 0 0 0 0 0 0 0 0 0 0 0 0 0 0 0 0 0 0 0 0 0 0 0 0 0 1 0 0 0 0 0 0 0 0 0 0 0 0 0 0 0 0 0 0 0 0 0 0 0 0 0 0 0 0 0 0 0 0 0 0 0 0 0 0 0 0 0 0 0 0 0 0 0 0 0 0 0 0 0 0 0 0 0 0 0 0 0 0 0 0 0 0 0 0 0]
[6470923816432491416443326313554252243109063867671775599559472607747867595810014474748070256234421524674108264895553575860800838556755987077291934136721003589710428685791116939809033902579935564785695647997863909012799044011412144724264553406980500385222279744264636262916502169459547068396241186191589 0 0 0 0 0 0 0 0 0 0 0 0 0 0 0 0 0 0 0 0 0 0 0 0 0 0 0 0 0 0 1 0 0 0 0 0 0 0 0 0 0 0 0 0 0 0 0 0 0 0 0 0 0 0 0 0 0 0 0 0 0 0 0 0 0 0 0 0 0 0 0 0 0 0 0 0 0 0 0 0 0 0 0 0 0 0 0 0 0 0 0 0 0 0 0 0 0 0 0]
[7300248246554493830979832012587372966886540138661293930554990971948213453471563636367288676821282457734127541167191572996771731097531678007834653439277029182399746135658282553688585435455580044851100036854572620284470234892427530614711874155785003742500953506472037964094060805703064885538450186373827 0 0 0 0 0 0 0 0 0 0 0 0 0 0 0 0 0 0 0 0 0 0 0 0 0 0 0 0 0 0 0 1 0 0 0 0 0 0 0 0 0 0 0 0 0 0 0 0 0 0 0 0 0 0 0 0 0 0 0 0 0 0 0 0 0 0 0 0 0 0 0 0 0 0 0 0 0 0 0 0 0 0 0 0 0 0 0 0 0 0 0 0 0 0 0 0 0 0 0]
[2653701132123007795120103839265590575662704540722044971715987302708538944730040786260642702758872530226111534428516338961838888542025221767173663991309269259532436193089146565125304641525219886714127849158603395404522629845008800420426800931030009996454454160757291849711435935738912973953561448562928 0 0 0 0 0 0 0 0 0 0 0 0 0 0 0 0 0 0 0 0 0 0 0 0 0 0 0 0 0 0 0 0 1 0 0 0 0 0 0 0 0 0 0 0 0 0 0 0 0 0 0 0 0 0 0 0 0 0 0 0 0 0 0 0 0 0 0 0 0 0 0 0 0 0 0 0 0 0 0 0 0 0 0 0 0 0 0 0 0 0 0 0 0 0 0 0 0 0 0]
[2346682737614536056939454269815220665260180747949282986856078363759879587235999686988915937692029991903292706201519786491755678963878971170651421755602772639084149087099272913103395190106965320621134350395882458157376671684982823857244186699698154460627157765517103543249340930696885450677996796884105 0 0 0 0 0 0 0 0 0 0 0 0 0 0 0 0 0 0 0 0 0 0 0 0 0 0 0 0 0 0 0 0 0 1 0 0 0 0 0 0 0 0 0 0 0 0 0 0 0 0 0 0 0 0 0 0 0 0 0 0 0 0 0 0 0 0 0 0 0 0 0 0 0 0 0 0 0 0 0 0 0 0 0 0 0 0 0 0 0 0 0 0 0 0 0 0 0 0 0]
[834150849556694949211661771454477673684581684475750343356067972184010736254525600453398316209892206685087979567776588173161792505788517994500253723254988335059789346473242339429631250258702737976985704161425560684680863643641963405185545474860468504059368808603725830413790464555738802110615801567664 0 0 0 0 0 0 0 0 0 0 0 0 0 0 0 0 0 0 0 0 0 0 0 0 0 0 0 0 0 0 0 0 0 0 1 0 0 0 0 0 0 0 0 0 0 0 0 0 0 0 0 0 0 0 0 0 0 0 0 0 0 0 0 0 0 0 0 0 0 0 0 0 0 0 0 0 0 0 0 0 0 0 0 0 0 0 0 0 0 0 0 0 0 0 0 0 0 0 0]
[3028774826947673410199734563928907027356649987506673471611937856886237057623069098650150407168792850379552849521020011720857062071887791288695238621761968956450147182586351014599050421005359547417533478010343750458931329037007699782210643651039572866500875605718009419806602424933142514227008477696488 0 0 0 0 0 0 0 0 0 0 0 0 0 0 0 0 0 0 0 0 0 0 0 0 0 0 0 0 0 0 0 0 0 0 0 1 0 0 0 0 0 0 0 0 0 0 0 0 0 0 0 0 0 0 0 0 0 0 0 0 0 0 0 0 0 0 0 0 0 0 0 0 0 0 0 0 0 0 0 0 0 0 0 0 0 0 0 0 0 0 0 0 0 0 0 0 0 0 0]
[7927024615622016769142284398890421542515252079212200674217024256048319682556131514306674973960984925558080435819904715257167372457313501409933074050895540479785718112494359533936557522190369368171451918305396573078930467308245994337242232301729338734357045680893278092625807584320339446507950811794349 0 0 0 0 0 0 0 0 0 0 0 0 0 0 0 0 0 0 0 0 0 0 0 0 0 0 0 0 0 0 0 0 0 0 0 0 1 0 0 0 0 0 0 0 0 0 0 0 0 0 0 0 0 0 0 0 0 0 0 0 0 0 0 0 0 0 0 0 0 0 0 0 0 0 0 0 0 0 0 0 0 0 0 0 0 0 0 0 0 0 0 0 0 0 0 0 0 0 0]
[3872780763546850923253152636548154421603606492094435019277330241902509647103851446309957828761307707179002791107489912025453764921588313246662408730633007462074001367875861168451332413058795456411053633724054409485771510877539718286372651553115555455770757139562182405412651972980316770806623997788650 0 0 0 0 0 0 0 0 0 0 0 0 0 0 0 0 0 0 0 0 0 0 0 0 0 0 0 0 0 0 0 0 0 0 0 0 0 1 0 0 0 0 0 0 0 0 0 0 0 0 0 0 0 0 0 0 0 0 0 0 0 0 0 0 0 0 0 0 0 0 0 0 0 0 0 0 0 0 0 0 0 0 0 0 0 0 0 0 0 0 0 0 0 0 0 0 0 0 0]
[3324091220580678233819055236825993883899456490501372820103388927715730308947772800180163101544422043171746170337365298998309700264623409257928776670987516972453514495626758881321574536371179354805102997064708601073414669035970420659143320342222212444566401098298080810814737446218134446143872431973507 0 0 0 0 0 0 0 0 0 0 0 0 0 0 0 0 0 0 0 0 0 0 0 0 0 0 0 0 0 0 0 0 0 0 0 0 0 0 1 0 0 0 0 0 0 0 0 0 0 0 0 0 0 0 0 0 0 0 0 0 0 0 0 0 0 0 0 0 0 0 0 0 0 0 0 0 0 0 0 0 0 0 0 0 0 0 0 0 0 0 0 0 0 0 0 0 0 0 0]
[1921625500605221120321044367954742921416992990545030782966188385307176469636644604002066685909853601951576804212967425676150383003966439995958422561828021125147045627866749586297442142425419524765025426861494424248783205533530032391864344582203787824705494274060500107924993519875767828044082650847270 0 0 0 0 0 0 0 0 0 0 0 0 0 0 0 0 0 0 0 0 0 0 0 0 0 0 0 0 0 0 0 0 0 0 0 0 0 0 0 1 0 0 0 0 0 0 0 0 0 0 0 0 0 0 0 0 0 0 0 0 0 0 0 0 0 0 0 0 0 0 0 0 0 0 0 0 0 0 0 0 0 0 0 0 0 0 0 0 0 0 0 0 0 0 0 0 0 0 0]
[1303383784639594531246271096992689590304349970872430865210341864207685246577766055285229959319753832275957774750943152813977516365177565659241277829936348905894535332243608103063712888373251974199827895916513716292348648999474701734528275858745337212122991641602496700351794871296874755108080081425610 0 0 0 0 0 0 0 0 0 0 0 0 0 0 0 0 0 0 0 0 0 0 0 0 0 0 0 0 0 0 0 0 0 0 0 0 0 0 0 0 1 0 0 0 0 0 0 0 0 0 0 0 0 0 0 0 0 0 0 0 0 0 0 0 0 0 0 0 0 0 0 0 0 0 0 0 0 0 0 0 0 0 0 0 0 0 0 0 0 0 0 0 0 0 0 0 0 0 0]
[997279963602534984432641427556326942465932144523869586877607249553752969258491006569045498029206730529090694095254463055970105799549037125793487580335806478029358087485389025102572263619599363147700375778533099920745795647407772483130176619262165079916772669509093660089243517481233612146857755876771 0 0 0 0 0 0 0 0 0 0 0 0 0 0 0 0 0 0 0 0 0 0 0 0 0 0 0 0 0 0 0 0 0 0 0 0 0 0 0 0 0 1 0 0 0 0 0 0 0 0 0 0 0 0 0 0 0 0 0 0 0 0 0 0 0 0 0 0 0 0 0 0 0 0 0 0 0 0 0 0 0 0 0 0 0 0 0 0 0 0 0 0 0 0 0 0 0 0 0]
[4814516779774022285279446270711032162384513899045357002485651779462599879239305848882648170956910433125169776318756745139398676536223762313182401455689883102779861287656033653746036102600057966433646851537991304659706767614224534001989332885190373564888991950392351196346282878515730584231642844434154 0 0 0 0 0 0 0 0 0 0 0 0 0 0 0 0 0 0 0 0 0 0 0 0 0 0 0 0 0 0 0 0 0 0 0 0 0 0 0 0 0 0 1 0 0 0 0 0 0 0 0 0 0 0 0 0 0 0 0 0 0 0 0 0 0 0 0 0 0 0 0 0 0 0 0 0 0 0 0 0 0 0 0 0 0 0 0 0 0 0 0 0 0 0 0 0 0 0 0]
[7492256202647565914492515075536272665601477130997339521190324498669504142531815434537940478577232184578237106451185691904211631150259584207330639337522278088973953085678028295051940317304899458631155152288443083148130836717243398599013262449537202637439690080738705665291212297754161291838478889499740 0 0 0 0 0 0 0 0 0 0 0 0 0 0 0 0 0 0 0 0 0 0 0 0 0 0 0 0 0 0 0 0 0 0 0 0 0 0 0 0 0 0 0 1 0 0 0 0 0 0 0 0 0 0 0 0 0 0 0 0 0 0 0 0 0 0 0 0 0 0 0 0 0 0 0 0 0 0 0 0 0 0 0 0 0 0 0 0 0 0 0 0 0 0 0 0 0 0 0]
[2811695030288198752976432009235461461541782354224863789971484250834876847218304650254404192357718743197714661676955672794482156074313763415145365954052888788120864798618711292382636286270499433888541710549815685070605728899922614419124706692490122888613772300058218436835068788292054281947706820558296 0 0 0 0 0 0 0 0 0 0 0 0 0 0 0 0 0 0 0 0 0 0 0 0 0 0 0 0 0 0 0 0 0 0 0 0 0 0 0 0 0 0 0 0 1 0 0 0 0 0 0 0 0 0 0 0 0 0 0 0 0 0 0 0 0 0 0 0 0 0 0 0 0 0 0 0 0 0 0 0 0 0 0 0 0 0 0 0 0 0 0 0 0 0 0 0 0 0 0]
[1551622913454689049731380005440355286148659120000462063227883878638151002305713004672313313648695145675915214717864431359646057113368422020905988182737144294210361385486234144321044324540335973458924085626052286485886159799641697208229096421909969970879279334085089481629942895099395193528825798174150 0 0 0 0 0 0 0 0 0 0 0 0 0 0 0 0 0 0 0 0 0 0 0 0 0 0 0 0 0 0 0 0 0 0 0 0 0 0 0 0 0 0 0 0 0 1 0 0 0 0 0 0 0 0 0 0 0 0 0 0 0 0 0 0 0 0 0 0 0 0 0 0 0 0 0 0 0 0 0 0 0 0 0 0 0 0 0 0 0 0 0 0 0 0 0 0 0 0 0]
[7429844036971577695562334788343156888676106722186396657168069698085617849058467120766255086698725507520792588603026683236728490472732945119705483690826494113600486800912886809810767973536786741799031831114093720297442353912174399982667256987544382963117194253408537095893001045964684386734478407292361 0 0 0 0 0 0 0 0 0 0 0 0 0 0 0 0 0 0 0 0 0 0 0 0 0 0 0 0 0 0 0 0 0 0 0 0 0 0 0 0 0 0 0 0 0 0 1 0 0 0 0 0 0 0 0 0 0 0 0 0 0 0 0 0 0 0 0 0 0 0 0 0 0 0 0 0 0 0 0 0 0 0 0 0 0 0 0 0 0 0 0 0 0 0 0 0 0 0 0]
[7420678562950101113189834971355039428243943127235030138675544498672228974239417337557880370963929990051748780459537890786720702665784001141781922855085186084507272193435657256011368273562044952682935007435356452163793858137494734753056989093653401720072799624078433494117729116987835539250220693534123 0 0 0 0 0 0 0 0 0 0 0 0 0 0 0 0 0 0 0 0 0 0 0 0 0 0 0 0 0 0 0 0 0 0 0 0 0 0 0 0 0 0 0 0 0 0 0 1 0 0 0 0 0 0 0 0 0 0 0 0 0 0 0 0 0 0 0 0 0 0 0 0 0 0 0 0 0 0 0 0 0 0 0 0 0 0 0 0 0 0 0 0 0 0 0 0 0 0 0]
[1559280830936230148590758320585947703884039809265654008075887126799238941682469995347288368791838064922121448519365317476006205510629174393496819773690581898919660959138632361447751427680222586866995006392844190188222513376171691411915635801387741718469290561987435547475222418376956904646695887971055 0 0 0 0 0 0 0 0 0 0 0 0 0 0 0 0 0 0 0 0 0 0 0 0 0 0 0 0 0 0 0 0 0 0 0 0 0 0 0 0 0 0 0 0 0 0 0 0 1 0 0 0 0 0 0 0 0 0 0 0 0 0 0 0 0 0 0 0 0 0 0 0 0 0 0 0 0 0 0 0 0 0 0 0 0 0 0 0 0 0 0 0 0 0 0 0 0 0 0]
[10125417707020188130987388856062510515125069514241396463017325522645999864766819496499779495139349786677428077906346438490866246940158750590442205726860996295379636723765155729491238453798210739790227144870116835723493166448763400620715299481738687827334152519830731415317432895208572153728943527094 0 0 0 0 0 0 0 0 0 0 0 0 0 0 0 0 0 0 0 0 0 0 0 0 0 0 0 0 0 0 0 0 0 0 0 0 0 0 0 0 0 0 0 0 0 0 0 0 0 1 0 0 0 0 0 0 0 0 0 0 0 0 0 0 0 0 0 0 0 0 0 0 0 0 0 0 0 0 0 0 0 0 0 0 0 0 0 0 0 0 0 0 0 0 0 0 0 0 0]
[4464527269132558349849305815531056426708816853654362419407425791283232795987347916954887884619944938402841567764407926405303652300707048817431920038552307343736218152169342444680113543650839126359867704132809398648714390691138545065230400863769407313641753505250848579088008698270755470616907921177691 0 0 0 0 0 0 0 0 0 0 0 0 0 0 0 0 0 0 0 0 0 0 0 0 0 0 0 0 0 0 0 0 0 0 0 0 0 0 0 0 0 0 0 0 0 0 0 0 0 0 1 0 0 0 0 0 0 0 0 0 0 0 0 0 0 0 0 0 0 0 0 0 0 0 0 0 0 0 0 0 0 0 0 0 0 0 0 0 0 0 0 0 0 0 0 0 0 0 0]
[2394862430622051933450050232047777834402691730227640115233041366053276675258052921414450438530433802191472297269080602697916739946254764007721802856952343943809743209291303276877200868121121841919031213561337338160912723265278221484272145275678443610435781026137488501507912279274989430417582061730777 0 0 0 0 0 0 0 0 0 0 0 0 0 0 0 0 0 0 0 0 0 0 0 0 0 0 0 0 0 0 0 0 0 0 0 0 0 0 0 0 0 0 0 0 0 0 0 0 0 0 0 1 0 0 0 0 0 0 0 0 0 0 0 0 0 0 0 0 0 0 0 0 0 0 0 0 0 0 0 0 0 0 0 0 0 0 0 0 0 0 0 0 0 0 0 0 0 0 0]
[4017279733866679419181190478684024752417745907318705284727522307715437103506515107084146349873955804465800577428381418432465344436465758081402827406645789168469484099116843003913908685102256226687761149182773100350469865564027063556702024034258271336887365603997454803255284910917254272847658785368433 0 0 0 0 0 0 0 0 0 0 0 0 0 0 0 0 0 0 0 0 0 0 0 0 0 0 0 0 0 0 0 0 0 0 0 0 0 0 0 0 0 0 0 0 0 0 0 0 0 0 0 0 1 0 0 0 0 0 0 0 0 0 0 0 0 0 0 0 0 0 0 0 0 0 0 0 0 0 0 0 0 0 0 0 0 0 0 0 0 0 0 0 0 0 0 0 0 0 0]
[5129004523297740443750329078462031409353845370904924853756123751271650662168962431835319933736944389019697236503913207915285820851428710362805482697081799859992990491916254282598135176208816889480090717136895181903968989231417088039754280165354906037900771993821113798801065138346024057899846551432724 0 0 0 0 0 0 0 0 0 0 0 0 0 0 0 0 0 0 0 0 0 0 0 0 0 0 0 0 0 0 0 0 0 0 0 0 0 0 0 0 0 0 0 0 0 0 0 0 0 0 0 0 0 1 0 0 0 0 0 0 0 0 0 0 0 0 0 0 0 0 0 0 0 0 0 0 0 0 0 0 0 0 0 0 0 0 0 0 0 0 0 0 0 0 0 0 0 0 0]
[656667973460630189384291509475877172496957530637655979170491904858939148140476237511297336541096599214346445811986012287996630960223979545609499773851820806489098400263637375653735249159685014750871560905064485586276147796020535098699978086642147300778746489858499341659441338538706599512557152584232 0 0 0 0 0 0 0 0 0 0 0 0 0 0 0 0 0 0 0 0 0 0 0 0 0 0 0 0 0 0 0 0 0 0 0 0 0 0 0 0 0 0 0 0 0 0 0 0 0 0 0 0 0 0 1 0 0 0 0 0 0 0 0 0 0 0 0 0 0 0 0 0 0 0 0 0 0 0 0 0 0 0 0 0 0 0 0 0 0 0 0 0 0 0 0 0 0 0 0]
[4216496242550772108193087622141648749332353669243250682536399366546097623611166883773231692410357483385964475702644640787913394016470670350732529935193512299452783745327534975649497371257053445718804265832388846945150751176485256373360136838605269472829500413874221454116884356856978817709786953551306 0 0 0 0 0 0 0 0 0 0 0 0 0 0 0 0 0 0 0 0 0 0 0 0 0 0 0 0 0 0 0 0 0 0 0 0 0 0 0 0 0 0 0 0 0 0 0 0 0 0 0 0 0 0 0 1 0 0 0 0 0 0 0 0 0 0 0 0 0 0 0 0 0 0 0 0 0 0 0 0 0 0 0 0 0 0 0 0 0 0 0 0 0 0 0 0 0 0 0]
[874316582813448201168618803674356438573869748105678035897900270902240817601580052478381641907443163346201918383175347433107246711424777669687754155765072460051422466867989651485070001937527082946856658586058603160723498407238584036952790341778452899106402426973455055137191694108676787590371974851378 0 0 0 0 0 0 0 0 0 0 0 0 0 0 0 0 0 0 0 0 0 0 0 0 0 0 0 0 0 0 0 0 0 0 0 0 0 0 0 0 0 0 0 0 0 0 0 0 0 0 0 0 0 0 0 0 1 0 0 0 0 0 0 0 0 0 0 0 0 0 0 0 0 0 0 0 0 0 0 0 0 0 0 0 0 0 0 0 0 0 0 0 0 0 0 0 0 0 0]
[4918470846421944624015482274408899459996260563307577923855060612869576760300079311820753221345115102154990890707458532117303128803387088649035190353530229036150350911264108052649000320525176196153753285779189825375388337845280648931885734732352044446970426320318597714380181657878074653585536853145841 0 0 0 0 0 0 0 0 0 0 0 0 0 0 0 0 0 0 0 0 0 0 0 0 0 0 0 0 0 0 0 0 0 0 0 0 0 0 0 0 0 0 0 0 0 0 0 0 0 0 0 0 0 0 0 0 0 1 0 0 0 0 0 0 0 0 0 0 0 0 0 0 0 0 0 0 0 0 0 0 0 0 0 0 0 0 0 0 0 0 0 0 0 0 0 0 0 0 0]
[929761028600316062428116699127437820337570662298448046731374302093292651164613938134532979624784733751657493174157346888249883554326560477100035861116324807829260677126411982747361439206958664065536880322926724819093387275611809448540161855390441327338989489318191577499026940566749397750960063892278 0 0 0 0 0 0 0 0 0 0 0 0 0 0 0 0 0 0 0 0 0 0 0 0 0 0 0 0 0 0 0 0 0 0 0 0 0 0 0 0 0 0 0 0 0 0 0 0 0 0 0 0 0 0 0 0 0 0 1 0 0 0 0 0 0 0 0 0 0 0 0 0 0 0 0 0 0 0 0 0 0 0 0 0 0 0 0 0 0 0 0 0 0 0 0 0 0 0 0]
[2896489237074314831474099448170154686574949838551176010647450868988315779189439582561624518923299779393020819930770349157715050032104610435910883653910766882246993697687585549454932410313775499155163033552446232871558725054912943089107912976893701795691811599497388419483032651388447246434016531810822 0 0 0 0 0 0 0 0 0 0 0 0 0 0 0 0 0 0 0 0 0 0 0 0 0 0 0 0 0 0 0 0 0 0 0 0 0 0 0 0 0 0 0 0 0 0 0 0 0 0 0 0 0 0 0 0 0 0 0 1 0 0 0 0 0 0 0 0 0 0 0 0 0 0 0 0 0 0 0 0 0 0 0 0 0 0 0 0 0 0 0 0 0 0 0 0 0 0 0]
[176862496601081001624884960890027972856610061941396109996947958691345448534404467851818442870467662091528030267375283989995650014831638291891346472774680791055917069600310387901372790687854388576340809225320115173898358259985358257549728405134176997773244678248048120265037797237851391805385447990507 0 0 0 0 0 0 0 0 0 0 0 0 0 0 0 0 0 0 0 0 0 0 0 0 0 0 0 0 0 0 0 0 0 0 0 0 0 0 0 0 0 0 0 0 0 0 0 0 0 0 0 0 0 0 0 0 0 0 0 0 1 0 0 0 0 0 0 0 0 0 0 0 0 0 0 0 0 0 0 0 0 0 0 0 0 0 0 0 0 0 0 0 0 0 0 0 0 0 0]
[3955234533847888456862622321508309495025154337034077946553796014366238503106850672595081219468459501705586570158388424203069955418905607173343469147668542368673510933088559700198582480280032547112627394790803387860299639125711268281251078834498495704522220499837342704929229101518226966564749428660326 0 0 0 0 0 0 0 0 0 0 0 0 0 0 0 0 0 0 0 0 0 0 0 0 0 0 0 0 0 0 0 0 0 0 0 0 0 0 0 0 0 0 0 0 0 0 0 0 0 0 0 0 0 0 0 0 0 0 0 0 0 1 0 0 0 0 0 0 0 0 0 0 0 0 0 0 0 0 0 0 0 0 0 0 0 0 0 0 0 0 0 0 0 0 0 0 0 0 0]
[6948399203380177005777756673741393155895479452243266919398295788860146062188698079602525747008128103917687310139552460853473818379073015757904838402740968853291166082457852160934966290801768077810754888761689084862120186440554507554156364137132638968854277046859756905414980156332505005774486157694930 0 0 0 0 0 0 0 0 0 0 0 0 0 0 0 0 0 0 0 0 0 0 0 0 0 0 0 0 0 0 0 0 0 0 0 0 0 0 0 0 0 0 0 0 0 0 0 0 0 0 0 0 0 0 0 0 0 0 0 0 0 0 1 0 0 0 0 0 0 0 0 0 0 0 0 0 0 0 0 0 0 0 0 0 0 0 0 0 0 0 0 0 0 0 0 0 0 0 0]
[3539180026661015636894776361170596030590098936229174832139581252628291802507031343055749660587261009342716873930188182735860585038219648832996135264940810091750267093656097380906653955456467922263214939930185268853218678074247048989167861348402779165790136216549869016760321226356244029664975906300444 0 0 0 0 0 0 0 0 0 0 0 0 0 0 0 0 0 0 0 0 0 0 0 0 0 0 0 0 0 0 0 0 0 0 0 0 0 0 0 0 0 0 0 0 0 0 0 0 0 0 0 0 0 0 0 0 0 0 0 0 0 0 0 1 0 0 0 0 0 0 0 0 0 0 0 0 0 0 0 0 0 0 0 0 0 0 0 0 0 0 0 0 0 0 0 0 0 0 0]
[4814623281404882139056195590210687987674725652456436408023039091949752777229436720912566148814540988168809817117911832314195353602003436436903126687273467684198900602690845902174818666905471091323121511686375087474816582981464800923255457016199309503225192018528518720077042702664239046101237157209404 0 0 0 0 0 0 0 0 0 0 0 0 0 0 0 0 0 0 0 0 0 0 0 0 0 0 0 0 0 0 0 0 0 0 0 0 0 0 0 0 0 0 0 0 0 0 0 0 0 0 0 0 0 0 0 0 0 0 0 0 0 0 0 0 1 0 0 0 0 0 0 0 0 0 0 0 0 0 0 0 0 0 0 0 0 0 0 0 0 0 0 0 0 0 0 0 0 0 0]
[6460299272112465807392247597893253225739834539431875006753512963786773419934981865187494030558729615567831029512645520383764042640565782947793865185130459521666626721201771944978535247434014007413635562904187544687240854590833338196008310318191201929949389310300195143263334961432097019168690054947368 0 0 0 0 0 0 0 0 0 0 0 0 0 0 0 0 0 0 0 0 0 0 0 0 0 0 0 0 0 0 0 0 0 0 0 0 0 0 0 0 0 0 0 0 0 0 0 0 0 0 0 0 0 0 0 0 0 0 0 0 0 0 0 0 0 1 0 0 0 0 0 0 0 0 0 0 0 0 0 0 0 0 0 0 0 0 0 0 0 0 0 0 0 0 0 0 0 0 0]
[494020963785777404234199656444968487416454636901453009351030576936095403887646612080584258742237636502377532809050133455292269082911328046531165652526794358046460472086738848395522679054925511067738325232024374776600537008316528915794245943036324414425570364212204953020544237188324245850212791410823 0 0 0 0 0 0 0 0 0 0 0 0 0 0 0 0 0 0 0 0 0 0 0 0 0 0 0 0 0 0 0 0 0 0 0 0 0 0 0 0 0 0 0 0 0 0 0 0 0 0 0 0 0 0 0 0 0 0 0 0 0 0 0 0 0 0 1 0 0 0 0 0 0 0 0 0 0 0 0 0 0 0 0 0 0 0 0 0 0 0 0 0 0 0 0 0 0 0 0]
[713397206537895027572025992001864309797580067347215171925906427455259468261440845251305303402991827785751129249361589622182523717258088873853205443873985157104733027803006716005366986577235082275281934687994701765426733527047962297008468766714049811322852521702670108356400274040309315497872228027192 0 0 0 0 0 0 0 0 0 0 0 0 0 0 0 0 0 0 0 0 0 0 0 0 0 0 0 0 0 0 0 0 0 0 0 0 0 0 0 0 0 0 0 0 0 0 0 0 0 0 0 0 0 0 0 0 0 0 0 0 0 0 0 0 0 0 0 1 0 0 0 0 0 0 0 0 0 0 0 0 0 0 0 0 0 0 0 0 0 0 0 0 0 0 0 0 0 0 0]
[3328876556015535237713787661989494363614783737477477803125192231881939086710469950292096563536124877271347313924168024573674031650969991984083413729286160754696794629742296322520108271099154999815721502831041671372287031061323690418210097683844630079581659010147880809871679410980897751224848013146680 0 0 0 0 0 0 0 0 0 0 0 0 0 0 0 0 0 0 0 0 0 0 0 0 0 0 0 0 0 0 0 0 0 0 0 0 0 0 0 0 0 0 0 0 0 0 0 0 0 0 0 0 0 0 0 0 0 0 0 0 0 0 0 0 0 0 0 0 1 0 0 0 0 0 0 0 0 0 0 0 0 0 0 0 0 0 0 0 0 0 0 0 0 0 0 0 0 0 0]
[5765926924815443007008272157093929386718277887219515383268667670606591566246395027751111897355406581953333493671672753312733861002367847854784180154177745989502988769279266365377052343408800858977124448761721340128604304125552479682541902902893513008924516943330716507458872290729637228685305347743872 0 0 0 0 0 0 0 0 0 0 0 0 0 0 0 0 0 0 0 0 0 0 0 0 0 0 0 0 0 0 0 0 0 0 0 0 0 0 0 0 0 0 0 0 0 0 0 0 0 0 0 0 0 0 0 0 0 0 0 0 0 0 0 0 0 0 0 0 0 1 0 0 0 0 0 0 0 0 0 0 0 0 0 0 0 0 0 0 0 0 0 0 0 0 0 0 0 0 0]
[7950421266849917171431293458530088412616286685213484638522259931915689851443873658014915564760509987601250672285571007322386297432831139076576603706100076690267383591480075993951833919727140147079938841385863133793558482285101860906257750512732374523230571470253052245655110287577747326404802635596018 0 0 0 0 0 0 0 0 0 0 0 0 0 0 0 0 0 0 0 0 0 0 0 0 0 0 0 0 0 0 0 0 0 0 0 0 0 0 0 0 0 0 0 0 0 0 0 0 0 0 0 0 0 0 0 0 0 0 0 0 0 0 0 0 0 0 0 0 0 0 1 0 0 0 0 0 0 0 0 0 0 0 0 0 0 0 0 0 0 0 0 0 0 0 0 0 0 0 0]
[4188828951333502165583472659412745934339991615199932428090601234326609444524596901626703514168844092541490813422423381442734213072189234941995501066648826505529617289494030665286533263818548090056247169831014027610658914830346717039736421275416075204097964816917428701944669565238978159119995490785424 0 0 0 0 0 0 0 0 0 0 0 0 0 0 0 0 0 0 0 0 0 0 0 0 0 0 0 0 0 0 0 0 0 0 0 0 0 0 0 0 0 0 0 0 0 0 0 0 0 0 0 0 0 0 0 0 0 0 0 0 0 0 0 0 0 0 0 0 0 0 0 1 0 0 0 0 0 0 0 0 0 0 0 0 0 0 0 0 0 0 0 0 0 0 0 0 0 0 0]
[5902178831461334556509034311564709328197570833849057076215554764782613616371331847146176012597614733814914206583237981726050863250527404370449402422389912627654284308343968238595771845928807084959438963947334926547358842473694217597856397928515381008591541845825896538130122971374136714373293106266664 0 0 0 0 0 0 0 0 0 0 0 0 0 0 0 0 0 0 0 0 0 0 0 0 0 0 0 0 0 0 0 0 0 0 0 0 0 0 0 0 0 0 0 0 0 0 0 0 0 0 0 0 0 0 0 0 0 0 0 0 0 0 0 0 0 0 0 0 0 0 0 0 1 0 0 0 0 0 0 0 0 0 0 0 0 0 0 0 0 0 0 0 0 0 0 0 0 0 0]
[3632279592190681885270900341200686145224871407308809918465202973336769632311558786231727213202134775070274407950362808518619395607830461662072697128171316652871810435472271217238080504805931367209317128134924795151935854603423480323436839208365145909279618108964201166803131126665984337678685716981195 0 0 0 0 0 0 0 0 0 0 0 0 0 0 0 0 0 0 0 0 0 0 0 0 0 0 0 0 0 0 0 0 0 0 0 0 0 0 0 0 0 0 0 0 0 0 0 0 0 0 0 0 0 0 0 0 0 0 0 0 0 0 0 0 0 0 0 0 0 0 0 0 0 1 0 0 0 0 0 0 0 0 0 0 0 0 0 0 0 0 0 0 0 0 0 0 0 0 0]
[1508150586373513999484475911150065245939433715633876768627447309952494326299293837268906929055890219101384281279561249814945740352397677833629778022602099469266107467488778822766529678110672251745806972659165995021918478695794089230273283375958141755206658081040992457399499030772795311260700471462547 0 0 0 0 0 0 0 0 0 0 0 0 0 0 0 0 0 0 0 0 0 0 0 0 0 0 0 0 0 0 0 0 0 0 0 0 0 0 0 0 0 0 0 0 0 0 0 0 0 0 0 0 0 0 0 0 0 0 0 0 0 0 0 0 0 0 0 0 0 0 0 0 0 0 1 0 0 0 0 0 0 0 0 0 0 0 0 0 0 0 0 0 0 0 0 0 0 0 0]
[2100593178271580854050024580049223640750396234556809800063080840585847657974109416959517982561515684359691729763068369154810382527870825075190278784917546521192731367125657829207446384770471558483553810141777368203595861372818434692290932908425531652530395197232164087318618245758874415202932751187806 0 0 0 0 0 0 0 0 0 0 0 0 0 0 0 0 0 0 0 0 0 0 0 0 0 0 0 0 0 0 0 0 0 0 0 0 0 0 0 0 0 0 0 0 0 0 0 0 0 0 0 0 0 0 0 0 0 0 0 0 0 0 0 0 0 0 0 0 0 0 0 0 0 0 0 1 0 0 0 0 0 0 0 0 0 0 0 0 0 0 0 0 0 0 0 0 0 0 0]
[5534772024380676523370609868967668833586933954868538817251624573603383036995509995436940897491904635334847005285584468649987186188998806577580718698018920211204953161293728127716302677880142410334035488779641758340156252546045821604173797777806131626251523400260498204942108930815612022384149889109871 0 0 0 0 0 0 0 0 0 0 0 0 0 0 0 0 0 0 0 0 0 0 0 0 0 0 0 0 0 0 0 0 0 0 0 0 0 0 0 0 0 0 0 0 0 0 0 0 0 0 0 0 0 0 0 0 0 0 0 0 0 0 0 0 0 0 0 0 0 0 0 0 0 0 0 0 1 0 0 0 0 0 0 0 0 0 0 0 0 0 0 0 0 0 0 0 0 0 0]
[1258102401742790570163199373766686724576191175390908534538600384357445664541900081211666175924747871584410866894646487945319752667077803512561957140882267473084399588033905595468920116529804284360475922322717988875344913432680834215840704193733886308266821556321551027892672796146979919082485899546342 0 0 0 0 0 0 0 0 0 0 0 0 0 0 0 0 0 0 0 0 0 0 0 0 0 0 0 0 0 0 0 0 0 0 0 0 0 0 0 0 0 0 0 0 0 0 0 0 0 0 0 0 0 0 0 0 0 0 0 0 0 0 0 0 0 0 0 0 0 0 0 0 0 0 0 0 0 1 0 0 0 0 0 0 0 0 0 0 0 0 0 0 0 0 0 0 0 0 0]
[496702205670668550450228403526018764966536312394253379914285397852573548093516842324674144955625644490252251496666292965536393500745142544015790298350675328097748761134604341265717179316472919064293918954932790692660224175828678705662352948164508633828819665645409840170612329801094067090056009289954 0 0 0 0 0 0 0 0 0 0 0 0 0 0 0 0 0 0 0 0 0 0 0 0 0 0 0 0 0 0 0 0 0 0 0 0 0 0 0 0 0 0 0 0 0 0 0 0 0 0 0 0 0 0 0 0 0 0 0 0 0 0 0 0 0 0 0 0 0 0 0 0 0 0 0 0 0 0 1 0 0 0 0 0 0 0 0 0 0 0 0 0 0 0 0 0 0 0 0]
[1959898787239074238892189782981745389232646524528242621860436417691912296883677838165617290904383357478086981591114928518996767321239733202169292571853757877775622324588138202552165648308355873543314684180447790973155582274245178028246432522004534842989729897135778528495185037806029207205910918065373 0 0 0 0 0 0 0 0 0 0 0 0 0 0 0 0 0 0 0 0 0 0 0 0 0 0 0 0 0 0 0 0 0 0 0 0 0 0 0 0 0 0 0 0 0 0 0 0 0 0 0 0 0 0 0 0 0 0 0 0 0 0 0 0 0 0 0 0 0 0 0 0 0 0 0 0 0 0 0 1 0 0 0 0 0 0 0 0 0 0 0 0 0 0 0 0 0 0 0]
[5466042272325987131969505476252538496066697728842736199283142168491701338821719869490844655797416549518345671076526817532860947235478753084367345210319350383251910766508199580328848018972425973666599317499671348922406441044665652051765897601311820955948561243666668026540922036652529870563190174105227 0 0 0 0 0 0 0 0 0 0 0 0 0 0 0 0 0 0 0 0 0 0 0 0 0 0 0 0 0 0 0 0 0 0 0 0 0 0 0 0 0 0 0 0 0 0 0 0 0 0 0 0 0 0 0 0 0 0 0 0 0 0 0 0 0 0 0 0 0 0 0 0 0 0 0 0 0 0 0 0 1 0 0 0 0 0 0 0 0 0 0 0 0 0 0 0 0 0 0]
[4914049116795705345060271808964209370821924589946940757281366979211261572382058558533461072533815562300564540227150035348413470923510691147961764189960243936439605927060423180719133166893534790165720214163737645541642969740839778267111998366966953546583073504816409058584551217206748732357509288410136 0 0 0 0 0 0 0 0 0 0 0 0 0 0 0 0 0 0 0 0 0 0 0 0 0 0 0 0 0 0 0 0 0 0 0 0 0 0 0 0 0 0 0 0 0 0 0 0 0 0 0 0 0 0 0 0 0 0 0 0 0 0 0 0 0 0 0 0 0 0 0 0 0 0 0 0 0 0 0 0 0 1 0 0 0 0 0 0 0 0 0 0 0 0 0 0 0 0 0]
[3927851956244929387307369607417674005888023066400144105623890556382166929213330111628757999877545568866806789858871082004862410584359951888822683023885254820398925654738182916829378324958238219871306367921024353598373626304236527200280182518455176238317947070573886310588615460647759299425408713035071 0 0 0 0 0 0 0 0 0 0 0 0 0 0 0 0 0 0 0 0 0 0 0 0 0 0 0 0 0 0 0 0 0 0 0 0 0 0 0 0 0 0 0 0 0 0 0 0 0 0 0 0 0 0 0 0 0 0 0 0 0 0 0 0 0 0 0 0 0 0 0 0 0 0 0 0 0 0 0 0 0 0 1 0 0 0 0 0 0 0 0 0 0 0 0 0 0 0 0]
[6276688267138682520717242947783320123628901911989141509937776093399628039969080834710831454707970632883392400285095256144136708037828978899485286051225899803405786378357420374006407822447225172967067799934804366040309865576008086189733037747044811941281166992987760346513097832327565377524661438428931 0 0 0 0 0 0 0 0 0 0 0 0 0 0 0 0 0 0 0 0 0 0 0 0 0 0 0 0 0 0 0 0 0 0 0 0 0 0 0 0 0 0 0 0 0 0 0 0 0 0 0 0 0 0 0 0 0 0 0 0 0 0 0 0 0 0 0 0 0 0 0 0 0 0 0 0 0 0 0 0 0 0 0 1 0 0 0 0 0 0 0 0 0 0 0 0 0 0 0]
[7515737408402571216997352459306236253970946697760270145586686132788933851981922782391379393493932040948334900544924038215893238362286411741289674634165545391614578012197892018744114662414818371173496777880756350976446943279655272578790493100220959877215079815251382198809677765779549570158376557535287 0 0 0 0 0 0 0 0 0 0 0 0 0 0 0 0 0 0 0 0 0 0 0 0 0 0 0 0 0 0 0 0 0 0 0 0 0 0 0 0 0 0 0 0 0 0 0 0 0 0 0 0 0 0 0 0 0 0 0 0 0 0 0 0 0 0 0 0 0 0 0 0 0 0 0 0 0 0 0 0 0 0 0 0 1 0 0 0 0 0 0 0 0 0 0 0 0 0 0]
[2878472781217586642884673598532769487105676888948241886595849862602022476591910055950908235742117340230503227500063580335183826398753963350943236330313075057373831513801589443519915535592035842145159775358537080608757762467589417543240410710094816927038976477377423287520858550005831632841594190345083 0 0 0 0 0 0 0 0 0 0 0 0 0 0 0 0 0 0 0 0 0 0 0 0 0 0 0 0 0 0 0 0 0 0 0 0 0 0 0 0 0 0 0 0 0 0 0 0 0 0 0 0 0 0 0 0 0 0 0 0 0 0 0 0 0 0 0 0 0 0 0 0 0 0 0 0 0 0 0 0 0 0 0 0 0 1 0 0 0 0 0 0 0 0 0 0 0 0 0]
[6773929142864615458781412843017997227600448213201130050844131085502885433513357354091442929248517126405575729436080841360290832623296231604930359965706674555916463502464973024132728936299383943067007237942567636533510795933928482713291012063193313874324154357273204869071649497895975268043922595204953 0 0 0 0 0 0 0 0 0 0 0 0 0 0 0 0 0 0 0 0 0 0 0 0 0 0 0 0 0 0 0 0 0 0 0 0 0 0 0 0 0 0 0 0 0 0 0 0 0 0 0 0 0 0 0 0 0 0 0 0 0 0 0 0 0 0 0 0 0 0 0 0 0 0 0 0 0 0 0 0 0 0 0 0 0 0 1 0 0 0 0 0 0 0 0 0 0 0 0]
[6155637992271176161131809716145677122939886320593621208920408424034488579390849030004029592492397451277812517992253629993405478248574014248533416998939185678442221009541831429051474271713374250218239437865077181736104037839015103336399435363379568445157569508404594996783216860674175436655042527780835 0 0 0 0 0 0 0 0 0 0 0 0 0 0 0 0 0 0 0 0 0 0 0 0 0 0 0 0 0 0 0 0 0 0 0 0 0 0 0 0 0 0 0 0 0 0 0 0 0 0 0 0 0 0 0 0 0 0 0 0 0 0 0 0 0 0 0 0 0 0 0 0 0 0 0 0 0 0 0 0 0 0 0 0 0 0 0 1 0 0 0 0 0 0 0 0 0 0 0]
[6929336159829143790801223234519124152015608031587386698825854459340472709442534146824297171895934188868524019416081766863108575074734537523714228000881621154077847751878480538871945681387717441617705202207966115736462803170763449906522099146740543850595758092133786686203942142065572316463735445618446 0 0 0 0 0 0 0 0 0 0 0 0 0 0 0 0 0 0 0 0 0 0 0 0 0 0 0 0 0 0 0 0 0 0 0 0 0 0 0 0 0 0 0 0 0 0 0 0 0 0 0 0 0 0 0 0 0 0 0 0 0 0 0 0 0 0 0 0 0 0 0 0 0 0 0 0 0 0 0 0 0 0 0 0 0 0 0 0 1 0 0 0 0 0 0 0 0 0 0]
[7997030469261900486003614289221692162636668451128669451727364157434423232257641244348519567557817413841476934870511748593602774781408637618128383508183178432051814820010963248078638745540384458090486446695410772044445158158605568113547404348897554689266582827548912740125771484676053183829402111128598 0 0 0 0 0 0 0 0 0 0 0 0 0 0 0 0 0 0 0 0 0 0 0 0 0 0 0 0 0 0 0 0 0 0 0 0 0 0 0 0 0 0 0 0 0 0 0 0 0 0 0 0 0 0 0 0 0 0 0 0 0 0 0 0 0 0 0 0 0 0 0 0 0 0 0 0 0 0 0 0 0 0 0 0 0 0 0 0 0 1 0 0 0 0 0 0 0 0 0]
[2473998486570643738950866976870921303146206272367749338859597091163343513970109436809698621882731888711916403879453631001937973497513922685238163786714002628973867076252079287722265868567899215804331436141572344194280427849238120012671470184843043064544210888682346154306075022183834063212976451985209 0 0 0 0 0 0 0 0 0 0 0 0 0 0 0 0 0 0 0 0 0 0 0 0 0 0 0 0 0 0 0 0 0 0 0 0 0 0 0 0 0 0 0 0 0 0 0 0 0 0 0 0 0 0 0 0 0 0 0 0 0 0 0 0 0 0 0 0 0 0 0 0 0 0 0 0 0 0 0 0 0 0 0 0 0 0 0 0 0 0 1 0 0 0 0 0 0 0 0]
[3240730109079838855432456665709566961120127058487711476398710432655421525467106440050295829004681370109468562045265589123255904649376681878823671460785038920889999099673031797670435799833699720549474462681285981719620533668980878729540031980483495643251701532323069831175836236011059085518328308789304 0 0 0 0 0 0 0 0 0 0 0 0 0 0 0 0 0 0 0 0 0 0 0 0 0 0 0 0 0 0 0 0 0 0 0 0 0 0 0 0 0 0 0 0 0 0 0 0 0 0 0 0 0 0 0 0 0 0 0 0 0 0 0 0 0 0 0 0 0 0 0 0 0 0 0 0 0 0 0 0 0 0 0 0 0 0 0 0 0 0 0 1 0 0 0 0 0 0 0]
[5540736085029713356119495383867668610412218268914222883624527390857156261789323824953770468007229706190102724762650993850305845470817615485258079657196391843799717652275353249323138274228369340085925828207053194581747591821224932506017704947719589453102212401041839128663429728427505870234321675538965 0 0 0 0 0 0 0 0 0 0 0 0 0 0 0 0 0 0 0 0 0 0 0 0 0 0 0 0 0 0 0 0 0 0 0 0 0 0 0 0 0 0 0 0 0 0 0 0 0 0 0 0 0 0 0 0 0 0 0 0 0 0 0 0 0 0 0 0 0 0 0 0 0 0 0 0 0 0 0 0 0 0 0 0 0 0 0 0 0 0 0 0 1 0 0 0 0 0 0]
[6069550479508054913230167958144284072377827977391261130243728833368734652218626737879426918347516734708248391084999790827240397611253825269839760849674029078398390789829657136457022483566108517090753215676008016321108391836770771870226464863929653062923905661280971260980675457342802833024593166509397 0 0 0 0 0 0 0 0 0 0 0 0 0 0 0 0 0 0 0 0 0 0 0 0 0 0 0 0 0 0 0 0 0 0 0 0 0 0 0 0 0 0 0 0 0 0 0 0 0 0 0 0 0 0 0 0 0 0 0 0 0 0 0 0 0 0 0 0 0 0 0 0 0 0 0 0 0 0 0 0 0 0 0 0 0 0 0 0 0 0 0 0 0 1 0 0 0 0 0]
[2820281650342869807874943659371359214972386581245517212682105560995503927937384755673548007029503151617652631783284799951858278791851561330017615597160608992199730320900684558961979599770782762011004248998404476776654547027348722152134635708764919218003222693530616419072448848353416444263716200634053 0 0 0 0 0 0 0 0 0 0 0 0 0 0 0 0 0 0 0 0 0 0 0 0 0 0 0 0 0 0 0 0 0 0 0 0 0 0 0 0 0 0 0 0 0 0 0 0 0 0 0 0 0 0 0 0 0 0 0 0 0 0 0 0 0 0 0 0 0 0 0 0 0 0 0 0 0 0 0 0 0 0 0 0 0 0 0 0 0 0 0 0 0 0 1 0 0 0 0]
[5904327209211148144353249490968256328728133229885232936467382834373466785504421473905990659056403624178516480696902552411257678980236391039903339950941494259834940755084700219228275918765699930055656151259734320372617615868248342926605612829088306609987583004312045792727239379204913825290315078574963 0 0 0 0 0 0 0 0 0 0 0 0 0 0 0 0 0 0 0 0 0 0 0 0 0 0 0 0 0 0 0 0 0 0 0 0 0 0 0 0 0 0 0 0 0 0 0 0 0 0 0 0 0 0 0 0 0 0 0 0 0 0 0 0 0 0 0 0 0 0 0 0 0 0 0 0 0 0 0 0 0 0 0 0 0 0 0 0 0 0 0 0 0 0 0 1 0 0 0]
[1243941454058215799753936225409659845743653364788813187711153087753885866565108262952603614690837912648620903503401575306204370022659742850515375540094037406772019229602409915286813757685287673277070478784272231813783289570002730208749293473775471619498642852337161193325814076664408483159578817268039 0 0 0 0 0 0 0 0 0 0 0 0 0 0 0 0 0 0 0 0 0 0 0 0 0 0 0 0 0 0 0 0 0 0 0 0 0 0 0 0 0 0 0 0 0 0 0 0 0 0 0 0 0 0 0 0 0 0 0 0 0 0 0 0 0 0 0 0 0 0 0 0 0 0 0 0 0 0 0 0 0 0 0 0 0 0 0 0 0 0 0 0 0 0 0 0 1 0 0]
[6892360115150642461289733777044336477162737320868104309033392446090078298658020624695332092125622730817789276305503224705364312976273649306948266082440858162571278947681445582147430320323721437637919748259554968090370445733874522348714828842368770361374208726787088225277485566710032327214326360446226 0 0 0 0 0 0 0 0 0 0 0 0 0 0 0 0 0 0 0 0 0 0 0 0 0 0 0 0 0 0 0 0 0 0 0 0 0 0 0 0 0 0 0 0 0 0 0 0 0 0 0 0 0 0 0 0 0 0 0 0 0 0 0 0 0 0 0 0 0 0 0 0 0 0 0 0 0 0 0 0 0 0 0 0 0 0 0 0 0 0 0 0 0 0 0 0 0 1 0]
[6301673253276515387628876672770508901572501404214006818909487229199512142107362196096358713974185239768541262590045458345128016199759643240190159347015728216084602132340389460950989684410623382718978309612034174172732288302743410212530109686385348665874738564402088857652789768850685147085347377184566 0 0 0 0 0 0 0 0 0 0 0 0 0 0 0 0 0 0 0 0 0 0 0 0 0 0 0 0 0 0 0 0 0 0 0 0 0 0 0 0 0 0 0 0 0 0 0 0 0 0 0 0 0 0 0 0 0 0 0 0 0 0 0 0 0 0 0 0 0 0 0 0 0 0 0 0 0 0 0 0 0 0 0 0 0 0 0 0 0 0 0 0 0 0 0 0 0 0 1]
]
