[[4993894207727402023046556583589309968268606210122185458959463391471178749497541237646356966964850686249162181389960185600437973418662305777008935076008096794473010858219690149616252950645379861541079770738643309 0 0 0 0 0 0 0 0 0 0 0 0 0 0 0 0 0 0 0 0 0 0 0 0 0 0 0 0 0 0 0 0 0 0 0 0 0 0 0 0 0 0 0 0 0 0 0 0 0 0 0 0 0 0 0 0 0 0 0 0 0 0 0 0 0 0 0 0 0]
[4901928056642300147903838496566999874011178002387025572297912074564189518786658565936957121882393493905667341321512681118351051310031379752696515465507970073411788068919184401592778506393345369183935970734005653 1 0 0 0 0 0 0 0 0 0 0 0 0 0 0 0 0 0 0 0 0 0 0 0 0 0 0 0 0 0 0 0 0 0 0 0 0 0 0 0 0 0 0 0 0 0 0 0 0 0 0 0 0 0 0 0 0 0 0 0 0 0 0 0 0 0 0 0 0]
[2213501150597768849513403587939522334701864528228246664177175286448958986830063520831604028512740597825993204663673546632819687163515232495567818476169793068211835392689858694768146340467544379340989775365507516 0 1 0 0 0 0 0 0 0 0 0 0 0 0 0 0 0 0 0 0 0 0 0 0 0 0 0 0 0 0 0 0 0 0 0 0 0 0 0 0 0 0 0 0 0 0 0 0 0 0 0 0 0 0 0 0 0 0 0 0 0 0 0 0 0 0 0 0 0]
[1369210996237559266195204850693525565713912123791862656117550420249426735496814889629072133938296459399889473999948778750410068052717512010553903819981622638755674902387561135475888179893049527231446219130539095 0 0 1 0 0 0 0 0 0 0 0 0 0 0 0 0 0 0 0 0 0 0 0 0 0 0 0 0 0 0 0 0 0 0 0 0 0 0 0 0 0 0 0 0 0 0 0 0 0 0 0 0 0 0 0 0 0 0 0 0 0 0 0 0 0 0 0 0 0]
[3801047705577284586805596395888029519707429329339630152740378502765552430319518623917666325391269450589986055903925529406188674921755790924138643100743623720172408730553463396182222614999992773199182004767500513 0 0 0 1 0 0 0 0 0 0 0 0 0 0 0 0 0 0 0 0 0 0 0 0 0 0 0 0 0 0 0 0 0 0 0 0 0 0 0 0 0 0 0 0 0 0 0 0 0 0 0 0 0 0 0 0 0 0 0 0 0 0 0 0 0 0 0 0 0]
[163026345833802807025966238946176500901721488228227340624008392343490095427010704246659275798425070081805100830176428692874182377194070345383102261913275392316025701392602184777934767910736932278262403101265868 0 0 0 0 1 0 0 0 0 0 0 0 0 0 0 0 0 0 0 0 0 0 0 0 0 0 0 0 0 0 0 0 0 0 0 0 0 0 0 0 0 0 0 0 0 0 0 0 0 0 0 0 0 0 0 0 0 0 0 0 0 0 0 0 0 0 0 0 0]
[2067702549219944406574719025015171852385463975424452859472025988578203843377666679682985757156712259059770329509823460317842934686159202857252199716063457716500776068835603931070182422811306840226243428756529542 0 0 0 0 0 1 0 0 0 0 0 0 0 0 0 0 0 0 0 0 0 0 0 0 0 0 0 0 0 0 0 0 0 0 0 0 0 0 0 0 0 0 0 0 0 0 0 0 0 0 0 0 0 0 0 0 0 0 0 0 0 0 0 0 0 0 0 0 0]
[1870869951357696375732384749321402217228356842200114643418471161113433126372045255961307568722306469557507478776393218251347295934488957075157449507223138759306877079430265986052652166636867079030243592723775989 0 0 0 0 0 0 1 0 0 0 0 0 0 0 0 0 0 0 0 0 0 0 0 0 0 0 0 0 0 0 0 0 0 0 0 0 0 0 0 0 0 0 0 0 0 0 0 0 0 0 0 0 0 0 0 0 0 0 0 0 0 0 0 0 0 0 0 0 0]
[2992439932641037747595927376757691845555819127310339998167245704299181826406732389519747794561090502457654320794394259390110081267057952226132976839967203133706866812596331588327811231560011964394312630085153055 0 0 0 0 0 0 0 1 0 0 0 0 0 0 0 0 0 0 0 0 0 0 0 0 0 0 0 0 0 0 0 0 0 0 0 0 0 0 0 0 0 0 0 0 0 0 0 0 0 0 0 0 0 0 0 0 0 0 0 0 0 0 0 0 0 0 0 0 0]
[2578631317754476541938034765397023033949899766591178343133010372976726987920278245218537545790304957878217690347362543088304580851338920413285805248534876765381278454573741716262722496411958789007330744550918041 0 0 0 0 0 0 0 0 1 0 0 0 0 0 0 0 0 0 0 0 0 0 0 0 0 0 0 0 0 0 0 0 0 0 0 0 0 0 0 0 0 0 0 0 0 0 0 0 0 0 0 0 0 0 0 0 0 0 0 0 0 0 0 0 0 0 0 0 0]
[1064584650551916058749571343837633213122825628861188725763648589650633780499920909433470106545814960363829221536250809186622021169994184149039823124571066259637163345970749135820455656743226908956273399044929561 0 0 0 0 0 0 0 0 0 1 0 0 0 0 0 0 0 0 0 0 0 0 0 0 0 0 0 0 0 0 0 0 0 0 0 0 0 0 0 0 0 0 0 0 0 0 0 0 0 0 0 0 0 0 0 0 0 0 0 0 0 0 0 0 0 0 0 0 0]
[757331550901967378598021900914860285246127152965878849784904085773188297018032353072634368927657396716680952338662763358592208776128926895151339335791601141450728720753147325982716194346831693172073290550056539 0 0 0 0 0 0 0 0 0 0 1 0 0 0 0 0 0 0 0 0 0 0 0 0 0 0 0 0 0 0 0 0 0 0 0 0 0 0 0 0 0 0 0 0 0 0 0 0 0 0 0 0 0 0 0 0 0 0 0 0 0 0 0 0 0 0 0 0 0]
[646323224195163813410195211552304268869133932008348970507447418915801192125832302844812551911994123181443294362340649948474937325335701824711397501151339947691275468950258390114928920402373749016219470713775757 0 0 0 0 0 0 0 0 0 0 0 1 0 0 0 0 0 0 0 0 0 0 0 0 0 0 0 0 0 0 0 0 0 0 0 0 0 0 0 0 0 0 0 0 0 0 0 0 0 0 0 0 0 0 0 0 0 0 0 0 0 0 0 0 0 0 0 0 0]
[1186046014359295780611364270138503346192173803343941268367090428055014101330473345116320298835964808152315408112677341132083701918851111367653469469804353510551127074183063758719213756494851323082570061945763683 0 0 0 0 0 0 0 0 0 0 0 0 1 0 0 0 0 0 0 0 0 0 0 0 0 0 0 0 0 0 0 0 0 0 0 0 0 0 0 0 0 0 0 0 0 0 0 0 0 0 0 0 0 0 0 0 0 0 0 0 0 0 0 0 0 0 0 0 0]
[1112286651920126015826441964898935022794750394773242267146953931462258427466948489185884242175224585477069099923462900148687434389480645462842412450823509696482785883604147210988025660698855244002106697496735543 0 0 0 0 0 0 0 0 0 0 0 0 0 1 0 0 0 0 0 0 0 0 0 0 0 0 0 0 0 0 0 0 0 0 0 0 0 0 0 0 0 0 0 0 0 0 0 0 0 0 0 0 0 0 0 0 0 0 0 0 0 0 0 0 0 0 0 0 0]
[4102806360376481896049080298764132584845214225331102086315087971128051502666866934332645014612488958694521470734469050023828360511091289794404650106348379884447370835753281454392147039454358333324208248096498332 0 0 0 0 0 0 0 0 0 0 0 0 0 0 1 0 0 0 0 0 0 0 0 0 0 0 0 0 0 0 0 0 0 0 0 0 0 0 0 0 0 0 0 0 0 0 0 0 0 0 0 0 0 0 0 0 0 0 0 0 0 0 0 0 0 0 0 0 0]
[883985210638148336112227882924855141742197791102851526928158661219587622080709351450594779771228415345301728326714896971806041961388853300470907933095248424456168390986626609636539588466171894463812293773520786 0 0 0 0 0 0 0 0 0 0 0 0 0 0 0 1 0 0 0 0 0 0 0 0 0 0 0 0 0 0 0 0 0 0 0 0 0 0 0 0 0 0 0 0 0 0 0 0 0 0 0 0 0 0 0 0 0 0 0 0 0 0 0 0 0 0 0 0 0]
[4890190816036664955366090115430455739512839355123585700212111984785628403074993210484706381508622372943861806844129972760726173899318447256786101923862010515989833321657370683856898215526446034020293815770071253 0 0 0 0 0 0 0 0 0 0 0 0 0 0 0 0 1 0 0 0 0 0 0 0 0 0 0 0 0 0 0 0 0 0 0 0 0 0 0 0 0 0 0 0 0 0 0 0 0 0 0 0 0 0 0 0 0 0 0 0 0 0 0 0 0 0 0 0 0]
[3131987032264748803284102156540887256523032784366781481135176555284176145691800164901092126275960197300990758115118803763949144645967209684595847604338985617161736437524612179537491072083767163707039200413191938 0 0 0 0 0 0 0 0 0 0 0 0 0 0 0 0 0 1 0 0 0 0 0 0 0 0 0 0 0 0 0 0 0 0 0 0 0 0 0 0 0 0 0 0 0 0 0 0 0 0 0 0 0 0 0 0 0 0 0 0 0 0 0 0 0 0 0 0 0]
[1733248460701159709023437675613260015380162045600644440053544123964808193693679239850127592800636981683141155496824071724220459739874333222829680169730078849446534515360419282935025293905717923438224460256145647 0 0 0 0 0 0 0 0 0 0 0 0 0 0 0 0 0 0 1 0 0 0 0 0 0 0 0 0 0 0 0 0 0 0 0 0 0 0 0 0 0 0 0 0 0 0 0 0 0 0 0 0 0 0 0 0 0 0 0 0 0 0 0 0 0 0 0 0 0]
[3872496279409435779076845870754807355600655698452092904995393473456229350709093675083866528600989575564631125301647130823186760653076345041772325747341538970251777040320678476400095278565835838725558288086857577 0 0 0 0 0 0 0 0 0 0 0 0 0 0 0 0 0 0 0 1 0 0 0 0 0 0 0 0 0 0 0 0 0 0 0 0 0 0 0 0 0 0 0 0 0 0 0 0 0 0 0 0 0 0 0 0 0 0 0 0 0 0 0 0 0 0 0 0 0]
[3283467626571442015484107739158247335882484848320617525821240298488599349305553025364596629073554457659187876227274148979545224378512323056341069031748864808789058225395180882616586688301576223272132537069026218 0 0 0 0 0 0 0 0 0 0 0 0 0 0 0 0 0 0 0 0 1 0 0 0 0 0 0 0 0 0 0 0 0 0 0 0 0 0 0 0 0 0 0 0 0 0 0 0 0 0 0 0 0 0 0 0 0 0 0 0 0 0 0 0 0 0 0 0 0]
[663370051546658897003400886703035274467184754084066697768916434656855288472610386708554449023789681623808674531176638165666853647070215165180364408124089094059893775832232811490180682414414355410307565415948529 0 0 0 0 0 0 0 0 0 0 0 0 0 0 0 0 0 0 0 0 0 1 0 0 0 0 0 0 0 0 0 0 0 0 0 0 0 0 0 0 0 0 0 0 0 0 0 0 0 0 0 0 0 0 0 0 0 0 0 0 0 0 0 0 0 0 0 0 0]
[1901466009036389551566827294280561529119079179991747554094881625454702204750561753474828705248165701747623590353299718110715450189341725136704134973255039996490974763131472649558283038922706600568139575206725319 0 0 0 0 0 0 0 0 0 0 0 0 0 0 0 0 0 0 0 0 0 0 1 0 0 0 0 0 0 0 0 0 0 0 0 0 0 0 0 0 0 0 0 0 0 0 0 0 0 0 0 0 0 0 0 0 0 0 0 0 0 0 0 0 0 0 0 0 0]
[4505399718355488948132289226705061113182205676798466760208053306012020642826513689608751909935497156827513297203589145214160687926750963848566606600002176659054467837380345930323978008599475284514369516616530691 0 0 0 0 0 0 0 0 0 0 0 0 0 0 0 0 0 0 0 0 0 0 0 1 0 0 0 0 0 0 0 0 0 0 0 0 0 0 0 0 0 0 0 0 0 0 0 0 0 0 0 0 0 0 0 0 0 0 0 0 0 0 0 0 0 0 0 0 0]
[339006156317640234813288402197329298907976045341104225658786842995703608984121230449477958296173777723410314070912389942575182465129802710102608422399800768758618328264886896508058706251590543072888405712204605 0 0 0 0 0 0 0 0 0 0 0 0 0 0 0 0 0 0 0 0 0 0 0 0 1 0 0 0 0 0 0 0 0 0 0 0 0 0 0 0 0 0 0 0 0 0 0 0 0 0 0 0 0 0 0 0 0 0 0 0 0 0 0 0 0 0 0 0 0]
[624275016943901196187878061077515802149825689147152918318549938064652101889813732873910755473325801572200009821662138253765004963628476804949148922990338539149421422644760500777263704222892591122849733629590049 0 0 0 0 0 0 0 0 0 0 0 0 0 0 0 0 0 0 0 0 0 0 0 0 0 1 0 0 0 0 0 0 0 0 0 0 0 0 0 0 0 0 0 0 0 0 0 0 0 0 0 0 0 0 0 0 0 0 0 0 0 0 0 0 0 0 0 0 0]
[2729796541082348916604129366564447037816711334664640261331609042819762904132482810370554771920713146851982372756955091493428380828680329585657189348726824358149664113493969813745718778858051099185278086029605813 0 0 0 0 0 0 0 0 0 0 0 0 0 0 0 0 0 0 0 0 0 0 0 0 0 0 1 0 0 0 0 0 0 0 0 0 0 0 0 0 0 0 0 0 0 0 0 0 0 0 0 0 0 0 0 0 0 0 0 0 0 0 0 0 0 0 0 0 0]
[4321138608582816985545175609281512092616278396843184121879028076065137197559098974150233612846241613641288634487113792610581504169651770347589335266896830764954440591581166714344215040528600563731269390072300055 0 0 0 0 0 0 0 0 0 0 0 0 0 0 0 0 0 0 0 0 0 0 0 0 0 0 0 1 0 0 0 0 0 0 0 0 0 0 0 0 0 0 0 0 0 0 0 0 0 0 0 0 0 0 0 0 0 0 0 0 0 0 0 0 0 0 0 0 0]
[1449980051751748016583455796023375787366581790855369312702195833685392286172792396080113066303620300279543479659498851514836168545274450650669743799928321214643469722252632018745945074067093671441590256608477102 0 0 0 0 0 0 0 0 0 0 0 0 0 0 0 0 0 0 0 0 0 0 0 0 0 0 0 0 1 0 0 0 0 0 0 0 0 0 0 0 0 0 0 0 0 0 0 0 0 0 0 0 0 0 0 0 0 0 0 0 0 0 0 0 0 0 0 0 0]
[4653350298270309316949622587706402194328531364533798723276050517605392222692438886218235589551569449098626126080207216053100742703079821864208166573961926451286642179865218428208451353989919536400904442912299244 0 0 0 0 0 0 0 0 0 0 0 0 0 0 0 0 0 0 0 0 0 0 0 0 0 0 0 0 0 1 0 0 0 0 0 0 0 0 0 0 0 0 0 0 0 0 0 0 0 0 0 0 0 0 0 0 0 0 0 0 0 0 0 0 0 0 0 0 0]
[515312110983219143394831114037788278339710589762572436182684654156731240948271860968974609675102057171294274687251383621142983657685358781302105625297661354582192942126938441892175951165794728784819551767959156 0 0 0 0 0 0 0 0 0 0 0 0 0 0 0 0 0 0 0 0 0 0 0 0 0 0 0 0 0 0 1 0 0 0 0 0 0 0 0 0 0 0 0 0 0 0 0 0 0 0 0 0 0 0 0 0 0 0 0 0 0 0 0 0 0 0 0 0 0]
[4568370526303528974360435508341427579091755623744273672324353455085338202571483509450642702002984705855043758356934616287650978515661633949506319789446214526610978745260718793965040111101719229769371642934557299 0 0 0 0 0 0 0 0 0 0 0 0 0 0 0 0 0 0 0 0 0 0 0 0 0 0 0 0 0 0 0 1 0 0 0 0 0 0 0 0 0 0 0 0 0 0 0 0 0 0 0 0 0 0 0 0 0 0 0 0 0 0 0 0 0 0 0 0 0]
[2461114471191170456779935906039984833139551006531882183502967657723746558174421766753256218443344034331277585222736495528011487298360436958377504450451932373922717621332595670744053678038610772974850627328450141 0 0 0 0 0 0 0 0 0 0 0 0 0 0 0 0 0 0 0 0 0 0 0 0 0 0 0 0 0 0 0 0 1 0 0 0 0 0 0 0 0 0 0 0 0 0 0 0 0 0 0 0 0 0 0 0 0 0 0 0 0 0 0 0 0 0 0 0 0]
[2163131717963019341192761931695770937506789999512718444184198279919999919979276600211657207745516164572359397978100253011234989685372169680430138269860093307979058432007505578212797388979673115665623307202548661 0 0 0 0 0 0 0 0 0 0 0 0 0 0 0 0 0 0 0 0 0 0 0 0 0 0 0 0 0 0 0 0 0 1 0 0 0 0 0 0 0 0 0 0 0 0 0 0 0 0 0 0 0 0 0 0 0 0 0 0 0 0 0 0 0 0 0 0 0]
[4136870329237032132089973507766078895475708243922110452921460832842373559525985688020231870945578603623874364848952887435448648861250699194212519582540555514837699507200825772107123388620361078017810556284521520 0 0 0 0 0 0 0 0 0 0 0 0 0 0 0 0 0 0 0 0 0 0 0 0 0 0 0 0 0 0 0 0 0 0 1 0 0 0 0 0 0 0 0 0 0 0 0 0 0 0 0 0 0 0 0 0 0 0 0 0 0 0 0 0 0 0 0 0 0]
[4127972999752994054959269758585826830101569959399701914940958385657249160252846743912718004197580089155852254891477847171304170116439857539708588155941460686372292025832813689509054822534126279385619709736518095 0 0 0 0 0 0 0 0 0 0 0 0 0 0 0 0 0 0 0 0 0 0 0 0 0 0 0 0 0 0 0 0 0 0 0 1 0 0 0 0 0 0 0 0 0 0 0 0 0 0 0 0 0 0 0 0 0 0 0 0 0 0 0 0 0 0 0 0 0]
[276586089396520243614820606553215839099330891269441039756787637564803296926232683654575416234997121185306195646606331333433807640516701568289185588071658812468856634660279038901600520977475033210839063441435032 0 0 0 0 0 0 0 0 0 0 0 0 0 0 0 0 0 0 0 0 0 0 0 0 0 0 0 0 0 0 0 0 0 0 0 0 1 0 0 0 0 0 0 0 0 0 0 0 0 0 0 0 0 0 0 0 0 0 0 0 0 0 0 0 0 0 0 0 0]
[745245767443720068614351931392904518587893642077170077044831832838688300645473908963224000347387314849719840399967861348066209746983558355173079993996327895036450224168057634059386130548359039158724231068087107 0 0 0 0 0 0 0 0 0 0 0 0 0 0 0 0 0 0 0 0 0 0 0 0 0 0 0 0 0 0 0 0 0 0 0 0 0 1 0 0 0 0 0 0 0 0 0 0 0 0 0 0 0 0 0 0 0 0 0 0 0 0 0 0 0 0 0 0 0]
[1701996230773187930898799292943740093087384745984580629233310422579169026727018319846190511181622828042769296803266283232317670638222283368346015143706574163579000497154637785285480512558652582613701324765798331 0 0 0 0 0 0 0 0 0 0 0 0 0 0 0 0 0 0 0 0 0 0 0 0 0 0 0 0 0 0 0 0 0 0 0 0 0 0 1 0 0 0 0 0 0 0 0 0 0 0 0 0 0 0 0 0 0 0 0 0 0 0 0 0 0 0 0 0 0]
[4307696598964663474020613286877427806724547771839155917532996905835054879085542231050692536497714432260671846826566978346286980833464876976187265393497724709040621578306061645458721693340592825246238153941863020 0 0 0 0 0 0 0 0 0 0 0 0 0 0 0 0 0 0 0 0 0 0 0 0 0 0 0 0 0 0 0 0 0 0 0 0 0 0 0 1 0 0 0 0 0 0 0 0 0 0 0 0 0 0 0 0 0 0 0 0 0 0 0 0 0 0 0 0 0]
[3368046552982225250278860552073335307528711319872078546822170861486790799533140736160543499222593785551296024221206236428477942279717466604403726077773690595465361724173399373840375212779012556044817706066576412 0 0 0 0 0 0 0 0 0 0 0 0 0 0 0 0 0 0 0 0 0 0 0 0 0 0 0 0 0 0 0 0 0 0 0 0 0 0 0 0 1 0 0 0 0 0 0 0 0 0 0 0 0 0 0 0 0 0 0 0 0 0 0 0 0 0 0 0 0]
[3898623039552045132616691161785456109053526106567800565835720726638166110212861587516574733535234593205663348689750932646505345332543936105779998707918939891164586494220665713101481901583302670689002517226305521 0 0 0 0 0 0 0 0 0 0 0 0 0 0 0 0 0 0 0 0 0 0 0 0 0 0 0 0 0 0 0 0 0 0 0 0 0 0 0 0 0 1 0 0 0 0 0 0 0 0 0 0 0 0 0 0 0 0 0 0 0 0 0 0 0 0 0 0 0]
[2078303285297888279475256894637539137436223685930569680153844261397539193456077123118984885381318399380594271033178988651669828309510257460998739820338662509543208706624616646465277743371536081734673899572497096 0 0 0 0 0 0 0 0 0 0 0 0 0 0 0 0 0 0 0 0 0 0 0 0 0 0 0 0 0 0 0 0 0 0 0 0 0 0 0 0 0 0 1 0 0 0 0 0 0 0 0 0 0 0 0 0 0 0 0 0 0 0 0 0 0 0 0 0 0]
[1699872249859449178278474372326929146019539784326944093557622226048906942153982359688949260812151709838879464239402989612789146318928013187038240182290784800085320595332851216207832762103453987833377154439519162 0 0 0 0 0 0 0 0 0 0 0 0 0 0 0 0 0 0 0 0 0 0 0 0 0 0 0 0 0 0 0 0 0 0 0 0 0 0 0 0 0 0 0 1 0 0 0 0 0 0 0 0 0 0 0 0 0 0 0 0 0 0 0 0 0 0 0 0 0]
[2654783839064737203608019937379789216022291944055941933334059004427680426042149761987940948432029198207424335278006634749689582038832133352276632286332917030596683693547948802103502699139678607959672298460094778 0 0 0 0 0 0 0 0 0 0 0 0 0 0 0 0 0 0 0 0 0 0 0 0 0 0 0 0 0 0 0 0 0 0 0 0 0 0 0 0 0 0 0 0 1 0 0 0 0 0 0 0 0 0 0 0 0 0 0 0 0 0 0 0 0 0 0 0 0]
[2388993598816524088392072225372182139744637186419281331794678867128209021615224944279457148289929356213975684156495633546437902163968288895181074815081305100279631710749363398975916423711929304964124569032066292 0 0 0 0 0 0 0 0 0 0 0 0 0 0 0 0 0 0 0 0 0 0 0 0 0 0 0 0 0 0 0 0 0 0 0 0 0 0 0 0 0 0 0 0 0 1 0 0 0 0 0 0 0 0 0 0 0 0 0 0 0 0 0 0 0 0 0 0 0]
[4311965884877649794932737526500113778314926800303269996914766657007775167026813299263083668905823369270159258422374369990029937432391545822929094541152922989629865524813898118260217841589080002431535069992366676 0 0 0 0 0 0 0 0 0 0 0 0 0 0 0 0 0 0 0 0 0 0 0 0 0 0 0 0 0 0 0 0 0 0 0 0 0 0 0 0 0 0 0 0 0 0 1 0 0 0 0 0 0 0 0 0 0 0 0 0 0 0 0 0 0 0 0 0 0]
[4502074779411534598463257332548948582338740514565310896086073926769646980365858662178473009176594768454453893745658557624926118488588568072746732035360203563560816488706056029916496564628178795143156648721996358 0 0 0 0 0 0 0 0 0 0 0 0 0 0 0 0 0 0 0 0 0 0 0 0 0 0 0 0 0 0 0 0 0 0 0 0 0 0 0 0 0 0 0 0 0 0 0 1 0 0 0 0 0 0 0 0 0 0 0 0 0 0 0 0 0 0 0 0 0]
[322047326683159869346070955274577891902761522313336926384124001746037577349721044462775251088000443962434720250347880248723566813649517044613842392513632524412961603218524244405620241280985304494836619999652842 0 0 0 0 0 0 0 0 0 0 0 0 0 0 0 0 0 0 0 0 0 0 0 0 0 0 0 0 0 0 0 0 0 0 0 0 0 0 0 0 0 0 0 0 0 0 0 0 1 0 0 0 0 0 0 0 0 0 0 0 0 0 0 0 0 0 0 0 0]
[4602748259063801240429070321101319354780469437187041801473965338411864456860361636582535265238255027160767297434176360804138281131985554923606194346122136101125538481432188844171857455237202391894441543160456630 0 0 0 0 0 0 0 0 0 0 0 0 0 0 0 0 0 0 0 0 0 0 0 0 0 0 0 0 0 0 0 0 0 0 0 0 0 0 0 0 0 0 0 0 0 0 0 0 0 1 0 0 0 0 0 0 0 0 0 0 0 0 0 0 0 0 0 0 0]
[1502110606065567555235897654897183482006911986555093556036541332092297610296998738979702988780163900618993340586831464731557429140421205420739590131509739062290094570450506512797201428309185594484378904498016407 0 0 0 0 0 0 0 0 0 0 0 0 0 0 0 0 0 0 0 0 0 0 0 0 0 0 0 0 0 0 0 0 0 0 0 0 0 0 0 0 0 0 0 0 0 0 0 0 0 0 1 0 0 0 0 0 0 0 0 0 0 0 0 0 0 0 0 0 0]
[3223775529411034087135822792859855804881792836917169883647149502265467017594866664019724559806040479311264626864541183426821038133790963984616122616438414150443798556546505899090177444438440900696142956903943029 0 0 0 0 0 0 0 0 0 0 0 0 0 0 0 0 0 0 0 0 0 0 0 0 0 0 0 0 0 0 0 0 0 0 0 0 0 0 0 0 0 0 0 0 0 0 0 0 0 0 0 1 0 0 0 0 0 0 0 0 0 0 0 0 0 0 0 0 0]
[3285857527486956303116736583430140195099947562281549758943510064036118456534804194840708827696135824345998662684458371758877716023312468086115547169049788979016476086685318839846546332576428543288337735299460422 0 0 0 0 0 0 0 0 0 0 0 0 0 0 0 0 0 0 0 0 0 0 0 0 0 0 0 0 0 0 0 0 0 0 0 0 0 0 0 0 0 0 0 0 0 0 0 0 0 0 0 0 1 0 0 0 0 0 0 0 0 0 0 0 0 0 0 0 0]
[112721756900428380910205169043547950434432822861566788272587675850259313520191935745657148605721037713362736953798284643305349783773982534767459948681482466972735870612552574663178062380443694807888286113166019 0 0 0 0 0 0 0 0 0 0 0 0 0 0 0 0 0 0 0 0 0 0 0 0 0 0 0 0 0 0 0 0 0 0 0 0 0 0 0 0 0 0 0 0 0 0 0 0 0 0 0 0 0 1 0 0 0 0 0 0 0 0 0 0 0 0 0 0 0]
[2376396298067083998529152455435468919685380885511536950884950107288878097960612412165583424642171808439347481798746047827724640536497280903676144616525293911074316374155276645107794230609572066313992064540932105 0 0 0 0 0 0 0 0 0 0 0 0 0 0 0 0 0 0 0 0 0 0 0 0 0 0 0 0 0 0 0 0 0 0 0 0 0 0 0 0 0 0 0 0 0 0 0 0 0 0 0 0 0 0 1 0 0 0 0 0 0 0 0 0 0 0 0 0 0]
[1353021764761774905115234494501851029360399322559754393645726912306702641078216760444624765491007729349502991006461133633306291054975248115532724543460991476033350603764147686713693161915188569632322266696845276 0 0 0 0 0 0 0 0 0 0 0 0 0 0 0 0 0 0 0 0 0 0 0 0 0 0 0 0 0 0 0 0 0 0 0 0 0 0 0 0 0 0 0 0 0 0 0 0 0 0 0 0 0 0 0 1 0 0 0 0 0 0 0 0 0 0 0 0 0]
[2064635335200441932037079024380659989095411041680326993804132340150543610986048690046791814319675530231516977197380938999374024842997495385224299896277863405025755988097104432758099459032807314335102934201337313 0 0 0 0 0 0 0 0 0 0 0 0 0 0 0 0 0 0 0 0 0 0 0 0 0 0 0 0 0 0 0 0 0 0 0 0 0 0 0 0 0 0 0 0 0 0 0 0 0 0 0 0 0 0 0 0 1 0 0 0 0 0 0 0 0 0 0 0 0]
[3726313183387378388029403280604337728030229340169165608574491856222830395596605299932127701181689099467270709910387643709286284325485641352137336868291634850514264480884309287393781097654686399187952660611004730 0 0 0 0 0 0 0 0 0 0 0 0 0 0 0 0 0 0 0 0 0 0 0 0 0 0 0 0 0 0 0 0 0 0 0 0 0 0 0 0 0 0 0 0 0 0 0 0 0 0 0 0 0 0 0 0 0 1 0 0 0 0 0 0 0 0 0 0 0]
[4627895043818110612181212247228271420013908866076764069929120925393507947857791032373729512094083147023836134419012249611324570871257769425315121782196450270169752432005922920856006378443858551450629752358357401 0 0 0 0 0 0 0 0 0 0 0 0 0 0 0 0 0 0 0 0 0 0 0 0 0 0 0 0 0 0 0 0 0 0 0 0 0 0 0 0 0 0 0 0 0 0 0 0 0 0 0 0 0 0 0 0 0 0 1 0 0 0 0 0 0 0 0 0 0]
[2529519526267179923873155904913647201227068958069096695733890058154965938516395470561107770862660434331495208682618214574199562476489855676958927444545170127545224532308370558398755399256653195365010084240889825 0 0 0 0 0 0 0 0 0 0 0 0 0 0 0 0 0 0 0 0 0 0 0 0 0 0 0 0 0 0 0 0 0 0 0 0 0 0 0 0 0 0 0 0 0 0 0 0 0 0 0 0 0 0 0 0 0 0 0 1 0 0 0 0 0 0 0 0 0]
[99068618394908559959282218478344324949538453768364812891200008368081085505952132110899059644839689246204841312115152576813714388783995703412122380661908506046365412369652018511404528325634317168327933907500086 0 0 0 0 0 0 0 0 0 0 0 0 0 0 0 0 0 0 0 0 0 0 0 0 0 0 0 0 0 0 0 0 0 0 0 0 0 0 0 0 0 0 0 0 0 0 0 0 0 0 0 0 0 0 0 0 0 0 0 0 1 0 0 0 0 0 0 0 0]
[4556460439513455861827383809579427021582697590645042840972916281593019925168132789083267709373216537285143668595235987225899527631202656608696468317949383684450508731862703189914197275239100844229142348926898306 0 0 0 0 0 0 0 0 0 0 0 0 0 0 0 0 0 0 0 0 0 0 0 0 0 0 0 0 0 0 0 0 0 0 0 0 0 0 0 0 0 0 0 0 0 0 0 0 0 0 0 0 0 0 0 0 0 0 0 0 0 1 0 0 0 0 0 0 0]
[4748534216848784740994939284879175090768584727153581949315668900665152376264979987720376267929892562448158445272159421664968568626536769231313119749017751502820360728706971160852322662917039574603517627528547528 0 0 0 0 0 0 0 0 0 0 0 0 0 0 0 0 0 0 0 0 0 0 0 0 0 0 0 0 0 0 0 0 0 0 0 0 0 0 0 0 0 0 0 0 0 0 0 0 0 0 0 0 0 0 0 0 0 0 0 0 0 0 1 0 0 0 0 0 0]
[1602048033880225895284299117731525689302594092284932337062181334457995266921726348139231573855804991277183453306116286955155663259628896195908119953181924169680054010371090781970280972853339630032442621558513066 0 0 0 0 0 0 0 0 0 0 0 0 0 0 0 0 0 0 0 0 0 0 0 0 0 0 0 0 0 0 0 0 0 0 0 0 0 0 0 0 0 0 0 0 0 0 0 0 0 0 0 0 0 0 0 0 0 0 0 0 0 0 0 1 0 0 0 0 0]
[1775297331130652706704457272402076655460736889061433400691525660365532396495626645948257880796800772921831250895001852711887469712089983804173713386979759279025710134402085346420112029764204687484963315508644882 0 0 0 0 0 0 0 0 0 0 0 0 0 0 0 0 0 0 0 0 0 0 0 0 0 0 0 0 0 0 0 0 0 0 0 0 0 0 0 0 0 0 0 0 0 0 0 0 0 0 0 0 0 0 0 0 0 0 0 0 0 0 0 0 1 0 0 0 0]
[1551377190706115467357954293464990454213801254923918277987623153240878814494228432781143080746434364269364356655942781382212747966170376531104711841428434688577529551279239593773783790263737698724749009973205461 0 0 0 0 0 0 0 0 0 0 0 0 0 0 0 0 0 0 0 0 0 0 0 0 0 0 0 0 0 0 0 0 0 0 0 0 0 0 0 0 0 0 0 0 0 0 0 0 0 0 0 0 0 0 0 0 0 0 0 0 0 0 0 0 0 1 0 0 0]
[2980125067481695517833854575773672874932943807824189844730886829099450665047830252173384572158052144835913336895696524890127262076487348244825906828661053522749636582788174340719327384813186869293021068724194117 0 0 0 0 0 0 0 0 0 0 0 0 0 0 0 0 0 0 0 0 0 0 0 0 0 0 0 0 0 0 0 0 0 0 0 0 0 0 0 0 0 0 0 0 0 0 0 0 0 0 0 0 0 0 0 0 0 0 0 0 0 0 0 0 0 0 1 0 0]
[1905625728081045196510915176527136145699540114071755526789142953335504705298490327145586803598722112435687368799312834164524540078474935557882610201518786311798394881635230878998865669131879696475388247937793197 0 0 0 0 0 0 0 0 0 0 0 0 0 0 0 0 0 0 0 0 0 0 0 0 0 0 0 0 0 0 0 0 0 0 0 0 0 0 0 0 0 0 0 0 0 0 0 0 0 0 0 0 0 0 0 0 0 0 0 0 0 0 0 0 0 0 0 1 0]
[4696436766940236673190640865753614542066008447206598490024436364882747187168285706237642207488995193383842963173292976182084593812196696885360271567125330072621899725794540378953462442860638150456216669914374225 0 0 0 0 0 0 0 0 0 0 0 0 0 0 0 0 0 0 0 0 0 0 0 0 0 0 0 0 0 0 0 0 0 0 0 0 0 0 0 0 0 0 0 0 0 0 0 0 0 0 0 0 0 0 0 0 0 0 0 0 0 0 0 0 0 0 0 0 1]
]
