[[3169209890880410431569889749826596948326409840782168450310782525501549141464546666796647127939650361736510840736080401722829901089165563259120144796987699219116895163788893644771548734402221959341290586621005033 0 0 0 0 0 0 0 0 0 0 0 0 0 0 0 0 0 0 0 0 0 0 0 0 0 0 0 0 0 0 0 0 0 0 0 0 0 0 0 0 0 0 0 0 0 0 0 0 0 0 0 0 0 0 0 0 0 0 0 0 0 0 0 0 0 0 0 0 0]
[3043552126159211259033012932891124670117761491554197925175774715032424593586048264651529825964083836407036001830435267595765684857358031237419457506112183389656325980198257555839886605929736474238644214546997814 1 0 0 0 0 0 0 0 0 0 0 0 0 0 0 0 0 0 0 0 0 0 0 0 0 0 0 0 0 0 0 0 0 0 0 0 0 0 0 0 0 0 0 0 0 0 0 0 0 0 0 0 0 0 0 0 0 0 0 0 0 0 0 0 0 0 0 0 0]
[1745870954298769200432205184020657513377451124700579995730000773954111486395507188884546828244896882968665191273001508425284256912961075925792548900298036101398987441101992835911101464531497995997564519002445856 0 1 0 0 0 0 0 0 0 0 0 0 0 0 0 0 0 0 0 0 0 0 0 0 0 0 0 0 0 0 0 0 0 0 0 0 0 0 0 0 0 0 0 0 0 0 0 0 0 0 0 0 0 0 0 0 0 0 0 0 0 0 0 0 0 0 0 0 0]
[628328494760178057037617294003066585199446605645746597600976302085440082209185116291645492302362998820131344436533690445438219713091416765632840115412158796700661948449916559223270980820085321423626590318464797 0 0 1 0 0 0 0 0 0 0 0 0 0 0 0 0 0 0 0 0 0 0 0 0 0 0 0 0 0 0 0 0 0 0 0 0 0 0 0 0 0 0 0 0 0 0 0 0 0 0 0 0 0 0 0 0 0 0 0 0 0 0 0 0 0 0 0 0 0]
[2825315688683740191623473950741695959052604582461224401178709911468855596946631565989616940594516495388398535882390247792054192651781587856855168230771228394660890274151925241585954384890273773377216808020018619 0 0 0 1 0 0 0 0 0 0 0 0 0 0 0 0 0 0 0 0 0 0 0 0 0 0 0 0 0 0 0 0 0 0 0 0 0 0 0 0 0 0 0 0 0 0 0 0 0 0 0 0 0 0 0 0 0 0 0 0 0 0 0 0 0 0 0 0 0]
[1471634843414040580666543689318631837062008538103602934500421577251741187060025044671929277221411008777924212279099530600985745548159006963571932463943369074560263577909101740188460344493751395454458910416921666 0 0 0 0 1 0 0 0 0 0 0 0 0 0 0 0 0 0 0 0 0 0 0 0 0 0 0 0 0 0 0 0 0 0 0 0 0 0 0 0 0 0 0 0 0 0 0 0 0 0 0 0 0 0 0 0 0 0 0 0 0 0 0 0 0 0 0 0 0]
[1185842682004659261139935981151354480282347256695450362222599453707904350903363120858867659199660225115306978609344344026506478649191178512658313037981923350937757151175068735812876778306009682031623705875099735 0 0 0 0 0 1 0 0 0 0 0 0 0 0 0 0 0 0 0 0 0 0 0 0 0 0 0 0 0 0 0 0 0 0 0 0 0 0 0 0 0 0 0 0 0 0 0 0 0 0 0 0 0 0 0 0 0 0 0 0 0 0 0 0 0 0 0 0 0]
[448598796191486529001569224651579695418799738957879000215114294063052646185271140195224308059401206447348147391310363343911241712972901144286987840976917003289801709376451998582605918908483678304711698928223928 0 0 0 0 0 0 1 0 0 0 0 0 0 0 0 0 0 0 0 0 0 0 0 0 0 0 0 0 0 0 0 0 0 0 0 0 0 0 0 0 0 0 0 0 0 0 0 0 0 0 0 0 0 0 0 0 0 0 0 0 0 0 0 0 0 0 0 0 0]
[2695256774777783598849924213994910417307970842785135044020722024669684685210854330747215923193328258583165709818734520039315253545521667212187732074317021258003326066190516131718626648892266894853495927046195054 0 0 0 0 0 0 0 1 0 0 0 0 0 0 0 0 0 0 0 0 0 0 0 0 0 0 0 0 0 0 0 0 0 0 0 0 0 0 0 0 0 0 0 0 0 0 0 0 0 0 0 0 0 0 0 0 0 0 0 0 0 0 0 0 0 0 0 0 0]
[2163031383531851991133532871643852348064628348867534611094451101761736091744502744578019709343061266061724202953145183751915204513898842733739372402103350318365596835769936285580820071458700874677767801937368018 0 0 0 0 0 0 0 0 1 0 0 0 0 0 0 0 0 0 0 0 0 0 0 0 0 0 0 0 0 0 0 0 0 0 0 0 0 0 0 0 0 0 0 0 0 0 0 0 0 0 0 0 0 0 0 0 0 0 0 0 0 0 0 0 0 0 0 0 0]
[2237655692415516882477001736576075453101475121671138284023209802688298850857244403573914358949416043267739378253866033621249744176109565462226179794996523420814514194982082361219862690940369893399042611561985161 0 0 0 0 0 0 0 0 0 1 0 0 0 0 0 0 0 0 0 0 0 0 0 0 0 0 0 0 0 0 0 0 0 0 0 0 0 0 0 0 0 0 0 0 0 0 0 0 0 0 0 0 0 0 0 0 0 0 0 0 0 0 0 0 0 0 0 0 0]
[472470865106755804851452436455747710141756205460628352888346172092162610406391481779140736674602443294640220718718188093270362421192661297135824476604249392019296046453702762772140859610116137517713182640313191 0 0 0 0 0 0 0 0 0 0 1 0 0 0 0 0 0 0 0 0 0 0 0 0 0 0 0 0 0 0 0 0 0 0 0 0 0 0 0 0 0 0 0 0 0 0 0 0 0 0 0 0 0 0 0 0 0 0 0 0 0 0 0 0 0 0 0 0 0]
[884495637566597312092863248745721486298439693753528477574456945800046153837103076683938643690969979019200212971377131542240013103380456652688829653569220437506117547945110666625782734122909096771714185254585300 0 0 0 0 0 0 0 0 0 0 0 1 0 0 0 0 0 0 0 0 0 0 0 0 0 0 0 0 0 0 0 0 0 0 0 0 0 0 0 0 0 0 0 0 0 0 0 0 0 0 0 0 0 0 0 0 0 0 0 0 0 0 0 0 0 0 0 0 0]
[1665196192552202976484872113234390121682497148389117230562097215664393519625274826322299647418644460669331199353686177621225188308513837327371981382466161801176262942623829961953069294860546845676860402305052087 0 0 0 0 0 0 0 0 0 0 0 0 1 0 0 0 0 0 0 0 0 0 0 0 0 0 0 0 0 0 0 0 0 0 0 0 0 0 0 0 0 0 0 0 0 0 0 0 0 0 0 0 0 0 0 0 0 0 0 0 0 0 0 0 0 0 0 0 0]
[1227532452951970060232823564045847539314084509177068402657851967114568777807750398641544563709346006677104392524084809022398259158136436478737709314488923127822977533963972636975206721236752692476504727504531201 0 0 0 0 0 0 0 0 0 0 0 0 0 1 0 0 0 0 0 0 0 0 0 0 0 0 0 0 0 0 0 0 0 0 0 0 0 0 0 0 0 0 0 0 0 0 0 0 0 0 0 0 0 0 0 0 0 0 0 0 0 0 0 0 0 0 0 0 0]
[1850057786000610875058459486009638905839730000697230742833519971994927455738485582862282856078837542873972100822697984646137883628044297843852424442967170589806449163609758898884437997272533016837458884162795317 0 0 0 0 0 0 0 0 0 0 0 0 0 0 1 0 0 0 0 0 0 0 0 0 0 0 0 0 0 0 0 0 0 0 0 0 0 0 0 0 0 0 0 0 0 0 0 0 0 0 0 0 0 0 0 0 0 0 0 0 0 0 0 0 0 0 0 0 0]
[751827490418331364172306667147847325726818049129643780906213193092307482978869496523944225681212582475592795727688429003906005483082298625179894154692821841341391094360052929217410360516663012726778570667897432 0 0 0 0 0 0 0 0 0 0 0 0 0 0 0 1 0 0 0 0 0 0 0 0 0 0 0 0 0 0 0 0 0 0 0 0 0 0 0 0 0 0 0 0 0 0 0 0 0 0 0 0 0 0 0 0 0 0 0 0 0 0 0 0 0 0 0 0 0]
[1579618184324679623798535099974407613515083420250307174432512058315639586846255331632974090789509645604665585177864114728121624696645387913910911266688030741922256416478218823673557164498589408832306950975608095 0 0 0 0 0 0 0 0 0 0 0 0 0 0 0 0 1 0 0 0 0 0 0 0 0 0 0 0 0 0 0 0 0 0 0 0 0 0 0 0 0 0 0 0 0 0 0 0 0 0 0 0 0 0 0 0 0 0 0 0 0 0 0 0 0 0 0 0 0]
[1430102180826806956087977774278977479867555795378920797787915061481289855269086587509248268179107561519542783656850885185756707418926420406848811444489209192683535809504875602467754870585274932949607419399704155 0 0 0 0 0 0 0 0 0 0 0 0 0 0 0 0 0 1 0 0 0 0 0 0 0 0 0 0 0 0 0 0 0 0 0 0 0 0 0 0 0 0 0 0 0 0 0 0 0 0 0 0 0 0 0 0 0 0 0 0 0 0 0 0 0 0 0 0 0]
[3111704778028742139661468339778664251325684595112616644284373014862512593439937689858223254355259698734519790132026303807119968066541186390670355881409353043677997794110270493161874621299433747167193616138836963 0 0 0 0 0 0 0 0 0 0 0 0 0 0 0 0 0 0 1 0 0 0 0 0 0 0 0 0 0 0 0 0 0 0 0 0 0 0 0 0 0 0 0 0 0 0 0 0 0 0 0 0 0 0 0 0 0 0 0 0 0 0 0 0 0 0 0 0 0]
[3000873486678822171128166829637186028761462583561268915687064025481173603274249045112982249105931305345047693714045545866660180446695655615884869643646889872569340595363327764761122681215356973348081994218991126 0 0 0 0 0 0 0 0 0 0 0 0 0 0 0 0 0 0 0 1 0 0 0 0 0 0 0 0 0 0 0 0 0 0 0 0 0 0 0 0 0 0 0 0 0 0 0 0 0 0 0 0 0 0 0 0 0 0 0 0 0 0 0 0 0 0 0 0 0]
[500739747036354392673871207395962409979421737526831837550117368394520941601712372768500192870455275243883860830706026919932104965457781611286164917805883285484297840775957032381444409632590016528937167417178282 0 0 0 0 0 0 0 0 0 0 0 0 0 0 0 0 0 0 0 0 1 0 0 0 0 0 0 0 0 0 0 0 0 0 0 0 0 0 0 0 0 0 0 0 0 0 0 0 0 0 0 0 0 0 0 0 0 0 0 0 0 0 0 0 0 0 0 0 0]
[1227564624394240054385609578074771981059128653918134935507581619268220400247876487270942933395486911820342394163716544040250272752950977968824398912907449783680428345423593133736013202910881274282553798562533465 0 0 0 0 0 0 0 0 0 0 0 0 0 0 0 0 0 0 0 0 0 1 0 0 0 0 0 0 0 0 0 0 0 0 0 0 0 0 0 0 0 0 0 0 0 0 0 0 0 0 0 0 0 0 0 0 0 0 0 0 0 0 0 0 0 0 0 0 0]
[994577346417642342782569109002605582050212015687863298349179313240416556509211699156667556567849551639840481804534710081920117893987700783428141980119862999258258393162538294877731168105845899421020605373878635 0 0 0 0 0 0 0 0 0 0 0 0 0 0 0 0 0 0 0 0 0 0 1 0 0 0 0 0 0 0 0 0 0 0 0 0 0 0 0 0 0 0 0 0 0 0 0 0 0 0 0 0 0 0 0 0 0 0 0 0 0 0 0 0 0 0 0 0 0]
[810773743639980851093941643623046700736294660928213779967514245239246230877699328648783948002970535495274915160758173722453113580888403650378674544628579159914348982634709634169448201656500704606716497324512300 0 0 0 0 0 0 0 0 0 0 0 0 0 0 0 0 0 0 0 0 0 0 0 1 0 0 0 0 0 0 0 0 0 0 0 0 0 0 0 0 0 0 0 0 0 0 0 0 0 0 0 0 0 0 0 0 0 0 0 0 0 0 0 0 0 0 0 0 0]
[2333340935239192491876851257358069542960960976663912318392188317526662978427993167300376460047723681774422829023426699601338199365286595677775764746596348257465897010983552729326833980220798059536222173703544253 0 0 0 0 0 0 0 0 0 0 0 0 0 0 0 0 0 0 0 0 0 0 0 0 1 0 0 0 0 0 0 0 0 0 0 0 0 0 0 0 0 0 0 0 0 0 0 0 0 0 0 0 0 0 0 0 0 0 0 0 0 0 0 0 0 0 0 0 0]
[2828746739726718458373999243247860399870577588940999293269042412756926448831158884200177271101515454289637936331709948416515525777767287900974268276914898999540123445356131611579943653445206389665711997856553454 0 0 0 0 0 0 0 0 0 0 0 0 0 0 0 0 0 0 0 0 0 0 0 0 0 1 0 0 0 0 0 0 0 0 0 0 0 0 0 0 0 0 0 0 0 0 0 0 0 0 0 0 0 0 0 0 0 0 0 0 0 0 0 0 0 0 0 0 0]
[55550365958323781170203327186208111210156958202089108701238799743855922836123752068361762149573430478443753917891077040775855436476085641767021008563133775930509575423544442126266586073247908057644801712151098 0 0 0 0 0 0 0 0 0 0 0 0 0 0 0 0 0 0 0 0 0 0 0 0 0 0 1 0 0 0 0 0 0 0 0 0 0 0 0 0 0 0 0 0 0 0 0 0 0 0 0 0 0 0 0 0 0 0 0 0 0 0 0 0 0 0 0 0 0]
[1234234878348616823125723785684496228248988853986616804504427479960377446103454380022803630254722303006667564245721972780205031577257792129456372527658131184195680272301818922768082415871045953315650782343832885 0 0 0 0 0 0 0 0 0 0 0 0 0 0 0 0 0 0 0 0 0 0 0 0 0 0 0 1 0 0 0 0 0 0 0 0 0 0 0 0 0 0 0 0 0 0 0 0 0 0 0 0 0 0 0 0 0 0 0 0 0 0 0 0 0 0 0 0 0]
[1266815158583736136148893483773782638553906912982724439596146472046473422107750378989927107157227268339460499146177701408333559613711706284093390234679516511502850921807295394641921525364321225874710208115914884 0 0 0 0 0 0 0 0 0 0 0 0 0 0 0 0 0 0 0 0 0 0 0 0 0 0 0 0 1 0 0 0 0 0 0 0 0 0 0 0 0 0 0 0 0 0 0 0 0 0 0 0 0 0 0 0 0 0 0 0 0 0 0 0 0 0 0 0 0]
[349421545727735190864250830825330957306576987121689714844230708967325926450947451212281399547052339613358382999487497519694096394182335541032363652835092901988970134706725617017558411156999426249131821839439642 0 0 0 0 0 0 0 0 0 0 0 0 0 0 0 0 0 0 0 0 0 0 0 0 0 0 0 0 0 1 0 0 0 0 0 0 0 0 0 0 0 0 0 0 0 0 0 0 0 0 0 0 0 0 0 0 0 0 0 0 0 0 0 0 0 0 0 0 0]
[2596274285580733781214856089832851225151221288956972986810555537431529967747635815432689357816719121905877918194928236503634380099365198079030059326963199548922366211606881153755790440929099673936186944529257948 0 0 0 0 0 0 0 0 0 0 0 0 0 0 0 0 0 0 0 0 0 0 0 0 0 0 0 0 0 0 1 0 0 0 0 0 0 0 0 0 0 0 0 0 0 0 0 0 0 0 0 0 0 0 0 0 0 0 0 0 0 0 0 0 0 0 0 0 0]
[561788817542868250497821322612044330172309346886825442695686485916293948403143707847232863349456820054286629363503300843811602590281132538734511734446931756875245615491376264528583511710117927540232691310233333 0 0 0 0 0 0 0 0 0 0 0 0 0 0 0 0 0 0 0 0 0 0 0 0 0 0 0 0 0 0 0 1 0 0 0 0 0 0 0 0 0 0 0 0 0 0 0 0 0 0 0 0 0 0 0 0 0 0 0 0 0 0 0 0 0 0 0 0 0]
[742285098687968012677339168528793812054512693395510467830705532192224203169784898583830598718926531879750343074603926701628515977756301874971039002998333014407057409933401149034936943117023226091114424539880441 0 0 0 0 0 0 0 0 0 0 0 0 0 0 0 0 0 0 0 0 0 0 0 0 0 0 0 0 0 0 0 0 1 0 0 0 0 0 0 0 0 0 0 0 0 0 0 0 0 0 0 0 0 0 0 0 0 0 0 0 0 0 0 0 0 0 0 0 0]
[1437174637886822882864872783138849291510725323742208061472825133479938981626894642284692293320842241090905571870741205730649159499863071006362540258350292036201602957257819810172345679651718951521471717810639149 0 0 0 0 0 0 0 0 0 0 0 0 0 0 0 0 0 0 0 0 0 0 0 0 0 0 0 0 0 0 0 0 0 1 0 0 0 0 0 0 0 0 0 0 0 0 0 0 0 0 0 0 0 0 0 0 0 0 0 0 0 0 0 0 0 0 0 0 0]
[2118593938977933946834400893763566964160622214592044806452716107946568372246298143973617142730896411227100691367598508586184835436376675372185004619210999430160575491175199329107376357825535764072741608249154481 0 0 0 0 0 0 0 0 0 0 0 0 0 0 0 0 0 0 0 0 0 0 0 0 0 0 0 0 0 0 0 0 0 0 1 0 0 0 0 0 0 0 0 0 0 0 0 0 0 0 0 0 0 0 0 0 0 0 0 0 0 0 0 0 0 0 0 0 0]
[2013198373768263757587407438010771365552580516444088281493814373204323333398509891591403992163820409970309482697475012526659139249692731650481750835949559829700238135038781000600311777070683390243593786486600025 0 0 0 0 0 0 0 0 0 0 0 0 0 0 0 0 0 0 0 0 0 0 0 0 0 0 0 0 0 0 0 0 0 0 0 1 0 0 0 0 0 0 0 0 0 0 0 0 0 0 0 0 0 0 0 0 0 0 0 0 0 0 0 0 0 0 0 0 0]
[2435259340284012296465855702349823994125378056905831219719052845061308110802108815179088743733515049665392902705635149726284268839761872515590651426683743786383420481947984722204236900151163641483188741571900866 0 0 0 0 0 0 0 0 0 0 0 0 0 0 0 0 0 0 0 0 0 0 0 0 0 0 0 0 0 0 0 0 0 0 0 0 1 0 0 0 0 0 0 0 0 0 0 0 0 0 0 0 0 0 0 0 0 0 0 0 0 0 0 0 0 0 0 0 0]
[996683948953785994895988522216616715581166919489136886013688993857183042727886834607463659500302603553253999648220718245654678345471973879410421133580998370842057361283456737889045626000515736070007953908969081 0 0 0 0 0 0 0 0 0 0 0 0 0 0 0 0 0 0 0 0 0 0 0 0 0 0 0 0 0 0 0 0 0 0 0 0 0 1 0 0 0 0 0 0 0 0 0 0 0 0 0 0 0 0 0 0 0 0 0 0 0 0 0 0 0 0 0 0 0]
[1266623041202793448837589316779525013630147308404108805320719340861703020648219635985177357215938899615541973570776095504800215880990061353336184266448266088067872280736070706359526361374648088772124761232568956 0 0 0 0 0 0 0 0 0 0 0 0 0 0 0 0 0 0 0 0 0 0 0 0 0 0 0 0 0 0 0 0 0 0 0 0 0 0 1 0 0 0 0 0 0 0 0 0 0 0 0 0 0 0 0 0 0 0 0 0 0 0 0 0 0 0 0 0 0]
[2582415712961259978902170439982256503360699801007954407403341349333994006773209628093600439507298719498804715802518730202780384938461889727053095570312775206686443400079074326008037580143439337427580757215684561 0 0 0 0 0 0 0 0 0 0 0 0 0 0 0 0 0 0 0 0 0 0 0 0 0 0 0 0 0 0 0 0 0 0 0 0 0 0 0 1 0 0 0 0 0 0 0 0 0 0 0 0 0 0 0 0 0 0 0 0 0 0 0 0 0 0 0 0 0]
[1942337932361293868717972190130235737334478395507813437468076636020437041778180126635018229472046976327328247456476405214278770700279725536823209952560598028460751985515185550796173017403275434307692960971608100 0 0 0 0 0 0 0 0 0 0 0 0 0 0 0 0 0 0 0 0 0 0 0 0 0 0 0 0 0 0 0 0 0 0 0 0 0 0 0 0 1 0 0 0 0 0 0 0 0 0 0 0 0 0 0 0 0 0 0 0 0 0 0 0 0 0 0 0 0]
[1842926065166628482963932864658016134837706177641021636501447297842042100878968811538469066807662869150281967887040871108244593672531672608615012425389007288216727496857456950726281412882206243279905664219866582 0 0 0 0 0 0 0 0 0 0 0 0 0 0 0 0 0 0 0 0 0 0 0 0 0 0 0 0 0 0 0 0 0 0 0 0 0 0 0 0 0 1 0 0 0 0 0 0 0 0 0 0 0 0 0 0 0 0 0 0 0 0 0 0 0 0 0 0 0]
[222704000036908453866201903718135378616932459116056907687344654045742450802565120856598616643823951958662153326117544544189264939623863943667423101545554516772760966740763721177161237141109881314900318391979022 0 0 0 0 0 0 0 0 0 0 0 0 0 0 0 0 0 0 0 0 0 0 0 0 0 0 0 0 0 0 0 0 0 0 0 0 0 0 0 0 0 0 1 0 0 0 0 0 0 0 0 0 0 0 0 0 0 0 0 0 0 0 0 0 0 0 0 0 0]
[292727132682116749536944089011321286488017270229776559053653303647658885672641555778925239678952196794456535786531269531895915079111324317632451381058835940390153632519369743288638020543275636115719704102820042 0 0 0 0 0 0 0 0 0 0 0 0 0 0 0 0 0 0 0 0 0 0 0 0 0 0 0 0 0 0 0 0 0 0 0 0 0 0 0 0 0 0 0 1 0 0 0 0 0 0 0 0 0 0 0 0 0 0 0 0 0 0 0 0 0 0 0 0 0]
[2581814172557552567298761453756531258591911074071432410307002864416615694637765360563169191750981295685380870897307109927093568124447236417877131395426217567196573162450148292201036097658906089330074968151022596 0 0 0 0 0 0 0 0 0 0 0 0 0 0 0 0 0 0 0 0 0 0 0 0 0 0 0 0 0 0 0 0 0 0 0 0 0 0 0 0 0 0 0 0 1 0 0 0 0 0 0 0 0 0 0 0 0 0 0 0 0 0 0 0 0 0 0 0 0]
[88261130544505069226717601165601284541651966992782000273022192336465701724323933750525595783609066299375196392001868810576277384532266554098987081253332621165571082524917810922328342348144700019392749261654613 0 0 0 0 0 0 0 0 0 0 0 0 0 0 0 0 0 0 0 0 0 0 0 0 0 0 0 0 0 0 0 0 0 0 0 0 0 0 0 0 0 0 0 0 0 1 0 0 0 0 0 0 0 0 0 0 0 0 0 0 0 0 0 0 0 0 0 0 0]
[660080133609715624269505907852545334958583839950574970464166746460821097162365252946659694058526422559529904251303546779372413816087849683432763727993084082899326931152256224653742718707992969505511794447152815 0 0 0 0 0 0 0 0 0 0 0 0 0 0 0 0 0 0 0 0 0 0 0 0 0 0 0 0 0 0 0 0 0 0 0 0 0 0 0 0 0 0 0 0 0 0 1 0 0 0 0 0 0 0 0 0 0 0 0 0 0 0 0 0 0 0 0 0 0]
[1549406573473112984032224435009483988379434064372005396820134151692814498173682436718107200531657882831417488929385431826826381159461818182112929696583589522095945274508608613761513408111698922490257147717253570 0 0 0 0 0 0 0 0 0 0 0 0 0 0 0 0 0 0 0 0 0 0 0 0 0 0 0 0 0 0 0 0 0 0 0 0 0 0 0 0 0 0 0 0 0 0 0 1 0 0 0 0 0 0 0 0 0 0 0 0 0 0 0 0 0 0 0 0 0]
[1454900406344976423007520312324723995445953280343311557538644082089576043538046659697677098864429167322648949241648559394946105933026100081788250173440139872533314172223433408244875484605369911910639865852496943 0 0 0 0 0 0 0 0 0 0 0 0 0 0 0 0 0 0 0 0 0 0 0 0 0 0 0 0 0 0 0 0 0 0 0 0 0 0 0 0 0 0 0 0 0 0 0 0 1 0 0 0 0 0 0 0 0 0 0 0 0 0 0 0 0 0 0 0 0]
[472061833283235443909140241571681325100598407225097652381529170998012818313095785840230228127639480404093294109966986332685910371218663876336040807853695421376261567397633051891288540186983004187185397763262067 0 0 0 0 0 0 0 0 0 0 0 0 0 0 0 0 0 0 0 0 0 0 0 0 0 0 0 0 0 0 0 0 0 0 0 0 0 0 0 0 0 0 0 0 0 0 0 0 0 1 0 0 0 0 0 0 0 0 0 0 0 0 0 0 0 0 0 0 0]
[2806644958621649382141337394256592078880323032149946321332090976800366977192565012209269961110266322603096449753839359180310518649313085300233476453139420603114764747616951638754138508982938347350212924506102625 0 0 0 0 0 0 0 0 0 0 0 0 0 0 0 0 0 0 0 0 0 0 0 0 0 0 0 0 0 0 0 0 0 0 0 0 0 0 0 0 0 0 0 0 0 0 0 0 0 0 1 0 0 0 0 0 0 0 0 0 0 0 0 0 0 0 0 0 0]
[1311259194383421643297671883169061697800436508581666575628552955015829307988025655234725495522378585307308144433491422909444641235171418347520546416660243779452309786937783292950319503389346734476562318188618436 0 0 0 0 0 0 0 0 0 0 0 0 0 0 0 0 0 0 0 0 0 0 0 0 0 0 0 0 0 0 0 0 0 0 0 0 0 0 0 0 0 0 0 0 0 0 0 0 0 0 0 1 0 0 0 0 0 0 0 0 0 0 0 0 0 0 0 0 0]
[1581804239868138335140523597305701032303258452758207777022518305055139229392800290504234937734755230431636043315412681371826402839287038482017270367518509894726583225255082175538514520989838692154105169501220858 0 0 0 0 0 0 0 0 0 0 0 0 0 0 0 0 0 0 0 0 0 0 0 0 0 0 0 0 0 0 0 0 0 0 0 0 0 0 0 0 0 0 0 0 0 0 0 0 0 0 0 0 1 0 0 0 0 0 0 0 0 0 0 0 0 0 0 0 0]
[29443308392442424289522437198254824739844208672692875374448302050913699121532089514203564460368349298378634082103322389677600899235230712535496235888652855747972573753132019090483783086744086315783624530426323 0 0 0 0 0 0 0 0 0 0 0 0 0 0 0 0 0 0 0 0 0 0 0 0 0 0 0 0 0 0 0 0 0 0 0 0 0 0 0 0 0 0 0 0 0 0 0 0 0 0 0 0 0 1 0 0 0 0 0 0 0 0 0 0 0 0 0 0 0]
[1306616400072553426067495105537359875011529033616358926986090720601640414503811203235272434712145669953426789845522534794718015398781807851294544481140267522804373047081322840196448361614235341241080818056187179 0 0 0 0 0 0 0 0 0 0 0 0 0 0 0 0 0 0 0 0 0 0 0 0 0 0 0 0 0 0 0 0 0 0 0 0 0 0 0 0 0 0 0 0 0 0 0 0 0 0 0 0 0 0 1 0 0 0 0 0 0 0 0 0 0 0 0 0 0]
[2720999177649201962329105738784782209889636364880907875229395035023365645684344689095853236255145667616742771772128066027870121317719175138386132026105460048002762475666659243665017867255177150421451877871047964 0 0 0 0 0 0 0 0 0 0 0 0 0 0 0 0 0 0 0 0 0 0 0 0 0 0 0 0 0 0 0 0 0 0 0 0 0 0 0 0 0 0 0 0 0 0 0 0 0 0 0 0 0 0 0 1 0 0 0 0 0 0 0 0 0 0 0 0 0]
[2675479493076931700764717004191137736647154913600262993074251409019361176410459101316106982007383685542168358778185839737778672501249723945317029888430211744259816299045988266148347748316256634613317491593180690 0 0 0 0 0 0 0 0 0 0 0 0 0 0 0 0 0 0 0 0 0 0 0 0 0 0 0 0 0 0 0 0 0 0 0 0 0 0 0 0 0 0 0 0 0 0 0 0 0 0 0 0 0 0 0 0 1 0 0 0 0 0 0 0 0 0 0 0 0]
[142952270876066693207132563005103332565234849432311801430453527981122520423295713213105484695141720134481695954934730852324400920829012140233633423449726008421993408160269676975510220212618921497482227174092475 0 0 0 0 0 0 0 0 0 0 0 0 0 0 0 0 0 0 0 0 0 0 0 0 0 0 0 0 0 0 0 0 0 0 0 0 0 0 0 0 0 0 0 0 0 0 0 0 0 0 0 0 0 0 0 0 0 1 0 0 0 0 0 0 0 0 0 0 0]
[423127363839087379572635466280286197675522415874461799063294505367342219043146666428794311445970185128739949353612191357665080623773375354177374739363261173032090638441803442426551782676475606262274036334238760 0 0 0 0 0 0 0 0 0 0 0 0 0 0 0 0 0 0 0 0 0 0 0 0 0 0 0 0 0 0 0 0 0 0 0 0 0 0 0 0 0 0 0 0 0 0 0 0 0 0 0 0 0 0 0 0 0 0 1 0 0 0 0 0 0 0 0 0 0]
[3107331607161536961755839863007265757377677994537035140432664963440153023455523244528179804677684087608434996851965384454042103993047070623001339614306777704682187445816840653630982276077556556274397483750366027 0 0 0 0 0 0 0 0 0 0 0 0 0 0 0 0 0 0 0 0 0 0 0 0 0 0 0 0 0 0 0 0 0 0 0 0 0 0 0 0 0 0 0 0 0 0 0 0 0 0 0 0 0 0 0 0 0 0 0 1 0 0 0 0 0 0 0 0 0]
[159002075890010749626795494363236560168282664882836166162272462250376895228428836785641182006532991432398990484768085331248536053273286568775469128027648521054370013768576245502363285136274697254726867653669421 0 0 0 0 0 0 0 0 0 0 0 0 0 0 0 0 0 0 0 0 0 0 0 0 0 0 0 0 0 0 0 0 0 0 0 0 0 0 0 0 0 0 0 0 0 0 0 0 0 0 0 0 0 0 0 0 0 0 0 0 1 0 0 0 0 0 0 0 0]
[282051242806126228806475861863648194604552300877550029155026747512475916091551086777791253022128295645337060741820915771716715457278020342089258847517762534049895844289544725711846790554024401089725242448029183 0 0 0 0 0 0 0 0 0 0 0 0 0 0 0 0 0 0 0 0 0 0 0 0 0 0 0 0 0 0 0 0 0 0 0 0 0 0 0 0 0 0 0 0 0 0 0 0 0 0 0 0 0 0 0 0 0 0 0 0 0 1 0 0 0 0 0 0 0]
[2151049059066301102548461099795823894545780371783949123026751758393257655448875295599766494741998751893662019693476157283789355371515857065102940098243506378981387719960372087508975334314283565985848524968207077 0 0 0 0 0 0 0 0 0 0 0 0 0 0 0 0 0 0 0 0 0 0 0 0 0 0 0 0 0 0 0 0 0 0 0 0 0 0 0 0 0 0 0 0 0 0 0 0 0 0 0 0 0 0 0 0 0 0 0 0 0 0 1 0 0 0 0 0 0]
[379019513058805721261538522043521045076514710071285904923656958373895616448216586089731794642038811560561503847665153497625590561773543776956526558222211713391546097943229748310844969841245321577427332098074287 0 0 0 0 0 0 0 0 0 0 0 0 0 0 0 0 0 0 0 0 0 0 0 0 0 0 0 0 0 0 0 0 0 0 0 0 0 0 0 0 0 0 0 0 0 0 0 0 0 0 0 0 0 0 0 0 0 0 0 0 0 0 0 1 0 0 0 0 0]
[1595044989429308995297167767817894093563964001849992218746003501911330303336646871891365024462910563246202766384990786262716937786597657275729041591452501034530368267424588756529293164485637911905319021659601056 0 0 0 0 0 0 0 0 0 0 0 0 0 0 0 0 0 0 0 0 0 0 0 0 0 0 0 0 0 0 0 0 0 0 0 0 0 0 0 0 0 0 0 0 0 0 0 0 0 0 0 0 0 0 0 0 0 0 0 0 0 0 0 0 1 0 0 0 0]
[1603217856890512591621608383243597850674243954436269661746789678375895496844839933066122904067146116141827843053308698732971936458440747714367593722228358683959238836739996296202955036911747713839884335400874122 0 0 0 0 0 0 0 0 0 0 0 0 0 0 0 0 0 0 0 0 0 0 0 0 0 0 0 0 0 0 0 0 0 0 0 0 0 0 0 0 0 0 0 0 0 0 0 0 0 0 0 0 0 0 0 0 0 0 0 0 0 0 0 0 0 1 0 0 0]
[1553464960596010167421909502397083982565772133410558038949864842412722242720423986902584020121270439577669144645524274817940037061439444124527053420467722334637542425833576223932783866005653414833546713296385216 0 0 0 0 0 0 0 0 0 0 0 0 0 0 0 0 0 0 0 0 0 0 0 0 0 0 0 0 0 0 0 0 0 0 0 0 0 0 0 0 0 0 0 0 0 0 0 0 0 0 0 0 0 0 0 0 0 0 0 0 0 0 0 0 0 0 1 0 0]
[1563129370031586982202600432639408460380280690446715140402292454272915943679386365508548565200051289985542363262116830232612207667351921658388164127172702624028707866861623080061890900620165663966529177042590105 0 0 0 0 0 0 0 0 0 0 0 0 0 0 0 0 0 0 0 0 0 0 0 0 0 0 0 0 0 0 0 0 0 0 0 0 0 0 0 0 0 0 0 0 0 0 0 0 0 0 0 0 0 0 0 0 0 0 0 0 0 0 0 0 0 0 0 1 0]
[2616159981848440550104038939687148408858237678534246680361379402944285772244905319528302041244386661399397686742391269212515750047647616269569668634978225267280123654146624047982730771343080961268252953305840787 0 0 0 0 0 0 0 0 0 0 0 0 0 0 0 0 0 0 0 0 0 0 0 0 0 0 0 0 0 0 0 0 0 0 0 0 0 0 0 0 0 0 0 0 0 0 0 0 0 0 0 0 0 0 0 0 0 0 0 0 0 0 0 0 0 0 0 0 1]
]
