[[2482418677404481519456001201094495113298469612611737438349976922344111106269062293151195863369072664603603097506348064667 0 0 0 0 0 0 0 0 0 0 0 0 0 0 0 0 0 0 0 0 0 0 0 0 0 0 0 0 0 0 0 0 0 0 0 0 0 0 0]
[288551398357335354575559157408927515707995403255831955236571902253775558753197770048512325324993940247683559368673091818 1 0 0 0 0 0 0 0 0 0 0 0 0 0 0 0 0 0 0 0 0 0 0 0 0 0 0 0 0 0 0 0 0 0 0 0 0 0 0]
[968614224667643922729683284974693015607972181983213222124835107578733734044766113868996470475631974027040712936351055124 0 1 0 0 0 0 0 0 0 0 0 0 0 0 0 0 0 0 0 0 0 0 0 0 0 0 0 0 0 0 0 0 0 0 0 0 0 0 0]
[1629017565996469269872902692628022395599728401812337250185590551079905049208618287409509634173533173857053098220732021209 0 0 1 0 0 0 0 0 0 0 0 0 0 0 0 0 0 0 0 0 0 0 0 0 0 0 0 0 0 0 0 0 0 0 0 0 0 0 0]
[366836650793823029263414846755126540468336402817420094224007431431133337857216508321455985507906481129944674205957932604 0 0 0 1 0 0 0 0 0 0 0 0 0 0 0 0 0 0 0 0 0 0 0 0 0 0 0 0 0 0 0 0 0 0 0 0 0 0 0]
[587147764110844226877928514775621306092845940812786159753326721317592661531126670309958774415534341594857503034788252965 0 0 0 0 1 0 0 0 0 0 0 0 0 0 0 0 0 0 0 0 0 0 0 0 0 0 0 0 0 0 0 0 0 0 0 0 0 0 0]
[249869040932746767215069174438759248700862014596120173129022840764948261054374999131495563898886087351518506042096214932 0 0 0 0 0 1 0 0 0 0 0 0 0 0 0 0 0 0 0 0 0 0 0 0 0 0 0 0 0 0 0 0 0 0 0 0 0 0 0]
[2444156107852038639786294639699838721814615260865878699560477753772534143541741866220446333259437829210841278232478072146 0 0 0 0 0 0 1 0 0 0 0 0 0 0 0 0 0 0 0 0 0 0 0 0 0 0 0 0 0 0 0 0 0 0 0 0 0 0 0]
[656391982161993766962620868496838164847634386181286221065771652921721791566277590041395825785384340433937333724052659986 0 0 0 0 0 0 0 1 0 0 0 0 0 0 0 0 0 0 0 0 0 0 0 0 0 0 0 0 0 0 0 0 0 0 0 0 0 0 0]
[1649625203686578585030389276482510117772588085051805046483010985324301849612387915907018526332749152065949650281272552190 0 0 0 0 0 0 0 0 1 0 0 0 0 0 0 0 0 0 0 0 0 0 0 0 0 0 0 0 0 0 0 0 0 0 0 0 0 0 0]
[1688926444619502888920018670830201202458952084294962407036572082822474379011975605538151526597646265535497681554448174467 0 0 0 0 0 0 0 0 0 1 0 0 0 0 0 0 0 0 0 0 0 0 0 0 0 0 0 0 0 0 0 0 0 0 0 0 0 0 0]
[331748685681485630306455540430823341934392788793348858140856925597630658738773626301107056533615500922961657424843373697 0 0 0 0 0 0 0 0 0 0 1 0 0 0 0 0 0 0 0 0 0 0 0 0 0 0 0 0 0 0 0 0 0 0 0 0 0 0 0]
[1818966260339409723892724080242811813741312482517584672198513283485579277624745698702629537887236697831481885776680225830 0 0 0 0 0 0 0 0 0 0 0 1 0 0 0 0 0 0 0 0 0 0 0 0 0 0 0 0 0 0 0 0 0 0 0 0 0 0 0]
[1992331705941316840827007405383478192012004719763975511993576623113558763818267489838911344507599423271108470455370817486 0 0 0 0 0 0 0 0 0 0 0 0 1 0 0 0 0 0 0 0 0 0 0 0 0 0 0 0 0 0 0 0 0 0 0 0 0 0 0]
[1424891201685945989513524361732469143864320008929767375431072703101522278161755171174162021659048891633526194513369595566 0 0 0 0 0 0 0 0 0 0 0 0 0 1 0 0 0 0 0 0 0 0 0 0 0 0 0 0 0 0 0 0 0 0 0 0 0 0 0]
[1025330670335733482946949223973782098478453642475467262926489315020743057062343098457227152635337276599212359309764328784 0 0 0 0 0 0 0 0 0 0 0 0 0 0 1 0 0 0 0 0 0 0 0 0 0 0 0 0 0 0 0 0 0 0 0 0 0 0 0]
[2317422702481046436650636765328000823392726656132647601523849174327804938245436121715607770847603710068483494733487687589 0 0 0 0 0 0 0 0 0 0 0 0 0 0 0 1 0 0 0 0 0 0 0 0 0 0 0 0 0 0 0 0 0 0 0 0 0 0 0]
[260334750440012983833594653044037557413595703124161461234709923863979624982894958967292365768569441396698583948660794189 0 0 0 0 0 0 0 0 0 0 0 0 0 0 0 0 1 0 0 0 0 0 0 0 0 0 0 0 0 0 0 0 0 0 0 0 0 0 0]
[300085910920293361068106705706245125273668836943821026363489331790165615802658416348399174411401804030051294525638147583 0 0 0 0 0 0 0 0 0 0 0 0 0 0 0 0 0 1 0 0 0 0 0 0 0 0 0 0 0 0 0 0 0 0 0 0 0 0 0]
[1458522101975931578924575118068309770957514416670140532266856908166235461886052178505848672799624874023793288235906586367 0 0 0 0 0 0 0 0 0 0 0 0 0 0 0 0 0 0 1 0 0 0 0 0 0 0 0 0 0 0 0 0 0 0 0 0 0 0 0]
[2141500808450049217299261772389207134138344633525814417899925972069451993618019463393931928167344565506542308889704570308 0 0 0 0 0 0 0 0 0 0 0 0 0 0 0 0 0 0 0 1 0 0 0 0 0 0 0 0 0 0 0 0 0 0 0 0 0 0 0]
[1017300278655298701478004184490616296564413092224837870722698064079949708391376473174083777411199676375437159427955636724 0 0 0 0 0 0 0 0 0 0 0 0 0 0 0 0 0 0 0 0 1 0 0 0 0 0 0 0 0 0 0 0 0 0 0 0 0 0 0]
[1738262569677488117350529768623180342339305806110738765629226026489116823007717678870222169126210363179435885645470508533 0 0 0 0 0 0 0 0 0 0 0 0 0 0 0 0 0 0 0 0 0 1 0 0 0 0 0 0 0 0 0 0 0 0 0 0 0 0 0]
[1336638277711943740628228340136472911499479641286765654179801375836025019226212145508260915667942525811346018426992939514 0 0 0 0 0 0 0 0 0 0 0 0 0 0 0 0 0 0 0 0 0 0 1 0 0 0 0 0 0 0 0 0 0 0 0 0 0 0 0]
[293048896237520137849301895285630248737355264316862771694127440893589813693150951687273619931916121171497467200730506905 0 0 0 0 0 0 0 0 0 0 0 0 0 0 0 0 0 0 0 0 0 0 0 1 0 0 0 0 0 0 0 0 0 0 0 0 0 0 0]
[1142673937286680479973989825018912943320568418453913365456124456904710303863244759457794392268750525030442437666363436429 0 0 0 0 0 0 0 0 0 0 0 0 0 0 0 0 0 0 0 0 0 0 0 0 1 0 0 0 0 0 0 0 0 0 0 0 0 0 0]
[295277697905145336649516208105161717794322985602769859684117169279741975448902507926487290979940048871877688224329891552 0 0 0 0 0 0 0 0 0 0 0 0 0 0 0 0 0 0 0 0 0 0 0 0 0 1 0 0 0 0 0 0 0 0 0 0 0 0 0]
[2022290483624988027634077774599089970675713674256787523013912574531445087500679032582292055422836795966130251598424107210 0 0 0 0 0 0 0 0 0 0 0 0 0 0 0 0 0 0 0 0 0 0 0 0 0 0 1 0 0 0 0 0 0 0 0 0 0 0 0]
[597317592188986239891327865532095964155170025804036470501022659198001295311292646276295967796797425560460673792184758709 0 0 0 0 0 0 0 0 0 0 0 0 0 0 0 0 0 0 0 0 0 0 0 0 0 0 0 1 0 0 0 0 0 0 0 0 0 0 0]
[964675253585945927737282207161157868201531980503782311476824507560898031347434122578428061255274634011067825077695939171 0 0 0 0 0 0 0 0 0 0 0 0 0 0 0 0 0 0 0 0 0 0 0 0 0 0 0 0 1 0 0 0 0 0 0 0 0 0 0]
[968270490939948108527558681690285854595127855167166591792416532015667512976815633207044578527244392103154537638279147607 0 0 0 0 0 0 0 0 0 0 0 0 0 0 0 0 0 0 0 0 0 0 0 0 0 0 0 0 0 1 0 0 0 0 0 0 0 0 0]
[201565618555419066080406913851391467767923318110862435740791458064958943171940714700842170630288470676886745265617413668 0 0 0 0 0 0 0 0 0 0 0 0 0 0 0 0 0 0 0 0 0 0 0 0 0 0 0 0 0 0 1 0 0 0 0 0 0 0 0]
[1936282727748696412659277228932847365251997647879462614049441379647762445311068058099775026060576451207003184915861143214 0 0 0 0 0 0 0 0 0 0 0 0 0 0 0 0 0 0 0 0 0 0 0 0 0 0 0 0 0 0 0 1 0 0 0 0 0 0 0]
[1899477421317548926588756658805146932893637672170316575050873251619944377438970116895488030989984665889471276532076066274 0 0 0 0 0 0 0 0 0 0 0 0 0 0 0 0 0 0 0 0 0 0 0 0 0 0 0 0 0 0 0 0 1 0 0 0 0 0 0]
[577601067246809775408876121165450418591671091053605875697188009197919555451154211119817568719260509735359689165489076734 0 0 0 0 0 0 0 0 0 0 0 0 0 0 0 0 0 0 0 0 0 0 0 0 0 0 0 0 0 0 0 0 0 1 0 0 0 0 0]
[1181595153079509097336220405833463050731907140526296599753158684151986624807925470726042958482033924098502382473305314680 0 0 0 0 0 0 0 0 0 0 0 0 0 0 0 0 0 0 0 0 0 0 0 0 0 0 0 0 0 0 0 0 0 0 1 0 0 0 0]
[432931412839658608825154534485692529983153415258322911098942904032074185678446728298364315115390973879380080115887988205 0 0 0 0 0 0 0 0 0 0 0 0 0 0 0 0 0 0 0 0 0 0 0 0 0 0 0 0 0 0 0 0 0 0 0 1 0 0 0]
[2352823224341869619455449898354485149256277334433845321407668206513991984922290095395597356491886500258887640078733957334 0 0 0 0 0 0 0 0 0 0 0 0 0 0 0 0 0 0 0 0 0 0 0 0 0 0 0 0 0 0 0 0 0 0 0 0 1 0 0]
[1931096708997380621687933721532088153688487646923130459769793551108702353672768764022745373713497848158428832780809434031 0 0 0 0 0 0 0 0 0 0 0 0 0 0 0 0 0 0 0 0 0 0 0 0 0 0 0 0 0 0 0 0 0 0 0 0 0 1 0]
[833570907991425100543284251648222510822485447815660500157274801286638123100065305462780590400626780003651532418942710561 0 0 0 0 0 0 0 0 0 0 0 0 0 0 0 0 0 0 0 0 0 0 0 0 0 0 0 0 0 0 0 0 0 0 0 0 0 0 1]
]
