[[9775326353604890410505172835100340084001245587136713117912324275700986650046720098422729362609143324656988863390562962452053413958926043808505655923914070381223742418750677789339542327345116970924597093626008694881631283859301953913441220099977369339622458331136930218754329827917873823012483254996494372370567652677672913932033903 0 0 0 0 0 0 0 0 0 0 0 0 0 0 0 0 0 0 0 0 0 0 0 0 0 0 0 0 0 0 0 0 0 0 0 0 0 0 0 0 0 0 0 0 0 0 0 0 0 0 0 0 0 0 0 0 0 0 0 0 0 0 0 0 0 0 0 0 0 0 0 0 0 0 0 0 0 0 0 0 0 0 0 0 0 0 0 0 0 0 0 0 0 0 0 0 0 0 0 0 0 0 0 0 0 0 0 0 0]
[3486704300268733536094983103403627485446635431807280364474223825724763596405827985288755904852067279693822281711063637027839144217931720145783285634142096573513162358654098337645080736621833806993798849211776779116451175038041474268788741877546551740323624826316672948817694121154411669653894111735969022451638546575089119336989998 1 0 0 0 0 0 0 0 0 0 0 0 0 0 0 0 0 0 0 0 0 0 0 0 0 0 0 0 0 0 0 0 0 0 0 0 0 0 0 0 0 0 0 0 0 0 0 0 0 0 0 0 0 0 0 0 0 0 0 0 0 0 0 0 0 0 0 0 0 0 0 0 0 0 0 0 0 0 0 0 0 0 0 0 0 0 0 0 0 0 0 0 0 0 0 0 0 0 0 0 0 0 0 0 0 0 0 0 0]
[1799963230658640500389746887982987218164587858973618064803908373101348306178805924314299945238615500783860843928013252273618758350056748439845208734477980242372290907955443667401245425973820143145800345589492426102452164263656692242908075358276312300831284725596936161236999352967533832199396859523462383910756460775753449681841964 0 1 0 0 0 0 0 0 0 0 0 0 0 0 0 0 0 0 0 0 0 0 0 0 0 0 0 0 0 0 0 0 0 0 0 0 0 0 0 0 0 0 0 0 0 0 0 0 0 0 0 0 0 0 0 0 0 0 0 0 0 0 0 0 0 0 0 0 0 0 0 0 0 0 0 0 0 0 0 0 0 0 0 0 0 0 0 0 0 0 0 0 0 0 0 0 0 0 0 0 0 0 0 0 0 0 0 0 0]
[5697605974096905090063324592336426074852215844174552332699990769757074533846161949442554937252297652564647269696859814694505828026140264347620833758263665659767010470732401789190526850246232503477357370621334463091891778987380340178831426155695313919068514870812406907735381341773896015109909547274310570387527385489412964449479380 0 0 1 0 0 0 0 0 0 0 0 0 0 0 0 0 0 0 0 0 0 0 0 0 0 0 0 0 0 0 0 0 0 0 0 0 0 0 0 0 0 0 0 0 0 0 0 0 0 0 0 0 0 0 0 0 0 0 0 0 0 0 0 0 0 0 0 0 0 0 0 0 0 0 0 0 0 0 0 0 0 0 0 0 0 0 0 0 0 0 0 0 0 0 0 0 0 0 0 0 0 0 0 0 0 0 0 0 0]
[5834880718805172910238007562325961468379745038409142344391063781281612959046670692694638805392892045424383682720304350829471175798385722398065510953946504318360761012163080692012238508054277161431278915295903495805882506390015882778153294448376707761476999112413458636223553425249380161824807521922595375866405024959151470915126654 0 0 0 1 0 0 0 0 0 0 0 0 0 0 0 0 0 0 0 0 0 0 0 0 0 0 0 0 0 0 0 0 0 0 0 0 0 0 0 0 0 0 0 0 0 0 0 0 0 0 0 0 0 0 0 0 0 0 0 0 0 0 0 0 0 0 0 0 0 0 0 0 0 0 0 0 0 0 0 0 0 0 0 0 0 0 0 0 0 0 0 0 0 0 0 0 0 0 0 0 0 0 0 0 0 0 0 0 0]
[3699812050424860426657823317053172954065852304315505190040405889282636446426707345669756771798508921590512115735094915877972452214860473226621740031714539060598135291526778875609718586451791695980047570777076263120140271748923640877222107415421599207600845441906334526324926916182207007461802155599458075383035972430339405787331919 0 0 0 0 1 0 0 0 0 0 0 0 0 0 0 0 0 0 0 0 0 0 0 0 0 0 0 0 0 0 0 0 0 0 0 0 0 0 0 0 0 0 0 0 0 0 0 0 0 0 0 0 0 0 0 0 0 0 0 0 0 0 0 0 0 0 0 0 0 0 0 0 0 0 0 0 0 0 0 0 0 0 0 0 0 0 0 0 0 0 0 0 0 0 0 0 0 0 0 0 0 0 0 0 0 0 0 0 0]
[4844297383986038437016366312872083490736888237721509651161396071225964059491082599624090565927533090044190842002189752126560216800282353238996140620329189773214883836137602226629553764371561322230479203023840437100012104930234465465391180252856811994546062170011586582047268299428182857025821733073867577766554440325360608026331683 0 0 0 0 0 1 0 0 0 0 0 0 0 0 0 0 0 0 0 0 0 0 0 0 0 0 0 0 0 0 0 0 0 0 0 0 0 0 0 0 0 0 0 0 0 0 0 0 0 0 0 0 0 0 0 0 0 0 0 0 0 0 0 0 0 0 0 0 0 0 0 0 0 0 0 0 0 0 0 0 0 0 0 0 0 0 0 0 0 0 0 0 0 0 0 0 0 0 0 0 0 0 0 0 0 0 0 0 0]
[386401549472915369788695195825672354334001499476386947071205168599921522365378138258456494094142974289530252713895382234351834746059354409060687813792933319265363527220132355278461936476500117537440772499191643765498739369793872001679542383260541631906030210720064351311490654666928920407062827917737242704023172358653968169638576 0 0 0 0 0 0 1 0 0 0 0 0 0 0 0 0 0 0 0 0 0 0 0 0 0 0 0 0 0 0 0 0 0 0 0 0 0 0 0 0 0 0 0 0 0 0 0 0 0 0 0 0 0 0 0 0 0 0 0 0 0 0 0 0 0 0 0 0 0 0 0 0 0 0 0 0 0 0 0 0 0 0 0 0 0 0 0 0 0 0 0 0 0 0 0 0 0 0 0 0 0 0 0 0 0 0 0 0 0]
[9567298727073244330641507785128532270880979669583983578321016458906193171497501939048831961648499728057142426376397931039560959048755052351833358551803322133389333089220870058689635704911868286227917602315081631087361750554785525998315440273573595678550734617756289698064065852947036662385694243590312004820672000507036665507491276 0 0 0 0 0 0 0 1 0 0 0 0 0 0 0 0 0 0 0 0 0 0 0 0 0 0 0 0 0 0 0 0 0 0 0 0 0 0 0 0 0 0 0 0 0 0 0 0 0 0 0 0 0 0 0 0 0 0 0 0 0 0 0 0 0 0 0 0 0 0 0 0 0 0 0 0 0 0 0 0 0 0 0 0 0 0 0 0 0 0 0 0 0 0 0 0 0 0 0 0 0 0 0 0 0 0 0 0 0]
[2258987535302499844157968047867934193261338301554780461344449856420370336686831232040174324820874547407735790924809904899668424561138219599580059015362741487445279720218642824046155972488070281994308099287920309164088006999619143953708995851040235362935505915596382712280034104207727415372027790526615791481129191900168314714256786 0 0 0 0 0 0 0 0 1 0 0 0 0 0 0 0 0 0 0 0 0 0 0 0 0 0 0 0 0 0 0 0 0 0 0 0 0 0 0 0 0 0 0 0 0 0 0 0 0 0 0 0 0 0 0 0 0 0 0 0 0 0 0 0 0 0 0 0 0 0 0 0 0 0 0 0 0 0 0 0 0 0 0 0 0 0 0 0 0 0 0 0 0 0 0 0 0 0 0 0 0 0 0 0 0 0 0 0 0]
[1474634258260892881296252594193803816610494943358417681954328278021742146398233790412899800454133335181145790336654367720700608422211829856444434944551309944977626498272657906708060027397267530902956123221473071861361057681680243996604407280339843951063901421879327736037801223046316136215595975120380243552013741626760784450615783 0 0 0 0 0 0 0 0 0 1 0 0 0 0 0 0 0 0 0 0 0 0 0 0 0 0 0 0 0 0 0 0 0 0 0 0 0 0 0 0 0 0 0 0 0 0 0 0 0 0 0 0 0 0 0 0 0 0 0 0 0 0 0 0 0 0 0 0 0 0 0 0 0 0 0 0 0 0 0 0 0 0 0 0 0 0 0 0 0 0 0 0 0 0 0 0 0 0 0 0 0 0 0 0 0 0 0 0 0]
[3043836501856880608994980094697911093524003319546776643034813226091946538633454798600027394855391353983388177740111639575953554683018587788105002037945977775212720840020688397558983046278290637842578271448249437934220698005539912830263904759026582733561719898034553358369762811478799273586962348192410792705920673661254527194137512 0 0 0 0 0 0 0 0 0 0 1 0 0 0 0 0 0 0 0 0 0 0 0 0 0 0 0 0 0 0 0 0 0 0 0 0 0 0 0 0 0 0 0 0 0 0 0 0 0 0 0 0 0 0 0 0 0 0 0 0 0 0 0 0 0 0 0 0 0 0 0 0 0 0 0 0 0 0 0 0 0 0 0 0 0 0 0 0 0 0 0 0 0 0 0 0 0 0 0 0 0 0 0 0 0 0 0 0 0]
[4791543380402053492570674329527990938773299288824513882603653213885220186595159382661885245024338557017161302927608077898799415811451736539542119624218533316120934840453796393172909637726361750229058127412962995615531342478740168316226105316054878681297166828044912936588835818482032755514295145167694273087746325301291047534151724 0 0 0 0 0 0 0 0 0 0 0 1 0 0 0 0 0 0 0 0 0 0 0 0 0 0 0 0 0 0 0 0 0 0 0 0 0 0 0 0 0 0 0 0 0 0 0 0 0 0 0 0 0 0 0 0 0 0 0 0 0 0 0 0 0 0 0 0 0 0 0 0 0 0 0 0 0 0 0 0 0 0 0 0 0 0 0 0 0 0 0 0 0 0 0 0 0 0 0 0 0 0 0 0 0 0 0 0 0]
[7033385351898797274306163224410443322863888860476598390957382876269514794471556902955774152366189306234665224118153529723434871432359463437807791707881138378549023444321977483907110832107211531488154964320829148772433440195183179946775837153696460713438923964443607997306536321170191680623704258691406525666211813159877901382019163 0 0 0 0 0 0 0 0 0 0 0 0 1 0 0 0 0 0 0 0 0 0 0 0 0 0 0 0 0 0 0 0 0 0 0 0 0 0 0 0 0 0 0 0 0 0 0 0 0 0 0 0 0 0 0 0 0 0 0 0 0 0 0 0 0 0 0 0 0 0 0 0 0 0 0 0 0 0 0 0 0 0 0 0 0 0 0 0 0 0 0 0 0 0 0 0 0 0 0 0 0 0 0 0 0 0 0 0 0]
[3325002291408138128249321870385646031991774722318182391167130471260388427244387299950494543636395955992281197568767352227494460858689295026750677138510343979346857949976725159460903574617041127774374980928099942389044188898559241037571399353462988917777951889970449365768556359505058100930189006341886741748636337557080903982744381 0 0 0 0 0 0 0 0 0 0 0 0 0 1 0 0 0 0 0 0 0 0 0 0 0 0 0 0 0 0 0 0 0 0 0 0 0 0 0 0 0 0 0 0 0 0 0 0 0 0 0 0 0 0 0 0 0 0 0 0 0 0 0 0 0 0 0 0 0 0 0 0 0 0 0 0 0 0 0 0 0 0 0 0 0 0 0 0 0 0 0 0 0 0 0 0 0 0 0 0 0 0 0 0 0 0 0 0 0]
[2141992311555924557613375123917207091381250075927650640617308939746352421889545949865536640331320702050880330764004688080186144898421018138525752582199700660488751929276863163031473079120153508080402604154001538991675933343616728813274738822934057815962882260945173572024894692467838940816865840504040279275479475016231762409459094 0 0 0 0 0 0 0 0 0 0 0 0 0 0 1 0 0 0 0 0 0 0 0 0 0 0 0 0 0 0 0 0 0 0 0 0 0 0 0 0 0 0 0 0 0 0 0 0 0 0 0 0 0 0 0 0 0 0 0 0 0 0 0 0 0 0 0 0 0 0 0 0 0 0 0 0 0 0 0 0 0 0 0 0 0 0 0 0 0 0 0 0 0 0 0 0 0 0 0 0 0 0 0 0 0 0 0 0 0]
[6597726698507415958623732642440519000013250755276033281665225896184436317840726894572365441004947626705111108871944712587527698618171881404579565700374355501406033135715865379498196506365906628555791578414293509200740218448360988738365120996173268634437230275385965842196638585345041607746638014248604475063536832891340276693516002 0 0 0 0 0 0 0 0 0 0 0 0 0 0 0 1 0 0 0 0 0 0 0 0 0 0 0 0 0 0 0 0 0 0 0 0 0 0 0 0 0 0 0 0 0 0 0 0 0 0 0 0 0 0 0 0 0 0 0 0 0 0 0 0 0 0 0 0 0 0 0 0 0 0 0 0 0 0 0 0 0 0 0 0 0 0 0 0 0 0 0 0 0 0 0 0 0 0 0 0 0 0 0 0 0 0 0 0 0]
[3901388635657939392949596563333578180553151302543514628206429679202095362855113174507738857722233724539045660455282854486780632325156562671798291654750663375363289803356177335892927525562815463348259796241362803850487844238410733227922614770009199270554558605585922284538534639576362448684091340569564476190403189420618747308588644 0 0 0 0 0 0 0 0 0 0 0 0 0 0 0 0 1 0 0 0 0 0 0 0 0 0 0 0 0 0 0 0 0 0 0 0 0 0 0 0 0 0 0 0 0 0 0 0 0 0 0 0 0 0 0 0 0 0 0 0 0 0 0 0 0 0 0 0 0 0 0 0 0 0 0 0 0 0 0 0 0 0 0 0 0 0 0 0 0 0 0 0 0 0 0 0 0 0 0 0 0 0 0 0 0 0 0 0 0]
[9385942996109910728301796200965568209101702325961164396800600785257125156302970744446717666293795741371772981405357671317588841590537218662585027910368314701072845609267236470990717664766526953294382580538009858815944978524866535768850901235648791048405035516711908397998678278214564533508526838173279263689979330677035555062300200 0 0 0 0 0 0 0 0 0 0 0 0 0 0 0 0 0 1 0 0 0 0 0 0 0 0 0 0 0 0 0 0 0 0 0 0 0 0 0 0 0 0 0 0 0 0 0 0 0 0 0 0 0 0 0 0 0 0 0 0 0 0 0 0 0 0 0 0 0 0 0 0 0 0 0 0 0 0 0 0 0 0 0 0 0 0 0 0 0 0 0 0 0 0 0 0 0 0 0 0 0 0 0 0 0 0 0 0 0]
[1377924963864212381884061277373682250802341650043434477709399733950936289184226211459758763544228849921114506395822844324420228416024875515553034708064506058191846525554092196379944829519562789086751374222412178727003573411541447758672289912890239694051263002325835990224362540168569660864068327060160638741682546783360595738293599 0 0 0 0 0 0 0 0 0 0 0 0 0 0 0 0 0 0 1 0 0 0 0 0 0 0 0 0 0 0 0 0 0 0 0 0 0 0 0 0 0 0 0 0 0 0 0 0 0 0 0 0 0 0 0 0 0 0 0 0 0 0 0 0 0 0 0 0 0 0 0 0 0 0 0 0 0 0 0 0 0 0 0 0 0 0 0 0 0 0 0 0 0 0 0 0 0 0 0 0 0 0 0 0 0 0 0 0 0]
[1160621015728786136188929953057049896074288896698832926754287398670517199216563820791942549813256463883333659934699525241631134483913894240713931573923405426921288777930243478455762682595588201685023182508912766021736197791929555004709396316810135898903644320019215191451394096223240810698250411921821323343099133352585727021040630 0 0 0 0 0 0 0 0 0 0 0 0 0 0 0 0 0 0 0 1 0 0 0 0 0 0 0 0 0 0 0 0 0 0 0 0 0 0 0 0 0 0 0 0 0 0 0 0 0 0 0 0 0 0 0 0 0 0 0 0 0 0 0 0 0 0 0 0 0 0 0 0 0 0 0 0 0 0 0 0 0 0 0 0 0 0 0 0 0 0 0 0 0 0 0 0 0 0 0 0 0 0 0 0 0 0 0 0 0]
[9640380194522397992368801243077195537717739368138452548982271216323016425409217047956390827703624553170131755990727655643899888001440459640244646175536403375745069374605163141187142196112880150531806466854599877895675038097385380597671215108123423337688362611731295046558992935377276367763508265253996037544722651280854492000240097 0 0 0 0 0 0 0 0 0 0 0 0 0 0 0 0 0 0 0 0 1 0 0 0 0 0 0 0 0 0 0 0 0 0 0 0 0 0 0 0 0 0 0 0 0 0 0 0 0 0 0 0 0 0 0 0 0 0 0 0 0 0 0 0 0 0 0 0 0 0 0 0 0 0 0 0 0 0 0 0 0 0 0 0 0 0 0 0 0 0 0 0 0 0 0 0 0 0 0 0 0 0 0 0 0 0 0 0 0]
[6275540659491271908126553209943232831342569187867769886750984857613286079801419788448085861696754940303937302590048015355481789020508673827007325211338792369117647104656901781514159204802660777181535972639021468791146345722644155841930758137022228364404747558115413210004679233426949647161017443403597195517148646050783876106623879 0 0 0 0 0 0 0 0 0 0 0 0 0 0 0 0 0 0 0 0 0 1 0 0 0 0 0 0 0 0 0 0 0 0 0 0 0 0 0 0 0 0 0 0 0 0 0 0 0 0 0 0 0 0 0 0 0 0 0 0 0 0 0 0 0 0 0 0 0 0 0 0 0 0 0 0 0 0 0 0 0 0 0 0 0 0 0 0 0 0 0 0 0 0 0 0 0 0 0 0 0 0 0 0 0 0 0 0 0]
[957844372458393472920417168939111658615644394891384317616611503807077547132660644191365883000348503105967612605039039875440392632639731990373833958920890734946596125638821533793244520677025877608049191729217929670299185978362350203357097322017330542024671605387127684415444662712813270530437501552261850550222671112061762203730042 0 0 0 0 0 0 0 0 0 0 0 0 0 0 0 0 0 0 0 0 0 0 1 0 0 0 0 0 0 0 0 0 0 0 0 0 0 0 0 0 0 0 0 0 0 0 0 0 0 0 0 0 0 0 0 0 0 0 0 0 0 0 0 0 0 0 0 0 0 0 0 0 0 0 0 0 0 0 0 0 0 0 0 0 0 0 0 0 0 0 0 0 0 0 0 0 0 0 0 0 0 0 0 0 0 0 0 0 0]
[6821894856685687497061563382680078962457571396928636407189214764456304519212707674483403743040782525968263042226842389268923353348354695928583635814016940488720204333505447317406988844044751980417418415870535962590666347570836086187744639074843421827780773117184230528763324566190062004566479819138251800283050567459374738428134275 0 0 0 0 0 0 0 0 0 0 0 0 0 0 0 0 0 0 0 0 0 0 0 1 0 0 0 0 0 0 0 0 0 0 0 0 0 0 0 0 0 0 0 0 0 0 0 0 0 0 0 0 0 0 0 0 0 0 0 0 0 0 0 0 0 0 0 0 0 0 0 0 0 0 0 0 0 0 0 0 0 0 0 0 0 0 0 0 0 0 0 0 0 0 0 0 0 0 0 0 0 0 0 0 0 0 0 0 0]
[244192536702581016886376518622917602658996110103923473466484314210228466540166803196536897326266769672288743707108507037983636012446508365303850896491201097875478444330520145218117530399103020740936029404482652436672157490772962804599073872581609152996188313893706126665368481898257265013006442470269734178687601617326195906764243 0 0 0 0 0 0 0 0 0 0 0 0 0 0 0 0 0 0 0 0 0 0 0 0 1 0 0 0 0 0 0 0 0 0 0 0 0 0 0 0 0 0 0 0 0 0 0 0 0 0 0 0 0 0 0 0 0 0 0 0 0 0 0 0 0 0 0 0 0 0 0 0 0 0 0 0 0 0 0 0 0 0 0 0 0 0 0 0 0 0 0 0 0 0 0 0 0 0 0 0 0 0 0 0 0 0 0 0 0]
[3137380812779196870522517919449968093162296074403682666389366345865077326217881722606961066601212602569442193038291478901540393800877939708993288953322842202949464575866252854446075409231222881075515995398734344999875382841907615044692849704199613265857775193723434212515547787717056470365095708639071153257453909903464301332010664 0 0 0 0 0 0 0 0 0 0 0 0 0 0 0 0 0 0 0 0 0 0 0 0 0 1 0 0 0 0 0 0 0 0 0 0 0 0 0 0 0 0 0 0 0 0 0 0 0 0 0 0 0 0 0 0 0 0 0 0 0 0 0 0 0 0 0 0 0 0 0 0 0 0 0 0 0 0 0 0 0 0 0 0 0 0 0 0 0 0 0 0 0 0 0 0 0 0 0 0 0 0 0 0 0 0 0 0 0]
[1839535040833671880044531690275402576887951683573062857004646125123222157807413528999154844258826529299287813684764963426815290777791199504768845079167703010042968694943480781726591120259622148736404075663560688485870732346971046453787199179952168198201487753321954027427101156331412404804257667015956283000236498607676293631635381 0 0 0 0 0 0 0 0 0 0 0 0 0 0 0 0 0 0 0 0 0 0 0 0 0 0 1 0 0 0 0 0 0 0 0 0 0 0 0 0 0 0 0 0 0 0 0 0 0 0 0 0 0 0 0 0 0 0 0 0 0 0 0 0 0 0 0 0 0 0 0 0 0 0 0 0 0 0 0 0 0 0 0 0 0 0 0 0 0 0 0 0 0 0 0 0 0 0 0 0 0 0 0 0 0 0 0 0 0]
[117047063087952355973716773644296220528587008377692294521843263613321195281416301180950443929038216119280933610165463877746448043283750879511924978564283465428605613501700727394252163334584034695355237200970318861842041325298809353991384534108616156070863314825826894780700826221275939784747815402160546383004056094059590331522591 0 0 0 0 0 0 0 0 0 0 0 0 0 0 0 0 0 0 0 0 0 0 0 0 0 0 0 1 0 0 0 0 0 0 0 0 0 0 0 0 0 0 0 0 0 0 0 0 0 0 0 0 0 0 0 0 0 0 0 0 0 0 0 0 0 0 0 0 0 0 0 0 0 0 0 0 0 0 0 0 0 0 0 0 0 0 0 0 0 0 0 0 0 0 0 0 0 0 0 0 0 0 0 0 0 0 0 0 0]
[1439198144952745170760191739567012027502808831196578945677141994734254497215502065721743680800293919343047645167998496263535453690735990303365563361114986579472491416659629491295985792167705274201236436699670904975898424578216759624252269557749852673199763873764986153045391061408512977600110958353226599972953134989542746602719130 0 0 0 0 0 0 0 0 0 0 0 0 0 0 0 0 0 0 0 0 0 0 0 0 0 0 0 0 1 0 0 0 0 0 0 0 0 0 0 0 0 0 0 0 0 0 0 0 0 0 0 0 0 0 0 0 0 0 0 0 0 0 0 0 0 0 0 0 0 0 0 0 0 0 0 0 0 0 0 0 0 0 0 0 0 0 0 0 0 0 0 0 0 0 0 0 0 0 0 0 0 0 0 0 0 0 0 0 0]
[1417898990585574641820392008667960533305657654773720814135546368067533676698122847128773762687773094986415885877047238214204465254760491939151071683808956590410095082563988876080589117735423529504513212469046198177936390620095376928596655205208819287730772667862581743513461652156923425998532239829235300380591094645778038792636198 0 0 0 0 0 0 0 0 0 0 0 0 0 0 0 0 0 0 0 0 0 0 0 0 0 0 0 0 0 1 0 0 0 0 0 0 0 0 0 0 0 0 0 0 0 0 0 0 0 0 0 0 0 0 0 0 0 0 0 0 0 0 0 0 0 0 0 0 0 0 0 0 0 0 0 0 0 0 0 0 0 0 0 0 0 0 0 0 0 0 0 0 0 0 0 0 0 0 0 0 0 0 0 0 0 0 0 0 0]
[3342644198975484543438735234261584463444082363356844485303048859215447734486516377869307131000994755074309350662211741694894571810808548685132307084158965248621292689875812825106412479011498510603661889396940796610371993206845063065233267428752191914485982350040730624306218622691322904384135191474430162138675249447642397331623758 0 0 0 0 0 0 0 0 0 0 0 0 0 0 0 0 0 0 0 0 0 0 0 0 0 0 0 0 0 0 1 0 0 0 0 0 0 0 0 0 0 0 0 0 0 0 0 0 0 0 0 0 0 0 0 0 0 0 0 0 0 0 0 0 0 0 0 0 0 0 0 0 0 0 0 0 0 0 0 0 0 0 0 0 0 0 0 0 0 0 0 0 0 0 0 0 0 0 0 0 0 0 0 0 0 0 0 0 0]
[6118352085441680163304943555744547504713870719622231327198265846840277604700498400880609378401586767380678442706472390107074536204501796440597461809754793070474568019960865138090701691927497998832932793859815053607489968965601408429705305265962743245936355237661115684209605075907184994436123373137716781338028548255378115512603188 0 0 0 0 0 0 0 0 0 0 0 0 0 0 0 0 0 0 0 0 0 0 0 0 0 0 0 0 0 0 0 1 0 0 0 0 0 0 0 0 0 0 0 0 0 0 0 0 0 0 0 0 0 0 0 0 0 0 0 0 0 0 0 0 0 0 0 0 0 0 0 0 0 0 0 0 0 0 0 0 0 0 0 0 0 0 0 0 0 0 0 0 0 0 0 0 0 0 0 0 0 0 0 0 0 0 0 0 0]
[4395210757456851172291942593381654346623934965012728435010289169141841608629522471544719229902233605285724871599124327867286202481702740710227137091592047807899999976515925723838573743069237652528919771542507318794885137540712958230440049253031867472089658262974492826627247195029811106579402219509074282373212263758840808380581295 0 0 0 0 0 0 0 0 0 0 0 0 0 0 0 0 0 0 0 0 0 0 0 0 0 0 0 0 0 0 0 0 1 0 0 0 0 0 0 0 0 0 0 0 0 0 0 0 0 0 0 0 0 0 0 0 0 0 0 0 0 0 0 0 0 0 0 0 0 0 0 0 0 0 0 0 0 0 0 0 0 0 0 0 0 0 0 0 0 0 0 0 0 0 0 0 0 0 0 0 0 0 0 0 0 0 0 0 0]
[9004729652663470266961588181253970225667878720277753296905088818991681376098101932293647800005090538305552809097070076941167790199580950552650664697736231263283074392497148633307759275990272091261752267317250013645401362278235476137558024320143886370273952563301098214016673723077693859909652897239769293400037260749383684641973389 0 0 0 0 0 0 0 0 0 0 0 0 0 0 0 0 0 0 0 0 0 0 0 0 0 0 0 0 0 0 0 0 0 1 0 0 0 0 0 0 0 0 0 0 0 0 0 0 0 0 0 0 0 0 0 0 0 0 0 0 0 0 0 0 0 0 0 0 0 0 0 0 0 0 0 0 0 0 0 0 0 0 0 0 0 0 0 0 0 0 0 0 0 0 0 0 0 0 0 0 0 0 0 0 0 0 0 0 0]
[2889334261533215216273137453533780387301477229044723514237101500099355581867438071496200713400999015092088256573074244550989258098897124436498374835347297215897091947256406469575610717354233152531009913679245224040838786060129533709978306542239072386523233372525730743687009797331050896409451620473554749174749238931266099220411608 0 0 0 0 0 0 0 0 0 0 0 0 0 0 0 0 0 0 0 0 0 0 0 0 0 0 0 0 0 0 0 0 0 0 1 0 0 0 0 0 0 0 0 0 0 0 0 0 0 0 0 0 0 0 0 0 0 0 0 0 0 0 0 0 0 0 0 0 0 0 0 0 0 0 0 0 0 0 0 0 0 0 0 0 0 0 0 0 0 0 0 0 0 0 0 0 0 0 0 0 0 0 0 0 0 0 0 0 0]
[7629308916773751652419255129178568351769371448639942007074973010440832131355577530619692621296042443758284880395663883271177132477733255357568658687503693936779084918666426746610091929962448455537119779920331518688553414943994083560993151878425245192646902518555912781138674345657483395564127805454643375219291587339725847476235817 0 0 0 0 0 0 0 0 0 0 0 0 0 0 0 0 0 0 0 0 0 0 0 0 0 0 0 0 0 0 0 0 0 0 0 1 0 0 0 0 0 0 0 0 0 0 0 0 0 0 0 0 0 0 0 0 0 0 0 0 0 0 0 0 0 0 0 0 0 0 0 0 0 0 0 0 0 0 0 0 0 0 0 0 0 0 0 0 0 0 0 0 0 0 0 0 0 0 0 0 0 0 0 0 0 0 0 0 0]
[3239548656601947510998789658735937008870029931949253354505509701109692514140405240951411230430580658349757711206808727556857191723078055479234642484811466303619249109208042693808536122528452338717508276006606245788022552943343325728174524026300072720086218804572513251473222362373416010153372172567252314706891555490132634451354984 0 0 0 0 0 0 0 0 0 0 0 0 0 0 0 0 0 0 0 0 0 0 0 0 0 0 0 0 0 0 0 0 0 0 0 0 1 0 0 0 0 0 0 0 0 0 0 0 0 0 0 0 0 0 0 0 0 0 0 0 0 0 0 0 0 0 0 0 0 0 0 0 0 0 0 0 0 0 0 0 0 0 0 0 0 0 0 0 0 0 0 0 0 0 0 0 0 0 0 0 0 0 0 0 0 0 0 0 0]
[8604875403637613697471399414690721416763490098460671529161256214182672168184023418562622086827875736028324546440328638181017439204255893050270135415628625696137451968042633389672366291968635329095941806562392423139477743034883300769657271775590894247503267419631103077371564641296902295649251594308897309784038510756215271651058242 0 0 0 0 0 0 0 0 0 0 0 0 0 0 0 0 0 0 0 0 0 0 0 0 0 0 0 0 0 0 0 0 0 0 0 0 0 1 0 0 0 0 0 0 0 0 0 0 0 0 0 0 0 0 0 0 0 0 0 0 0 0 0 0 0 0 0 0 0 0 0 0 0 0 0 0 0 0 0 0 0 0 0 0 0 0 0 0 0 0 0 0 0 0 0 0 0 0 0 0 0 0 0 0 0 0 0 0 0]
[3358214910149069276108940217842408984754156082746582671378948233094164126714764365113114111623149794556560366560188103134905117235085240937202088153011918316748737064886907325960705584646852205837725320181315655114627853622707614134989863787821638244578870273393568204793837965568949186356039331770167016330031526803537026671590365 0 0 0 0 0 0 0 0 0 0 0 0 0 0 0 0 0 0 0 0 0 0 0 0 0 0 0 0 0 0 0 0 0 0 0 0 0 0 1 0 0 0 0 0 0 0 0 0 0 0 0 0 0 0 0 0 0 0 0 0 0 0 0 0 0 0 0 0 0 0 0 0 0 0 0 0 0 0 0 0 0 0 0 0 0 0 0 0 0 0 0 0 0 0 0 0 0 0 0 0 0 0 0 0 0 0 0 0 0]
[8878599158636533947904127298205663170353255872738975792547446215005949585849649086431697034329704100596710551755631366147685225897417684039750749488879282265954724333452830992923518678279530605315998999072165794888029647258807033928244083106485378697860461542734887230454548456035698671720462039380592313354565173667443026332996838 0 0 0 0 0 0 0 0 0 0 0 0 0 0 0 0 0 0 0 0 0 0 0 0 0 0 0 0 0 0 0 0 0 0 0 0 0 0 0 1 0 0 0 0 0 0 0 0 0 0 0 0 0 0 0 0 0 0 0 0 0 0 0 0 0 0 0 0 0 0 0 0 0 0 0 0 0 0 0 0 0 0 0 0 0 0 0 0 0 0 0 0 0 0 0 0 0 0 0 0 0 0 0 0 0 0 0 0 0]
[1549037397810517145979245043509017224746493612361070546352736922420402928388192465198080914039848218289268460065481747574448309495680164054440162152129740104696303772758603386133210774886313380356600809231571099887676831319304323586452454656505754888483085937549595163947691004271235616790478857770575787993532022585927560237790858 0 0 0 0 0 0 0 0 0 0 0 0 0 0 0 0 0 0 0 0 0 0 0 0 0 0 0 0 0 0 0 0 0 0 0 0 0 0 0 0 1 0 0 0 0 0 0 0 0 0 0 0 0 0 0 0 0 0 0 0 0 0 0 0 0 0 0 0 0 0 0 0 0 0 0 0 0 0 0 0 0 0 0 0 0 0 0 0 0 0 0 0 0 0 0 0 0 0 0 0 0 0 0 0 0 0 0 0 0]
[5787233653363944418657036982566550532800342873242080101462620914452681204398739248016063109272174044997472676858978737937774810647369289525877816289774450105647038789953166969660673575677637297959972967549392891525565373791655060608294447531371684124337653501088556496108865620982684299143978862739446807081700095722243104905912470 0 0 0 0 0 0 0 0 0 0 0 0 0 0 0 0 0 0 0 0 0 0 0 0 0 0 0 0 0 0 0 0 0 0 0 0 0 0 0 0 0 1 0 0 0 0 0 0 0 0 0 0 0 0 0 0 0 0 0 0 0 0 0 0 0 0 0 0 0 0 0 0 0 0 0 0 0 0 0 0 0 0 0 0 0 0 0 0 0 0 0 0 0 0 0 0 0 0 0 0 0 0 0 0 0 0 0 0 0]
[1054481817228742248808261671668812843281234886946249492001327631944397443160752140267762838401850317297410687175771588009040335833387435085067031344847681889348907825416531160328351778881172636759647016102756163711650752927242331033798691380676337628569173390566861593550894070163027543285793198023853478432902775686061044572431054 0 0 0 0 0 0 0 0 0 0 0 0 0 0 0 0 0 0 0 0 0 0 0 0 0 0 0 0 0 0 0 0 0 0 0 0 0 0 0 0 0 0 1 0 0 0 0 0 0 0 0 0 0 0 0 0 0 0 0 0 0 0 0 0 0 0 0 0 0 0 0 0 0 0 0 0 0 0 0 0 0 0 0 0 0 0 0 0 0 0 0 0 0 0 0 0 0 0 0 0 0 0 0 0 0 0 0 0 0]
[7314522122779385564773254310265640090351363992759498373961133518287603115474642385972203249497793716173177560286327059078240396809657233328514539013259282880471172171200862670524840032173786872024345730729168941817160852122630341358906085753251375346800788242660807844588272110099678406125589456515235848434350034567410729554546656 0 0 0 0 0 0 0 0 0 0 0 0 0 0 0 0 0 0 0 0 0 0 0 0 0 0 0 0 0 0 0 0 0 0 0 0 0 0 0 0 0 0 0 1 0 0 0 0 0 0 0 0 0 0 0 0 0 0 0 0 0 0 0 0 0 0 0 0 0 0 0 0 0 0 0 0 0 0 0 0 0 0 0 0 0 0 0 0 0 0 0 0 0 0 0 0 0 0 0 0 0 0 0 0 0 0 0 0 0]
[7485786197440720730328971896365856117092752232194303444252584105998914950295849513923005836065676549265867905385213329116766657051805576656573136580017307176653352883145447803233064342985504902021322989913769240599788965092177516819855082411196071813044598242889252525590135723991055689768632577685046267904796068702252042805849010 0 0 0 0 0 0 0 0 0 0 0 0 0 0 0 0 0 0 0 0 0 0 0 0 0 0 0 0 0 0 0 0 0 0 0 0 0 0 0 0 0 0 0 0 1 0 0 0 0 0 0 0 0 0 0 0 0 0 0 0 0 0 0 0 0 0 0 0 0 0 0 0 0 0 0 0 0 0 0 0 0 0 0 0 0 0 0 0 0 0 0 0 0 0 0 0 0 0 0 0 0 0 0 0 0 0 0 0 0]
[4605128091838757770900061663775302140466855012586841936145679075881243519504568800305607567002718971821556920520275567972172391536368802734310947634106412095211156768662225439742252455403529793540053180118147612851331454683098211463276368053835153687649186541701082997294886783606814665319581646184530138144474953389308844588401447 0 0 0 0 0 0 0 0 0 0 0 0 0 0 0 0 0 0 0 0 0 0 0 0 0 0 0 0 0 0 0 0 0 0 0 0 0 0 0 0 0 0 0 0 0 1 0 0 0 0 0 0 0 0 0 0 0 0 0 0 0 0 0 0 0 0 0 0 0 0 0 0 0 0 0 0 0 0 0 0 0 0 0 0 0 0 0 0 0 0 0 0 0 0 0 0 0 0 0 0 0 0 0 0 0 0 0 0 0]
[9148618147088313652574829130957513043803287218652496027479743965332193269532869005340044765413143949935122375636278834460042126206245849514952376374670360283920233294815712167680859696607214812716074781299804078822477060758183584658324851733299428216560377976523025556082539938871456480760909158785742233939623651860706407972392779 0 0 0 0 0 0 0 0 0 0 0 0 0 0 0 0 0 0 0 0 0 0 0 0 0 0 0 0 0 0 0 0 0 0 0 0 0 0 0 0 0 0 0 0 0 0 1 0 0 0 0 0 0 0 0 0 0 0 0 0 0 0 0 0 0 0 0 0 0 0 0 0 0 0 0 0 0 0 0 0 0 0 0 0 0 0 0 0 0 0 0 0 0 0 0 0 0 0 0 0 0 0 0 0 0 0 0 0 0]
[3704217326260049565707202052627350384417115695413393011841289328796086950237288655708311543524082996966556442622390122480819424062199317524456420570284319388152733459825331445490300044029504753296512216279712091428755652009168296766771114793585548088064024447698397242759898073246160028088425672328991816997426858261497966901209854 0 0 0 0 0 0 0 0 0 0 0 0 0 0 0 0 0 0 0 0 0 0 0 0 0 0 0 0 0 0 0 0 0 0 0 0 0 0 0 0 0 0 0 0 0 0 0 1 0 0 0 0 0 0 0 0 0 0 0 0 0 0 0 0 0 0 0 0 0 0 0 0 0 0 0 0 0 0 0 0 0 0 0 0 0 0 0 0 0 0 0 0 0 0 0 0 0 0 0 0 0 0 0 0 0 0 0 0 0]
[1082190107966325122883120113929800085799810314575217344457584450970498572262683153324741381703139006159822407530736059023341151441755939395958499923591919617875473510994254865282606886723318608124166193175833135437345562812852463736302212523920021148555359516847225454674840069054596938860685397631768497145009286057381417593334306 0 0 0 0 0 0 0 0 0 0 0 0 0 0 0 0 0 0 0 0 0 0 0 0 0 0 0 0 0 0 0 0 0 0 0 0 0 0 0 0 0 0 0 0 0 0 0 0 1 0 0 0 0 0 0 0 0 0 0 0 0 0 0 0 0 0 0 0 0 0 0 0 0 0 0 0 0 0 0 0 0 0 0 0 0 0 0 0 0 0 0 0 0 0 0 0 0 0 0 0 0 0 0 0 0 0 0 0 0]
[6199204544965817505707449611585472231570058727180466240309130651271439273224430419250229283442952817616765943423264730295758410406437791348107209959020036703228285958344518979889240916367882093465946784526817038558757569844004098063505791218435161632613334569017541759250067113708899968583038981939536919504208527522881547630327575 0 0 0 0 0 0 0 0 0 0 0 0 0 0 0 0 0 0 0 0 0 0 0 0 0 0 0 0 0 0 0 0 0 0 0 0 0 0 0 0 0 0 0 0 0 0 0 0 0 1 0 0 0 0 0 0 0 0 0 0 0 0 0 0 0 0 0 0 0 0 0 0 0 0 0 0 0 0 0 0 0 0 0 0 0 0 0 0 0 0 0 0 0 0 0 0 0 0 0 0 0 0 0 0 0 0 0 0 0]
[757337650279763168027171446509696093139648328306219092075588038374503260579786890608898871283725883395743974645841993525583067310987999475620890588859040675245678453237890542226509313924322877642280260259652519922698595636716532544374844625576892017684118274753357164033018347607471602102617777678583342774934415708940555759395060 0 0 0 0 0 0 0 0 0 0 0 0 0 0 0 0 0 0 0 0 0 0 0 0 0 0 0 0 0 0 0 0 0 0 0 0 0 0 0 0 0 0 0 0 0 0 0 0 0 0 1 0 0 0 0 0 0 0 0 0 0 0 0 0 0 0 0 0 0 0 0 0 0 0 0 0 0 0 0 0 0 0 0 0 0 0 0 0 0 0 0 0 0 0 0 0 0 0 0 0 0 0 0 0 0 0 0 0 0]
[2756206803416964600536017499451300901392807251981398410411926261741342287785162210346646376413044316572443310714722706580059173433981451446564490215956207755820823949999822828285861186469988393805214601913452849716908580612190506649221081441665467654898759839459133258802251459513029304555121303429572991615711803695390385126159013 0 0 0 0 0 0 0 0 0 0 0 0 0 0 0 0 0 0 0 0 0 0 0 0 0 0 0 0 0 0 0 0 0 0 0 0 0 0 0 0 0 0 0 0 0 0 0 0 0 0 0 1 0 0 0 0 0 0 0 0 0 0 0 0 0 0 0 0 0 0 0 0 0 0 0 0 0 0 0 0 0 0 0 0 0 0 0 0 0 0 0 0 0 0 0 0 0 0 0 0 0 0 0 0 0 0 0 0 0]
[4975665612838669873253312862832706570427457391303121111220290007030166214150362861731888668066613204587580397392497791167824592736629477051435207032201544150838253267222047967395934164335101225762449769401637239598839690085307870517285810973669023849481995364561256867800449834863720061677648774852529657071104304891362809977506632 0 0 0 0 0 0 0 0 0 0 0 0 0 0 0 0 0 0 0 0 0 0 0 0 0 0 0 0 0 0 0 0 0 0 0 0 0 0 0 0 0 0 0 0 0 0 0 0 0 0 0 0 1 0 0 0 0 0 0 0 0 0 0 0 0 0 0 0 0 0 0 0 0 0 0 0 0 0 0 0 0 0 0 0 0 0 0 0 0 0 0 0 0 0 0 0 0 0 0 0 0 0 0 0 0 0 0 0 0]
[3449186686653559221723379423389923939884902107910789979911192923932069439494363430666423703082267196455801624189290348567353147485003190442562123549112490871455776209988245597508237511668893638401114210165338943120464957351419680105505373227171765891666303753762995140708719263985370760896802740849579707959487858018584668230062132 0 0 0 0 0 0 0 0 0 0 0 0 0 0 0 0 0 0 0 0 0 0 0 0 0 0 0 0 0 0 0 0 0 0 0 0 0 0 0 0 0 0 0 0 0 0 0 0 0 0 0 0 0 1 0 0 0 0 0 0 0 0 0 0 0 0 0 0 0 0 0 0 0 0 0 0 0 0 0 0 0 0 0 0 0 0 0 0 0 0 0 0 0 0 0 0 0 0 0 0 0 0 0 0 0 0 0 0 0]
[5595546415103557658222157230370925497569495200705418563627662750914104004001856832587155576673544280945683867477803077849451842079590207940940649811330952982776735229860447071758574536300383459234965604573350437782867868805535739442468143194281663007263126626018559987643246858028379623429888329387088787863496252540453902837492640 0 0 0 0 0 0 0 0 0 0 0 0 0 0 0 0 0 0 0 0 0 0 0 0 0 0 0 0 0 0 0 0 0 0 0 0 0 0 0 0 0 0 0 0 0 0 0 0 0 0 0 0 0 0 1 0 0 0 0 0 0 0 0 0 0 0 0 0 0 0 0 0 0 0 0 0 0 0 0 0 0 0 0 0 0 0 0 0 0 0 0 0 0 0 0 0 0 0 0 0 0 0 0 0 0 0 0 0 0]
[2938248310011603611452179911601263988160811087915486357654515650395996933030677463796113383786129959917649146355285641443570440972016243049214860453977438956259342521339364293689430608572183331121245332920215263834710410486594098572278966295433286368321064647055037344304779126629387704178003781463711714406934164718824697217261851 0 0 0 0 0 0 0 0 0 0 0 0 0 0 0 0 0 0 0 0 0 0 0 0 0 0 0 0 0 0 0 0 0 0 0 0 0 0 0 0 0 0 0 0 0 0 0 0 0 0 0 0 0 0 0 1 0 0 0 0 0 0 0 0 0 0 0 0 0 0 0 0 0 0 0 0 0 0 0 0 0 0 0 0 0 0 0 0 0 0 0 0 0 0 0 0 0 0 0 0 0 0 0 0 0 0 0 0 0]
[3445934428206256371168201560515335704203424630798607517712787416299095132587731403898733574804449322494434288877164050271624447776074132602521779292491416445252829020123571327463278228140437058342095761399943024632643782578715331895434012770969156920150989089117244366100575174270758104186691263674888923077909134045846841259958587 0 0 0 0 0 0 0 0 0 0 0 0 0 0 0 0 0 0 0 0 0 0 0 0 0 0 0 0 0 0 0 0 0 0 0 0 0 0 0 0 0 0 0 0 0 0 0 0 0 0 0 0 0 0 0 0 1 0 0 0 0 0 0 0 0 0 0 0 0 0 0 0 0 0 0 0 0 0 0 0 0 0 0 0 0 0 0 0 0 0 0 0 0 0 0 0 0 0 0 0 0 0 0 0 0 0 0 0 0]
[2102785739466375115505728024805442829796857559766008031764860481756459959041527389010444019906599934625612642731318338573112471836768844754819201701053033104299479524397075521598884826979574675213810734144960555354674285971207611443143777833725841201119056526952246602339034043032450743047954303130664320125601667763897765420143991 0 0 0 0 0 0 0 0 0 0 0 0 0 0 0 0 0 0 0 0 0 0 0 0 0 0 0 0 0 0 0 0 0 0 0 0 0 0 0 0 0 0 0 0 0 0 0 0 0 0 0 0 0 0 0 0 0 1 0 0 0 0 0 0 0 0 0 0 0 0 0 0 0 0 0 0 0 0 0 0 0 0 0 0 0 0 0 0 0 0 0 0 0 0 0 0 0 0 0 0 0 0 0 0 0 0 0 0 0]
[6180423398878029373009074996454852505932087672462885347458574547959505962413516781696135363612964744500901213945766738227645607499287657568537368284633180885023020440583032043576738398945516567699601785951672238215728011142859389393892239268454434984565853689201879758673319317585375410214631546030640609808083406418893830913960206 0 0 0 0 0 0 0 0 0 0 0 0 0 0 0 0 0 0 0 0 0 0 0 0 0 0 0 0 0 0 0 0 0 0 0 0 0 0 0 0 0 0 0 0 0 0 0 0 0 0 0 0 0 0 0 0 0 0 1 0 0 0 0 0 0 0 0 0 0 0 0 0 0 0 0 0 0 0 0 0 0 0 0 0 0 0 0 0 0 0 0 0 0 0 0 0 0 0 0 0 0 0 0 0 0 0 0 0 0]
[8859983790259783238648112408264842088608576052848811380848878270558771860605960566945914719690591445051658426335064721227125772544185618243323210760182734597230019803204518730741126215961774300976938122597186967220379394912643849416976785009192133339380463325785273129048085745386572548696030380777655212589327772145210720377565422 0 0 0 0 0 0 0 0 0 0 0 0 0 0 0 0 0 0 0 0 0 0 0 0 0 0 0 0 0 0 0 0 0 0 0 0 0 0 0 0 0 0 0 0 0 0 0 0 0 0 0 0 0 0 0 0 0 0 0 1 0 0 0 0 0 0 0 0 0 0 0 0 0 0 0 0 0 0 0 0 0 0 0 0 0 0 0 0 0 0 0 0 0 0 0 0 0 0 0 0 0 0 0 0 0 0 0 0 0]
[8269297166315621631767727302759068040423628896545757391839970197616322647567490814589905441288175294613207398731468104269126499921645382548588220761783417793166042815044325044839791133543127638524822444581498210469241135058505294584544010907492953388219266163272614900908684224034116511131520999794268351485778861157254478896524467 0 0 0 0 0 0 0 0 0 0 0 0 0 0 0 0 0 0 0 0 0 0 0 0 0 0 0 0 0 0 0 0 0 0 0 0 0 0 0 0 0 0 0 0 0 0 0 0 0 0 0 0 0 0 0 0 0 0 0 0 1 0 0 0 0 0 0 0 0 0 0 0 0 0 0 0 0 0 0 0 0 0 0 0 0 0 0 0 0 0 0 0 0 0 0 0 0 0 0 0 0 0 0 0 0 0 0 0 0]
[7854294621517823822049773391597350284007987687482493180130384857616741047362207110930939209054348568279235616188972039687254067428714239870319652364883849443436254870330824791195808425197000503912309732039809559033193678479877457642493536036641534607075653170789025949495964932648196275917780847675712396518279013041361049358390225 0 0 0 0 0 0 0 0 0 0 0 0 0 0 0 0 0 0 0 0 0 0 0 0 0 0 0 0 0 0 0 0 0 0 0 0 0 0 0 0 0 0 0 0 0 0 0 0 0 0 0 0 0 0 0 0 0 0 0 0 0 1 0 0 0 0 0 0 0 0 0 0 0 0 0 0 0 0 0 0 0 0 0 0 0 0 0 0 0 0 0 0 0 0 0 0 0 0 0 0 0 0 0 0 0 0 0 0 0]
[2211622095489997768858486442383377040847628373096935863449805656967707967986845047561521415561146867879011760007421625927887243360770672488583245053597449779118128363449520958677347696709136182851427242748031183878386756837221226722714573075376057748912053784058209894844339249239675573672387587764979279723185677031362984941206262 0 0 0 0 0 0 0 0 0 0 0 0 0 0 0 0 0 0 0 0 0 0 0 0 0 0 0 0 0 0 0 0 0 0 0 0 0 0 0 0 0 0 0 0 0 0 0 0 0 0 0 0 0 0 0 0 0 0 0 0 0 0 1 0 0 0 0 0 0 0 0 0 0 0 0 0 0 0 0 0 0 0 0 0 0 0 0 0 0 0 0 0 0 0 0 0 0 0 0 0 0 0 0 0 0 0 0 0 0]
[9076073223239493555185465806366948532175171744359930603722849597382293554358162894048535261633096690916769069830242178177414878105674067190050433002512276464455546656989249737374256213842500171109850578130620470680890967511174846270697598017417420453002604244133186421533298446843969056138517783490139516082124350493811317021059568 0 0 0 0 0 0 0 0 0 0 0 0 0 0 0 0 0 0 0 0 0 0 0 0 0 0 0 0 0 0 0 0 0 0 0 0 0 0 0 0 0 0 0 0 0 0 0 0 0 0 0 0 0 0 0 0 0 0 0 0 0 0 0 1 0 0 0 0 0 0 0 0 0 0 0 0 0 0 0 0 0 0 0 0 0 0 0 0 0 0 0 0 0 0 0 0 0 0 0 0 0 0 0 0 0 0 0 0 0]
[7629759011097878333079361067982829567973008257208988701381843386350365073181019484149712251165854142489613232563614540312079151253858818737064859502969129453603575527382751897334474044151706291085024472193984429772804629475753533677975710749350097917675283769350471118966620391329304705458444641973256215558705843364310045509989737 0 0 0 0 0 0 0 0 0 0 0 0 0 0 0 0 0 0 0 0 0 0 0 0 0 0 0 0 0 0 0 0 0 0 0 0 0 0 0 0 0 0 0 0 0 0 0 0 0 0 0 0 0 0 0 0 0 0 0 0 0 0 0 0 1 0 0 0 0 0 0 0 0 0 0 0 0 0 0 0 0 0 0 0 0 0 0 0 0 0 0 0 0 0 0 0 0 0 0 0 0 0 0 0 0 0 0 0 0]
[3956194138203826746531777198106118751380594860221153356037239141194965087700609379156920585185556732785439618104779799807957912916272180878076212131310721725611895896947851828830492293297045802456997315962040580451375232341731758800721526591324925530043552899426147037530775560033371037632996818998183784623832986812976319986442859 0 0 0 0 0 0 0 0 0 0 0 0 0 0 0 0 0 0 0 0 0 0 0 0 0 0 0 0 0 0 0 0 0 0 0 0 0 0 0 0 0 0 0 0 0 0 0 0 0 0 0 0 0 0 0 0 0 0 0 0 0 0 0 0 0 1 0 0 0 0 0 0 0 0 0 0 0 0 0 0 0 0 0 0 0 0 0 0 0 0 0 0 0 0 0 0 0 0 0 0 0 0 0 0 0 0 0 0 0]
[8931294105846971650593643847112167642151825787907354601892576806337407685706828021861116523601267591848435428366473224234881522811747894518613541532706160169224094006462228437281862223654895779613242838804315247332365467043183025496239956862753863713755009148984684406395366610234728198559988724453806988631275382653629798349050555 0 0 0 0 0 0 0 0 0 0 0 0 0 0 0 0 0 0 0 0 0 0 0 0 0 0 0 0 0 0 0 0 0 0 0 0 0 0 0 0 0 0 0 0 0 0 0 0 0 0 0 0 0 0 0 0 0 0 0 0 0 0 0 0 0 0 1 0 0 0 0 0 0 0 0 0 0 0 0 0 0 0 0 0 0 0 0 0 0 0 0 0 0 0 0 0 0 0 0 0 0 0 0 0 0 0 0 0 0]
[354774280166598989391274960338086573192735251691849939031817834106053973472628510448347755712863757688241383360595879771029703118192193274123512062146822526563830310977091909688180987199665695829152181022704452519581032901504866101308965838852856198461569987171699181101979106166752715360901528259824165770073044671242895707237976 0 0 0 0 0 0 0 0 0 0 0 0 0 0 0 0 0 0 0 0 0 0 0 0 0 0 0 0 0 0 0 0 0 0 0 0 0 0 0 0 0 0 0 0 0 0 0 0 0 0 0 0 0 0 0 0 0 0 0 0 0 0 0 0 0 0 0 1 0 0 0 0 0 0 0 0 0 0 0 0 0 0 0 0 0 0 0 0 0 0 0 0 0 0 0 0 0 0 0 0 0 0 0 0 0 0 0 0 0]
[1758479782653807344625444744660936706301766200919751499638636577442802458012552046278603467001032756783938822645824744231574981300873288400133332628826324480089886284864977946669595764073471142679100038456955032107954495238833822726608565528639279452416568962552576003100465879368306236720659653005814028404331686423614007613538780 0 0 0 0 0 0 0 0 0 0 0 0 0 0 0 0 0 0 0 0 0 0 0 0 0 0 0 0 0 0 0 0 0 0 0 0 0 0 0 0 0 0 0 0 0 0 0 0 0 0 0 0 0 0 0 0 0 0 0 0 0 0 0 0 0 0 0 0 1 0 0 0 0 0 0 0 0 0 0 0 0 0 0 0 0 0 0 0 0 0 0 0 0 0 0 0 0 0 0 0 0 0 0 0 0 0 0 0 0]
[7552764245543931297477451411554077936938170768993622435163058167886040982829767419917128881673243341789762795485850919423495096248995970799378482092447219448708686733342682365628131969913796744379769858504540625538790759723311534301798460133306602495115657534223663757129425851491615441433656511822790134028479343978807720309789767 0 0 0 0 0 0 0 0 0 0 0 0 0 0 0 0 0 0 0 0 0 0 0 0 0 0 0 0 0 0 0 0 0 0 0 0 0 0 0 0 0 0 0 0 0 0 0 0 0 0 0 0 0 0 0 0 0 0 0 0 0 0 0 0 0 0 0 0 0 1 0 0 0 0 0 0 0 0 0 0 0 0 0 0 0 0 0 0 0 0 0 0 0 0 0 0 0 0 0 0 0 0 0 0 0 0 0 0 0]
[7897317878978707574024502581449896303644703521533737631897399353527294021947466522114347311123657195942778326402698467428609344966752918130405670674237999005239379070248022528861049029821087900362969480370238184763644834565598038588396767544780250253285783489449836312038758714918429483845857492221254561267543796493690492451963642 0 0 0 0 0 0 0 0 0 0 0 0 0 0 0 0 0 0 0 0 0 0 0 0 0 0 0 0 0 0 0 0 0 0 0 0 0 0 0 0 0 0 0 0 0 0 0 0 0 0 0 0 0 0 0 0 0 0 0 0 0 0 0 0 0 0 0 0 0 0 1 0 0 0 0 0 0 0 0 0 0 0 0 0 0 0 0 0 0 0 0 0 0 0 0 0 0 0 0 0 0 0 0 0 0 0 0 0 0]
[9265258617584027549424279413922964233503106435389483046605674188452802936543774875430902997175947538316710520851156388050002873953164520250410497045548027894702497037919443764801526820330670668337788104133678383682800174817780271991063226054474252075293799405062994781612460667840625816079617577908197459752197285568981754173959367 0 0 0 0 0 0 0 0 0 0 0 0 0 0 0 0 0 0 0 0 0 0 0 0 0 0 0 0 0 0 0 0 0 0 0 0 0 0 0 0 0 0 0 0 0 0 0 0 0 0 0 0 0 0 0 0 0 0 0 0 0 0 0 0 0 0 0 0 0 0 0 1 0 0 0 0 0 0 0 0 0 0 0 0 0 0 0 0 0 0 0 0 0 0 0 0 0 0 0 0 0 0 0 0 0 0 0 0 0]
[6257517416313493728880336089327359097021144499424547705471626202371702064698800546248609083724699023419366482100354769659870945815177712946164100596457634552142736260236249002874509659167043902183493315270608894188876978706240824962750887198959827285378700979387711945206809145970065484101880671148843218987911330424199850641497119 0 0 0 0 0 0 0 0 0 0 0 0 0 0 0 0 0 0 0 0 0 0 0 0 0 0 0 0 0 0 0 0 0 0 0 0 0 0 0 0 0 0 0 0 0 0 0 0 0 0 0 0 0 0 0 0 0 0 0 0 0 0 0 0 0 0 0 0 0 0 0 0 1 0 0 0 0 0 0 0 0 0 0 0 0 0 0 0 0 0 0 0 0 0 0 0 0 0 0 0 0 0 0 0 0 0 0 0 0]
[1459754652761511519506101040664464754237665385864806279114891051096319722891691980379109275776410595100681820211439995345767743126850688595041121493744312920292713875909490728627195223559162598831221937110457253892056621249765238325953346070286239267629470995214964039684080737730187247754108719316416201642298875966914007226879553 0 0 0 0 0 0 0 0 0 0 0 0 0 0 0 0 0 0 0 0 0 0 0 0 0 0 0 0 0 0 0 0 0 0 0 0 0 0 0 0 0 0 0 0 0 0 0 0 0 0 0 0 0 0 0 0 0 0 0 0 0 0 0 0 0 0 0 0 0 0 0 0 0 1 0 0 0 0 0 0 0 0 0 0 0 0 0 0 0 0 0 0 0 0 0 0 0 0 0 0 0 0 0 0 0 0 0 0 0]
[1952207045367257179906284851354040331671814396385410651644108399882635325369315812209860864059016306655954712888810349114628591152047250354712386426059539907209940490195249843647440975230073478118102480712404395619793374747856662990991978501526215813035975495837040883637734841480755964947698116068360480276062634647137638041384813 0 0 0 0 0 0 0 0 0 0 0 0 0 0 0 0 0 0 0 0 0 0 0 0 0 0 0 0 0 0 0 0 0 0 0 0 0 0 0 0 0 0 0 0 0 0 0 0 0 0 0 0 0 0 0 0 0 0 0 0 0 0 0 0 0 0 0 0 0 0 0 0 0 0 1 0 0 0 0 0 0 0 0 0 0 0 0 0 0 0 0 0 0 0 0 0 0 0 0 0 0 0 0 0 0 0 0 0 0]
[450477772882848048737297086326744311352057576164309837180748885332500093072032031927242096015538992309958108520316868832744022885874019285727088801824121647849711274087225241585725617926701994645537774564587556786941448933075685816790626504105170733327229611202523878179848400285432899365108291826889569658245609533898009142587169 0 0 0 0 0 0 0 0 0 0 0 0 0 0 0 0 0 0 0 0 0 0 0 0 0 0 0 0 0 0 0 0 0 0 0 0 0 0 0 0 0 0 0 0 0 0 0 0 0 0 0 0 0 0 0 0 0 0 0 0 0 0 0 0 0 0 0 0 0 0 0 0 0 0 0 1 0 0 0 0 0 0 0 0 0 0 0 0 0 0 0 0 0 0 0 0 0 0 0 0 0 0 0 0 0 0 0 0 0]
[7168910902426034694422652642783087175734032547514632420224312018549577108047335584219506493074910779541072659164528497686704381362096405736597789856510319200070678189112022311208278143780432563623825667752939928050584329228550030094708613900785376081748103390398810755640168792851306008438283852115174516264134927209551892528881038 0 0 0 0 0 0 0 0 0 0 0 0 0 0 0 0 0 0 0 0 0 0 0 0 0 0 0 0 0 0 0 0 0 0 0 0 0 0 0 0 0 0 0 0 0 0 0 0 0 0 0 0 0 0 0 0 0 0 0 0 0 0 0 0 0 0 0 0 0 0 0 0 0 0 0 0 1 0 0 0 0 0 0 0 0 0 0 0 0 0 0 0 0 0 0 0 0 0 0 0 0 0 0 0 0 0 0 0 0]
[2508149862454155328078725957788604138109591986035066262121359932502142839100222538821410750347137149658082259411093012216396944949227921471828124599409671399399197204634227179228583339459433209610962919337051711645370220108073944198916613915200967936069246587299192020201660652477933412814484904541556937374339032866890419692724566 0 0 0 0 0 0 0 0 0 0 0 0 0 0 0 0 0 0 0 0 0 0 0 0 0 0 0 0 0 0 0 0 0 0 0 0 0 0 0 0 0 0 0 0 0 0 0 0 0 0 0 0 0 0 0 0 0 0 0 0 0 0 0 0 0 0 0 0 0 0 0 0 0 0 0 0 0 1 0 0 0 0 0 0 0 0 0 0 0 0 0 0 0 0 0 0 0 0 0 0 0 0 0 0 0 0 0 0 0]
[9332536672202208669453375580592237294854919104497307025514575961639643236264788402342486690779761729576975249753853300766715643578356103773328389467370359442169299559932025364517026521670308745992599928002655636457668254587603252399608201396222242990344722902145561931563235909997658747558213761222301548642096920396461436290308209 0 0 0 0 0 0 0 0 0 0 0 0 0 0 0 0 0 0 0 0 0 0 0 0 0 0 0 0 0 0 0 0 0 0 0 0 0 0 0 0 0 0 0 0 0 0 0 0 0 0 0 0 0 0 0 0 0 0 0 0 0 0 0 0 0 0 0 0 0 0 0 0 0 0 0 0 0 0 1 0 0 0 0 0 0 0 0 0 0 0 0 0 0 0 0 0 0 0 0 0 0 0 0 0 0 0 0 0 0]
[1768541539252486679928844887248533835957322163975680045458860176873233332778791684832932431228986280009282753050675888259572240465394522260176879139750218013498112902290066681659243702294648810420771209464531612954676176383368495661294664545097857235795034307445311892396210645198506216248766217415140358935338285604760795400910177 0 0 0 0 0 0 0 0 0 0 0 0 0 0 0 0 0 0 0 0 0 0 0 0 0 0 0 0 0 0 0 0 0 0 0 0 0 0 0 0 0 0 0 0 0 0 0 0 0 0 0 0 0 0 0 0 0 0 0 0 0 0 0 0 0 0 0 0 0 0 0 0 0 0 0 0 0 0 0 1 0 0 0 0 0 0 0 0 0 0 0 0 0 0 0 0 0 0 0 0 0 0 0 0 0 0 0 0 0]
[2718307460674748813371518884727549439474456833152599638271892596491372501845976401585282142828576590950226623099880979169279491918368700444858635780430809809518609115579468185480847119010104174089252907323793263848211535849060164524363075227723261264246192258245139051828863126288497460248028324466532197600984384779867606647830829 0 0 0 0 0 0 0 0 0 0 0 0 0 0 0 0 0 0 0 0 0 0 0 0 0 0 0 0 0 0 0 0 0 0 0 0 0 0 0 0 0 0 0 0 0 0 0 0 0 0 0 0 0 0 0 0 0 0 0 0 0 0 0 0 0 0 0 0 0 0 0 0 0 0 0 0 0 0 0 0 1 0 0 0 0 0 0 0 0 0 0 0 0 0 0 0 0 0 0 0 0 0 0 0 0 0 0 0 0]
[3168524897958320687253772447180960583735523892468432233649234333250840917973385674882005169923229286910868987227760128488555042423710565100279091574405335866932881882586917999585260536291800851141175374818190762068780889446395428446124863897780426637523587195619505893727314932065513997437068258830559599983008800157968293531113402 0 0 0 0 0 0 0 0 0 0 0 0 0 0 0 0 0 0 0 0 0 0 0 0 0 0 0 0 0 0 0 0 0 0 0 0 0 0 0 0 0 0 0 0 0 0 0 0 0 0 0 0 0 0 0 0 0 0 0 0 0 0 0 0 0 0 0 0 0 0 0 0 0 0 0 0 0 0 0 0 0 1 0 0 0 0 0 0 0 0 0 0 0 0 0 0 0 0 0 0 0 0 0 0 0 0 0 0 0]
[7620218438804804141865611715152168658096927589072816467735663986661716819632418719412933487198286053440915341301711515038999430827873078107801108633512939166758364192219589892877453037158821170869117052368806220239874496076732006787866902475081890733836795601251044656373385122263417483238525137570434888398565907344990977747622707 0 0 0 0 0 0 0 0 0 0 0 0 0 0 0 0 0 0 0 0 0 0 0 0 0 0 0 0 0 0 0 0 0 0 0 0 0 0 0 0 0 0 0 0 0 0 0 0 0 0 0 0 0 0 0 0 0 0 0 0 0 0 0 0 0 0 0 0 0 0 0 0 0 0 0 0 0 0 0 0 0 0 1 0 0 0 0 0 0 0 0 0 0 0 0 0 0 0 0 0 0 0 0 0 0 0 0 0 0]
[6978412551061946712406314991221976335527279201907584084839949905580985507561118353131787881121933910965881883366348243231393059041397453062740068334970778378725527137408856596337450216942179480391193100626197105391834669339275205005034367959893750544872588916555758413017104679808845842932360600206331828653966063342077199858737657 0 0 0 0 0 0 0 0 0 0 0 0 0 0 0 0 0 0 0 0 0 0 0 0 0 0 0 0 0 0 0 0 0 0 0 0 0 0 0 0 0 0 0 0 0 0 0 0 0 0 0 0 0 0 0 0 0 0 0 0 0 0 0 0 0 0 0 0 0 0 0 0 0 0 0 0 0 0 0 0 0 0 0 1 0 0 0 0 0 0 0 0 0 0 0 0 0 0 0 0 0 0 0 0 0 0 0 0 0]
[3808646711407023411471024413180776282218064235775295037221783317967217625830330740334076320153263109288954261918501001785421817185421883154897724143209057932717378254553545144874061965203165875860928813398226158767920216823176828966920765424423630625724900779324055172158777510147271136994608137600306052439883996045465701952395207 0 0 0 0 0 0 0 0 0 0 0 0 0 0 0 0 0 0 0 0 0 0 0 0 0 0 0 0 0 0 0 0 0 0 0 0 0 0 0 0 0 0 0 0 0 0 0 0 0 0 0 0 0 0 0 0 0 0 0 0 0 0 0 0 0 0 0 0 0 0 0 0 0 0 0 0 0 0 0 0 0 0 0 0 1 0 0 0 0 0 0 0 0 0 0 0 0 0 0 0 0 0 0 0 0 0 0 0 0]
[5249865890195964144130944939688318432163186288191701996663603368755004810022000746658947021016229197025603333251090153913957161185377015578739300165633788818265392818847376184394076834178031425630342410990910430748354281211284529235772194424390624299527290320448237303773397169963221255707773928588310325411459974992742069769138 0 0 0 0 0 0 0 0 0 0 0 0 0 0 0 0 0 0 0 0 0 0 0 0 0 0 0 0 0 0 0 0 0 0 0 0 0 0 0 0 0 0 0 0 0 0 0 0 0 0 0 0 0 0 0 0 0 0 0 0 0 0 0 0 0 0 0 0 0 0 0 0 0 0 0 0 0 0 0 0 0 0 0 0 0 1 0 0 0 0 0 0 0 0 0 0 0 0 0 0 0 0 0 0 0 0 0 0 0]
[2189230540077017914642805048095056473669903658318090345428968468192769925018522113655949623792852670317173089345693174020882443324975601856207794261376748353081435731759340775536771959867626069106896453247131177785124083028666771576890085822166760213010601117857111269125977876884424027935010716711441188620103452779373448228143347 0 0 0 0 0 0 0 0 0 0 0 0 0 0 0 0 0 0 0 0 0 0 0 0 0 0 0 0 0 0 0 0 0 0 0 0 0 0 0 0 0 0 0 0 0 0 0 0 0 0 0 0 0 0 0 0 0 0 0 0 0 0 0 0 0 0 0 0 0 0 0 0 0 0 0 0 0 0 0 0 0 0 0 0 0 0 1 0 0 0 0 0 0 0 0 0 0 0 0 0 0 0 0 0 0 0 0 0 0]
[9079481691183235383539081660560558030327462833257291384675232730871596322904996794361516247765052571631218378119965100859981090294134962506866503511229921450181159434602507767214589058237887308728168936479423853439432723149358507263065302559871424292051750032347171805988771948295986474072512695292413720147207365322994846833789159 0 0 0 0 0 0 0 0 0 0 0 0 0 0 0 0 0 0 0 0 0 0 0 0 0 0 0 0 0 0 0 0 0 0 0 0 0 0 0 0 0 0 0 0 0 0 0 0 0 0 0 0 0 0 0 0 0 0 0 0 0 0 0 0 0 0 0 0 0 0 0 0 0 0 0 0 0 0 0 0 0 0 0 0 0 0 0 1 0 0 0 0 0 0 0 0 0 0 0 0 0 0 0 0 0 0 0 0 0]
[8200935131669958917231114408610338461348664384923445731106833089814155105986615977067453831306172744730792087416340198089997447947288391916835948474959246201508521903863436649639280183061860175923281712214812375121263171114817455324747795450512814313353139428103723733957098808931939358535795003726921608611463421986564924522330046 0 0 0 0 0 0 0 0 0 0 0 0 0 0 0 0 0 0 0 0 0 0 0 0 0 0 0 0 0 0 0 0 0 0 0 0 0 0 0 0 0 0 0 0 0 0 0 0 0 0 0 0 0 0 0 0 0 0 0 0 0 0 0 0 0 0 0 0 0 0 0 0 0 0 0 0 0 0 0 0 0 0 0 0 0 0 0 0 1 0 0 0 0 0 0 0 0 0 0 0 0 0 0 0 0 0 0 0 0]
[46529839983466902947441367349973759278306953593978726880326412150856504693912481003522400338018772421727782915785033076451592383436150849486156281056774300833855010540725933126962329840575130977844542759899238349777721892465423191914346041260144572044312497238935482559594211544536266457690562791434395698310368889494978179443413 0 0 0 0 0 0 0 0 0 0 0 0 0 0 0 0 0 0 0 0 0 0 0 0 0 0 0 0 0 0 0 0 0 0 0 0 0 0 0 0 0 0 0 0 0 0 0 0 0 0 0 0 0 0 0 0 0 0 0 0 0 0 0 0 0 0 0 0 0 0 0 0 0 0 0 0 0 0 0 0 0 0 0 0 0 0 0 0 0 1 0 0 0 0 0 0 0 0 0 0 0 0 0 0 0 0 0 0 0]
[4249266078181148427430700774122468348529467945903833316146483972126278283405228773328502232966495991307457787912897651440023284935355363591558810843919739721088173052474753971636515727802230414854722833988784473014892410692845415988673310767084886447786309115060698994108267871488816831008644075084343475659018066990199240241778237 0 0 0 0 0 0 0 0 0 0 0 0 0 0 0 0 0 0 0 0 0 0 0 0 0 0 0 0 0 0 0 0 0 0 0 0 0 0 0 0 0 0 0 0 0 0 0 0 0 0 0 0 0 0 0 0 0 0 0 0 0 0 0 0 0 0 0 0 0 0 0 0 0 0 0 0 0 0 0 0 0 0 0 0 0 0 0 0 0 0 1 0 0 0 0 0 0 0 0 0 0 0 0 0 0 0 0 0 0]
[4436643954340433542693346709933242781353990338218369256434491895411308187239253767999239374876200110706275819548080755447160150141422686024530915117942697075857303086063505208427850515263267557026825167095258691140020952677236181624211262362375542195742116694398796007031368873407858400752969533828842084007013748608334028725850309 0 0 0 0 0 0 0 0 0 0 0 0 0 0 0 0 0 0 0 0 0 0 0 0 0 0 0 0 0 0 0 0 0 0 0 0 0 0 0 0 0 0 0 0 0 0 0 0 0 0 0 0 0 0 0 0 0 0 0 0 0 0 0 0 0 0 0 0 0 0 0 0 0 0 0 0 0 0 0 0 0 0 0 0 0 0 0 0 0 0 0 1 0 0 0 0 0 0 0 0 0 0 0 0 0 0 0 0 0]
[3968167463397994147302057922481646691550947040043521107569724630313842459677578241068042531949945695748072689375752343971612440160750484638270958548940874035588434608761263840145505834066116214737826045259091891912622401043574553716759252031912194014146984749306977949783791514497612006297665100976591752749353686545700157739719694 0 0 0 0 0 0 0 0 0 0 0 0 0 0 0 0 0 0 0 0 0 0 0 0 0 0 0 0 0 0 0 0 0 0 0 0 0 0 0 0 0 0 0 0 0 0 0 0 0 0 0 0 0 0 0 0 0 0 0 0 0 0 0 0 0 0 0 0 0 0 0 0 0 0 0 0 0 0 0 0 0 0 0 0 0 0 0 0 0 0 0 0 1 0 0 0 0 0 0 0 0 0 0 0 0 0 0 0 0]
[4050402750948964050818826770377444484355877344438566072386125830511236190566090036337424576153044513370315613450965397297878311491197757694890956141335445846076798797808970600255419670620000866604309258926146858610087360157711004019700387119819787154789044601150824845182700296940120214727020631680935188473920935796711832527304740 0 0 0 0 0 0 0 0 0 0 0 0 0 0 0 0 0 0 0 0 0 0 0 0 0 0 0 0 0 0 0 0 0 0 0 0 0 0 0 0 0 0 0 0 0 0 0 0 0 0 0 0 0 0 0 0 0 0 0 0 0 0 0 0 0 0 0 0 0 0 0 0 0 0 0 0 0 0 0 0 0 0 0 0 0 0 0 0 0 0 0 0 0 1 0 0 0 0 0 0 0 0 0 0 0 0 0 0 0]
[7678487072708814005167350305058599599744327744139928145495918329916467589221759159645792123449027239044087005051921515312390903229064567251589888107175434782180255498888438802502923330377809906156459912446336269454968399371721260354805812045435766886113640046074117720811038780586988989817533556094552311844472469718860984627570819 0 0 0 0 0 0 0 0 0 0 0 0 0 0 0 0 0 0 0 0 0 0 0 0 0 0 0 0 0 0 0 0 0 0 0 0 0 0 0 0 0 0 0 0 0 0 0 0 0 0 0 0 0 0 0 0 0 0 0 0 0 0 0 0 0 0 0 0 0 0 0 0 0 0 0 0 0 0 0 0 0 0 0 0 0 0 0 0 0 0 0 0 0 0 1 0 0 0 0 0 0 0 0 0 0 0 0 0 0]
[620762351909816230586182471568421972215239524411970811349346473783615119070171036846400741586340678176435469785896524692180272901772134408000459722397552109699129529828564649257814970087510573421349702509236344606490979860521278154115259453895172871489070693949042463822319636086818748309204792113282738140417323409885278849121070 0 0 0 0 0 0 0 0 0 0 0 0 0 0 0 0 0 0 0 0 0 0 0 0 0 0 0 0 0 0 0 0 0 0 0 0 0 0 0 0 0 0 0 0 0 0 0 0 0 0 0 0 0 0 0 0 0 0 0 0 0 0 0 0 0 0 0 0 0 0 0 0 0 0 0 0 0 0 0 0 0 0 0 0 0 0 0 0 0 0 0 0 0 0 0 1 0 0 0 0 0 0 0 0 0 0 0 0 0]
[3427945136046430130460528093430197479983743537753440812210141303802870274721572268594698745636900194940664024528390235333443503571499277856769991323234521221003459620555022813690024180740262016755699743798057832026652287644664966964741036765921563981214773996286835419505843518234669892621898338354549872738359726215271074363935553 0 0 0 0 0 0 0 0 0 0 0 0 0 0 0 0 0 0 0 0 0 0 0 0 0 0 0 0 0 0 0 0 0 0 0 0 0 0 0 0 0 0 0 0 0 0 0 0 0 0 0 0 0 0 0 0 0 0 0 0 0 0 0 0 0 0 0 0 0 0 0 0 0 0 0 0 0 0 0 0 0 0 0 0 0 0 0 0 0 0 0 0 0 0 0 0 1 0 0 0 0 0 0 0 0 0 0 0 0]
[3341979510628814790513121191557764187423027820369926347403791759959872384003646642697608770305048012701912499219282647961119946818100346690081240894083739492305511238106725826643590384663421838202967333876134024240065906241391729844773719466151538132496960933712593425541247213999649845149217693283737755293147724058530544617574987 0 0 0 0 0 0 0 0 0 0 0 0 0 0 0 0 0 0 0 0 0 0 0 0 0 0 0 0 0 0 0 0 0 0 0 0 0 0 0 0 0 0 0 0 0 0 0 0 0 0 0 0 0 0 0 0 0 0 0 0 0 0 0 0 0 0 0 0 0 0 0 0 0 0 0 0 0 0 0 0 0 0 0 0 0 0 0 0 0 0 0 0 0 0 0 0 0 1 0 0 0 0 0 0 0 0 0 0 0]
[9236510097532079162801730585305604032322354802105706812452043956396354071444009790842116513027654867263845096317247041835609278436596993104286168872802944385088505173109660115916011568279444247078124302500992810054234091114783307410804408424924339755209659523997802739352114439246831663688524837954982157417157346385626826661297415 0 0 0 0 0 0 0 0 0 0 0 0 0 0 0 0 0 0 0 0 0 0 0 0 0 0 0 0 0 0 0 0 0 0 0 0 0 0 0 0 0 0 0 0 0 0 0 0 0 0 0 0 0 0 0 0 0 0 0 0 0 0 0 0 0 0 0 0 0 0 0 0 0 0 0 0 0 0 0 0 0 0 0 0 0 0 0 0 0 0 0 0 0 0 0 0 0 0 1 0 0 0 0 0 0 0 0 0 0]
[3120230654542882787169548443985537248825467245775919150498481234201669103323448303025916639444260138918967954586242294660518102735139121489432959112098545542694154099332278895696119092576593437873893915836252861907116336723464544470180673323495635601297383099350139104073286942733527971206736044946571852362597018667749578851642582 0 0 0 0 0 0 0 0 0 0 0 0 0 0 0 0 0 0 0 0 0 0 0 0 0 0 0 0 0 0 0 0 0 0 0 0 0 0 0 0 0 0 0 0 0 0 0 0 0 0 0 0 0 0 0 0 0 0 0 0 0 0 0 0 0 0 0 0 0 0 0 0 0 0 0 0 0 0 0 0 0 0 0 0 0 0 0 0 0 0 0 0 0 0 0 0 0 0 0 1 0 0 0 0 0 0 0 0 0]
[7200980113309673664822425177802429585013345270064920968908327206349770800250995547114383018806113218077168974188595560995538749353202481902470468634195857539084672029417305564444692910285316693693239520162361303586086440090197723353524621796592124199979996417003065453013456234238330519456931257877857581949481830631364630926355504 0 0 0 0 0 0 0 0 0 0 0 0 0 0 0 0 0 0 0 0 0 0 0 0 0 0 0 0 0 0 0 0 0 0 0 0 0 0 0 0 0 0 0 0 0 0 0 0 0 0 0 0 0 0 0 0 0 0 0 0 0 0 0 0 0 0 0 0 0 0 0 0 0 0 0 0 0 0 0 0 0 0 0 0 0 0 0 0 0 0 0 0 0 0 0 0 0 0 0 0 1 0 0 0 0 0 0 0 0]
[5206397387787004773989029249992748215230672369446951792139198664220473015873049679731734500756063373241999998503996634762524895427682767024564174429151813689230612821704902809609385713220067346202755196710540770495936374565276106986165735304177908949558808203920882219108496160137881062866305176986145365744260050161781245493993385 0 0 0 0 0 0 0 0 0 0 0 0 0 0 0 0 0 0 0 0 0 0 0 0 0 0 0 0 0 0 0 0 0 0 0 0 0 0 0 0 0 0 0 0 0 0 0 0 0 0 0 0 0 0 0 0 0 0 0 0 0 0 0 0 0 0 0 0 0 0 0 0 0 0 0 0 0 0 0 0 0 0 0 0 0 0 0 0 0 0 0 0 0 0 0 0 0 0 0 0 0 1 0 0 0 0 0 0 0]
[45636809960179508004158408965560245692716525163244301638772939546546044495324494959258988087752412123813961402667831508254334173714237247556477922399541382537906117908134130052929886171745639183587524772858910612355521951420246348545313138917693910573533266727859711977318151542591939014925921314680162242654058741287294142012199 0 0 0 0 0 0 0 0 0 0 0 0 0 0 0 0 0 0 0 0 0 0 0 0 0 0 0 0 0 0 0 0 0 0 0 0 0 0 0 0 0 0 0 0 0 0 0 0 0 0 0 0 0 0 0 0 0 0 0 0 0 0 0 0 0 0 0 0 0 0 0 0 0 0 0 0 0 0 0 0 0 0 0 0 0 0 0 0 0 0 0 0 0 0 0 0 0 0 0 0 0 0 1 0 0 0 0 0 0]
[1185413152063532293748264180793285626567802840600112258601326911490349081109842109973963914119614111546533881838145642273626089658843619198946462162204750038978259450827485672598713305123269821288388148334390946754454520105637524879230749466227361824567491953866002278008981843597894633275612708614716844734918907927921732306086881 0 0 0 0 0 0 0 0 0 0 0 0 0 0 0 0 0 0 0 0 0 0 0 0 0 0 0 0 0 0 0 0 0 0 0 0 0 0 0 0 0 0 0 0 0 0 0 0 0 0 0 0 0 0 0 0 0 0 0 0 0 0 0 0 0 0 0 0 0 0 0 0 0 0 0 0 0 0 0 0 0 0 0 0 0 0 0 0 0 0 0 0 0 0 0 0 0 0 0 0 0 0 0 1 0 0 0 0 0]
[2811066123163633259223302494233592416306155407427872110163579366338525521858894479139699708207838831034547836063960731982725318678246188885567352635381609557804961353165110650007946374495086774966762120726607803917795560841150296026093362855398371631358305155051520423158196979632185895020774868176131135050644034772817918666998656 0 0 0 0 0 0 0 0 0 0 0 0 0 0 0 0 0 0 0 0 0 0 0 0 0 0 0 0 0 0 0 0 0 0 0 0 0 0 0 0 0 0 0 0 0 0 0 0 0 0 0 0 0 0 0 0 0 0 0 0 0 0 0 0 0 0 0 0 0 0 0 0 0 0 0 0 0 0 0 0 0 0 0 0 0 0 0 0 0 0 0 0 0 0 0 0 0 0 0 0 0 0 0 0 1 0 0 0 0]
[4619518832911100076607593638813405131399916036863498430116933768360686096228324891217247342167179393375660372570648645988086659336677022928637277968543604471871407738536976231129798125013832212404198755699246888256122760360016451616057287875260942186391926508615774396475805135230145244518822345699002942595847279188330250879461932 0 0 0 0 0 0 0 0 0 0 0 0 0 0 0 0 0 0 0 0 0 0 0 0 0 0 0 0 0 0 0 0 0 0 0 0 0 0 0 0 0 0 0 0 0 0 0 0 0 0 0 0 0 0 0 0 0 0 0 0 0 0 0 0 0 0 0 0 0 0 0 0 0 0 0 0 0 0 0 0 0 0 0 0 0 0 0 0 0 0 0 0 0 0 0 0 0 0 0 0 0 0 0 0 0 1 0 0 0]
[2342246393980580958008729683331638565820503525104506724094113484969597223070610855392762769707212771510269736811350451583216477976758505554620199324644398445339123390555733801499024239661734193466489473110941766030325962164727003906646065748487141684377119995548176906840745772562408541204780827664395883712024294675424555311904631 0 0 0 0 0 0 0 0 0 0 0 0 0 0 0 0 0 0 0 0 0 0 0 0 0 0 0 0 0 0 0 0 0 0 0 0 0 0 0 0 0 0 0 0 0 0 0 0 0 0 0 0 0 0 0 0 0 0 0 0 0 0 0 0 0 0 0 0 0 0 0 0 0 0 0 0 0 0 0 0 0 0 0 0 0 0 0 0 0 0 0 0 0 0 0 0 0 0 0 0 0 0 0 0 0 0 1 0 0]
[2739876666042586030284243188972666997191775270221607673198783819093264163889476125743285726678229274384135160596262028767817588433503523068094404174615086561356394225112474400073314137696254168482705494778157328453229511510726622707990818956399085950452016882709334261891266235629071783607509315034628395902442916651496084064946036 0 0 0 0 0 0 0 0 0 0 0 0 0 0 0 0 0 0 0 0 0 0 0 0 0 0 0 0 0 0 0 0 0 0 0 0 0 0 0 0 0 0 0 0 0 0 0 0 0 0 0 0 0 0 0 0 0 0 0 0 0 0 0 0 0 0 0 0 0 0 0 0 0 0 0 0 0 0 0 0 0 0 0 0 0 0 0 0 0 0 0 0 0 0 0 0 0 0 0 0 0 0 0 0 0 0 0 1 0]
[4719319781506664593905291853400526080152375050540760417257026666886635534006414425075092543741942423060917163341192839777836694771959161622832663018849621859698286143001094041623030342418674699565742527518913311737665196647697478633253827315414902321543279992524640472200504621069636522074152053494212598508678524210631639800453930 0 0 0 0 0 0 0 0 0 0 0 0 0 0 0 0 0 0 0 0 0 0 0 0 0 0 0 0 0 0 0 0 0 0 0 0 0 0 0 0 0 0 0 0 0 0 0 0 0 0 0 0 0 0 0 0 0 0 0 0 0 0 0 0 0 0 0 0 0 0 0 0 0 0 0 0 0 0 0 0 0 0 0 0 0 0 0 0 0 0 0 0 0 0 0 0 0 0 0 0 0 0 0 0 0 0 0 0 1]
]
