[[3821876718245428138789548550716877987540575514814363480929548247113731650941032716278630700547993665609009560549888250834454837702551978882721716214920465356806776929936531879289574907770880443847640853853886519 0 0 0 0 0 0 0 0 0 0 0 0 0 0 0 0 0 0 0 0 0 0 0 0 0 0 0 0 0 0 0 0 0 0 0 0 0 0 0 0 0 0 0 0 0 0 0 0 0 0 0 0 0 0 0 0 0 0 0 0 0 0 0 0 0 0 0 0 0]
[1617950624725512082822965512323527357444133865826726079326251606255893396599096965222170905438002916866241255822467074348827909079274864099186256511626972298128268454599231036876219790328514743005532341764510739 1 0 0 0 0 0 0 0 0 0 0 0 0 0 0 0 0 0 0 0 0 0 0 0 0 0 0 0 0 0 0 0 0 0 0 0 0 0 0 0 0 0 0 0 0 0 0 0 0 0 0 0 0 0 0 0 0 0 0 0 0 0 0 0 0 0 0 0 0]
[2551193995723162543398021882172502311806063242789800571907012152731325593279499880273590802680586333560613169262328125512509403637972725516929241045004647527400385305930185546528513862563231049259591914652466881 0 1 0 0 0 0 0 0 0 0 0 0 0 0 0 0 0 0 0 0 0 0 0 0 0 0 0 0 0 0 0 0 0 0 0 0 0 0 0 0 0 0 0 0 0 0 0 0 0 0 0 0 0 0 0 0 0 0 0 0 0 0 0 0 0 0 0 0 0]
[3283124506809821028326316303610377659239488319418064614076769805565360557677997885446211084027879836039327932846754080308643762599956327130012554298528163156387908492089945013522506884457893555959584157143209935 0 0 1 0 0 0 0 0 0 0 0 0 0 0 0 0 0 0 0 0 0 0 0 0 0 0 0 0 0 0 0 0 0 0 0 0 0 0 0 0 0 0 0 0 0 0 0 0 0 0 0 0 0 0 0 0 0 0 0 0 0 0 0 0 0 0 0 0 0]
[358889719038345556066720248553010426404045940354918424117831822619005621004399692385377511907367116339699117781226692675808466136802316012252334638310484176432206702295354630450820179913618066141764862158339754 0 0 0 1 0 0 0 0 0 0 0 0 0 0 0 0 0 0 0 0 0 0 0 0 0 0 0 0 0 0 0 0 0 0 0 0 0 0 0 0 0 0 0 0 0 0 0 0 0 0 0 0 0 0 0 0 0 0 0 0 0 0 0 0 0 0 0 0 0]
[42377880192622403166571636683717289602333223487219198482194018200304866360282347669283551969467418242802415255279505590758773224005536991845223425956514730960717248079473277815709289737136409135717697794154269 0 0 0 0 1 0 0 0 0 0 0 0 0 0 0 0 0 0 0 0 0 0 0 0 0 0 0 0 0 0 0 0 0 0 0 0 0 0 0 0 0 0 0 0 0 0 0 0 0 0 0 0 0 0 0 0 0 0 0 0 0 0 0 0 0 0 0 0 0]
[414769928447434771451092184686076687555723233818718279572066088232604562040208605716855699700132991263940929242445922083104267105435253250238632941517679044238557179643365515502667939478605378619018244146614986 0 0 0 0 0 1 0 0 0 0 0 0 0 0 0 0 0 0 0 0 0 0 0 0 0 0 0 0 0 0 0 0 0 0 0 0 0 0 0 0 0 0 0 0 0 0 0 0 0 0 0 0 0 0 0 0 0 0 0 0 0 0 0 0 0 0 0 0 0]
[1768145024630899829556100366300989382436716888648618913324566465753156074249084632105218617896980608576435289165202897932534810282588508417778072983668051713205887084253571001311389528902153188918420456042639593 0 0 0 0 0 0 1 0 0 0 0 0 0 0 0 0 0 0 0 0 0 0 0 0 0 0 0 0 0 0 0 0 0 0 0 0 0 0 0 0 0 0 0 0 0 0 0 0 0 0 0 0 0 0 0 0 0 0 0 0 0 0 0 0 0 0 0 0 0]
[1064069796192397011902491261830228153508218315668190036666661008065568733727079182130639111814874792839946893975166172448529938499010288373244690773537642095413365097775697406354535060262573074704622537723699622 0 0 0 0 0 0 0 1 0 0 0 0 0 0 0 0 0 0 0 0 0 0 0 0 0 0 0 0 0 0 0 0 0 0 0 0 0 0 0 0 0 0 0 0 0 0 0 0 0 0 0 0 0 0 0 0 0 0 0 0 0 0 0 0 0 0 0 0 0]
[44728647642899799300562846050564390719392439627859026182757255318675343892001292604899270215934720850947585008440571818475107965952174494154831263817863141121077256341136244981585776513005531458434516980651105 0 0 0 0 0 0 0 0 1 0 0 0 0 0 0 0 0 0 0 0 0 0 0 0 0 0 0 0 0 0 0 0 0 0 0 0 0 0 0 0 0 0 0 0 0 0 0 0 0 0 0 0 0 0 0 0 0 0 0 0 0 0 0 0 0 0 0 0 0]
[3611716796348935763144977849390258138380301544312451909024285801253186307127907028446075737743927962008827679050432681250071717508911098740935494463705405844821820474740773109816487684232037121780016575297058944 0 0 0 0 0 0 0 0 0 1 0 0 0 0 0 0 0 0 0 0 0 0 0 0 0 0 0 0 0 0 0 0 0 0 0 0 0 0 0 0 0 0 0 0 0 0 0 0 0 0 0 0 0 0 0 0 0 0 0 0 0 0 0 0 0 0 0 0 0]
[1438936201991193867171074490555003489616988092648943978204321337460539427902305377074400375927676406534979925684996354193905163117623384936123302464044160059236624270850257377740963920536716271610802838511992557 0 0 0 0 0 0 0 0 0 0 1 0 0 0 0 0 0 0 0 0 0 0 0 0 0 0 0 0 0 0 0 0 0 0 0 0 0 0 0 0 0 0 0 0 0 0 0 0 0 0 0 0 0 0 0 0 0 0 0 0 0 0 0 0 0 0 0 0 0]
[3355940153579713472880514124417494018024779303105111696736792064778204347176195508849520972188836408025803126266310973836895948791685612430889380188118637383659755856678614600036096556487943447833589663638281204 0 0 0 0 0 0 0 0 0 0 0 1 0 0 0 0 0 0 0 0 0 0 0 0 0 0 0 0 0 0 0 0 0 0 0 0 0 0 0 0 0 0 0 0 0 0 0 0 0 0 0 0 0 0 0 0 0 0 0 0 0 0 0 0 0 0 0 0 0]
[1980023746246358123143999813151815859393589882922570934518582884890708124610178417776888564051254612064488939283051110627032931998165256910062285688891590750942941547273969281634008106643904890507806824374229627 0 0 0 0 0 0 0 0 0 0 0 0 1 0 0 0 0 0 0 0 0 0 0 0 0 0 0 0 0 0 0 0 0 0 0 0 0 0 0 0 0 0 0 0 0 0 0 0 0 0 0 0 0 0 0 0 0 0 0 0 0 0 0 0 0 0 0 0 0]
[2797178179804460314385731417566430518227231463612641673557808043726207390110780182143933975308045002838478605280801132407630805072301694693231063606036261864689685914394454992424446592038487132742677655674579196 0 0 0 0 0 0 0 0 0 0 0 0 0 1 0 0 0 0 0 0 0 0 0 0 0 0 0 0 0 0 0 0 0 0 0 0 0 0 0 0 0 0 0 0 0 0 0 0 0 0 0 0 0 0 0 0 0 0 0 0 0 0 0 0 0 0 0 0 0]
[1926798420619593801778748455722755710380863955638685824942446220338036042842827577114269090524187061392397597647364440082310722156359292669830308404042331354722989691085526150810529948565966268637508973346976864 0 0 0 0 0 0 0 0 0 0 0 0 0 0 1 0 0 0 0 0 0 0 0 0 0 0 0 0 0 0 0 0 0 0 0 0 0 0 0 0 0 0 0 0 0 0 0 0 0 0 0 0 0 0 0 0 0 0 0 0 0 0 0 0 0 0 0 0 0]
[3675986862365256820340522764129653963058553611479088656838203088677301432628451836405424211711781059095668266018148168255850425278161329363111153415827966295082874790385385949337657837391322032138328725920486127 0 0 0 0 0 0 0 0 0 0 0 0 0 0 0 1 0 0 0 0 0 0 0 0 0 0 0 0 0 0 0 0 0 0 0 0 0 0 0 0 0 0 0 0 0 0 0 0 0 0 0 0 0 0 0 0 0 0 0 0 0 0 0 0 0 0 0 0 0]
[804631677442232599722604784078542018242061947859782962720159112851884645598311520386902599288499887969052382891587884524603907471516002414399391189390205062455775925258254868271592151698961319811665831290093052 0 0 0 0 0 0 0 0 0 0 0 0 0 0 0 0 1 0 0 0 0 0 0 0 0 0 0 0 0 0 0 0 0 0 0 0 0 0 0 0 0 0 0 0 0 0 0 0 0 0 0 0 0 0 0 0 0 0 0 0 0 0 0 0 0 0 0 0 0]
[3524153483500139557167015478757354233846582651648427026200812061012495626284626410729840402742988780869691501792255136557971313509873721070675503147094488975322909003317552372747024041661176852258040497092209805 0 0 0 0 0 0 0 0 0 0 0 0 0 0 0 0 0 1 0 0 0 0 0 0 0 0 0 0 0 0 0 0 0 0 0 0 0 0 0 0 0 0 0 0 0 0 0 0 0 0 0 0 0 0 0 0 0 0 0 0 0 0 0 0 0 0 0 0 0]
[2150427355202554774495426552629317187877779278334010049868958623632072099461219809014906661393991685149306493054874485162434164315847032425287092957173294092195071017983826303074384115138152201172603425414187417 0 0 0 0 0 0 0 0 0 0 0 0 0 0 0 0 0 0 1 0 0 0 0 0 0 0 0 0 0 0 0 0 0 0 0 0 0 0 0 0 0 0 0 0 0 0 0 0 0 0 0 0 0 0 0 0 0 0 0 0 0 0 0 0 0 0 0 0 0]
[661850671037517628889725397555557595987908222167308272653001869077416092617871769263807573234888123101465358235698453719181856061282884148463561482451586698467147912332456807265042381041651713536798167588678448 0 0 0 0 0 0 0 0 0 0 0 0 0 0 0 0 0 0 0 1 0 0 0 0 0 0 0 0 0 0 0 0 0 0 0 0 0 0 0 0 0 0 0 0 0 0 0 0 0 0 0 0 0 0 0 0 0 0 0 0 0 0 0 0 0 0 0 0 0]
[1564751923573111936362795185753055343143999085850570328528898476582741922479825873648944528578359203731007963806240016066498532660018000371399955242435402875521640154446007508123274289787070047058884350714011944 0 0 0 0 0 0 0 0 0 0 0 0 0 0 0 0 0 0 0 0 1 0 0 0 0 0 0 0 0 0 0 0 0 0 0 0 0 0 0 0 0 0 0 0 0 0 0 0 0 0 0 0 0 0 0 0 0 0 0 0 0 0 0 0 0 0 0 0 0]
[2451330956212777926948268079631891547794548156429389965506919276615598999276248229896112451288930749546840800128151490158302539747577080510395969147540554634961130592701045972244775734459443900277998649223783436 0 0 0 0 0 0 0 0 0 0 0 0 0 0 0 0 0 0 0 0 0 1 0 0 0 0 0 0 0 0 0 0 0 0 0 0 0 0 0 0 0 0 0 0 0 0 0 0 0 0 0 0 0 0 0 0 0 0 0 0 0 0 0 0 0 0 0 0 0]
[3354493426090628255688537731866094045626174447664294256205310209420625424779080159223641781283313818791011162566496637239011422284444612180283203831981096409120819496866714155331419331881880077620183335264830492 0 0 0 0 0 0 0 0 0 0 0 0 0 0 0 0 0 0 0 0 0 0 1 0 0 0 0 0 0 0 0 0 0 0 0 0 0 0 0 0 0 0 0 0 0 0 0 0 0 0 0 0 0 0 0 0 0 0 0 0 0 0 0 0 0 0 0 0 0]
[1340020848998932686695015685550171495649433186616369413911589851207723437036697870888115859971228947067199908536479915420242317140252176831076847568875735484547752895527223141466738838054249823950512955794592335 0 0 0 0 0 0 0 0 0 0 0 0 0 0 0 0 0 0 0 0 0 0 0 1 0 0 0 0 0 0 0 0 0 0 0 0 0 0 0 0 0 0 0 0 0 0 0 0 0 0 0 0 0 0 0 0 0 0 0 0 0 0 0 0 0 0 0 0 0]
[1009684703491049175420058459254206688108965586276070918948046316454125873163209637718587096656527837387640058418566578606539500492758568906480981183050868033810209247446964925233677873676990757602924359523056542 0 0 0 0 0 0 0 0 0 0 0 0 0 0 0 0 0 0 0 0 0 0 0 0 1 0 0 0 0 0 0 0 0 0 0 0 0 0 0 0 0 0 0 0 0 0 0 0 0 0 0 0 0 0 0 0 0 0 0 0 0 0 0 0 0 0 0 0 0]
[1945670839327798374201346160685084609191525764057870650633337556938156856359291756481137166654270365540773796056365258180960236951599229098036882657197090498822058748904555556750748899382464583634250797735671877 0 0 0 0 0 0 0 0 0 0 0 0 0 0 0 0 0 0 0 0 0 0 0 0 0 1 0 0 0 0 0 0 0 0 0 0 0 0 0 0 0 0 0 0 0 0 0 0 0 0 0 0 0 0 0 0 0 0 0 0 0 0 0 0 0 0 0 0 0]
[3240602380440232938971150531551439755672790633888049223079740205564177378686914091929958059791747984878591204885704315324946489161893833650213397895754043511782894776052855169850435197121133594732852904978067201 0 0 0 0 0 0 0 0 0 0 0 0 0 0 0 0 0 0 0 0 0 0 0 0 0 0 1 0 0 0 0 0 0 0 0 0 0 0 0 0 0 0 0 0 0 0 0 0 0 0 0 0 0 0 0 0 0 0 0 0 0 0 0 0 0 0 0 0 0]
[2856118743029330526106228999135210689726932747217244657619055073330054105448783449891559797175852103804349046835162623285281037358995830966634694844085527809270508314978765923934706632716003344663020009277077627 0 0 0 0 0 0 0 0 0 0 0 0 0 0 0 0 0 0 0 0 0 0 0 0 0 0 0 1 0 0 0 0 0 0 0 0 0 0 0 0 0 0 0 0 0 0 0 0 0 0 0 0 0 0 0 0 0 0 0 0 0 0 0 0 0 0 0 0 0]
[3363046661421287867690487928275505880643610655907040153531113198919836555628896399113745556194522787565013581508224228454646129545165210592431060544626032071230284568221509967785939667614940537551736491586017748 0 0 0 0 0 0 0 0 0 0 0 0 0 0 0 0 0 0 0 0 0 0 0 0 0 0 0 0 1 0 0 0 0 0 0 0 0 0 0 0 0 0 0 0 0 0 0 0 0 0 0 0 0 0 0 0 0 0 0 0 0 0 0 0 0 0 0 0 0]
[632993322344705571025549490432849696256921602016319731231638205821661286729420812845310725943756785294595826744647132691609732097036436433873233158528783373875576614185682358376959923591606554071999224236902064 0 0 0 0 0 0 0 0 0 0 0 0 0 0 0 0 0 0 0 0 0 0 0 0 0 0 0 0 0 1 0 0 0 0 0 0 0 0 0 0 0 0 0 0 0 0 0 0 0 0 0 0 0 0 0 0 0 0 0 0 0 0 0 0 0 0 0 0 0]
[2824858349413972194634716480858693503946110954825994733875872140084260622245336389619691450203639052016816968080612325365555158741215061092721683225224892639849228864293896233493271923846252107861693068176019698 0 0 0 0 0 0 0 0 0 0 0 0 0 0 0 0 0 0 0 0 0 0 0 0 0 0 0 0 0 0 1 0 0 0 0 0 0 0 0 0 0 0 0 0 0 0 0 0 0 0 0 0 0 0 0 0 0 0 0 0 0 0 0 0 0 0 0 0 0]
[2142708157803496052085765905926079520464012953861930118957740639466057636382614058739961711849823349625243257744305602796340891400913631819832310108514863034741583698204659739584215785558185991650340928548482137 0 0 0 0 0 0 0 0 0 0 0 0 0 0 0 0 0 0 0 0 0 0 0 0 0 0 0 0 0 0 0 1 0 0 0 0 0 0 0 0 0 0 0 0 0 0 0 0 0 0 0 0 0 0 0 0 0 0 0 0 0 0 0 0 0 0 0 0 0]
[3791476755285313954114191772664102360146330166594760589248358035853679678763337558882149177361081566438610336078920769072180091524728701400717454915566244541691760702656790814064393745666435600468707862513005586 0 0 0 0 0 0 0 0 0 0 0 0 0 0 0 0 0 0 0 0 0 0 0 0 0 0 0 0 0 0 0 0 1 0 0 0 0 0 0 0 0 0 0 0 0 0 0 0 0 0 0 0 0 0 0 0 0 0 0 0 0 0 0 0 0 0 0 0 0]
[3508953896054387969799076777907825903922473764316111554456649495044418854927362431663969410621184137390910062907762595604007995554680855232713009256770464277270266192925819105771736647489016923563432308076745778 0 0 0 0 0 0 0 0 0 0 0 0 0 0 0 0 0 0 0 0 0 0 0 0 0 0 0 0 0 0 0 0 0 1 0 0 0 0 0 0 0 0 0 0 0 0 0 0 0 0 0 0 0 0 0 0 0 0 0 0 0 0 0 0 0 0 0 0 0]
[546001673258883132403536862126205392954801424193454421415880561208032645925390601787253195629411594747735952344394822852328399281354516705808097258417359188423873187987372716807177516199741969570195646808569858 0 0 0 0 0 0 0 0 0 0 0 0 0 0 0 0 0 0 0 0 0 0 0 0 0 0 0 0 0 0 0 0 0 0 1 0 0 0 0 0 0 0 0 0 0 0 0 0 0 0 0 0 0 0 0 0 0 0 0 0 0 0 0 0 0 0 0 0 0]
[2091774592678659017605272836842712489689813001051362179932220381929666632281527749264885376356053637019608914928431480799877757504665892363346864672716225959000948564026380482164790787333124624422038778037309178 0 0 0 0 0 0 0 0 0 0 0 0 0 0 0 0 0 0 0 0 0 0 0 0 0 0 0 0 0 0 0 0 0 0 0 1 0 0 0 0 0 0 0 0 0 0 0 0 0 0 0 0 0 0 0 0 0 0 0 0 0 0 0 0 0 0 0 0 0]
[3813220539551897223982387927389817036797611719541408547637989709215669653294912730053651915449245710995508997041148986506594653388622376300816982934368932580553949980454336821258203294885904390349741163678397296 0 0 0 0 0 0 0 0 0 0 0 0 0 0 0 0 0 0 0 0 0 0 0 0 0 0 0 0 0 0 0 0 0 0 0 0 1 0 0 0 0 0 0 0 0 0 0 0 0 0 0 0 0 0 0 0 0 0 0 0 0 0 0 0 0 0 0 0 0]
[3206501732840798545739781418220666426042118263760641266960098426174543502793770876157284518031115681338143896472140811917038987554797949709470597579351496135792639850337603371505464802769648543325202855660783010 0 0 0 0 0 0 0 0 0 0 0 0 0 0 0 0 0 0 0 0 0 0 0 0 0 0 0 0 0 0 0 0 0 0 0 0 0 1 0 0 0 0 0 0 0 0 0 0 0 0 0 0 0 0 0 0 0 0 0 0 0 0 0 0 0 0 0 0 0]
[632825590221058976953683786409553432199896340897740012178270776047684525487480803924608562873744986073119672975676325753716014331442588081481738955298567667900537473535365613461544710721133751521397587722417043 0 0 0 0 0 0 0 0 0 0 0 0 0 0 0 0 0 0 0 0 0 0 0 0 0 0 0 0 0 0 0 0 0 0 0 0 0 0 1 0 0 0 0 0 0 0 0 0 0 0 0 0 0 0 0 0 0 0 0 0 0 0 0 0 0 0 0 0 0]
[2277577093774486370767560265910485076413189541566329060965184137750264520322004450165430149444152698865112858163563112657216496515344398780242279950920794603803893266563633891137318151661380648552371560430003562 0 0 0 0 0 0 0 0 0 0 0 0 0 0 0 0 0 0 0 0 0 0 0 0 0 0 0 0 0 0 0 0 0 0 0 0 0 0 0 1 0 0 0 0 0 0 0 0 0 0 0 0 0 0 0 0 0 0 0 0 0 0 0 0 0 0 0 0 0]
[1519233100773013467903978448219721687968778777348702471476249247977410301277797169620455238188019792751765120126872245153097307416927577908463791045970075168988140937018171653742065960125648035755970174602158819 0 0 0 0 0 0 0 0 0 0 0 0 0 0 0 0 0 0 0 0 0 0 0 0 0 0 0 0 0 0 0 0 0 0 0 0 0 0 0 0 1 0 0 0 0 0 0 0 0 0 0 0 0 0 0 0 0 0 0 0 0 0 0 0 0 0 0 0 0]
[1754630062689318718700207291853070724028244938175314145505648127957912947420282375856963692716624531244085047097194994147767928686653801505158896115544223182959842972303845166547296283013086278785381357688726210 0 0 0 0 0 0 0 0 0 0 0 0 0 0 0 0 0 0 0 0 0 0 0 0 0 0 0 0 0 0 0 0 0 0 0 0 0 0 0 0 0 1 0 0 0 0 0 0 0 0 0 0 0 0 0 0 0 0 0 0 0 0 0 0 0 0 0 0 0]
[3478353518726748812311113464550569214392312233537132381733089398663193351113546928656446632307472114884993663187801910760416773935962061164019902073300112960193921509751273659194432776220688158204733730328114294 0 0 0 0 0 0 0 0 0 0 0 0 0 0 0 0 0 0 0 0 0 0 0 0 0 0 0 0 0 0 0 0 0 0 0 0 0 0 0 0 0 0 1 0 0 0 0 0 0 0 0 0 0 0 0 0 0 0 0 0 0 0 0 0 0 0 0 0 0]
[1848623370259852130858297245141850915995981739062409360727617148069072143652790609159842799310749742326547026479454143069382813103734408041295199028751125738820059986315505020943582480332701328626200627412682569 0 0 0 0 0 0 0 0 0 0 0 0 0 0 0 0 0 0 0 0 0 0 0 0 0 0 0 0 0 0 0 0 0 0 0 0 0 0 0 0 0 0 0 1 0 0 0 0 0 0 0 0 0 0 0 0 0 0 0 0 0 0 0 0 0 0 0 0 0]
[3813391317388936494618677636938648689488857773247086126391774904523999334822705709214841713159017307062638423552156043162807844226395107271336915047242386251907389758724068397392404955772449615411073211942912122 0 0 0 0 0 0 0 0 0 0 0 0 0 0 0 0 0 0 0 0 0 0 0 0 0 0 0 0 0 0 0 0 0 0 0 0 0 0 0 0 0 0 0 0 1 0 0 0 0 0 0 0 0 0 0 0 0 0 0 0 0 0 0 0 0 0 0 0 0]
[2457035343950306005119055331001258974358305546365975726722108718300873031739212965156392380140245887659146994345938851788381514507746492011223357646032165055349076305890757030056260150957494739707474025052253817 0 0 0 0 0 0 0 0 0 0 0 0 0 0 0 0 0 0 0 0 0 0 0 0 0 0 0 0 0 0 0 0 0 0 0 0 0 0 0 0 0 0 0 0 0 1 0 0 0 0 0 0 0 0 0 0 0 0 0 0 0 0 0 0 0 0 0 0 0]
[1764243834078448999689268511366734927155234189624293017749438554125661371946005997228347571970841474151837788446194225013509658240987434784840911803864379662669990874475211308058220670629897115277358510096437198 0 0 0 0 0 0 0 0 0 0 0 0 0 0 0 0 0 0 0 0 0 0 0 0 0 0 0 0 0 0 0 0 0 0 0 0 0 0 0 0 0 0 0 0 0 0 1 0 0 0 0 0 0 0 0 0 0 0 0 0 0 0 0 0 0 0 0 0 0]
[542964675209185959554420625479216141924250863136935890281732600444071349608595622899313342530332742521193941531783436236606994220501700319831731837431444822884695086091453166923922747998272908507971007298762192 0 0 0 0 0 0 0 0 0 0 0 0 0 0 0 0 0 0 0 0 0 0 0 0 0 0 0 0 0 0 0 0 0 0 0 0 0 0 0 0 0 0 0 0 0 0 0 1 0 0 0 0 0 0 0 0 0 0 0 0 0 0 0 0 0 0 0 0 0]
[2729675230635837795186607534089488112119437056305629642609780986439130756429564361357515464108851646049831060119530235152633802532172761642221619137420528437684329546955087303024127153704912579563458277992068131 0 0 0 0 0 0 0 0 0 0 0 0 0 0 0 0 0 0 0 0 0 0 0 0 0 0 0 0 0 0 0 0 0 0 0 0 0 0 0 0 0 0 0 0 0 0 0 0 1 0 0 0 0 0 0 0 0 0 0 0 0 0 0 0 0 0 0 0 0]
[1679606922039857084215334384759070014632788488010136231137814379708355015249040995607943507824936129150727783783567721865514260174450264882646243439107454737617618343927876754179336082087070995626693648797564258 0 0 0 0 0 0 0 0 0 0 0 0 0 0 0 0 0 0 0 0 0 0 0 0 0 0 0 0 0 0 0 0 0 0 0 0 0 0 0 0 0 0 0 0 0 0 0 0 0 1 0 0 0 0 0 0 0 0 0 0 0 0 0 0 0 0 0 0 0]
[3144990102510188705362037176020816569899125263905709381132149424723497576739318969566574635777448425345949076423350406467522082867081087619515550063233848714852461151974617139349447988838847014392923135503694141 0 0 0 0 0 0 0 0 0 0 0 0 0 0 0 0 0 0 0 0 0 0 0 0 0 0 0 0 0 0 0 0 0 0 0 0 0 0 0 0 0 0 0 0 0 0 0 0 0 0 1 0 0 0 0 0 0 0 0 0 0 0 0 0 0 0 0 0 0]
[1367977769116475743235156831861973182820323345991876768317393511308480174840435840824399242416554038071988959134229534023865446609780835014518027482114987359135666059253885592084088725354106347208461166880337207 0 0 0 0 0 0 0 0 0 0 0 0 0 0 0 0 0 0 0 0 0 0 0 0 0 0 0 0 0 0 0 0 0 0 0 0 0 0 0 0 0 0 0 0 0 0 0 0 0 0 0 1 0 0 0 0 0 0 0 0 0 0 0 0 0 0 0 0 0]
[1079694663799269466777252975832503338613114448406491661138632701758203194663658124261758884142486845204362503304303337373108884568126623216282687096196589860838912802569084408638125101717123128900329238894045615 0 0 0 0 0 0 0 0 0 0 0 0 0 0 0 0 0 0 0 0 0 0 0 0 0 0 0 0 0 0 0 0 0 0 0 0 0 0 0 0 0 0 0 0 0 0 0 0 0 0 0 0 1 0 0 0 0 0 0 0 0 0 0 0 0 0 0 0 0]
[364204687314671201944409858221763652508355225184830923938421091152111786423992548348557285756382814624490131672199208156214400493770867880312520627975875063268052773337087070261035892749265274686636106081017673 0 0 0 0 0 0 0 0 0 0 0 0 0 0 0 0 0 0 0 0 0 0 0 0 0 0 0 0 0 0 0 0 0 0 0 0 0 0 0 0 0 0 0 0 0 0 0 0 0 0 0 0 0 1 0 0 0 0 0 0 0 0 0 0 0 0 0 0 0]
[2892343621426684804419815807823312233819152651703129607829954550226065121801205089096201059447727252872203180267025143843385491397235789866742591107111342124727549654170999942432204998528430076044117072896028818 0 0 0 0 0 0 0 0 0 0 0 0 0 0 0 0 0 0 0 0 0 0 0 0 0 0 0 0 0 0 0 0 0 0 0 0 0 0 0 0 0 0 0 0 0 0 0 0 0 0 0 0 0 0 1 0 0 0 0 0 0 0 0 0 0 0 0 0 0]
[2307222828423768464795835270076763389959069716875294844421580225484221334453332590247855644088894823340553057492826649267727317462827638897933478901107257438881876657740329802029910543723108405835675800999256071 0 0 0 0 0 0 0 0 0 0 0 0 0 0 0 0 0 0 0 0 0 0 0 0 0 0 0 0 0 0 0 0 0 0 0 0 0 0 0 0 0 0 0 0 0 0 0 0 0 0 0 0 0 0 0 1 0 0 0 0 0 0 0 0 0 0 0 0 0]
[2958447574450922476525485716404248431902254318385790931409019917184883327532908648160977404237912557081858760768295580112528901408337643766599649443334678559844938141925788875460136812157786429986521627859970725 0 0 0 0 0 0 0 0 0 0 0 0 0 0 0 0 0 0 0 0 0 0 0 0 0 0 0 0 0 0 0 0 0 0 0 0 0 0 0 0 0 0 0 0 0 0 0 0 0 0 0 0 0 0 0 0 1 0 0 0 0 0 0 0 0 0 0 0 0]
[1027172293970160179969719123750911690037349312061869280030127994574141942522810251401917523723706931531170471576784495224085360617510322349614804570304239224868316528178783677672848966407474931683799481760842846 0 0 0 0 0 0 0 0 0 0 0 0 0 0 0 0 0 0 0 0 0 0 0 0 0 0 0 0 0 0 0 0 0 0 0 0 0 0 0 0 0 0 0 0 0 0 0 0 0 0 0 0 0 0 0 0 0 1 0 0 0 0 0 0 0 0 0 0 0]
[2442433989030453935212886167054409762950678905510666303438545175668683361831389739768271878014663315573627540984816056037380486549874994555740467467578124224887014693416484143443733488860234539532298404122681409 0 0 0 0 0 0 0 0 0 0 0 0 0 0 0 0 0 0 0 0 0 0 0 0 0 0 0 0 0 0 0 0 0 0 0 0 0 0 0 0 0 0 0 0 0 0 0 0 0 0 0 0 0 0 0 0 0 0 1 0 0 0 0 0 0 0 0 0 0]
[3487164103193894925871222407594918329819064039082911478772092504576401104269999755941309731019629023473272671740818135779755010307080643424319495799490427897921668859352182712179986332266969443473271192800035504 0 0 0 0 0 0 0 0 0 0 0 0 0 0 0 0 0 0 0 0 0 0 0 0 0 0 0 0 0 0 0 0 0 0 0 0 0 0 0 0 0 0 0 0 0 0 0 0 0 0 0 0 0 0 0 0 0 0 0 1 0 0 0 0 0 0 0 0 0]
[1092099508245485560819720697986962974532757760915778622719904018250744701129727371555029368449499859555954254343929106118535111766144044794672093583028135769904162507071489950943141598194491539169875418998682969 0 0 0 0 0 0 0 0 0 0 0 0 0 0 0 0 0 0 0 0 0 0 0 0 0 0 0 0 0 0 0 0 0 0 0 0 0 0 0 0 0 0 0 0 0 0 0 0 0 0 0 0 0 0 0 0 0 0 0 0 1 0 0 0 0 0 0 0 0]
[1186312220609737915542321826347913681174516901660664631029259700544747924777603806325455875695741001357847554757808794753469494417340939569205378767876254586785840044851052476098133151241109613016733854086360087 0 0 0 0 0 0 0 0 0 0 0 0 0 0 0 0 0 0 0 0 0 0 0 0 0 0 0 0 0 0 0 0 0 0 0 0 0 0 0 0 0 0 0 0 0 0 0 0 0 0 0 0 0 0 0 0 0 0 0 0 0 1 0 0 0 0 0 0 0]
[3032701867082948959198302283984567028046559312279384199729563339553457456046134065061152076929790915106318676892970426779116873369373437047904475649214207249831798480319236053861739144566470990025792335288878474 0 0 0 0 0 0 0 0 0 0 0 0 0 0 0 0 0 0 0 0 0 0 0 0 0 0 0 0 0 0 0 0 0 0 0 0 0 0 0 0 0 0 0 0 0 0 0 0 0 0 0 0 0 0 0 0 0 0 0 0 0 0 1 0 0 0 0 0 0]
[1743760881708474789138041601965723377344925827727366753385631889046147322739937807868789711308149458570058668135498994839378618539770023185887539125770981627125452944419961294906281600104157453906722505014853737 0 0 0 0 0 0 0 0 0 0 0 0 0 0 0 0 0 0 0 0 0 0 0 0 0 0 0 0 0 0 0 0 0 0 0 0 0 0 0 0 0 0 0 0 0 0 0 0 0 0 0 0 0 0 0 0 0 0 0 0 0 0 0 1 0 0 0 0 0]
[3301987794530029835207121878528038981134883240960296980742734869215421453213805247115654681994735294432161807096428190250955868043313590742107721970797144000065896768411334830939869565675969973471473501487844683 0 0 0 0 0 0 0 0 0 0 0 0 0 0 0 0 0 0 0 0 0 0 0 0 0 0 0 0 0 0 0 0 0 0 0 0 0 0 0 0 0 0 0 0 0 0 0 0 0 0 0 0 0 0 0 0 0 0 0 0 0 0 0 0 1 0 0 0 0]
[78955785150855973232716824827324960361205826705080973530584429833855445686550824996468788207196711627882113591476120269746961886769168556964851639166707403506267335708098903107060462533440994473408753611052094 0 0 0 0 0 0 0 0 0 0 0 0 0 0 0 0 0 0 0 0 0 0 0 0 0 0 0 0 0 0 0 0 0 0 0 0 0 0 0 0 0 0 0 0 0 0 0 0 0 0 0 0 0 0 0 0 0 0 0 0 0 0 0 0 0 1 0 0 0]
[1080291715814230024738914829465619800695425721382245387745049503557467136032829414299620258115851036593317226897094736018291318499346796596329227115592347672662524087921661953659620605001607090471772865685030506 0 0 0 0 0 0 0 0 0 0 0 0 0 0 0 0 0 0 0 0 0 0 0 0 0 0 0 0 0 0 0 0 0 0 0 0 0 0 0 0 0 0 0 0 0 0 0 0 0 0 0 0 0 0 0 0 0 0 0 0 0 0 0 0 0 0 1 0 0]
[1973758980419079623063111510357774937663457992208439243221298599682923428813965919068744907721118140999896189134609310220184860739676667073833521175307827067289123670796660099945881214849537679920051229204789667 0 0 0 0 0 0 0 0 0 0 0 0 0 0 0 0 0 0 0 0 0 0 0 0 0 0 0 0 0 0 0 0 0 0 0 0 0 0 0 0 0 0 0 0 0 0 0 0 0 0 0 0 0 0 0 0 0 0 0 0 0 0 0 0 0 0 0 1 0]
[2770663120844458103835773520550777979317320080281621936146415111417187261790167209678993550806010230207252441563081642510701654363756476961337206832283789404792498692384083048407620795680754588745738862220345170 0 0 0 0 0 0 0 0 0 0 0 0 0 0 0 0 0 0 0 0 0 0 0 0 0 0 0 0 0 0 0 0 0 0 0 0 0 0 0 0 0 0 0 0 0 0 0 0 0 0 0 0 0 0 0 0 0 0 0 0 0 0 0 0 0 0 0 0 1]
]
