[[7680916219385146434061257274071352244401082700778834458936215902141558756254495429588828478536242957389199439799970697304797645180068034274544188047780152124266949649679984435295146406255381905171231742991233806687321342343281344554026185558600501290524448762480231428108542987719421828022108239063007 0 0 0 0 0 0 0 0 0 0 0 0 0 0 0 0 0 0 0 0 0 0 0 0 0 0 0 0 0 0 0 0 0 0 0 0 0 0 0 0 0 0 0 0 0 0 0 0 0 0 0 0 0 0 0 0 0 0 0 0 0 0 0 0 0 0 0 0 0 0 0 0 0 0 0 0 0 0 0 0 0 0 0 0 0 0 0 0 0 0 0 0 0 0 0 0 0 0 0]
[5409576353483156497011545454734699003204350325330026879203697782276456244491281597932236418726209609346624694747248201219647196585704613074358917643768996584591349863701418620359223351387637685183525819118047415522272929379368998203442184864561856483363425663462671652345008910604751356876327774161898 1 0 0 0 0 0 0 0 0 0 0 0 0 0 0 0 0 0 0 0 0 0 0 0 0 0 0 0 0 0 0 0 0 0 0 0 0 0 0 0 0 0 0 0 0 0 0 0 0 0 0 0 0 0 0 0 0 0 0 0 0 0 0 0 0 0 0 0 0 0 0 0 0 0 0 0 0 0 0 0 0 0 0 0 0 0 0 0 0 0 0 0 0 0 0 0 0 0 0]
[7473409741760481009014306691147317559540937953450778410672511698881530449302881675435261062012352444437280952613225882099254297738112704431756636767810189360201930970802939527771217130561885542220781520947567316079289598908478602015829591975680974978107105761996646165711193241574163736224280209404394 0 1 0 0 0 0 0 0 0 0 0 0 0 0 0 0 0 0 0 0 0 0 0 0 0 0 0 0 0 0 0 0 0 0 0 0 0 0 0 0 0 0 0 0 0 0 0 0 0 0 0 0 0 0 0 0 0 0 0 0 0 0 0 0 0 0 0 0 0 0 0 0 0 0 0 0 0 0 0 0 0 0 0 0 0 0 0 0 0 0 0 0 0 0 0 0 0 0 0]
[7236572386127241727784869244691930063896868468803691495626161656984536786699829711649455651927100554359300228921040209519928020399796412443483404072008635925156974949634289164903509852381629293712352923376052826145042930772734648674968449813211262360320680594485546797625159594078360324224825435380577 0 0 1 0 0 0 0 0 0 0 0 0 0 0 0 0 0 0 0 0 0 0 0 0 0 0 0 0 0 0 0 0 0 0 0 0 0 0 0 0 0 0 0 0 0 0 0 0 0 0 0 0 0 0 0 0 0 0 0 0 0 0 0 0 0 0 0 0 0 0 0 0 0 0 0 0 0 0 0 0 0 0 0 0 0 0 0 0 0 0 0 0 0 0 0 0 0 0 0]
[4619378179950692956287462213993840265587697066367987210751812352921622997417346775372748364711500220117831441123373643939387908704741258427362141754068869223659023101863372889821719354180109600514019401304490033123167851277032794627976035622207239253541010801351933155588588871662747859502142533486036 0 0 0 1 0 0 0 0 0 0 0 0 0 0 0 0 0 0 0 0 0 0 0 0 0 0 0 0 0 0 0 0 0 0 0 0 0 0 0 0 0 0 0 0 0 0 0 0 0 0 0 0 0 0 0 0 0 0 0 0 0 0 0 0 0 0 0 0 0 0 0 0 0 0 0 0 0 0 0 0 0 0 0 0 0 0 0 0 0 0 0 0 0 0 0 0 0 0 0]
[5912803529458268044250615243158192946658114608170046115194022812939738810788053253953729518719692525108084734777843196363779319050010161529899242115587602839408548101227713187071355824222918023137956333455299140508002983994086756738179250171043027899618990651525019220544049782131990412267627743441132 0 0 0 0 1 0 0 0 0 0 0 0 0 0 0 0 0 0 0 0 0 0 0 0 0 0 0 0 0 0 0 0 0 0 0 0 0 0 0 0 0 0 0 0 0 0 0 0 0 0 0 0 0 0 0 0 0 0 0 0 0 0 0 0 0 0 0 0 0 0 0 0 0 0 0 0 0 0 0 0 0 0 0 0 0 0 0 0 0 0 0 0 0 0 0 0 0 0 0]
[6235898424146316488226332372877764976500444017640116934403354742650034704449545661429270333984450570094269214008733109212592244384640929596560402541656636971615588401933621057556819727475058612801381272386742491649544519553806904261951128090100723557755082931874414728850910807393365595713356596954860 0 0 0 0 0 1 0 0 0 0 0 0 0 0 0 0 0 0 0 0 0 0 0 0 0 0 0 0 0 0 0 0 0 0 0 0 0 0 0 0 0 0 0 0 0 0 0 0 0 0 0 0 0 0 0 0 0 0 0 0 0 0 0 0 0 0 0 0 0 0 0 0 0 0 0 0 0 0 0 0 0 0 0 0 0 0 0 0 0 0 0 0 0 0 0 0 0 0 0]
[2743397435610991287470989101005739442549948016377256053320671812612043770692739558422539364056456172914836844706474822032638851155857362136394496288213658083078481096222559202683416847165798932372163157088618875503439524879152518098349272545545597961294331948531576988111358700227729178048583124086288 0 0 0 0 0 0 1 0 0 0 0 0 0 0 0 0 0 0 0 0 0 0 0 0 0 0 0 0 0 0 0 0 0 0 0 0 0 0 0 0 0 0 0 0 0 0 0 0 0 0 0 0 0 0 0 0 0 0 0 0 0 0 0 0 0 0 0 0 0 0 0 0 0 0 0 0 0 0 0 0 0 0 0 0 0 0 0 0 0 0 0 0 0 0 0 0 0 0 0]
[1835659640143736491093161771093087845084389451770035700139179227045443812892225552292342899615759708784949323560066540033830305674496827656264257597678484565339590194170691981683453037907086790120671199011906095911406576331778036654649122428712322006093682023702260796485773879778332190580336794701455 0 0 0 0 0 0 0 1 0 0 0 0 0 0 0 0 0 0 0 0 0 0 0 0 0 0 0 0 0 0 0 0 0 0 0 0 0 0 0 0 0 0 0 0 0 0 0 0 0 0 0 0 0 0 0 0 0 0 0 0 0 0 0 0 0 0 0 0 0 0 0 0 0 0 0 0 0 0 0 0 0 0 0 0 0 0 0 0 0 0 0 0 0 0 0 0 0 0 0]
[5102397901586882365700542665331735866445484054999213252891500408229165081895765937701692005591921084029580629632646068178609611205966883199258201247948910790822718732050828982073300698085690356470271422871939271674945301933733902960816588174433806551163684290261046118312011635317849990863533854003351 0 0 0 0 0 0 0 0 1 0 0 0 0 0 0 0 0 0 0 0 0 0 0 0 0 0 0 0 0 0 0 0 0 0 0 0 0 0 0 0 0 0 0 0 0 0 0 0 0 0 0 0 0 0 0 0 0 0 0 0 0 0 0 0 0 0 0 0 0 0 0 0 0 0 0 0 0 0 0 0 0 0 0 0 0 0 0 0 0 0 0 0 0 0 0 0 0 0 0]
[7222726827781395059935048607549371400816308475787693641331589978932732284379572912833487126310342367978008127521628334696069822337439777468535266570166767332036048129422363787439900157375535902708509074298919592702815069713554228509944386175521896009600849993409796340726119584204861257348507417337336 0 0 0 0 0 0 0 0 0 1 0 0 0 0 0 0 0 0 0 0 0 0 0 0 0 0 0 0 0 0 0 0 0 0 0 0 0 0 0 0 0 0 0 0 0 0 0 0 0 0 0 0 0 0 0 0 0 0 0 0 0 0 0 0 0 0 0 0 0 0 0 0 0 0 0 0 0 0 0 0 0 0 0 0 0 0 0 0 0 0 0 0 0 0 0 0 0 0 0]
[4412708577968343230829454701395770059732417949711317485605117496270166710927700755521215832193081931187061069850697208333744494207439999926316009571869524382342390462667207946052273105598497611375286197521173233302044303651932426909322741087321213743702353311394428460148988065965864142510696982556987 0 0 0 0 0 0 0 0 0 0 1 0 0 0 0 0 0 0 0 0 0 0 0 0 0 0 0 0 0 0 0 0 0 0 0 0 0 0 0 0 0 0 0 0 0 0 0 0 0 0 0 0 0 0 0 0 0 0 0 0 0 0 0 0 0 0 0 0 0 0 0 0 0 0 0 0 0 0 0 0 0 0 0 0 0 0 0 0 0 0 0 0 0 0 0 0 0 0 0]
[4195829477757936391231632028104402625435735340213022232225718203548238847320905576851209148773698643625472792130966519215139915485234241633325472356976948125041416668219891193751116666330622061634147952249870030815725766346418011296224521422776041278586962706792833974994896809067537662272151588651334 0 0 0 0 0 0 0 0 0 0 0 1 0 0 0 0 0 0 0 0 0 0 0 0 0 0 0 0 0 0 0 0 0 0 0 0 0 0 0 0 0 0 0 0 0 0 0 0 0 0 0 0 0 0 0 0 0 0 0 0 0 0 0 0 0 0 0 0 0 0 0 0 0 0 0 0 0 0 0 0 0 0 0 0 0 0 0 0 0 0 0 0 0 0 0 0 0 0 0]
[5271363561483219301228823238969317422920276637842905862768941273035607263544702559447058831366905277309462689390337484877077571082803508029600786869323377279463472098189993861365948921492881468469930506757295923024447362262725098338482914440312753504435562000455726536644501903094401274255094381379574 0 0 0 0 0 0 0 0 0 0 0 0 1 0 0 0 0 0 0 0 0 0 0 0 0 0 0 0 0 0 0 0 0 0 0 0 0 0 0 0 0 0 0 0 0 0 0 0 0 0 0 0 0 0 0 0 0 0 0 0 0 0 0 0 0 0 0 0 0 0 0 0 0 0 0 0 0 0 0 0 0 0 0 0 0 0 0 0 0 0 0 0 0 0 0 0 0 0 0]
[4381489392228990115501821791407764014405340376554473888297678205034306331261876374329005727030169235360881950091133325404882912838715173346164423990464708623934956550968066803212775784884310309802866605092680134434765487846256338503150246140801521308581103647219291233121444185443677522190699294569757 0 0 0 0 0 0 0 0 0 0 0 0 0 1 0 0 0 0 0 0 0 0 0 0 0 0 0 0 0 0 0 0 0 0 0 0 0 0 0 0 0 0 0 0 0 0 0 0 0 0 0 0 0 0 0 0 0 0 0 0 0 0 0 0 0 0 0 0 0 0 0 0 0 0 0 0 0 0 0 0 0 0 0 0 0 0 0 0 0 0 0 0 0 0 0 0 0 0 0]
[664050424912012018264670058011919070190413778093378942892493574279263841779073112668499483727754507535055963636974001302049800630874427425361991522810338480736527878475770024647164281729658476746182470512132331976512493305069129649674126040689137869594979032394895532257230137552585878926678570088456 0 0 0 0 0 0 0 0 0 0 0 0 0 0 1 0 0 0 0 0 0 0 0 0 0 0 0 0 0 0 0 0 0 0 0 0 0 0 0 0 0 0 0 0 0 0 0 0 0 0 0 0 0 0 0 0 0 0 0 0 0 0 0 0 0 0 0 0 0 0 0 0 0 0 0 0 0 0 0 0 0 0 0 0 0 0 0 0 0 0 0 0 0 0 0 0 0 0 0]
[7511693793111731619394101535477605359176457033834240756749882790648038108617133740692492849075063896874038943192570735242012922192925933451718084595796010929591800962044827943224401834215642338422155238554809117837886763412160925146806375491657190827948951164934015407263276799357828079528649068193818 0 0 0 0 0 0 0 0 0 0 0 0 0 0 0 1 0 0 0 0 0 0 0 0 0 0 0 0 0 0 0 0 0 0 0 0 0 0 0 0 0 0 0 0 0 0 0 0 0 0 0 0 0 0 0 0 0 0 0 0 0 0 0 0 0 0 0 0 0 0 0 0 0 0 0 0 0 0 0 0 0 0 0 0 0 0 0 0 0 0 0 0 0 0 0 0 0 0 0]
[4941656272693556873594444113374653154732455846178518155670473337068695307329693300550648500204573067908286008082474164988699022483401672257043753805437829910483430919593944781733612915643106581405538453004062904401334009512620025493310708014569204039390900241667365996808271528431093914937712393066818 0 0 0 0 0 0 0 0 0 0 0 0 0 0 0 0 1 0 0 0 0 0 0 0 0 0 0 0 0 0 0 0 0 0 0 0 0 0 0 0 0 0 0 0 0 0 0 0 0 0 0 0 0 0 0 0 0 0 0 0 0 0 0 0 0 0 0 0 0 0 0 0 0 0 0 0 0 0 0 0 0 0 0 0 0 0 0 0 0 0 0 0 0 0 0 0 0 0 0]
[3773091196825093014288247313853486876192083303184973484782657113166003372549186055118190448622635904508020594649108294190981393503191692630080872064482253019739623704431661130144824159202638303156057534382322546850003699282195036076463766823860616516804272832120383920705252002714454343613998697633625 0 0 0 0 0 0 0 0 0 0 0 0 0 0 0 0 0 1 0 0 0 0 0 0 0 0 0 0 0 0 0 0 0 0 0 0 0 0 0 0 0 0 0 0 0 0 0 0 0 0 0 0 0 0 0 0 0 0 0 0 0 0 0 0 0 0 0 0 0 0 0 0 0 0 0 0 0 0 0 0 0 0 0 0 0 0 0 0 0 0 0 0 0 0 0 0 0 0 0]
[6181926435615747388941522256046885736030117171290906879197405318466829512281137468696210402909505733925042599451344053362597607989319194194618747435955533337666381495543563863217653473553943971284146820931066543122739440871825211418428860149533779789256871791882325841266572855776178636797156148501102 0 0 0 0 0 0 0 0 0 0 0 0 0 0 0 0 0 0 1 0 0 0 0 0 0 0 0 0 0 0 0 0 0 0 0 0 0 0 0 0 0 0 0 0 0 0 0 0 0 0 0 0 0 0 0 0 0 0 0 0 0 0 0 0 0 0 0 0 0 0 0 0 0 0 0 0 0 0 0 0 0 0 0 0 0 0 0 0 0 0 0 0 0 0 0 0 0 0 0]
[1315056585222465613322306032819101174093450140195649715303219596265658394556346625461155854857121639639499854624296593062972431585269175822499675954193582120468158676224910570065400779173882095822570996345732126230529934134207059721904482059141165538075675955010489615252385106557848546756052685606073 0 0 0 0 0 0 0 0 0 0 0 0 0 0 0 0 0 0 0 1 0 0 0 0 0 0 0 0 0 0 0 0 0 0 0 0 0 0 0 0 0 0 0 0 0 0 0 0 0 0 0 0 0 0 0 0 0 0 0 0 0 0 0 0 0 0 0 0 0 0 0 0 0 0 0 0 0 0 0 0 0 0 0 0 0 0 0 0 0 0 0 0 0 0 0 0 0 0 0]
[2792293304072166968561322633884931201007059430540157878416815716345676744810135497374268226290825993980743718692346779471828118028751699655343046944454819277189562318003175611645628131066017652962771597142603474124982745661787474724026354427409283826053474799628446375633616964819634243304729612060384 0 0 0 0 0 0 0 0 0 0 0 0 0 0 0 0 0 0 0 0 1 0 0 0 0 0 0 0 0 0 0 0 0 0 0 0 0 0 0 0 0 0 0 0 0 0 0 0 0 0 0 0 0 0 0 0 0 0 0 0 0 0 0 0 0 0 0 0 0 0 0 0 0 0 0 0 0 0 0 0 0 0 0 0 0 0 0 0 0 0 0 0 0 0 0 0 0 0 0]
[6294471938453624931425741700644886353942901627044288272381710945752012138148268460306073970401278979683482834943686402923432107580764825605425757317261287621086585335679595457612762900583050421286072778567618500051950207289735331353029953810377660082538032806665689567947964633105179051470845821354626 0 0 0 0 0 0 0 0 0 0 0 0 0 0 0 0 0 0 0 0 0 1 0 0 0 0 0 0 0 0 0 0 0 0 0 0 0 0 0 0 0 0 0 0 0 0 0 0 0 0 0 0 0 0 0 0 0 0 0 0 0 0 0 0 0 0 0 0 0 0 0 0 0 0 0 0 0 0 0 0 0 0 0 0 0 0 0 0 0 0 0 0 0 0 0 0 0 0 0]
[2785432683494962498487505407243405690705279913639427902397984773435002989028218109525088753184523221336567036641691070935922376872786822683551440779479599020394353714670748003415283307042102939000501325926363867361075927100909670870972645334570259482608382325530606396961832569002789487113833706334288 0 0 0 0 0 0 0 0 0 0 0 0 0 0 0 0 0 0 0 0 0 0 1 0 0 0 0 0 0 0 0 0 0 0 0 0 0 0 0 0 0 0 0 0 0 0 0 0 0 0 0 0 0 0 0 0 0 0 0 0 0 0 0 0 0 0 0 0 0 0 0 0 0 0 0 0 0 0 0 0 0 0 0 0 0 0 0 0 0 0 0 0 0 0 0 0 0 0 0]
[1585300965898146971458189904556183604728379237926904192572798181873357137998104562278994346603895243955914651047189199889515316511080121511174272297498961901932400825513572570602493933470219026971261739934642902818912243857497828779323209324957396201901877096753920796442434359679081473988240366626380 0 0 0 0 0 0 0 0 0 0 0 0 0 0 0 0 0 0 0 0 0 0 0 1 0 0 0 0 0 0 0 0 0 0 0 0 0 0 0 0 0 0 0 0 0 0 0 0 0 0 0 0 0 0 0 0 0 0 0 0 0 0 0 0 0 0 0 0 0 0 0 0 0 0 0 0 0 0 0 0 0 0 0 0 0 0 0 0 0 0 0 0 0 0 0 0 0 0 0]
[244937717599281218569579274124806007357566654485307159549064759033902915304565926460860810248447004063079426316772414248570671519292244140059521416683929158379898678124272586161623536141306648929674591031204926511031722261711278114886035534119616704617458893077920668963251245755742287032307840456770 0 0 0 0 0 0 0 0 0 0 0 0 0 0 0 0 0 0 0 0 0 0 0 0 1 0 0 0 0 0 0 0 0 0 0 0 0 0 0 0 0 0 0 0 0 0 0 0 0 0 0 0 0 0 0 0 0 0 0 0 0 0 0 0 0 0 0 0 0 0 0 0 0 0 0 0 0 0 0 0 0 0 0 0 0 0 0 0 0 0 0 0 0 0 0 0 0 0 0]
[5457045734673141544284976782613772230966200246055198206925012412157522197130544956669345958597662606017375144193536772279145845686270074349293529540130487266648290681144788417307296782457465529340506476619892732538809642958885733468996480696974417012196842350816252847260666937976238501184258258471875 0 0 0 0 0 0 0 0 0 0 0 0 0 0 0 0 0 0 0 0 0 0 0 0 0 1 0 0 0 0 0 0 0 0 0 0 0 0 0 0 0 0 0 0 0 0 0 0 0 0 0 0 0 0 0 0 0 0 0 0 0 0 0 0 0 0 0 0 0 0 0 0 0 0 0 0 0 0 0 0 0 0 0 0 0 0 0 0 0 0 0 0 0 0 0 0 0 0 0]
[5162590202499967123996040720376118686170139824381785232666066154177800565635176971971195095154297205937116813616837137718655284030165953811450613546116252571759896188828501800109483019328722771424775631696484328377685284426679949434794411183864480122783621566612076531930439069680695315039831488364206 0 0 0 0 0 0 0 0 0 0 0 0 0 0 0 0 0 0 0 0 0 0 0 0 0 0 1 0 0 0 0 0 0 0 0 0 0 0 0 0 0 0 0 0 0 0 0 0 0 0 0 0 0 0 0 0 0 0 0 0 0 0 0 0 0 0 0 0 0 0 0 0 0 0 0 0 0 0 0 0 0 0 0 0 0 0 0 0 0 0 0 0 0 0 0 0 0 0 0]
[3755510681996705915020878445448412960739960165216838623812121726998323602909927543780013292604938468565248510600751275296836299566043721126232680559286235236348495004924287251508805120338079081302716552753556965828452295240196940948076699536904176878479724491197052867160715706134275426443668819791053 0 0 0 0 0 0 0 0 0 0 0 0 0 0 0 0 0 0 0 0 0 0 0 0 0 0 0 1 0 0 0 0 0 0 0 0 0 0 0 0 0 0 0 0 0 0 0 0 0 0 0 0 0 0 0 0 0 0 0 0 0 0 0 0 0 0 0 0 0 0 0 0 0 0 0 0 0 0 0 0 0 0 0 0 0 0 0 0 0 0 0 0 0 0 0 0 0 0 0]
[4927231515943075996267051437021602158774079853813106509373785383239691137158675124776613688141086502007899198332667032260446498187930502958230179576133313507125221841726776108669984836277990882302754181350363735791387251785674334419181499393402073651145705490274180601247462202433458569012737598477028 0 0 0 0 0 0 0 0 0 0 0 0 0 0 0 0 0 0 0 0 0 0 0 0 0 0 0 0 1 0 0 0 0 0 0 0 0 0 0 0 0 0 0 0 0 0 0 0 0 0 0 0 0 0 0 0 0 0 0 0 0 0 0 0 0 0 0 0 0 0 0 0 0 0 0 0 0 0 0 0 0 0 0 0 0 0 0 0 0 0 0 0 0 0 0 0 0 0 0]
[2737104308639233971713768939744691454139353133438970622803623918918293623580868156983051814680406100138913911677216686872809436618078505733298498674276891120040731007431006634964262149687155375676423180872345406443990172092998548764920145134266853768657267236602941500615051834070154221748204199089066 0 0 0 0 0 0 0 0 0 0 0 0 0 0 0 0 0 0 0 0 0 0 0 0 0 0 0 0 0 1 0 0 0 0 0 0 0 0 0 0 0 0 0 0 0 0 0 0 0 0 0 0 0 0 0 0 0 0 0 0 0 0 0 0 0 0 0 0 0 0 0 0 0 0 0 0 0 0 0 0 0 0 0 0 0 0 0 0 0 0 0 0 0 0 0 0 0 0 0]
[5745139370890540205374006279359701133022655644257277577394861071715797347139800030883956160960769778408696386088087103174083214270699034213742059175009528968029592448998069779716600855075419770413226393398419935889957707753645028957288813613158764943498691436538077025545101747872074453658351767352178 0 0 0 0 0 0 0 0 0 0 0 0 0 0 0 0 0 0 0 0 0 0 0 0 0 0 0 0 0 0 1 0 0 0 0 0 0 0 0 0 0 0 0 0 0 0 0 0 0 0 0 0 0 0 0 0 0 0 0 0 0 0 0 0 0 0 0 0 0 0 0 0 0 0 0 0 0 0 0 0 0 0 0 0 0 0 0 0 0 0 0 0 0 0 0 0 0 0 0]
[3608215320658301494828404472572937226920076331344963898486903257077540127527803780058210543762734897526948149925548892798118282469900257310607111850092340876572599310559076312011796101526424424555713097892245122409256085858050626882867370354374106330308686164401830667383057406622988020964647046512421 0 0 0 0 0 0 0 0 0 0 0 0 0 0 0 0 0 0 0 0 0 0 0 0 0 0 0 0 0 0 0 1 0 0 0 0 0 0 0 0 0 0 0 0 0 0 0 0 0 0 0 0 0 0 0 0 0 0 0 0 0 0 0 0 0 0 0 0 0 0 0 0 0 0 0 0 0 0 0 0 0 0 0 0 0 0 0 0 0 0 0 0 0 0 0 0 0 0 0]
[7533715059599427689407303852553167557636344728614468607089814931489801599739843137328888813564676024780026445776982093799952628853140188488572568344286110848250156199545835812255803265787342984966611361582072387677363374376322555782582429528297128140497116524606290061991647689465321691878831928274702 0 0 0 0 0 0 0 0 0 0 0 0 0 0 0 0 0 0 0 0 0 0 0 0 0 0 0 0 0 0 0 0 1 0 0 0 0 0 0 0 0 0 0 0 0 0 0 0 0 0 0 0 0 0 0 0 0 0 0 0 0 0 0 0 0 0 0 0 0 0 0 0 0 0 0 0 0 0 0 0 0 0 0 0 0 0 0 0 0 0 0 0 0 0 0 0 0 0 0]
[4281362173604413610110011348115761689291133253377675991474697051400848120524704379065793184808698109075599611236683584257597723568367534957780215088229792443681851332412044957597967090652896220654327665435432445144504768263359591819014388552028385388361131342273033052846170278915336650955788981898321 0 0 0 0 0 0 0 0 0 0 0 0 0 0 0 0 0 0 0 0 0 0 0 0 0 0 0 0 0 0 0 0 0 1 0 0 0 0 0 0 0 0 0 0 0 0 0 0 0 0 0 0 0 0 0 0 0 0 0 0 0 0 0 0 0 0 0 0 0 0 0 0 0 0 0 0 0 0 0 0 0 0 0 0 0 0 0 0 0 0 0 0 0 0 0 0 0 0 0]
[5559342471686183876633858565905728351090732106013794899482938372634993470048978667218594839223897214731741484982311262801328835002466234611608918363500657052642840334675236280582575929938124771028026790249913108348095031930042795352428849211702289719696851710010824594842215399436208206991121789789040 0 0 0 0 0 0 0 0 0 0 0 0 0 0 0 0 0 0 0 0 0 0 0 0 0 0 0 0 0 0 0 0 0 0 1 0 0 0 0 0 0 0 0 0 0 0 0 0 0 0 0 0 0 0 0 0 0 0 0 0 0 0 0 0 0 0 0 0 0 0 0 0 0 0 0 0 0 0 0 0 0 0 0 0 0 0 0 0 0 0 0 0 0 0 0 0 0 0 0]
[6972824675553237104352768731947351883577789273294951238443121620736296544715355697103497633829386762893947182905798750969653165651679456833974098829026764918979994866109140499321770829622891366200698303006791396684413276984361648436914703314391111146555540334605146316686616090570755599177653728081084 0 0 0 0 0 0 0 0 0 0 0 0 0 0 0 0 0 0 0 0 0 0 0 0 0 0 0 0 0 0 0 0 0 0 0 1 0 0 0 0 0 0 0 0 0 0 0 0 0 0 0 0 0 0 0 0 0 0 0 0 0 0 0 0 0 0 0 0 0 0 0 0 0 0 0 0 0 0 0 0 0 0 0 0 0 0 0 0 0 0 0 0 0 0 0 0 0 0 0]
[7469310084191833638645142035994915959885635170058580927717067399191713468607436904052377223241887932798254369235561795295595358435856590730214880623522020074221257095153232492317636932848797019586579176882041398961212287625564208060294253102188913529625660190445836203595391974883863527695745324113410 0 0 0 0 0 0 0 0 0 0 0 0 0 0 0 0 0 0 0 0 0 0 0 0 0 0 0 0 0 0 0 0 0 0 0 0 1 0 0 0 0 0 0 0 0 0 0 0 0 0 0 0 0 0 0 0 0 0 0 0 0 0 0 0 0 0 0 0 0 0 0 0 0 0 0 0 0 0 0 0 0 0 0 0 0 0 0 0 0 0 0 0 0 0 0 0 0 0 0]
[5710226488540045113252724006509040547627931276871716510827337210706467843030650757731050289762655902427719199637769849733458606674220894487609224868737049209004391661869385630876150250972814231860075200775334797721039829807844224399485777266343657162227003459491553054842674697968411894276138503454770 0 0 0 0 0 0 0 0 0 0 0 0 0 0 0 0 0 0 0 0 0 0 0 0 0 0 0 0 0 0 0 0 0 0 0 0 0 1 0 0 0 0 0 0 0 0 0 0 0 0 0 0 0 0 0 0 0 0 0 0 0 0 0 0 0 0 0 0 0 0 0 0 0 0 0 0 0 0 0 0 0 0 0 0 0 0 0 0 0 0 0 0 0 0 0 0 0 0 0]
[4428433872808061580444348463430220733060629121386422258839635247897778047396197382111713536460175936424063966298536033213650751562349448556255032234172906296707204064653596968737822502120572985488130202315471584592311782772138077424666265824187099566490873932848150725066817686092546631987869198176060 0 0 0 0 0 0 0 0 0 0 0 0 0 0 0 0 0 0 0 0 0 0 0 0 0 0 0 0 0 0 0 0 0 0 0 0 0 0 1 0 0 0 0 0 0 0 0 0 0 0 0 0 0 0 0 0 0 0 0 0 0 0 0 0 0 0 0 0 0 0 0 0 0 0 0 0 0 0 0 0 0 0 0 0 0 0 0 0 0 0 0 0 0 0 0 0 0 0 0]
[5979931342305107311098821636380773507111623214907123683030162492666760855918043693769045952089607013546058835879937859363790499128973909906409145000630021846115975953557206116636866416586036676130628682357335540048608973898376209120150576374356952813218802124498431109715988269656745303610093984056561 0 0 0 0 0 0 0 0 0 0 0 0 0 0 0 0 0 0 0 0 0 0 0 0 0 0 0 0 0 0 0 0 0 0 0 0 0 0 0 1 0 0 0 0 0 0 0 0 0 0 0 0 0 0 0 0 0 0 0 0 0 0 0 0 0 0 0 0 0 0 0 0 0 0 0 0 0 0 0 0 0 0 0 0 0 0 0 0 0 0 0 0 0 0 0 0 0 0 0]
[3993179150306349437565905152001623640619051481396946918257828780854206817644565290022115048940535080409839241299829450154836808357897446498026204958123368813899502020356471736047318018657709574357449863092804070137794232593193205910880687419703619253150270470058266034373245221501725206387446665461284 0 0 0 0 0 0 0 0 0 0 0 0 0 0 0 0 0 0 0 0 0 0 0 0 0 0 0 0 0 0 0 0 0 0 0 0 0 0 0 0 1 0 0 0 0 0 0 0 0 0 0 0 0 0 0 0 0 0 0 0 0 0 0 0 0 0 0 0 0 0 0 0 0 0 0 0 0 0 0 0 0 0 0 0 0 0 0 0 0 0 0 0 0 0 0 0 0 0 0]
[4737103318008698319956167747206130579123105004226630367801404543713699222153867604557774121213145361193515990864551589896602822779666364728671790233274426475559807597217911078934940311510183374268065404023756541490584671770329078555583348344063195671371331523577279059832788231039151338687943972939622 0 0 0 0 0 0 0 0 0 0 0 0 0 0 0 0 0 0 0 0 0 0 0 0 0 0 0 0 0 0 0 0 0 0 0 0 0 0 0 0 0 1 0 0 0 0 0 0 0 0 0 0 0 0 0 0 0 0 0 0 0 0 0 0 0 0 0 0 0 0 0 0 0 0 0 0 0 0 0 0 0 0 0 0 0 0 0 0 0 0 0 0 0 0 0 0 0 0 0]
[4868238383687402244246044085394687204769357525886308286191627880889856003134865049548911764979011518464215491253556252591845329669033161405165382694036302471635939523237164443377901245825233693353634052319266632451863105403068808608648690455268861907728532297198901936128936166231992592473503457484196 0 0 0 0 0 0 0 0 0 0 0 0 0 0 0 0 0 0 0 0 0 0 0 0 0 0 0 0 0 0 0 0 0 0 0 0 0 0 0 0 0 0 1 0 0 0 0 0 0 0 0 0 0 0 0 0 0 0 0 0 0 0 0 0 0 0 0 0 0 0 0 0 0 0 0 0 0 0 0 0 0 0 0 0 0 0 0 0 0 0 0 0 0 0 0 0 0 0 0]
[1408718445193963404107301160337720393032623475795342016101953002781697062815325266384075731137713157348231863994143711087557291693179692905473246051309851138882714407590104012642536071226081085109801993052467275250128511884501757218250226993365943070936828258143488568712118051532671744823018815618860 0 0 0 0 0 0 0 0 0 0 0 0 0 0 0 0 0 0 0 0 0 0 0 0 0 0 0 0 0 0 0 0 0 0 0 0 0 0 0 0 0 0 0 1 0 0 0 0 0 0 0 0 0 0 0 0 0 0 0 0 0 0 0 0 0 0 0 0 0 0 0 0 0 0 0 0 0 0 0 0 0 0 0 0 0 0 0 0 0 0 0 0 0 0 0 0 0 0 0]
[6619747510407814858762444005989187923232906752234985092508180047399527451192108907406059781616852478884975687977570037869916991224517145778107632036734532578731949889533368168524725792934212593777683473828853718677372218705479898557299953201313220412587466641965034724888365725929751688445675026634629 0 0 0 0 0 0 0 0 0 0 0 0 0 0 0 0 0 0 0 0 0 0 0 0 0 0 0 0 0 0 0 0 0 0 0 0 0 0 0 0 0 0 0 0 1 0 0 0 0 0 0 0 0 0 0 0 0 0 0 0 0 0 0 0 0 0 0 0 0 0 0 0 0 0 0 0 0 0 0 0 0 0 0 0 0 0 0 0 0 0 0 0 0 0 0 0 0 0 0]
[2453697655024730828047902611757952688988194452141453718649179751623965125043672735271149663931697147420796441255736104001867724110090970295885598533842251174620258107279862995141464643849174431931674694014650679182057801206960973402746831212811738288194841207319735224869983477867631150573371569131553 0 0 0 0 0 0 0 0 0 0 0 0 0 0 0 0 0 0 0 0 0 0 0 0 0 0 0 0 0 0 0 0 0 0 0 0 0 0 0 0 0 0 0 0 0 1 0 0 0 0 0 0 0 0 0 0 0 0 0 0 0 0 0 0 0 0 0 0 0 0 0 0 0 0 0 0 0 0 0 0 0 0 0 0 0 0 0 0 0 0 0 0 0 0 0 0 0 0 0]
[4086188262133942796152563684247611518175089652292614521254152630715168959013677200543949383910632279067752264396278414456973503060136250801347551101703879264257414787235351016743284546030175506509140625271444393126609953432953598926943896941755074601491544471028490014414514746685655100251291189751512 0 0 0 0 0 0 0 0 0 0 0 0 0 0 0 0 0 0 0 0 0 0 0 0 0 0 0 0 0 0 0 0 0 0 0 0 0 0 0 0 0 0 0 0 0 0 1 0 0 0 0 0 0 0 0 0 0 0 0 0 0 0 0 0 0 0 0 0 0 0 0 0 0 0 0 0 0 0 0 0 0 0 0 0 0 0 0 0 0 0 0 0 0 0 0 0 0 0 0]
[7584800639559073010941256740889725255843977063511020533940734785508284880288141118602559362960606853325503257653307890962365352734661544527406345162416341777128056191985722545194248525416514658930218788551816455423130882999875706658997237588057627329163764084225161768706322356987266820315567178430721 0 0 0 0 0 0 0 0 0 0 0 0 0 0 0 0 0 0 0 0 0 0 0 0 0 0 0 0 0 0 0 0 0 0 0 0 0 0 0 0 0 0 0 0 0 0 0 1 0 0 0 0 0 0 0 0 0 0 0 0 0 0 0 0 0 0 0 0 0 0 0 0 0 0 0 0 0 0 0 0 0 0 0 0 0 0 0 0 0 0 0 0 0 0 0 0 0 0 0]
[3822016650525833372146702267749725072670071925917867401413599869214478491934670725879497461527350002924708524233582067622661279283423877937720637063169381156888121141033353936610244356268009503618776196768374955761499267904427755086757900127132557303346618817926397229223513014680926845016505467394809 0 0 0 0 0 0 0 0 0 0 0 0 0 0 0 0 0 0 0 0 0 0 0 0 0 0 0 0 0 0 0 0 0 0 0 0 0 0 0 0 0 0 0 0 0 0 0 0 1 0 0 0 0 0 0 0 0 0 0 0 0 0 0 0 0 0 0 0 0 0 0 0 0 0 0 0 0 0 0 0 0 0 0 0 0 0 0 0 0 0 0 0 0 0 0 0 0 0 0]
[1009990227091492532316068208139464621538767552976526725029400425601329193567513523188449247663432727047326943064634361275629791453072209049041597717907078026817615604712226430114777267594102967053884603549638901664761589116823476929524005792006017496314910670131158861088841663956852975700187489840851 0 0 0 0 0 0 0 0 0 0 0 0 0 0 0 0 0 0 0 0 0 0 0 0 0 0 0 0 0 0 0 0 0 0 0 0 0 0 0 0 0 0 0 0 0 0 0 0 0 1 0 0 0 0 0 0 0 0 0 0 0 0 0 0 0 0 0 0 0 0 0 0 0 0 0 0 0 0 0 0 0 0 0 0 0 0 0 0 0 0 0 0 0 0 0 0 0 0 0]
[5567819439115712303765236859180204152807831567943062425795875845800644421348263053376040411943112166314908410339529550497539113582771549923043185687103104162023945449571505505032946721190869685857310183699829325852282363750594052871715279682791636162827306871253367051073395589974999536880081758096050 0 0 0 0 0 0 0 0 0 0 0 0 0 0 0 0 0 0 0 0 0 0 0 0 0 0 0 0 0 0 0 0 0 0 0 0 0 0 0 0 0 0 0 0 0 0 0 0 0 0 1 0 0 0 0 0 0 0 0 0 0 0 0 0 0 0 0 0 0 0 0 0 0 0 0 0 0 0 0 0 0 0 0 0 0 0 0 0 0 0 0 0 0 0 0 0 0 0 0]
[4812352363164703630147948039534099281612953067941986272324978604008749002935287830506224580420899354295348263175012913450826390218294324808182710759993107486607472418644586101822960108405101855926309548575068764661938806770476286382995704704863851483053954369507243474538730386041676870893114337238625 0 0 0 0 0 0 0 0 0 0 0 0 0 0 0 0 0 0 0 0 0 0 0 0 0 0 0 0 0 0 0 0 0 0 0 0 0 0 0 0 0 0 0 0 0 0 0 0 0 0 0 1 0 0 0 0 0 0 0 0 0 0 0 0 0 0 0 0 0 0 0 0 0 0 0 0 0 0 0 0 0 0 0 0 0 0 0 0 0 0 0 0 0 0 0 0 0 0 0]
[4829393603552981051921215214216796325522281633184531792092474554700814655864894141060230875302088747806817065553648583858815021427151006841944970620844600053565579221427484301584976056054594866184738345752674968058644223499432705701566253348811896541084618655237844399965120881776401139475885040281186 0 0 0 0 0 0 0 0 0 0 0 0 0 0 0 0 0 0 0 0 0 0 0 0 0 0 0 0 0 0 0 0 0 0 0 0 0 0 0 0 0 0 0 0 0 0 0 0 0 0 0 0 1 0 0 0 0 0 0 0 0 0 0 0 0 0 0 0 0 0 0 0 0 0 0 0 0 0 0 0 0 0 0 0 0 0 0 0 0 0 0 0 0 0 0 0 0 0 0]
[16040584089376124897811344841349515469533834843408740527168751455730752362511349008369007810485688373069855970232105077486029402595211343927266867900100542202311416421469066885721637467547747676002509249876240772281259221377805667838717419628707195614733293748976521185602531753230206529101747409758 0 0 0 0 0 0 0 0 0 0 0 0 0 0 0 0 0 0 0 0 0 0 0 0 0 0 0 0 0 0 0 0 0 0 0 0 0 0 0 0 0 0 0 0 0 0 0 0 0 0 0 0 0 1 0 0 0 0 0 0 0 0 0 0 0 0 0 0 0 0 0 0 0 0 0 0 0 0 0 0 0 0 0 0 0 0 0 0 0 0 0 0 0 0 0 0 0 0 0]
[2062710149661990031266811992752172415205155865380488141450240589862232193564158520564465424827421124725507575810921083299605965570203371899801638034976860150304489733386401759708593028383375528066451833800438341375106886615310361693197299642304208583063176683131466840467633742811710096064043255032670 0 0 0 0 0 0 0 0 0 0 0 0 0 0 0 0 0 0 0 0 0 0 0 0 0 0 0 0 0 0 0 0 0 0 0 0 0 0 0 0 0 0 0 0 0 0 0 0 0 0 0 0 0 0 1 0 0 0 0 0 0 0 0 0 0 0 0 0 0 0 0 0 0 0 0 0 0 0 0 0 0 0 0 0 0 0 0 0 0 0 0 0 0 0 0 0 0 0 0]
[4949673886492007834481538320451718862199059372341509573760203373055409262128989196115973667023299576164833746352352492154454040838271956170911830018472183639465271182570235618052734969721418070698762719827561381472239635203787334398097043205576317886055997709300835728084547456565252302058421333540023 0 0 0 0 0 0 0 0 0 0 0 0 0 0 0 0 0 0 0 0 0 0 0 0 0 0 0 0 0 0 0 0 0 0 0 0 0 0 0 0 0 0 0 0 0 0 0 0 0 0 0 0 0 0 0 1 0 0 0 0 0 0 0 0 0 0 0 0 0 0 0 0 0 0 0 0 0 0 0 0 0 0 0 0 0 0 0 0 0 0 0 0 0 0 0 0 0 0 0]
[5012106258634552575230816471953897419351792304852518540917888145494562173688830243020623315843463568692584068417842352665453959981861310998907396260996662015151481389420614256935309384516034483464450078862026787253854135802348675273197942780301244456320450558605733430908819923634640899020654075318040 0 0 0 0 0 0 0 0 0 0 0 0 0 0 0 0 0 0 0 0 0 0 0 0 0 0 0 0 0 0 0 0 0 0 0 0 0 0 0 0 0 0 0 0 0 0 0 0 0 0 0 0 0 0 0 0 1 0 0 0 0 0 0 0 0 0 0 0 0 0 0 0 0 0 0 0 0 0 0 0 0 0 0 0 0 0 0 0 0 0 0 0 0 0 0 0 0 0 0]
[2680828779906141844164483438292108393663947827180771514947825946754049033154249239034917684374988635279442049515889449653269114999831899050707094042106220564460706236983827504168653622879708481598981583576066751875846388094822670584026376335590696563564170797778831493703566250259875322009095414861426 0 0 0 0 0 0 0 0 0 0 0 0 0 0 0 0 0 0 0 0 0 0 0 0 0 0 0 0 0 0 0 0 0 0 0 0 0 0 0 0 0 0 0 0 0 0 0 0 0 0 0 0 0 0 0 0 0 1 0 0 0 0 0 0 0 0 0 0 0 0 0 0 0 0 0 0 0 0 0 0 0 0 0 0 0 0 0 0 0 0 0 0 0 0 0 0 0 0 0]
[2781838220365466581326229461944784986384927625295680888399301225117915850213506321777888482351343606448312277791440666470331628428057111601922902977764504141956354291585939794209571448040922573234961264827571999220229051422657129045502118015905688187280581907057874153860064846099000600955913397175287 0 0 0 0 0 0 0 0 0 0 0 0 0 0 0 0 0 0 0 0 0 0 0 0 0 0 0 0 0 0 0 0 0 0 0 0 0 0 0 0 0 0 0 0 0 0 0 0 0 0 0 0 0 0 0 0 0 0 1 0 0 0 0 0 0 0 0 0 0 0 0 0 0 0 0 0 0 0 0 0 0 0 0 0 0 0 0 0 0 0 0 0 0 0 0 0 0 0 0]
[5356665780788465637635608409688576513828104044279315793902312646277885823564712732067994701635643513665430657245192645022536610224268722643314894470309210074987234432669161178646377415937043296604418980849104359536129681294687998536823854847611988949282164866152739287862648224213075362553989627438913 0 0 0 0 0 0 0 0 0 0 0 0 0 0 0 0 0 0 0 0 0 0 0 0 0 0 0 0 0 0 0 0 0 0 0 0 0 0 0 0 0 0 0 0 0 0 0 0 0 0 0 0 0 0 0 0 0 0 0 1 0 0 0 0 0 0 0 0 0 0 0 0 0 0 0 0 0 0 0 0 0 0 0 0 0 0 0 0 0 0 0 0 0 0 0 0 0 0 0]
[3277291936979762190551413036120685472800661272860359414276840215012487040240090534205243535170857096021882874651244045703275038292463037568234371835112497171214955676326425171064616136553309998916462788042025084823580601796697160433351586554872582007773641412265701382266799791517817456433722512963581 0 0 0 0 0 0 0 0 0 0 0 0 0 0 0 0 0 0 0 0 0 0 0 0 0 0 0 0 0 0 0 0 0 0 0 0 0 0 0 0 0 0 0 0 0 0 0 0 0 0 0 0 0 0 0 0 0 0 0 0 1 0 0 0 0 0 0 0 0 0 0 0 0 0 0 0 0 0 0 0 0 0 0 0 0 0 0 0 0 0 0 0 0 0 0 0 0 0 0]
[808688170661478375679056089413691876970181994193572796659103240065307675741004573486176362674015319168328202498649368714011861900632988149276716207487434280562566268224718327178730479844436256873582379634171949915047723304296547956035182100636698041434226143514414560720029727406681351594383349913867 0 0 0 0 0 0 0 0 0 0 0 0 0 0 0 0 0 0 0 0 0 0 0 0 0 0 0 0 0 0 0 0 0 0 0 0 0 0 0 0 0 0 0 0 0 0 0 0 0 0 0 0 0 0 0 0 0 0 0 0 0 1 0 0 0 0 0 0 0 0 0 0 0 0 0 0 0 0 0 0 0 0 0 0 0 0 0 0 0 0 0 0 0 0 0 0 0 0 0]
[5769841327229893179558584835364700969471286280206596365885795211437791331893598127110332580720793702068518453097311462994486548900711759260135505960662107090123648816172695008113623768669320726006290707946755593185023891377948753047465512322867940818081527988326294189503574004403287161882382956351566 0 0 0 0 0 0 0 0 0 0 0 0 0 0 0 0 0 0 0 0 0 0 0 0 0 0 0 0 0 0 0 0 0 0 0 0 0 0 0 0 0 0 0 0 0 0 0 0 0 0 0 0 0 0 0 0 0 0 0 0 0 0 1 0 0 0 0 0 0 0 0 0 0 0 0 0 0 0 0 0 0 0 0 0 0 0 0 0 0 0 0 0 0 0 0 0 0 0 0]
[2051757127396554272597286423830638372418777224574360269072110732045476913030103423341656676564733693725424631142514897973216931781859238753123681395035224945871497762716495423190052141019033164206523987158717669126684308057875907810727081414267597103432697067603368075170835720452907872528667751162230 0 0 0 0 0 0 0 0 0 0 0 0 0 0 0 0 0 0 0 0 0 0 0 0 0 0 0 0 0 0 0 0 0 0 0 0 0 0 0 0 0 0 0 0 0 0 0 0 0 0 0 0 0 0 0 0 0 0 0 0 0 0 0 1 0 0 0 0 0 0 0 0 0 0 0 0 0 0 0 0 0 0 0 0 0 0 0 0 0 0 0 0 0 0 0 0 0 0 0]
[83914522772056366263919110555093292140649366853536769948848484489044386313068789435409923409350669414432096660363075325535062316270861655295281695970922983066384189756208013272890982025334529028098107788061779804442475465384986044525928288061423051235401643622085439366351195061719135707211586592444 0 0 0 0 0 0 0 0 0 0 0 0 0 0 0 0 0 0 0 0 0 0 0 0 0 0 0 0 0 0 0 0 0 0 0 0 0 0 0 0 0 0 0 0 0 0 0 0 0 0 0 0 0 0 0 0 0 0 0 0 0 0 0 0 1 0 0 0 0 0 0 0 0 0 0 0 0 0 0 0 0 0 0 0 0 0 0 0 0 0 0 0 0 0 0 0 0 0 0]
[3998592786534657527459287335993278409405606094122715230292587810578163127446136662175022989531679528543999294764561318660246479619506474579002582616572146726778239677491391208875158561682290967128234504488253983338879805253729699626589379896083202516303397106617062140165455627449013725858225713655597 0 0 0 0 0 0 0 0 0 0 0 0 0 0 0 0 0 0 0 0 0 0 0 0 0 0 0 0 0 0 0 0 0 0 0 0 0 0 0 0 0 0 0 0 0 0 0 0 0 0 0 0 0 0 0 0 0 0 0 0 0 0 0 0 0 1 0 0 0 0 0 0 0 0 0 0 0 0 0 0 0 0 0 0 0 0 0 0 0 0 0 0 0 0 0 0 0 0 0]
[7047439717776361417973184197886919941770839089902151483263264370317104010280904447411893247609135867175351612627759533909984458448668626137158837394540851796264448837499795714440301055659602926618301592057155441089136737791431186448798244039234141414808166425842650030613474771825502193363007911421142 0 0 0 0 0 0 0 0 0 0 0 0 0 0 0 0 0 0 0 0 0 0 0 0 0 0 0 0 0 0 0 0 0 0 0 0 0 0 0 0 0 0 0 0 0 0 0 0 0 0 0 0 0 0 0 0 0 0 0 0 0 0 0 0 0 0 1 0 0 0 0 0 0 0 0 0 0 0 0 0 0 0 0 0 0 0 0 0 0 0 0 0 0 0 0 0 0 0 0]
[1328644421658370167063334710790214909060125193230933844688471184976473063754038930049857363548039204409910492225757318755466302576416230954955088754756615126446043958570937072235823658494438299882907133985616565002788357555525369025620807766127131453899948155446981587227462788892515032346094270239295 0 0 0 0 0 0 0 0 0 0 0 0 0 0 0 0 0 0 0 0 0 0 0 0 0 0 0 0 0 0 0 0 0 0 0 0 0 0 0 0 0 0 0 0 0 0 0 0 0 0 0 0 0 0 0 0 0 0 0 0 0 0 0 0 0 0 0 1 0 0 0 0 0 0 0 0 0 0 0 0 0 0 0 0 0 0 0 0 0 0 0 0 0 0 0 0 0 0 0]
[4361736189041093806546900047075069410190763122187062539405542626540120147177148689196853168306705043725226589593741403947708949047262643380174003196240408240958111843926400430760362058484758357309229660420015292265162653757559084042387357997600923225135552916200312434995681920074311575056333578953696 0 0 0 0 0 0 0 0 0 0 0 0 0 0 0 0 0 0 0 0 0 0 0 0 0 0 0 0 0 0 0 0 0 0 0 0 0 0 0 0 0 0 0 0 0 0 0 0 0 0 0 0 0 0 0 0 0 0 0 0 0 0 0 0 0 0 0 0 1 0 0 0 0 0 0 0 0 0 0 0 0 0 0 0 0 0 0 0 0 0 0 0 0 0 0 0 0 0 0]
[740976002843141126804746779154288489957870638268552684723427890317351206309092390505928484176304659112893432486025651210733734597940616405803127837752597472411283271259705263680053648770441374647623199458477857176941508937050403329752825842081406575306102820790516249552236614219723071419020354053852 0 0 0 0 0 0 0 0 0 0 0 0 0 0 0 0 0 0 0 0 0 0 0 0 0 0 0 0 0 0 0 0 0 0 0 0 0 0 0 0 0 0 0 0 0 0 0 0 0 0 0 0 0 0 0 0 0 0 0 0 0 0 0 0 0 0 0 0 0 1 0 0 0 0 0 0 0 0 0 0 0 0 0 0 0 0 0 0 0 0 0 0 0 0 0 0 0 0 0]
[2993699924744967303190229741486213637946318450809882358749008533521041974897401679783738965328636145414071124909911285571150012141170667325770854465903628507542091544149031358868779212862922837508342212206349952654556942679729660013257782857725852540951313897084522461490113917747292140150622702186301 0 0 0 0 0 0 0 0 0 0 0 0 0 0 0 0 0 0 0 0 0 0 0 0 0 0 0 0 0 0 0 0 0 0 0 0 0 0 0 0 0 0 0 0 0 0 0 0 0 0 0 0 0 0 0 0 0 0 0 0 0 0 0 0 0 0 0 0 0 0 1 0 0 0 0 0 0 0 0 0 0 0 0 0 0 0 0 0 0 0 0 0 0 0 0 0 0 0 0]
[5496312984742500083387085749876436699257567227053695976251401819979557804976769879694065625919174946915503144196881234492133699281520843951714934682586989366985234867924845415985048515892534112686874207917923285975489963572339234401962486987594343658149643108498528785345848147635720727860612042489208 0 0 0 0 0 0 0 0 0 0 0 0 0 0 0 0 0 0 0 0 0 0 0 0 0 0 0 0 0 0 0 0 0 0 0 0 0 0 0 0 0 0 0 0 0 0 0 0 0 0 0 0 0 0 0 0 0 0 0 0 0 0 0 0 0 0 0 0 0 0 0 1 0 0 0 0 0 0 0 0 0 0 0 0 0 0 0 0 0 0 0 0 0 0 0 0 0 0 0]
[634500355892730337101685420827624122409339505449712003508322239388356894816801251937872529555600593809049130694381121599474664308068194908999564512632772495355545522837446229244709918071685372267221391225949136895311831141804646577183802792191881953196379988016986851040779369351109041981531967271075 0 0 0 0 0 0 0 0 0 0 0 0 0 0 0 0 0 0 0 0 0 0 0 0 0 0 0 0 0 0 0 0 0 0 0 0 0 0 0 0 0 0 0 0 0 0 0 0 0 0 0 0 0 0 0 0 0 0 0 0 0 0 0 0 0 0 0 0 0 0 0 0 1 0 0 0 0 0 0 0 0 0 0 0 0 0 0 0 0 0 0 0 0 0 0 0 0 0 0]
[1136810456811122866901201110444971103385700181447232006354221893601192821201319516407377019844822235598719916821012300610981775786902009635556518710110387258469000703779148266457447160778965922440145449677053196706239297082838098507547003403522418894467483045969316665689485923714200185349014367221864 0 0 0 0 0 0 0 0 0 0 0 0 0 0 0 0 0 0 0 0 0 0 0 0 0 0 0 0 0 0 0 0 0 0 0 0 0 0 0 0 0 0 0 0 0 0 0 0 0 0 0 0 0 0 0 0 0 0 0 0 0 0 0 0 0 0 0 0 0 0 0 0 0 1 0 0 0 0 0 0 0 0 0 0 0 0 0 0 0 0 0 0 0 0 0 0 0 0 0]
[869813987062486740874997505723087040924961439058826055140910023064731713621752950284052110198339088853838004327815439110297317455545442300396179214590916141892710089789094329980049934891055165563219136942112844766361155435712063844587889576260093265610523610260458163553476215061955434714654208399003 0 0 0 0 0 0 0 0 0 0 0 0 0 0 0 0 0 0 0 0 0 0 0 0 0 0 0 0 0 0 0 0 0 0 0 0 0 0 0 0 0 0 0 0 0 0 0 0 0 0 0 0 0 0 0 0 0 0 0 0 0 0 0 0 0 0 0 0 0 0 0 0 0 0 1 0 0 0 0 0 0 0 0 0 0 0 0 0 0 0 0 0 0 0 0 0 0 0 0]
[5894708160145911146283047219407425526634835756075573830586829300404203985041796175117604071345927528882823147780996673959873545139851301193017106651219494262007879581457621749023212823210890983097726746009923822170860417579073606396708341279155333826453570748177968299979431634244204093138386838865056 0 0 0 0 0 0 0 0 0 0 0 0 0 0 0 0 0 0 0 0 0 0 0 0 0 0 0 0 0 0 0 0 0 0 0 0 0 0 0 0 0 0 0 0 0 0 0 0 0 0 0 0 0 0 0 0 0 0 0 0 0 0 0 0 0 0 0 0 0 0 0 0 0 0 0 1 0 0 0 0 0 0 0 0 0 0 0 0 0 0 0 0 0 0 0 0 0 0 0]
[3011994657539898789971299700271335701754036056409985123322247023750150319972875774158646521374071299589355408873804490666349603531990969221637123146617241819299712340943640147780514436378098389962730362033302231270074245458423700514706552099281997983524375288507019081020591180653093723338929291336047 0 0 0 0 0 0 0 0 0 0 0 0 0 0 0 0 0 0 0 0 0 0 0 0 0 0 0 0 0 0 0 0 0 0 0 0 0 0 0 0 0 0 0 0 0 0 0 0 0 0 0 0 0 0 0 0 0 0 0 0 0 0 0 0 0 0 0 0 0 0 0 0 0 0 0 0 1 0 0 0 0 0 0 0 0 0 0 0 0 0 0 0 0 0 0 0 0 0 0]
[383449969162634128874762743727687044002457111631540129096193496403062199616396896127435871187850124686165641503247471042188582886619025160025398969904846165957521151778442113366899279384939136293196681755956756916588525181127246284387087989998213301887259343657004248332630443871012890502240507928799 0 0 0 0 0 0 0 0 0 0 0 0 0 0 0 0 0 0 0 0 0 0 0 0 0 0 0 0 0 0 0 0 0 0 0 0 0 0 0 0 0 0 0 0 0 0 0 0 0 0 0 0 0 0 0 0 0 0 0 0 0 0 0 0 0 0 0 0 0 0 0 0 0 0 0 0 0 1 0 0 0 0 0 0 0 0 0 0 0 0 0 0 0 0 0 0 0 0 0]
[65484168411607302698034914221078882346897034583513749804098190761574360029388972822135801821283130461116925004999838635954579386543789099993709269626373892484692446816904104801989594955203436938670136569563031790736936784731610316920068626731479933822306985996179633241762906231789830112309411030501 0 0 0 0 0 0 0 0 0 0 0 0 0 0 0 0 0 0 0 0 0 0 0 0 0 0 0 0 0 0 0 0 0 0 0 0 0 0 0 0 0 0 0 0 0 0 0 0 0 0 0 0 0 0 0 0 0 0 0 0 0 0 0 0 0 0 0 0 0 0 0 0 0 0 0 0 0 0 1 0 0 0 0 0 0 0 0 0 0 0 0 0 0 0 0 0 0 0 0]
[877748213478493951935303328132026884162988068602141879979455831124251203667548188516621113228505991064914466621846769248848248620555200912811111027376036106640300056811711420832651477457082985166946702209799001478936002357117436720498357946223237107514580871440964431871624062741407490768503777684126 0 0 0 0 0 0 0 0 0 0 0 0 0 0 0 0 0 0 0 0 0 0 0 0 0 0 0 0 0 0 0 0 0 0 0 0 0 0 0 0 0 0 0 0 0 0 0 0 0 0 0 0 0 0 0 0 0 0 0 0 0 0 0 0 0 0 0 0 0 0 0 0 0 0 0 0 0 0 0 1 0 0 0 0 0 0 0 0 0 0 0 0 0 0 0 0 0 0 0]
[1309776570935835203362446288076480015372749793947962093868303805249254042348554121706196975975638153299300258425671366997213884192762702774477132684254090352371326402614325871544059047363382198613015902590124845646285780537017667705149253910010017275128081747091262514364226956732496464551673055074892 0 0 0 0 0 0 0 0 0 0 0 0 0 0 0 0 0 0 0 0 0 0 0 0 0 0 0 0 0 0 0 0 0 0 0 0 0 0 0 0 0 0 0 0 0 0 0 0 0 0 0 0 0 0 0 0 0 0 0 0 0 0 0 0 0 0 0 0 0 0 0 0 0 0 0 0 0 0 0 0 1 0 0 0 0 0 0 0 0 0 0 0 0 0 0 0 0 0 0]
[2848658220028442258197138012668044362079024441958355585395771458641454379658423667265196437594469485380733051823298649237880791449354266786469644875049205461703717495640460489567142287426405387457607339186207341885142290640739918201943531286250051430327108723697722856448020795848816844938507462946122 0 0 0 0 0 0 0 0 0 0 0 0 0 0 0 0 0 0 0 0 0 0 0 0 0 0 0 0 0 0 0 0 0 0 0 0 0 0 0 0 0 0 0 0 0 0 0 0 0 0 0 0 0 0 0 0 0 0 0 0 0 0 0 0 0 0 0 0 0 0 0 0 0 0 0 0 0 0 0 0 0 1 0 0 0 0 0 0 0 0 0 0 0 0 0 0 0 0 0]
[6637268695137667051476400029330931727294845893844564568414004763786663273500034664025162111432631927765445401725712096286823132436299341207129712360855315532902421902227076481976897770292260787196119388464224019763782184829221600259641000980205720424821327508414260571986519348230237877633174038440796 0 0 0 0 0 0 0 0 0 0 0 0 0 0 0 0 0 0 0 0 0 0 0 0 0 0 0 0 0 0 0 0 0 0 0 0 0 0 0 0 0 0 0 0 0 0 0 0 0 0 0 0 0 0 0 0 0 0 0 0 0 0 0 0 0 0 0 0 0 0 0 0 0 0 0 0 0 0 0 0 0 0 1 0 0 0 0 0 0 0 0 0 0 0 0 0 0 0 0]
[920518631783133206005927464538446707569530915509534585164654247995421590236829214803869202654911771962705959224407209853828029065104435591809128353097783446160318643073234715544348520148375582348766981105559143152764895835647800363490189836083704360792078036492367587581844411202691083480159781948194 0 0 0 0 0 0 0 0 0 0 0 0 0 0 0 0 0 0 0 0 0 0 0 0 0 0 0 0 0 0 0 0 0 0 0 0 0 0 0 0 0 0 0 0 0 0 0 0 0 0 0 0 0 0 0 0 0 0 0 0 0 0 0 0 0 0 0 0 0 0 0 0 0 0 0 0 0 0 0 0 0 0 0 1 0 0 0 0 0 0 0 0 0 0 0 0 0 0 0]
[4149943746355231838572030966108346042947365817431048840158950074498370597843242123476981473330683668035833580024511379066618212904832785818411402375258744810490559640179760374869673724616605251367013437232356506266207599308552547979183930962415113603154124107734844235046982742487064858627441947307488 0 0 0 0 0 0 0 0 0 0 0 0 0 0 0 0 0 0 0 0 0 0 0 0 0 0 0 0 0 0 0 0 0 0 0 0 0 0 0 0 0 0 0 0 0 0 0 0 0 0 0 0 0 0 0 0 0 0 0 0 0 0 0 0 0 0 0 0 0 0 0 0 0 0 0 0 0 0 0 0 0 0 0 0 1 0 0 0 0 0 0 0 0 0 0 0 0 0 0]
[2147789007406368741658162116045486087890887664932996013167172099045620484345959235740708133891331610080493219610871716537711392366324047514419114849962020836544035819213302682356847722097338632834572190290334578870828167552561976853553714830700954500200326412161948245836021445505193196384614952124810 0 0 0 0 0 0 0 0 0 0 0 0 0 0 0 0 0 0 0 0 0 0 0 0 0 0 0 0 0 0 0 0 0 0 0 0 0 0 0 0 0 0 0 0 0 0 0 0 0 0 0 0 0 0 0 0 0 0 0 0 0 0 0 0 0 0 0 0 0 0 0 0 0 0 0 0 0 0 0 0 0 0 0 0 0 1 0 0 0 0 0 0 0 0 0 0 0 0 0]
[2599870664382419923674932651915337447495489116259753845438947413678876842985198074845520034799745010791943779225106223283597094285711205156896823214712778788603547979150220889134137593392877665608081511699901677523786372557934827080623237954817350866343087892013079374464469960498835867737335194290359 0 0 0 0 0 0 0 0 0 0 0 0 0 0 0 0 0 0 0 0 0 0 0 0 0 0 0 0 0 0 0 0 0 0 0 0 0 0 0 0 0 0 0 0 0 0 0 0 0 0 0 0 0 0 0 0 0 0 0 0 0 0 0 0 0 0 0 0 0 0 0 0 0 0 0 0 0 0 0 0 0 0 0 0 0 0 1 0 0 0 0 0 0 0 0 0 0 0 0]
[4778543606202243646191656771185662200251847477628207361945890958973870847459335767035750602871310109593978933245478025944699465653909919275868733114900433136350913763907896865002501037948977432441148272101127654100978215231483725226773837489139749540828441664076358072759108682696481766985463639039693 0 0 0 0 0 0 0 0 0 0 0 0 0 0 0 0 0 0 0 0 0 0 0 0 0 0 0 0 0 0 0 0 0 0 0 0 0 0 0 0 0 0 0 0 0 0 0 0 0 0 0 0 0 0 0 0 0 0 0 0 0 0 0 0 0 0 0 0 0 0 0 0 0 0 0 0 0 0 0 0 0 0 0 0 0 0 0 1 0 0 0 0 0 0 0 0 0 0 0]
[4054760812261138425090715763861972044921788773728839760441874718366750570004981180488560772082108309711637352757738784499183145987954202932538920901857455225732368807971067588669397226083907015508856591161984395303115183007349874065187552878305345430051181531811091617138184084418377130926843425754937 0 0 0 0 0 0 0 0 0 0 0 0 0 0 0 0 0 0 0 0 0 0 0 0 0 0 0 0 0 0 0 0 0 0 0 0 0 0 0 0 0 0 0 0 0 0 0 0 0 0 0 0 0 0 0 0 0 0 0 0 0 0 0 0 0 0 0 0 0 0 0 0 0 0 0 0 0 0 0 0 0 0 0 0 0 0 0 0 1 0 0 0 0 0 0 0 0 0 0]
[6198520443065857730759101289735259452199350422471793021925673401527181107885203052956148988641890844169121157391637760016228448239339859608759873103644479080613356727483119332677217584474403761805782148489522020569900209322583556515411943218610122993985936250457982835761054422673264269397659456260088 0 0 0 0 0 0 0 0 0 0 0 0 0 0 0 0 0 0 0 0 0 0 0 0 0 0 0 0 0 0 0 0 0 0 0 0 0 0 0 0 0 0 0 0 0 0 0 0 0 0 0 0 0 0 0 0 0 0 0 0 0 0 0 0 0 0 0 0 0 0 0 0 0 0 0 0 0 0 0 0 0 0 0 0 0 0 0 0 0 1 0 0 0 0 0 0 0 0 0]
[5201865596325130207233949166899709233015449515932131230658018562998157669873190448441921778591051164087143137469562771591316849077761526162488609194564289541037024760285263763908053192822078172627406821935472121686048509326438305677021396245255824615829046719006902305028305081837130703783242635694679 0 0 0 0 0 0 0 0 0 0 0 0 0 0 0 0 0 0 0 0 0 0 0 0 0 0 0 0 0 0 0 0 0 0 0 0 0 0 0 0 0 0 0 0 0 0 0 0 0 0 0 0 0 0 0 0 0 0 0 0 0 0 0 0 0 0 0 0 0 0 0 0 0 0 0 0 0 0 0 0 0 0 0 0 0 0 0 0 0 0 1 0 0 0 0 0 0 0 0]
[2299522246328387191605898771104393001932923061717306357437756452407538406860621736435374925912908691850062266122032125006804932358882184310032782572339358888338899193562869008019950633592833412445766345340275757176757042767462040981829827742318884072792565725437484346995090150084233240282690784298055 0 0 0 0 0 0 0 0 0 0 0 0 0 0 0 0 0 0 0 0 0 0 0 0 0 0 0 0 0 0 0 0 0 0 0 0 0 0 0 0 0 0 0 0 0 0 0 0 0 0 0 0 0 0 0 0 0 0 0 0 0 0 0 0 0 0 0 0 0 0 0 0 0 0 0 0 0 0 0 0 0 0 0 0 0 0 0 0 0 0 0 1 0 0 0 0 0 0 0]
[4870844300276440543428624394652145112700599652918358325311596912251214986244500064839990583489618620259596031255444030927210413098191929725046371076007656950432533383010539001885956703478569950572879253739645437755266921737360172039729315399295147378881207977396770138325588851579869928405422243619612 0 0 0 0 0 0 0 0 0 0 0 0 0 0 0 0 0 0 0 0 0 0 0 0 0 0 0 0 0 0 0 0 0 0 0 0 0 0 0 0 0 0 0 0 0 0 0 0 0 0 0 0 0 0 0 0 0 0 0 0 0 0 0 0 0 0 0 0 0 0 0 0 0 0 0 0 0 0 0 0 0 0 0 0 0 0 0 0 0 0 0 0 1 0 0 0 0 0 0]
[4040294829107484109417718627262995511388725102069926967306305068026855043720859535682243021699958017486222735708440669931587930200743954016742217451298508353589886189089672177268182239431626828330228464059259529507595240140433420476100558222060446353140150852440282210131492609530248122309009506297741 0 0 0 0 0 0 0 0 0 0 0 0 0 0 0 0 0 0 0 0 0 0 0 0 0 0 0 0 0 0 0 0 0 0 0 0 0 0 0 0 0 0 0 0 0 0 0 0 0 0 0 0 0 0 0 0 0 0 0 0 0 0 0 0 0 0 0 0 0 0 0 0 0 0 0 0 0 0 0 0 0 0 0 0 0 0 0 0 0 0 0 0 0 1 0 0 0 0 0]
[3037612140186301945911430098243692400164657985633930103151902282321432737913121393358201464033527573426209795935418881583787774724659366790115822167165039023773756786803260966103563786004678881246805362436959892346275620230874501364656028676189898746469119821783070211771639670048501244219224688793744 0 0 0 0 0 0 0 0 0 0 0 0 0 0 0 0 0 0 0 0 0 0 0 0 0 0 0 0 0 0 0 0 0 0 0 0 0 0 0 0 0 0 0 0 0 0 0 0 0 0 0 0 0 0 0 0 0 0 0 0 0 0 0 0 0 0 0 0 0 0 0 0 0 0 0 0 0 0 0 0 0 0 0 0 0 0 0 0 0 0 0 0 0 0 1 0 0 0 0]
[3145003810391727904110016598487545471079718546329213823759526028889201341322804167888421064972923697827363716870569262251143538627601351055307657052842449893053221238636595042030126187057483245484001096123986169366896464082700372524061505196351212586838411278685575402216333722472850421649172353372577 0 0 0 0 0 0 0 0 0 0 0 0 0 0 0 0 0 0 0 0 0 0 0 0 0 0 0 0 0 0 0 0 0 0 0 0 0 0 0 0 0 0 0 0 0 0 0 0 0 0 0 0 0 0 0 0 0 0 0 0 0 0 0 0 0 0 0 0 0 0 0 0 0 0 0 0 0 0 0 0 0 0 0 0 0 0 0 0 0 0 0 0 0 0 0 1 0 0 0]
[7419703275373610490681288677116875642957636446059156357126563396586273856645006696744686368776533996170968723275191267834964958538274582712053199260016666803021372875269235720477370570658606518483237692559870800818113743691093465709533006918287183742739546775089711609811496788724040906438994229478432 0 0 0 0 0 0 0 0 0 0 0 0 0 0 0 0 0 0 0 0 0 0 0 0 0 0 0 0 0 0 0 0 0 0 0 0 0 0 0 0 0 0 0 0 0 0 0 0 0 0 0 0 0 0 0 0 0 0 0 0 0 0 0 0 0 0 0 0 0 0 0 0 0 0 0 0 0 0 0 0 0 0 0 0 0 0 0 0 0 0 0 0 0 0 0 0 1 0 0]
[4854631798184599723797818043514189352056793287781873822399277960825463030255070492697611816872825210515544171387486333289992391764117456442932683278736483181784815810430547965280484341819012147481637228402974192291206752343098367371903632961943302535417198935355801943639109621226073582334939195221305 0 0 0 0 0 0 0 0 0 0 0 0 0 0 0 0 0 0 0 0 0 0 0 0 0 0 0 0 0 0 0 0 0 0 0 0 0 0 0 0 0 0 0 0 0 0 0 0 0 0 0 0 0 0 0 0 0 0 0 0 0 0 0 0 0 0 0 0 0 0 0 0 0 0 0 0 0 0 0 0 0 0 0 0 0 0 0 0 0 0 0 0 0 0 0 0 0 1 0]
[4715234899600683855879441883994532547587738812454660734005080694305674240344052879596697644849689886095728411396421267673907417175051620551766112602636273817460360538615636994020952419909962182022895268841938473699105377078951368711142561253740563070159558361192700939501980434294771187021792448381863 0 0 0 0 0 0 0 0 0 0 0 0 0 0 0 0 0 0 0 0 0 0 0 0 0 0 0 0 0 0 0 0 0 0 0 0 0 0 0 0 0 0 0 0 0 0 0 0 0 0 0 0 0 0 0 0 0 0 0 0 0 0 0 0 0 0 0 0 0 0 0 0 0 0 0 0 0 0 0 0 0 0 0 0 0 0 0 0 0 0 0 0 0 0 0 0 0 0 1]
]
