[[4207679171286775024646662474965684053964229314259796404951784193724151273422510767747383686782684738606175271162529717764273992980660336980875272719900196902544318673801113591784290693787104047024222880725774849 0 0 0 0 0 0 0 0 0 0 0 0 0 0 0 0 0 0 0 0 0 0 0 0 0 0 0 0 0 0 0 0 0 0 0 0 0 0 0 0 0 0 0 0 0 0 0 0 0 0 0 0 0 0 0 0 0 0 0 0 0 0 0 0 0 0 0 0 0]
[1809366091004708388735196722338285957227245416303774661598544714435391978327775431925161603328705770266382269947783798694722655378282149500807814873087332958130077203226357540433379800716080581838087720922552502 1 0 0 0 0 0 0 0 0 0 0 0 0 0 0 0 0 0 0 0 0 0 0 0 0 0 0 0 0 0 0 0 0 0 0 0 0 0 0 0 0 0 0 0 0 0 0 0 0 0 0 0 0 0 0 0 0 0 0 0 0 0 0 0 0 0 0 0 0]
[4072881750743838232876320298074284260355480234540805190203187818932658119625318838631383177701310095584866187362974890819517528369618325467993976071584358247826917901842138662351504053672346498586524431240452636 0 1 0 0 0 0 0 0 0 0 0 0 0 0 0 0 0 0 0 0 0 0 0 0 0 0 0 0 0 0 0 0 0 0 0 0 0 0 0 0 0 0 0 0 0 0 0 0 0 0 0 0 0 0 0 0 0 0 0 0 0 0 0 0 0 0 0 0 0]
[2266326060861236481012604123647501552758716992758606124366609137091602435052906154054357403193044967319930192489164959405209114775495305310653746820974020572257145256342030922899113053266746288044480866489757138 0 0 1 0 0 0 0 0 0 0 0 0 0 0 0 0 0 0 0 0 0 0 0 0 0 0 0 0 0 0 0 0 0 0 0 0 0 0 0 0 0 0 0 0 0 0 0 0 0 0 0 0 0 0 0 0 0 0 0 0 0 0 0 0 0 0 0 0 0]
[1881844502953855936055679643984844477624378251350026413845362503260889420027621564425615742753418967780525219262409355215046960387030366582660866263885281096455061938982331506303103887938945013455172654222944944 0 0 0 1 0 0 0 0 0 0 0 0 0 0 0 0 0 0 0 0 0 0 0 0 0 0 0 0 0 0 0 0 0 0 0 0 0 0 0 0 0 0 0 0 0 0 0 0 0 0 0 0 0 0 0 0 0 0 0 0 0 0 0 0 0 0 0 0 0]
[439465064323315060829934333877243807741853375015095180456702330262724581941100153409428401611369019437629181952582912389011616289812133206803080578662016912075185067535136869378604918111112464081407208741485508 0 0 0 0 1 0 0 0 0 0 0 0 0 0 0 0 0 0 0 0 0 0 0 0 0 0 0 0 0 0 0 0 0 0 0 0 0 0 0 0 0 0 0 0 0 0 0 0 0 0 0 0 0 0 0 0 0 0 0 0 0 0 0 0 0 0 0 0 0]
[3701526094897524241121864454151614073263071890811687108371697967472470054671746759633734248341066127026632104728630022940043983949453935686141294193610439204484919918042215810259561034199908808216645892517404515 0 0 0 0 0 1 0 0 0 0 0 0 0 0 0 0 0 0 0 0 0 0 0 0 0 0 0 0 0 0 0 0 0 0 0 0 0 0 0 0 0 0 0 0 0 0 0 0 0 0 0 0 0 0 0 0 0 0 0 0 0 0 0 0 0 0 0 0 0]
[2812933886050573954797320743772303202388681723005934377633129785908201756582992924570818759900567238940311698671450744966125912885581565642766557244305039542514354081540318573249267860704053956859086797289822896 0 0 0 0 0 0 1 0 0 0 0 0 0 0 0 0 0 0 0 0 0 0 0 0 0 0 0 0 0 0 0 0 0 0 0 0 0 0 0 0 0 0 0 0 0 0 0 0 0 0 0 0 0 0 0 0 0 0 0 0 0 0 0 0 0 0 0 0 0]
[1310144281916588451831941021759991080296526611610459422005697253838807958569236622485267000731045693320189786465591730729311850509010187956353246445334719483154676891604699005152419752702070032662980938251598419 0 0 0 0 0 0 0 1 0 0 0 0 0 0 0 0 0 0 0 0 0 0 0 0 0 0 0 0 0 0 0 0 0 0 0 0 0 0 0 0 0 0 0 0 0 0 0 0 0 0 0 0 0 0 0 0 0 0 0 0 0 0 0 0 0 0 0 0 0]
[3486545255996963465240377926015199294271160305500305834868568354628816811644836292283380879722067068547993967432474460323724415283673276535197196854400375972872905992340516685103650863760133723468165832637348035 0 0 0 0 0 0 0 0 1 0 0 0 0 0 0 0 0 0 0 0 0 0 0 0 0 0 0 0 0 0 0 0 0 0 0 0 0 0 0 0 0 0 0 0 0 0 0 0 0 0 0 0 0 0 0 0 0 0 0 0 0 0 0 0 0 0 0 0 0]
[728436837215678581079057607647523541303596212480149626796910838867805006981704809391250506251683716913181550509737181393122165238083696103268876271033063715367086447773657124101497101206318078297745621284172069 0 0 0 0 0 0 0 0 0 1 0 0 0 0 0 0 0 0 0 0 0 0 0 0 0 0 0 0 0 0 0 0 0 0 0 0 0 0 0 0 0 0 0 0 0 0 0 0 0 0 0 0 0 0 0 0 0 0 0 0 0 0 0 0 0 0 0 0 0]
[40557399981167224964197900890423490515371477837200711153934325651800635145272652316022614862776846003559556678951452733182985267025990119104415503430227928766683699268416060103914772695471346620401426327627037 0 0 0 0 0 0 0 0 0 0 1 0 0 0 0 0 0 0 0 0 0 0 0 0 0 0 0 0 0 0 0 0 0 0 0 0 0 0 0 0 0 0 0 0 0 0 0 0 0 0 0 0 0 0 0 0 0 0 0 0 0 0 0 0 0 0 0 0 0]
[909018688803982397282096530178965363158487198083551257695061074756818988238807893863075902091418376914999340439544455316832113101456106919441705005855100803678350228482635089934169848189334053641909629525922399 0 0 0 0 0 0 0 0 0 0 0 1 0 0 0 0 0 0 0 0 0 0 0 0 0 0 0 0 0 0 0 0 0 0 0 0 0 0 0 0 0 0 0 0 0 0 0 0 0 0 0 0 0 0 0 0 0 0 0 0 0 0 0 0 0 0 0 0 0]
[3538084414812694673396004494497911724793568953057270430339823329241393491655878835477383696667615054054753070755081671386305130305108475123964128507247378276279992833669896669183029675173574201617150513546189901 0 0 0 0 0 0 0 0 0 0 0 0 1 0 0 0 0 0 0 0 0 0 0 0 0 0 0 0 0 0 0 0 0 0 0 0 0 0 0 0 0 0 0 0 0 0 0 0 0 0 0 0 0 0 0 0 0 0 0 0 0 0 0 0 0 0 0 0 0]
[3041959777455048055978265333209990100427962178450097740208635113921742790158704406090504340241402576275112942848031518866426900099058005678177645719498400053290945299118690656946870502816873927629016623423552058 0 0 0 0 0 0 0 0 0 0 0 0 0 1 0 0 0 0 0 0 0 0 0 0 0 0 0 0 0 0 0 0 0 0 0 0 0 0 0 0 0 0 0 0 0 0 0 0 0 0 0 0 0 0 0 0 0 0 0 0 0 0 0 0 0 0 0 0 0]
[210117595785539085017944798635602409442192575403613254044426416717428533706540596343920770517404417912089530348288331683471112862396824715604587814619343703634004380509807035714014708655249304657553016907163205 0 0 0 0 0 0 0 0 0 0 0 0 0 0 1 0 0 0 0 0 0 0 0 0 0 0 0 0 0 0 0 0 0 0 0 0 0 0 0 0 0 0 0 0 0 0 0 0 0 0 0 0 0 0 0 0 0 0 0 0 0 0 0 0 0 0 0 0 0]
[2681617236243307384139428567426150068429551980992380874375680904798677326897662633044696233698169854443371794556730428073830151488298940209926736425091161416383527226004291459555376870094937354339539564298554389 0 0 0 0 0 0 0 0 0 0 0 0 0 0 0 1 0 0 0 0 0 0 0 0 0 0 0 0 0 0 0 0 0 0 0 0 0 0 0 0 0 0 0 0 0 0 0 0 0 0 0 0 0 0 0 0 0 0 0 0 0 0 0 0 0 0 0 0 0]
[775905088470723638352937593601018693261796918862129682160307532380527467586584901637220678130484838544659703207616171401723750173055511479546573684893797829775611528596660078900580097605325654855292309025050099 0 0 0 0 0 0 0 0 0 0 0 0 0 0 0 0 1 0 0 0 0 0 0 0 0 0 0 0 0 0 0 0 0 0 0 0 0 0 0 0 0 0 0 0 0 0 0 0 0 0 0 0 0 0 0 0 0 0 0 0 0 0 0 0 0 0 0 0 0]
[1675158625223388119238721633716520265023013752510629209234190829255956084306716338005249927597848261933193910331447531474867475125216964508235349972365241699505376606702695317392328128731011202477524500766470929 0 0 0 0 0 0 0 0 0 0 0 0 0 0 0 0 0 1 0 0 0 0 0 0 0 0 0 0 0 0 0 0 0 0 0 0 0 0 0 0 0 0 0 0 0 0 0 0 0 0 0 0 0 0 0 0 0 0 0 0 0 0 0 0 0 0 0 0 0]
[1939777346765142818331418094547591919039114062500490242124457099495296091972793205462820483102374518615512709169070497763934915501594971352667856681762651665062074308497366227578982577744326868964707729532212632 0 0 0 0 0 0 0 0 0 0 0 0 0 0 0 0 0 0 1 0 0 0 0 0 0 0 0 0 0 0 0 0 0 0 0 0 0 0 0 0 0 0 0 0 0 0 0 0 0 0 0 0 0 0 0 0 0 0 0 0 0 0 0 0 0 0 0 0 0]
[4145095933733658181442643137537222089280464816822349540079709454144595927156030750199135253400936760813047670991207290303636530767410277819734010838317326102169389946465102648141480220724363732697903603242454787 0 0 0 0 0 0 0 0 0 0 0 0 0 0 0 0 0 0 0 1 0 0 0 0 0 0 0 0 0 0 0 0 0 0 0 0 0 0 0 0 0 0 0 0 0 0 0 0 0 0 0 0 0 0 0 0 0 0 0 0 0 0 0 0 0 0 0 0 0]
[2714386227062772284067374056700904180165485782165920554728056676900628885783773192210489167801667965383516625138573263969827572748476221228019417629816832499983858182956166484009205378295149646618692636421152115 0 0 0 0 0 0 0 0 0 0 0 0 0 0 0 0 0 0 0 0 1 0 0 0 0 0 0 0 0 0 0 0 0 0 0 0 0 0 0 0 0 0 0 0 0 0 0 0 0 0 0 0 0 0 0 0 0 0 0 0 0 0 0 0 0 0 0 0 0]
[86948212296364412316734590936446345014034125676709299523263790097935242590898949600974827583425934907347071543123277185332053379544037247692575954264590364737147846979790361979981353164250649751450919755997177 0 0 0 0 0 0 0 0 0 0 0 0 0 0 0 0 0 0 0 0 0 1 0 0 0 0 0 0 0 0 0 0 0 0 0 0 0 0 0 0 0 0 0 0 0 0 0 0 0 0 0 0 0 0 0 0 0 0 0 0 0 0 0 0 0 0 0 0 0]
[2726311756591031664360779799653429354616820949228479360966747831357796431431571884529176899667954339415085200882156031746477069437436314083798978489896274468183408959605986323343730964917050213893792649740001249 0 0 0 0 0 0 0 0 0 0 0 0 0 0 0 0 0 0 0 0 0 0 1 0 0 0 0 0 0 0 0 0 0 0 0 0 0 0 0 0 0 0 0 0 0 0 0 0 0 0 0 0 0 0 0 0 0 0 0 0 0 0 0 0 0 0 0 0 0]
[3259451242080968166130291583074759715799587959369197601141313081643500197172512515701771337633760411054250835192583202983617529622934735832878603984180120281222965555914034686339497148877647745598935941898101455 0 0 0 0 0 0 0 0 0 0 0 0 0 0 0 0 0 0 0 0 0 0 0 1 0 0 0 0 0 0 0 0 0 0 0 0 0 0 0 0 0 0 0 0 0 0 0 0 0 0 0 0 0 0 0 0 0 0 0 0 0 0 0 0 0 0 0 0 0]
[1952562694359468223154039200042289542745626377176838282375836018694451752343907832938362823983760886644805866428461628050202271197553186287808425914564318694045427823554439826523456166533980639830475809295976103 0 0 0 0 0 0 0 0 0 0 0 0 0 0 0 0 0 0 0 0 0 0 0 0 1 0 0 0 0 0 0 0 0 0 0 0 0 0 0 0 0 0 0 0 0 0 0 0 0 0 0 0 0 0 0 0 0 0 0 0 0 0 0 0 0 0 0 0 0]
[2231348828172279755286854762923508860304836695883512776761146994398454118371456294686988002992535692479960954532157826787123063591473481482583802223474140307198143295513180833931709305928618185673856996552950488 0 0 0 0 0 0 0 0 0 0 0 0 0 0 0 0 0 0 0 0 0 0 0 0 0 1 0 0 0 0 0 0 0 0 0 0 0 0 0 0 0 0 0 0 0 0 0 0 0 0 0 0 0 0 0 0 0 0 0 0 0 0 0 0 0 0 0 0 0]
[3959679274545448977512636664131093577561891744415013697528315144585081660656336329014523158562234690839671145512461106236034232539706242076113574963360861127067029942538129676507154773459836626417225883612029421 0 0 0 0 0 0 0 0 0 0 0 0 0 0 0 0 0 0 0 0 0 0 0 0 0 0 1 0 0 0 0 0 0 0 0 0 0 0 0 0 0 0 0 0 0 0 0 0 0 0 0 0 0 0 0 0 0 0 0 0 0 0 0 0 0 0 0 0 0]
[2845314993114911174793927619184287210505988696194822695809638946536866316667972521570192876969225577101282613047006360303374346399503877176104988361889890651823051399778660916887609422855804815192115532580552059 0 0 0 0 0 0 0 0 0 0 0 0 0 0 0 0 0 0 0 0 0 0 0 0 0 0 0 1 0 0 0 0 0 0 0 0 0 0 0 0 0 0 0 0 0 0 0 0 0 0 0 0 0 0 0 0 0 0 0 0 0 0 0 0 0 0 0 0 0]
[416163146021374231597594872397803042226794658566367896449381970119048858991500275814934104512029436404110473542397212685042796417355154184278481463154676776601875796710378696346725135897994585024181983714239126 0 0 0 0 0 0 0 0 0 0 0 0 0 0 0 0 0 0 0 0 0 0 0 0 0 0 0 0 1 0 0 0 0 0 0 0 0 0 0 0 0 0 0 0 0 0 0 0 0 0 0 0 0 0 0 0 0 0 0 0 0 0 0 0 0 0 0 0 0]
[3516639570408303815478897804067299118710740666201037531822823840387651312694485512491132183085062968376429001162447128651992581125706824625649084476290725349237199608739047355182068091055159028788805266740203008 0 0 0 0 0 0 0 0 0 0 0 0 0 0 0 0 0 0 0 0 0 0 0 0 0 0 0 0 0 1 0 0 0 0 0 0 0 0 0 0 0 0 0 0 0 0 0 0 0 0 0 0 0 0 0 0 0 0 0 0 0 0 0 0 0 0 0 0 0]
[3696057164747878331849170103459762503133509409047471560039708012154300516918112488794482511016651080330714839922226188180888754119120773431998284985039417599268634641038721392792387472908602442350174600336411833 0 0 0 0 0 0 0 0 0 0 0 0 0 0 0 0 0 0 0 0 0 0 0 0 0 0 0 0 0 0 1 0 0 0 0 0 0 0 0 0 0 0 0 0 0 0 0 0 0 0 0 0 0 0 0 0 0 0 0 0 0 0 0 0 0 0 0 0 0]
[3889788437355759627667101022291444173913844097168157762700622296900220614973451315397815676997462032639129723938299163279502221978369922890921058459014104034110385624873372014775372041904460481890761832266173097 0 0 0 0 0 0 0 0 0 0 0 0 0 0 0 0 0 0 0 0 0 0 0 0 0 0 0 0 0 0 0 1 0 0 0 0 0 0 0 0 0 0 0 0 0 0 0 0 0 0 0 0 0 0 0 0 0 0 0 0 0 0 0 0 0 0 0 0 0]
[207585534646661097476676636060860194075794139980984952748661423622096211703728997565010851011089839301338542116936706859736485293997435963040769055796490350025534201070769689018162115458562998180897007899894901 0 0 0 0 0 0 0 0 0 0 0 0 0 0 0 0 0 0 0 0 0 0 0 0 0 0 0 0 0 0 0 0 1 0 0 0 0 0 0 0 0 0 0 0 0 0 0 0 0 0 0 0 0 0 0 0 0 0 0 0 0 0 0 0 0 0 0 0 0]
[395601237829742827836215514847751758700533822084314794815596795870674773824190340510414650579788787890180766869130896547990978220922071616650671917513599939423487611377583435377430488792975977350032517818469749 0 0 0 0 0 0 0 0 0 0 0 0 0 0 0 0 0 0 0 0 0 0 0 0 0 0 0 0 0 0 0 0 0 1 0 0 0 0 0 0 0 0 0 0 0 0 0 0 0 0 0 0 0 0 0 0 0 0 0 0 0 0 0 0 0 0 0 0 0]
[1026534377456048030343347735798229686957439765602745844751648946826936369870424645628183280150360785359578205905583951183942189881982352412648726922810359591724097228971084598342564743745228333254330540186616196 0 0 0 0 0 0 0 0 0 0 0 0 0 0 0 0 0 0 0 0 0 0 0 0 0 0 0 0 0 0 0 0 0 0 1 0 0 0 0 0 0 0 0 0 0 0 0 0 0 0 0 0 0 0 0 0 0 0 0 0 0 0 0 0 0 0 0 0 0]
[969603941425541820821767505555467203534928557774069669431442982869472936234181812953217846325669277928290866962321234603048416151179796508611742903102135628870460788519373745177837640286393220643393764571790407 0 0 0 0 0 0 0 0 0 0 0 0 0 0 0 0 0 0 0 0 0 0 0 0 0 0 0 0 0 0 0 0 0 0 0 1 0 0 0 0 0 0 0 0 0 0 0 0 0 0 0 0 0 0 0 0 0 0 0 0 0 0 0 0 0 0 0 0 0]
[647583751619013660798704606618072636094105379438136988847205194200423450035895941873440827999270330517537185635227367693038026909733946220341317952951978141010250104902900030327267482976492780865087236768353798 0 0 0 0 0 0 0 0 0 0 0 0 0 0 0 0 0 0 0 0 0 0 0 0 0 0 0 0 0 0 0 0 0 0 0 0 1 0 0 0 0 0 0 0 0 0 0 0 0 0 0 0 0 0 0 0 0 0 0 0 0 0 0 0 0 0 0 0 0]
[1747774491744731159179127010099688359349324600983872741319300266327486511382221157160261544635274111631997960380667124609499320152922376860737329583864362437733940258768087522442974087171243950093572362954796697 0 0 0 0 0 0 0 0 0 0 0 0 0 0 0 0 0 0 0 0 0 0 0 0 0 0 0 0 0 0 0 0 0 0 0 0 0 1 0 0 0 0 0 0 0 0 0 0 0 0 0 0 0 0 0 0 0 0 0 0 0 0 0 0 0 0 0 0 0]
[2037820318903044812785997633038798950627423617249996373341724497163786326325920098502249970658949211583600364440336734517110694846470362908235520677280955416047045041015893612619964408892405265180876440413758831 0 0 0 0 0 0 0 0 0 0 0 0 0 0 0 0 0 0 0 0 0 0 0 0 0 0 0 0 0 0 0 0 0 0 0 0 0 0 1 0 0 0 0 0 0 0 0 0 0 0 0 0 0 0 0 0 0 0 0 0 0 0 0 0 0 0 0 0 0]
[399422393270561153273169167994569602519400746461208552354074636499697694827911672022893581851616555824434747409255633858656280889648741974145627789262551538197458826408734315769345418652374830103290051273593031 0 0 0 0 0 0 0 0 0 0 0 0 0 0 0 0 0 0 0 0 0 0 0 0 0 0 0 0 0 0 0 0 0 0 0 0 0 0 0 1 0 0 0 0 0 0 0 0 0 0 0 0 0 0 0 0 0 0 0 0 0 0 0 0 0 0 0 0 0]
[3650408871381015816459438354293975624476316611967504258362477001284527766872063739510866612404871060803149626467497813753162410057138143592332409747708166083763305584003443052518443310762374278596498156074805719 0 0 0 0 0 0 0 0 0 0 0 0 0 0 0 0 0 0 0 0 0 0 0 0 0 0 0 0 0 0 0 0 0 0 0 0 0 0 0 0 1 0 0 0 0 0 0 0 0 0 0 0 0 0 0 0 0 0 0 0 0 0 0 0 0 0 0 0 0]
[2728130473291347940876829743527390319703335250472800900036879846565408263012327587850079817672044812474547859412280737820830300334705211686097572472853806963350722250473332581798420637729777984479274595191621201 0 0 0 0 0 0 0 0 0 0 0 0 0 0 0 0 0 0 0 0 0 0 0 0 0 0 0 0 0 0 0 0 0 0 0 0 0 0 0 0 0 1 0 0 0 0 0 0 0 0 0 0 0 0 0 0 0 0 0 0 0 0 0 0 0 0 0 0 0]
[179993883057520254671872258940072114694431066798464919813204316493562736129656231794718501962239673389442867316538719624427230035293031331008324679532010563989937180684770540525220375491257158226471896229567111 0 0 0 0 0 0 0 0 0 0 0 0 0 0 0 0 0 0 0 0 0 0 0 0 0 0 0 0 0 0 0 0 0 0 0 0 0 0 0 0 0 0 1 0 0 0 0 0 0 0 0 0 0 0 0 0 0 0 0 0 0 0 0 0 0 0 0 0 0]
[704101144365960874529167061206686883329230748882976386602845628233810264966944987597998462832067757987720152617765758058489622532682639790655775556556247538239079671217153122710991366202461575701285841175638117 0 0 0 0 0 0 0 0 0 0 0 0 0 0 0 0 0 0 0 0 0 0 0 0 0 0 0 0 0 0 0 0 0 0 0 0 0 0 0 0 0 0 0 1 0 0 0 0 0 0 0 0 0 0 0 0 0 0 0 0 0 0 0 0 0 0 0 0 0]
[199216778369680571538060654734111731208146988649169353337361771688377764149418558439176591834674987012572216514343346943552419319387836749805556386019986570241113268021414291099418628088383208068974338766267603 0 0 0 0 0 0 0 0 0 0 0 0 0 0 0 0 0 0 0 0 0 0 0 0 0 0 0 0 0 0 0 0 0 0 0 0 0 0 0 0 0 0 0 0 1 0 0 0 0 0 0 0 0 0 0 0 0 0 0 0 0 0 0 0 0 0 0 0 0]
[3588170785072838707187575074860834621128756882023558471607998028776074872606618590450821967863712534791569682593891434584020688600431970802658377992503610780532407710316993946198696985738533256603618193020129631 0 0 0 0 0 0 0 0 0 0 0 0 0 0 0 0 0 0 0 0 0 0 0 0 0 0 0 0 0 0 0 0 0 0 0 0 0 0 0 0 0 0 0 0 0 1 0 0 0 0 0 0 0 0 0 0 0 0 0 0 0 0 0 0 0 0 0 0 0]
[2331799589375130032880971634399485603869830702926588860050260298842965560323525651649935199210217485128153306349840604172045871618297423120418847599411578629371501326355240649348154217154015120667629504767599575 0 0 0 0 0 0 0 0 0 0 0 0 0 0 0 0 0 0 0 0 0 0 0 0 0 0 0 0 0 0 0 0 0 0 0 0 0 0 0 0 0 0 0 0 0 0 1 0 0 0 0 0 0 0 0 0 0 0 0 0 0 0 0 0 0 0 0 0 0]
[1603940881717658893731072236550924168343095585768063350551287640639454470538265517707921998146369662574552335315844072861096267863724469864709183287983932706244020851287626922967094023651965086992011439955369306 0 0 0 0 0 0 0 0 0 0 0 0 0 0 0 0 0 0 0 0 0 0 0 0 0 0 0 0 0 0 0 0 0 0 0 0 0 0 0 0 0 0 0 0 0 0 0 1 0 0 0 0 0 0 0 0 0 0 0 0 0 0 0 0 0 0 0 0 0]
[2522263635377265533155896585893562745699453774340805088153950242648371700234893911850545811494640133538502409894531973059791074770134545956884950925768227519660618743799395256055906756166430315932228380718725550 0 0 0 0 0 0 0 0 0 0 0 0 0 0 0 0 0 0 0 0 0 0 0 0 0 0 0 0 0 0 0 0 0 0 0 0 0 0 0 0 0 0 0 0 0 0 0 0 1 0 0 0 0 0 0 0 0 0 0 0 0 0 0 0 0 0 0 0 0]
[2660909965527788467045060674444774209930565474800297529837625861767114057536537478566352607404805408669993997258517139930107997680336235203876857525639685048018655090097601453691415436454292721084338202681703150 0 0 0 0 0 0 0 0 0 0 0 0 0 0 0 0 0 0 0 0 0 0 0 0 0 0 0 0 0 0 0 0 0 0 0 0 0 0 0 0 0 0 0 0 0 0 0 0 0 1 0 0 0 0 0 0 0 0 0 0 0 0 0 0 0 0 0 0 0]
[2118230525083549591680764466830548593677770764870952742890760690722413953066555801679125696381762226518287114942785534955314947884212572546520484761461165270786243461547697386535506423667147704811721269626421358 0 0 0 0 0 0 0 0 0 0 0 0 0 0 0 0 0 0 0 0 0 0 0 0 0 0 0 0 0 0 0 0 0 0 0 0 0 0 0 0 0 0 0 0 0 0 0 0 0 0 1 0 0 0 0 0 0 0 0 0 0 0 0 0 0 0 0 0 0]
[1416203688867137639900804965857229299658565690542754027246542047072790304394519730508785956401723079656401040848504891993122308581926602663224195036918558293917047049727163927013063123621026921507387325921766743 0 0 0 0 0 0 0 0 0 0 0 0 0 0 0 0 0 0 0 0 0 0 0 0 0 0 0 0 0 0 0 0 0 0 0 0 0 0 0 0 0 0 0 0 0 0 0 0 0 0 0 1 0 0 0 0 0 0 0 0 0 0 0 0 0 0 0 0 0]
[887526691306099521090747182748446646675104616595348788347335173012953768231899808623013520122011979349183066956095781503061141496271381561685515198691510742411885768935782174971108670571690002788548749569284025 0 0 0 0 0 0 0 0 0 0 0 0 0 0 0 0 0 0 0 0 0 0 0 0 0 0 0 0 0 0 0 0 0 0 0 0 0 0 0 0 0 0 0 0 0 0 0 0 0 0 0 0 1 0 0 0 0 0 0 0 0 0 0 0 0 0 0 0 0]
[1939619151461820183259193743126020830327588090561471629055448274716554187262269077191063933161420371242058775976601447761266378823372577195603802937428120979044486660645304629310816673073460719298549484598913837 0 0 0 0 0 0 0 0 0 0 0 0 0 0 0 0 0 0 0 0 0 0 0 0 0 0 0 0 0 0 0 0 0 0 0 0 0 0 0 0 0 0 0 0 0 0 0 0 0 0 0 0 0 1 0 0 0 0 0 0 0 0 0 0 0 0 0 0 0]
[3588572413254958038571831476898896121171119912320837331563634862489614464318856506071501573503482097031351844962216821297243675982760606385055212112100876704215711821635890165287190819392953533927497212677635058 0 0 0 0 0 0 0 0 0 0 0 0 0 0 0 0 0 0 0 0 0 0 0 0 0 0 0 0 0 0 0 0 0 0 0 0 0 0 0 0 0 0 0 0 0 0 0 0 0 0 0 0 0 0 1 0 0 0 0 0 0 0 0 0 0 0 0 0 0]
[587742399191742483733866341068917480250993374119972244585214947405291541692129605447412508733069211163824973775122057347197276024369075377705572036375042621788945578649360616601515571336745998463402530948881880 0 0 0 0 0 0 0 0 0 0 0 0 0 0 0 0 0 0 0 0 0 0 0 0 0 0 0 0 0 0 0 0 0 0 0 0 0 0 0 0 0 0 0 0 0 0 0 0 0 0 0 0 0 0 0 1 0 0 0 0 0 0 0 0 0 0 0 0 0]
[896307872305431236948197145259604194097111448253678884708841251841455500335822370932904986321663048179614212627591527937882322499441838267677645605108246908014255769668771803046979094614564452185032849206839789 0 0 0 0 0 0 0 0 0 0 0 0 0 0 0 0 0 0 0 0 0 0 0 0 0 0 0 0 0 0 0 0 0 0 0 0 0 0 0 0 0 0 0 0 0 0 0 0 0 0 0 0 0 0 0 0 1 0 0 0 0 0 0 0 0 0 0 0 0]
[1393237799615893672571205128796638061090283078378670221060193674484650953791053234328155365651553919717856595990594504475447425948683888132771254489892441205799032127549737290795069893479497614014238477944959358 0 0 0 0 0 0 0 0 0 0 0 0 0 0 0 0 0 0 0 0 0 0 0 0 0 0 0 0 0 0 0 0 0 0 0 0 0 0 0 0 0 0 0 0 0 0 0 0 0 0 0 0 0 0 0 0 0 1 0 0 0 0 0 0 0 0 0 0 0]
[1362542000386593721852409015797128242353898940532422715184879653066256035584990608103095170598590219123306276638122312906192814473241546698240018023004801227255018872097010802598783989122073191664479945651544600 0 0 0 0 0 0 0 0 0 0 0 0 0 0 0 0 0 0 0 0 0 0 0 0 0 0 0 0 0 0 0 0 0 0 0 0 0 0 0 0 0 0 0 0 0 0 0 0 0 0 0 0 0 0 0 0 0 0 1 0 0 0 0 0 0 0 0 0 0]
[2054517948458359115879170540860771124231876569118965806418560399223937612252230339468839482612629863427238060971490229081960925884677802719316591831418422813789277230428997714325035626632604621112948643559159259 0 0 0 0 0 0 0 0 0 0 0 0 0 0 0 0 0 0 0 0 0 0 0 0 0 0 0 0 0 0 0 0 0 0 0 0 0 0 0 0 0 0 0 0 0 0 0 0 0 0 0 0 0 0 0 0 0 0 0 1 0 0 0 0 0 0 0 0 0]
[3159122125010844245605429533525703491585767016696130467121512890829547688295143593407883476547370517072874253177816803063154516977162285369975197377438259414601301200370121455821793557940038229909147317351233363 0 0 0 0 0 0 0 0 0 0 0 0 0 0 0 0 0 0 0 0 0 0 0 0 0 0 0 0 0 0 0 0 0 0 0 0 0 0 0 0 0 0 0 0 0 0 0 0 0 0 0 0 0 0 0 0 0 0 0 0 1 0 0 0 0 0 0 0 0]
[2888827619528033363927362236849417919981084206650113711412101658202289135780415356765677798111586840558765852684169002421690673326456275525168921122672384568810104348763369216517639584990008730772537729317217419 0 0 0 0 0 0 0 0 0 0 0 0 0 0 0 0 0 0 0 0 0 0 0 0 0 0 0 0 0 0 0 0 0 0 0 0 0 0 0 0 0 0 0 0 0 0 0 0 0 0 0 0 0 0 0 0 0 0 0 0 0 1 0 0 0 0 0 0 0]
[4186024937716579478051492850622827071759228553905540386946215602047219909634166055707424874783594565774283569000830456935988681513193037423148091499670344763834500043980839954059583578111632521762107029968646596 0 0 0 0 0 0 0 0 0 0 0 0 0 0 0 0 0 0 0 0 0 0 0 0 0 0 0 0 0 0 0 0 0 0 0 0 0 0 0 0 0 0 0 0 0 0 0 0 0 0 0 0 0 0 0 0 0 0 0 0 0 0 1 0 0 0 0 0 0]
[1638720426602073101681889332503408055606647299232789650738157739979810669137387742691652288667809316341829426471083562980368522985286518113062664013656018927794709191519246398723344356175872435968211558458267468 0 0 0 0 0 0 0 0 0 0 0 0 0 0 0 0 0 0 0 0 0 0 0 0 0 0 0 0 0 0 0 0 0 0 0 0 0 0 0 0 0 0 0 0 0 0 0 0 0 0 0 0 0 0 0 0 0 0 0 0 0 0 0 1 0 0 0 0 0]
[2653508647602608941536970675905951275968371047159497805869895149237503656878938593303397054163033689290061004873322388750972029872569759256749390422264400989366435042679263766165007879161032246231936147945836722 0 0 0 0 0 0 0 0 0 0 0 0 0 0 0 0 0 0 0 0 0 0 0 0 0 0 0 0 0 0 0 0 0 0 0 0 0 0 0 0 0 0 0 0 0 0 0 0 0 0 0 0 0 0 0 0 0 0 0 0 0 0 0 0 1 0 0 0 0]
[875699066356453282344773358236162269053323339742003848058644083921534779602968923388102108496526359121605537474693550069243321088302397066678440594688586246690023030865603364318868919137531816660894099191802188 0 0 0 0 0 0 0 0 0 0 0 0 0 0 0 0 0 0 0 0 0 0 0 0 0 0 0 0 0 0 0 0 0 0 0 0 0 0 0 0 0 0 0 0 0 0 0 0 0 0 0 0 0 0 0 0 0 0 0 0 0 0 0 0 0 1 0 0 0]
[2384324789596458629111932218185681524513477029633841323363587846178526739827528179708798362366852176454491274004101702794494135756788942017657584623684524870503365705850739650002849686332626875108947678724562574 0 0 0 0 0 0 0 0 0 0 0 0 0 0 0 0 0 0 0 0 0 0 0 0 0 0 0 0 0 0 0 0 0 0 0 0 0 0 0 0 0 0 0 0 0 0 0 0 0 0 0 0 0 0 0 0 0 0 0 0 0 0 0 0 0 0 1 0 0]
[2374183260214810246223316506551523100452341592092783841910342220846412798603534958863982472861844048963502299032617503559140769675273862579452184322620157545061496159547463461232440192219592322277594023046084257 0 0 0 0 0 0 0 0 0 0 0 0 0 0 0 0 0 0 0 0 0 0 0 0 0 0 0 0 0 0 0 0 0 0 0 0 0 0 0 0 0 0 0 0 0 0 0 0 0 0 0 0 0 0 0 0 0 0 0 0 0 0 0 0 0 0 0 1 0]
[1902579215849991086012553045035399920288403763470661045809627151116425440553205439193524380986781076286910978696526433024422175846211706003668968335177220124041459542057918723850098157430300779517070115049091179 0 0 0 0 0 0 0 0 0 0 0 0 0 0 0 0 0 0 0 0 0 0 0 0 0 0 0 0 0 0 0 0 0 0 0 0 0 0 0 0 0 0 0 0 0 0 0 0 0 0 0 0 0 0 0 0 0 0 0 0 0 0 0 0 0 0 0 0 1]
]
