[[1723419375421787098348887644226310021137314611487375433897737085986125500832180482819811284998763263199793876642857171403 0 0 0 0 0 0 0 0 0 0 0 0 0 0 0 0 0 0 0 0 0 0 0 0 0 0 0 0 0 0 0 0 0 0 0 0 0 0 0]
[671250272531364266150467088908296971380999059071519716997229621577386784592005298582133126197396355871620520067524112996 1 0 0 0 0 0 0 0 0 0 0 0 0 0 0 0 0 0 0 0 0 0 0 0 0 0 0 0 0 0 0 0 0 0 0 0 0 0 0]
[1324340896994473662928212510298550066878181663237890218532678753599710698729661761381979223657356385401312673711621506493 0 1 0 0 0 0 0 0 0 0 0 0 0 0 0 0 0 0 0 0 0 0 0 0 0 0 0 0 0 0 0 0 0 0 0 0 0 0 0]
[183702146669041941251211066032233968406477647626081552538796068783391895839550350732287028192294670371498611998487902530 0 0 1 0 0 0 0 0 0 0 0 0 0 0 0 0 0 0 0 0 0 0 0 0 0 0 0 0 0 0 0 0 0 0 0 0 0 0 0]
[436842191437671259884765305310077686412968379001924975370685265865248940329538841452749041698062454924844798713469230522 0 0 0 1 0 0 0 0 0 0 0 0 0 0 0 0 0 0 0 0 0 0 0 0 0 0 0 0 0 0 0 0 0 0 0 0 0 0 0]
[812901273203489527166825019253487716450205467331866426542039168231032764264679255385949116516032737474994157095297100325 0 0 0 0 1 0 0 0 0 0 0 0 0 0 0 0 0 0 0 0 0 0 0 0 0 0 0 0 0 0 0 0 0 0 0 0 0 0 0]
[1353660120745776808165900879842499199594458013182720823560320339669426674001422027925559239151708075072836773035256043378 0 0 0 0 0 1 0 0 0 0 0 0 0 0 0 0 0 0 0 0 0 0 0 0 0 0 0 0 0 0 0 0 0 0 0 0 0 0 0]
[719684086011196041947198999041144323181875900278597157621013637634124719504234989763896913851353034080875790970087642194 0 0 0 0 0 0 1 0 0 0 0 0 0 0 0 0 0 0 0 0 0 0 0 0 0 0 0 0 0 0 0 0 0 0 0 0 0 0 0]
[768690396619643968014079822231856984851096410067879615603456148573792418194527626608823927549806375599952946146251215787 0 0 0 0 0 0 0 1 0 0 0 0 0 0 0 0 0 0 0 0 0 0 0 0 0 0 0 0 0 0 0 0 0 0 0 0 0 0 0]
[1165311135831084852476748011983418051539519728359741972838480587264035148914102181281339468938492757865726812097425218999 0 0 0 0 0 0 0 0 1 0 0 0 0 0 0 0 0 0 0 0 0 0 0 0 0 0 0 0 0 0 0 0 0 0 0 0 0 0 0]
[543733457263790146136351549734108269116402133256815511652301310335929049934965937678053334765493294975793794706116467790 0 0 0 0 0 0 0 0 0 1 0 0 0 0 0 0 0 0 0 0 0 0 0 0 0 0 0 0 0 0 0 0 0 0 0 0 0 0 0]
[507548856460010119277131716525411882583398820349657549483813591728600373801547971817114649252635936658716059032705125641 0 0 0 0 0 0 0 0 0 0 1 0 0 0 0 0 0 0 0 0 0 0 0 0 0 0 0 0 0 0 0 0 0 0 0 0 0 0 0]
[460354674331050080123726201914455759559530495491159583262182517245744213177187130532062689558829678414521446091537657322 0 0 0 0 0 0 0 0 0 0 0 1 0 0 0 0 0 0 0 0 0 0 0 0 0 0 0 0 0 0 0 0 0 0 0 0 0 0 0]
[723438110051119913092642989123470120247994420511254823752038150440010563989824130831340272121540005879547848656362453708 0 0 0 0 0 0 0 0 0 0 0 0 1 0 0 0 0 0 0 0 0 0 0 0 0 0 0 0 0 0 0 0 0 0 0 0 0 0 0]
[245180502575642292303035056846311581995205532758316944857824013880433770657411125017340735742244674720311682603259174312 0 0 0 0 0 0 0 0 0 0 0 0 0 1 0 0 0 0 0 0 0 0 0 0 0 0 0 0 0 0 0 0 0 0 0 0 0 0 0]
[827423386730747091107735301782268918535071104109569719262347304257019501849485617051172170300821566746373196349178535588 0 0 0 0 0 0 0 0 0 0 0 0 0 0 1 0 0 0 0 0 0 0 0 0 0 0 0 0 0 0 0 0 0 0 0 0 0 0 0]
[928797827935140646286018752173311531503678975451336494203807555237902288100333867942867549900058323409567405531319257736 0 0 0 0 0 0 0 0 0 0 0 0 0 0 0 1 0 0 0 0 0 0 0 0 0 0 0 0 0 0 0 0 0 0 0 0 0 0 0]
[1603718844210527879231327783114707064423343686161890289631389375413467268279361426287848461427989568936191337955573213644 0 0 0 0 0 0 0 0 0 0 0 0 0 0 0 0 1 0 0 0 0 0 0 0 0 0 0 0 0 0 0 0 0 0 0 0 0 0 0]
[1441647394960961381520944276750084954522253205165594455348703291409985948250647410109153541448102086790990477743518870489 0 0 0 0 0 0 0 0 0 0 0 0 0 0 0 0 0 1 0 0 0 0 0 0 0 0 0 0 0 0 0 0 0 0 0 0 0 0 0]
[1063087866417066184406699069984267191403493642192024798251664158479956074913661123789594566255926840736695458733377109056 0 0 0 0 0 0 0 0 0 0 0 0 0 0 0 0 0 0 1 0 0 0 0 0 0 0 0 0 0 0 0 0 0 0 0 0 0 0 0]
[988377310690433827573372932023797521179395444656296617934524202901595750685910721702382750346096612399114627452506478709 0 0 0 0 0 0 0 0 0 0 0 0 0 0 0 0 0 0 0 1 0 0 0 0 0 0 0 0 0 0 0 0 0 0 0 0 0 0 0]
[1582687390662273689340472359029012576893103448959991912356072605944719207368165227483537003626497553886515985330345312115 0 0 0 0 0 0 0 0 0 0 0 0 0 0 0 0 0 0 0 0 1 0 0 0 0 0 0 0 0 0 0 0 0 0 0 0 0 0 0]
[1109206170418837005140100435787809888676945681469127527971754716180818667339585323298221624679702526209314048408449765211 0 0 0 0 0 0 0 0 0 0 0 0 0 0 0 0 0 0 0 0 0 1 0 0 0 0 0 0 0 0 0 0 0 0 0 0 0 0 0]
[22919726092688992773959711892209982603398578344632081477040981144672608998541314986526431318878339751606156680948635243 0 0 0 0 0 0 0 0 0 0 0 0 0 0 0 0 0 0 0 0 0 0 1 0 0 0 0 0 0 0 0 0 0 0 0 0 0 0 0]
[94104636338527275685560837281842692985527218837085051911637642354192646987837941649994007823395672284675301748032283960 0 0 0 0 0 0 0 0 0 0 0 0 0 0 0 0 0 0 0 0 0 0 0 1 0 0 0 0 0 0 0 0 0 0 0 0 0 0 0]
[1555022935394657426251085018035039607022997720306063907199542827195775724914122075909762149021579867978684493369501930293 0 0 0 0 0 0 0 0 0 0 0 0 0 0 0 0 0 0 0 0 0 0 0 0 1 0 0 0 0 0 0 0 0 0 0 0 0 0 0]
[571076700554105947798632119971568261126450933986662280783000914736781230146864221612588917483982003144443775680356743617 0 0 0 0 0 0 0 0 0 0 0 0 0 0 0 0 0 0 0 0 0 0 0 0 0 1 0 0 0 0 0 0 0 0 0 0 0 0 0]
[917281331857402178638952821326862125483196686571147781155745728418594464120124196017157440728052863812345599498105353158 0 0 0 0 0 0 0 0 0 0 0 0 0 0 0 0 0 0 0 0 0 0 0 0 0 0 1 0 0 0 0 0 0 0 0 0 0 0 0]
[642556383012046869001600205111398953930591031977308984884088591386664455160110037699096265424206942140518618802339740689 0 0 0 0 0 0 0 0 0 0 0 0 0 0 0 0 0 0 0 0 0 0 0 0 0 0 0 1 0 0 0 0 0 0 0 0 0 0 0]
[1176224032237842354446416919109268933589582487429303307703744652156485201304472002792565645547145708966632030381546273661 0 0 0 0 0 0 0 0 0 0 0 0 0 0 0 0 0 0 0 0 0 0 0 0 0 0 0 0 1 0 0 0 0 0 0 0 0 0 0]
[865181813186983973162769995967780986112308321102398779837309801708052791951588535235687212575192907191541557571119702507 0 0 0 0 0 0 0 0 0 0 0 0 0 0 0 0 0 0 0 0 0 0 0 0 0 0 0 0 0 1 0 0 0 0 0 0 0 0 0]
[1224227829561014087732838389584608405577063475864405502863094918331698047606862047898331471727830915911422585173719659367 0 0 0 0 0 0 0 0 0 0 0 0 0 0 0 0 0 0 0 0 0 0 0 0 0 0 0 0 0 0 1 0 0 0 0 0 0 0 0]
[942698938706181285352934100398410412360386341441692110152298190898594015180210331708200380684791091839124740983195361550 0 0 0 0 0 0 0 0 0 0 0 0 0 0 0 0 0 0 0 0 0 0 0 0 0 0 0 0 0 0 0 1 0 0 0 0 0 0 0]
[1506449960164383275016337957846725660344563433193008454048633081129625572583892136702989671868066806277285197464624864849 0 0 0 0 0 0 0 0 0 0 0 0 0 0 0 0 0 0 0 0 0 0 0 0 0 0 0 0 0 0 0 0 1 0 0 0 0 0 0]
[267752001959471417667184469253348933677096453694601967103674477451822466006201600007942565417441786776813917119395635438 0 0 0 0 0 0 0 0 0 0 0 0 0 0 0 0 0 0 0 0 0 0 0 0 0 0 0 0 0 0 0 0 0 1 0 0 0 0 0]
[1013575448352401193751002693865166715129272725284079885886810904970272637880873539981166238184220911094196965584432229805 0 0 0 0 0 0 0 0 0 0 0 0 0 0 0 0 0 0 0 0 0 0 0 0 0 0 0 0 0 0 0 0 0 0 1 0 0 0 0]
[1695157721379389127548395635449364671809712904164821242759135250961848482661017688199051178951960559936677747313336979955 0 0 0 0 0 0 0 0 0 0 0 0 0 0 0 0 0 0 0 0 0 0 0 0 0 0 0 0 0 0 0 0 0 0 0 1 0 0 0]
[1307516228165601440868689984618729913197916991675813107179947723476951730784789059912108690611338608468615344911808333774 0 0 0 0 0 0 0 0 0 0 0 0 0 0 0 0 0 0 0 0 0 0 0 0 0 0 0 0 0 0 0 0 0 0 0 0 1 0 0]
[1707398428861673876461227726248090203038009980913746708603234343050476009322402382830662338841358254827188139985668399546 0 0 0 0 0 0 0 0 0 0 0 0 0 0 0 0 0 0 0 0 0 0 0 0 0 0 0 0 0 0 0 0 0 0 0 0 0 1 0]
[1679038121206898619408838161287935601964214254924192130643908975736742884121761877549172924897699083484165820676350496721 0 0 0 0 0 0 0 0 0 0 0 0 0 0 0 0 0 0 0 0 0 0 0 0 0 0 0 0 0 0 0 0 0 0 0 0 0 0 1]
]
