[[8676467767797681104152316606927343390322558961560508293940492527133346096930997223986527880231865146517813913697318738021359544080521662561126704202473962389979975167168450546262217848374247042206685557437419473996191080020864752444436876292510742818081622475358457525041981935367275994463190765356103 0 0 0 0 0 0 0 0 0 0 0 0 0 0 0 0 0 0 0 0 0 0 0 0 0 0 0 0 0 0 0 0 0 0 0 0 0 0 0 0 0 0 0 0 0 0 0 0 0 0 0 0 0 0 0 0 0 0 0 0 0 0 0 0 0 0 0 0 0 0 0 0 0 0 0 0 0 0 0 0 0 0 0 0 0 0 0 0 0 0 0 0 0 0 0 0 0 0 0]
[3878676561061180911942937140961536441691694269861562978992779156266554356151459884433275156672456555131622835082781463186489284429171846859298254760122284197443796110539913809943316988177714355730300580644760471154770353091883854679762432203421517368118310218877178263884187964801208437876930969649801 1 0 0 0 0 0 0 0 0 0 0 0 0 0 0 0 0 0 0 0 0 0 0 0 0 0 0 0 0 0 0 0 0 0 0 0 0 0 0 0 0 0 0 0 0 0 0 0 0 0 0 0 0 0 0 0 0 0 0 0 0 0 0 0 0 0 0 0 0 0 0 0 0 0 0 0 0 0 0 0 0 0 0 0 0 0 0 0 0 0 0 0 0 0 0 0 0 0 0]
[1343962138868075778101938873098683462601884125641411468124621004982009136572844702301360880669948496833534114011876117267692841039186646382038681537839813476744762971444526503423833553853844227431427984379025638536284293483269096252542582981226919321401093141844129979788645719862102198371626026977592 0 1 0 0 0 0 0 0 0 0 0 0 0 0 0 0 0 0 0 0 0 0 0 0 0 0 0 0 0 0 0 0 0 0 0 0 0 0 0 0 0 0 0 0 0 0 0 0 0 0 0 0 0 0 0 0 0 0 0 0 0 0 0 0 0 0 0 0 0 0 0 0 0 0 0 0 0 0 0 0 0 0 0 0 0 0 0 0 0 0 0 0 0 0 0 0 0 0 0]
[3004671082524672749164273237242481684392466857201937864104081885305903358648042776585955991999168056414462528087648103015943574737220068963934742824657812255552130672505217476744860060516874995034883686221336321491168293038623392310891088632397917414744601283166739758240756953192680271412611363422084 0 0 1 0 0 0 0 0 0 0 0 0 0 0 0 0 0 0 0 0 0 0 0 0 0 0 0 0 0 0 0 0 0 0 0 0 0 0 0 0 0 0 0 0 0 0 0 0 0 0 0 0 0 0 0 0 0 0 0 0 0 0 0 0 0 0 0 0 0 0 0 0 0 0 0 0 0 0 0 0 0 0 0 0 0 0 0 0 0 0 0 0 0 0 0 0 0 0 0]
[5204620594592991122444294921865906796329998182587944623823884619730630131244635024705361892364365441992833231122142243221716337909654834144687546434422524578008820025755293245071036980349919567901456105310181679021315559943317990285698402444152086308403782355513990205620815750885763481415399423224178 0 0 0 1 0 0 0 0 0 0 0 0 0 0 0 0 0 0 0 0 0 0 0 0 0 0 0 0 0 0 0 0 0 0 0 0 0 0 0 0 0 0 0 0 0 0 0 0 0 0 0 0 0 0 0 0 0 0 0 0 0 0 0 0 0 0 0 0 0 0 0 0 0 0 0 0 0 0 0 0 0 0 0 0 0 0 0 0 0 0 0 0 0 0 0 0 0 0 0]
[5670736105694238191589121375621863054131413227540696460380011772269968575993234793719106026798658094889368773671910155541629327747178446578815929954510129626674806433959427484335399365700775434981278556734843831723513014502651636458831343887573953368260624500858194765927889081463923255067993423999918 0 0 0 0 1 0 0 0 0 0 0 0 0 0 0 0 0 0 0 0 0 0 0 0 0 0 0 0 0 0 0 0 0 0 0 0 0 0 0 0 0 0 0 0 0 0 0 0 0 0 0 0 0 0 0 0 0 0 0 0 0 0 0 0 0 0 0 0 0 0 0 0 0 0 0 0 0 0 0 0 0 0 0 0 0 0 0 0 0 0 0 0 0 0 0 0 0 0 0]
[5489796359581445142496756574278502039257069113955818982362520717703321976316959927728133201971056812119981133421164131859889803104646551557938134459257422563906438305530277413745842258746118769157585507750333468196046581867659267549299847940870853208755662820590742204908634386600015653337001291364827 0 0 0 0 0 1 0 0 0 0 0 0 0 0 0 0 0 0 0 0 0 0 0 0 0 0 0 0 0 0 0 0 0 0 0 0 0 0 0 0 0 0 0 0 0 0 0 0 0 0 0 0 0 0 0 0 0 0 0 0 0 0 0 0 0 0 0 0 0 0 0 0 0 0 0 0 0 0 0 0 0 0 0 0 0 0 0 0 0 0 0 0 0 0 0 0 0 0 0]
[8121913832365828869244046095579259170663995372085107867584830877595581292726900546308432988898146544909356529603199464678785552667948085195063389740094453176023524049669664826996905843931565576166496373588359631898066883414585934065126010219597169053007217144369440270176454119969429917150812280570558 0 0 0 0 0 0 1 0 0 0 0 0 0 0 0 0 0 0 0 0 0 0 0 0 0 0 0 0 0 0 0 0 0 0 0 0 0 0 0 0 0 0 0 0 0 0 0 0 0 0 0 0 0 0 0 0 0 0 0 0 0 0 0 0 0 0 0 0 0 0 0 0 0 0 0 0 0 0 0 0 0 0 0 0 0 0 0 0 0 0 0 0 0 0 0 0 0 0 0]
[1598325190681262127858169850790455427737830102430861150223742429229660316033588926767803429155108233442853367086235095583922416881328782562266057451949983541099595093011623585432124095186535093777712444870095500855509862517285999159114926314366147132919851330902671623463046899151641678083433727032582 0 0 0 0 0 0 0 1 0 0 0 0 0 0 0 0 0 0 0 0 0 0 0 0 0 0 0 0 0 0 0 0 0 0 0 0 0 0 0 0 0 0 0 0 0 0 0 0 0 0 0 0 0 0 0 0 0 0 0 0 0 0 0 0 0 0 0 0 0 0 0 0 0 0 0 0 0 0 0 0 0 0 0 0 0 0 0 0 0 0 0 0 0 0 0 0 0 0 0]
[244451925606331295787003973099930518113854906419705088621557906104819266689832143713464483200006438552227540405795066149275041124604417315541632783060363596136267981467001830833128397811236992050949249376660126500240200912007090708739800591346501790712175776984544252163386643509897610891355855856581 0 0 0 0 0 0 0 0 1 0 0 0 0 0 0 0 0 0 0 0 0 0 0 0 0 0 0 0 0 0 0 0 0 0 0 0 0 0 0 0 0 0 0 0 0 0 0 0 0 0 0 0 0 0 0 0 0 0 0 0 0 0 0 0 0 0 0 0 0 0 0 0 0 0 0 0 0 0 0 0 0 0 0 0 0 0 0 0 0 0 0 0 0 0 0 0 0 0 0]
[2991770999973016068444851115308225634855262602492710187568534037536691586631401394678831096638851868147926647610496280507145321839157347573307315902356343325736302195790148825875434996939875980814296624843524633672044297597223626018506601533401163953212341448665430375733782639617265556994802686110080 0 0 0 0 0 0 0 0 0 1 0 0 0 0 0 0 0 0 0 0 0 0 0 0 0 0 0 0 0 0 0 0 0 0 0 0 0 0 0 0 0 0 0 0 0 0 0 0 0 0 0 0 0 0 0 0 0 0 0 0 0 0 0 0 0 0 0 0 0 0 0 0 0 0 0 0 0 0 0 0 0 0 0 0 0 0 0 0 0 0 0 0 0 0 0 0 0 0 0]
[174864547235177325829162316859233031723328695855180563122469285589505252577280452813058170107122414879081761542686484986180213087515182475868540672825698943588983322444358241269240658498702830970111636538950915370561956864497262692204521328510311415512798668265498151539511356424990045823450568614631 0 0 0 0 0 0 0 0 0 0 1 0 0 0 0 0 0 0 0 0 0 0 0 0 0 0 0 0 0 0 0 0 0 0 0 0 0 0 0 0 0 0 0 0 0 0 0 0 0 0 0 0 0 0 0 0 0 0 0 0 0 0 0 0 0 0 0 0 0 0 0 0 0 0 0 0 0 0 0 0 0 0 0 0 0 0 0 0 0 0 0 0 0 0 0 0 0 0 0]
[8181895982911658586768156282908706260267733055155067261137548869109528990558861427398394053916512985707085863070218198209040842847409303501462937523240170463888677996549747267587327645961467668034856775666870267336953147066554300474300159947051187601189561969152735375748237947691676998672545264172866 0 0 0 0 0 0 0 0 0 0 0 1 0 0 0 0 0 0 0 0 0 0 0 0 0 0 0 0 0 0 0 0 0 0 0 0 0 0 0 0 0 0 0 0 0 0 0 0 0 0 0 0 0 0 0 0 0 0 0 0 0 0 0 0 0 0 0 0 0 0 0 0 0 0 0 0 0 0 0 0 0 0 0 0 0 0 0 0 0 0 0 0 0 0 0 0 0 0 0]
[4300592343182874224016447501686935336808914931014727574668355048908668628392160582337675432467425425307439124334318457714748235727244877620324610583434960442973036098611404594683400628777759583516382184577432455075792280236183948342119632770623639009043735181362869088107141911692762738251428357956568 0 0 0 0 0 0 0 0 0 0 0 0 1 0 0 0 0 0 0 0 0 0 0 0 0 0 0 0 0 0 0 0 0 0 0 0 0 0 0 0 0 0 0 0 0 0 0 0 0 0 0 0 0 0 0 0 0 0 0 0 0 0 0 0 0 0 0 0 0 0 0 0 0 0 0 0 0 0 0 0 0 0 0 0 0 0 0 0 0 0 0 0 0 0 0 0 0 0 0]
[4779502143793013747253130270927440105315430374271186901692561261554182339752142315403437763629484297775781476601747816582182922297273778520628056769457525624716730399701054058156698958748425230739003595199785621067615388519554715431713261313253049840238254860205740866596286495796163904252435723939139 0 0 0 0 0 0 0 0 0 0 0 0 0 1 0 0 0 0 0 0 0 0 0 0 0 0 0 0 0 0 0 0 0 0 0 0 0 0 0 0 0 0 0 0 0 0 0 0 0 0 0 0 0 0 0 0 0 0 0 0 0 0 0 0 0 0 0 0 0 0 0 0 0 0 0 0 0 0 0 0 0 0 0 0 0 0 0 0 0 0 0 0 0 0 0 0 0 0 0]
[1928513585906796086541800605058790229099002722621088385377245977628357102623108781858456003753679128054415530734903679036413473947603520242225545316919893780787595773679879445599154819835097787702524161130468390450594094494311498742983826483433961780097129314576819676145385352428984385304260046831225 0 0 0 0 0 0 0 0 0 0 0 0 0 0 1 0 0 0 0 0 0 0 0 0 0 0 0 0 0 0 0 0 0 0 0 0 0 0 0 0 0 0 0 0 0 0 0 0 0 0 0 0 0 0 0 0 0 0 0 0 0 0 0 0 0 0 0 0 0 0 0 0 0 0 0 0 0 0 0 0 0 0 0 0 0 0 0 0 0 0 0 0 0 0 0 0 0 0 0]
[3643643887003455858084582673785279770804644580342910875496607972655244697156295686501719872565897511348107788558189548672511768498083184014939021961753408157551233014919828359659657301399225151212294528970356966550868486189252533820418510089069440010141653462846552086579382705939615841390816992145675 0 0 0 0 0 0 0 0 0 0 0 0 0 0 0 1 0 0 0 0 0 0 0 0 0 0 0 0 0 0 0 0 0 0 0 0 0 0 0 0 0 0 0 0 0 0 0 0 0 0 0 0 0 0 0 0 0 0 0 0 0 0 0 0 0 0 0 0 0 0 0 0 0 0 0 0 0 0 0 0 0 0 0 0 0 0 0 0 0 0 0 0 0 0 0 0 0 0 0]
[6248303569150290393384726369932079865050542012503613625372152095174611910457342998038693260439604666350469860818417343640717127353320474869481325576135627623692694187888389364624944618156933837277482699294295326752273574818812284247527301740495257279170269707880370438574982797274502693186737792535693 0 0 0 0 0 0 0 0 0 0 0 0 0 0 0 0 1 0 0 0 0 0 0 0 0 0 0 0 0 0 0 0 0 0 0 0 0 0 0 0 0 0 0 0 0 0 0 0 0 0 0 0 0 0 0 0 0 0 0 0 0 0 0 0 0 0 0 0 0 0 0 0 0 0 0 0 0 0 0 0 0 0 0 0 0 0 0 0 0 0 0 0 0 0 0 0 0 0 0]
[5501822238425600852309908747164186406208701815365821861193107826699071868754305339808936326488924109605301820363224420488540784344294344802791237043725261187727867235733348102769244212898354896700771399926490101190289358704812231274620373559119948663017336895935056028399860558809314335792536349919935 0 0 0 0 0 0 0 0 0 0 0 0 0 0 0 0 0 1 0 0 0 0 0 0 0 0 0 0 0 0 0 0 0 0 0 0 0 0 0 0 0 0 0 0 0 0 0 0 0 0 0 0 0 0 0 0 0 0 0 0 0 0 0 0 0 0 0 0 0 0 0 0 0 0 0 0 0 0 0 0 0 0 0 0 0 0 0 0 0 0 0 0 0 0 0 0 0 0 0]
[7595926522054104166742563778737375210269437561150104040395307566183775004889884409051383012893328986432573711778204312734400155722657285110061767898583354515604153766211784473120954837260795553741163582658684104119887569614832484561215365548560393326214914727165787328098076795618459416963757065466129 0 0 0 0 0 0 0 0 0 0 0 0 0 0 0 0 0 0 1 0 0 0 0 0 0 0 0 0 0 0 0 0 0 0 0 0 0 0 0 0 0 0 0 0 0 0 0 0 0 0 0 0 0 0 0 0 0 0 0 0 0 0 0 0 0 0 0 0 0 0 0 0 0 0 0 0 0 0 0 0 0 0 0 0 0 0 0 0 0 0 0 0 0 0 0 0 0 0 0]
[4804892109166671621274564931744658206037945393166827243167744447830801928599539048849142333268277384421772177244907427898592100641218546555394292885498705077067098504496666261544836958461217628512705893523253941642763450777014254333862200229970081622246260892719015733193036356801594618924883276613477 0 0 0 0 0 0 0 0 0 0 0 0 0 0 0 0 0 0 0 1 0 0 0 0 0 0 0 0 0 0 0 0 0 0 0 0 0 0 0 0 0 0 0 0 0 0 0 0 0 0 0 0 0 0 0 0 0 0 0 0 0 0 0 0 0 0 0 0 0 0 0 0 0 0 0 0 0 0 0 0 0 0 0 0 0 0 0 0 0 0 0 0 0 0 0 0 0 0 0]
[223932135740868705727773629771280765439462159177264543278477331882582448726263567797242606132073248434201841150137961573791059533511211092462353561770712314532195767664611979736570486787345664019535632327454211168750530643396069131789437098256431451858403974760411035305289813837917899436971153122510 0 0 0 0 0 0 0 0 0 0 0 0 0 0 0 0 0 0 0 0 1 0 0 0 0 0 0 0 0 0 0 0 0 0 0 0 0 0 0 0 0 0 0 0 0 0 0 0 0 0 0 0 0 0 0 0 0 0 0 0 0 0 0 0 0 0 0 0 0 0 0 0 0 0 0 0 0 0 0 0 0 0 0 0 0 0 0 0 0 0 0 0 0 0 0 0 0 0 0]
[7236362009484543934753366714852649530708882136800170059175947628528707559829664223528485174933042515179597597833587808495900847875161769042965423162638727739821123382009463113804513341827387902038548829599426828669071447180505011434587701435758695277060124126026304254983316753064868910543281714228033 0 0 0 0 0 0 0 0 0 0 0 0 0 0 0 0 0 0 0 0 0 1 0 0 0 0 0 0 0 0 0 0 0 0 0 0 0 0 0 0 0 0 0 0 0 0 0 0 0 0 0 0 0 0 0 0 0 0 0 0 0 0 0 0 0 0 0 0 0 0 0 0 0 0 0 0 0 0 0 0 0 0 0 0 0 0 0 0 0 0 0 0 0 0 0 0 0 0 0]
[5264685455046196121552263185505475790133131398355580176822106962155973113610801571311155123582638364308908502399424900805467587298340295798964788774138482531608228634631455232771415149637404640480277757539722649684684639695679203684199644470668881033906315323025930145215561720290809581694106012781968 0 0 0 0 0 0 0 0 0 0 0 0 0 0 0 0 0 0 0 0 0 0 1 0 0 0 0 0 0 0 0 0 0 0 0 0 0 0 0 0 0 0 0 0 0 0 0 0 0 0 0 0 0 0 0 0 0 0 0 0 0 0 0 0 0 0 0 0 0 0 0 0 0 0 0 0 0 0 0 0 0 0 0 0 0 0 0 0 0 0 0 0 0 0 0 0 0 0 0]
[671982638426652507059952475179047964544291003346627427714504706948440400433641545462509452817627496222188340002089943999544288942231394258629562007251540373838999856389674811443225485334986158622063475986743204388192508060883211019515590757591949191053666258319323195886515448675025521621359731310022 0 0 0 0 0 0 0 0 0 0 0 0 0 0 0 0 0 0 0 0 0 0 0 1 0 0 0 0 0 0 0 0 0 0 0 0 0 0 0 0 0 0 0 0 0 0 0 0 0 0 0 0 0 0 0 0 0 0 0 0 0 0 0 0 0 0 0 0 0 0 0 0 0 0 0 0 0 0 0 0 0 0 0 0 0 0 0 0 0 0 0 0 0 0 0 0 0 0 0]
[230474340677588176639425064971206701156306192932967123252249575481492907637109261853112831856651543338091775914140451258684794121290130362693476200937787541529517812187564541471177156114915602725802905091925500665120941891587100727684435682960803557216145519986150510768053180325718467010794572279815 0 0 0 0 0 0 0 0 0 0 0 0 0 0 0 0 0 0 0 0 0 0 0 0 1 0 0 0 0 0 0 0 0 0 0 0 0 0 0 0 0 0 0 0 0 0 0 0 0 0 0 0 0 0 0 0 0 0 0 0 0 0 0 0 0 0 0 0 0 0 0 0 0 0 0 0 0 0 0 0 0 0 0 0 0 0 0 0 0 0 0 0 0 0 0 0 0 0 0]
[5553405702290734146920410602741433324586685047438684279897341526659305918178045551945192131751200596431825496639717154140617821949751215235834027819808537554988088315054161113323847917402118092210270188384081254723126668710136694373195311926554034707981360117573340535777784900066076650821003491917268 0 0 0 0 0 0 0 0 0 0 0 0 0 0 0 0 0 0 0 0 0 0 0 0 0 1 0 0 0 0 0 0 0 0 0 0 0 0 0 0 0 0 0 0 0 0 0 0 0 0 0 0 0 0 0 0 0 0 0 0 0 0 0 0 0 0 0 0 0 0 0 0 0 0 0 0 0 0 0 0 0 0 0 0 0 0 0 0 0 0 0 0 0 0 0 0 0 0 0]
[7935187409503810401380060355464014541752072522671401106786445095464500951283819202154169284965554469069425528517861230084759059811060194799813810105543190008102751783549447676295194055567308109176194862671617658243618590224483391961211348252021610754710856441323140537471308622522521054335198690829632 0 0 0 0 0 0 0 0 0 0 0 0 0 0 0 0 0 0 0 0 0 0 0 0 0 0 1 0 0 0 0 0 0 0 0 0 0 0 0 0 0 0 0 0 0 0 0 0 0 0 0 0 0 0 0 0 0 0 0 0 0 0 0 0 0 0 0 0 0 0 0 0 0 0 0 0 0 0 0 0 0 0 0 0 0 0 0 0 0 0 0 0 0 0 0 0 0 0 0]
[5829042823403913229663538145440587735694347662809582630309709145787803331677470532391533882322206930971044699970434797630304965033854893222575662410205499841166951657629826440899009905154054157365780918019330142770969138894830649137890479332368491005061739501130957438682354384288676442129057651410481 0 0 0 0 0 0 0 0 0 0 0 0 0 0 0 0 0 0 0 0 0 0 0 0 0 0 0 1 0 0 0 0 0 0 0 0 0 0 0 0 0 0 0 0 0 0 0 0 0 0 0 0 0 0 0 0 0 0 0 0 0 0 0 0 0 0 0 0 0 0 0 0 0 0 0 0 0 0 0 0 0 0 0 0 0 0 0 0 0 0 0 0 0 0 0 0 0 0 0]
[2053030913955057826741994473073623248873644808299316524314688770047342506314917151074166117170449638492332943464646392672022848799176393163447902492442648211197453922418098241008666018506920750698696033690175511479621998739165269696173330546277657857013947250545096678894169822349121959718857661228054 0 0 0 0 0 0 0 0 0 0 0 0 0 0 0 0 0 0 0 0 0 0 0 0 0 0 0 0 1 0 0 0 0 0 0 0 0 0 0 0 0 0 0 0 0 0 0 0 0 0 0 0 0 0 0 0 0 0 0 0 0 0 0 0 0 0 0 0 0 0 0 0 0 0 0 0 0 0 0 0 0 0 0 0 0 0 0 0 0 0 0 0 0 0 0 0 0 0 0]
[4535917730583372017197732005951713030122066757072524448941344025771509680128582264083677912213614266159691661865274310269243766817479178997416936875581266718659608016209453013832138536504156508652878903295363970197311472098515454579820344198980770133183884722931129617522391839091816585094902048026280 0 0 0 0 0 0 0 0 0 0 0 0 0 0 0 0 0 0 0 0 0 0 0 0 0 0 0 0 0 1 0 0 0 0 0 0 0 0 0 0 0 0 0 0 0 0 0 0 0 0 0 0 0 0 0 0 0 0 0 0 0 0 0 0 0 0 0 0 0 0 0 0 0 0 0 0 0 0 0 0 0 0 0 0 0 0 0 0 0 0 0 0 0 0 0 0 0 0 0]
[2726438853358556688718635675235269944244342270406058556495311342536954969278417858539859030661302207372086372855941344115263922973538644836534712284377716285834160624893955435590127196274365335353234529902819994055486203559466035362692583725417586129030219842469284280563982920954195476973882835041559 0 0 0 0 0 0 0 0 0 0 0 0 0 0 0 0 0 0 0 0 0 0 0 0 0 0 0 0 0 0 1 0 0 0 0 0 0 0 0 0 0 0 0 0 0 0 0 0 0 0 0 0 0 0 0 0 0 0 0 0 0 0 0 0 0 0 0 0 0 0 0 0 0 0 0 0 0 0 0 0 0 0 0 0 0 0 0 0 0 0 0 0 0 0 0 0 0 0 0]
[2198584043946218062441953439359461204108542851649801497711135471104708817964543007714308635834433723345320049816502480644525604427695367521188295585303171123749599147799804021951806423972042234310028904198700546262852716531166915604228262451256647123634695884807663438547909630990300907532249970167563 0 0 0 0 0 0 0 0 0 0 0 0 0 0 0 0 0 0 0 0 0 0 0 0 0 0 0 0 0 0 0 1 0 0 0 0 0 0 0 0 0 0 0 0 0 0 0 0 0 0 0 0 0 0 0 0 0 0 0 0 0 0 0 0 0 0 0 0 0 0 0 0 0 0 0 0 0 0 0 0 0 0 0 0 0 0 0 0 0 0 0 0 0 0 0 0 0 0 0]
[2252840980985586799963552597103498618358095659952667542262235599493042356899028083239287451360854951469676078370027904844870863948732970419486993801864193131990777361613060812738364598519461612126765948252836636757821823422325645111627136370678666283756123450287818778048320882487168068355959352495274 0 0 0 0 0 0 0 0 0 0 0 0 0 0 0 0 0 0 0 0 0 0 0 0 0 0 0 0 0 0 0 0 1 0 0 0 0 0 0 0 0 0 0 0 0 0 0 0 0 0 0 0 0 0 0 0 0 0 0 0 0 0 0 0 0 0 0 0 0 0 0 0 0 0 0 0 0 0 0 0 0 0 0 0 0 0 0 0 0 0 0 0 0 0 0 0 0 0 0]
[5551341531327426019342223656201547295969711751047492950550020147003235995036548518241172813816909089364084450939058674817940764622920967133577072638170176151258815370831719945959125508900618724337038522009314954992813736132815257490850036676268483679253551835807550263825739945431737555222333822074050 0 0 0 0 0 0 0 0 0 0 0 0 0 0 0 0 0 0 0 0 0 0 0 0 0 0 0 0 0 0 0 0 0 1 0 0 0 0 0 0 0 0 0 0 0 0 0 0 0 0 0 0 0 0 0 0 0 0 0 0 0 0 0 0 0 0 0 0 0 0 0 0 0 0 0 0 0 0 0 0 0 0 0 0 0 0 0 0 0 0 0 0 0 0 0 0 0 0 0]
[2244672070257761188861646391195089167490426328804255034780664665994264367437713971096006817239046230594166276184114287010958896228188507404939322233423506320057705279329704963201417156408933653749439981543026270600149701502231170499908662026546523459900430620064906847937283998022550577948471801022831 0 0 0 0 0 0 0 0 0 0 0 0 0 0 0 0 0 0 0 0 0 0 0 0 0 0 0 0 0 0 0 0 0 0 1 0 0 0 0 0 0 0 0 0 0 0 0 0 0 0 0 0 0 0 0 0 0 0 0 0 0 0 0 0 0 0 0 0 0 0 0 0 0 0 0 0 0 0 0 0 0 0 0 0 0 0 0 0 0 0 0 0 0 0 0 0 0 0 0]
[6363602895868259417873145915050416362340897155733120974047009168448209783570951902873894290795408613890832959941856595577021471341392455590028764766640931066394692044584273028750158346440525711139020785399433155954603551598086831560610927957040501208523443918304712238089169173413666606093046184132984 0 0 0 0 0 0 0 0 0 0 0 0 0 0 0 0 0 0 0 0 0 0 0 0 0 0 0 0 0 0 0 0 0 0 0 1 0 0 0 0 0 0 0 0 0 0 0 0 0 0 0 0 0 0 0 0 0 0 0 0 0 0 0 0 0 0 0 0 0 0 0 0 0 0 0 0 0 0 0 0 0 0 0 0 0 0 0 0 0 0 0 0 0 0 0 0 0 0 0]
[868772616374935194963213163854141694736745299206066927389082750584315237831848504053260981178958590429582561831787242206362517799428422116227698644204408931505769942563237504200263876476716365094206823787044353565943439955821736768028513532545057743147984007581585899696697882041959760117470435552933 0 0 0 0 0 0 0 0 0 0 0 0 0 0 0 0 0 0 0 0 0 0 0 0 0 0 0 0 0 0 0 0 0 0 0 0 1 0 0 0 0 0 0 0 0 0 0 0 0 0 0 0 0 0 0 0 0 0 0 0 0 0 0 0 0 0 0 0 0 0 0 0 0 0 0 0 0 0 0 0 0 0 0 0 0 0 0 0 0 0 0 0 0 0 0 0 0 0 0]
[3104554704191602768494129605396983335566667842954248925415626863412942543822272059834171056635364871246509584953723882074623792826274292072956981401189189043172570300831918238797110355369678130398171116941474371507449467254511134241534761343510206092900797956363920923097201724883069179193517976462133 0 0 0 0 0 0 0 0 0 0 0 0 0 0 0 0 0 0 0 0 0 0 0 0 0 0 0 0 0 0 0 0 0 0 0 0 0 1 0 0 0 0 0 0 0 0 0 0 0 0 0 0 0 0 0 0 0 0 0 0 0 0 0 0 0 0 0 0 0 0 0 0 0 0 0 0 0 0 0 0 0 0 0 0 0 0 0 0 0 0 0 0 0 0 0 0 0 0 0]
[1147769608812116805083204204593870055292554960220921810198703501238088997685432057722124165177765310996318658935952630197302274645394473822493785185518435022057893838723301484717480587226019622228410513055623475027706610700071360647919593797778047139401567741498845755140818307848887746667710629147970 0 0 0 0 0 0 0 0 0 0 0 0 0 0 0 0 0 0 0 0 0 0 0 0 0 0 0 0 0 0 0 0 0 0 0 0 0 0 1 0 0 0 0 0 0 0 0 0 0 0 0 0 0 0 0 0 0 0 0 0 0 0 0 0 0 0 0 0 0 0 0 0 0 0 0 0 0 0 0 0 0 0 0 0 0 0 0 0 0 0 0 0 0 0 0 0 0 0 0]
[5821028442072474117651570088955740995900340402650684636752808572671804903238849730681327599771375276976326581365333742478131313906811231837610880280975484814359916082209566416626344460853989339804676969221748153005513471326073906918221649698992712569184165971129068864178633078960498329290522498456048 0 0 0 0 0 0 0 0 0 0 0 0 0 0 0 0 0 0 0 0 0 0 0 0 0 0 0 0 0 0 0 0 0 0 0 0 0 0 0 1 0 0 0 0 0 0 0 0 0 0 0 0 0 0 0 0 0 0 0 0 0 0 0 0 0 0 0 0 0 0 0 0 0 0 0 0 0 0 0 0 0 0 0 0 0 0 0 0 0 0 0 0 0 0 0 0 0 0 0]
[3732243556971173120041922374398776465893330062990995628359804820398587802768674438781199669093245836407152013536515314852647728739920425201568047026311996023126425493088266414596060776301157717229917661026141936258364108923126660509625440816740353065813863266787200469271580615942124682243965788420218 0 0 0 0 0 0 0 0 0 0 0 0 0 0 0 0 0 0 0 0 0 0 0 0 0 0 0 0 0 0 0 0 0 0 0 0 0 0 0 0 1 0 0 0 0 0 0 0 0 0 0 0 0 0 0 0 0 0 0 0 0 0 0 0 0 0 0 0 0 0 0 0 0 0 0 0 0 0 0 0 0 0 0 0 0 0 0 0 0 0 0 0 0 0 0 0 0 0 0]
[4479142418444405519747896737752520385223990590835790271315710007808002631046584171656350774782690027698909364379821363314259050298764767424654626872475772288553261343251020082350999872973181696229141825852208319259654179315013492142928231949782567951134282494303994872157562052298010655789978829948955 0 0 0 0 0 0 0 0 0 0 0 0 0 0 0 0 0 0 0 0 0 0 0 0 0 0 0 0 0 0 0 0 0 0 0 0 0 0 0 0 0 1 0 0 0 0 0 0 0 0 0 0 0 0 0 0 0 0 0 0 0 0 0 0 0 0 0 0 0 0 0 0 0 0 0 0 0 0 0 0 0 0 0 0 0 0 0 0 0 0 0 0 0 0 0 0 0 0 0]
[6636147355657765270959012568620045198053718911458946369794072237369541802968699666151992719748932025201620682080467389050984616736986782378225791224709598586086243366391219820274124925589415668361989394899432609875021152912204167561640412819215978754681759286832783952610867551588680164421525413798364 0 0 0 0 0 0 0 0 0 0 0 0 0 0 0 0 0 0 0 0 0 0 0 0 0 0 0 0 0 0 0 0 0 0 0 0 0 0 0 0 0 0 1 0 0 0 0 0 0 0 0 0 0 0 0 0 0 0 0 0 0 0 0 0 0 0 0 0 0 0 0 0 0 0 0 0 0 0 0 0 0 0 0 0 0 0 0 0 0 0 0 0 0 0 0 0 0 0 0]
[5058265948806186928848185835389154833447257555595804334825896782221927627179662362419387774823823498138776620917999674476345637506607405901692186568460823613201701874652253007921451652798614173929258159268230065076001759239786817287018388390758459116467440776211079821999594619763287296844273370462278 0 0 0 0 0 0 0 0 0 0 0 0 0 0 0 0 0 0 0 0 0 0 0 0 0 0 0 0 0 0 0 0 0 0 0 0 0 0 0 0 0 0 0 1 0 0 0 0 0 0 0 0 0 0 0 0 0 0 0 0 0 0 0 0 0 0 0 0 0 0 0 0 0 0 0 0 0 0 0 0 0 0 0 0 0 0 0 0 0 0 0 0 0 0 0 0 0 0 0]
[471755756643990230970008470543924288936100651513190521116171339751284468862344625313037162031922217478746741356518031243332722028222269189262933118497879767604872856965174528961240447812276618818249121644700064919915891755057628816576577784525380922052308519810730581267075108086824873705664879034813 0 0 0 0 0 0 0 0 0 0 0 0 0 0 0 0 0 0 0 0 0 0 0 0 0 0 0 0 0 0 0 0 0 0 0 0 0 0 0 0 0 0 0 0 1 0 0 0 0 0 0 0 0 0 0 0 0 0 0 0 0 0 0 0 0 0 0 0 0 0 0 0 0 0 0 0 0 0 0 0 0 0 0 0 0 0 0 0 0 0 0 0 0 0 0 0 0 0 0]
[2407642239871026880734876041867074032817458440021332716445553993730476058979283889570442127090626657310291856506577974029476507027656912477079951907352312515598544109542208023817208599999109648977721143985239752218760069222483985043858981932387280670333800436220201049703606695627230868560281227743674 0 0 0 0 0 0 0 0 0 0 0 0 0 0 0 0 0 0 0 0 0 0 0 0 0 0 0 0 0 0 0 0 0 0 0 0 0 0 0 0 0 0 0 0 0 1 0 0 0 0 0 0 0 0 0 0 0 0 0 0 0 0 0 0 0 0 0 0 0 0 0 0 0 0 0 0 0 0 0 0 0 0 0 0 0 0 0 0 0 0 0 0 0 0 0 0 0 0 0]
[4702814945949649048520052040844596394402773717660631028372703343822458101540746255844611656736927979240513344168232420082606109416598661588042287505967696929684181770391300056368257830709455465772352677786521335509350015941031930458844374904079198213982284904264056832252363400769820484965231557427837 0 0 0 0 0 0 0 0 0 0 0 0 0 0 0 0 0 0 0 0 0 0 0 0 0 0 0 0 0 0 0 0 0 0 0 0 0 0 0 0 0 0 0 0 0 0 1 0 0 0 0 0 0 0 0 0 0 0 0 0 0 0 0 0 0 0 0 0 0 0 0 0 0 0 0 0 0 0 0 0 0 0 0 0 0 0 0 0 0 0 0 0 0 0 0 0 0 0 0]
[727411328794267277786508236194893686428794798269881137776387351697312426848422243008659962905695820323408320351221139835585725983568090765444683936849727874592138665766321214605304192524897247458095622299953596262212310843131773075269545914011404168617517189394373880747919168844444554956890845300547 0 0 0 0 0 0 0 0 0 0 0 0 0 0 0 0 0 0 0 0 0 0 0 0 0 0 0 0 0 0 0 0 0 0 0 0 0 0 0 0 0 0 0 0 0 0 0 1 0 0 0 0 0 0 0 0 0 0 0 0 0 0 0 0 0 0 0 0 0 0 0 0 0 0 0 0 0 0 0 0 0 0 0 0 0 0 0 0 0 0 0 0 0 0 0 0 0 0 0]
[8646415743901266051205442840290278213374889927477753877167249177167428019648729248859001065154264464530236014094264979909417674550191848198079399477573277163921439185936668588590017884465189010864123946126156680468195121297438274105142517187321118226972238056905805508835817579290954580825463945139692 0 0 0 0 0 0 0 0 0 0 0 0 0 0 0 0 0 0 0 0 0 0 0 0 0 0 0 0 0 0 0 0 0 0 0 0 0 0 0 0 0 0 0 0 0 0 0 0 1 0 0 0 0 0 0 0 0 0 0 0 0 0 0 0 0 0 0 0 0 0 0 0 0 0 0 0 0 0 0 0 0 0 0 0 0 0 0 0 0 0 0 0 0 0 0 0 0 0 0]
[4067019009660925011923060294951562794548411644341390268264385662055842744378391934842388413376057203655469125345588419715193878725050018701370922163611030864371709864036635277234560545710489661148759890813900370128457544340810289357739762138266281907572874881847618929944860569451851055068445723546097 0 0 0 0 0 0 0 0 0 0 0 0 0 0 0 0 0 0 0 0 0 0 0 0 0 0 0 0 0 0 0 0 0 0 0 0 0 0 0 0 0 0 0 0 0 0 0 0 0 1 0 0 0 0 0 0 0 0 0 0 0 0 0 0 0 0 0 0 0 0 0 0 0 0 0 0 0 0 0 0 0 0 0 0 0 0 0 0 0 0 0 0 0 0 0 0 0 0 0]
[2075621595228479955698871909888850432019067122901106007334170829772395381448698301719710479101639689174181058030452855744629461815038012890156454368947070629385202262857913512061189479972173166134285552211517073928537882948122489041130326270426599060676330393869425287097822943376732034590359492286837 0 0 0 0 0 0 0 0 0 0 0 0 0 0 0 0 0 0 0 0 0 0 0 0 0 0 0 0 0 0 0 0 0 0 0 0 0 0 0 0 0 0 0 0 0 0 0 0 0 0 1 0 0 0 0 0 0 0 0 0 0 0 0 0 0 0 0 0 0 0 0 0 0 0 0 0 0 0 0 0 0 0 0 0 0 0 0 0 0 0 0 0 0 0 0 0 0 0 0]
[6299843061822020779483509241102287714121049370471647375063495529339962156583987572269066877384951488678055573918858038951475186004585611834640453642532844545049129252109800890584379216578761638746484646139418589028917556580344227044407913555597561459912467530706262446699092785224226976327747344790154 0 0 0 0 0 0 0 0 0 0 0 0 0 0 0 0 0 0 0 0 0 0 0 0 0 0 0 0 0 0 0 0 0 0 0 0 0 0 0 0 0 0 0 0 0 0 0 0 0 0 0 1 0 0 0 0 0 0 0 0 0 0 0 0 0 0 0 0 0 0 0 0 0 0 0 0 0 0 0 0 0 0 0 0 0 0 0 0 0 0 0 0 0 0 0 0 0 0 0]
[3543879245789581093446548939987388186395306473555390788265456565438805922829857487969710889457448618160215337238322580716756803118646547927730421302399222496206445182636160833584125296561060023650619692039147881268636384922545640456709940009857513793274594713278581480714642693495377903645695689484991 0 0 0 0 0 0 0 0 0 0 0 0 0 0 0 0 0 0 0 0 0 0 0 0 0 0 0 0 0 0 0 0 0 0 0 0 0 0 0 0 0 0 0 0 0 0 0 0 0 0 0 0 1 0 0 0 0 0 0 0 0 0 0 0 0 0 0 0 0 0 0 0 0 0 0 0 0 0 0 0 0 0 0 0 0 0 0 0 0 0 0 0 0 0 0 0 0 0 0]
[4683002876853518702821573570574032705117779646596932166299829734537735128016852508098542781630630670991096370679015787903989934948629730028481465913378837814651455919884349215245085347576102980967127325644587962285933282804667973137905541580149073606099411389142022784172539527084527348518529984232146 0 0 0 0 0 0 0 0 0 0 0 0 0 0 0 0 0 0 0 0 0 0 0 0 0 0 0 0 0 0 0 0 0 0 0 0 0 0 0 0 0 0 0 0 0 0 0 0 0 0 0 0 0 1 0 0 0 0 0 0 0 0 0 0 0 0 0 0 0 0 0 0 0 0 0 0 0 0 0 0 0 0 0 0 0 0 0 0 0 0 0 0 0 0 0 0 0 0 0]
[5848815833742702508007024449413874033675687272588164101275821573113677256948300918319773519340950172301177544498173455612648858536252081364744534650079601342622045181860713264031394211602648783596781591224694267425505874373086711472933945486302103844208351772266155793441080070907309956519672628703113 0 0 0 0 0 0 0 0 0 0 0 0 0 0 0 0 0 0 0 0 0 0 0 0 0 0 0 0 0 0 0 0 0 0 0 0 0 0 0 0 0 0 0 0 0 0 0 0 0 0 0 0 0 0 1 0 0 0 0 0 0 0 0 0 0 0 0 0 0 0 0 0 0 0 0 0 0 0 0 0 0 0 0 0 0 0 0 0 0 0 0 0 0 0 0 0 0 0 0]
[4334456805425081548530502909065369227177657916210660086407732676795740459410613606148182481347464878255124008207514950349284345725681465159677072760779504872481804665225207056002688510699003704847777190622605537139416697023806939157135904134237246672314723462446785335821527370940663274328807141094381 0 0 0 0 0 0 0 0 0 0 0 0 0 0 0 0 0 0 0 0 0 0 0 0 0 0 0 0 0 0 0 0 0 0 0 0 0 0 0 0 0 0 0 0 0 0 0 0 0 0 0 0 0 0 0 1 0 0 0 0 0 0 0 0 0 0 0 0 0 0 0 0 0 0 0 0 0 0 0 0 0 0 0 0 0 0 0 0 0 0 0 0 0 0 0 0 0 0 0]
[1371168653273959763272422884479080490149186460576725706038585175638998480622393411361202244089815325812626496177904471741881672621304022783366343357255251411201078768661226333196337947143957813654286913461275010695790057931942711205798510701491914568527944231869246499672659812142045804317346337277849 0 0 0 0 0 0 0 0 0 0 0 0 0 0 0 0 0 0 0 0 0 0 0 0 0 0 0 0 0 0 0 0 0 0 0 0 0 0 0 0 0 0 0 0 0 0 0 0 0 0 0 0 0 0 0 0 1 0 0 0 0 0 0 0 0 0 0 0 0 0 0 0 0 0 0 0 0 0 0 0 0 0 0 0 0 0 0 0 0 0 0 0 0 0 0 0 0 0 0]
[5090175224914296981164642260174562563784297302192151868333303770336039305355007643053651848050403076332425750674328478392553804365576799307852232138649275746902350575433817126114916269790459481414469533932332792957995895743353668226742649437134005630380171472085134134890573954677527133864011931482136 0 0 0 0 0 0 0 0 0 0 0 0 0 0 0 0 0 0 0 0 0 0 0 0 0 0 0 0 0 0 0 0 0 0 0 0 0 0 0 0 0 0 0 0 0 0 0 0 0 0 0 0 0 0 0 0 0 1 0 0 0 0 0 0 0 0 0 0 0 0 0 0 0 0 0 0 0 0 0 0 0 0 0 0 0 0 0 0 0 0 0 0 0 0 0 0 0 0 0]
[114315835622600400982078120629813500903277123712016142375212123706111044720516159840824698146410584366501451832045581033411617819757189279713092366787810127071542116941820841612812737663753555380330891126593148712100964142564170322486977793684011163932299715614695314475761474021924066351595266290025 0 0 0 0 0 0 0 0 0 0 0 0 0 0 0 0 0 0 0 0 0 0 0 0 0 0 0 0 0 0 0 0 0 0 0 0 0 0 0 0 0 0 0 0 0 0 0 0 0 0 0 0 0 0 0 0 0 0 1 0 0 0 0 0 0 0 0 0 0 0 0 0 0 0 0 0 0 0 0 0 0 0 0 0 0 0 0 0 0 0 0 0 0 0 0 0 0 0 0]
[6893313439483767952622217566778014353961571462683091772582092327780470200163168321826656427249443525708505743882932616371295810154718313812954212539774824107267555807939945505417869546894972098007300647511391386990150531181332162188115901837623385227960946914106411817104585500925642461832779537354299 0 0 0 0 0 0 0 0 0 0 0 0 0 0 0 0 0 0 0 0 0 0 0 0 0 0 0 0 0 0 0 0 0 0 0 0 0 0 0 0 0 0 0 0 0 0 0 0 0 0 0 0 0 0 0 0 0 0 0 1 0 0 0 0 0 0 0 0 0 0 0 0 0 0 0 0 0 0 0 0 0 0 0 0 0 0 0 0 0 0 0 0 0 0 0 0 0 0 0]
[5543820347805946301770072969760112215692956833277382427847315138142324798778324115403751585519758880819856179625229636503497107812678379020918381071955477158042712064679997572357739473535924616765731186667002450030276702253674164013734524360922068967690240779797630714334722999377313869239545254241727 0 0 0 0 0 0 0 0 0 0 0 0 0 0 0 0 0 0 0 0 0 0 0 0 0 0 0 0 0 0 0 0 0 0 0 0 0 0 0 0 0 0 0 0 0 0 0 0 0 0 0 0 0 0 0 0 0 0 0 0 1 0 0 0 0 0 0 0 0 0 0 0 0 0 0 0 0 0 0 0 0 0 0 0 0 0 0 0 0 0 0 0 0 0 0 0 0 0 0]
[7997526103397938475732495625285566491207086454108142156955742100900845737253135599358694295346559287001588320601689184859889312667980183995299831304675456285827216838485914254558395649101846272290986767722403637782692281474119460927753844617418124272241069711051606765676672422437589911559088537220117 0 0 0 0 0 0 0 0 0 0 0 0 0 0 0 0 0 0 0 0 0 0 0 0 0 0 0 0 0 0 0 0 0 0 0 0 0 0 0 0 0 0 0 0 0 0 0 0 0 0 0 0 0 0 0 0 0 0 0 0 0 1 0 0 0 0 0 0 0 0 0 0 0 0 0 0 0 0 0 0 0 0 0 0 0 0 0 0 0 0 0 0 0 0 0 0 0 0 0]
[1391429102179831233462630668188729980576377429858485252644261995764346177837618935293202691964759218358974291659349076105799797690026949511439422267045632081783590062846850704955228494531725604115627462292738946954247944182148919367509724581640724702527603755691022121946744448375225523117599871493014 0 0 0 0 0 0 0 0 0 0 0 0 0 0 0 0 0 0 0 0 0 0 0 0 0 0 0 0 0 0 0 0 0 0 0 0 0 0 0 0 0 0 0 0 0 0 0 0 0 0 0 0 0 0 0 0 0 0 0 0 0 0 1 0 0 0 0 0 0 0 0 0 0 0 0 0 0 0 0 0 0 0 0 0 0 0 0 0 0 0 0 0 0 0 0 0 0 0 0]
[7790596193166230167849963067947546945305963519859809167039497702480036338503768744801955016348636723273963615454411410663201493764418659771156699514067270314164906906991123896628362103802682563901109034421420977489732420919786259414187767845068359061514192333335029460316677204846629139358898286802177 0 0 0 0 0 0 0 0 0 0 0 0 0 0 0 0 0 0 0 0 0 0 0 0 0 0 0 0 0 0 0 0 0 0 0 0 0 0 0 0 0 0 0 0 0 0 0 0 0 0 0 0 0 0 0 0 0 0 0 0 0 0 0 1 0 0 0 0 0 0 0 0 0 0 0 0 0 0 0 0 0 0 0 0 0 0 0 0 0 0 0 0 0 0 0 0 0 0 0]
[99762350662159889375787194286029984374612129738855065555604043823921481983902314296595646669007292162425064393939473095935393752615903204541509895486323013118096720517710628648610527691836532389995755811071873614845999892344187280269776149419202972544957467123357084753681303213364259004666660144102 0 0 0 0 0 0 0 0 0 0 0 0 0 0 0 0 0 0 0 0 0 0 0 0 0 0 0 0 0 0 0 0 0 0 0 0 0 0 0 0 0 0 0 0 0 0 0 0 0 0 0 0 0 0 0 0 0 0 0 0 0 0 0 0 1 0 0 0 0 0 0 0 0 0 0 0 0 0 0 0 0 0 0 0 0 0 0 0 0 0 0 0 0 0 0 0 0 0 0]
[1109451323917021139412928530222590196851732373980769734248459189763279185450168499299365665643477578530560589598508713609368817102266023333124818981787020808190183517370654403143573200013114899324598492255724223685560133652457279365323273294460882404013530433505024929167271827040130657381933437245601 0 0 0 0 0 0 0 0 0 0 0 0 0 0 0 0 0 0 0 0 0 0 0 0 0 0 0 0 0 0 0 0 0 0 0 0 0 0 0 0 0 0 0 0 0 0 0 0 0 0 0 0 0 0 0 0 0 0 0 0 0 0 0 0 0 1 0 0 0 0 0 0 0 0 0 0 0 0 0 0 0 0 0 0 0 0 0 0 0 0 0 0 0 0 0 0 0 0 0]
[5192721383379928632002505845770514277978884509539413602889145608572073182528659891878098203383690670026529538313320022800172522087534121475807285635337287402059124338833567946244932157871609900180529212720047744227409699924110976006972565588884894805791987116852029644709110490086025643706040071715583 0 0 0 0 0 0 0 0 0 0 0 0 0 0 0 0 0 0 0 0 0 0 0 0 0 0 0 0 0 0 0 0 0 0 0 0 0 0 0 0 0 0 0 0 0 0 0 0 0 0 0 0 0 0 0 0 0 0 0 0 0 0 0 0 0 0 1 0 0 0 0 0 0 0 0 0 0 0 0 0 0 0 0 0 0 0 0 0 0 0 0 0 0 0 0 0 0 0 0]
[1870533969192782788458902935291532021912950035551780093174755592674649201653775804503677530648091467821574630623498416634169796790870037899196420369475535519036429877123337882643044146306752336285337678708355346526893188190475837364636659565534111758787310512529217264103171043816502533224952832822822 0 0 0 0 0 0 0 0 0 0 0 0 0 0 0 0 0 0 0 0 0 0 0 0 0 0 0 0 0 0 0 0 0 0 0 0 0 0 0 0 0 0 0 0 0 0 0 0 0 0 0 0 0 0 0 0 0 0 0 0 0 0 0 0 0 0 0 1 0 0 0 0 0 0 0 0 0 0 0 0 0 0 0 0 0 0 0 0 0 0 0 0 0 0 0 0 0 0 0]
[2322313596371014164663681405858413708324665277094157164819992987728710485039746562196381145672845295474257033375940535593136211861217678811376469238955806745398234675111231590697221173209736588283888728020132732872360542777216099914335091343383213428948450003853144336347559454091123516456541039797153 0 0 0 0 0 0 0 0 0 0 0 0 0 0 0 0 0 0 0 0 0 0 0 0 0 0 0 0 0 0 0 0 0 0 0 0 0 0 0 0 0 0 0 0 0 0 0 0 0 0 0 0 0 0 0 0 0 0 0 0 0 0 0 0 0 0 0 0 1 0 0 0 0 0 0 0 0 0 0 0 0 0 0 0 0 0 0 0 0 0 0 0 0 0 0 0 0 0 0]
[4232920141033341127899543553255121233315717460947493239778946464061423696037008994202848575646083855557427793086742218634768538816300405639598262743137531317592005499589129283637686960552297049177628801330175802025580605230303593678732659579196942185374839481090162697813985716143602392712301178054490 0 0 0 0 0 0 0 0 0 0 0 0 0 0 0 0 0 0 0 0 0 0 0 0 0 0 0 0 0 0 0 0 0 0 0 0 0 0 0 0 0 0 0 0 0 0 0 0 0 0 0 0 0 0 0 0 0 0 0 0 0 0 0 0 0 0 0 0 0 1 0 0 0 0 0 0 0 0 0 0 0 0 0 0 0 0 0 0 0 0 0 0 0 0 0 0 0 0 0]
[7020400158573068231178101932387859080527708758599575862406637670819660506673950477841290315721775430038899604170600209715974043990379970534779972441760699697991115916054501635144486680620525817513671803827544405087663839446597462241581404866247813902305751602765879554603990329706928211437634526561722 0 0 0 0 0 0 0 0 0 0 0 0 0 0 0 0 0 0 0 0 0 0 0 0 0 0 0 0 0 0 0 0 0 0 0 0 0 0 0 0 0 0 0 0 0 0 0 0 0 0 0 0 0 0 0 0 0 0 0 0 0 0 0 0 0 0 0 0 0 0 1 0 0 0 0 0 0 0 0 0 0 0 0 0 0 0 0 0 0 0 0 0 0 0 0 0 0 0 0]
[1287376864143448751703360653712994390280257479098593753697231695501373614408023872320276538534788178403385859091511106725821534492232698591713442777728205230995439781946780081141017118871902193219301207823312292985700016206224078038318950749193087212134170648957510497080193266086717460776222040054885 0 0 0 0 0 0 0 0 0 0 0 0 0 0 0 0 0 0 0 0 0 0 0 0 0 0 0 0 0 0 0 0 0 0 0 0 0 0 0 0 0 0 0 0 0 0 0 0 0 0 0 0 0 0 0 0 0 0 0 0 0 0 0 0 0 0 0 0 0 0 0 1 0 0 0 0 0 0 0 0 0 0 0 0 0 0 0 0 0 0 0 0 0 0 0 0 0 0 0]
[2336472103366011561442568698646009408751884754876306589825905426898859276138852009920715472284946079283417246738534454844223105013217162825697815074078693556692637036608813828129037764021397638183127470728789017878705969456048569933950476248757001531338748947658496876699413108929056909020570613616415 0 0 0 0 0 0 0 0 0 0 0 0 0 0 0 0 0 0 0 0 0 0 0 0 0 0 0 0 0 0 0 0 0 0 0 0 0 0 0 0 0 0 0 0 0 0 0 0 0 0 0 0 0 0 0 0 0 0 0 0 0 0 0 0 0 0 0 0 0 0 0 0 1 0 0 0 0 0 0 0 0 0 0 0 0 0 0 0 0 0 0 0 0 0 0 0 0 0 0]
[742973314559057372857172688433690876412387977200103363252823237949479341777044451826173299307659194562033518444395380033012408461126891880627734154931204531319148585186421905924262813057539552035121233663799688462979341756538311577622272450332107635569594932009732319156494342009111045269061356952968 0 0 0 0 0 0 0 0 0 0 0 0 0 0 0 0 0 0 0 0 0 0 0 0 0 0 0 0 0 0 0 0 0 0 0 0 0 0 0 0 0 0 0 0 0 0 0 0 0 0 0 0 0 0 0 0 0 0 0 0 0 0 0 0 0 0 0 0 0 0 0 0 0 1 0 0 0 0 0 0 0 0 0 0 0 0 0 0 0 0 0 0 0 0 0 0 0 0 0]
[5088869195197168742257710627497669154679792773331366707091413719766647977451905679176407750067224125815856252100854506164183587518344691102408775507094163163437948419607237530322874213826658587700030520635984804824773548298239858115271588296406468529058372819996138021658021810898596370787236378620308 0 0 0 0 0 0 0 0 0 0 0 0 0 0 0 0 0 0 0 0 0 0 0 0 0 0 0 0 0 0 0 0 0 0 0 0 0 0 0 0 0 0 0 0 0 0 0 0 0 0 0 0 0 0 0 0 0 0 0 0 0 0 0 0 0 0 0 0 0 0 0 0 0 0 1 0 0 0 0 0 0 0 0 0 0 0 0 0 0 0 0 0 0 0 0 0 0 0 0]
[2934669335273830939352905875979442505576901662873819874598286869287083014557316353848678051802333148629447383536836697647202067129478054139709091883496530703878033517014242944297488286079562221445650750225705194413443926655614872357918201371761968120573414169423951185584080220063599609408227773492809 0 0 0 0 0 0 0 0 0 0 0 0 0 0 0 0 0 0 0 0 0 0 0 0 0 0 0 0 0 0 0 0 0 0 0 0 0 0 0 0 0 0 0 0 0 0 0 0 0 0 0 0 0 0 0 0 0 0 0 0 0 0 0 0 0 0 0 0 0 0 0 0 0 0 0 1 0 0 0 0 0 0 0 0 0 0 0 0 0 0 0 0 0 0 0 0 0 0 0]
[5479885644411062416678038815925725222593403763199710787802539730480442897780443330850390715518317677067062385520296753681892760742051149011943071169888403532404902077553922127160614061792524347895173295742451655242661440443559067757502414419189173317005038423720045179861219764807842439038437357027724 0 0 0 0 0 0 0 0 0 0 0 0 0 0 0 0 0 0 0 0 0 0 0 0 0 0 0 0 0 0 0 0 0 0 0 0 0 0 0 0 0 0 0 0 0 0 0 0 0 0 0 0 0 0 0 0 0 0 0 0 0 0 0 0 0 0 0 0 0 0 0 0 0 0 0 0 1 0 0 0 0 0 0 0 0 0 0 0 0 0 0 0 0 0 0 0 0 0 0]
[5001150580951404403995207434726309837748370825672613826372789085735950384071379800109133712849439592380881615775641475012135678826733384235851299696654594044129100306591989165211549124410247947254083292387935666154150248745701398246261574010324226498082494361679838619471717100442635847990973116754930 0 0 0 0 0 0 0 0 0 0 0 0 0 0 0 0 0 0 0 0 0 0 0 0 0 0 0 0 0 0 0 0 0 0 0 0 0 0 0 0 0 0 0 0 0 0 0 0 0 0 0 0 0 0 0 0 0 0 0 0 0 0 0 0 0 0 0 0 0 0 0 0 0 0 0 0 0 1 0 0 0 0 0 0 0 0 0 0 0 0 0 0 0 0 0 0 0 0 0]
[2620711654670894941601335254342775574430971034485966223442339400089912422659180196238306164431388278538187238666447468878508707905513922558507211570736164646237349474706467357737240760147878629318068341126254239919087260878508371005508488549894339944929017372067604298214375799152376726359238151868452 0 0 0 0 0 0 0 0 0 0 0 0 0 0 0 0 0 0 0 0 0 0 0 0 0 0 0 0 0 0 0 0 0 0 0 0 0 0 0 0 0 0 0 0 0 0 0 0 0 0 0 0 0 0 0 0 0 0 0 0 0 0 0 0 0 0 0 0 0 0 0 0 0 0 0 0 0 0 1 0 0 0 0 0 0 0 0 0 0 0 0 0 0 0 0 0 0 0 0]
[3266300652826972632990847149081140509777190652691130709355987575414152865162102222324994975024131195034760528007678550380010728200130708280792050108408142035906671746644155640176658635675450602767544644664029744064862380312534852024164471748629681966463515115409707798976335573761812899148219011936153 0 0 0 0 0 0 0 0 0 0 0 0 0 0 0 0 0 0 0 0 0 0 0 0 0 0 0 0 0 0 0 0 0 0 0 0 0 0 0 0 0 0 0 0 0 0 0 0 0 0 0 0 0 0 0 0 0 0 0 0 0 0 0 0 0 0 0 0 0 0 0 0 0 0 0 0 0 0 0 1 0 0 0 0 0 0 0 0 0 0 0 0 0 0 0 0 0 0 0]
[4403199316629219123529261148519505510334893336228514647369989163958593779111173028213247900576973252888941683981324160352662905319198840261888418357541942039425879487649461458768508217310438951744797699386014265037971482387624638184525807562890365811800633312646548390321790611656897331714496998580962 0 0 0 0 0 0 0 0 0 0 0 0 0 0 0 0 0 0 0 0 0 0 0 0 0 0 0 0 0 0 0 0 0 0 0 0 0 0 0 0 0 0 0 0 0 0 0 0 0 0 0 0 0 0 0 0 0 0 0 0 0 0 0 0 0 0 0 0 0 0 0 0 0 0 0 0 0 0 0 0 1 0 0 0 0 0 0 0 0 0 0 0 0 0 0 0 0 0 0]
[547626849674150858166877472673272467005439355348578024001117395790113290948421200812932157932571186988869281944813136747255341268890479011403887373366458564728426213532324121708530401829200562616868693384272960881586488717238502201221711531357341619474067896770254849792504950441532353509551112156831 0 0 0 0 0 0 0 0 0 0 0 0 0 0 0 0 0 0 0 0 0 0 0 0 0 0 0 0 0 0 0 0 0 0 0 0 0 0 0 0 0 0 0 0 0 0 0 0 0 0 0 0 0 0 0 0 0 0 0 0 0 0 0 0 0 0 0 0 0 0 0 0 0 0 0 0 0 0 0 0 0 1 0 0 0 0 0 0 0 0 0 0 0 0 0 0 0 0 0]
[8563044693346877527138732119122158234776867052428489674449311732082139094460292533423902391816843755298896794271745263305413576534192699068798274919987485659368637436768051167073094403070003100942923701592565833942597755956347162910126873561695103610678898480110698604263641334682429726238548592910103 0 0 0 0 0 0 0 0 0 0 0 0 0 0 0 0 0 0 0 0 0 0 0 0 0 0 0 0 0 0 0 0 0 0 0 0 0 0 0 0 0 0 0 0 0 0 0 0 0 0 0 0 0 0 0 0 0 0 0 0 0 0 0 0 0 0 0 0 0 0 0 0 0 0 0 0 0 0 0 0 0 0 1 0 0 0 0 0 0 0 0 0 0 0 0 0 0 0 0]
[1541839352431999854915276907680759931762892710954540146825407058828083774536377956383467069998009986912646177859143624936540792513541153436189559701822540251361469119061426017507003701773476327891531852927185374693481061984378344543947228448902898236959805569001407911377038095570725291196082724064692 0 0 0 0 0 0 0 0 0 0 0 0 0 0 0 0 0 0 0 0 0 0 0 0 0 0 0 0 0 0 0 0 0 0 0 0 0 0 0 0 0 0 0 0 0 0 0 0 0 0 0 0 0 0 0 0 0 0 0 0 0 0 0 0 0 0 0 0 0 0 0 0 0 0 0 0 0 0 0 0 0 0 0 1 0 0 0 0 0 0 0 0 0 0 0 0 0 0 0]
[6638994957150135054874380189447774966549853490088136053034019303254289981174753594112624686447551309157009140008906348871400435603313783180283406513915754225033441668938816356363837634851178390137640654029798081104434445312887179126824653629273086549030744636723940957406387969414493222313681950099855 0 0 0 0 0 0 0 0 0 0 0 0 0 0 0 0 0 0 0 0 0 0 0 0 0 0 0 0 0 0 0 0 0 0 0 0 0 0 0 0 0 0 0 0 0 0 0 0 0 0 0 0 0 0 0 0 0 0 0 0 0 0 0 0 0 0 0 0 0 0 0 0 0 0 0 0 0 0 0 0 0 0 0 0 1 0 0 0 0 0 0 0 0 0 0 0 0 0 0]
[8072381647947844428444314872223661554280616813927239932264313859202172766604843338577186416930389140058564890532789958783197195188687265733249173773475351049208826416169135404281983724152634559664753976246108962992223920417836587007891136132148507129615995194679608132040791611475406278877545919638117 0 0 0 0 0 0 0 0 0 0 0 0 0 0 0 0 0 0 0 0 0 0 0 0 0 0 0 0 0 0 0 0 0 0 0 0 0 0 0 0 0 0 0 0 0 0 0 0 0 0 0 0 0 0 0 0 0 0 0 0 0 0 0 0 0 0 0 0 0 0 0 0 0 0 0 0 0 0 0 0 0 0 0 0 0 1 0 0 0 0 0 0 0 0 0 0 0 0 0]
[1767335710389763589972971319340057215744860857681681063022262264113985189808665481256323824197244385625695347093652025218560197779989509952673817410592604787553755300903735607102475313256644572991881288778606772261025887593731283732247444271519977842089399709385289128604478756744303904254051864706219 0 0 0 0 0 0 0 0 0 0 0 0 0 0 0 0 0 0 0 0 0 0 0 0 0 0 0 0 0 0 0 0 0 0 0 0 0 0 0 0 0 0 0 0 0 0 0 0 0 0 0 0 0 0 0 0 0 0 0 0 0 0 0 0 0 0 0 0 0 0 0 0 0 0 0 0 0 0 0 0 0 0 0 0 0 0 1 0 0 0 0 0 0 0 0 0 0 0 0]
[4232382836318701318067124066228567653876699161349852565592799533830240023633757966222874979337233375475423089776349784487910886934562855081072164706183074727722609450219140066036010286924334783841792104887098350995329382717932252206730153514051983125753005049800221658164265071753894206260650184537419 0 0 0 0 0 0 0 0 0 0 0 0 0 0 0 0 0 0 0 0 0 0 0 0 0 0 0 0 0 0 0 0 0 0 0 0 0 0 0 0 0 0 0 0 0 0 0 0 0 0 0 0 0 0 0 0 0 0 0 0 0 0 0 0 0 0 0 0 0 0 0 0 0 0 0 0 0 0 0 0 0 0 0 0 0 0 0 1 0 0 0 0 0 0 0 0 0 0 0]
[7748635331888875281440177418996528397615254749135151928569354321733733704584851442883708383045351263010008796493511872472470347375839792462958487321709667604773569527761477561997123218465219896579954925529326144932073534945013989669264629720696849790517628021514281036419785151761358050785457853746699 0 0 0 0 0 0 0 0 0 0 0 0 0 0 0 0 0 0 0 0 0 0 0 0 0 0 0 0 0 0 0 0 0 0 0 0 0 0 0 0 0 0 0 0 0 0 0 0 0 0 0 0 0 0 0 0 0 0 0 0 0 0 0 0 0 0 0 0 0 0 0 0 0 0 0 0 0 0 0 0 0 0 0 0 0 0 0 0 1 0 0 0 0 0 0 0 0 0 0]
[4852457445271629255609335931281431920972280517153484449681729381310182693866654238771929923851568295314341982202847941199597626330440139129045301823823394651045404703871438562878061803670094458916035020039001526328937359731839529565477566098913688449620225694866403221950454354365563629308757274422514 0 0 0 0 0 0 0 0 0 0 0 0 0 0 0 0 0 0 0 0 0 0 0 0 0 0 0 0 0 0 0 0 0 0 0 0 0 0 0 0 0 0 0 0 0 0 0 0 0 0 0 0 0 0 0 0 0 0 0 0 0 0 0 0 0 0 0 0 0 0 0 0 0 0 0 0 0 0 0 0 0 0 0 0 0 0 0 0 0 1 0 0 0 0 0 0 0 0 0]
[8545801010370118629401818898927280475597737832101304202757556565497295658623005315478753426023158416639076160502938832479590407568709649762420872784006685505218204638496199248618230872956569825463680769556070544768945088858565013916410929160566334967229023748604409238337294036506755872874874278348400 0 0 0 0 0 0 0 0 0 0 0 0 0 0 0 0 0 0 0 0 0 0 0 0 0 0 0 0 0 0 0 0 0 0 0 0 0 0 0 0 0 0 0 0 0 0 0 0 0 0 0 0 0 0 0 0 0 0 0 0 0 0 0 0 0 0 0 0 0 0 0 0 0 0 0 0 0 0 0 0 0 0 0 0 0 0 0 0 0 0 1 0 0 0 0 0 0 0 0]
[323498428487239985058147532002020621450414563461562655393050015341137124239174745998534379835407088495282907817156701185165116142727097489191432665046677256007859794944103365358378546700060695098201281948908441603292868729804236293471086928551363672830651172200939115802004623388041741468080654922186 0 0 0 0 0 0 0 0 0 0 0 0 0 0 0 0 0 0 0 0 0 0 0 0 0 0 0 0 0 0 0 0 0 0 0 0 0 0 0 0 0 0 0 0 0 0 0 0 0 0 0 0 0 0 0 0 0 0 0 0 0 0 0 0 0 0 0 0 0 0 0 0 0 0 0 0 0 0 0 0 0 0 0 0 0 0 0 0 0 0 0 1 0 0 0 0 0 0 0]
[687223879544874107534348287461848314455368433734783310384418798823066470072220776397882258567287768556124638548253211563647363918033730974487207505274155879282455891610839932154228624842091678857852236086779624073189144841381165295397352456477864767667399057509912181205358942615154309399490664801228 0 0 0 0 0 0 0 0 0 0 0 0 0 0 0 0 0 0 0 0 0 0 0 0 0 0 0 0 0 0 0 0 0 0 0 0 0 0 0 0 0 0 0 0 0 0 0 0 0 0 0 0 0 0 0 0 0 0 0 0 0 0 0 0 0 0 0 0 0 0 0 0 0 0 0 0 0 0 0 0 0 0 0 0 0 0 0 0 0 0 0 0 1 0 0 0 0 0 0]
[3678192110074711243875071833546567462356433246170985911471138573739749227337584729928710214648493746766864689428067574621967079281623554112301793817111459257261655643667661077327336120830328838002944940346581942031662465804524626496037459238605613113004914666282259664345456925039643762824778247737290 0 0 0 0 0 0 0 0 0 0 0 0 0 0 0 0 0 0 0 0 0 0 0 0 0 0 0 0 0 0 0 0 0 0 0 0 0 0 0 0 0 0 0 0 0 0 0 0 0 0 0 0 0 0 0 0 0 0 0 0 0 0 0 0 0 0 0 0 0 0 0 0 0 0 0 0 0 0 0 0 0 0 0 0 0 0 0 0 0 0 0 0 0 1 0 0 0 0 0]
[4656613507095010120612735688807864768089825073360211543547079338555838171301553926277824633448983089065610148959994766900923952426920721378694141239421985558296676064148129402399950531228948381112717519709767951713703110662011990814906257374376743934001339754424027235803020089928643386341026650566118 0 0 0 0 0 0 0 0 0 0 0 0 0 0 0 0 0 0 0 0 0 0 0 0 0 0 0 0 0 0 0 0 0 0 0 0 0 0 0 0 0 0 0 0 0 0 0 0 0 0 0 0 0 0 0 0 0 0 0 0 0 0 0 0 0 0 0 0 0 0 0 0 0 0 0 0 0 0 0 0 0 0 0 0 0 0 0 0 0 0 0 0 0 0 1 0 0 0 0]
[4170324518653617009194702294681903279715670507018611123028359859013872005790964006043665389885642427004078733752055000578242007982843449516662773652325389548385738921370325314779649204920608238436075128287405813348069650125833925599961483432897043527008229730693437684119918873432387428490521006950910 0 0 0 0 0 0 0 0 0 0 0 0 0 0 0 0 0 0 0 0 0 0 0 0 0 0 0 0 0 0 0 0 0 0 0 0 0 0 0 0 0 0 0 0 0 0 0 0 0 0 0 0 0 0 0 0 0 0 0 0 0 0 0 0 0 0 0 0 0 0 0 0 0 0 0 0 0 0 0 0 0 0 0 0 0 0 0 0 0 0 0 0 0 0 0 1 0 0 0]
[3759946726355447799412504006466239865626038615347688411345853860459210752162985096936868901924404839119047974122301659882888923564671372870516340306805378881437730202332291794708482530066095713990252950952564251918279187473255634786267142588345250466918469411009341310917188431423221053981519822844372 0 0 0 0 0 0 0 0 0 0 0 0 0 0 0 0 0 0 0 0 0 0 0 0 0 0 0 0 0 0 0 0 0 0 0 0 0 0 0 0 0 0 0 0 0 0 0 0 0 0 0 0 0 0 0 0 0 0 0 0 0 0 0 0 0 0 0 0 0 0 0 0 0 0 0 0 0 0 0 0 0 0 0 0 0 0 0 0 0 0 0 0 0 0 0 0 1 0 0]
[323168387544675354184473139446472704433922581373182366884108467024215541737320550098044024465762357614130601401295653491080919184042416106105586280818045293418300366532977769720570279007873054190744437992987923271282929888816472297386686419331238782153309170539171278445782047589428385853641072889465 0 0 0 0 0 0 0 0 0 0 0 0 0 0 0 0 0 0 0 0 0 0 0 0 0 0 0 0 0 0 0 0 0 0 0 0 0 0 0 0 0 0 0 0 0 0 0 0 0 0 0 0 0 0 0 0 0 0 0 0 0 0 0 0 0 0 0 0 0 0 0 0 0 0 0 0 0 0 0 0 0 0 0 0 0 0 0 0 0 0 0 0 0 0 0 0 0 1 0]
[7098553107841218000455569325354740368070731584060083722618786412379007724825251410363486176850313875317122042909117726154347304331869077454376613233599881274755550491642009909755669972148051775936802665472495519787969664669651158996644798277759444556700722372749961175217544313993223168986082136894735 0 0 0 0 0 0 0 0 0 0 0 0 0 0 0 0 0 0 0 0 0 0 0 0 0 0 0 0 0 0 0 0 0 0 0 0 0 0 0 0 0 0 0 0 0 0 0 0 0 0 0 0 0 0 0 0 0 0 0 0 0 0 0 0 0 0 0 0 0 0 0 0 0 0 0 0 0 0 0 0 0 0 0 0 0 0 0 0 0 0 0 0 0 0 0 0 0 0 1]
]
