[[2676212306814627608034011056403958578945408677458113969935144547552384949498000241533190298491582038516516846729888758696627132828105744068521584053845212960797303941400295652978167 0 0 0 0 0 0 0 0 0 0 0 0 0 0 0 0 0 0 0 0 0 0 0 0 0 0 0 0 0 0 0 0 0 0 0 0 0 0 0 0 0 0 0 0 0 0 0 0 0 0 0 0 0 0 0 0 0 0 0]
[33645241544952048691822015934502002350891155656250479862554852818598914113406857616478897580569635083391388224655472229388167518729202718705705161229643879052118911618781964265369 1 0 0 0 0 0 0 0 0 0 0 0 0 0 0 0 0 0 0 0 0 0 0 0 0 0 0 0 0 0 0 0 0 0 0 0 0 0 0 0 0 0 0 0 0 0 0 0 0 0 0 0 0 0 0 0 0 0 0]
[1996729231173586566020999460417519406589469402291647234766580310189269894830979499598398650302292782141456821690966213954086186224758561786688463793286836813370410077572413323067535 0 1 0 0 0 0 0 0 0 0 0 0 0 0 0 0 0 0 0 0 0 0 0 0 0 0 0 0 0 0 0 0 0 0 0 0 0 0 0 0 0 0 0 0 0 0 0 0 0 0 0 0 0 0 0 0 0 0 0]
[2392418887325841955764012758908084176101452815301900249465563211279330019379358430529277515276218290323584468876199369168202544391479487601815532392624540525572292001400193705410801 0 0 1 0 0 0 0 0 0 0 0 0 0 0 0 0 0 0 0 0 0 0 0 0 0 0 0 0 0 0 0 0 0 0 0 0 0 0 0 0 0 0 0 0 0 0 0 0 0 0 0 0 0 0 0 0 0 0 0]
[1916445548424697140194135445713577597688945653500422687295868477569048272224063179519298621235581983665870250063119494767575351507054212125570767214487719854574868666492478553650804 0 0 0 1 0 0 0 0 0 0 0 0 0 0 0 0 0 0 0 0 0 0 0 0 0 0 0 0 0 0 0 0 0 0 0 0 0 0 0 0 0 0 0 0 0 0 0 0 0 0 0 0 0 0 0 0 0 0 0]
[1275068190517245362983222485645429290539178395424257583015662173838225817265627950832578613422805561792661237124879660965189040948725094771316316839184753124111729316120648215500453 0 0 0 0 1 0 0 0 0 0 0 0 0 0 0 0 0 0 0 0 0 0 0 0 0 0 0 0 0 0 0 0 0 0 0 0 0 0 0 0 0 0 0 0 0 0 0 0 0 0 0 0 0 0 0 0 0 0 0]
[228342496271562490155724822624515074666392503232019069857259738920586927386180348527604306863080380036785513415234719536541963599824039220657131090303922142512945509025809909864976 0 0 0 0 0 1 0 0 0 0 0 0 0 0 0 0 0 0 0 0 0 0 0 0 0 0 0 0 0 0 0 0 0 0 0 0 0 0 0 0 0 0 0 0 0 0 0 0 0 0 0 0 0 0 0 0 0 0 0]
[2561514979595013882040873148280396160362344673972482232379269082073737638668591153096072226664590677153583829935576553899902722472678745041940979464772361842624363563324944938505941 0 0 0 0 0 0 1 0 0 0 0 0 0 0 0 0 0 0 0 0 0 0 0 0 0 0 0 0 0 0 0 0 0 0 0 0 0 0 0 0 0 0 0 0 0 0 0 0 0 0 0 0 0 0 0 0 0 0 0]
[3181282924863601959165115719311170636867818045348959438116665610105445710165065305762311641452731004745834087769913006488406866136387691074585870999334417062288255286747226293071 0 0 0 0 0 0 0 1 0 0 0 0 0 0 0 0 0 0 0 0 0 0 0 0 0 0 0 0 0 0 0 0 0 0 0 0 0 0 0 0 0 0 0 0 0 0 0 0 0 0 0 0 0 0 0 0 0 0 0]
[187708929991268195422064674665469750960625840561856342030254619308191391679540493245763509828450668957505089706491909958652710757509290133250857700049747568495281783505984429512003 0 0 0 0 0 0 0 0 1 0 0 0 0 0 0 0 0 0 0 0 0 0 0 0 0 0 0 0 0 0 0 0 0 0 0 0 0 0 0 0 0 0 0 0 0 0 0 0 0 0 0 0 0 0 0 0 0 0 0]
[1752073511648010945391982877438586910526181120812413587713824723025908991176540711382479629420177660631586737604717962466056379902013872456851515918913019999522451409017660399811919 0 0 0 0 0 0 0 0 0 1 0 0 0 0 0 0 0 0 0 0 0 0 0 0 0 0 0 0 0 0 0 0 0 0 0 0 0 0 0 0 0 0 0 0 0 0 0 0 0 0 0 0 0 0 0 0 0 0 0]
[798379961383024145154740707203680579628718535991106022117559632962772916305763451393619398173772179486463843070551288886338529756190302143393677861959100286797311099166797148061388 0 0 0 0 0 0 0 0 0 0 1 0 0 0 0 0 0 0 0 0 0 0 0 0 0 0 0 0 0 0 0 0 0 0 0 0 0 0 0 0 0 0 0 0 0 0 0 0 0 0 0 0 0 0 0 0 0 0 0]
[1470751619849586127990210880370827018113950262613774086068263596179905524872551180256063871939776420836395477008948123108917446798755073075758763982186859578759195078702927753794312 0 0 0 0 0 0 0 0 0 0 0 1 0 0 0 0 0 0 0 0 0 0 0 0 0 0 0 0 0 0 0 0 0 0 0 0 0 0 0 0 0 0 0 0 0 0 0 0 0 0 0 0 0 0 0 0 0 0 0]
[275684027817258069163651744759173155325955187009903857167554935063691005850611024235468000900278111699162321235174517494621303333107877166966366170998348405901862899039414708510706 0 0 0 0 0 0 0 0 0 0 0 0 1 0 0 0 0 0 0 0 0 0 0 0 0 0 0 0 0 0 0 0 0 0 0 0 0 0 0 0 0 0 0 0 0 0 0 0 0 0 0 0 0 0 0 0 0 0 0]
[1080783127989331372321123600909857393506782908087464958296827772344496822830121795735372172761146055624105384085330150237553464694734184654118064708148905304700950651741040001872226 0 0 0 0 0 0 0 0 0 0 0 0 0 1 0 0 0 0 0 0 0 0 0 0 0 0 0 0 0 0 0 0 0 0 0 0 0 0 0 0 0 0 0 0 0 0 0 0 0 0 0 0 0 0 0 0 0 0 0]
[1828080866312566556676387405327501733237606978882211446892165874089935077973304758087233994638085063254999286202762819267116600868733930271305284751275605889597954891292429994428847 0 0 0 0 0 0 0 0 0 0 0 0 0 0 1 0 0 0 0 0 0 0 0 0 0 0 0 0 0 0 0 0 0 0 0 0 0 0 0 0 0 0 0 0 0 0 0 0 0 0 0 0 0 0 0 0 0 0 0]
[1164862241924028043137569834654469249256386589393755615823203401872008234978018812958557990913360946501859999771517388296106892855028603896534619216897411338878564710938695413111585 0 0 0 0 0 0 0 0 0 0 0 0 0 0 0 1 0 0 0 0 0 0 0 0 0 0 0 0 0 0 0 0 0 0 0 0 0 0 0 0 0 0 0 0 0 0 0 0 0 0 0 0 0 0 0 0 0 0 0]
[2274607769508605831257207937845834476348223012177000637589184534372472023113615957272928460574293797544740011391273887412558904754184615609222643882387978425544972512660363046881725 0 0 0 0 0 0 0 0 0 0 0 0 0 0 0 0 1 0 0 0 0 0 0 0 0 0 0 0 0 0 0 0 0 0 0 0 0 0 0 0 0 0 0 0 0 0 0 0 0 0 0 0 0 0 0 0 0 0 0]
[1174460013582009641743333790076952803778300890311443927476390096451825548918318172887985943672147813288249102122862230596077429983719268538639188546110917882068320731851501123697411 0 0 0 0 0 0 0 0 0 0 0 0 0 0 0 0 0 1 0 0 0 0 0 0 0 0 0 0 0 0 0 0 0 0 0 0 0 0 0 0 0 0 0 0 0 0 0 0 0 0 0 0 0 0 0 0 0 0 0]
[1107603070729360151398744347474060160962116803252711323037160870081355088535981870425650207471875982982384143088474649480756633225653741570351789795144539828835877340797654893652581 0 0 0 0 0 0 0 0 0 0 0 0 0 0 0 0 0 0 1 0 0 0 0 0 0 0 0 0 0 0 0 0 0 0 0 0 0 0 0 0 0 0 0 0 0 0 0 0 0 0 0 0 0 0 0 0 0 0 0]
[2198733080364803452141834932715151326603149548119224030252946082773625600326844831006485430704695144316108465473689048977114187127405120998831089200249907393847608335732919406799074 0 0 0 0 0 0 0 0 0 0 0 0 0 0 0 0 0 0 0 1 0 0 0 0 0 0 0 0 0 0 0 0 0 0 0 0 0 0 0 0 0 0 0 0 0 0 0 0 0 0 0 0 0 0 0 0 0 0 0]
[1803570125283692760162348377639151510184109245404538992443062963813259205102629888253222199916939347266383670056972988831672236385101164028211644399902014485228320767075617716649368 0 0 0 0 0 0 0 0 0 0 0 0 0 0 0 0 0 0 0 0 1 0 0 0 0 0 0 0 0 0 0 0 0 0 0 0 0 0 0 0 0 0 0 0 0 0 0 0 0 0 0 0 0 0 0 0 0 0 0]
[690087968100789855857635794338156784091181176988188167847850969541345086259419254456490698011518933003598828794446556085562967477766055197324453078046170109835521098821581141183506 0 0 0 0 0 0 0 0 0 0 0 0 0 0 0 0 0 0 0 0 0 1 0 0 0 0 0 0 0 0 0 0 0 0 0 0 0 0 0 0 0 0 0 0 0 0 0 0 0 0 0 0 0 0 0 0 0 0 0]
[2662802289740012676816876318393773295552653571138220848861394737090325242523800099660088002895086863320399980430236930041697514505930262940664800903713534809548923490293088583662307 0 0 0 0 0 0 0 0 0 0 0 0 0 0 0 0 0 0 0 0 0 0 1 0 0 0 0 0 0 0 0 0 0 0 0 0 0 0 0 0 0 0 0 0 0 0 0 0 0 0 0 0 0 0 0 0 0 0 0]
[1931656967942427926663140458859442659661334402344125954544743270890978981403356279368762181250843748198022182474490633976423398476962123522290444859877592608669833048384498088389089 0 0 0 0 0 0 0 0 0 0 0 0 0 0 0 0 0 0 0 0 0 0 0 1 0 0 0 0 0 0 0 0 0 0 0 0 0 0 0 0 0 0 0 0 0 0 0 0 0 0 0 0 0 0 0 0 0 0 0]
[429962644752998874867311150215486133136113129402701186326811132153911660358568665640979000153748353311083757304022999574647114187256020808863983056890540283741828668791516760652880 0 0 0 0 0 0 0 0 0 0 0 0 0 0 0 0 0 0 0 0 0 0 0 0 1 0 0 0 0 0 0 0 0 0 0 0 0 0 0 0 0 0 0 0 0 0 0 0 0 0 0 0 0 0 0 0 0 0 0]
[1509078934924341475211396908924968854228283853397117078546365650523559581201743818779706945867182119354481909882869666272211078776758431649971470605830184213658844170242598690166134 0 0 0 0 0 0 0 0 0 0 0 0 0 0 0 0 0 0 0 0 0 0 0 0 0 1 0 0 0 0 0 0 0 0 0 0 0 0 0 0 0 0 0 0 0 0 0 0 0 0 0 0 0 0 0 0 0 0 0]
[593038119790647713432073225401939663637088622346120171093350229739370336440978234062991455220956043944954413533789134461318020638556044151286268998186305844923520006429365997283928 0 0 0 0 0 0 0 0 0 0 0 0 0 0 0 0 0 0 0 0 0 0 0 0 0 0 1 0 0 0 0 0 0 0 0 0 0 0 0 0 0 0 0 0 0 0 0 0 0 0 0 0 0 0 0 0 0 0 0]
[400299520646130266798482090691121391432497552764690568934518298568319591441677174740314920027369776517033805055886989681618289761019120373859229536788770145999055446631152046349907 0 0 0 0 0 0 0 0 0 0 0 0 0 0 0 0 0 0 0 0 0 0 0 0 0 0 0 1 0 0 0 0 0 0 0 0 0 0 0 0 0 0 0 0 0 0 0 0 0 0 0 0 0 0 0 0 0 0 0]
[77603279194376594551836467489375946133089741020811000934036538121919489609041897893563644517322399601198575034018313977930159859504621198788805920119608032509994299846271458647546 0 0 0 0 0 0 0 0 0 0 0 0 0 0 0 0 0 0 0 0 0 0 0 0 0 0 0 0 1 0 0 0 0 0 0 0 0 0 0 0 0 0 0 0 0 0 0 0 0 0 0 0 0 0 0 0 0 0 0]
[528657926693902049860005419432442866806634691506562445116935356492065364127538146904410242992037076300563118785756278398625712740544551875581709538767186960221705354638373983747235 0 0 0 0 0 0 0 0 0 0 0 0 0 0 0 0 0 0 0 0 0 0 0 0 0 0 0 0 0 1 0 0 0 0 0 0 0 0 0 0 0 0 0 0 0 0 0 0 0 0 0 0 0 0 0 0 0 0 0]
[124066972905377864280490697085538325875451047905892583707328858170457141130630782112151767488912661301910772439198064367452120914570976896143036173199823056414461991879376911522458 0 0 0 0 0 0 0 0 0 0 0 0 0 0 0 0 0 0 0 0 0 0 0 0 0 0 0 0 0 0 1 0 0 0 0 0 0 0 0 0 0 0 0 0 0 0 0 0 0 0 0 0 0 0 0 0 0 0 0]
[2650329143801689679857586469653837305554527703240066872672272902559882147866257063437856312628446604754109246153236160696265157158511258373191724649810828772421311468268868298690283 0 0 0 0 0 0 0 0 0 0 0 0 0 0 0 0 0 0 0 0 0 0 0 0 0 0 0 0 0 0 0 1 0 0 0 0 0 0 0 0 0 0 0 0 0 0 0 0 0 0 0 0 0 0 0 0 0 0 0]
[937207217057542189080633152212609250313539956064527454869026481598792941250662667314797169805670822467094262969998889319318666055956341318173838006586102970642681981364155242455711 0 0 0 0 0 0 0 0 0 0 0 0 0 0 0 0 0 0 0 0 0 0 0 0 0 0 0 0 0 0 0 0 1 0 0 0 0 0 0 0 0 0 0 0 0 0 0 0 0 0 0 0 0 0 0 0 0 0 0]
[1757725161373546812264819806969384894389828769061363404182411244139907291913892326629020565752411523648094066673338202404279006653143657349681020277606366305793631035212241502675148 0 0 0 0 0 0 0 0 0 0 0 0 0 0 0 0 0 0 0 0 0 0 0 0 0 0 0 0 0 0 0 0 0 1 0 0 0 0 0 0 0 0 0 0 0 0 0 0 0 0 0 0 0 0 0 0 0 0 0]
[659939523482112579605239378194665385074685873675303352212068269883304180892934061891949363935236699180757195320477457554769815797605396187595146546423569385152504884085734513626967 0 0 0 0 0 0 0 0 0 0 0 0 0 0 0 0 0 0 0 0 0 0 0 0 0 0 0 0 0 0 0 0 0 0 1 0 0 0 0 0 0 0 0 0 0 0 0 0 0 0 0 0 0 0 0 0 0 0 0]
[2573729742840821511187441044321678656387489993253276002921149551681971096945405075110586282216698546461863047139799895009712612176755653042968052923869845533312290552238969419045477 0 0 0 0 0 0 0 0 0 0 0 0 0 0 0 0 0 0 0 0 0 0 0 0 0 0 0 0 0 0 0 0 0 0 0 1 0 0 0 0 0 0 0 0 0 0 0 0 0 0 0 0 0 0 0 0 0 0 0]
[1179437371410910466819230326095625528135928368774479678932456803219284366799184596088575588680106683316941697104324653146592880590363558299412422983842780189722290200704635217624246 0 0 0 0 0 0 0 0 0 0 0 0 0 0 0 0 0 0 0 0 0 0 0 0 0 0 0 0 0 0 0 0 0 0 0 0 1 0 0 0 0 0 0 0 0 0 0 0 0 0 0 0 0 0 0 0 0 0 0]
[1099758855013845576028405566150904497937928505783657935397995271843292955538387013122709007364881352049634639815797246606610073569425686883180409515116280537142022514669891090227860 0 0 0 0 0 0 0 0 0 0 0 0 0 0 0 0 0 0 0 0 0 0 0 0 0 0 0 0 0 0 0 0 0 0 0 0 0 1 0 0 0 0 0 0 0 0 0 0 0 0 0 0 0 0 0 0 0 0 0]
[1283785779983645788334249536376277105369578706509577398073073508285217792778176618675227527111843927932370733069211208344365620179643874590241458847147126900645351231435706140528184 0 0 0 0 0 0 0 0 0 0 0 0 0 0 0 0 0 0 0 0 0 0 0 0 0 0 0 0 0 0 0 0 0 0 0 0 0 0 1 0 0 0 0 0 0 0 0 0 0 0 0 0 0 0 0 0 0 0 0]
[89205259065847665830482644953251556202807956492612967220930366565480726152137020056562297996735349207183393517171483683988580806433054913461412146352850245103891832737623411791776 0 0 0 0 0 0 0 0 0 0 0 0 0 0 0 0 0 0 0 0 0 0 0 0 0 0 0 0 0 0 0 0 0 0 0 0 0 0 0 1 0 0 0 0 0 0 0 0 0 0 0 0 0 0 0 0 0 0 0]
[644413005995890346553217529819462570584466994867014877196988274963727313294668666695943341705648349239699926281221394605532226462891354298998180121146967387397006974388505855970112 0 0 0 0 0 0 0 0 0 0 0 0 0 0 0 0 0 0 0 0 0 0 0 0 0 0 0 0 0 0 0 0 0 0 0 0 0 0 0 0 1 0 0 0 0 0 0 0 0 0 0 0 0 0 0 0 0 0 0]
[481443736998360559764269702409702761611182378969943400969967989228630290892552256914608195092250649544481173303242214259589197648045307096595099468596894026385248816914672895263720 0 0 0 0 0 0 0 0 0 0 0 0 0 0 0 0 0 0 0 0 0 0 0 0 0 0 0 0 0 0 0 0 0 0 0 0 0 0 0 0 0 1 0 0 0 0 0 0 0 0 0 0 0 0 0 0 0 0 0]
[1357464878022014816829662409951626669399288350551284684296166360032821635069299423367923448259492865840259634211919181097907973231599868785638524335184144066502485147939761597808177 0 0 0 0 0 0 0 0 0 0 0 0 0 0 0 0 0 0 0 0 0 0 0 0 0 0 0 0 0 0 0 0 0 0 0 0 0 0 0 0 0 0 1 0 0 0 0 0 0 0 0 0 0 0 0 0 0 0 0]
[766976890770557729934020379665081719002118046993690942528934672667910709702762949695766364745029532100439175085671124754952944933931799552589436869830039031182747883352412616617878 0 0 0 0 0 0 0 0 0 0 0 0 0 0 0 0 0 0 0 0 0 0 0 0 0 0 0 0 0 0 0 0 0 0 0 0 0 0 0 0 0 0 0 1 0 0 0 0 0 0 0 0 0 0 0 0 0 0 0]
[1172276798451895134336789238597965053909050972799021040407042813031380989005217185547602946593896333034888151741095987941052933382331842715784978682146204036596042259948357941447933 0 0 0 0 0 0 0 0 0 0 0 0 0 0 0 0 0 0 0 0 0 0 0 0 0 0 0 0 0 0 0 0 0 0 0 0 0 0 0 0 0 0 0 0 1 0 0 0 0 0 0 0 0 0 0 0 0 0 0]
[750148041627019048454459198863183581117228486425990249166166762214959719736311949063704689749246729345453885050160409926879214911716068248388212315725680677580260342181616369158639 0 0 0 0 0 0 0 0 0 0 0 0 0 0 0 0 0 0 0 0 0 0 0 0 0 0 0 0 0 0 0 0 0 0 0 0 0 0 0 0 0 0 0 0 0 1 0 0 0 0 0 0 0 0 0 0 0 0 0]
[1519926166963135636839332356408600461761250304466115207153094734047207155285426819786424602216055169232810640829590374903312338287298243508718906914960930671262991112683861851298625 0 0 0 0 0 0 0 0 0 0 0 0 0 0 0 0 0 0 0 0 0 0 0 0 0 0 0 0 0 0 0 0 0 0 0 0 0 0 0 0 0 0 0 0 0 0 1 0 0 0 0 0 0 0 0 0 0 0 0]
[2665139996915147067165058104530074572032466510705768951018633919248819481915166485041586906079296340006758637357044635747652257657863729477722210716185125687851404016703732273526836 0 0 0 0 0 0 0 0 0 0 0 0 0 0 0 0 0 0 0 0 0 0 0 0 0 0 0 0 0 0 0 0 0 0 0 0 0 0 0 0 0 0 0 0 0 0 0 1 0 0 0 0 0 0 0 0 0 0 0]
[828222419063504222138453577706186495200538686887847174081853866789869564723388790974110530461105381391851051934858015523077900046597780521159372666436312846660227169271820443693177 0 0 0 0 0 0 0 0 0 0 0 0 0 0 0 0 0 0 0 0 0 0 0 0 0 0 0 0 0 0 0 0 0 0 0 0 0 0 0 0 0 0 0 0 0 0 0 0 1 0 0 0 0 0 0 0 0 0 0]
[795805407895707028131839312040334422614153793639060280213506768626756398784445303219551901836016338687508030725703778133913864996163649532126207328973628781801978936018091784888031 0 0 0 0 0 0 0 0 0 0 0 0 0 0 0 0 0 0 0 0 0 0 0 0 0 0 0 0 0 0 0 0 0 0 0 0 0 0 0 0 0 0 0 0 0 0 0 0 0 1 0 0 0 0 0 0 0 0 0]
[2033214261829386639404735093358563464079907701383644086297201576485465018423843114985734570780508616421670838710003188073748877490947651979538288147335986022152056710395013355139396 0 0 0 0 0 0 0 0 0 0 0 0 0 0 0 0 0 0 0 0 0 0 0 0 0 0 0 0 0 0 0 0 0 0 0 0 0 0 0 0 0 0 0 0 0 0 0 0 0 0 1 0 0 0 0 0 0 0 0]
[1116153819042745645379501755289179387275419103065688008074398353157264082574333455448670924485609507341857845170459434807127464844908233762760244755888985520503865328537606477196617 0 0 0 0 0 0 0 0 0 0 0 0 0 0 0 0 0 0 0 0 0 0 0 0 0 0 0 0 0 0 0 0 0 0 0 0 0 0 0 0 0 0 0 0 0 0 0 0 0 0 0 1 0 0 0 0 0 0 0]
[1842113487619456612080491804751801874569143764351780482011697767193845913891458764789917538935800599769095169742665378540484513732059144361763280565626817680233516481771469330537772 0 0 0 0 0 0 0 0 0 0 0 0 0 0 0 0 0 0 0 0 0 0 0 0 0 0 0 0 0 0 0 0 0 0 0 0 0 0 0 0 0 0 0 0 0 0 0 0 0 0 0 0 1 0 0 0 0 0 0]
[250151577906025938095734876207642288083965132475670084666377764391437989253288105078076228013633243684704459879045037758136931797277883339014973472495659567669020879990827936394124 0 0 0 0 0 0 0 0 0 0 0 0 0 0 0 0 0 0 0 0 0 0 0 0 0 0 0 0 0 0 0 0 0 0 0 0 0 0 0 0 0 0 0 0 0 0 0 0 0 0 0 0 0 1 0 0 0 0 0]
[793185617657906722224907984604642985007405771439410747842113608124150167134320455456763873813708858465979113975248053194836567714371519862575210806213741936513502383088694983724949 0 0 0 0 0 0 0 0 0 0 0 0 0 0 0 0 0 0 0 0 0 0 0 0 0 0 0 0 0 0 0 0 0 0 0 0 0 0 0 0 0 0 0 0 0 0 0 0 0 0 0 0 0 0 1 0 0 0 0]
[1065507833510278758495535714891619986671373697760349285847556539448496240338847775332719202010346933079664963608117085559867196163682243990124659154600710317542895778084908008708921 0 0 0 0 0 0 0 0 0 0 0 0 0 0 0 0 0 0 0 0 0 0 0 0 0 0 0 0 0 0 0 0 0 0 0 0 0 0 0 0 0 0 0 0 0 0 0 0 0 0 0 0 0 0 0 1 0 0 0]
[1058860228652279820476182168182131403669965878502076855461194444588486772471933814505087825308550151749005556049827427327659330086671352537441359083850211604393173376090547186462550 0 0 0 0 0 0 0 0 0 0 0 0 0 0 0 0 0 0 0 0 0 0 0 0 0 0 0 0 0 0 0 0 0 0 0 0 0 0 0 0 0 0 0 0 0 0 0 0 0 0 0 0 0 0 0 0 1 0 0]
[1623987557471145278570846653229707217089463563001438200141919215100311938382232105859457679908182460807612373318466393864746873707112790703004827613813615663521294412523868192086554 0 0 0 0 0 0 0 0 0 0 0 0 0 0 0 0 0 0 0 0 0 0 0 0 0 0 0 0 0 0 0 0 0 0 0 0 0 0 0 0 0 0 0 0 0 0 0 0 0 0 0 0 0 0 0 0 0 1 0]
[194639232696014046738516679807929903374094823153884488443603030130705389303499342753479382488046500474954721508431070675946294328075460395403656758519143141806474909229429465936157 0 0 0 0 0 0 0 0 0 0 0 0 0 0 0 0 0 0 0 0 0 0 0 0 0 0 0 0 0 0 0 0 0 0 0 0 0 0 0 0 0 0 0 0 0 0 0 0 0 0 0 0 0 0 0 0 0 0 1]
]
