[[9432153399390119649960159267358828364835935899312218896663003909426798971458286794858707131159435435253147385281728467635384510997519469905890623346040832039573737445237956899214972856151741935446713372301286909127399874583749855578164538973625054456987644089148729023889064974818332087177042019773793 0 0 0 0 0 0 0 0 0 0 0 0 0 0 0 0 0 0 0 0 0 0 0 0 0 0 0 0 0 0 0 0 0 0 0 0 0 0 0 0 0 0 0 0 0 0 0 0 0 0 0 0 0 0 0 0 0 0 0 0 0 0 0 0 0 0 0 0 0 0 0 0 0 0 0 0 0 0 0 0 0 0 0 0 0 0 0 0 0 0 0 0 0 0 0 0 0 0 0]
[8333967495622297667230104204120988144804309862218231020718367209997718430487076631666869475147567736533465019791774464478447993852258105222450461519830872972922622190215101172989334091702959509966705694624364244177060963434258420609232332168798081234822765187131923104405900517900052415280858573624396 1 0 0 0 0 0 0 0 0 0 0 0 0 0 0 0 0 0 0 0 0 0 0 0 0 0 0 0 0 0 0 0 0 0 0 0 0 0 0 0 0 0 0 0 0 0 0 0 0 0 0 0 0 0 0 0 0 0 0 0 0 0 0 0 0 0 0 0 0 0 0 0 0 0 0 0 0 0 0 0 0 0 0 0 0 0 0 0 0 0 0 0 0 0 0 0 0 0 0]
[1492053119191404280559901403082134953029900375694370288075853402736923357747791096210676110703939269929873392006048281201807327008055127167396131850177231326759443425382518544655371760844254309614020453245649286817370190059097106962995321321018760784259546923414789074445027362058994469660562694179443 0 1 0 0 0 0 0 0 0 0 0 0 0 0 0 0 0 0 0 0 0 0 0 0 0 0 0 0 0 0 0 0 0 0 0 0 0 0 0 0 0 0 0 0 0 0 0 0 0 0 0 0 0 0 0 0 0 0 0 0 0 0 0 0 0 0 0 0 0 0 0 0 0 0 0 0 0 0 0 0 0 0 0 0 0 0 0 0 0 0 0 0 0 0 0 0 0 0 0]
[6008030467681198510274832340454037755572587847643861686644441413448970983377494116126084237021500261937228117556328436779718275411854038764221382403171603308755575700069636373397291601050105643883196152260048390097344894481052181586492011644455401354448148181158267937117891360272695000589606138759483 0 0 1 0 0 0 0 0 0 0 0 0 0 0 0 0 0 0 0 0 0 0 0 0 0 0 0 0 0 0 0 0 0 0 0 0 0 0 0 0 0 0 0 0 0 0 0 0 0 0 0 0 0 0 0 0 0 0 0 0 0 0 0 0 0 0 0 0 0 0 0 0 0 0 0 0 0 0 0 0 0 0 0 0 0 0 0 0 0 0 0 0 0 0 0 0 0 0 0]
[2666641468829419162818866929856086745657315795592195985211372684669277349298390792222806704973391712853930100495775731646243364785303957073440141416622592109293420065118026644551067374287023621870883436597650455445058597850653109922393088142611211159984787745534454206694339009774563498192596365905063 0 0 0 1 0 0 0 0 0 0 0 0 0 0 0 0 0 0 0 0 0 0 0 0 0 0 0 0 0 0 0 0 0 0 0 0 0 0 0 0 0 0 0 0 0 0 0 0 0 0 0 0 0 0 0 0 0 0 0 0 0 0 0 0 0 0 0 0 0 0 0 0 0 0 0 0 0 0 0 0 0 0 0 0 0 0 0 0 0 0 0 0 0 0 0 0 0 0 0]
[367131777183142328144413339886493367655680010224060483745840277445378006067818729757143924056542224123187121557899251637649744485836453364628579512636039879717767755923496273881860450604534802515565183065632692712365769792887160265915137882326423810282525089276620046663576991660243366422324181026163 0 0 0 0 1 0 0 0 0 0 0 0 0 0 0 0 0 0 0 0 0 0 0 0 0 0 0 0 0 0 0 0 0 0 0 0 0 0 0 0 0 0 0 0 0 0 0 0 0 0 0 0 0 0 0 0 0 0 0 0 0 0 0 0 0 0 0 0 0 0 0 0 0 0 0 0 0 0 0 0 0 0 0 0 0 0 0 0 0 0 0 0 0 0 0 0 0 0 0]
[2691501402635372879321148897867758547610326549452322387798890488650455468187127636449203388517908774389571955676710078380032834597292117320867036807029932391061495830384103375220455326564156129905314636885102445884603238325454246184090471305707133063903716727252705581040566774290376334972829992149469 0 0 0 0 0 1 0 0 0 0 0 0 0 0 0 0 0 0 0 0 0 0 0 0 0 0 0 0 0 0 0 0 0 0 0 0 0 0 0 0 0 0 0 0 0 0 0 0 0 0 0 0 0 0 0 0 0 0 0 0 0 0 0 0 0 0 0 0 0 0 0 0 0 0 0 0 0 0 0 0 0 0 0 0 0 0 0 0 0 0 0 0 0 0 0 0 0 0 0]
[4462302258368512377809875971024920580844132768997004147710818245056102969763470173975610816295131756652268443437326498884369885800158851969354085829336700362958058321794031091660890879260139622527076920197936347096092707608444373164761799101114615397052483850951364576009123969167360716743905704761439 0 0 0 0 0 0 1 0 0 0 0 0 0 0 0 0 0 0 0 0 0 0 0 0 0 0 0 0 0 0 0 0 0 0 0 0 0 0 0 0 0 0 0 0 0 0 0 0 0 0 0 0 0 0 0 0 0 0 0 0 0 0 0 0 0 0 0 0 0 0 0 0 0 0 0 0 0 0 0 0 0 0 0 0 0 0 0 0 0 0 0 0 0 0 0 0 0 0 0]
[2792207380911385841548593794166224696402841806967106816838783327751000820174548892086399782607144714182712137692630165243899653360354690582752891626350933740386085803302288369186889827635368172235057637567929352990119072508762530117614176007994646052273469210120029771788163170649094288611291412187657 0 0 0 0 0 0 0 1 0 0 0 0 0 0 0 0 0 0 0 0 0 0 0 0 0 0 0 0 0 0 0 0 0 0 0 0 0 0 0 0 0 0 0 0 0 0 0 0 0 0 0 0 0 0 0 0 0 0 0 0 0 0 0 0 0 0 0 0 0 0 0 0 0 0 0 0 0 0 0 0 0 0 0 0 0 0 0 0 0 0 0 0 0 0 0 0 0 0 0]
[1183033946741665737237080517971408703994500044030316773030547848364333208902704274834530840250813802438507607021956364851567157821064612341422482267232396553607410981377535085281535994225482038290910185582768279814732948082178493197773299334823397679668722574335256388498610012024208977478721779303843 0 0 0 0 0 0 0 0 1 0 0 0 0 0 0 0 0 0 0 0 0 0 0 0 0 0 0 0 0 0 0 0 0 0 0 0 0 0 0 0 0 0 0 0 0 0 0 0 0 0 0 0 0 0 0 0 0 0 0 0 0 0 0 0 0 0 0 0 0 0 0 0 0 0 0 0 0 0 0 0 0 0 0 0 0 0 0 0 0 0 0 0 0 0 0 0 0 0 0]
[2880959323897437947431505775389076699853106114054600988560709060621680204024227730883124047799994595802791974951572957189761976828374494446504673873899853569457364773619564888244142215643811453092632659864465846852949866534510319623552761422654787262690424083756011359020953223530593105209467882457671 0 0 0 0 0 0 0 0 0 1 0 0 0 0 0 0 0 0 0 0 0 0 0 0 0 0 0 0 0 0 0 0 0 0 0 0 0 0 0 0 0 0 0 0 0 0 0 0 0 0 0 0 0 0 0 0 0 0 0 0 0 0 0 0 0 0 0 0 0 0 0 0 0 0 0 0 0 0 0 0 0 0 0 0 0 0 0 0 0 0 0 0 0 0 0 0 0 0 0]
[612361305794728360301418516032941819184773895664621334240651037153892830741721113703515110441033789990963761679926529230194136469790086674070560258083686696149416031052047434046619863164570714909905272232712479512241487889199505597191571534733242782531285520972531104636276267951732164117392292075532 0 0 0 0 0 0 0 0 0 0 1 0 0 0 0 0 0 0 0 0 0 0 0 0 0 0 0 0 0 0 0 0 0 0 0 0 0 0 0 0 0 0 0 0 0 0 0 0 0 0 0 0 0 0 0 0 0 0 0 0 0 0 0 0 0 0 0 0 0 0 0 0 0 0 0 0 0 0 0 0 0 0 0 0 0 0 0 0 0 0 0 0 0 0 0 0 0 0 0]
[5704625611446535045649839741731357953946111259380312516608209929395845230713617444169558191536509248915120229118671860814644498944261805699451500746232572128308490416703855441511301814252473203037472720548033958161531251759422328156550571757240657768200841745026894168724560501060973547479689447570664 0 0 0 0 0 0 0 0 0 0 0 1 0 0 0 0 0 0 0 0 0 0 0 0 0 0 0 0 0 0 0 0 0 0 0 0 0 0 0 0 0 0 0 0 0 0 0 0 0 0 0 0 0 0 0 0 0 0 0 0 0 0 0 0 0 0 0 0 0 0 0 0 0 0 0 0 0 0 0 0 0 0 0 0 0 0 0 0 0 0 0 0 0 0 0 0 0 0 0]
[4399989822375112551343852852604320512431835604823098009506518413030845343337880653022749548853954033239257789937047324164492999280037133137915436897467350706932826731839356420548782920343547551452424100546215160496878158877853545835151931470567341813849452842856372483429532852903548943648072755498288 0 0 0 0 0 0 0 0 0 0 0 0 1 0 0 0 0 0 0 0 0 0 0 0 0 0 0 0 0 0 0 0 0 0 0 0 0 0 0 0 0 0 0 0 0 0 0 0 0 0 0 0 0 0 0 0 0 0 0 0 0 0 0 0 0 0 0 0 0 0 0 0 0 0 0 0 0 0 0 0 0 0 0 0 0 0 0 0 0 0 0 0 0 0 0 0 0 0 0]
[5447412732996851174806947676271329063263913453754476166089471906236727311819767521985891102146823033529940035522577520559417860651135825636802555877669346684247820793775967518441236446723264959983450418355180189293852338504474556440158074566969561221852941396002657842416089861859407199026400828736072 0 0 0 0 0 0 0 0 0 0 0 0 0 1 0 0 0 0 0 0 0 0 0 0 0 0 0 0 0 0 0 0 0 0 0 0 0 0 0 0 0 0 0 0 0 0 0 0 0 0 0 0 0 0 0 0 0 0 0 0 0 0 0 0 0 0 0 0 0 0 0 0 0 0 0 0 0 0 0 0 0 0 0 0 0 0 0 0 0 0 0 0 0 0 0 0 0 0 0]
[4329650262027417132751468318604726507829141627231027273523781600534623520651993276379912113390980623972935539156285742131805696013604415018336033314104789503315982300672902410610593969446450559810792118538341739790140583467341822203912902842759351538561272343012902410996094235445668726324578781914781 0 0 0 0 0 0 0 0 0 0 0 0 0 0 1 0 0 0 0 0 0 0 0 0 0 0 0 0 0 0 0 0 0 0 0 0 0 0 0 0 0 0 0 0 0 0 0 0 0 0 0 0 0 0 0 0 0 0 0 0 0 0 0 0 0 0 0 0 0 0 0 0 0 0 0 0 0 0 0 0 0 0 0 0 0 0 0 0 0 0 0 0 0 0 0 0 0 0 0]
[282384465546246777604502584018569285669957610639153011270093779779667447072658103160234321534169715505160612474720870408992476336809993917703036129027064482918234983850869566138972053935440887610357156440168153743466463583151449102664301347978004393355247029786482559568913322521630891111583761880183 0 0 0 0 0 0 0 0 0 0 0 0 0 0 0 1 0 0 0 0 0 0 0 0 0 0 0 0 0 0 0 0 0 0 0 0 0 0 0 0 0 0 0 0 0 0 0 0 0 0 0 0 0 0 0 0 0 0 0 0 0 0 0 0 0 0 0 0 0 0 0 0 0 0 0 0 0 0 0 0 0 0 0 0 0 0 0 0 0 0 0 0 0 0 0 0 0 0 0]
[419588089874817081518758205044836878069965843610529517317806106068866591948146089837300333685265488314638159761819762676327105715148363613538999050304076554097886788981665748682537258260924077775014628268337394746541548732779402011915786531872778272043717987298298363951626034104171260365021399354084 0 0 0 0 0 0 0 0 0 0 0 0 0 0 0 0 1 0 0 0 0 0 0 0 0 0 0 0 0 0 0 0 0 0 0 0 0 0 0 0 0 0 0 0 0 0 0 0 0 0 0 0 0 0 0 0 0 0 0 0 0 0 0 0 0 0 0 0 0 0 0 0 0 0 0 0 0 0 0 0 0 0 0 0 0 0 0 0 0 0 0 0 0 0 0 0 0 0 0]
[5385534087130448831715697329114107804139779529336743665689453895158831309515980937993770202999582804053166042261862899644414053400641067083363957702649271096642577464663049686863805798150418980698906952451032089046960053138864134480490332163901725252926332106407597839176531903805603406550729657471531 0 0 0 0 0 0 0 0 0 0 0 0 0 0 0 0 0 1 0 0 0 0 0 0 0 0 0 0 0 0 0 0 0 0 0 0 0 0 0 0 0 0 0 0 0 0 0 0 0 0 0 0 0 0 0 0 0 0 0 0 0 0 0 0 0 0 0 0 0 0 0 0 0 0 0 0 0 0 0 0 0 0 0 0 0 0 0 0 0 0 0 0 0 0 0 0 0 0 0]
[1205867778523353025497410021717035422166431653432559521759896346893401637405303974366809508321921260124517785302905410275887404033781382898827871123421659373902520873356769788661876905112134418037916888655089974860685920349736105936348643120453119520901579305679387558639472497212584433790864731980103 0 0 0 0 0 0 0 0 0 0 0 0 0 0 0 0 0 0 1 0 0 0 0 0 0 0 0 0 0 0 0 0 0 0 0 0 0 0 0 0 0 0 0 0 0 0 0 0 0 0 0 0 0 0 0 0 0 0 0 0 0 0 0 0 0 0 0 0 0 0 0 0 0 0 0 0 0 0 0 0 0 0 0 0 0 0 0 0 0 0 0 0 0 0 0 0 0 0 0]
[7286252814329748787910785560007537304461418404164211206281137981559308619329233987734255541155714985596368529941900444747299313081588616245450514598479996075404000508838661359168420900819323494350925557266569831115532738874261788009344740498484146100452311935989901754166013351767211927452772872504927 0 0 0 0 0 0 0 0 0 0 0 0 0 0 0 0 0 0 0 1 0 0 0 0 0 0 0 0 0 0 0 0 0 0 0 0 0 0 0 0 0 0 0 0 0 0 0 0 0 0 0 0 0 0 0 0 0 0 0 0 0 0 0 0 0 0 0 0 0 0 0 0 0 0 0 0 0 0 0 0 0 0 0 0 0 0 0 0 0 0 0 0 0 0 0 0 0 0 0]
[4952106252808901134002033411180318307524757487463675173671612260951984785462079457781302755757319007040540260081317182951177349970165861826890817473019787077282020059627627726699251481312821844161983878436558509036832961562227665039069333825990884330860358640196184144648716208935888314162043102471566 0 0 0 0 0 0 0 0 0 0 0 0 0 0 0 0 0 0 0 0 1 0 0 0 0 0 0 0 0 0 0 0 0 0 0 0 0 0 0 0 0 0 0 0 0 0 0 0 0 0 0 0 0 0 0 0 0 0 0 0 0 0 0 0 0 0 0 0 0 0 0 0 0 0 0 0 0 0 0 0 0 0 0 0 0 0 0 0 0 0 0 0 0 0 0 0 0 0 0]
[4171131024869570656827604992694295558385993107817985008070190310968575340194063141505111451608297183913329955580901602936197549468933513053862443249702961336352102532873799700701451491159704938503781590661637134865792958372065358975796178108440991687914853986726890405372034898249103514902148041720893 0 0 0 0 0 0 0 0 0 0 0 0 0 0 0 0 0 0 0 0 0 1 0 0 0 0 0 0 0 0 0 0 0 0 0 0 0 0 0 0 0 0 0 0 0 0 0 0 0 0 0 0 0 0 0 0 0 0 0 0 0 0 0 0 0 0 0 0 0 0 0 0 0 0 0 0 0 0 0 0 0 0 0 0 0 0 0 0 0 0 0 0 0 0 0 0 0 0 0]
[6325443987396889528978217415319623334943665702104298831588661699887430160930370769169588843643741308340621031425015442987983750192072603227369230338803595149160512709129794832004819298102304646445851836783650656035345516909031269040316626397010682244914753728466975618040260047093180457447681042958015 0 0 0 0 0 0 0 0 0 0 0 0 0 0 0 0 0 0 0 0 0 0 1 0 0 0 0 0 0 0 0 0 0 0 0 0 0 0 0 0 0 0 0 0 0 0 0 0 0 0 0 0 0 0 0 0 0 0 0 0 0 0 0 0 0 0 0 0 0 0 0 0 0 0 0 0 0 0 0 0 0 0 0 0 0 0 0 0 0 0 0 0 0 0 0 0 0 0 0]
[7239657930053624944281216381473037847537071453410055313614921967134702837195184004345059959351280690406467243703891652671724156055934709862474967390899307028363973622911123850765199388151312608302052406796810271264671685431801739992823904743180118485722242073884218447971758769643832095932785628128990 0 0 0 0 0 0 0 0 0 0 0 0 0 0 0 0 0 0 0 0 0 0 0 1 0 0 0 0 0 0 0 0 0 0 0 0 0 0 0 0 0 0 0 0 0 0 0 0 0 0 0 0 0 0 0 0 0 0 0 0 0 0 0 0 0 0 0 0 0 0 0 0 0 0 0 0 0 0 0 0 0 0 0 0 0 0 0 0 0 0 0 0 0 0 0 0 0 0 0]
[8640059302957407698826247445493462290808206094837885548182446566988969247410669453424183975005449667282927121340956635655754549746767550739937309535195813053059780863193477654540357121733845768299225989357640812162013306592049264463384844499964829801083387335629732568673095341030463929521641769982190 0 0 0 0 0 0 0 0 0 0 0 0 0 0 0 0 0 0 0 0 0 0 0 0 1 0 0 0 0 0 0 0 0 0 0 0 0 0 0 0 0 0 0 0 0 0 0 0 0 0 0 0 0 0 0 0 0 0 0 0 0 0 0 0 0 0 0 0 0 0 0 0 0 0 0 0 0 0 0 0 0 0 0 0 0 0 0 0 0 0 0 0 0 0 0 0 0 0 0]
[1125137124286215634039530660766216792777176706488049378150100606290570420218599351219672452689206226403950659261974946781079284717822840865874588286633016988813454571839001673813212135831232594680383376674194827045907032581388850306953577214874479355781235706805015360576919726571436857972565823125586 0 0 0 0 0 0 0 0 0 0 0 0 0 0 0 0 0 0 0 0 0 0 0 0 0 1 0 0 0 0 0 0 0 0 0 0 0 0 0 0 0 0 0 0 0 0 0 0 0 0 0 0 0 0 0 0 0 0 0 0 0 0 0 0 0 0 0 0 0 0 0 0 0 0 0 0 0 0 0 0 0 0 0 0 0 0 0 0 0 0 0 0 0 0 0 0 0 0 0]
[6935896537222538006289881209677201877314207891789360299270453636730761957353076770779751005273904900394669442567100172379905911788484732488471355873404841235788980773868077363958003529210028068611788564850568198394592015744447731446162817021245410789446635116783016255686731126542572698034995833997002 0 0 0 0 0 0 0 0 0 0 0 0 0 0 0 0 0 0 0 0 0 0 0 0 0 0 1 0 0 0 0 0 0 0 0 0 0 0 0 0 0 0 0 0 0 0 0 0 0 0 0 0 0 0 0 0 0 0 0 0 0 0 0 0 0 0 0 0 0 0 0 0 0 0 0 0 0 0 0 0 0 0 0 0 0 0 0 0 0 0 0 0 0 0 0 0 0 0 0]
[144817987103260635195935102095578818425608735232354396320816358944504023514494897514251358042393787029102433354327447143891814232204864325294836907933156779164248125643951179837419668014216800115725373169545668947304106868982686067772997338413411052006243080317132564841956096964563576658806801987590 0 0 0 0 0 0 0 0 0 0 0 0 0 0 0 0 0 0 0 0 0 0 0 0 0 0 0 1 0 0 0 0 0 0 0 0 0 0 0 0 0 0 0 0 0 0 0 0 0 0 0 0 0 0 0 0 0 0 0 0 0 0 0 0 0 0 0 0 0 0 0 0 0 0 0 0 0 0 0 0 0 0 0 0 0 0 0 0 0 0 0 0 0 0 0 0 0 0 0]
[41042331321411743339600388219121650120161546242121799176492772691440196317621327017181571609372026076239136456910219394174142649562861138982458099196526646354541326685781543084625373679664078408105390269143874486082625391624634561755117603136191495477688366325620911610225978818606538025822301277797 0 0 0 0 0 0 0 0 0 0 0 0 0 0 0 0 0 0 0 0 0 0 0 0 0 0 0 0 1 0 0 0 0 0 0 0 0 0 0 0 0 0 0 0 0 0 0 0 0 0 0 0 0 0 0 0 0 0 0 0 0 0 0 0 0 0 0 0 0 0 0 0 0 0 0 0 0 0 0 0 0 0 0 0 0 0 0 0 0 0 0 0 0 0 0 0 0 0 0]
[8929555887041242145863083861475514143307776457525388383718049925819543125941990814567821041017028124066646048651677470833379425753114631770904925039564272121921082279921902829699313548434888373833037970174155246628307121778720359791260397455040829883565225852942405166982581872560255088592858084534616 0 0 0 0 0 0 0 0 0 0 0 0 0 0 0 0 0 0 0 0 0 0 0 0 0 0 0 0 0 1 0 0 0 0 0 0 0 0 0 0 0 0 0 0 0 0 0 0 0 0 0 0 0 0 0 0 0 0 0 0 0 0 0 0 0 0 0 0 0 0 0 0 0 0 0 0 0 0 0 0 0 0 0 0 0 0 0 0 0 0 0 0 0 0 0 0 0 0 0]
[1275177330918553369630791127480181140650141272363994525443034297591879758396265038765725352061120392793578119753745675611043389526870722463165421264968314246115267811555743506102101527897735114055747700967097594855110396849435198633109555932940518084269463428567117192110246614038605468331404973511541 0 0 0 0 0 0 0 0 0 0 0 0 0 0 0 0 0 0 0 0 0 0 0 0 0 0 0 0 0 0 1 0 0 0 0 0 0 0 0 0 0 0 0 0 0 0 0 0 0 0 0 0 0 0 0 0 0 0 0 0 0 0 0 0 0 0 0 0 0 0 0 0 0 0 0 0 0 0 0 0 0 0 0 0 0 0 0 0 0 0 0 0 0 0 0 0 0 0 0]
[7280470342515341724391432093185718596418040880042127546572191082904915292490267349018781211444366447536202406320064820264787483645767075898600887265362667528647493782630742581220479707973489881050938088579874796095344272860670569258546899862716953841317071538541020982448823648384473749809511987127308 0 0 0 0 0 0 0 0 0 0 0 0 0 0 0 0 0 0 0 0 0 0 0 0 0 0 0 0 0 0 0 1 0 0 0 0 0 0 0 0 0 0 0 0 0 0 0 0 0 0 0 0 0 0 0 0 0 0 0 0 0 0 0 0 0 0 0 0 0 0 0 0 0 0 0 0 0 0 0 0 0 0 0 0 0 0 0 0 0 0 0 0 0 0 0 0 0 0 0]
[4063987273320343207581118406622189753604718346926033569532513887499380068922458686098629893616152587332169448241843697330369608442799384353922764149192125799873739631195332092733427928826592611775555792685801998784864120711247216577531507933966109128214804782995916883524140066640612395950810199038117 0 0 0 0 0 0 0 0 0 0 0 0 0 0 0 0 0 0 0 0 0 0 0 0 0 0 0 0 0 0 0 0 1 0 0 0 0 0 0 0 0 0 0 0 0 0 0 0 0 0 0 0 0 0 0 0 0 0 0 0 0 0 0 0 0 0 0 0 0 0 0 0 0 0 0 0 0 0 0 0 0 0 0 0 0 0 0 0 0 0 0 0 0 0 0 0 0 0 0]
[1625798384652873529907301663681430087799160908183629454515606229244243970503936669441132885385831416965639101731253988898192230192492507813553285680989461472562407899695788508514393538780160164606973420675670836589011582890996486287512891045435317465185540846563980587672435852756596212650916788198542 0 0 0 0 0 0 0 0 0 0 0 0 0 0 0 0 0 0 0 0 0 0 0 0 0 0 0 0 0 0 0 0 0 1 0 0 0 0 0 0 0 0 0 0 0 0 0 0 0 0 0 0 0 0 0 0 0 0 0 0 0 0 0 0 0 0 0 0 0 0 0 0 0 0 0 0 0 0 0 0 0 0 0 0 0 0 0 0 0 0 0 0 0 0 0 0 0 0 0]
[1129654061807448026842496777740115780183126722999985123349111598580571195279222374327426767408991740657049186155507110129274693960267981089875169748626272787697733184060638932208594722658594472920797289634613690453020097819887384592168918969598892754427170871248879497678989248398841597829145788124215 0 0 0 0 0 0 0 0 0 0 0 0 0 0 0 0 0 0 0 0 0 0 0 0 0 0 0 0 0 0 0 0 0 0 1 0 0 0 0 0 0 0 0 0 0 0 0 0 0 0 0 0 0 0 0 0 0 0 0 0 0 0 0 0 0 0 0 0 0 0 0 0 0 0 0 0 0 0 0 0 0 0 0 0 0 0 0 0 0 0 0 0 0 0 0 0 0 0 0]
[3972036013495863661910346763127659688697683199703908951167278812662019592061621053919899688847050160639733528084978094339650358382506181346340821669457868872185334293838642855395904528132296582850275241873448331490275047428006233804054153593473206705372987427284717599982256946282802065032130354883737 0 0 0 0 0 0 0 0 0 0 0 0 0 0 0 0 0 0 0 0 0 0 0 0 0 0 0 0 0 0 0 0 0 0 0 1 0 0 0 0 0 0 0 0 0 0 0 0 0 0 0 0 0 0 0 0 0 0 0 0 0 0 0 0 0 0 0 0 0 0 0 0 0 0 0 0 0 0 0 0 0 0 0 0 0 0 0 0 0 0 0 0 0 0 0 0 0 0 0]
[7796299882488577659605975783764983342095939024050775569334928263251845049867077897406588994453984130738164535054956199812512364401078675728069353352137281748606339103499338833004301626283729976203942006942790225153459159860645465025338524904068258502326235076426983792605624483337685131179104275443382 0 0 0 0 0 0 0 0 0 0 0 0 0 0 0 0 0 0 0 0 0 0 0 0 0 0 0 0 0 0 0 0 0 0 0 0 1 0 0 0 0 0 0 0 0 0 0 0 0 0 0 0 0 0 0 0 0 0 0 0 0 0 0 0 0 0 0 0 0 0 0 0 0 0 0 0 0 0 0 0 0 0 0 0 0 0 0 0 0 0 0 0 0 0 0 0 0 0 0]
[1222941422399258989417783578406872211673347630691342699609907637140890198777462169060854301292716699428359302725179516347077561304827933116429505106622409766622036960665499522748078414720760725702442903845292833478696411927694474536384418052766106693717832499503548914018345015439146449748853690724145 0 0 0 0 0 0 0 0 0 0 0 0 0 0 0 0 0 0 0 0 0 0 0 0 0 0 0 0 0 0 0 0 0 0 0 0 0 1 0 0 0 0 0 0 0 0 0 0 0 0 0 0 0 0 0 0 0 0 0 0 0 0 0 0 0 0 0 0 0 0 0 0 0 0 0 0 0 0 0 0 0 0 0 0 0 0 0 0 0 0 0 0 0 0 0 0 0 0 0]
[8902604455345785273464865592247880957977918408758936888727859090475677342288415039251876039368761461010674892863020091013818172719339488910733051141532977205957544598052281245755143729232309599473179932178244269491268022032010058150191056956778680130605384571062978888071104320791955587823144154196597 0 0 0 0 0 0 0 0 0 0 0 0 0 0 0 0 0 0 0 0 0 0 0 0 0 0 0 0 0 0 0 0 0 0 0 0 0 0 1 0 0 0 0 0 0 0 0 0 0 0 0 0 0 0 0 0 0 0 0 0 0 0 0 0 0 0 0 0 0 0 0 0 0 0 0 0 0 0 0 0 0 0 0 0 0 0 0 0 0 0 0 0 0 0 0 0 0 0 0]
[181710915782722677396810515571190114317803934321197303451743611349928332552099848455631285491494793911986923092105654688767622058979042140895861826844620829293681883966343194220466201459011800003264239585586553069794525693418046583819035063077232225368930078843192661544783185680356006466836857386119 0 0 0 0 0 0 0 0 0 0 0 0 0 0 0 0 0 0 0 0 0 0 0 0 0 0 0 0 0 0 0 0 0 0 0 0 0 0 0 1 0 0 0 0 0 0 0 0 0 0 0 0 0 0 0 0 0 0 0 0 0 0 0 0 0 0 0 0 0 0 0 0 0 0 0 0 0 0 0 0 0 0 0 0 0 0 0 0 0 0 0 0 0 0 0 0 0 0 0]
[2623930600509013402090064311283941314856644108708470553393033188705566742960918068182472220420428873317154681053177230348266995045271911795273790732788946401208900310970300695965210573128200151034721301485900263326531127173216634173397671926970324312605740439022713242274919733694222242457857419107340 0 0 0 0 0 0 0 0 0 0 0 0 0 0 0 0 0 0 0 0 0 0 0 0 0 0 0 0 0 0 0 0 0 0 0 0 0 0 0 0 1 0 0 0 0 0 0 0 0 0 0 0 0 0 0 0 0 0 0 0 0 0 0 0 0 0 0 0 0 0 0 0 0 0 0 0 0 0 0 0 0 0 0 0 0 0 0 0 0 0 0 0 0 0 0 0 0 0 0]
[5606671999398770985214990236764621054543558532223120118849775094322424904703994553334380484538692716941135615121734150112807066686609438885218885222591812693043438822343622158693278753611416583926718672422707260455524364483870043228737091106966096750804506134930922451227844321161478863336986131493307 0 0 0 0 0 0 0 0 0 0 0 0 0 0 0 0 0 0 0 0 0 0 0 0 0 0 0 0 0 0 0 0 0 0 0 0 0 0 0 0 0 1 0 0 0 0 0 0 0 0 0 0 0 0 0 0 0 0 0 0 0 0 0 0 0 0 0 0 0 0 0 0 0 0 0 0 0 0 0 0 0 0 0 0 0 0 0 0 0 0 0 0 0 0 0 0 0 0 0]
[6393491517872619718854359875526724114086404829514643127743321251707670576595394469278796629764438447463103704810917068617362652247013488210976317523989460042327780488334104957525329673130906337673900796636872665395469713885086348430337398894652869017225549679688800053169181710821179368994147547412053 0 0 0 0 0 0 0 0 0 0 0 0 0 0 0 0 0 0 0 0 0 0 0 0 0 0 0 0 0 0 0 0 0 0 0 0 0 0 0 0 0 0 1 0 0 0 0 0 0 0 0 0 0 0 0 0 0 0 0 0 0 0 0 0 0 0 0 0 0 0 0 0 0 0 0 0 0 0 0 0 0 0 0 0 0 0 0 0 0 0 0 0 0 0 0 0 0 0 0]
[4222697781033323658979575048233993501093578038695346232702040259743697532430648102767113703324289045292236381752738807532316977397313602240544739513279635357985621840500456242358809937561974742132899111622035396273995931389941793024299106975869293688524116488437166527761669456542744194869678953138516 0 0 0 0 0 0 0 0 0 0 0 0 0 0 0 0 0 0 0 0 0 0 0 0 0 0 0 0 0 0 0 0 0 0 0 0 0 0 0 0 0 0 0 1 0 0 0 0 0 0 0 0 0 0 0 0 0 0 0 0 0 0 0 0 0 0 0 0 0 0 0 0 0 0 0 0 0 0 0 0 0 0 0 0 0 0 0 0 0 0 0 0 0 0 0 0 0 0 0]
[7366399153852846127909667120467674593951510667772567083730539941923997436291804352596153697799443728239118600522807394874809917200901599638121365676197590913916364607803523625520154052835488916402751619513176630191015089972863168939480464891772869572222155440991239561370946626150779580396028122668241 0 0 0 0 0 0 0 0 0 0 0 0 0 0 0 0 0 0 0 0 0 0 0 0 0 0 0 0 0 0 0 0 0 0 0 0 0 0 0 0 0 0 0 0 1 0 0 0 0 0 0 0 0 0 0 0 0 0 0 0 0 0 0 0 0 0 0 0 0 0 0 0 0 0 0 0 0 0 0 0 0 0 0 0 0 0 0 0 0 0 0 0 0 0 0 0 0 0 0]
[1604620566132217645207184839549351645929498719459148290162126360078487578852505172157813077288305477781429479982106818349118352843743180170002062756859753241075062130020050677160354348985550550283885671057165397200014131807673853981194511946320110893333245195969831937729888956124966779899277482191284 0 0 0 0 0 0 0 0 0 0 0 0 0 0 0 0 0 0 0 0 0 0 0 0 0 0 0 0 0 0 0 0 0 0 0 0 0 0 0 0 0 0 0 0 0 1 0 0 0 0 0 0 0 0 0 0 0 0 0 0 0 0 0 0 0 0 0 0 0 0 0 0 0 0 0 0 0 0 0 0 0 0 0 0 0 0 0 0 0 0 0 0 0 0 0 0 0 0 0]
[7243811024269196756639266308471442424978431610393497891720691849045299052365344111687354552811286660362243838598717984416669905201885123886802097999999021609706389128705106485175328406632026130577585634463301849392888814994381240174445898659855695949724278630613856043397655858791329299026232276962015 0 0 0 0 0 0 0 0 0 0 0 0 0 0 0 0 0 0 0 0 0 0 0 0 0 0 0 0 0 0 0 0 0 0 0 0 0 0 0 0 0 0 0 0 0 0 1 0 0 0 0 0 0 0 0 0 0 0 0 0 0 0 0 0 0 0 0 0 0 0 0 0 0 0 0 0 0 0 0 0 0 0 0 0 0 0 0 0 0 0 0 0 0 0 0 0 0 0 0]
[3309212647574331818530049698114076698459830147342692441559070095133749448417801610588676230085304483962403918441386321220769036157822248251572236422200432483148575395730910061534238430639387173150518517411143545067498678269805235116634859565830798041616213278370830632285376902681433424966240134482589 0 0 0 0 0 0 0 0 0 0 0 0 0 0 0 0 0 0 0 0 0 0 0 0 0 0 0 0 0 0 0 0 0 0 0 0 0 0 0 0 0 0 0 0 0 0 0 1 0 0 0 0 0 0 0 0 0 0 0 0 0 0 0 0 0 0 0 0 0 0 0 0 0 0 0 0 0 0 0 0 0 0 0 0 0 0 0 0 0 0 0 0 0 0 0 0 0 0 0]
[9060628813762553319891738023904500396155019589701095386311242607669542007963546299461377815804509695503366285169828842919480874674324736167417121289229337889257243403426115177507862142293731660546045218898548070117204618528443001338804550380059138788813063711100659494464150737707985871212076423863022 0 0 0 0 0 0 0 0 0 0 0 0 0 0 0 0 0 0 0 0 0 0 0 0 0 0 0 0 0 0 0 0 0 0 0 0 0 0 0 0 0 0 0 0 0 0 0 0 1 0 0 0 0 0 0 0 0 0 0 0 0 0 0 0 0 0 0 0 0 0 0 0 0 0 0 0 0 0 0 0 0 0 0 0 0 0 0 0 0 0 0 0 0 0 0 0 0 0 0]
[5873689951744943506560277698996556305247707853753959141267929690125032908899801286737474558360689560428243328116521051439639449242543445082769367075416764227856958724542692619426545585918680054904745321610247002672080328783557264426458801217650506279785237471865302352137094355314894574063645391025644 0 0 0 0 0 0 0 0 0 0 0 0 0 0 0 0 0 0 0 0 0 0 0 0 0 0 0 0 0 0 0 0 0 0 0 0 0 0 0 0 0 0 0 0 0 0 0 0 0 1 0 0 0 0 0 0 0 0 0 0 0 0 0 0 0 0 0 0 0 0 0 0 0 0 0 0 0 0 0 0 0 0 0 0 0 0 0 0 0 0 0 0 0 0 0 0 0 0 0]
[7817924557452791502223426031304913156278220875207476554723302379642104094634981178466673076021464196656713223787264068784459139885506771379014564387482390017062981949221245625104742286982595803443226102108844049608227234811533994841184512759057096641365873232194899145499671947360107667605536345000219 0 0 0 0 0 0 0 0 0 0 0 0 0 0 0 0 0 0 0 0 0 0 0 0 0 0 0 0 0 0 0 0 0 0 0 0 0 0 0 0 0 0 0 0 0 0 0 0 0 0 1 0 0 0 0 0 0 0 0 0 0 0 0 0 0 0 0 0 0 0 0 0 0 0 0 0 0 0 0 0 0 0 0 0 0 0 0 0 0 0 0 0 0 0 0 0 0 0 0]
[8518476189909656975545081974446691032382608540984677836944413086941484856584288085498199930857580843526071782203359492017791508716076545506888678284412444763466507854621941218657977598147846252519935608885062461790422537632464748960323522158986235775344740174474997085525716946668058700159333442765905 0 0 0 0 0 0 0 0 0 0 0 0 0 0 0 0 0 0 0 0 0 0 0 0 0 0 0 0 0 0 0 0 0 0 0 0 0 0 0 0 0 0 0 0 0 0 0 0 0 0 0 1 0 0 0 0 0 0 0 0 0 0 0 0 0 0 0 0 0 0 0 0 0 0 0 0 0 0 0 0 0 0 0 0 0 0 0 0 0 0 0 0 0 0 0 0 0 0 0]
[9212636028570923430064506069460381359400918702411124896003735219917868340531103087753574495764968116612793643046372766150498358179519304360273445567533357834466880062222957799429247326785577521266942192043263552075473803302244254229315820294649212964126149635962779153269715969801117034048080028840291 0 0 0 0 0 0 0 0 0 0 0 0 0 0 0 0 0 0 0 0 0 0 0 0 0 0 0 0 0 0 0 0 0 0 0 0 0 0 0 0 0 0 0 0 0 0 0 0 0 0 0 0 1 0 0 0 0 0 0 0 0 0 0 0 0 0 0 0 0 0 0 0 0 0 0 0 0 0 0 0 0 0 0 0 0 0 0 0 0 0 0 0 0 0 0 0 0 0 0]
[4694385838772839057218466752173697134124889120746970932146577241103242325039609874254394660106159918775414720599491131140095984394110845667014050075778110178428509117288886762207546907500322408353875628931430826634666245770062270354201546521891249889178872787732769948748344597164796646565457517301497 0 0 0 0 0 0 0 0 0 0 0 0 0 0 0 0 0 0 0 0 0 0 0 0 0 0 0 0 0 0 0 0 0 0 0 0 0 0 0 0 0 0 0 0 0 0 0 0 0 0 0 0 0 1 0 0 0 0 0 0 0 0 0 0 0 0 0 0 0 0 0 0 0 0 0 0 0 0 0 0 0 0 0 0 0 0 0 0 0 0 0 0 0 0 0 0 0 0 0]
[7606753813005036546285418835300780413890589161630909327139847870705584644726600763722608185673882536442927280329810286304343010404566860892227791443350003311848657435358485072231608844398772929491777769568674322744499445723359431645120652427404454197121596890980722343568765212162006993912773166003540 0 0 0 0 0 0 0 0 0 0 0 0 0 0 0 0 0 0 0 0 0 0 0 0 0 0 0 0 0 0 0 0 0 0 0 0 0 0 0 0 0 0 0 0 0 0 0 0 0 0 0 0 0 0 1 0 0 0 0 0 0 0 0 0 0 0 0 0 0 0 0 0 0 0 0 0 0 0 0 0 0 0 0 0 0 0 0 0 0 0 0 0 0 0 0 0 0 0 0]
[8296149888564629496580719379905276749881711549406039074360396691769382284738802750494118389926650752783141115182353060042833648262950834481367317779028937853721929006627797882194879056567337215035739998671288753006182487578483473155834136178231678820832717621674274366605513266075049593693812977927750 0 0 0 0 0 0 0 0 0 0 0 0 0 0 0 0 0 0 0 0 0 0 0 0 0 0 0 0 0 0 0 0 0 0 0 0 0 0 0 0 0 0 0 0 0 0 0 0 0 0 0 0 0 0 0 1 0 0 0 0 0 0 0 0 0 0 0 0 0 0 0 0 0 0 0 0 0 0 0 0 0 0 0 0 0 0 0 0 0 0 0 0 0 0 0 0 0 0 0]
[802482765194481390723337434911382560650429643822092967533520186646279754734036177497705241431234222658212586647356546211303335868426793862029176368180264353948607423495779990370403236704968609922881628255223933896607321454318965026163078439463450531872436341636641724208807933713641036954700611157266 0 0 0 0 0 0 0 0 0 0 0 0 0 0 0 0 0 0 0 0 0 0 0 0 0 0 0 0 0 0 0 0 0 0 0 0 0 0 0 0 0 0 0 0 0 0 0 0 0 0 0 0 0 0 0 0 1 0 0 0 0 0 0 0 0 0 0 0 0 0 0 0 0 0 0 0 0 0 0 0 0 0 0 0 0 0 0 0 0 0 0 0 0 0 0 0 0 0 0]
[658220966596561252488077970692322713801147808523522085569274177839955242738690534069876780099679269932249653171811501805131104254080092368126073854414264115781050026441258993327151071334849005555241490879994553164364501513280732338333723766624145320052171550435300347591574038008274985611975624974374 0 0 0 0 0 0 0 0 0 0 0 0 0 0 0 0 0 0 0 0 0 0 0 0 0 0 0 0 0 0 0 0 0 0 0 0 0 0 0 0 0 0 0 0 0 0 0 0 0 0 0 0 0 0 0 0 0 1 0 0 0 0 0 0 0 0 0 0 0 0 0 0 0 0 0 0 0 0 0 0 0 0 0 0 0 0 0 0 0 0 0 0 0 0 0 0 0 0 0]
[8034820954311411754156748585946112007904134624587171106365144795687057625067360199106253930731274379240801490854960826486566255677466704146741766836182256183137653713691480363086580332203544578757595913194380074415325000370107343173316053703253781580632235982977125148769514063578794086586657757681856 0 0 0 0 0 0 0 0 0 0 0 0 0 0 0 0 0 0 0 0 0 0 0 0 0 0 0 0 0 0 0 0 0 0 0 0 0 0 0 0 0 0 0 0 0 0 0 0 0 0 0 0 0 0 0 0 0 0 1 0 0 0 0 0 0 0 0 0 0 0 0 0 0 0 0 0 0 0 0 0 0 0 0 0 0 0 0 0 0 0 0 0 0 0 0 0 0 0 0]
[8361012928127144872823351574974117740088042732269105524686959792887568159751771815200281163749096009922737156611003897773731363009486684344565770827354449244790794919043200591333211954665485161381799223639088971147577255281408808861284336346882182780126314855586029678215856352432732055186903822796591 0 0 0 0 0 0 0 0 0 0 0 0 0 0 0 0 0 0 0 0 0 0 0 0 0 0 0 0 0 0 0 0 0 0 0 0 0 0 0 0 0 0 0 0 0 0 0 0 0 0 0 0 0 0 0 0 0 0 0 1 0 0 0 0 0 0 0 0 0 0 0 0 0 0 0 0 0 0 0 0 0 0 0 0 0 0 0 0 0 0 0 0 0 0 0 0 0 0 0]
[3174959664284161818205479517179418463399679417860294992594829221532180139493309311583376965073866482139854902143775866282812825639708865214394287928471705458782292427741925690146306817264810682075638473047154754409157514706308524417969152492994108591841090287375263653819652488767788783931136016423803 0 0 0 0 0 0 0 0 0 0 0 0 0 0 0 0 0 0 0 0 0 0 0 0 0 0 0 0 0 0 0 0 0 0 0 0 0 0 0 0 0 0 0 0 0 0 0 0 0 0 0 0 0 0 0 0 0 0 0 0 1 0 0 0 0 0 0 0 0 0 0 0 0 0 0 0 0 0 0 0 0 0 0 0 0 0 0 0 0 0 0 0 0 0 0 0 0 0 0]
[747951774484909087172913725920897077625831865024394215597931377902386033690232956770650588926937802044179492290229496600032230719629962187231356816374923985911795734613442289667960022354085158380357827391853268880253387313873742226336316650434862005964247202728396959902530236923795412571243800435524 0 0 0 0 0 0 0 0 0 0 0 0 0 0 0 0 0 0 0 0 0 0 0 0 0 0 0 0 0 0 0 0 0 0 0 0 0 0 0 0 0 0 0 0 0 0 0 0 0 0 0 0 0 0 0 0 0 0 0 0 0 1 0 0 0 0 0 0 0 0 0 0 0 0 0 0 0 0 0 0 0 0 0 0 0 0 0 0 0 0 0 0 0 0 0 0 0 0 0]
[5167364146225832656132310030112380185698030292217148749240843315659355932216025021489607402807035162039328014642647741739624880472731171008048278037393644101247631047023352474330680113222359910696239670138425444121991790595127228383579278472252699619370170375013904616769301212213807338519756008314563 0 0 0 0 0 0 0 0 0 0 0 0 0 0 0 0 0 0 0 0 0 0 0 0 0 0 0 0 0 0 0 0 0 0 0 0 0 0 0 0 0 0 0 0 0 0 0 0 0 0 0 0 0 0 0 0 0 0 0 0 0 0 1 0 0 0 0 0 0 0 0 0 0 0 0 0 0 0 0 0 0 0 0 0 0 0 0 0 0 0 0 0 0 0 0 0 0 0 0]
[6857734020497008056667321329250222974257064491333505663274248420208163488616592655936006435187655407790646031131703554116759639500618822665282037225877823220055291318554260067023517742335399959008014380474140247245310183864222313969125494453469563459361336064285613031969707631915192075368803538168993 0 0 0 0 0 0 0 0 0 0 0 0 0 0 0 0 0 0 0 0 0 0 0 0 0 0 0 0 0 0 0 0 0 0 0 0 0 0 0 0 0 0 0 0 0 0 0 0 0 0 0 0 0 0 0 0 0 0 0 0 0 0 0 1 0 0 0 0 0 0 0 0 0 0 0 0 0 0 0 0 0 0 0 0 0 0 0 0 0 0 0 0 0 0 0 0 0 0 0]
[9035072967816047481517852821696642810711800526511274128097085966046527741357121594272032857523618458827645845915407819333874106996725206957936287011659788962086446800818198770244901694428011383986968869991008265083440351825893277422981765914387051697552218238899184865217221653475725156399346444556076 0 0 0 0 0 0 0 0 0 0 0 0 0 0 0 0 0 0 0 0 0 0 0 0 0 0 0 0 0 0 0 0 0 0 0 0 0 0 0 0 0 0 0 0 0 0 0 0 0 0 0 0 0 0 0 0 0 0 0 0 0 0 0 0 1 0 0 0 0 0 0 0 0 0 0 0 0 0 0 0 0 0 0 0 0 0 0 0 0 0 0 0 0 0 0 0 0 0 0]
[3409392433445540905083754377515423430051776419473719814181802260634214988443824741554070486442313533960927803157601280495810525120768489965534434437674015059131340058748627551524610195613221294050224355975259974645561131301434212811311853492191858447776164113294576166892645810012684262922880364733994 0 0 0 0 0 0 0 0 0 0 0 0 0 0 0 0 0 0 0 0 0 0 0 0 0 0 0 0 0 0 0 0 0 0 0 0 0 0 0 0 0 0 0 0 0 0 0 0 0 0 0 0 0 0 0 0 0 0 0 0 0 0 0 0 0 1 0 0 0 0 0 0 0 0 0 0 0 0 0 0 0 0 0 0 0 0 0 0 0 0 0 0 0 0 0 0 0 0 0]
[4117031097639459656681131628520189808261111763528860524745481962852632599709748306886160806934681726056240428525860533683833711554759831741142856149506235926747066654410622817680595453012763141022283310320421302350746392978741395098334065331482899898414503915978877163938940091918179161017531710064154 0 0 0 0 0 0 0 0 0 0 0 0 0 0 0 0 0 0 0 0 0 0 0 0 0 0 0 0 0 0 0 0 0 0 0 0 0 0 0 0 0 0 0 0 0 0 0 0 0 0 0 0 0 0 0 0 0 0 0 0 0 0 0 0 0 0 1 0 0 0 0 0 0 0 0 0 0 0 0 0 0 0 0 0 0 0 0 0 0 0 0 0 0 0 0 0 0 0 0]
[2410569241313937622373230611913652041548271554279510708847368952978583977715574375925669780840235817522591438273554975045435990528359273621581766751060701593861574898171343309416397260393809103632904508230050168631756148422647397214102895596059328991331949621371184653177469535184879155143944302070229 0 0 0 0 0 0 0 0 0 0 0 0 0 0 0 0 0 0 0 0 0 0 0 0 0 0 0 0 0 0 0 0 0 0 0 0 0 0 0 0 0 0 0 0 0 0 0 0 0 0 0 0 0 0 0 0 0 0 0 0 0 0 0 0 0 0 0 1 0 0 0 0 0 0 0 0 0 0 0 0 0 0 0 0 0 0 0 0 0 0 0 0 0 0 0 0 0 0 0]
[7698338425483317967113152365084497391982498167520172586417155601568465559513580598039615674104619807473572844152258854419549386899955187108015764088915317056169486431217644710349775001219715198336332669129464277980322131897074538019273713971685036380008975356981277552759177767758549093898213444370078 0 0 0 0 0 0 0 0 0 0 0 0 0 0 0 0 0 0 0 0 0 0 0 0 0 0 0 0 0 0 0 0 0 0 0 0 0 0 0 0 0 0 0 0 0 0 0 0 0 0 0 0 0 0 0 0 0 0 0 0 0 0 0 0 0 0 0 0 1 0 0 0 0 0 0 0 0 0 0 0 0 0 0 0 0 0 0 0 0 0 0 0 0 0 0 0 0 0 0]
[5170199545247299497880895011052585961589124668337217159789976193945723771985063868304180104293466955500477065504878115024335636548908057537644016585972944132681668821261941808693915034531725881649317537401969094796945771746852909310966268118132622196433818597579296332590433091971483819568484752272123 0 0 0 0 0 0 0 0 0 0 0 0 0 0 0 0 0 0 0 0 0 0 0 0 0 0 0 0 0 0 0 0 0 0 0 0 0 0 0 0 0 0 0 0 0 0 0 0 0 0 0 0 0 0 0 0 0 0 0 0 0 0 0 0 0 0 0 0 0 1 0 0 0 0 0 0 0 0 0 0 0 0 0 0 0 0 0 0 0 0 0 0 0 0 0 0 0 0 0]
[2142920988443878259892318798769770115162668537241691784763217844612663130605714819849997399104455826529589991743833315928406051337615346726400915774680968683815365090756958523200855117839293856229964027444572959524847501832622172408688126417273529881149625298035184354630396599174853325516916517720594 0 0 0 0 0 0 0 0 0 0 0 0 0 0 0 0 0 0 0 0 0 0 0 0 0 0 0 0 0 0 0 0 0 0 0 0 0 0 0 0 0 0 0 0 0 0 0 0 0 0 0 0 0 0 0 0 0 0 0 0 0 0 0 0 0 0 0 0 0 0 1 0 0 0 0 0 0 0 0 0 0 0 0 0 0 0 0 0 0 0 0 0 0 0 0 0 0 0 0]
[3335818068784964703156073197025389428987562760308187737551435311869433941519807804456632849771386135773031388756418923006473073108902029992898167805336202122235141525728378511680804322160339061976202248269846352777834813791463518421397063886494792550701054476802888223500662833444194652970866748062098 0 0 0 0 0 0 0 0 0 0 0 0 0 0 0 0 0 0 0 0 0 0 0 0 0 0 0 0 0 0 0 0 0 0 0 0 0 0 0 0 0 0 0 0 0 0 0 0 0 0 0 0 0 0 0 0 0 0 0 0 0 0 0 0 0 0 0 0 0 0 0 1 0 0 0 0 0 0 0 0 0 0 0 0 0 0 0 0 0 0 0 0 0 0 0 0 0 0 0]
[916583250993580565271524589854567374533081689054723785745398286679127198604336332466110325181841517178060292359192279726026186807054858162758933792291763596027432400113858297446985158034488564419732343520557673483184333380106130994334333405815757784265216828733717448456725314773058022959310650444798 0 0 0 0 0 0 0 0 0 0 0 0 0 0 0 0 0 0 0 0 0 0 0 0 0 0 0 0 0 0 0 0 0 0 0 0 0 0 0 0 0 0 0 0 0 0 0 0 0 0 0 0 0 0 0 0 0 0 0 0 0 0 0 0 0 0 0 0 0 0 0 0 1 0 0 0 0 0 0 0 0 0 0 0 0 0 0 0 0 0 0 0 0 0 0 0 0 0 0]
[6751639139662969086591646304336498015017222028047735385619757677131272720936759681876122969867698857754511202765183007795387229989672735175837274805452342716951900519265609993693244448929627874040308404233422308816892948472213231351530573502885415573011252846770606733476131162096580744968317166035000 0 0 0 0 0 0 0 0 0 0 0 0 0 0 0 0 0 0 0 0 0 0 0 0 0 0 0 0 0 0 0 0 0 0 0 0 0 0 0 0 0 0 0 0 0 0 0 0 0 0 0 0 0 0 0 0 0 0 0 0 0 0 0 0 0 0 0 0 0 0 0 0 0 1 0 0 0 0 0 0 0 0 0 0 0 0 0 0 0 0 0 0 0 0 0 0 0 0 0]
[336902842184390439475587484387318344795949349116704100911352898171087453703554189597377994735815605046873869399512213188020851089260286541093323835946496075240754263433351304552691212508985893851233446314451369998995538730448906311834414110287844420571959209480674661144346758203562923213476903138355 0 0 0 0 0 0 0 0 0 0 0 0 0 0 0 0 0 0 0 0 0 0 0 0 0 0 0 0 0 0 0 0 0 0 0 0 0 0 0 0 0 0 0 0 0 0 0 0 0 0 0 0 0 0 0 0 0 0 0 0 0 0 0 0 0 0 0 0 0 0 0 0 0 0 1 0 0 0 0 0 0 0 0 0 0 0 0 0 0 0 0 0 0 0 0 0 0 0 0]
[9172613618178928447801859531769998066111111912281432408086502320822498789588572608933073603483259244295275210884004382742676669583165940096869122036726401279870351438427389110049545336928198847739007673954108554874650948515777795673632750576065483138028351455539490876499281489262156929089937689122849 0 0 0 0 0 0 0 0 0 0 0 0 0 0 0 0 0 0 0 0 0 0 0 0 0 0 0 0 0 0 0 0 0 0 0 0 0 0 0 0 0 0 0 0 0 0 0 0 0 0 0 0 0 0 0 0 0 0 0 0 0 0 0 0 0 0 0 0 0 0 0 0 0 0 0 1 0 0 0 0 0 0 0 0 0 0 0 0 0 0 0 0 0 0 0 0 0 0 0]
[8947042960032974997668458289664791383384105771526114779953005662988919235088772588460676026544783860766747391782224858861758073383819421748926321152101995528790438001335330047099664331058922281582194817146555856270674613003318458119942182082304080182241771234351267671730830322206277605964404139509404 0 0 0 0 0 0 0 0 0 0 0 0 0 0 0 0 0 0 0 0 0 0 0 0 0 0 0 0 0 0 0 0 0 0 0 0 0 0 0 0 0 0 0 0 0 0 0 0 0 0 0 0 0 0 0 0 0 0 0 0 0 0 0 0 0 0 0 0 0 0 0 0 0 0 0 0 1 0 0 0 0 0 0 0 0 0 0 0 0 0 0 0 0 0 0 0 0 0 0]
[8649284434010372048572644176728308728606564753543593218670766249367685128957722408120737709608893090625015492316116389919470549027361244807660749519835968053882597482115465919518728313614912872447035062376455207980191558302868132277738869587134846089753805312629657894455028547386546670394533894692167 0 0 0 0 0 0 0 0 0 0 0 0 0 0 0 0 0 0 0 0 0 0 0 0 0 0 0 0 0 0 0 0 0 0 0 0 0 0 0 0 0 0 0 0 0 0 0 0 0 0 0 0 0 0 0 0 0 0 0 0 0 0 0 0 0 0 0 0 0 0 0 0 0 0 0 0 0 1 0 0 0 0 0 0 0 0 0 0 0 0 0 0 0 0 0 0 0 0 0]
[7854899612895758620656714764228091974494959913135622812831996705992015408768345791598160082392749871113406299501651136762071095512964781711884553745951648748691848247142559336012370668616332783280180639392092554125053617321779287464325138528387575774558931561495120224968693323275065722632619320991709 0 0 0 0 0 0 0 0 0 0 0 0 0 0 0 0 0 0 0 0 0 0 0 0 0 0 0 0 0 0 0 0 0 0 0 0 0 0 0 0 0 0 0 0 0 0 0 0 0 0 0 0 0 0 0 0 0 0 0 0 0 0 0 0 0 0 0 0 0 0 0 0 0 0 0 0 0 0 1 0 0 0 0 0 0 0 0 0 0 0 0 0 0 0 0 0 0 0 0]
[4667010617145695501989117992974618854012781147618392025568459917039018614576217811010241933644420842215144848504322160418011308438745059887830637325678853584753387084178354606164139478440157263221540870909748686140324850609022673674426066047636241032055103519314367746556238419807173568098914130276845 0 0 0 0 0 0 0 0 0 0 0 0 0 0 0 0 0 0 0 0 0 0 0 0 0 0 0 0 0 0 0 0 0 0 0 0 0 0 0 0 0 0 0 0 0 0 0 0 0 0 0 0 0 0 0 0 0 0 0 0 0 0 0 0 0 0 0 0 0 0 0 0 0 0 0 0 0 0 0 1 0 0 0 0 0 0 0 0 0 0 0 0 0 0 0 0 0 0 0]
[8091761485230562513471109131634480148337323691926218176756755955114495392707729576367523982056754684632726531948432127857360339807313399852732622253875901208994527361085841810060218282010586560688601855733133704259010897340365081844138947776666343622895541871263984468126168602937281681056810814931430 0 0 0 0 0 0 0 0 0 0 0 0 0 0 0 0 0 0 0 0 0 0 0 0 0 0 0 0 0 0 0 0 0 0 0 0 0 0 0 0 0 0 0 0 0 0 0 0 0 0 0 0 0 0 0 0 0 0 0 0 0 0 0 0 0 0 0 0 0 0 0 0 0 0 0 0 0 0 0 0 1 0 0 0 0 0 0 0 0 0 0 0 0 0 0 0 0 0 0]
[394622924544799305641335313652861221230998349792769205308547852807718344367602544442516079964475104905295506506757015421863750287799146740566857011967209729939723577503096391910629734622565145308682985093312196796897581298309779790183450252472987885595718755445952664206380069245627696409465175126890 0 0 0 0 0 0 0 0 0 0 0 0 0 0 0 0 0 0 0 0 0 0 0 0 0 0 0 0 0 0 0 0 0 0 0 0 0 0 0 0 0 0 0 0 0 0 0 0 0 0 0 0 0 0 0 0 0 0 0 0 0 0 0 0 0 0 0 0 0 0 0 0 0 0 0 0 0 0 0 0 0 1 0 0 0 0 0 0 0 0 0 0 0 0 0 0 0 0 0]
[3067615611244085820917956309082947602484419620514256536055081763697580853182056698813743314827564974589059446833171948167845912084000208052577742402942526363009904297700507793711917265715990268649679211375412062645243411233996981602115825672531781935890714869770867533860479487551731200121616733519594 0 0 0 0 0 0 0 0 0 0 0 0 0 0 0 0 0 0 0 0 0 0 0 0 0 0 0 0 0 0 0 0 0 0 0 0 0 0 0 0 0 0 0 0 0 0 0 0 0 0 0 0 0 0 0 0 0 0 0 0 0 0 0 0 0 0 0 0 0 0 0 0 0 0 0 0 0 0 0 0 0 0 1 0 0 0 0 0 0 0 0 0 0 0 0 0 0 0 0]
[2559791196627675018196013228293578823609423239332251314574387563431986078590551987719346252311207980588937741382703319812367711383637311443027894340879470690162992366345110147953203293293176893770281493631046141196834710166081565779789026239062847838457419867825334715306590294667106614329206469490667 0 0 0 0 0 0 0 0 0 0 0 0 0 0 0 0 0 0 0 0 0 0 0 0 0 0 0 0 0 0 0 0 0 0 0 0 0 0 0 0 0 0 0 0 0 0 0 0 0 0 0 0 0 0 0 0 0 0 0 0 0 0 0 0 0 0 0 0 0 0 0 0 0 0 0 0 0 0 0 0 0 0 0 1 0 0 0 0 0 0 0 0 0 0 0 0 0 0 0]
[9158120361571026983677879006451289068244581400648491790683781981675430512006645778588220686222047596574502875938081354822338252986452003347216526837377505881725787421030045452033264325481452551508557509132093729595587582187919614925014014929228267690305581907957469599271862760325742470014906246559942 0 0 0 0 0 0 0 0 0 0 0 0 0 0 0 0 0 0 0 0 0 0 0 0 0 0 0 0 0 0 0 0 0 0 0 0 0 0 0 0 0 0 0 0 0 0 0 0 0 0 0 0 0 0 0 0 0 0 0 0 0 0 0 0 0 0 0 0 0 0 0 0 0 0 0 0 0 0 0 0 0 0 0 0 1 0 0 0 0 0 0 0 0 0 0 0 0 0 0]
[6515924855048834413703885199729689220524091003884178664917890605582415570203816628270312402351992293110649858452231564192529345986579244759251462661198691605550224449532391696835931790279012559483058798280868709973164592004847710350611377104896100902212076512924387180015300842226060727877835043065929 0 0 0 0 0 0 0 0 0 0 0 0 0 0 0 0 0 0 0 0 0 0 0 0 0 0 0 0 0 0 0 0 0 0 0 0 0 0 0 0 0 0 0 0 0 0 0 0 0 0 0 0 0 0 0 0 0 0 0 0 0 0 0 0 0 0 0 0 0 0 0 0 0 0 0 0 0 0 0 0 0 0 0 0 0 1 0 0 0 0 0 0 0 0 0 0 0 0 0]
[6429796973737405273460785360459625955246564486740701026775848728066148385880863320773354897891631945594901098806954302363902660694652620907871444162866056802684355189399485645903675287899095346638904170981864667276840089936511339626885207314481065001656396093473744741677215171800029514805378751732096 0 0 0 0 0 0 0 0 0 0 0 0 0 0 0 0 0 0 0 0 0 0 0 0 0 0 0 0 0 0 0 0 0 0 0 0 0 0 0 0 0 0 0 0 0 0 0 0 0 0 0 0 0 0 0 0 0 0 0 0 0 0 0 0 0 0 0 0 0 0 0 0 0 0 0 0 0 0 0 0 0 0 0 0 0 0 1 0 0 0 0 0 0 0 0 0 0 0 0]
[9387346794926822526737453921199435165978324122965498427253704551237211710741781617057861010099908090089345517002359684266112780586682525028772848263664458206046781153488866691066803710491428743890343405322265193070803896234307152757796629210390667399779080234714380410976527650346026583245589062302001 0 0 0 0 0 0 0 0 0 0 0 0 0 0 0 0 0 0 0 0 0 0 0 0 0 0 0 0 0 0 0 0 0 0 0 0 0 0 0 0 0 0 0 0 0 0 0 0 0 0 0 0 0 0 0 0 0 0 0 0 0 0 0 0 0 0 0 0 0 0 0 0 0 0 0 0 0 0 0 0 0 0 0 0 0 0 0 1 0 0 0 0 0 0 0 0 0 0 0]
[389975397609942660862835636352045238454135188639647745457387663436151437256954756938381891866818454630312307941803138190755972084692555747355653653068680838704358808972238676738593614482602592727503725339704584786260546133298490336407911934867831455783570170478076271650892769553124695460512770318725 0 0 0 0 0 0 0 0 0 0 0 0 0 0 0 0 0 0 0 0 0 0 0 0 0 0 0 0 0 0 0 0 0 0 0 0 0 0 0 0 0 0 0 0 0 0 0 0 0 0 0 0 0 0 0 0 0 0 0 0 0 0 0 0 0 0 0 0 0 0 0 0 0 0 0 0 0 0 0 0 0 0 0 0 0 0 0 0 1 0 0 0 0 0 0 0 0 0 0]
[2942034107078440389213384458944305682363138147020695918262370088097680022472364651820951113295464664523075723581878783564693488236946734613011273795251442448650812039331836615362763171290875925517041092530561260234049874401340328139090500201286106250302906407666014529503129821167711696103405653178707 0 0 0 0 0 0 0 0 0 0 0 0 0 0 0 0 0 0 0 0 0 0 0 0 0 0 0 0 0 0 0 0 0 0 0 0 0 0 0 0 0 0 0 0 0 0 0 0 0 0 0 0 0 0 0 0 0 0 0 0 0 0 0 0 0 0 0 0 0 0 0 0 0 0 0 0 0 0 0 0 0 0 0 0 0 0 0 0 0 1 0 0 0 0 0 0 0 0 0]
[4973289138996693774044124267616943600079879103422402257990320474266420259901206898118170781027524981171214810084656378173804503431467151920673956560059780544657367758853223341754021340981970519907243620679353551591300272505926512568537743724446041818767560671285693293658628367526553505693871369115455 0 0 0 0 0 0 0 0 0 0 0 0 0 0 0 0 0 0 0 0 0 0 0 0 0 0 0 0 0 0 0 0 0 0 0 0 0 0 0 0 0 0 0 0 0 0 0 0 0 0 0 0 0 0 0 0 0 0 0 0 0 0 0 0 0 0 0 0 0 0 0 0 0 0 0 0 0 0 0 0 0 0 0 0 0 0 0 0 0 0 1 0 0 0 0 0 0 0 0]
[9037836208120596784342142103021626420130215242585252513752197683740536517501771919298847989997732776357894078743647679057252263291154392362839154874714335627783602894246995505473122701193339631787549506776714752157545832950864439369064647745295016620571911996247233338415553017352679504282296139705955 0 0 0 0 0 0 0 0 0 0 0 0 0 0 0 0 0 0 0 0 0 0 0 0 0 0 0 0 0 0 0 0 0 0 0 0 0 0 0 0 0 0 0 0 0 0 0 0 0 0 0 0 0 0 0 0 0 0 0 0 0 0 0 0 0 0 0 0 0 0 0 0 0 0 0 0 0 0 0 0 0 0 0 0 0 0 0 0 0 0 0 1 0 0 0 0 0 0 0]
[617067044860504685063082415506638305257929916356156903763387598113382007941097948847931625620059680040935751201014149372600867130168635361167518817322808603576451719626476330590778740839599848259289387840611020339836593676175044778906631699158791634610781168568695098291614253401859125792515695763709 0 0 0 0 0 0 0 0 0 0 0 0 0 0 0 0 0 0 0 0 0 0 0 0 0 0 0 0 0 0 0 0 0 0 0 0 0 0 0 0 0 0 0 0 0 0 0 0 0 0 0 0 0 0 0 0 0 0 0 0 0 0 0 0 0 0 0 0 0 0 0 0 0 0 0 0 0 0 0 0 0 0 0 0 0 0 0 0 0 0 0 0 1 0 0 0 0 0 0]
[2016636510287968510630611169051272600192175865298331500174268733771813909241447083348549340911462003883678266516339931496764665136739130858567890315489523981235390761441390983236860054139380181837099125615379590828153491090958558418449328931397513437150186390743099819658978072715908632301238863459971 0 0 0 0 0 0 0 0 0 0 0 0 0 0 0 0 0 0 0 0 0 0 0 0 0 0 0 0 0 0 0 0 0 0 0 0 0 0 0 0 0 0 0 0 0 0 0 0 0 0 0 0 0 0 0 0 0 0 0 0 0 0 0 0 0 0 0 0 0 0 0 0 0 0 0 0 0 0 0 0 0 0 0 0 0 0 0 0 0 0 0 0 0 1 0 0 0 0 0]
[7734788071636351672579829478200846824478628996294748105701527247802285986851913431970560701780182658971138692725294430908472035856145018939031397347648598172624335850097268724609989416463955245043792232171476455686236887721416586837319446283241379232962714183521109092197097939109871226980921725347079 0 0 0 0 0 0 0 0 0 0 0 0 0 0 0 0 0 0 0 0 0 0 0 0 0 0 0 0 0 0 0 0 0 0 0 0 0 0 0 0 0 0 0 0 0 0 0 0 0 0 0 0 0 0 0 0 0 0 0 0 0 0 0 0 0 0 0 0 0 0 0 0 0 0 0 0 0 0 0 0 0 0 0 0 0 0 0 0 0 0 0 0 0 0 1 0 0 0 0]
[7406679102694290141129804045942578256561670519328505457001212488287036820700961847466947193795308645821755174759871742956220554974102123931547249749450074676714531345792620316009833019010943745996057867395306296652575919774195193168049537748222783513852666267715739877614526004935036462791094987438537 0 0 0 0 0 0 0 0 0 0 0 0 0 0 0 0 0 0 0 0 0 0 0 0 0 0 0 0 0 0 0 0 0 0 0 0 0 0 0 0 0 0 0 0 0 0 0 0 0 0 0 0 0 0 0 0 0 0 0 0 0 0 0 0 0 0 0 0 0 0 0 0 0 0 0 0 0 0 0 0 0 0 0 0 0 0 0 0 0 0 0 0 0 0 0 1 0 0 0]
[692099509725619521611197139853118271523086187437685936802606467781467001180736123360416790478396687480669488792598193931602936086921484633351041827899300819531190443678083906407859102610002642325523792966459775877865562344408716991027992232690324012322037626710319385878622943136032201114567077803352 0 0 0 0 0 0 0 0 0 0 0 0 0 0 0 0 0 0 0 0 0 0 0 0 0 0 0 0 0 0 0 0 0 0 0 0 0 0 0 0 0 0 0 0 0 0 0 0 0 0 0 0 0 0 0 0 0 0 0 0 0 0 0 0 0 0 0 0 0 0 0 0 0 0 0 0 0 0 0 0 0 0 0 0 0 0 0 0 0 0 0 0 0 0 0 0 1 0 0]
[2561154890517374284178717077341259217053517582791374999915129532535020660039692405338431050929197509112571194311901472854620640670138105933517903947545341998688297445650612835668702555768944822319722136742747771117502315287419513469669165356845711077571230243519006167402670124002000194648382420699028 0 0 0 0 0 0 0 0 0 0 0 0 0 0 0 0 0 0 0 0 0 0 0 0 0 0 0 0 0 0 0 0 0 0 0 0 0 0 0 0 0 0 0 0 0 0 0 0 0 0 0 0 0 0 0 0 0 0 0 0 0 0 0 0 0 0 0 0 0 0 0 0 0 0 0 0 0 0 0 0 0 0 0 0 0 0 0 0 0 0 0 0 0 0 0 0 0 1 0]
[7425365792091419918086287732311871577454441316641158579193108980257522610204265453862159944914635463376174016816326778698696237397732724923706171932062644678389133356430143109270463009696354431856850833962388443161178935773807263276278787082127048200213379727858819777357229795789948235114076186885329 0 0 0 0 0 0 0 0 0 0 0 0 0 0 0 0 0 0 0 0 0 0 0 0 0 0 0 0 0 0 0 0 0 0 0 0 0 0 0 0 0 0 0 0 0 0 0 0 0 0 0 0 0 0 0 0 0 0 0 0 0 0 0 0 0 0 0 0 0 0 0 0 0 0 0 0 0 0 0 0 0 0 0 0 0 0 0 0 0 0 0 0 0 0 0 0 0 0 1]
]
