[[10653678357053048022407803985246654032178935438027463557007742768855910208250771117730598131099804862137673468752760401066420174133212747078322776570575175137718192202021116002880228466404358445110325754611298706022479831088822309176587231360679031151375066358451580568112503157174179510478761204579327821742868797777598309603025297 0 0 0 0 0 0 0 0 0 0 0 0 0 0 0 0 0 0 0 0 0 0 0 0 0 0 0 0 0 0 0 0 0 0 0 0 0 0 0 0 0 0 0 0 0 0 0 0 0 0 0 0 0 0 0 0 0 0 0 0 0 0 0 0 0 0 0 0 0 0 0 0 0 0 0 0 0 0 0 0 0 0 0 0 0 0 0 0 0 0 0 0 0 0 0 0 0 0 0 0 0 0 0 0 0 0 0 0 0]
[9138212581541423609731696954335393672032149308189308705643966047290514015169656879879020519005921152849756434081752583291851151957910791490048015193751340586348953005958538450938213755802163680407225217754641072714327515172010622418041165560205706263220846607473482855606854754237580573284956153338225652050001616031936893104822133 1 0 0 0 0 0 0 0 0 0 0 0 0 0 0 0 0 0 0 0 0 0 0 0 0 0 0 0 0 0 0 0 0 0 0 0 0 0 0 0 0 0 0 0 0 0 0 0 0 0 0 0 0 0 0 0 0 0 0 0 0 0 0 0 0 0 0 0 0 0 0 0 0 0 0 0 0 0 0 0 0 0 0 0 0 0 0 0 0 0 0 0 0 0 0 0 0 0 0 0 0 0 0 0 0 0 0 0 0]
[4881617322579523373440961522284326836346170001549791159713531728060946013544399935027620233587999560100532820381089728207319553888450604805773199635629077679207836276277666598466695401110890579769395579022915870622764856884560104506995540150823940452952324269632050373187264749645224301765850271626877931510389107059661726701211693 0 1 0 0 0 0 0 0 0 0 0 0 0 0 0 0 0 0 0 0 0 0 0 0 0 0 0 0 0 0 0 0 0 0 0 0 0 0 0 0 0 0 0 0 0 0 0 0 0 0 0 0 0 0 0 0 0 0 0 0 0 0 0 0 0 0 0 0 0 0 0 0 0 0 0 0 0 0 0 0 0 0 0 0 0 0 0 0 0 0 0 0 0 0 0 0 0 0 0 0 0 0 0 0 0 0 0 0 0]
[2599603650167839233681582529702250045230123594707265254056610753677013832621832658541086957674696075476054016887995626152651663673413476885860861500682283371501416917592771494520310022512683922580671162501163235794943665615783251577212982043334541369707694514420278725759284251610196711844170932196326756072871430629440821228625038 0 0 1 0 0 0 0 0 0 0 0 0 0 0 0 0 0 0 0 0 0 0 0 0 0 0 0 0 0 0 0 0 0 0 0 0 0 0 0 0 0 0 0 0 0 0 0 0 0 0 0 0 0 0 0 0 0 0 0 0 0 0 0 0 0 0 0 0 0 0 0 0 0 0 0 0 0 0 0 0 0 0 0 0 0 0 0 0 0 0 0 0 0 0 0 0 0 0 0 0 0 0 0 0 0 0 0 0 0]
[9031809637956977829568193454586959647849959887283536299398881795202797378788516250969618852593102541466158967376626617896894872912386234002703159338296488741280857848830105025707569863556446327971601811928605291728595094919959041805717529371697489317818359900424248227136412766168916940576434438191565310509007605242465485278286415 0 0 0 1 0 0 0 0 0 0 0 0 0 0 0 0 0 0 0 0 0 0 0 0 0 0 0 0 0 0 0 0 0 0 0 0 0 0 0 0 0 0 0 0 0 0 0 0 0 0 0 0 0 0 0 0 0 0 0 0 0 0 0 0 0 0 0 0 0 0 0 0 0 0 0 0 0 0 0 0 0 0 0 0 0 0 0 0 0 0 0 0 0 0 0 0 0 0 0 0 0 0 0 0 0 0 0 0 0]
[5919905164344208882125666064855573807836900478452033332684076223371004416558953395813157215177756462677234936560843344422341534885044607890939220953673009886402229525262756767038585141893935691155448192076496979321827133111197375239777654165035903595748523243133234590262812176174467853436437630130694948011918621495884892287100581 0 0 0 0 1 0 0 0 0 0 0 0 0 0 0 0 0 0 0 0 0 0 0 0 0 0 0 0 0 0 0 0 0 0 0 0 0 0 0 0 0 0 0 0 0 0 0 0 0 0 0 0 0 0 0 0 0 0 0 0 0 0 0 0 0 0 0 0 0 0 0 0 0 0 0 0 0 0 0 0 0 0 0 0 0 0 0 0 0 0 0 0 0 0 0 0 0 0 0 0 0 0 0 0 0 0 0 0 0]
[8223855059867877132868570643809227767849865536740411317541281061424426830337348726206245303332665954728630739254447588146308397701617338776225758425224440199594709033740331522717043408785551486190679908089593738422821370265112118189837232159903895531187134672476775915322603326785426453280110482746992688902027596167654705887920096 0 0 0 0 0 1 0 0 0 0 0 0 0 0 0 0 0 0 0 0 0 0 0 0 0 0 0 0 0 0 0 0 0 0 0 0 0 0 0 0 0 0 0 0 0 0 0 0 0 0 0 0 0 0 0 0 0 0 0 0 0 0 0 0 0 0 0 0 0 0 0 0 0 0 0 0 0 0 0 0 0 0 0 0 0 0 0 0 0 0 0 0 0 0 0 0 0 0 0 0 0 0 0 0 0 0 0 0 0]
[1952304030288494259168351927006228909364958849360198678267477511030653248171721611365282931250474390550131694239168748902174961200095783538645086437418145479706593850126888439530329038047766283978690602876822839387601862226103863361080660829866198839265076776411967283542765827700449743690475772656538210251056730196293512609354839 0 0 0 0 0 0 1 0 0 0 0 0 0 0 0 0 0 0 0 0 0 0 0 0 0 0 0 0 0 0 0 0 0 0 0 0 0 0 0 0 0 0 0 0 0 0 0 0 0 0 0 0 0 0 0 0 0 0 0 0 0 0 0 0 0 0 0 0 0 0 0 0 0 0 0 0 0 0 0 0 0 0 0 0 0 0 0 0 0 0 0 0 0 0 0 0 0 0 0 0 0 0 0 0 0 0 0 0 0]
[7363180390084909956181576633593140590943445412140883218676563637628965976778325235124531878975208673099654935578934086160006145466248904152536986314582447399079645270539343492269953524389438898471186301851586693174299463601126444862121597975133799049580400496313382930316019347622024589640599356634092614208891962237629636388962479 0 0 0 0 0 0 0 1 0 0 0 0 0 0 0 0 0 0 0 0 0 0 0 0 0 0 0 0 0 0 0 0 0 0 0 0 0 0 0 0 0 0 0 0 0 0 0 0 0 0 0 0 0 0 0 0 0 0 0 0 0 0 0 0 0 0 0 0 0 0 0 0 0 0 0 0 0 0 0 0 0 0 0 0 0 0 0 0 0 0 0 0 0 0 0 0 0 0 0 0 0 0 0 0 0 0 0 0 0]
[4430003375855452881657342225208476059234264366690387754227185912358826298947099304784835913885038741144519116388396439003785047568969081838737666607778762352514593714555436432996127425789769648819590212936240429328569050573565604202029390893207662276036651433645826610115093386977906060196687747269763226009694700950571019842059406 0 0 0 0 0 0 0 0 1 0 0 0 0 0 0 0 0 0 0 0 0 0 0 0 0 0 0 0 0 0 0 0 0 0 0 0 0 0 0 0 0 0 0 0 0 0 0 0 0 0 0 0 0 0 0 0 0 0 0 0 0 0 0 0 0 0 0 0 0 0 0 0 0 0 0 0 0 0 0 0 0 0 0 0 0 0 0 0 0 0 0 0 0 0 0 0 0 0 0 0 0 0 0 0 0 0 0 0 0]
[3337653069090660387344809861694172216247254786350483329520132734923743427392240834898367969587785585979076832688148599340045985728985358870117493549884883350242615222375783439567589228922722815389114494309661213267485816515929632743183736034304963571200811341142089078517630124828286617373291625689403314094011000545900963511393923 0 0 0 0 0 0 0 0 0 1 0 0 0 0 0 0 0 0 0 0 0 0 0 0 0 0 0 0 0 0 0 0 0 0 0 0 0 0 0 0 0 0 0 0 0 0 0 0 0 0 0 0 0 0 0 0 0 0 0 0 0 0 0 0 0 0 0 0 0 0 0 0 0 0 0 0 0 0 0 0 0 0 0 0 0 0 0 0 0 0 0 0 0 0 0 0 0 0 0 0 0 0 0 0 0 0 0 0 0]
[1724414090321468841589231962049200736652981190400121478479430944101775489233834918147967245080746770075998527310043961573027914828313987610750094939527054857679885750619890962722594292268853410363052938295106768402234868295200198976828700969543919323718330784525947841611176688008768050364807382040675416105085450294834137377627954 0 0 0 0 0 0 0 0 0 0 1 0 0 0 0 0 0 0 0 0 0 0 0 0 0 0 0 0 0 0 0 0 0 0 0 0 0 0 0 0 0 0 0 0 0 0 0 0 0 0 0 0 0 0 0 0 0 0 0 0 0 0 0 0 0 0 0 0 0 0 0 0 0 0 0 0 0 0 0 0 0 0 0 0 0 0 0 0 0 0 0 0 0 0 0 0 0 0 0 0 0 0 0 0 0 0 0 0 0]
[7495145610698033840718744262680528752454161979779766202334194044081355947917781962712384202541409768685344809743830797095645295565390436900402741086798059647589533199677571710499028466989758133972792372861909399292674329028811935779282066937157245079475347085498707799545932319300654016550815524314196928110040454881227343686980921 0 0 0 0 0 0 0 0 0 0 0 1 0 0 0 0 0 0 0 0 0 0 0 0 0 0 0 0 0 0 0 0 0 0 0 0 0 0 0 0 0 0 0 0 0 0 0 0 0 0 0 0 0 0 0 0 0 0 0 0 0 0 0 0 0 0 0 0 0 0 0 0 0 0 0 0 0 0 0 0 0 0 0 0 0 0 0 0 0 0 0 0 0 0 0 0 0 0 0 0 0 0 0 0 0 0 0 0 0]
[6123359562466717644879180289053830948898561903008944462182537542351437484066609161060063555165236550137640669911833372279814019966981460955874896268038278102113747880661714686772711168241910308073027610607604922643699668907403869546835568307685198408166022154776603394549029267067413702973979987706935397601301254903279444861732793 0 0 0 0 0 0 0 0 0 0 0 0 1 0 0 0 0 0 0 0 0 0 0 0 0 0 0 0 0 0 0 0 0 0 0 0 0 0 0 0 0 0 0 0 0 0 0 0 0 0 0 0 0 0 0 0 0 0 0 0 0 0 0 0 0 0 0 0 0 0 0 0 0 0 0 0 0 0 0 0 0 0 0 0 0 0 0 0 0 0 0 0 0 0 0 0 0 0 0 0 0 0 0 0 0 0 0 0 0]
[1715218651380192680482716740625205084173664833416454197276042719838749508148092523786311394783428638087380524816560589567233535129905004136503218012288948051963426589633156255354814090183126386774799499818833170195569287673328449409973515190609835586100227420869430879538204109724741945219451264477462380314405540938965443003613662 0 0 0 0 0 0 0 0 0 0 0 0 0 1 0 0 0 0 0 0 0 0 0 0 0 0 0 0 0 0 0 0 0 0 0 0 0 0 0 0 0 0 0 0 0 0 0 0 0 0 0 0 0 0 0 0 0 0 0 0 0 0 0 0 0 0 0 0 0 0 0 0 0 0 0 0 0 0 0 0 0 0 0 0 0 0 0 0 0 0 0 0 0 0 0 0 0 0 0 0 0 0 0 0 0 0 0 0 0]
[2570878629521701321608336360182429977925685460041507770189666733951354810359930386082021175523704064953111768298175679061943752325861727576438091241288000111801856404207533176136301533062547602821867973448173156981733416968180786442146385657992247952170729421375767743956319430821664348111510457237974089887347585612912011063674873 0 0 0 0 0 0 0 0 0 0 0 0 0 0 1 0 0 0 0 0 0 0 0 0 0 0 0 0 0 0 0 0 0 0 0 0 0 0 0 0 0 0 0 0 0 0 0 0 0 0 0 0 0 0 0 0 0 0 0 0 0 0 0 0 0 0 0 0 0 0 0 0 0 0 0 0 0 0 0 0 0 0 0 0 0 0 0 0 0 0 0 0 0 0 0 0 0 0 0 0 0 0 0 0 0 0 0 0 0]
[4782334793467883614198068680883227135993744803584249026721163117011272933146355787393623893933232911166452220294336323699463029483199490696749010423930950267092566553384309734676122426284952978054918933274376563416758723867995033636742184030798475065636521801414958891146410805942113045930578431417473849255206798699882883934147263 0 0 0 0 0 0 0 0 0 0 0 0 0 0 0 1 0 0 0 0 0 0 0 0 0 0 0 0 0 0 0 0 0 0 0 0 0 0 0 0 0 0 0 0 0 0 0 0 0 0 0 0 0 0 0 0 0 0 0 0 0 0 0 0 0 0 0 0 0 0 0 0 0 0 0 0 0 0 0 0 0 0 0 0 0 0 0 0 0 0 0 0 0 0 0 0 0 0 0 0 0 0 0 0 0 0 0 0 0]
[3422422698398376325392909769993092802442346248124937676171474729279196946444260701505121218281638646315160382753715750223673047694249800588811356449394481889730323384511801026601866107322714078381525132104249529238106527056917473769318133801826889000896132311112940611086322464093967935929379069080123042919981596348003117105755720 0 0 0 0 0 0 0 0 0 0 0 0 0 0 0 0 1 0 0 0 0 0 0 0 0 0 0 0 0 0 0 0 0 0 0 0 0 0 0 0 0 0 0 0 0 0 0 0 0 0 0 0 0 0 0 0 0 0 0 0 0 0 0 0 0 0 0 0 0 0 0 0 0 0 0 0 0 0 0 0 0 0 0 0 0 0 0 0 0 0 0 0 0 0 0 0 0 0 0 0 0 0 0 0 0 0 0 0 0]
[8164979392497269442426486957013471965208167271557993840099508012830238803917296955733629726288624451561329387829542897093857489804877311574956723564482660302036216634606937871026886645899860122025171059908942879474017834989564912014124278351424866583662242413201192670013111207198198656614056369102990531054875961211993654998145521 0 0 0 0 0 0 0 0 0 0 0 0 0 0 0 0 0 1 0 0 0 0 0 0 0 0 0 0 0 0 0 0 0 0 0 0 0 0 0 0 0 0 0 0 0 0 0 0 0 0 0 0 0 0 0 0 0 0 0 0 0 0 0 0 0 0 0 0 0 0 0 0 0 0 0 0 0 0 0 0 0 0 0 0 0 0 0 0 0 0 0 0 0 0 0 0 0 0 0 0 0 0 0 0 0 0 0 0 0]
[10101498872748093941524176183356394384085467807022070271558761550833529036691951552206572044932585715644625634539829262758876426790680509911854736190849959542049935799766726910398044522191748787456587342600999378309206627499244287431023701313399853345919461473955839422818526361036998785244908674078424408059722994703245246288351179 0 0 0 0 0 0 0 0 0 0 0 0 0 0 0 0 0 0 1 0 0 0 0 0 0 0 0 0 0 0 0 0 0 0 0 0 0 0 0 0 0 0 0 0 0 0 0 0 0 0 0 0 0 0 0 0 0 0 0 0 0 0 0 0 0 0 0 0 0 0 0 0 0 0 0 0 0 0 0 0 0 0 0 0 0 0 0 0 0 0 0 0 0 0 0 0 0 0 0 0 0 0 0 0 0 0 0 0 0]
[9558943268669068912823715131773756920162128121059789507807415455390629675663699660421777651915373195378355312228146793341671164546541743260843189720239345863586768172253247834048192323078336155381501520227259828705384645995365742514933497518724973733638900036687765947893344966828586272277730533709788210263744622676438031542156661 0 0 0 0 0 0 0 0 0 0 0 0 0 0 0 0 0 0 0 1 0 0 0 0 0 0 0 0 0 0 0 0 0 0 0 0 0 0 0 0 0 0 0 0 0 0 0 0 0 0 0 0 0 0 0 0 0 0 0 0 0 0 0 0 0 0 0 0 0 0 0 0 0 0 0 0 0 0 0 0 0 0 0 0 0 0 0 0 0 0 0 0 0 0 0 0 0 0 0 0 0 0 0 0 0 0 0 0 0]
[4440421128107175813298392631515197128750202838403349090637803395661203192463084411930505527653460386078625702751674057403825985741134154097651457495137100798677432882232489617816016378391331787589985807554821938136027009130876797314584935282324470022108271445675330547716790270393799282182915685724969172611843235154853009085788787 0 0 0 0 0 0 0 0 0 0 0 0 0 0 0 0 0 0 0 0 1 0 0 0 0 0 0 0 0 0 0 0 0 0 0 0 0 0 0 0 0 0 0 0 0 0 0 0 0 0 0 0 0 0 0 0 0 0 0 0 0 0 0 0 0 0 0 0 0 0 0 0 0 0 0 0 0 0 0 0 0 0 0 0 0 0 0 0 0 0 0 0 0 0 0 0 0 0 0 0 0 0 0 0 0 0 0 0 0]
[10086297475313577215526870209287969411563493249122583788592358439337131895028377696299707251369502131700775932344373160571475030060732892775672535292954889710174772751368139162147306832457613142409458831303660157498673107657187190483169477211317000523268900273585635949553814998920879544428861517348267153509573547302706194444341772 0 0 0 0 0 0 0 0 0 0 0 0 0 0 0 0 0 0 0 0 0 1 0 0 0 0 0 0 0 0 0 0 0 0 0 0 0 0 0 0 0 0 0 0 0 0 0 0 0 0 0 0 0 0 0 0 0 0 0 0 0 0 0 0 0 0 0 0 0 0 0 0 0 0 0 0 0 0 0 0 0 0 0 0 0 0 0 0 0 0 0 0 0 0 0 0 0 0 0 0 0 0 0 0 0 0 0 0 0]
[9388989250121055388147139043832167404458302827130679930072062134028910165065895899189407367331329213989214046399913217870324283287759501622185918764769994774002035033532818756012699322389683620543553252299883310269237298696358187984789450161731999018826316574045890020158318462621354449818012127824819865401767866287730401672692933 0 0 0 0 0 0 0 0 0 0 0 0 0 0 0 0 0 0 0 0 0 0 1 0 0 0 0 0 0 0 0 0 0 0 0 0 0 0 0 0 0 0 0 0 0 0 0 0 0 0 0 0 0 0 0 0 0 0 0 0 0 0 0 0 0 0 0 0 0 0 0 0 0 0 0 0 0 0 0 0 0 0 0 0 0 0 0 0 0 0 0 0 0 0 0 0 0 0 0 0 0 0 0 0 0 0 0 0 0]
[5110026034921568817717358148908333213072710625127894509105786438404601189475628675828756602168545799677249014511690088062594923176524058873401887931072352053724678068369384498240310637296006516919099200109268002406053697631982385846096403235259068564773677444797914005998633471416978816139793345451168601188253284733309649380824272 0 0 0 0 0 0 0 0 0 0 0 0 0 0 0 0 0 0 0 0 0 0 0 1 0 0 0 0 0 0 0 0 0 0 0 0 0 0 0 0 0 0 0 0 0 0 0 0 0 0 0 0 0 0 0 0 0 0 0 0 0 0 0 0 0 0 0 0 0 0 0 0 0 0 0 0 0 0 0 0 0 0 0 0 0 0 0 0 0 0 0 0 0 0 0 0 0 0 0 0 0 0 0 0 0 0 0 0 0]
[3373434149363097694042704051366183288184285815795888227873284931346397809561268855660164007788370486755724230417625757216117387790642760867222025599828811470301036350958093583348039842555858514923193565453277135968191354917227316378143725962467570488306133399605116127943690594891403295096914833336575142207480247621988821951330988 0 0 0 0 0 0 0 0 0 0 0 0 0 0 0 0 0 0 0 0 0 0 0 0 1 0 0 0 0 0 0 0 0 0 0 0 0 0 0 0 0 0 0 0 0 0 0 0 0 0 0 0 0 0 0 0 0 0 0 0 0 0 0 0 0 0 0 0 0 0 0 0 0 0 0 0 0 0 0 0 0 0 0 0 0 0 0 0 0 0 0 0 0 0 0 0 0 0 0 0 0 0 0 0 0 0 0 0 0]
[10196646133030802326972801965779725014878232113873176772868543435926396454619335469915215433813135151300885778065685904111835413349558265918480824182987262947138861390394794355300849947801281113182383822999038657651078970077971090326249306928776365192281130258009917775235913772754659717178187036047281661530781187279885874910615041 0 0 0 0 0 0 0 0 0 0 0 0 0 0 0 0 0 0 0 0 0 0 0 0 0 1 0 0 0 0 0 0 0 0 0 0 0 0 0 0 0 0 0 0 0 0 0 0 0 0 0 0 0 0 0 0 0 0 0 0 0 0 0 0 0 0 0 0 0 0 0 0 0 0 0 0 0 0 0 0 0 0 0 0 0 0 0 0 0 0 0 0 0 0 0 0 0 0 0 0 0 0 0 0 0 0 0 0 0]
[1292878341440158909486794009605138879341449071367272654060340225480590249211887044120611640954196247706724951662781731012480499173735528465147440169354378565889821399844257736647951852809724484848616567683460895393410866108328189593880824139322444587271276817559234360097208556108922718752007577662292631594043466513896740601057850 0 0 0 0 0 0 0 0 0 0 0 0 0 0 0 0 0 0 0 0 0 0 0 0 0 0 1 0 0 0 0 0 0 0 0 0 0 0 0 0 0 0 0 0 0 0 0 0 0 0 0 0 0 0 0 0 0 0 0 0 0 0 0 0 0 0 0 0 0 0 0 0 0 0 0 0 0 0 0 0 0 0 0 0 0 0 0 0 0 0 0 0 0 0 0 0 0 0 0 0 0 0 0 0 0 0 0 0 0]
[20174600188011981031870761114488081270964705174153530685107060276931282975646888305030606674911310979323645501600448475875265082620194544419275532607834400024380802928733926595539049287638755270465732635183988813428979665517076763460291435307393822231967041681954762103367228111382467910313466845554335088417229132270681519349149 0 0 0 0 0 0 0 0 0 0 0 0 0 0 0 0 0 0 0 0 0 0 0 0 0 0 0 1 0 0 0 0 0 0 0 0 0 0 0 0 0 0 0 0 0 0 0 0 0 0 0 0 0 0 0 0 0 0 0 0 0 0 0 0 0 0 0 0 0 0 0 0 0 0 0 0 0 0 0 0 0 0 0 0 0 0 0 0 0 0 0 0 0 0 0 0 0 0 0 0 0 0 0 0 0 0 0 0 0]
[2432493803312963273569514414009642650850186912837417130160338038000858728589677319859457270199626700746683668438198451917494553257926529778951883039428467444266763233822143937447267743624425062015282524194146256579333805864597343201604676146271404526481895948944888901721775559684266933141137726792904125596815820133874253713578403 0 0 0 0 0 0 0 0 0 0 0 0 0 0 0 0 0 0 0 0 0 0 0 0 0 0 0 0 1 0 0 0 0 0 0 0 0 0 0 0 0 0 0 0 0 0 0 0 0 0 0 0 0 0 0 0 0 0 0 0 0 0 0 0 0 0 0 0 0 0 0 0 0 0 0 0 0 0 0 0 0 0 0 0 0 0 0 0 0 0 0 0 0 0 0 0 0 0 0 0 0 0 0 0 0 0 0 0 0]
[3595813415638131988938897814863967709320878416038415142565552373189305102504243282834966497338980305565622414465290469300125747492531729962336457145509616341245628758367844431386297407677268417326498845434005056361437825288236135482981384310071506712001482046275219601761317629219457379977909432267179791193446203534043816829564262 0 0 0 0 0 0 0 0 0 0 0 0 0 0 0 0 0 0 0 0 0 0 0 0 0 0 0 0 0 1 0 0 0 0 0 0 0 0 0 0 0 0 0 0 0 0 0 0 0 0 0 0 0 0 0 0 0 0 0 0 0 0 0 0 0 0 0 0 0 0 0 0 0 0 0 0 0 0 0 0 0 0 0 0 0 0 0 0 0 0 0 0 0 0 0 0 0 0 0 0 0 0 0 0 0 0 0 0 0]
[4301344562488975491756596894716069626499367153457857352166088582228044884349690721071209514613421405930742602391842908984048841352195681871762081666984891208322445962808317490912276289431454913727550521648205756988728564208560439609846735930567476516865959419880668245328742997302889194217192318900213534064477836401287661008059472 0 0 0 0 0 0 0 0 0 0 0 0 0 0 0 0 0 0 0 0 0 0 0 0 0 0 0 0 0 0 1 0 0 0 0 0 0 0 0 0 0 0 0 0 0 0 0 0 0 0 0 0 0 0 0 0 0 0 0 0 0 0 0 0 0 0 0 0 0 0 0 0 0 0 0 0 0 0 0 0 0 0 0 0 0 0 0 0 0 0 0 0 0 0 0 0 0 0 0 0 0 0 0 0 0 0 0 0 0]
[9542956138977431249287900210132374174875214777667668519447570724520216488874586401107829374083088313947101676644509210774936455034263846982173497697893082016090311605307767408645260454152443142133904264454992473901589818902833281286256219493766171561344291957693584111308448694106542852477357297710033943857241269525750283782395779 0 0 0 0 0 0 0 0 0 0 0 0 0 0 0 0 0 0 0 0 0 0 0 0 0 0 0 0 0 0 0 1 0 0 0 0 0 0 0 0 0 0 0 0 0 0 0 0 0 0 0 0 0 0 0 0 0 0 0 0 0 0 0 0 0 0 0 0 0 0 0 0 0 0 0 0 0 0 0 0 0 0 0 0 0 0 0 0 0 0 0 0 0 0 0 0 0 0 0 0 0 0 0 0 0 0 0 0 0]
[5547153528786541936715525085599154690913459268561837390495760503966863355620502416293065780409608346416642867279757988434044163369792091129719594796414520173863975497765845796907318189385947965253745606330970107643632605430578606297214270142801770542647426842769056682884736958179245846465051813948025663343595615819063951335211069 0 0 0 0 0 0 0 0 0 0 0 0 0 0 0 0 0 0 0 0 0 0 0 0 0 0 0 0 0 0 0 0 1 0 0 0 0 0 0 0 0 0 0 0 0 0 0 0 0 0 0 0 0 0 0 0 0 0 0 0 0 0 0 0 0 0 0 0 0 0 0 0 0 0 0 0 0 0 0 0 0 0 0 0 0 0 0 0 0 0 0 0 0 0 0 0 0 0 0 0 0 0 0 0 0 0 0 0 0]
[5437717451023941326285920672437505507320908699069723466238557952811360808693094705815371012502373083074497081644069135163817673968860384204935525602758725230743955278335174498407104080891908744120848746400467134556227706367100407891453199227563299457290123625704346490879446016482661410525347935702270503813963196090932353530947977 0 0 0 0 0 0 0 0 0 0 0 0 0 0 0 0 0 0 0 0 0 0 0 0 0 0 0 0 0 0 0 0 0 1 0 0 0 0 0 0 0 0 0 0 0 0 0 0 0 0 0 0 0 0 0 0 0 0 0 0 0 0 0 0 0 0 0 0 0 0 0 0 0 0 0 0 0 0 0 0 0 0 0 0 0 0 0 0 0 0 0 0 0 0 0 0 0 0 0 0 0 0 0 0 0 0 0 0 0]
[1047002338349998496847632645815539076968822738992206021593903680119059881460502301924648271964994870281570711771256746550170097064585558684796925361340917243016770779975074764007466191449974068648599956347546702716056427301694862515478911668998887924019852240907703182714953028823827905246871190033568679314907473695842854610525219 0 0 0 0 0 0 0 0 0 0 0 0 0 0 0 0 0 0 0 0 0 0 0 0 0 0 0 0 0 0 0 0 0 0 1 0 0 0 0 0 0 0 0 0 0 0 0 0 0 0 0 0 0 0 0 0 0 0 0 0 0 0 0 0 0 0 0 0 0 0 0 0 0 0 0 0 0 0 0 0 0 0 0 0 0 0 0 0 0 0 0 0 0 0 0 0 0 0 0 0 0 0 0 0 0 0 0 0 0]
[1381012517076612059202545940566187218519215615725986683435887785530693698845845164209474710858485254290406782788200740435084722014726094082575355087484370275480409329680009411729293115019699999152852955603756004927552884554644488746098319104983472582140091346378367866617205808746368095450213937783722645612536218961693174485741579 0 0 0 0 0 0 0 0 0 0 0 0 0 0 0 0 0 0 0 0 0 0 0 0 0 0 0 0 0 0 0 0 0 0 0 1 0 0 0 0 0 0 0 0 0 0 0 0 0 0 0 0 0 0 0 0 0 0 0 0 0 0 0 0 0 0 0 0 0 0 0 0 0 0 0 0 0 0 0 0 0 0 0 0 0 0 0 0 0 0 0 0 0 0 0 0 0 0 0 0 0 0 0 0 0 0 0 0 0]
[5698237468877955820013416260564834116143686983660552970092885794318330980196176646667084305148038106575522599224349774893221593649305262381814857050211459179813884035098636936682917194613751819158545227609720147937965460802097250765913281261515949369052716003314268826593068452274871992766439386976031872438302564188019492844465320 0 0 0 0 0 0 0 0 0 0 0 0 0 0 0 0 0 0 0 0 0 0 0 0 0 0 0 0 0 0 0 0 0 0 0 0 1 0 0 0 0 0 0 0 0 0 0 0 0 0 0 0 0 0 0 0 0 0 0 0 0 0 0 0 0 0 0 0 0 0 0 0 0 0 0 0 0 0 0 0 0 0 0 0 0 0 0 0 0 0 0 0 0 0 0 0 0 0 0 0 0 0 0 0 0 0 0 0 0]
[1064071884207840083583372382792326920588177979035467130636750998160432009543788599966737275098848789989749332306449786359096486970916399986667233611918325352070927433073751426629263394319887873684365299391555046356710622022824440209857185026184417060442324541258454105952132910894362950845958942943972528611027511221455394397849903 0 0 0 0 0 0 0 0 0 0 0 0 0 0 0 0 0 0 0 0 0 0 0 0 0 0 0 0 0 0 0 0 0 0 0 0 0 1 0 0 0 0 0 0 0 0 0 0 0 0 0 0 0 0 0 0 0 0 0 0 0 0 0 0 0 0 0 0 0 0 0 0 0 0 0 0 0 0 0 0 0 0 0 0 0 0 0 0 0 0 0 0 0 0 0 0 0 0 0 0 0 0 0 0 0 0 0 0 0]
[6460261327763735747541629417943564853277791330898611066593595928925567122243089038707652270083490417138002295740572783212934232003661916090570163968166919877074616389107955265072489873986800047756652577805641944128777741701099017647346593358390007362748120830986393061714770380631706775213420950100438016927190576438828327474772040 0 0 0 0 0 0 0 0 0 0 0 0 0 0 0 0 0 0 0 0 0 0 0 0 0 0 0 0 0 0 0 0 0 0 0 0 0 0 1 0 0 0 0 0 0 0 0 0 0 0 0 0 0 0 0 0 0 0 0 0 0 0 0 0 0 0 0 0 0 0 0 0 0 0 0 0 0 0 0 0 0 0 0 0 0 0 0 0 0 0 0 0 0 0 0 0 0 0 0 0 0 0 0 0 0 0 0 0 0]
[8860844750645766008293942157046896623312512795136012581759963703160854713484650478023251759037861553708957269377024038599040689398573966306095701305563624845068011922198791466163588974581961404615047357392828227612938555567290127345157598762895566744186526016615283581616545648241005849357463878544063312791387770432897093378695249 0 0 0 0 0 0 0 0 0 0 0 0 0 0 0 0 0 0 0 0 0 0 0 0 0 0 0 0 0 0 0 0 0 0 0 0 0 0 0 1 0 0 0 0 0 0 0 0 0 0 0 0 0 0 0 0 0 0 0 0 0 0 0 0 0 0 0 0 0 0 0 0 0 0 0 0 0 0 0 0 0 0 0 0 0 0 0 0 0 0 0 0 0 0 0 0 0 0 0 0 0 0 0 0 0 0 0 0 0]
[904569641514977546903600479839775475332768852901489113475677433463275832414697693664690404586596960824291859800215823699858441786159268883158023567752001140307879126654629015142307344779835873435461914153751245337261778788406859440058648429981740796891184902778870435797559234880257217602707890055418744118653870963630808692998410 0 0 0 0 0 0 0 0 0 0 0 0 0 0 0 0 0 0 0 0 0 0 0 0 0 0 0 0 0 0 0 0 0 0 0 0 0 0 0 0 1 0 0 0 0 0 0 0 0 0 0 0 0 0 0 0 0 0 0 0 0 0 0 0 0 0 0 0 0 0 0 0 0 0 0 0 0 0 0 0 0 0 0 0 0 0 0 0 0 0 0 0 0 0 0 0 0 0 0 0 0 0 0 0 0 0 0 0 0]
[10490326808446677330095006181549945791412439957819329836086606088837642577607840845306008243123565613879406570374063296300517375257763207937223744645744985822070833975018961818754943220176415038148240956748387338651373339514165490439908033488505605804753929902421102365663479170587072279113401139245877934555797409913786165279256085 0 0 0 0 0 0 0 0 0 0 0 0 0 0 0 0 0 0 0 0 0 0 0 0 0 0 0 0 0 0 0 0 0 0 0 0 0 0 0 0 0 1 0 0 0 0 0 0 0 0 0 0 0 0 0 0 0 0 0 0 0 0 0 0 0 0 0 0 0 0 0 0 0 0 0 0 0 0 0 0 0 0 0 0 0 0 0 0 0 0 0 0 0 0 0 0 0 0 0 0 0 0 0 0 0 0 0 0 0]
[9806756439681593318359604612470672944659160597727447594907627038340416344476584665780160646738523160981981652998394251625167484735522056289714980516236284616632651421101690430684222291077370399254753235185200011307753939491198267484008281759030743905917753636055954332309658738011263261231947789098031714637618031447553650141255208 0 0 0 0 0 0 0 0 0 0 0 0 0 0 0 0 0 0 0 0 0 0 0 0 0 0 0 0 0 0 0 0 0 0 0 0 0 0 0 0 0 0 1 0 0 0 0 0 0 0 0 0 0 0 0 0 0 0 0 0 0 0 0 0 0 0 0 0 0 0 0 0 0 0 0 0 0 0 0 0 0 0 0 0 0 0 0 0 0 0 0 0 0 0 0 0 0 0 0 0 0 0 0 0 0 0 0 0 0]
[5778766511890519352282517725988617608242399570195520721143758959263511386682935168286916835746465300093870852081586586786779131953636928672533723893251920110247459840166009770090676507929504214098683772048698965374434801515329303138194166782782911408232349851727419416145953787549753302212724686932134965598727638576412363805635465 0 0 0 0 0 0 0 0 0 0 0 0 0 0 0 0 0 0 0 0 0 0 0 0 0 0 0 0 0 0 0 0 0 0 0 0 0 0 0 0 0 0 0 1 0 0 0 0 0 0 0 0 0 0 0 0 0 0 0 0 0 0 0 0 0 0 0 0 0 0 0 0 0 0 0 0 0 0 0 0 0 0 0 0 0 0 0 0 0 0 0 0 0 0 0 0 0 0 0 0 0 0 0 0 0 0 0 0 0]
[3550403404962750187995120366903854591850450535278326457273530184262445456604700645173812102537178654121132166930506733547788570471675301902800782617137174327602491862045185072106525484567661576569700442009109478801929500440505055425456690711314371707300897742480772377897119288239789707253963756356971723815726092492943684598483516 0 0 0 0 0 0 0 0 0 0 0 0 0 0 0 0 0 0 0 0 0 0 0 0 0 0 0 0 0 0 0 0 0 0 0 0 0 0 0 0 0 0 0 0 1 0 0 0 0 0 0 0 0 0 0 0 0 0 0 0 0 0 0 0 0 0 0 0 0 0 0 0 0 0 0 0 0 0 0 0 0 0 0 0 0 0 0 0 0 0 0 0 0 0 0 0 0 0 0 0 0 0 0 0 0 0 0 0 0]
[9423894315064755121636578827959314770777522237310254318692966166045459722764386374108486519972299032460243933540499260624110869652584452232527742432563644237436115883745422067359013742791484826236590439279113842711061579708640827451120497416414699461436021694442127623882735367463468822848815419378809869636451326165829984225623417 0 0 0 0 0 0 0 0 0 0 0 0 0 0 0 0 0 0 0 0 0 0 0 0 0 0 0 0 0 0 0 0 0 0 0 0 0 0 0 0 0 0 0 0 0 1 0 0 0 0 0 0 0 0 0 0 0 0 0 0 0 0 0 0 0 0 0 0 0 0 0 0 0 0 0 0 0 0 0 0 0 0 0 0 0 0 0 0 0 0 0 0 0 0 0 0 0 0 0 0 0 0 0 0 0 0 0 0 0]
[2607876654113250755538474076390715414365120359965414091298241778959178561409576486448354234323907275042174492374661955503879986944933897808734688578069966585754084724352089616419067592310512271824363127065628074172447470461913268580209906135320225006280708544046356755564127659597055528946765491137848716483597482442162708677739975 0 0 0 0 0 0 0 0 0 0 0 0 0 0 0 0 0 0 0 0 0 0 0 0 0 0 0 0 0 0 0 0 0 0 0 0 0 0 0 0 0 0 0 0 0 0 1 0 0 0 0 0 0 0 0 0 0 0 0 0 0 0 0 0 0 0 0 0 0 0 0 0 0 0 0 0 0 0 0 0 0 0 0 0 0 0 0 0 0 0 0 0 0 0 0 0 0 0 0 0 0 0 0 0 0 0 0 0 0]
[6018531331404353361350265615753511589055053323451207350868259709274911829174401863160027088957343964292317880081061155959135653420262456958813722311988857260611067757205405407266496682973108354935885600771167627123228025344806739083941183764872202083269339312110181014031416420312182710183748239434831912158938129816602126652041853 0 0 0 0 0 0 0 0 0 0 0 0 0 0 0 0 0 0 0 0 0 0 0 0 0 0 0 0 0 0 0 0 0 0 0 0 0 0 0 0 0 0 0 0 0 0 0 1 0 0 0 0 0 0 0 0 0 0 0 0 0 0 0 0 0 0 0 0 0 0 0 0 0 0 0 0 0 0 0 0 0 0 0 0 0 0 0 0 0 0 0 0 0 0 0 0 0 0 0 0 0 0 0 0 0 0 0 0 0]
[843371485052792102105269306738150137883344596577183429221768314441140551077283618845693993651734747829569250533407203318986939521823187950146729433831398284190430581902271140722649284725132311276048456841859096632202011805589515863370924231011264755122728616633847493003935540308022700062038333994336421381177657034214965129877513 0 0 0 0 0 0 0 0 0 0 0 0 0 0 0 0 0 0 0 0 0 0 0 0 0 0 0 0 0 0 0 0 0 0 0 0 0 0 0 0 0 0 0 0 0 0 0 0 1 0 0 0 0 0 0 0 0 0 0 0 0 0 0 0 0 0 0 0 0 0 0 0 0 0 0 0 0 0 0 0 0 0 0 0 0 0 0 0 0 0 0 0 0 0 0 0 0 0 0 0 0 0 0 0 0 0 0 0 0]
[1452325778617023161216079255607640989018406228851738677598020217726839832118508839773508257276364627510079688406390435598717154899697267011731721529993250137047526027836073423899896584035533651975692942911634682603305381399031920260366085912628302663075745002247758620952992735754419235721519927001622661381587107304091838053141920 0 0 0 0 0 0 0 0 0 0 0 0 0 0 0 0 0 0 0 0 0 0 0 0 0 0 0 0 0 0 0 0 0 0 0 0 0 0 0 0 0 0 0 0 0 0 0 0 0 1 0 0 0 0 0 0 0 0 0 0 0 0 0 0 0 0 0 0 0 0 0 0 0 0 0 0 0 0 0 0 0 0 0 0 0 0 0 0 0 0 0 0 0 0 0 0 0 0 0 0 0 0 0 0 0 0 0 0 0]
[10534829642044208709062493330685819786154776298595118639156466505112753321361836715459653750969824411936212520639812212364915418900472767051268022604350141643866387502802473225113052613010084254331488223797412154771848133965138199543838696886991511385329588189405028610235158691734881065638455665655150738153261874979795462187524325 0 0 0 0 0 0 0 0 0 0 0 0 0 0 0 0 0 0 0 0 0 0 0 0 0 0 0 0 0 0 0 0 0 0 0 0 0 0 0 0 0 0 0 0 0 0 0 0 0 0 1 0 0 0 0 0 0 0 0 0 0 0 0 0 0 0 0 0 0 0 0 0 0 0 0 0 0 0 0 0 0 0 0 0 0 0 0 0 0 0 0 0 0 0 0 0 0 0 0 0 0 0 0 0 0 0 0 0 0]
[10266183779617030766109994677631440192190612413789129992163570468131991502316694992066375394579569036883112245468615654486033765690959908122266144412686926018419640571054097352643066036221761008260257738481351215729140250372934609698119604579471257258175811454663822363539532850596450102891654902561094765884449068639583088284863982 0 0 0 0 0 0 0 0 0 0 0 0 0 0 0 0 0 0 0 0 0 0 0 0 0 0 0 0 0 0 0 0 0 0 0 0 0 0 0 0 0 0 0 0 0 0 0 0 0 0 0 1 0 0 0 0 0 0 0 0 0 0 0 0 0 0 0 0 0 0 0 0 0 0 0 0 0 0 0 0 0 0 0 0 0 0 0 0 0 0 0 0 0 0 0 0 0 0 0 0 0 0 0 0 0 0 0 0 0]
[6758633646061639993102323253721478001444479275169300050856974942987170496964498867008724574977504407084402529808992682934473598041340985095530774793758403856027580433354075650501959088121093764070069149091210516005781837120942629588630254367795499345023616908682915730741669878278271261099644011806760044787266863634473224266269765 0 0 0 0 0 0 0 0 0 0 0 0 0 0 0 0 0 0 0 0 0 0 0 0 0 0 0 0 0 0 0 0 0 0 0 0 0 0 0 0 0 0 0 0 0 0 0 0 0 0 0 0 1 0 0 0 0 0 0 0 0 0 0 0 0 0 0 0 0 0 0 0 0 0 0 0 0 0 0 0 0 0 0 0 0 0 0 0 0 0 0 0 0 0 0 0 0 0 0 0 0 0 0 0 0 0 0 0 0]
[8252390594840328806042430117426125945253022325817802356134122661291952143554199574334737001458974636395983003149565641134093820581618851020070723255255909854623794030602193984019615560043186661687406956223126117463021227844097311406613306349381107216799313914389165658950210780910698694512680883788788736364337995686740272401889195 0 0 0 0 0 0 0 0 0 0 0 0 0 0 0 0 0 0 0 0 0 0 0 0 0 0 0 0 0 0 0 0 0 0 0 0 0 0 0 0 0 0 0 0 0 0 0 0 0 0 0 0 0 1 0 0 0 0 0 0 0 0 0 0 0 0 0 0 0 0 0 0 0 0 0 0 0 0 0 0 0 0 0 0 0 0 0 0 0 0 0 0 0 0 0 0 0 0 0 0 0 0 0 0 0 0 0 0 0]
[4590377204724331862073236530247872881419623576717588862497265788023127095659240012186959650075398925839791824135514956815833299744454715245281602346842285391878100720168961243479505972671685691141520792643390681752511422867863330875477779072352286445426920513673814345215455515851369362153955355783274126538855220629163110472158515 0 0 0 0 0 0 0 0 0 0 0 0 0 0 0 0 0 0 0 0 0 0 0 0 0 0 0 0 0 0 0 0 0 0 0 0 0 0 0 0 0 0 0 0 0 0 0 0 0 0 0 0 0 0 1 0 0 0 0 0 0 0 0 0 0 0 0 0 0 0 0 0 0 0 0 0 0 0 0 0 0 0 0 0 0 0 0 0 0 0 0 0 0 0 0 0 0 0 0 0 0 0 0 0 0 0 0 0 0]
[2335081415048027393927256601550333234062849805563140707237037716451943012465993305233118834992707071359169478617147183599073209756768802419046837981551112227503868856374588379449052055895858676429499775241147763271287730000642221573106677377248363593956458645717992685028437279632897919948175796083621617800259051489073214814069143 0 0 0 0 0 0 0 0 0 0 0 0 0 0 0 0 0 0 0 0 0 0 0 0 0 0 0 0 0 0 0 0 0 0 0 0 0 0 0 0 0 0 0 0 0 0 0 0 0 0 0 0 0 0 0 1 0 0 0 0 0 0 0 0 0 0 0 0 0 0 0 0 0 0 0 0 0 0 0 0 0 0 0 0 0 0 0 0 0 0 0 0 0 0 0 0 0 0 0 0 0 0 0 0 0 0 0 0 0]
[10556732762675176576987459005385788870016210435160095693852041171564602184640072848064825238130645126120799383262172299594050331542412981308546541097926788528998231007828518937883469540151297105447637963275212516878180778593226682472022078318791406356094949661159519023509554806061059176100296222672571172293834928426481573733383343 0 0 0 0 0 0 0 0 0 0 0 0 0 0 0 0 0 0 0 0 0 0 0 0 0 0 0 0 0 0 0 0 0 0 0 0 0 0 0 0 0 0 0 0 0 0 0 0 0 0 0 0 0 0 0 0 1 0 0 0 0 0 0 0 0 0 0 0 0 0 0 0 0 0 0 0 0 0 0 0 0 0 0 0 0 0 0 0 0 0 0 0 0 0 0 0 0 0 0 0 0 0 0 0 0 0 0 0 0]
[6079578083840326659090916054617461701483850338856384437369613717954372314750567017882124314763326626334379964647351306356137462322269035302162582219249963440767102767040321506896860101226414078435351619039492210914497157018037864128704686271624369291476138978796263252818090927742707733751358923920654150887084047428227767139725567 0 0 0 0 0 0 0 0 0 0 0 0 0 0 0 0 0 0 0 0 0 0 0 0 0 0 0 0 0 0 0 0 0 0 0 0 0 0 0 0 0 0 0 0 0 0 0 0 0 0 0 0 0 0 0 0 0 1 0 0 0 0 0 0 0 0 0 0 0 0 0 0 0 0 0 0 0 0 0 0 0 0 0 0 0 0 0 0 0 0 0 0 0 0 0 0 0 0 0 0 0 0 0 0 0 0 0 0 0]
[9373596921228236849140355809512946779813960849523541438582362190674362199273917954317702549743196922916902370563093165443938749595127131032145579764149728080030032665867840988902678672950557929983111077979817024155017581695150418638525160546878211103045038189957709499736800522386218808325240750632761901860083798056692492566516680 0 0 0 0 0 0 0 0 0 0 0 0 0 0 0 0 0 0 0 0 0 0 0 0 0 0 0 0 0 0 0 0 0 0 0 0 0 0 0 0 0 0 0 0 0 0 0 0 0 0 0 0 0 0 0 0 0 0 1 0 0 0 0 0 0 0 0 0 0 0 0 0 0 0 0 0 0 0 0 0 0 0 0 0 0 0 0 0 0 0 0 0 0 0 0 0 0 0 0 0 0 0 0 0 0 0 0 0 0]
[6681220273557280903181095590858710439234681785100050296264754539880742606921299347455896192581534871276643545885589281981171047550390152330312631620266808818931341010195512261249196482527962922726061527502765992191597778392796232386584647732510156147727748334537170965413815685336203284086287200597208108098417170435977798350726492 0 0 0 0 0 0 0 0 0 0 0 0 0 0 0 0 0 0 0 0 0 0 0 0 0 0 0 0 0 0 0 0 0 0 0 0 0 0 0 0 0 0 0 0 0 0 0 0 0 0 0 0 0 0 0 0 0 0 0 1 0 0 0 0 0 0 0 0 0 0 0 0 0 0 0 0 0 0 0 0 0 0 0 0 0 0 0 0 0 0 0 0 0 0 0 0 0 0 0 0 0 0 0 0 0 0 0 0 0]
[889337875358311296761317286694709169683083825735655350841660204292502821098036530044344015304883736594594926852860162685445285840799725998623625372109641070917768299749061677136664500794657438944350532701034257200978642795463645721592746518717152810282455199510341171145406470258700725304798579719105645875700174272600893595800963 0 0 0 0 0 0 0 0 0 0 0 0 0 0 0 0 0 0 0 0 0 0 0 0 0 0 0 0 0 0 0 0 0 0 0 0 0 0 0 0 0 0 0 0 0 0 0 0 0 0 0 0 0 0 0 0 0 0 0 0 1 0 0 0 0 0 0 0 0 0 0 0 0 0 0 0 0 0 0 0 0 0 0 0 0 0 0 0 0 0 0 0 0 0 0 0 0 0 0 0 0 0 0 0 0 0 0 0 0]
[6531971968885527919130600394359581684491659499008536108627358286922266144655571000924925165680852015341565284195583211168352785040902619013768566792969627652115545618317409498221204089234479052624777877033190499770048828523475906132118106644579040558193235208167355101520707849450780269062092560047795658278208067001806993437851700 0 0 0 0 0 0 0 0 0 0 0 0 0 0 0 0 0 0 0 0 0 0 0 0 0 0 0 0 0 0 0 0 0 0 0 0 0 0 0 0 0 0 0 0 0 0 0 0 0 0 0 0 0 0 0 0 0 0 0 0 0 1 0 0 0 0 0 0 0 0 0 0 0 0 0 0 0 0 0 0 0 0 0 0 0 0 0 0 0 0 0 0 0 0 0 0 0 0 0 0 0 0 0 0 0 0 0 0 0]
[9653198939381301310134182628007594252914308037982770041614551171663353931051050833420636795087460554644365671234520394502617692130030620400907038807177529566594063088141048427934074779928528415311520167488893499804698457026756314311852141555067810112254812973415337832238263820518056888411610281702152310104890085016141993438564599 0 0 0 0 0 0 0 0 0 0 0 0 0 0 0 0 0 0 0 0 0 0 0 0 0 0 0 0 0 0 0 0 0 0 0 0 0 0 0 0 0 0 0 0 0 0 0 0 0 0 0 0 0 0 0 0 0 0 0 0 0 0 1 0 0 0 0 0 0 0 0 0 0 0 0 0 0 0 0 0 0 0 0 0 0 0 0 0 0 0 0 0 0 0 0 0 0 0 0 0 0 0 0 0 0 0 0 0 0]
[3933433201352347795054764720147087373518864537731968786321208275682136704005589507393360218755009205694415133993268813201286073205702583890070099809969031457325615099349880743041043593907732753195849201606501804661592459318905967629984356328694655990274365934956212713827325206129302996434273126641345637407505973173599159837227521 0 0 0 0 0 0 0 0 0 0 0 0 0 0 0 0 0 0 0 0 0 0 0 0 0 0 0 0 0 0 0 0 0 0 0 0 0 0 0 0 0 0 0 0 0 0 0 0 0 0 0 0 0 0 0 0 0 0 0 0 0 0 0 1 0 0 0 0 0 0 0 0 0 0 0 0 0 0 0 0 0 0 0 0 0 0 0 0 0 0 0 0 0 0 0 0 0 0 0 0 0 0 0 0 0 0 0 0 0]
[7775102690628303524763047341413223994976968307573241469126066437452885126205265991672972971769884537744765661209901943475358835067625766764683061413117243281796659522598554320833615636162735632267772481841470489670884108962876961930725353878195537115453251137985007756365402838697750659662867069422093850300508677067755165586832778 0 0 0 0 0 0 0 0 0 0 0 0 0 0 0 0 0 0 0 0 0 0 0 0 0 0 0 0 0 0 0 0 0 0 0 0 0 0 0 0 0 0 0 0 0 0 0 0 0 0 0 0 0 0 0 0 0 0 0 0 0 0 0 0 1 0 0 0 0 0 0 0 0 0 0 0 0 0 0 0 0 0 0 0 0 0 0 0 0 0 0 0 0 0 0 0 0 0 0 0 0 0 0 0 0 0 0 0 0]
[4024259259638291786805241890525020488217040372349394670845648172811160562195758999395897061368397254939121192070881273474021665988135272961396579562736554483550095432431829254570290322426154868649603445196887997636452560917556950284980443220453410884955423158019596660115855302909494428294286633209328046838666948785650158677883665 0 0 0 0 0 0 0 0 0 0 0 0 0 0 0 0 0 0 0 0 0 0 0 0 0 0 0 0 0 0 0 0 0 0 0 0 0 0 0 0 0 0 0 0 0 0 0 0 0 0 0 0 0 0 0 0 0 0 0 0 0 0 0 0 0 1 0 0 0 0 0 0 0 0 0 0 0 0 0 0 0 0 0 0 0 0 0 0 0 0 0 0 0 0 0 0 0 0 0 0 0 0 0 0 0 0 0 0 0]
[5396661206939910378097291282739338784464354028004860915042352206945072398991417875890131675043292342504113614322379439763055592333959906227904519744225587209991638506151544929111249218020425679705861601329260317778688282877423632997071442347085934949515472067229227437457870908941313712791588972021261902032826434455309076997518807 0 0 0 0 0 0 0 0 0 0 0 0 0 0 0 0 0 0 0 0 0 0 0 0 0 0 0 0 0 0 0 0 0 0 0 0 0 0 0 0 0 0 0 0 0 0 0 0 0 0 0 0 0 0 0 0 0 0 0 0 0 0 0 0 0 0 1 0 0 0 0 0 0 0 0 0 0 0 0 0 0 0 0 0 0 0 0 0 0 0 0 0 0 0 0 0 0 0 0 0 0 0 0 0 0 0 0 0 0]
[3784702915947533430736752948237023515844802050298892295234570703859199329600535828060791465561868902102115815189375806099491417627680952902474574323209903334816558761262648007177735786740076142326661270952780772940025202245535163056802448761969005772183923985078549433610064375235495376757680589549013196214719154613621050878557442 0 0 0 0 0 0 0 0 0 0 0 0 0 0 0 0 0 0 0 0 0 0 0 0 0 0 0 0 0 0 0 0 0 0 0 0 0 0 0 0 0 0 0 0 0 0 0 0 0 0 0 0 0 0 0 0 0 0 0 0 0 0 0 0 0 0 0 1 0 0 0 0 0 0 0 0 0 0 0 0 0 0 0 0 0 0 0 0 0 0 0 0 0 0 0 0 0 0 0 0 0 0 0 0 0 0 0 0 0]
[3095234287534217370082114482319714189085608008546721166478695399380381886668833048639977347494235196327841082623484942796091349241246687990059073138475945419505309227212973620174189250883165576200573131085379108638144541338682753408484323134237663856047186129009381819549733153801314780714865471693186948407083410790664536120133057 0 0 0 0 0 0 0 0 0 0 0 0 0 0 0 0 0 0 0 0 0 0 0 0 0 0 0 0 0 0 0 0 0 0 0 0 0 0 0 0 0 0 0 0 0 0 0 0 0 0 0 0 0 0 0 0 0 0 0 0 0 0 0 0 0 0 0 0 1 0 0 0 0 0 0 0 0 0 0 0 0 0 0 0 0 0 0 0 0 0 0 0 0 0 0 0 0 0 0 0 0 0 0 0 0 0 0 0 0]
[7354458752946635045347650048442158694345825737331581672356890535952621374519277328840765211695329381433234533790718674884800483943123225238768407137615615723943054803682313671431212917327920075884415328663324761227279993816584216066942107181858158351641543516504397928807513728552024229167464433286690899451047594469754355957859971 0 0 0 0 0 0 0 0 0 0 0 0 0 0 0 0 0 0 0 0 0 0 0 0 0 0 0 0 0 0 0 0 0 0 0 0 0 0 0 0 0 0 0 0 0 0 0 0 0 0 0 0 0 0 0 0 0 0 0 0 0 0 0 0 0 0 0 0 0 1 0 0 0 0 0 0 0 0 0 0 0 0 0 0 0 0 0 0 0 0 0 0 0 0 0 0 0 0 0 0 0 0 0 0 0 0 0 0 0]
[603777880540394097278014716604458055229871557660357399898435571860128009119993315287651325266159882513472703723226995485675170102618920452218614533505383498385673354937795417639029344434909080533856806877728493445182656493760720054908051916012613412282303088974822913311284747971635470753038361747613616818625059032945181883645855 0 0 0 0 0 0 0 0 0 0 0 0 0 0 0 0 0 0 0 0 0 0 0 0 0 0 0 0 0 0 0 0 0 0 0 0 0 0 0 0 0 0 0 0 0 0 0 0 0 0 0 0 0 0 0 0 0 0 0 0 0 0 0 0 0 0 0 0 0 0 1 0 0 0 0 0 0 0 0 0 0 0 0 0 0 0 0 0 0 0 0 0 0 0 0 0 0 0 0 0 0 0 0 0 0 0 0 0 0]
[9679683668911014975961979842627055671039060254659808984956141514781690127431830413209870635153955299404986903251843851195987922473718776453796887984525548826325589984699061089207449679113447966430618860478084086396290320929162038952502326132418309391478417563216182131794217660145442415637204257469123240606102265316803996437655867 0 0 0 0 0 0 0 0 0 0 0 0 0 0 0 0 0 0 0 0 0 0 0 0 0 0 0 0 0 0 0 0 0 0 0 0 0 0 0 0 0 0 0 0 0 0 0 0 0 0 0 0 0 0 0 0 0 0 0 0 0 0 0 0 0 0 0 0 0 0 0 1 0 0 0 0 0 0 0 0 0 0 0 0 0 0 0 0 0 0 0 0 0 0 0 0 0 0 0 0 0 0 0 0 0 0 0 0 0]
[10578057981897081079797411445988517611234833762209675623940862641985572374671072340438578914520133890907386254555160284736374866054510795548407015965070769393597305585619222142036222741554751033606032246475084440383243144461797107002044682271153740642508596415331737873984316564211956950005800579493001479484413387020794259817238771 0 0 0 0 0 0 0 0 0 0 0 0 0 0 0 0 0 0 0 0 0 0 0 0 0 0 0 0 0 0 0 0 0 0 0 0 0 0 0 0 0 0 0 0 0 0 0 0 0 0 0 0 0 0 0 0 0 0 0 0 0 0 0 0 0 0 0 0 0 0 0 0 1 0 0 0 0 0 0 0 0 0 0 0 0 0 0 0 0 0 0 0 0 0 0 0 0 0 0 0 0 0 0 0 0 0 0 0 0]
[10529596947923260583579668498410339790486900203636510640631228801809886155672083654425585288086326011262391851958715782310469287203302416182823205969351566399319017335099274121275703902167340327546983741388481378382020766853075713510341785765360367252217159972164656467864703728904076508121861768420211569516584056963769795195426213 0 0 0 0 0 0 0 0 0 0 0 0 0 0 0 0 0 0 0 0 0 0 0 0 0 0 0 0 0 0 0 0 0 0 0 0 0 0 0 0 0 0 0 0 0 0 0 0 0 0 0 0 0 0 0 0 0 0 0 0 0 0 0 0 0 0 0 0 0 0 0 0 0 1 0 0 0 0 0 0 0 0 0 0 0 0 0 0 0 0 0 0 0 0 0 0 0 0 0 0 0 0 0 0 0 0 0 0 0]
[6950770211646138392799036565112933579362997958871496666054527888365007151548997890610082971791276589700201575266912378354210728011665417327846761919937322532902078620964750190085672148893625005538113853282768399956823264327367885606592941221173504153061852351871970854106926650050729009814105559567400152054755347149874787322916490 0 0 0 0 0 0 0 0 0 0 0 0 0 0 0 0 0 0 0 0 0 0 0 0 0 0 0 0 0 0 0 0 0 0 0 0 0 0 0 0 0 0 0 0 0 0 0 0 0 0 0 0 0 0 0 0 0 0 0 0 0 0 0 0 0 0 0 0 0 0 0 0 0 0 1 0 0 0 0 0 0 0 0 0 0 0 0 0 0 0 0 0 0 0 0 0 0 0 0 0 0 0 0 0 0 0 0 0 0]
[690433883854923375692531381560009993831946737966745020907560384413801101119096850364365581296347682258625621751018646787693763671052921255183711675305429582276668285548366786949795342058132588378804547602382586941989989703689378714821911783386501707397710261656352189044416240527923072665576810853053371000746222170873061372430772 0 0 0 0 0 0 0 0 0 0 0 0 0 0 0 0 0 0 0 0 0 0 0 0 0 0 0 0 0 0 0 0 0 0 0 0 0 0 0 0 0 0 0 0 0 0 0 0 0 0 0 0 0 0 0 0 0 0 0 0 0 0 0 0 0 0 0 0 0 0 0 0 0 0 0 1 0 0 0 0 0 0 0 0 0 0 0 0 0 0 0 0 0 0 0 0 0 0 0 0 0 0 0 0 0 0 0 0 0]
[6988847309134846386048758111284266420161177209310497301190896541120483748513130028194657084594713037203508191311714712962618685721023311527240017260981368090917366451455427364371975265707854862598121164507587179008022148869981047887309463397742797471523136770318974096761933485976705527409047774038506647212302865533192734622266953 0 0 0 0 0 0 0 0 0 0 0 0 0 0 0 0 0 0 0 0 0 0 0 0 0 0 0 0 0 0 0 0 0 0 0 0 0 0 0 0 0 0 0 0 0 0 0 0 0 0 0 0 0 0 0 0 0 0 0 0 0 0 0 0 0 0 0 0 0 0 0 0 0 0 0 0 1 0 0 0 0 0 0 0 0 0 0 0 0 0 0 0 0 0 0 0 0 0 0 0 0 0 0 0 0 0 0 0 0]
[3054435397490462705460718345261097328688071019165317833296092311185812025792843863598322712062869963822461861020845227139607316774240555921238334363855649937172586017306825608086191710768453993399648859569336014991256346141688489536709188274336137448436642924412387166796041018073846752845573928021703285320499086598145571060026336 0 0 0 0 0 0 0 0 0 0 0 0 0 0 0 0 0 0 0 0 0 0 0 0 0 0 0 0 0 0 0 0 0 0 0 0 0 0 0 0 0 0 0 0 0 0 0 0 0 0 0 0 0 0 0 0 0 0 0 0 0 0 0 0 0 0 0 0 0 0 0 0 0 0 0 0 0 1 0 0 0 0 0 0 0 0 0 0 0 0 0 0 0 0 0 0 0 0 0 0 0 0 0 0 0 0 0 0 0]
[3434805208283553573418937075127243393659105873883060939562369238526357181562082545876093920782986156805308418792273405035973063740477786835835155757099438150108091707439424591954493828945883157694811087697137506528274392616230508776575198603723437366209725957314571055436002676733467187137443818831545808953037617879317499860708222 0 0 0 0 0 0 0 0 0 0 0 0 0 0 0 0 0 0 0 0 0 0 0 0 0 0 0 0 0 0 0 0 0 0 0 0 0 0 0 0 0 0 0 0 0 0 0 0 0 0 0 0 0 0 0 0 0 0 0 0 0 0 0 0 0 0 0 0 0 0 0 0 0 0 0 0 0 0 1 0 0 0 0 0 0 0 0 0 0 0 0 0 0 0 0 0 0 0 0 0 0 0 0 0 0 0 0 0 0]
[7740110699915082014474872270127353287171316997862112050227751889685554143011395219495890390017504116473799311395098469983425697710554944046778145408320620610223540659277791278080298123949410432831430529899051553799199582458625540819385941791276591938303708231135953942984203723125409291307423230269407713764134452960754230997332870 0 0 0 0 0 0 0 0 0 0 0 0 0 0 0 0 0 0 0 0 0 0 0 0 0 0 0 0 0 0 0 0 0 0 0 0 0 0 0 0 0 0 0 0 0 0 0 0 0 0 0 0 0 0 0 0 0 0 0 0 0 0 0 0 0 0 0 0 0 0 0 0 0 0 0 0 0 0 0 1 0 0 0 0 0 0 0 0 0 0 0 0 0 0 0 0 0 0 0 0 0 0 0 0 0 0 0 0 0]
[2288722519533029258193161016735487584504734162555809596266172279394041846761630135494584578490978296221101165987729238944801423530639365013406564252018037437853285283038744020695113107706529464643519000769359620318312642893220920049826561653360599057136610538143219017248206660620894447826006921790165485064255222001048976327588999 0 0 0 0 0 0 0 0 0 0 0 0 0 0 0 0 0 0 0 0 0 0 0 0 0 0 0 0 0 0 0 0 0 0 0 0 0 0 0 0 0 0 0 0 0 0 0 0 0 0 0 0 0 0 0 0 0 0 0 0 0 0 0 0 0 0 0 0 0 0 0 0 0 0 0 0 0 0 0 0 1 0 0 0 0 0 0 0 0 0 0 0 0 0 0 0 0 0 0 0 0 0 0 0 0 0 0 0 0]
[5136630783656111079874916050784277590162395091972384925757394307521661100352910076243514183235658263619645900159881657919040821015001462720035220507028399162401734634587643718570530875894358167886121497623957540030348139699009237013710528423929563038015175220742565770578041084917678655027515624738741145528603999254382905780010940 0 0 0 0 0 0 0 0 0 0 0 0 0 0 0 0 0 0 0 0 0 0 0 0 0 0 0 0 0 0 0 0 0 0 0 0 0 0 0 0 0 0 0 0 0 0 0 0 0 0 0 0 0 0 0 0 0 0 0 0 0 0 0 0 0 0 0 0 0 0 0 0 0 0 0 0 0 0 0 0 0 1 0 0 0 0 0 0 0 0 0 0 0 0 0 0 0 0 0 0 0 0 0 0 0 0 0 0 0]
[2830710267912046451470879169812727067102261850622625034175779179062860843519484176175177440733904335327117200787643302327496685915117356804930180737705947529674301275305227751594774509194163161524095215051746518861190592033384794746649174777218312770324760622847962503475517593621436967787016691635771904979658196680012908965266177 0 0 0 0 0 0 0 0 0 0 0 0 0 0 0 0 0 0 0 0 0 0 0 0 0 0 0 0 0 0 0 0 0 0 0 0 0 0 0 0 0 0 0 0 0 0 0 0 0 0 0 0 0 0 0 0 0 0 0 0 0 0 0 0 0 0 0 0 0 0 0 0 0 0 0 0 0 0 0 0 0 0 1 0 0 0 0 0 0 0 0 0 0 0 0 0 0 0 0 0 0 0 0 0 0 0 0 0 0]
[9537980440562284151851031409421835398560660194590586047600048653659700163316758664077576856664197344650044732855421123723274775384712866869498947457835727679798304769120262178335596848576849102890011654355558634685231081643851426122245408996798473560554687201129925499638764336178758504899465770905417515093160965121553740695187444 0 0 0 0 0 0 0 0 0 0 0 0 0 0 0 0 0 0 0 0 0 0 0 0 0 0 0 0 0 0 0 0 0 0 0 0 0 0 0 0 0 0 0 0 0 0 0 0 0 0 0 0 0 0 0 0 0 0 0 0 0 0 0 0 0 0 0 0 0 0 0 0 0 0 0 0 0 0 0 0 0 0 0 1 0 0 0 0 0 0 0 0 0 0 0 0 0 0 0 0 0 0 0 0 0 0 0 0 0]
[1560945217514809479271694062870088285853247201167491149782080557033185771139161988881581440890288705127284764408337266144786381278588029588324598554204590662381185844118640378554096239064440637134720160845902125080700601209762060671975226915273170335939243683539310217112434625702595531518666764676004552588375643252144316865173293 0 0 0 0 0 0 0 0 0 0 0 0 0 0 0 0 0 0 0 0 0 0 0 0 0 0 0 0 0 0 0 0 0 0 0 0 0 0 0 0 0 0 0 0 0 0 0 0 0 0 0 0 0 0 0 0 0 0 0 0 0 0 0 0 0 0 0 0 0 0 0 0 0 0 0 0 0 0 0 0 0 0 0 0 1 0 0 0 0 0 0 0 0 0 0 0 0 0 0 0 0 0 0 0 0 0 0 0 0]
[8058233541315610908872323830573317457988574861002013619225425073955047890132764752432597369932277637108737223906363419527430371555549035856945603211180089628156327397312115236235454028611228424434078885385385625507526455788161489976799679661695390433776190949852727128937899459191417306482726202818088192928342839069340129184096637 0 0 0 0 0 0 0 0 0 0 0 0 0 0 0 0 0 0 0 0 0 0 0 0 0 0 0 0 0 0 0 0 0 0 0 0 0 0 0 0 0 0 0 0 0 0 0 0 0 0 0 0 0 0 0 0 0 0 0 0 0 0 0 0 0 0 0 0 0 0 0 0 0 0 0 0 0 0 0 0 0 0 0 0 0 1 0 0 0 0 0 0 0 0 0 0 0 0 0 0 0 0 0 0 0 0 0 0 0]
[4975844779885184045852887744936134226342873822719989646433300051111431794486235421557409684719354655222424701805657926057857532730456986522004733439925671456890100872502298343839646093791075838217018069028008882822815693450266066987330457725732775966701798024681349272460504118625300477864704754654958342457961892701523390127040535 0 0 0 0 0 0 0 0 0 0 0 0 0 0 0 0 0 0 0 0 0 0 0 0 0 0 0 0 0 0 0 0 0 0 0 0 0 0 0 0 0 0 0 0 0 0 0 0 0 0 0 0 0 0 0 0 0 0 0 0 0 0 0 0 0 0 0 0 0 0 0 0 0 0 0 0 0 0 0 0 0 0 0 0 0 0 1 0 0 0 0 0 0 0 0 0 0 0 0 0 0 0 0 0 0 0 0 0 0]
[8138152082253991469445072615974805099495472000083641224466100178433659112990374930401286473892875647915161261790225640229918610440344790079365361820150984878860408306335911787531932412144006192821162872873476596975725912791686727864366719249076087710853128933282499706246924863417223808925902067449959635802095735152467352174238595 0 0 0 0 0 0 0 0 0 0 0 0 0 0 0 0 0 0 0 0 0 0 0 0 0 0 0 0 0 0 0 0 0 0 0 0 0 0 0 0 0 0 0 0 0 0 0 0 0 0 0 0 0 0 0 0 0 0 0 0 0 0 0 0 0 0 0 0 0 0 0 0 0 0 0 0 0 0 0 0 0 0 0 0 0 0 0 1 0 0 0 0 0 0 0 0 0 0 0 0 0 0 0 0 0 0 0 0 0]
[8520834290653731240521508611885471550775694574348470728192536252024124714163710786660125540746090374082276667510940240474716051577027320070058212425985181212179436625443385883509914169194143041866127915724049593433598279485798606127776079157381429137392439748093523582852671349224760731570555883328416385810431141153961976551422824 0 0 0 0 0 0 0 0 0 0 0 0 0 0 0 0 0 0 0 0 0 0 0 0 0 0 0 0 0 0 0 0 0 0 0 0 0 0 0 0 0 0 0 0 0 0 0 0 0 0 0 0 0 0 0 0 0 0 0 0 0 0 0 0 0 0 0 0 0 0 0 0 0 0 0 0 0 0 0 0 0 0 0 0 0 0 0 0 1 0 0 0 0 0 0 0 0 0 0 0 0 0 0 0 0 0 0 0 0]
[587025203938271747411210148078909184491310273638373245712659717548080449308203359096273897009504420137821974329109870168062804942731109033057159468991957440259303291531276906138757750892260456122928765870785503698826852737885485034634014062251080729949605652751264358627227750275545958715308755067857568358792220790059483986132550 0 0 0 0 0 0 0 0 0 0 0 0 0 0 0 0 0 0 0 0 0 0 0 0 0 0 0 0 0 0 0 0 0 0 0 0 0 0 0 0 0 0 0 0 0 0 0 0 0 0 0 0 0 0 0 0 0 0 0 0 0 0 0 0 0 0 0 0 0 0 0 0 0 0 0 0 0 0 0 0 0 0 0 0 0 0 0 0 0 1 0 0 0 0 0 0 0 0 0 0 0 0 0 0 0 0 0 0 0]
[1120352624051682251257380349510159213354714172492028973404769154815119875924657829135792720562483276750016847793805548562580540260885147299744973904387573744075469532911448453372978629380635828325851156950534227464326399743396680526118999715514246453709680918193611385163099264775712318058320142191404749789092874698441060604961135 0 0 0 0 0 0 0 0 0 0 0 0 0 0 0 0 0 0 0 0 0 0 0 0 0 0 0 0 0 0 0 0 0 0 0 0 0 0 0 0 0 0 0 0 0 0 0 0 0 0 0 0 0 0 0 0 0 0 0 0 0 0 0 0 0 0 0 0 0 0 0 0 0 0 0 0 0 0 0 0 0 0 0 0 0 0 0 0 0 0 1 0 0 0 0 0 0 0 0 0 0 0 0 0 0 0 0 0 0]
[3223748545807437273100174633025211919331137181288894520587177861485078263848667540973736652536474617575110092226197834740069182727075420986653909716965328355867506238734246959575521833718270778526632134560315662509477113227383337465228324924431165059917123003377301547506775419608248758567644646170611720693086435273236244213633554 0 0 0 0 0 0 0 0 0 0 0 0 0 0 0 0 0 0 0 0 0 0 0 0 0 0 0 0 0 0 0 0 0 0 0 0 0 0 0 0 0 0 0 0 0 0 0 0 0 0 0 0 0 0 0 0 0 0 0 0 0 0 0 0 0 0 0 0 0 0 0 0 0 0 0 0 0 0 0 0 0 0 0 0 0 0 0 0 0 0 0 1 0 0 0 0 0 0 0 0 0 0 0 0 0 0 0 0 0]
[9844424733211429303841311706052727594121052591761270833028342150245727789293965398339438648356612127544034961005192320995253049601155041816867796018053747499542114706638851742027616874774579970619295962576777123167205391103098178233988668208128546984987212298274738131382644385881603821943593813302077246340787368982102923775691194 0 0 0 0 0 0 0 0 0 0 0 0 0 0 0 0 0 0 0 0 0 0 0 0 0 0 0 0 0 0 0 0 0 0 0 0 0 0 0 0 0 0 0 0 0 0 0 0 0 0 0 0 0 0 0 0 0 0 0 0 0 0 0 0 0 0 0 0 0 0 0 0 0 0 0 0 0 0 0 0 0 0 0 0 0 0 0 0 0 0 0 0 1 0 0 0 0 0 0 0 0 0 0 0 0 0 0 0 0]
[498818009560325227023274992602117492954917205024712982404272310091895437600228991067420140995402812710783675243617224383643630512999769425719819906532066369180641593381199152271449134329262612979946560408385326178079858744336631608558008208558456178442775373604215874777396648969954828436496609584445116724910604410020529416301505 0 0 0 0 0 0 0 0 0 0 0 0 0 0 0 0 0 0 0 0 0 0 0 0 0 0 0 0 0 0 0 0 0 0 0 0 0 0 0 0 0 0 0 0 0 0 0 0 0 0 0 0 0 0 0 0 0 0 0 0 0 0 0 0 0 0 0 0 0 0 0 0 0 0 0 0 0 0 0 0 0 0 0 0 0 0 0 0 0 0 0 0 0 1 0 0 0 0 0 0 0 0 0 0 0 0 0 0 0]
[355147439859425513930843542117726835474584727907650654119025614174972486478982362503089078345218516539013154855455178040854506318005823350244026173928649604801673431562784112687316224998443318850246723721018905492290502493131581680791622187460278784151886268006035219394860994867243029248083324706950462840342514745293425515159970 0 0 0 0 0 0 0 0 0 0 0 0 0 0 0 0 0 0 0 0 0 0 0 0 0 0 0 0 0 0 0 0 0 0 0 0 0 0 0 0 0 0 0 0 0 0 0 0 0 0 0 0 0 0 0 0 0 0 0 0 0 0 0 0 0 0 0 0 0 0 0 0 0 0 0 0 0 0 0 0 0 0 0 0 0 0 0 0 0 0 0 0 0 0 1 0 0 0 0 0 0 0 0 0 0 0 0 0 0]
[4635593327203092789106123882264556956579393755078144565562249442982347678268827951997624205807469272797114803019439015358715019217527737224783125553434804521605925503454198682731295229671110867704238338985785862595269062061291947585932095832736593369799302414397330209399708702907671788113885196036446539344890439085863262395868554 0 0 0 0 0 0 0 0 0 0 0 0 0 0 0 0 0 0 0 0 0 0 0 0 0 0 0 0 0 0 0 0 0 0 0 0 0 0 0 0 0 0 0 0 0 0 0 0 0 0 0 0 0 0 0 0 0 0 0 0 0 0 0 0 0 0 0 0 0 0 0 0 0 0 0 0 0 0 0 0 0 0 0 0 0 0 0 0 0 0 0 0 0 0 0 1 0 0 0 0 0 0 0 0 0 0 0 0 0]
[8979910368814372237864909486861388673417282710889930700540552903128392755970335107155066618771298229174874720355373081588037377647145776919536907270828951516627086123836467895994738052771577292099844241636422550479511207098326472134733444618190678084096543619691663769462906182841501845938100398490145280084451321892985555158230824 0 0 0 0 0 0 0 0 0 0 0 0 0 0 0 0 0 0 0 0 0 0 0 0 0 0 0 0 0 0 0 0 0 0 0 0 0 0 0 0 0 0 0 0 0 0 0 0 0 0 0 0 0 0 0 0 0 0 0 0 0 0 0 0 0 0 0 0 0 0 0 0 0 0 0 0 0 0 0 0 0 0 0 0 0 0 0 0 0 0 0 0 0 0 0 0 1 0 0 0 0 0 0 0 0 0 0 0 0]
[9740250547871926248433144808330931539490528184040297076766829017226852172481603896803726082085673475131434820274291713892824722323376211359566643792656569724139891702458609484056199481755979234831293787496334068691205121703879257920744419259182066448443428100144091563476176887160048647684874530217329613823305451514820988554841587 0 0 0 0 0 0 0 0 0 0 0 0 0 0 0 0 0 0 0 0 0 0 0 0 0 0 0 0 0 0 0 0 0 0 0 0 0 0 0 0 0 0 0 0 0 0 0 0 0 0 0 0 0 0 0 0 0 0 0 0 0 0 0 0 0 0 0 0 0 0 0 0 0 0 0 0 0 0 0 0 0 0 0 0 0 0 0 0 0 0 0 0 0 0 0 0 0 1 0 0 0 0 0 0 0 0 0 0 0]
[10517975440201062712089943229666203789276186204524249192483484414393498858915368327279486083063846832352876019648609924196061860228139230385062174934398246289534600910063017869566532532345051595424633973880706247607012895793161791552022574295745158559549977475496116343008284775558456090075021067915166211325421853325360313443741789 0 0 0 0 0 0 0 0 0 0 0 0 0 0 0 0 0 0 0 0 0 0 0 0 0 0 0 0 0 0 0 0 0 0 0 0 0 0 0 0 0 0 0 0 0 0 0 0 0 0 0 0 0 0 0 0 0 0 0 0 0 0 0 0 0 0 0 0 0 0 0 0 0 0 0 0 0 0 0 0 0 0 0 0 0 0 0 0 0 0 0 0 0 0 0 0 0 0 1 0 0 0 0 0 0 0 0 0 0]
[6281447944746573573158153846313475411784963078383660132817732511633391651984321469968588217704321698125843941949246599068253110981847871088194906214939734333930018538885799557737089674339368248835976601350798290423916134467224520690501135172761189974985037278537421149520391816582508137268367507377394046426209194480987723737413814 0 0 0 0 0 0 0 0 0 0 0 0 0 0 0 0 0 0 0 0 0 0 0 0 0 0 0 0 0 0 0 0 0 0 0 0 0 0 0 0 0 0 0 0 0 0 0 0 0 0 0 0 0 0 0 0 0 0 0 0 0 0 0 0 0 0 0 0 0 0 0 0 0 0 0 0 0 0 0 0 0 0 0 0 0 0 0 0 0 0 0 0 0 0 0 0 0 0 0 1 0 0 0 0 0 0 0 0 0]
[4529791256652680683544788424595666020685779772653348844865910939116181293396820238474495426452232062968029467500489752205114720845304679980701384209263325354106753178247143887356061669751061534684772776087564200303882365668701026432820982620297147086875155885921062607738379082492533981507172928157743129950277247511236331464966429 0 0 0 0 0 0 0 0 0 0 0 0 0 0 0 0 0 0 0 0 0 0 0 0 0 0 0 0 0 0 0 0 0 0 0 0 0 0 0 0 0 0 0 0 0 0 0 0 0 0 0 0 0 0 0 0 0 0 0 0 0 0 0 0 0 0 0 0 0 0 0 0 0 0 0 0 0 0 0 0 0 0 0 0 0 0 0 0 0 0 0 0 0 0 0 0 0 0 0 0 1 0 0 0 0 0 0 0 0]
[1254486735700260564394846015593066031498251599086922208852943151848277781367462752578888644474536582674029730001921442818159914900695092687140848084166574373259814381942909848176482283896039296353042783014795702169422328105495023917169322697627036045865072979214403227245892433519249668453163559011202393273812261301479251146932785 0 0 0 0 0 0 0 0 0 0 0 0 0 0 0 0 0 0 0 0 0 0 0 0 0 0 0 0 0 0 0 0 0 0 0 0 0 0 0 0 0 0 0 0 0 0 0 0 0 0 0 0 0 0 0 0 0 0 0 0 0 0 0 0 0 0 0 0 0 0 0 0 0 0 0 0 0 0 0 0 0 0 0 0 0 0 0 0 0 0 0 0 0 0 0 0 0 0 0 0 0 1 0 0 0 0 0 0 0]
[1371025611580578417203469137930328976903472332483655774824146912617541536731931378165345350186427888713931872336973711823024242685613087145806513536321167073520810001926073503231944070543218353317128013235559949788772472443351971660150410203579560972230170296775226727683523186886188050925222351977786211626486034309820178712749177 0 0 0 0 0 0 0 0 0 0 0 0 0 0 0 0 0 0 0 0 0 0 0 0 0 0 0 0 0 0 0 0 0 0 0 0 0 0 0 0 0 0 0 0 0 0 0 0 0 0 0 0 0 0 0 0 0 0 0 0 0 0 0 0 0 0 0 0 0 0 0 0 0 0 0 0 0 0 0 0 0 0 0 0 0 0 0 0 0 0 0 0 0 0 0 0 0 0 0 0 0 0 1 0 0 0 0 0 0]
[6138539193736373923208539572753484465415466051842811947403860203437961762897039028352395337520445726624871233257869043481156586588842615756595536926431922906027072128101971069306190975845763629690844753970289337463349558518960248642833182849561551494469316851676707727453536685059111876157677878134571751529762794364140590016805387 0 0 0 0 0 0 0 0 0 0 0 0 0 0 0 0 0 0 0 0 0 0 0 0 0 0 0 0 0 0 0 0 0 0 0 0 0 0 0 0 0 0 0 0 0 0 0 0 0 0 0 0 0 0 0 0 0 0 0 0 0 0 0 0 0 0 0 0 0 0 0 0 0 0 0 0 0 0 0 0 0 0 0 0 0 0 0 0 0 0 0 0 0 0 0 0 0 0 0 0 0 0 0 1 0 0 0 0 0]
[10236335419138832225062856656870753573710692002774430866243885870584597985517045262683299271101021176047530125574193414358514383089676473448411146556304442881718639853328449350946671071676671892220099674831922120023868343259952444232086576848589835252998758027117521618393482285838867433382232572531652768079962805648046396702478188 0 0 0 0 0 0 0 0 0 0 0 0 0 0 0 0 0 0 0 0 0 0 0 0 0 0 0 0 0 0 0 0 0 0 0 0 0 0 0 0 0 0 0 0 0 0 0 0 0 0 0 0 0 0 0 0 0 0 0 0 0 0 0 0 0 0 0 0 0 0 0 0 0 0 0 0 0 0 0 0 0 0 0 0 0 0 0 0 0 0 0 0 0 0 0 0 0 0 0 0 0 0 0 0 1 0 0 0 0]
[4264699590011481695401210122271951074372890228164692330379418518595679119739044896654549240539433989360152991633107301158997653824480282914086342047189508870149196909096618995965293806688155050311717439739778227384112331863296322304621201290411445878916926649070984804838454100863199125806988151855155757299093090400073180981575505 0 0 0 0 0 0 0 0 0 0 0 0 0 0 0 0 0 0 0 0 0 0 0 0 0 0 0 0 0 0 0 0 0 0 0 0 0 0 0 0 0 0 0 0 0 0 0 0 0 0 0 0 0 0 0 0 0 0 0 0 0 0 0 0 0 0 0 0 0 0 0 0 0 0 0 0 0 0 0 0 0 0 0 0 0 0 0 0 0 0 0 0 0 0 0 0 0 0 0 0 0 0 0 0 0 1 0 0 0]
[4777513715590757306002260388664835126795587101017902289648645389555438049031071853199253756875737958163917921714149102088342865982548550486279065310995309598567311728757966636908397378953154152209866027433317796796531490149652590220005488887127317898510641024990811882773323410735642872924604456977335014839097962603130960801054732 0 0 0 0 0 0 0 0 0 0 0 0 0 0 0 0 0 0 0 0 0 0 0 0 0 0 0 0 0 0 0 0 0 0 0 0 0 0 0 0 0 0 0 0 0 0 0 0 0 0 0 0 0 0 0 0 0 0 0 0 0 0 0 0 0 0 0 0 0 0 0 0 0 0 0 0 0 0 0 0 0 0 0 0 0 0 0 0 0 0 0 0 0 0 0 0 0 0 0 0 0 0 0 0 0 0 1 0 0]
[6445155772523308823318480893865131941112063723883920784188095457236552323594017174538335979249379006266860300682644509117881549101531070028405083786723935922595914167947182283472412778894651489626224374371313744547739259714050095731879696118217338970058899792368845234380999078735708088326990312552783647798243163736712322543655072 0 0 0 0 0 0 0 0 0 0 0 0 0 0 0 0 0 0 0 0 0 0 0 0 0 0 0 0 0 0 0 0 0 0 0 0 0 0 0 0 0 0 0 0 0 0 0 0 0 0 0 0 0 0 0 0 0 0 0 0 0 0 0 0 0 0 0 0 0 0 0 0 0 0 0 0 0 0 0 0 0 0 0 0 0 0 0 0 0 0 0 0 0 0 0 0 0 0 0 0 0 0 0 0 0 0 0 1 0]
[3474292835227485957468870256239285863751207410114498804819824185997509354162256611109131048995990635958857659730422498148898999813278574889479625429310187168769250360356298478908000910532345760846838009265756781190311096513532904790342712699702165600717159147744405713253529764218608684644650863296467501631439690606790189313564050 0 0 0 0 0 0 0 0 0 0 0 0 0 0 0 0 0 0 0 0 0 0 0 0 0 0 0 0 0 0 0 0 0 0 0 0 0 0 0 0 0 0 0 0 0 0 0 0 0 0 0 0 0 0 0 0 0 0 0 0 0 0 0 0 0 0 0 0 0 0 0 0 0 0 0 0 0 0 0 0 0 0 0 0 0 0 0 0 0 0 0 0 0 0 0 0 0 0 0 0 0 0 0 0 0 0 0 0 1]
]
