[[1857477485129292195138080916131139382367273266732262005791107418342443520172302211147947770592900737716745494792188224123 0 0 0 0 0 0 0 0 0 0 0 0 0 0 0 0 0 0 0 0 0 0 0 0 0 0 0 0 0 0 0 0 0 0 0 0 0 0 0]
[1738665714319173451792189613899536657403934459750151522460559292556643076632135824350817705315872288297330766427333029187 1 0 0 0 0 0 0 0 0 0 0 0 0 0 0 0 0 0 0 0 0 0 0 0 0 0 0 0 0 0 0 0 0 0 0 0 0 0 0]
[1290534433543066219781679710711359033841018085492699910439909284904326755134916451677590403127349975742652559445943632605 0 1 0 0 0 0 0 0 0 0 0 0 0 0 0 0 0 0 0 0 0 0 0 0 0 0 0 0 0 0 0 0 0 0 0 0 0 0 0]
[1630467530994305248486669580373340899078100084390562787188948751070144970705300203165278743806009400489717008076019185594 0 0 1 0 0 0 0 0 0 0 0 0 0 0 0 0 0 0 0 0 0 0 0 0 0 0 0 0 0 0 0 0 0 0 0 0 0 0 0]
[52316533651773368016774563463029617132807197698141099813311828081379986514830301281183428516436205509922985733161973408 0 0 0 1 0 0 0 0 0 0 0 0 0 0 0 0 0 0 0 0 0 0 0 0 0 0 0 0 0 0 0 0 0 0 0 0 0 0 0]
[1406883100362449316873285514523441784874312267945424977189890616021399472153907305698474962829478551781129808209072629453 0 0 0 0 1 0 0 0 0 0 0 0 0 0 0 0 0 0 0 0 0 0 0 0 0 0 0 0 0 0 0 0 0 0 0 0 0 0 0]
[1809521397354133042665289396677902895099577241444273596835119257258628672510414170829744097367122140304321613116771971594 0 0 0 0 0 1 0 0 0 0 0 0 0 0 0 0 0 0 0 0 0 0 0 0 0 0 0 0 0 0 0 0 0 0 0 0 0 0 0]
[1789463939324825366788027501352170395007032361115924503181891426187834108391046247940084001409740361763775109454432522458 0 0 0 0 0 0 1 0 0 0 0 0 0 0 0 0 0 0 0 0 0 0 0 0 0 0 0 0 0 0 0 0 0 0 0 0 0 0 0]
[957383878983128153060337253515037150881576223718283479384941443323625930240482368982858604314276635884306932783616533943 0 0 0 0 0 0 0 1 0 0 0 0 0 0 0 0 0 0 0 0 0 0 0 0 0 0 0 0 0 0 0 0 0 0 0 0 0 0 0]
[1617095263318554313558244004389548523581027696908328368008223049219579099721569723895870515737180933813822318746462457804 0 0 0 0 0 0 0 0 1 0 0 0 0 0 0 0 0 0 0 0 0 0 0 0 0 0 0 0 0 0 0 0 0 0 0 0 0 0 0]
[437313105204169966402579763808823322843324799910878788248676773036586422086139884271432149083513797185290643116515341126 0 0 0 0 0 0 0 0 0 1 0 0 0 0 0 0 0 0 0 0 0 0 0 0 0 0 0 0 0 0 0 0 0 0 0 0 0 0 0]
[1149610188110652460428695347925821098776732689902336883684874218362286970491223320416741694065131654221525651961414019057 0 0 0 0 0 0 0 0 0 0 1 0 0 0 0 0 0 0 0 0 0 0 0 0 0 0 0 0 0 0 0 0 0 0 0 0 0 0 0]
[368142874235962934712016429249724338337841883874794692888243934241062243784336581799737831666689779307066911626607816234 0 0 0 0 0 0 0 0 0 0 0 1 0 0 0 0 0 0 0 0 0 0 0 0 0 0 0 0 0 0 0 0 0 0 0 0 0 0 0]
[1643563853718461105099682351676415110697391457950092178290334621057382607527447767396661824588384221808702155807277053735 0 0 0 0 0 0 0 0 0 0 0 0 1 0 0 0 0 0 0 0 0 0 0 0 0 0 0 0 0 0 0 0 0 0 0 0 0 0 0]
[638012271382056411203223480309404601060335468210166964004877962181872496706477727881055753206835974796069769693321182506 0 0 0 0 0 0 0 0 0 0 0 0 0 1 0 0 0 0 0 0 0 0 0 0 0 0 0 0 0 0 0 0 0 0 0 0 0 0 0]
[251728279226634842651250665075726296744343894867899128596635409231426759948876426907080219419700391664829805883550119809 0 0 0 0 0 0 0 0 0 0 0 0 0 0 1 0 0 0 0 0 0 0 0 0 0 0 0 0 0 0 0 0 0 0 0 0 0 0 0]
[721612942201026370096191406429087520392005626034708769148646392631542680595588972359212073633466324301558876344986780925 0 0 0 0 0 0 0 0 0 0 0 0 0 0 0 1 0 0 0 0 0 0 0 0 0 0 0 0 0 0 0 0 0 0 0 0 0 0 0]
[193881486139753081705708315536980763175037180963587723256209227356938599357970201271262138279316950731716272401154351557 0 0 0 0 0 0 0 0 0 0 0 0 0 0 0 0 1 0 0 0 0 0 0 0 0 0 0 0 0 0 0 0 0 0 0 0 0 0 0]
[1291400320571910397314468378073651864780802897365833385872260346891296024785800818928311347027982827906608748241198952779 0 0 0 0 0 0 0 0 0 0 0 0 0 0 0 0 0 1 0 0 0 0 0 0 0 0 0 0 0 0 0 0 0 0 0 0 0 0 0]
[1057979517654089011799568372804440314812460598844319711087408343570363967516071211376085408789069291375380349769661289734 0 0 0 0 0 0 0 0 0 0 0 0 0 0 0 0 0 0 1 0 0 0 0 0 0 0 0 0 0 0 0 0 0 0 0 0 0 0 0]
[892226129334385242626500952437743059582396784723669583669066437482675948878450313766174694090656872066170828110134313394 0 0 0 0 0 0 0 0 0 0 0 0 0 0 0 0 0 0 0 1 0 0 0 0 0 0 0 0 0 0 0 0 0 0 0 0 0 0 0]
[908655426904655614167389437383108493021612966998143853423096333898475456852510115875647223072715107147421288992831380903 0 0 0 0 0 0 0 0 0 0 0 0 0 0 0 0 0 0 0 0 1 0 0 0 0 0 0 0 0 0 0 0 0 0 0 0 0 0 0]
[365481845359532904181069884180656251620397900715428824010241959656330618161894478944498840009289844283456427527278710050 0 0 0 0 0 0 0 0 0 0 0 0 0 0 0 0 0 0 0 0 0 1 0 0 0 0 0 0 0 0 0 0 0 0 0 0 0 0 0]
[135233092077829468788466788460598032751883329242205561197614688898493297738152310864701510208477707645404618808813870472 0 0 0 0 0 0 0 0 0 0 0 0 0 0 0 0 0 0 0 0 0 0 1 0 0 0 0 0 0 0 0 0 0 0 0 0 0 0 0]
[604862018600113861125774521679250316916359401021397478182202224119924676934984890400234670406287814314010395443623084370 0 0 0 0 0 0 0 0 0 0 0 0 0 0 0 0 0 0 0 0 0 0 0 1 0 0 0 0 0 0 0 0 0 0 0 0 0 0 0]
[374921526642672889647872644430252139271720728415306221427565234446346115283550227068397460625522526312180152333051681733 0 0 0 0 0 0 0 0 0 0 0 0 0 0 0 0 0 0 0 0 0 0 0 0 1 0 0 0 0 0 0 0 0 0 0 0 0 0 0]
[1570151808776478573758076405081465729822032184868580029052614969516620526248786011895012942674307868513149115175166295687 0 0 0 0 0 0 0 0 0 0 0 0 0 0 0 0 0 0 0 0 0 0 0 0 0 1 0 0 0 0 0 0 0 0 0 0 0 0 0]
[1508184969354615935332282769045543156396534185425589902046653312427467764517863762971848039115824577100097017929151886710 0 0 0 0 0 0 0 0 0 0 0 0 0 0 0 0 0 0 0 0 0 0 0 0 0 0 1 0 0 0 0 0 0 0 0 0 0 0 0]
[1759474766368253768368940089364180414520253785846132396529586860510242973819956843516922836071187695140720787876115832941 0 0 0 0 0 0 0 0 0 0 0 0 0 0 0 0 0 0 0 0 0 0 0 0 0 0 0 1 0 0 0 0 0 0 0 0 0 0 0]
[1822477000789066550606313201684118537403614191763003833297536285755122807944112084673512787862572235465412521587532313747 0 0 0 0 0 0 0 0 0 0 0 0 0 0 0 0 0 0 0 0 0 0 0 0 0 0 0 0 1 0 0 0 0 0 0 0 0 0 0]
[1653820266110803187170687184950140852817542360445257626063235679858830041951562147644398225300650949661159279339253177756 0 0 0 0 0 0 0 0 0 0 0 0 0 0 0 0 0 0 0 0 0 0 0 0 0 0 0 0 0 1 0 0 0 0 0 0 0 0 0]
[250649810345107561895729469368332832630461052092345901433994228720225649344944995674351355884944406436334394513913431886 0 0 0 0 0 0 0 0 0 0 0 0 0 0 0 0 0 0 0 0 0 0 0 0 0 0 0 0 0 0 1 0 0 0 0 0 0 0 0]
[1674955359071551273424412416171596128217780324577574212771712065344513822315152245799883556331754114487330902350162117217 0 0 0 0 0 0 0 0 0 0 0 0 0 0 0 0 0 0 0 0 0 0 0 0 0 0 0 0 0 0 0 1 0 0 0 0 0 0 0]
[313410197880641288155421331169222992174055353490560943044572004535971469364144416707818945068803655388270097705328805946 0 0 0 0 0 0 0 0 0 0 0 0 0 0 0 0 0 0 0 0 0 0 0 0 0 0 0 0 0 0 0 0 1 0 0 0 0 0 0]
[720571691536384971059568222678792367684928221111932418867777367964896126117760877767572691606561641712439527687789607064 0 0 0 0 0 0 0 0 0 0 0 0 0 0 0 0 0 0 0 0 0 0 0 0 0 0 0 0 0 0 0 0 0 1 0 0 0 0 0]
[540250258507010197135341988185685591901627036569378682165487271750917672064850570313109259743324468400968203539333958741 0 0 0 0 0 0 0 0 0 0 0 0 0 0 0 0 0 0 0 0 0 0 0 0 0 0 0 0 0 0 0 0 0 0 1 0 0 0 0]
[1519342709072870506378847562339993405601561762456385204742046014201932576594459202036537003275140356327601438188530214670 0 0 0 0 0 0 0 0 0 0 0 0 0 0 0 0 0 0 0 0 0 0 0 0 0 0 0 0 0 0 0 0 0 0 0 1 0 0 0]
[268747241512190115004029777248139992663354867915925075018200629700187162412738154228864206695601636712587737512652301442 0 0 0 0 0 0 0 0 0 0 0 0 0 0 0 0 0 0 0 0 0 0 0 0 0 0 0 0 0 0 0 0 0 0 0 0 1 0 0]
[1515464433942073759478705152229519673803252282371460389408270988041215113788800018216102011168551081738348686410907008658 0 0 0 0 0 0 0 0 0 0 0 0 0 0 0 0 0 0 0 0 0 0 0 0 0 0 0 0 0 0 0 0 0 0 0 0 0 1 0]
[1780552473022605526986399560225776932955870316134776648734884478057328619406293617237396028729511961155347368378920252698 0 0 0 0 0 0 0 0 0 0 0 0 0 0 0 0 0 0 0 0 0 0 0 0 0 0 0 0 0 0 0 0 0 0 0 0 0 0 1]
]
