[[8621555741368175502015735329448361106138401213981931937818025732700133476001484128371689870721578292919913515706366199587343605675916060268823070934196914118619045282267548277495550472913728835161792523057800852706306365671347794396649959914429023041073172135452245414065973162742625683783441345969967 0 0 0 0 0 0 0 0 0 0 0 0 0 0 0 0 0 0 0 0 0 0 0 0 0 0 0 0 0 0 0 0 0 0 0 0 0 0 0 0 0 0 0 0 0 0 0 0 0 0 0 0 0 0 0 0 0 0 0 0 0 0 0 0 0 0 0 0 0 0 0 0 0 0 0 0 0 0 0 0 0 0 0 0 0 0 0 0 0 0 0 0 0 0 0 0 0 0 0]
[7897684415473031912317937575763341478318252909994535716624678319602862850707770115423557010166048163368866391563969608069599258004617992195226243856161540912591546168405716774174952030836003643281749288879129782587514141160210324329937079310471083584776116978731281346391234345998360491719240022585379 1 0 0 0 0 0 0 0 0 0 0 0 0 0 0 0 0 0 0 0 0 0 0 0 0 0 0 0 0 0 0 0 0 0 0 0 0 0 0 0 0 0 0 0 0 0 0 0 0 0 0 0 0 0 0 0 0 0 0 0 0 0 0 0 0 0 0 0 0 0 0 0 0 0 0 0 0 0 0 0 0 0 0 0 0 0 0 0 0 0 0 0 0 0 0 0 0 0 0]
[6692655054238472914275930411234880594399151422380893832441641001983521585112478085325355010200909407853114492572225976924842731200073732609828418731532986079635087155304041182260440211977814581096640035622095608373059569248503965027684082913221323010589226644926170065362080309425000225165888792277992 0 1 0 0 0 0 0 0 0 0 0 0 0 0 0 0 0 0 0 0 0 0 0 0 0 0 0 0 0 0 0 0 0 0 0 0 0 0 0 0 0 0 0 0 0 0 0 0 0 0 0 0 0 0 0 0 0 0 0 0 0 0 0 0 0 0 0 0 0 0 0 0 0 0 0 0 0 0 0 0 0 0 0 0 0 0 0 0 0 0 0 0 0 0 0 0 0 0 0]
[4046214325350130417347340522482978320668230969536244241093322868473445335375746885506385732500006805918531650453384632905373986933184151623591709149457677978801080703698439305658382691324502650949970006656419088269911999761562907533574288615459415046499594173644042112562858012914396500506182168100094 0 0 1 0 0 0 0 0 0 0 0 0 0 0 0 0 0 0 0 0 0 0 0 0 0 0 0 0 0 0 0 0 0 0 0 0 0 0 0 0 0 0 0 0 0 0 0 0 0 0 0 0 0 0 0 0 0 0 0 0 0 0 0 0 0 0 0 0 0 0 0 0 0 0 0 0 0 0 0 0 0 0 0 0 0 0 0 0 0 0 0 0 0 0 0 0 0 0 0]
[1964746412209653578245238215103356505787604116599662390465316845006933071863401752148309519555717179914107048140517040164890993372316670771286093864388720584422479968346606650209037391027686461730315280580899412377366867113225727050248609604659799684073673045566507748603800283371900870171130397825265 0 0 0 1 0 0 0 0 0 0 0 0 0 0 0 0 0 0 0 0 0 0 0 0 0 0 0 0 0 0 0 0 0 0 0 0 0 0 0 0 0 0 0 0 0 0 0 0 0 0 0 0 0 0 0 0 0 0 0 0 0 0 0 0 0 0 0 0 0 0 0 0 0 0 0 0 0 0 0 0 0 0 0 0 0 0 0 0 0 0 0 0 0 0 0 0 0 0 0]
[8310754971278126168904167538116357054415767904766294319198536977642331186078041567802376268527032821008858022639657399360857038069275055212465333101075210480563289319955566938150325149407310917005103221540294609829574412813443198952689097879335571336412233309766997027187873070212887190733765630531438 0 0 0 0 1 0 0 0 0 0 0 0 0 0 0 0 0 0 0 0 0 0 0 0 0 0 0 0 0 0 0 0 0 0 0 0 0 0 0 0 0 0 0 0 0 0 0 0 0 0 0 0 0 0 0 0 0 0 0 0 0 0 0 0 0 0 0 0 0 0 0 0 0 0 0 0 0 0 0 0 0 0 0 0 0 0 0 0 0 0 0 0 0 0 0 0 0 0 0]
[3425050684430127603182571888355011984265279259757320341466354081912837574761511470506018301473371526961441154243864766687706899042783113602032897424802933953046624703298313283552849186672842376359062165880914173423562696823664976348558836495491568534536806104154394571411360539454669625262713724424062 0 0 0 0 0 1 0 0 0 0 0 0 0 0 0 0 0 0 0 0 0 0 0 0 0 0 0 0 0 0 0 0 0 0 0 0 0 0 0 0 0 0 0 0 0 0 0 0 0 0 0 0 0 0 0 0 0 0 0 0 0 0 0 0 0 0 0 0 0 0 0 0 0 0 0 0 0 0 0 0 0 0 0 0 0 0 0 0 0 0 0 0 0 0 0 0 0 0 0]
[2984371407544498991511133547023661390264681453347784952007398665289908096171442417308063485189638457211678966576786162297633082283414727802215925112525818917226252122853532140992009888930379254699282077485494177426147017558781866345454546528286317298231150636478562582774041482068432008097851272381146 0 0 0 0 0 0 1 0 0 0 0 0 0 0 0 0 0 0 0 0 0 0 0 0 0 0 0 0 0 0 0 0 0 0 0 0 0 0 0 0 0 0 0 0 0 0 0 0 0 0 0 0 0 0 0 0 0 0 0 0 0 0 0 0 0 0 0 0 0 0 0 0 0 0 0 0 0 0 0 0 0 0 0 0 0 0 0 0 0 0 0 0 0 0 0 0 0 0 0]
[1467948266067737583213179937102376689356932664316876369972881051779369325684782334334701422046082616631679458020805942857501992936620385099111931991165460607997249145527527823118139166674199773381295888596782450774401565052664577580488245277805412469258706654556060437862753893483336117340727156031794 0 0 0 0 0 0 0 1 0 0 0 0 0 0 0 0 0 0 0 0 0 0 0 0 0 0 0 0 0 0 0 0 0 0 0 0 0 0 0 0 0 0 0 0 0 0 0 0 0 0 0 0 0 0 0 0 0 0 0 0 0 0 0 0 0 0 0 0 0 0 0 0 0 0 0 0 0 0 0 0 0 0 0 0 0 0 0 0 0 0 0 0 0 0 0 0 0 0 0]
[7218001162572139225408357340578714172681298752022225713802103672767347387253903412966524400816165369689708286215748019599890240198724121082473217794393065040173694978963830031102308403104485216748583998144732756227671311522405081054152596798254852265555679187839505087461371849384988424712681165133455 0 0 0 0 0 0 0 0 1 0 0 0 0 0 0 0 0 0 0 0 0 0 0 0 0 0 0 0 0 0 0 0 0 0 0 0 0 0 0 0 0 0 0 0 0 0 0 0 0 0 0 0 0 0 0 0 0 0 0 0 0 0 0 0 0 0 0 0 0 0 0 0 0 0 0 0 0 0 0 0 0 0 0 0 0 0 0 0 0 0 0 0 0 0 0 0 0 0 0]
[8193634817325448923083721956308513340937735627545463542670288321647512620347649984052083471996265814192034448215684829292923759185865453241279755317667567800440661920714423292013199439064070126157018552588275624045275891050543237783852442823462697115893770355054480070872767810389126619470924885148477 0 0 0 0 0 0 0 0 0 1 0 0 0 0 0 0 0 0 0 0 0 0 0 0 0 0 0 0 0 0 0 0 0 0 0 0 0 0 0 0 0 0 0 0 0 0 0 0 0 0 0 0 0 0 0 0 0 0 0 0 0 0 0 0 0 0 0 0 0 0 0 0 0 0 0 0 0 0 0 0 0 0 0 0 0 0 0 0 0 0 0 0 0 0 0 0 0 0 0]
[6472993985027103562913065199970649864594827932878858446628650231762351862241694699884020163087051547591850683690051909908238666232249838180533944238808511509954618018862229815612311826607856765438723722277450252841458900999270929438909898202398982192817838953680715338458029324570619742216206245704891 0 0 0 0 0 0 0 0 0 0 1 0 0 0 0 0 0 0 0 0 0 0 0 0 0 0 0 0 0 0 0 0 0 0 0 0 0 0 0 0 0 0 0 0 0 0 0 0 0 0 0 0 0 0 0 0 0 0 0 0 0 0 0 0 0 0 0 0 0 0 0 0 0 0 0 0 0 0 0 0 0 0 0 0 0 0 0 0 0 0 0 0 0 0 0 0 0 0 0]
[1722417034824306185624547748325923014346945974766327366818809753553441786190610488648217464233068758234017464596721789154420268092396426261060515524552203369245958537985939307324597914437569532190146621950501932573623825807431769714649421743621003082786807782584924278646364258724708404602376479799911 0 0 0 0 0 0 0 0 0 0 0 1 0 0 0 0 0 0 0 0 0 0 0 0 0 0 0 0 0 0 0 0 0 0 0 0 0 0 0 0 0 0 0 0 0 0 0 0 0 0 0 0 0 0 0 0 0 0 0 0 0 0 0 0 0 0 0 0 0 0 0 0 0 0 0 0 0 0 0 0 0 0 0 0 0 0 0 0 0 0 0 0 0 0 0 0 0 0 0]
[7163131534332499424793842017161354631124361606981505264360699003008910147364950191329754724200150400172178140801931486017481720702900475875298485520515147095393995771687515943889636576920237375543518758517983848646706477291434861809321399381050369780710445580106310737571691013549530908554907226345241 0 0 0 0 0 0 0 0 0 0 0 0 1 0 0 0 0 0 0 0 0 0 0 0 0 0 0 0 0 0 0 0 0 0 0 0 0 0 0 0 0 0 0 0 0 0 0 0 0 0 0 0 0 0 0 0 0 0 0 0 0 0 0 0 0 0 0 0 0 0 0 0 0 0 0 0 0 0 0 0 0 0 0 0 0 0 0 0 0 0 0 0 0 0 0 0 0 0 0]
[2456099626344700383379494173811629697541421709855619271395922678762047583114674431030981895853375127778748832898456213012323066199928900957542114601731882108636607960461694436117525302388386419022645988084824235458342805850876200061120802959549011973746355619480446005132326490779319785957847216386486 0 0 0 0 0 0 0 0 0 0 0 0 0 1 0 0 0 0 0 0 0 0 0 0 0 0 0 0 0 0 0 0 0 0 0 0 0 0 0 0 0 0 0 0 0 0 0 0 0 0 0 0 0 0 0 0 0 0 0 0 0 0 0 0 0 0 0 0 0 0 0 0 0 0 0 0 0 0 0 0 0 0 0 0 0 0 0 0 0 0 0 0 0 0 0 0 0 0 0]
[7506460493327974485474775886062072964048190286109687769721306033795472901703625656357465872804103519058427298601593003509807032634791510063344537901902636356364222018620070447753660540313630959558360103742993896113263416298970382098410077143150715567549673808337924138417966457645180159169015896248042 0 0 0 0 0 0 0 0 0 0 0 0 0 0 1 0 0 0 0 0 0 0 0 0 0 0 0 0 0 0 0 0 0 0 0 0 0 0 0 0 0 0 0 0 0 0 0 0 0 0 0 0 0 0 0 0 0 0 0 0 0 0 0 0 0 0 0 0 0 0 0 0 0 0 0 0 0 0 0 0 0 0 0 0 0 0 0 0 0 0 0 0 0 0 0 0 0 0 0]
[117394713056092499684773311604490852899044075587888734077400551729578710999002895241691084734009397784147845931417805654034621941773221656225000468404715779652436767722992964436760416295750058924501882883175358833104110380003285990903447634865143669521030214024915701758942004631736905375796373114063 0 0 0 0 0 0 0 0 0 0 0 0 0 0 0 1 0 0 0 0 0 0 0 0 0 0 0 0 0 0 0 0 0 0 0 0 0 0 0 0 0 0 0 0 0 0 0 0 0 0 0 0 0 0 0 0 0 0 0 0 0 0 0 0 0 0 0 0 0 0 0 0 0 0 0 0 0 0 0 0 0 0 0 0 0 0 0 0 0 0 0 0 0 0 0 0 0 0 0]
[8539957408889390970939892163575410153400181987725924718766403984753856723135026365135855350593166603950134949247483204594755825129408052829235098394827616281356614617615611324453884838229431732930667177881709087915037320351660526919584735856012684324184813950803449767438191641144699037651218949559292 0 0 0 0 0 0 0 0 0 0 0 0 0 0 0 0 1 0 0 0 0 0 0 0 0 0 0 0 0 0 0 0 0 0 0 0 0 0 0 0 0 0 0 0 0 0 0 0 0 0 0 0 0 0 0 0 0 0 0 0 0 0 0 0 0 0 0 0 0 0 0 0 0 0 0 0 0 0 0 0 0 0 0 0 0 0 0 0 0 0 0 0 0 0 0 0 0 0 0]
[3280079575065977528247337855791347129320935354130357624074170488435350578173961291818948132011341015155184934183689659204183731055745663650890999170896947605936046066315239710811071073109337680951333110271708586545353235233392783883470589230482802194061318699566701416280491306859522274852419868587311 0 0 0 0 0 0 0 0 0 0 0 0 0 0 0 0 0 1 0 0 0 0 0 0 0 0 0 0 0 0 0 0 0 0 0 0 0 0 0 0 0 0 0 0 0 0 0 0 0 0 0 0 0 0 0 0 0 0 0 0 0 0 0 0 0 0 0 0 0 0 0 0 0 0 0 0 0 0 0 0 0 0 0 0 0 0 0 0 0 0 0 0 0 0 0 0 0 0 0]
[7452282419175388718022615180264720152086723426702216549421821005908727748270921413270964061087957301480489675980903965325800096245794231819484168587661081346682063603680364021811604164753633319557766154770304196089212340504725161956757762134959125813293966800018222436759452902838969412235908845585119 0 0 0 0 0 0 0 0 0 0 0 0 0 0 0 0 0 0 1 0 0 0 0 0 0 0 0 0 0 0 0 0 0 0 0 0 0 0 0 0 0 0 0 0 0 0 0 0 0 0 0 0 0 0 0 0 0 0 0 0 0 0 0 0 0 0 0 0 0 0 0 0 0 0 0 0 0 0 0 0 0 0 0 0 0 0 0 0 0 0 0 0 0 0 0 0 0 0 0]
[3207421435460462529030090520642768109091308981236577842914920983522035321229717177811188389683927736199427523210983130287868125049213005119161847141397134788191399760413760002364416738089157131884186809353632184748049547004179876681262789548942489633135352543501086789455875069282757077993164002114217 0 0 0 0 0 0 0 0 0 0 0 0 0 0 0 0 0 0 0 1 0 0 0 0 0 0 0 0 0 0 0 0 0 0 0 0 0 0 0 0 0 0 0 0 0 0 0 0 0 0 0 0 0 0 0 0 0 0 0 0 0 0 0 0 0 0 0 0 0 0 0 0 0 0 0 0 0 0 0 0 0 0 0 0 0 0 0 0 0 0 0 0 0 0 0 0 0 0 0]
[1665635132379771653464182402715081113236203234443069265926398493912891474611429458733552021847690871891351248247272805765969231023981578171821936903220971442500180935219176909260831596690881027079677246720715765373504913179245241691525549505773739169488124369808553588992641193845065813888693693065694 0 0 0 0 0 0 0 0 0 0 0 0 0 0 0 0 0 0 0 0 1 0 0 0 0 0 0 0 0 0 0 0 0 0 0 0 0 0 0 0 0 0 0 0 0 0 0 0 0 0 0 0 0 0 0 0 0 0 0 0 0 0 0 0 0 0 0 0 0 0 0 0 0 0 0 0 0 0 0 0 0 0 0 0 0 0 0 0 0 0 0 0 0 0 0 0 0 0 0]
[8228434526243442831061320648699305129166507913509546047258441383346768983723985784458819579374736762799998210207747398860829603399160532747458646087173713475378159536584176996527273740263648934060332036789546119711571784774811793919445970658671803645330499000774005918920883342019304007232652432138861 0 0 0 0 0 0 0 0 0 0 0 0 0 0 0 0 0 0 0 0 0 1 0 0 0 0 0 0 0 0 0 0 0 0 0 0 0 0 0 0 0 0 0 0 0 0 0 0 0 0 0 0 0 0 0 0 0 0 0 0 0 0 0 0 0 0 0 0 0 0 0 0 0 0 0 0 0 0 0 0 0 0 0 0 0 0 0 0 0 0 0 0 0 0 0 0 0 0 0]
[1922963731794926925852485270510732152634297476717090930629724987416127937940960829332812719069252960341157851204055047766815868790566746148720755895449124249408189488471374586729430942057689526441155419972102446805874845206939230472564558776169970406878920090704099557228207589390262008177443161907268 0 0 0 0 0 0 0 0 0 0 0 0 0 0 0 0 0 0 0 0 0 0 1 0 0 0 0 0 0 0 0 0 0 0 0 0 0 0 0 0 0 0 0 0 0 0 0 0 0 0 0 0 0 0 0 0 0 0 0 0 0 0 0 0 0 0 0 0 0 0 0 0 0 0 0 0 0 0 0 0 0 0 0 0 0 0 0 0 0 0 0 0 0 0 0 0 0 0 0]
[5810749319823047987384003382033555578385209686171273287049409112855877874404765421552703387588042413404821752004674152729805916161460794993144623183325345669953707498874543157104533729987048746757351423167438442863981380083862402260296980797442221645716482679250411715422989880675489374409473637143787 0 0 0 0 0 0 0 0 0 0 0 0 0 0 0 0 0 0 0 0 0 0 0 1 0 0 0 0 0 0 0 0 0 0 0 0 0 0 0 0 0 0 0 0 0 0 0 0 0 0 0 0 0 0 0 0 0 0 0 0 0 0 0 0 0 0 0 0 0 0 0 0 0 0 0 0 0 0 0 0 0 0 0 0 0 0 0 0 0 0 0 0 0 0 0 0 0 0 0]
[3049198731046753228999265668447260971253230002268552427749361439685320783294534008483912385233576416324964437745284135267886351533615632913124792125504329268030559163606753762690833426357610116976054000539141191752869469129807211695670436961501798204044948614456269130416276874943940503431106529643860 0 0 0 0 0 0 0 0 0 0 0 0 0 0 0 0 0 0 0 0 0 0 0 0 1 0 0 0 0 0 0 0 0 0 0 0 0 0 0 0 0 0 0 0 0 0 0 0 0 0 0 0 0 0 0 0 0 0 0 0 0 0 0 0 0 0 0 0 0 0 0 0 0 0 0 0 0 0 0 0 0 0 0 0 0 0 0 0 0 0 0 0 0 0 0 0 0 0 0]
[6066150619203028711306217656545626070075551202228876900706117208939574018022665630122869331900041207815831364396191410435733927776070929340175364485424692980952157563292729456006057709021703041765754737434515672311480947214263847028553526661730406265787679789345789419210016844743282055324486233963773 0 0 0 0 0 0 0 0 0 0 0 0 0 0 0 0 0 0 0 0 0 0 0 0 0 1 0 0 0 0 0 0 0 0 0 0 0 0 0 0 0 0 0 0 0 0 0 0 0 0 0 0 0 0 0 0 0 0 0 0 0 0 0 0 0 0 0 0 0 0 0 0 0 0 0 0 0 0 0 0 0 0 0 0 0 0 0 0 0 0 0 0 0 0 0 0 0 0 0]
[7017923260855317622741881751501312983512351724507256148555445560567803030404991139250486486441790860127609559651692839214206929799082763802868070746139930596659162408702545172669862180245010959459405238719999964772698014332267274190355787368123926787208192026572270207822119261790845221598752157811949 0 0 0 0 0 0 0 0 0 0 0 0 0 0 0 0 0 0 0 0 0 0 0 0 0 0 1 0 0 0 0 0 0 0 0 0 0 0 0 0 0 0 0 0 0 0 0 0 0 0 0 0 0 0 0 0 0 0 0 0 0 0 0 0 0 0 0 0 0 0 0 0 0 0 0 0 0 0 0 0 0 0 0 0 0 0 0 0 0 0 0 0 0 0 0 0 0 0 0]
[6043821204329199673242968131943231703541346923584248984263239601582762406009095963243230680969444659540629656616400762396062436118026655504541452569153952295255047632557340223660592551033720819588450463279251115341810933543750182305070850813894056278983745561577196772570514508053689748517904998379160 0 0 0 0 0 0 0 0 0 0 0 0 0 0 0 0 0 0 0 0 0 0 0 0 0 0 0 1 0 0 0 0 0 0 0 0 0 0 0 0 0 0 0 0 0 0 0 0 0 0 0 0 0 0 0 0 0 0 0 0 0 0 0 0 0 0 0 0 0 0 0 0 0 0 0 0 0 0 0 0 0 0 0 0 0 0 0 0 0 0 0 0 0 0 0 0 0 0 0]
[1351382125293382047676525368671560517425610302577159346531864011092217141194262127672439033905750103660888876270309524068633086482466107538802867465804768896254443942823830312031728416185090026955173240787299038593389484674805057150470283271629738147137474793149468075057155012121915940786746198949354 0 0 0 0 0 0 0 0 0 0 0 0 0 0 0 0 0 0 0 0 0 0 0 0 0 0 0 0 1 0 0 0 0 0 0 0 0 0 0 0 0 0 0 0 0 0 0 0 0 0 0 0 0 0 0 0 0 0 0 0 0 0 0 0 0 0 0 0 0 0 0 0 0 0 0 0 0 0 0 0 0 0 0 0 0 0 0 0 0 0 0 0 0 0 0 0 0 0 0]
[5571238599553880392784756103175430348608800336900057480444894521583721497341272157967428491664328067785549901261193031668325255879886003842574088694025154931295811218026063719811811342942036799118577268799575719907850844544181710468457047295069197718060793636514577182342265107020746465643931263897479 0 0 0 0 0 0 0 0 0 0 0 0 0 0 0 0 0 0 0 0 0 0 0 0 0 0 0 0 0 1 0 0 0 0 0 0 0 0 0 0 0 0 0 0 0 0 0 0 0 0 0 0 0 0 0 0 0 0 0 0 0 0 0 0 0 0 0 0 0 0 0 0 0 0 0 0 0 0 0 0 0 0 0 0 0 0 0 0 0 0 0 0 0 0 0 0 0 0 0]
[2162507587746636196688988221562127751373189159844695516242230242716559101640578678636690319544111118766075350547846542761072530863917758498004584522999517517254674836894477012791284759217550107429240606526753122103675047842547929767100535713330489219381050042306898931175293722443641617140992441511041 0 0 0 0 0 0 0 0 0 0 0 0 0 0 0 0 0 0 0 0 0 0 0 0 0 0 0 0 0 0 1 0 0 0 0 0 0 0 0 0 0 0 0 0 0 0 0 0 0 0 0 0 0 0 0 0 0 0 0 0 0 0 0 0 0 0 0 0 0 0 0 0 0 0 0 0 0 0 0 0 0 0 0 0 0 0 0 0 0 0 0 0 0 0 0 0 0 0 0]
[8185805452390320179492298770943919646739779387507203604944800359783595393658878856261159795687713255770592575735663950690450045071247045631623851292238737470814455399121590007263375783194149370881997619343363724790134013133094855544170595003524187394084048554835737161608915281895441559943608580213524 0 0 0 0 0 0 0 0 0 0 0 0 0 0 0 0 0 0 0 0 0 0 0 0 0 0 0 0 0 0 0 1 0 0 0 0 0 0 0 0 0 0 0 0 0 0 0 0 0 0 0 0 0 0 0 0 0 0 0 0 0 0 0 0 0 0 0 0 0 0 0 0 0 0 0 0 0 0 0 0 0 0 0 0 0 0 0 0 0 0 0 0 0 0 0 0 0 0 0]
[1657530511477330862246765167607737347514495386474805037344210274518020691216827527864487871786559438517801137683582651129607630812389282888357220836952738195279546914542702102074557335112594149985877156336287714064737407335339088486778616884743410647407131934519919560082254164578939222038037491485167 0 0 0 0 0 0 0 0 0 0 0 0 0 0 0 0 0 0 0 0 0 0 0 0 0 0 0 0 0 0 0 0 1 0 0 0 0 0 0 0 0 0 0 0 0 0 0 0 0 0 0 0 0 0 0 0 0 0 0 0 0 0 0 0 0 0 0 0 0 0 0 0 0 0 0 0 0 0 0 0 0 0 0 0 0 0 0 0 0 0 0 0 0 0 0 0 0 0 0]
[7931668660243026325258891739175975045094270069820735511989742270197861315029773721409119641171160906018990603052879053800693291007932211088384378482910076797090607944514012600878659335198509780817392034169776402338824220709188120349047439626523362863330424704722087432518045158680687891650860767879167 0 0 0 0 0 0 0 0 0 0 0 0 0 0 0 0 0 0 0 0 0 0 0 0 0 0 0 0 0 0 0 0 0 1 0 0 0 0 0 0 0 0 0 0 0 0 0 0 0 0 0 0 0 0 0 0 0 0 0 0 0 0 0 0 0 0 0 0 0 0 0 0 0 0 0 0 0 0 0 0 0 0 0 0 0 0 0 0 0 0 0 0 0 0 0 0 0 0 0]
[8216835863831750467046744937564474578286923467464153418637063216127186968071379772314692645276030908109489864821411011918420719759568946846461581537197987374251161735512036524766688862368889638360565863500113340189739480223612006520117257300822637214721514342618084490871672681446427140350543240590652 0 0 0 0 0 0 0 0 0 0 0 0 0 0 0 0 0 0 0 0 0 0 0 0 0 0 0 0 0 0 0 0 0 0 1 0 0 0 0 0 0 0 0 0 0 0 0 0 0 0 0 0 0 0 0 0 0 0 0 0 0 0 0 0 0 0 0 0 0 0 0 0 0 0 0 0 0 0 0 0 0 0 0 0 0 0 0 0 0 0 0 0 0 0 0 0 0 0 0]
[7169696672519081205926281509568075931440686731837010383353996707517410261060355030678317069399526711261549400170842502871096744903696809823903796107148332877721762218517053045945946305655656664503285025716131658379127974994149799491212447334384118975229678876615948875928661940797475455776343993441433 0 0 0 0 0 0 0 0 0 0 0 0 0 0 0 0 0 0 0 0 0 0 0 0 0 0 0 0 0 0 0 0 0 0 0 1 0 0 0 0 0 0 0 0 0 0 0 0 0 0 0 0 0 0 0 0 0 0 0 0 0 0 0 0 0 0 0 0 0 0 0 0 0 0 0 0 0 0 0 0 0 0 0 0 0 0 0 0 0 0 0 0 0 0 0 0 0 0 0]
[4776831487444113115057455580535804527570537282794079618218738285860777923641809893882186642636609839611981041904024748603335484906662090487915965507369788132329313310871996379039966558819703468123482408136202329983868412608776565340407853484636702331516845502064805128769404226297092659085582754912292 0 0 0 0 0 0 0 0 0 0 0 0 0 0 0 0 0 0 0 0 0 0 0 0 0 0 0 0 0 0 0 0 0 0 0 0 1 0 0 0 0 0 0 0 0 0 0 0 0 0 0 0 0 0 0 0 0 0 0 0 0 0 0 0 0 0 0 0 0 0 0 0 0 0 0 0 0 0 0 0 0 0 0 0 0 0 0 0 0 0 0 0 0 0 0 0 0 0 0]
[7121757160339962565693746419459860327166602239194450861816810733947972252501038444383676546576408866475732890928638513267676991058173834147437664439157744525894782379641459825158882049408561081154222061442056789263367773852743077753604609820426812034651732687422703648819759102526515265269275422220037 0 0 0 0 0 0 0 0 0 0 0 0 0 0 0 0 0 0 0 0 0 0 0 0 0 0 0 0 0 0 0 0 0 0 0 0 0 1 0 0 0 0 0 0 0 0 0 0 0 0 0 0 0 0 0 0 0 0 0 0 0 0 0 0 0 0 0 0 0 0 0 0 0 0 0 0 0 0 0 0 0 0 0 0 0 0 0 0 0 0 0 0 0 0 0 0 0 0 0]
[8305638012494430163291611410826129271812230501051878493170318467326256069017788428280981120983537103535307021088185487219708304346057838008339239290636373847131010680464558406912936122240391624619368007816430663288829684293998154602230762258695309290037988329217573385208404875148189832581275474045776 0 0 0 0 0 0 0 0 0 0 0 0 0 0 0 0 0 0 0 0 0 0 0 0 0 0 0 0 0 0 0 0 0 0 0 0 0 0 1 0 0 0 0 0 0 0 0 0 0 0 0 0 0 0 0 0 0 0 0 0 0 0 0 0 0 0 0 0 0 0 0 0 0 0 0 0 0 0 0 0 0 0 0 0 0 0 0 0 0 0 0 0 0 0 0 0 0 0 0]
[7222047137050112221249660550431587017121861625060396683429057076444441603199358201555521210896430920970942679026309367074092433008301117124644834574104529015123570780347943112113304794753361414936910774739805270415594893300113329480084057650680549661151481405737489863028881425345742361885711055693959 0 0 0 0 0 0 0 0 0 0 0 0 0 0 0 0 0 0 0 0 0 0 0 0 0 0 0 0 0 0 0 0 0 0 0 0 0 0 0 1 0 0 0 0 0 0 0 0 0 0 0 0 0 0 0 0 0 0 0 0 0 0 0 0 0 0 0 0 0 0 0 0 0 0 0 0 0 0 0 0 0 0 0 0 0 0 0 0 0 0 0 0 0 0 0 0 0 0 0]
[2445039864233570996327380853539645101810273937028210883515784113653763352575961262630809566230493062447511157082070461353812829916102569546958253629543271874767874089020068529568749737135185558011031258415609242994951876454730570904185394303872784488124707717898601339776312804579997807975536384247798 0 0 0 0 0 0 0 0 0 0 0 0 0 0 0 0 0 0 0 0 0 0 0 0 0 0 0 0 0 0 0 0 0 0 0 0 0 0 0 0 1 0 0 0 0 0 0 0 0 0 0 0 0 0 0 0 0 0 0 0 0 0 0 0 0 0 0 0 0 0 0 0 0 0 0 0 0 0 0 0 0 0 0 0 0 0 0 0 0 0 0 0 0 0 0 0 0 0 0]
[1710656784617618437968203237641546466940699998519296424493393666284042721245409151413894105849710820306701070489558489109527855908368026235897502777001471652020389615319831947260812218363672847083567796227949257890543827087362510417978018166870956043720235243937891255518140222814031374509331932319237 0 0 0 0 0 0 0 0 0 0 0 0 0 0 0 0 0 0 0 0 0 0 0 0 0 0 0 0 0 0 0 0 0 0 0 0 0 0 0 0 0 1 0 0 0 0 0 0 0 0 0 0 0 0 0 0 0 0 0 0 0 0 0 0 0 0 0 0 0 0 0 0 0 0 0 0 0 0 0 0 0 0 0 0 0 0 0 0 0 0 0 0 0 0 0 0 0 0 0]
[5836642086541119091150765046902420625158065681789454210007629464182977425166055275338140856975439211004728061060962950619015370619549455922563868697117828283658167136610613733521156573992185456390853536005337044847143691307202948078060010176294012815045315836453899389909903567517338182175326308062375 0 0 0 0 0 0 0 0 0 0 0 0 0 0 0 0 0 0 0 0 0 0 0 0 0 0 0 0 0 0 0 0 0 0 0 0 0 0 0 0 0 0 1 0 0 0 0 0 0 0 0 0 0 0 0 0 0 0 0 0 0 0 0 0 0 0 0 0 0 0 0 0 0 0 0 0 0 0 0 0 0 0 0 0 0 0 0 0 0 0 0 0 0 0 0 0 0 0 0]
[8487494971162662956707248102875973148017724865162164849047253912727534761629429661598977987461618853173341526200813774595792409651032998241138264727667292974862285078882531003319001635850778955312267401060348198301637308953633486396187805922373071816971877356407944701942755959337664302526512930012601 0 0 0 0 0 0 0 0 0 0 0 0 0 0 0 0 0 0 0 0 0 0 0 0 0 0 0 0 0 0 0 0 0 0 0 0 0 0 0 0 0 0 0 1 0 0 0 0 0 0 0 0 0 0 0 0 0 0 0 0 0 0 0 0 0 0 0 0 0 0 0 0 0 0 0 0 0 0 0 0 0 0 0 0 0 0 0 0 0 0 0 0 0 0 0 0 0 0 0]
[1240341543643013529069784330423640207954903455621130398896178220409060051561031506051126440004862779323222454932854348254517486267011226458987131748596821516719331152434678400888848196118154908211365404534310034022387734433479586930116039063382998752072707090638227859000427342432978529314158045528080 0 0 0 0 0 0 0 0 0 0 0 0 0 0 0 0 0 0 0 0 0 0 0 0 0 0 0 0 0 0 0 0 0 0 0 0 0 0 0 0 0 0 0 0 1 0 0 0 0 0 0 0 0 0 0 0 0 0 0 0 0 0 0 0 0 0 0 0 0 0 0 0 0 0 0 0 0 0 0 0 0 0 0 0 0 0 0 0 0 0 0 0 0 0 0 0 0 0 0]
[2952679472535984028715021322426618800806451201966654538595500483936479976223429266796964332143560243484854555272860130209986340239740233846857689661892987690113684899510880448370723021749794650257425477792311089505442861225724170573734016928430517127718730046737449795126273403787396431851521109089213 0 0 0 0 0 0 0 0 0 0 0 0 0 0 0 0 0 0 0 0 0 0 0 0 0 0 0 0 0 0 0 0 0 0 0 0 0 0 0 0 0 0 0 0 0 1 0 0 0 0 0 0 0 0 0 0 0 0 0 0 0 0 0 0 0 0 0 0 0 0 0 0 0 0 0 0 0 0 0 0 0 0 0 0 0 0 0 0 0 0 0 0 0 0 0 0 0 0 0]
[7338401885889048486658588226120890032291362538480199378686611478621892019885926433480742035309526841511441256460458537384653523343713560988895821005106764813345795587337530833161212299328375705909878684083499966046975211801610316982560885098253460454852984117556150729973028922312577999219795610214073 0 0 0 0 0 0 0 0 0 0 0 0 0 0 0 0 0 0 0 0 0 0 0 0 0 0 0 0 0 0 0 0 0 0 0 0 0 0 0 0 0 0 0 0 0 0 1 0 0 0 0 0 0 0 0 0 0 0 0 0 0 0 0 0 0 0 0 0 0 0 0 0 0 0 0 0 0 0 0 0 0 0 0 0 0 0 0 0 0 0 0 0 0 0 0 0 0 0 0]
[7620779405182133080398163613682990822893347608539383343886229020225553155583248287673800348688219378537517188197009300829041519399169594468918922365743871800685014176360230055515625294853836005355406343854690460099129451534758559614346447614296163313806801783253864834709538464271674535202772834953702 0 0 0 0 0 0 0 0 0 0 0 0 0 0 0 0 0 0 0 0 0 0 0 0 0 0 0 0 0 0 0 0 0 0 0 0 0 0 0 0 0 0 0 0 0 0 0 1 0 0 0 0 0 0 0 0 0 0 0 0 0 0 0 0 0 0 0 0 0 0 0 0 0 0 0 0 0 0 0 0 0 0 0 0 0 0 0 0 0 0 0 0 0 0 0 0 0 0 0]
[971056019954799437918756591620585395012332367048146904541210884684998721477575400464325541520980665762949917294926675762375775052272665155738318977149813506933669006766972489844625041326000183851016985200014169180266656289426276231455303053815697328018863060013765619151668384221528541464258782949265 0 0 0 0 0 0 0 0 0 0 0 0 0 0 0 0 0 0 0 0 0 0 0 0 0 0 0 0 0 0 0 0 0 0 0 0 0 0 0 0 0 0 0 0 0 0 0 0 1 0 0 0 0 0 0 0 0 0 0 0 0 0 0 0 0 0 0 0 0 0 0 0 0 0 0 0 0 0 0 0 0 0 0 0 0 0 0 0 0 0 0 0 0 0 0 0 0 0 0]
[8352214666994976169919436765732846638032283002266609652374530036057960074931873200256637039602738656117811414801011733130235040490581969740867211071564417791162017359832050063483174583267326545415026528188635505252288637484238542433180860338579764692478292444151695387132790943123522523017711011161124 0 0 0 0 0 0 0 0 0 0 0 0 0 0 0 0 0 0 0 0 0 0 0 0 0 0 0 0 0 0 0 0 0 0 0 0 0 0 0 0 0 0 0 0 0 0 0 0 0 1 0 0 0 0 0 0 0 0 0 0 0 0 0 0 0 0 0 0 0 0 0 0 0 0 0 0 0 0 0 0 0 0 0 0 0 0 0 0 0 0 0 0 0 0 0 0 0 0 0]
[7343840183216333743325250318784429666548902209855897712238870017730093808295758521328696994985479688195674551581583404201244303869230276906813435019163245359367850765260127863403241147407196304411914140241902443456313381038238607529264607271912390647054002986318940600615381569142793279840224216649637 0 0 0 0 0 0 0 0 0 0 0 0 0 0 0 0 0 0 0 0 0 0 0 0 0 0 0 0 0 0 0 0 0 0 0 0 0 0 0 0 0 0 0 0 0 0 0 0 0 0 1 0 0 0 0 0 0 0 0 0 0 0 0 0 0 0 0 0 0 0 0 0 0 0 0 0 0 0 0 0 0 0 0 0 0 0 0 0 0 0 0 0 0 0 0 0 0 0 0]
[8580874223157666318783151890715101226087874964222323674417520150225489481339478693810827294401402557278443782784604402730177429987198217279327164534558948796939709340081694394956132155262711133908103479855798402442315710610561351984187656546745443024947805908474663775358767352081039867558941940288372 0 0 0 0 0 0 0 0 0 0 0 0 0 0 0 0 0 0 0 0 0 0 0 0 0 0 0 0 0 0 0 0 0 0 0 0 0 0 0 0 0 0 0 0 0 0 0 0 0 0 0 1 0 0 0 0 0 0 0 0 0 0 0 0 0 0 0 0 0 0 0 0 0 0 0 0 0 0 0 0 0 0 0 0 0 0 0 0 0 0 0 0 0 0 0 0 0 0 0]
[5293833027833265366504213753892054276802796189653143865575425831602195159319696103984341886499227495878795293760302790881931732394066416888731482486549371111125506225132622839705652792985985699051009291239134196767750836840237316579244277847612028124166212659418763743434253634273383216875184477343876 0 0 0 0 0 0 0 0 0 0 0 0 0 0 0 0 0 0 0 0 0 0 0 0 0 0 0 0 0 0 0 0 0 0 0 0 0 0 0 0 0 0 0 0 0 0 0 0 0 0 0 0 1 0 0 0 0 0 0 0 0 0 0 0 0 0 0 0 0 0 0 0 0 0 0 0 0 0 0 0 0 0 0 0 0 0 0 0 0 0 0 0 0 0 0 0 0 0 0]
[797630604165956856833638247112633946430066612379672115245355543098612747257480438882237852558608929251016039261840763690717024747666772520139847047681189525405006286100019704819458126950736710202937782176241025696358303054893766521034350468884384989155315348634722372694944923238655888473167364370125 0 0 0 0 0 0 0 0 0 0 0 0 0 0 0 0 0 0 0 0 0 0 0 0 0 0 0 0 0 0 0 0 0 0 0 0 0 0 0 0 0 0 0 0 0 0 0 0 0 0 0 0 0 1 0 0 0 0 0 0 0 0 0 0 0 0 0 0 0 0 0 0 0 0 0 0 0 0 0 0 0 0 0 0 0 0 0 0 0 0 0 0 0 0 0 0 0 0 0]
[8361576746101407439212754952380149702782078873902065912592377224859136570349136306434741286947094045522406088329663846474531960856175794549252919457170918821920279401895494900985353708768592752992599623715326180454392021568896210888928744084253337476391958660858320957518620621305593001098581233147509 0 0 0 0 0 0 0 0 0 0 0 0 0 0 0 0 0 0 0 0 0 0 0 0 0 0 0 0 0 0 0 0 0 0 0 0 0 0 0 0 0 0 0 0 0 0 0 0 0 0 0 0 0 0 1 0 0 0 0 0 0 0 0 0 0 0 0 0 0 0 0 0 0 0 0 0 0 0 0 0 0 0 0 0 0 0 0 0 0 0 0 0 0 0 0 0 0 0 0]
[2283195433518175572297856813655007112850774521649908549474499185272769702929849379941951904205596719936280085220332261344172631991967078130172133442596201783160495092626843567949594298544302827755859529590955694323418631165193170772470013520737487495738019259668901354527415608859949869534347733857782 0 0 0 0 0 0 0 0 0 0 0 0 0 0 0 0 0 0 0 0 0 0 0 0 0 0 0 0 0 0 0 0 0 0 0 0 0 0 0 0 0 0 0 0 0 0 0 0 0 0 0 0 0 0 0 1 0 0 0 0 0 0 0 0 0 0 0 0 0 0 0 0 0 0 0 0 0 0 0 0 0 0 0 0 0 0 0 0 0 0 0 0 0 0 0 0 0 0 0]
[6807378808380109656244812675049067314413015212121821132956391975341630025246143468644452112409703233224084137072086716469159975791144312699192546189798936604968963535525132574797429823062924495605055815637767845333007652827925546981605950933626701505599778670512273981546149722052826234187971090835926 0 0 0 0 0 0 0 0 0 0 0 0 0 0 0 0 0 0 0 0 0 0 0 0 0 0 0 0 0 0 0 0 0 0 0 0 0 0 0 0 0 0 0 0 0 0 0 0 0 0 0 0 0 0 0 0 1 0 0 0 0 0 0 0 0 0 0 0 0 0 0 0 0 0 0 0 0 0 0 0 0 0 0 0 0 0 0 0 0 0 0 0 0 0 0 0 0 0 0]
[603643386990217105020948568173935994698304454311100236524785573521246823253898394489910201590861232211375584793755109871177315217990554423250885964128611557301342605253746973317222062777717705986079447128635828003777026775763291906113547423515339849297987310078692090270007895468928621786506147245882 0 0 0 0 0 0 0 0 0 0 0 0 0 0 0 0 0 0 0 0 0 0 0 0 0 0 0 0 0 0 0 0 0 0 0 0 0 0 0 0 0 0 0 0 0 0 0 0 0 0 0 0 0 0 0 0 0 1 0 0 0 0 0 0 0 0 0 0 0 0 0 0 0 0 0 0 0 0 0 0 0 0 0 0 0 0 0 0 0 0 0 0 0 0 0 0 0 0 0]
[3319159970633628802353649625539788848633928365260379718264529761027692471429311369126281776271361031183956577125718327437100584734291172250469906295190324002166430276811373842711486334047412072519245114951094113802914376543450800190681233487411439529019095632117792577890171044177346089890484537122901 0 0 0 0 0 0 0 0 0 0 0 0 0 0 0 0 0 0 0 0 0 0 0 0 0 0 0 0 0 0 0 0 0 0 0 0 0 0 0 0 0 0 0 0 0 0 0 0 0 0 0 0 0 0 0 0 0 0 1 0 0 0 0 0 0 0 0 0 0 0 0 0 0 0 0 0 0 0 0 0 0 0 0 0 0 0 0 0 0 0 0 0 0 0 0 0 0 0 0]
[6333840158425752893637716481591972478086401940007312742435215815419784512800021070015253624880609586990226971146807582352973579493908839594082448885666093473221844488598466145370152468045536277229922460140118767012259652140629633074294762394033823168099038853583284371043178892271833788008445049423839 0 0 0 0 0 0 0 0 0 0 0 0 0 0 0 0 0 0 0 0 0 0 0 0 0 0 0 0 0 0 0 0 0 0 0 0 0 0 0 0 0 0 0 0 0 0 0 0 0 0 0 0 0 0 0 0 0 0 0 1 0 0 0 0 0 0 0 0 0 0 0 0 0 0 0 0 0 0 0 0 0 0 0 0 0 0 0 0 0 0 0 0 0 0 0 0 0 0 0]
[8368578490407172797436561709490223807957176383083567558638921278154465967319914413033087980173689723295015753472114948005704062018885906554371516105222030834582469095788625546320404210500342861161660749696047856441748961356654210413691163161295864971009623274274569388867095952693598501596540205209389 0 0 0 0 0 0 0 0 0 0 0 0 0 0 0 0 0 0 0 0 0 0 0 0 0 0 0 0 0 0 0 0 0 0 0 0 0 0 0 0 0 0 0 0 0 0 0 0 0 0 0 0 0 0 0 0 0 0 0 0 1 0 0 0 0 0 0 0 0 0 0 0 0 0 0 0 0 0 0 0 0 0 0 0 0 0 0 0 0 0 0 0 0 0 0 0 0 0 0]
[8438434895172229862148822534168470672579139439021601712514474689028292762278448744669692696151527532148372293163629735277721572248859421335590900376241090500758957696177926814117965363190848318789433298531532768822239366219390566660821588347484558154287685477061039690916830009839091928393484444090365 0 0 0 0 0 0 0 0 0 0 0 0 0 0 0 0 0 0 0 0 0 0 0 0 0 0 0 0 0 0 0 0 0 0 0 0 0 0 0 0 0 0 0 0 0 0 0 0 0 0 0 0 0 0 0 0 0 0 0 0 0 1 0 0 0 0 0 0 0 0 0 0 0 0 0 0 0 0 0 0 0 0 0 0 0 0 0 0 0 0 0 0 0 0 0 0 0 0 0]
[765128579773537955149555126200088708535538182943574075828539840931704396476099678787557334219176496805518707548548006976520006388673449565801405867372316571885494123736212681087704518383434128280490540842717485063566574384881045518756576985567218019345668471615187518310529204985692514047249918457149 0 0 0 0 0 0 0 0 0 0 0 0 0 0 0 0 0 0 0 0 0 0 0 0 0 0 0 0 0 0 0 0 0 0 0 0 0 0 0 0 0 0 0 0 0 0 0 0 0 0 0 0 0 0 0 0 0 0 0 0 0 0 1 0 0 0 0 0 0 0 0 0 0 0 0 0 0 0 0 0 0 0 0 0 0 0 0 0 0 0 0 0 0 0 0 0 0 0 0]
[708947854972413967035221355689407949129471971811066260375283648689328050672281715862885150311249827624895472177902839531547570197713936574112861412928846618489051762930065559046677811254784637640842125876000435383310055940972432108099865682819159011453921968181850156982215842929778021723272730829337 0 0 0 0 0 0 0 0 0 0 0 0 0 0 0 0 0 0 0 0 0 0 0 0 0 0 0 0 0 0 0 0 0 0 0 0 0 0 0 0 0 0 0 0 0 0 0 0 0 0 0 0 0 0 0 0 0 0 0 0 0 0 0 1 0 0 0 0 0 0 0 0 0 0 0 0 0 0 0 0 0 0 0 0 0 0 0 0 0 0 0 0 0 0 0 0 0 0 0]
[765110811204877306666581778408976862930088111888259972193302853759282328879411760403123201971533497309238099851965121668962574955008541389489189957479722360149654275127862977514991559182798966601776085930818467378008515651413270886760519993326535352198468100991336616739595934975731472577165507847485 0 0 0 0 0 0 0 0 0 0 0 0 0 0 0 0 0 0 0 0 0 0 0 0 0 0 0 0 0 0 0 0 0 0 0 0 0 0 0 0 0 0 0 0 0 0 0 0 0 0 0 0 0 0 0 0 0 0 0 0 0 0 0 0 1 0 0 0 0 0 0 0 0 0 0 0 0 0 0 0 0 0 0 0 0 0 0 0 0 0 0 0 0 0 0 0 0 0 0]
[4112413287433714841524045355116435372196509575114770975694418295652324346418160814692329892415091890339303010498976398768364447568108915631656028881589552911810475147303625952899461254691252546663793305860217784111982142145331420746910954255288029615846830208436861349210813074985466054325981511281721 0 0 0 0 0 0 0 0 0 0 0 0 0 0 0 0 0 0 0 0 0 0 0 0 0 0 0 0 0 0 0 0 0 0 0 0 0 0 0 0 0 0 0 0 0 0 0 0 0 0 0 0 0 0 0 0 0 0 0 0 0 0 0 0 0 1 0 0 0 0 0 0 0 0 0 0 0 0 0 0 0 0 0 0 0 0 0 0 0 0 0 0 0 0 0 0 0 0 0]
[3955804609066163766755371735737005582238024593057488319718363851925713261588612829198907290470826836294715245868596877788734933080047130473661948596720189703439060793254099236907042995029340077413130894704329337314654984039570521590639721321994714266515149276221680589234141734734947846456929818017673 0 0 0 0 0 0 0 0 0 0 0 0 0 0 0 0 0 0 0 0 0 0 0 0 0 0 0 0 0 0 0 0 0 0 0 0 0 0 0 0 0 0 0 0 0 0 0 0 0 0 0 0 0 0 0 0 0 0 0 0 0 0 0 0 0 0 1 0 0 0 0 0 0 0 0 0 0 0 0 0 0 0 0 0 0 0 0 0 0 0 0 0 0 0 0 0 0 0 0]
[650891184382829894090526971048087255998262343575033190244177576924879088616255389247185993414370376795062099455820217378896032848727598510801561638794793460952598762429605299495460234696545168762155987435768012508844920056603255947650173449848181891109046130007669120962363911051161823628248613552236 0 0 0 0 0 0 0 0 0 0 0 0 0 0 0 0 0 0 0 0 0 0 0 0 0 0 0 0 0 0 0 0 0 0 0 0 0 0 0 0 0 0 0 0 0 0 0 0 0 0 0 0 0 0 0 0 0 0 0 0 0 0 0 0 0 0 0 1 0 0 0 0 0 0 0 0 0 0 0 0 0 0 0 0 0 0 0 0 0 0 0 0 0 0 0 0 0 0 0]
[5702757164963390333878714451338652536004827514352732101425790357491159955718333977700281864876793137466928512110726522365267110801511021330180199626066926481437422746120605720714612176509234847484739349996554754002804509606617540692814684975421251988156073337641782359634397822323568446527850424862981 0 0 0 0 0 0 0 0 0 0 0 0 0 0 0 0 0 0 0 0 0 0 0 0 0 0 0 0 0 0 0 0 0 0 0 0 0 0 0 0 0 0 0 0 0 0 0 0 0 0 0 0 0 0 0 0 0 0 0 0 0 0 0 0 0 0 0 0 1 0 0 0 0 0 0 0 0 0 0 0 0 0 0 0 0 0 0 0 0 0 0 0 0 0 0 0 0 0 0]
[6634674671449899967528554563578654334780741684383103431392516617289940006727353808975152808462456536737344282438374085184480965560706445462734038102366810105069284342273439121265154888161710336122991624984387869118196387923268467690563850095547814197682719583412102504421458123135705938244616718361147 0 0 0 0 0 0 0 0 0 0 0 0 0 0 0 0 0 0 0 0 0 0 0 0 0 0 0 0 0 0 0 0 0 0 0 0 0 0 0 0 0 0 0 0 0 0 0 0 0 0 0 0 0 0 0 0 0 0 0 0 0 0 0 0 0 0 0 0 0 1 0 0 0 0 0 0 0 0 0 0 0 0 0 0 0 0 0 0 0 0 0 0 0 0 0 0 0 0 0]
[3305798026152035245412481835381299577781032389273081638782454828465780480474064978919408890052992815154047672697891738305018674753704272507136893333265658662696642200577272725588589178510545909350593353363361102445499022401706044574156002424450059740809917297696191601834989467410719785967603929538099 0 0 0 0 0 0 0 0 0 0 0 0 0 0 0 0 0 0 0 0 0 0 0 0 0 0 0 0 0 0 0 0 0 0 0 0 0 0 0 0 0 0 0 0 0 0 0 0 0 0 0 0 0 0 0 0 0 0 0 0 0 0 0 0 0 0 0 0 0 0 1 0 0 0 0 0 0 0 0 0 0 0 0 0 0 0 0 0 0 0 0 0 0 0 0 0 0 0 0]
[29904575709449235575232407148757313762107207728983048458263059275806145295005460987696823569064482267079664005584895040030850579832491943312024851548281325520850596063997891479328332104852572650772941754331756052024573128798576854337628544945648326005347390077764829203361804833655572461996752726513 0 0 0 0 0 0 0 0 0 0 0 0 0 0 0 0 0 0 0 0 0 0 0 0 0 0 0 0 0 0 0 0 0 0 0 0 0 0 0 0 0 0 0 0 0 0 0 0 0 0 0 0 0 0 0 0 0 0 0 0 0 0 0 0 0 0 0 0 0 0 0 1 0 0 0 0 0 0 0 0 0 0 0 0 0 0 0 0 0 0 0 0 0 0 0 0 0 0 0]
[6970032805359310580645389914467626721286778013470036806645414645925035121065088479345189114561475254346782262459252044583191285062807655020405597131388102712221854182640686009685439662954702187389414346693984355914698730756058235754550459055568571019556881941639882574786732623023892220347464564100814 0 0 0 0 0 0 0 0 0 0 0 0 0 0 0 0 0 0 0 0 0 0 0 0 0 0 0 0 0 0 0 0 0 0 0 0 0 0 0 0 0 0 0 0 0 0 0 0 0 0 0 0 0 0 0 0 0 0 0 0 0 0 0 0 0 0 0 0 0 0 0 0 1 0 0 0 0 0 0 0 0 0 0 0 0 0 0 0 0 0 0 0 0 0 0 0 0 0 0]
[7444988656436142508484654270910220995818526594862678119841312400977291808993494253643694709613792684259808954623293010995045393228453926435582192786290790007979182561653886997696994807704405713658315628008217148561549631885383995249408791188229749615162276842911413598178520837871961582822042830808607 0 0 0 0 0 0 0 0 0 0 0 0 0 0 0 0 0 0 0 0 0 0 0 0 0 0 0 0 0 0 0 0 0 0 0 0 0 0 0 0 0 0 0 0 0 0 0 0 0 0 0 0 0 0 0 0 0 0 0 0 0 0 0 0 0 0 0 0 0 0 0 0 0 1 0 0 0 0 0 0 0 0 0 0 0 0 0 0 0 0 0 0 0 0 0 0 0 0 0]
[7531639993622148549447230604738541033697446912673008400219080882429795058521613085909831691230052401907391186970123927810141959876258658738208044776556252533950028380038926688132602051723770972191042782723345982868747670203517747649709590448185050226908590153508889512167421994637671658072525413670379 0 0 0 0 0 0 0 0 0 0 0 0 0 0 0 0 0 0 0 0 0 0 0 0 0 0 0 0 0 0 0 0 0 0 0 0 0 0 0 0 0 0 0 0 0 0 0 0 0 0 0 0 0 0 0 0 0 0 0 0 0 0 0 0 0 0 0 0 0 0 0 0 0 0 1 0 0 0 0 0 0 0 0 0 0 0 0 0 0 0 0 0 0 0 0 0 0 0 0]
[5974527284621600508871468262481086791601609681390429948380198892972323279477941216581517571144202303012524334085969855614999205287216131400422262001232474109670265629937451515190835095402317337785914573455836104364679398034733662468819335754581102114731681274758842514511938366520992976996775747535907 0 0 0 0 0 0 0 0 0 0 0 0 0 0 0 0 0 0 0 0 0 0 0 0 0 0 0 0 0 0 0 0 0 0 0 0 0 0 0 0 0 0 0 0 0 0 0 0 0 0 0 0 0 0 0 0 0 0 0 0 0 0 0 0 0 0 0 0 0 0 0 0 0 0 0 1 0 0 0 0 0 0 0 0 0 0 0 0 0 0 0 0 0 0 0 0 0 0 0]
[5847823076442040540015039456233329281696996040392861833601867992261531636063525549556050476524993205369143238611450943668533167472715859761943478779069563784531446769813244845154003520487124492445140229187352248619089473117434123564061973086385102174262712111361238801321149635233839051363096334034066 0 0 0 0 0 0 0 0 0 0 0 0 0 0 0 0 0 0 0 0 0 0 0 0 0 0 0 0 0 0 0 0 0 0 0 0 0 0 0 0 0 0 0 0 0 0 0 0 0 0 0 0 0 0 0 0 0 0 0 0 0 0 0 0 0 0 0 0 0 0 0 0 0 0 0 0 1 0 0 0 0 0 0 0 0 0 0 0 0 0 0 0 0 0 0 0 0 0 0]
[8018829610615571498230841002049019655791237678426243445655322082250963798603465703186325843621073445767252099199959366542988458705849735870504846754829619971989151752180409067578432204422586914537427323426841690305901680441915413844459955358942171129787713386404536065102138357848325308329147499786101 0 0 0 0 0 0 0 0 0 0 0 0 0 0 0 0 0 0 0 0 0 0 0 0 0 0 0 0 0 0 0 0 0 0 0 0 0 0 0 0 0 0 0 0 0 0 0 0 0 0 0 0 0 0 0 0 0 0 0 0 0 0 0 0 0 0 0 0 0 0 0 0 0 0 0 0 0 1 0 0 0 0 0 0 0 0 0 0 0 0 0 0 0 0 0 0 0 0 0]
[5562675501133007225157542083969172553199522343370370767438095774252766179943576938892992367134668801174756720139116126585937167095357695945033685265344631433545252963078460642711848190728254999627047789201324845713506739146057646030394546821742771085845738940777539614336644574238121559002056894036824 0 0 0 0 0 0 0 0 0 0 0 0 0 0 0 0 0 0 0 0 0 0 0 0 0 0 0 0 0 0 0 0 0 0 0 0 0 0 0 0 0 0 0 0 0 0 0 0 0 0 0 0 0 0 0 0 0 0 0 0 0 0 0 0 0 0 0 0 0 0 0 0 0 0 0 0 0 0 1 0 0 0 0 0 0 0 0 0 0 0 0 0 0 0 0 0 0 0 0]
[2300123319411878997323463321495731029793427511442077421827793108019132370309872695551284946345591460631040629100097586291175698744509891961941667855747982628022456691564075812650204220895970425194277829873591347700849119795108296157388408759487739517952664301820551218828163396491241808118200719379862 0 0 0 0 0 0 0 0 0 0 0 0 0 0 0 0 0 0 0 0 0 0 0 0 0 0 0 0 0 0 0 0 0 0 0 0 0 0 0 0 0 0 0 0 0 0 0 0 0 0 0 0 0 0 0 0 0 0 0 0 0 0 0 0 0 0 0 0 0 0 0 0 0 0 0 0 0 0 0 1 0 0 0 0 0 0 0 0 0 0 0 0 0 0 0 0 0 0 0]
[2971083429211219540117687023171828342207652492485210280542485713250799011919678878950801868370256441015309069138342211351008350805164844467202899290286204958692686312002882700562482389249054284150881629108968511632011022269038849198699962080809891926228270731812985661857384721893464272805248429820298 0 0 0 0 0 0 0 0 0 0 0 0 0 0 0 0 0 0 0 0 0 0 0 0 0 0 0 0 0 0 0 0 0 0 0 0 0 0 0 0 0 0 0 0 0 0 0 0 0 0 0 0 0 0 0 0 0 0 0 0 0 0 0 0 0 0 0 0 0 0 0 0 0 0 0 0 0 0 0 0 1 0 0 0 0 0 0 0 0 0 0 0 0 0 0 0 0 0 0]
[4137688686587853660191849472180077678524828125826752166438431279880431802452196319481008277886066093448115147211387055798012395845077840884909375222826578709149274537156077673797160559000678042998987279462626494336204632211738921595760774749947060782993979331585450823991519172269445431890982428754880 0 0 0 0 0 0 0 0 0 0 0 0 0 0 0 0 0 0 0 0 0 0 0 0 0 0 0 0 0 0 0 0 0 0 0 0 0 0 0 0 0 0 0 0 0 0 0 0 0 0 0 0 0 0 0 0 0 0 0 0 0 0 0 0 0 0 0 0 0 0 0 0 0 0 0 0 0 0 0 0 0 1 0 0 0 0 0 0 0 0 0 0 0 0 0 0 0 0 0]
[6482105099840680808822401918081682047767289341351651506903465142409538284668825116302111010897974408089555463741346660886395398443644760680217048590532622009233688949923615352034491833006174647964395213789747392568652122077038081637901728590917566728515447175221775183428137281367231760977306900329633 0 0 0 0 0 0 0 0 0 0 0 0 0 0 0 0 0 0 0 0 0 0 0 0 0 0 0 0 0 0 0 0 0 0 0 0 0 0 0 0 0 0 0 0 0 0 0 0 0 0 0 0 0 0 0 0 0 0 0 0 0 0 0 0 0 0 0 0 0 0 0 0 0 0 0 0 0 0 0 0 0 0 1 0 0 0 0 0 0 0 0 0 0 0 0 0 0 0 0]
[6232932371431496462997243996804515913145163725685562912044579326538596891217105581449228562444486342523996741378443416882151763385572940652972594383280132409283966725568816526219745765844431318827799613078920530835037533033560766038524637497535104033275960958340941318563970556737135883493569278827707 0 0 0 0 0 0 0 0 0 0 0 0 0 0 0 0 0 0 0 0 0 0 0 0 0 0 0 0 0 0 0 0 0 0 0 0 0 0 0 0 0 0 0 0 0 0 0 0 0 0 0 0 0 0 0 0 0 0 0 0 0 0 0 0 0 0 0 0 0 0 0 0 0 0 0 0 0 0 0 0 0 0 0 1 0 0 0 0 0 0 0 0 0 0 0 0 0 0 0]
[6484947512722054493492831621693033979810930492166981181579488154848141136143689664071799402473921265939098522430917347439286448418666437994212287173700429686823924126935404551918456732286650984575056683388549616201045653291491882712096371342590541533141267464282496169509359597427641261633611258606171 0 0 0 0 0 0 0 0 0 0 0 0 0 0 0 0 0 0 0 0 0 0 0 0 0 0 0 0 0 0 0 0 0 0 0 0 0 0 0 0 0 0 0 0 0 0 0 0 0 0 0 0 0 0 0 0 0 0 0 0 0 0 0 0 0 0 0 0 0 0 0 0 0 0 0 0 0 0 0 0 0 0 0 0 1 0 0 0 0 0 0 0 0 0 0 0 0 0 0]
[7442726891535989656350231172032060378571877063788269401516404069222084990984524942289759344610459129932525629527879317143247397359804348267774343048605439222673816721233969839793454550280770074518779662527595154892004147064480824968638490371811471619006253951085683802767062495281970238027868443452263 0 0 0 0 0 0 0 0 0 0 0 0 0 0 0 0 0 0 0 0 0 0 0 0 0 0 0 0 0 0 0 0 0 0 0 0 0 0 0 0 0 0 0 0 0 0 0 0 0 0 0 0 0 0 0 0 0 0 0 0 0 0 0 0 0 0 0 0 0 0 0 0 0 0 0 0 0 0 0 0 0 0 0 0 0 1 0 0 0 0 0 0 0 0 0 0 0 0 0]
[3426595167343714458794160225635854723550833984910316909673837889408637753510779016855156943561063054262066345843816311131852296904638570083178905949632275233862771941291423851495738631163129734843704101628648448723083075747778626409372986230838652550534253763521293046079211805214993546328897613188940 0 0 0 0 0 0 0 0 0 0 0 0 0 0 0 0 0 0 0 0 0 0 0 0 0 0 0 0 0 0 0 0 0 0 0 0 0 0 0 0 0 0 0 0 0 0 0 0 0 0 0 0 0 0 0 0 0 0 0 0 0 0 0 0 0 0 0 0 0 0 0 0 0 0 0 0 0 0 0 0 0 0 0 0 0 0 1 0 0 0 0 0 0 0 0 0 0 0 0]
[3492528696373323386493060140144406900978680056122157877999740686477627295017673667067382591894528823610195108354048282937472388208469160626519591418734100585700823111432069417348728454716080500049196623183559488833658409308502506841891848476194110421889881975895874862187259754286138951970162849691126 0 0 0 0 0 0 0 0 0 0 0 0 0 0 0 0 0 0 0 0 0 0 0 0 0 0 0 0 0 0 0 0 0 0 0 0 0 0 0 0 0 0 0 0 0 0 0 0 0 0 0 0 0 0 0 0 0 0 0 0 0 0 0 0 0 0 0 0 0 0 0 0 0 0 0 0 0 0 0 0 0 0 0 0 0 0 0 1 0 0 0 0 0 0 0 0 0 0 0]
[3367152523981088038061547739128683953603917963616837402631367138946199324298160995292283746372686982400269459589095784867877959350436970815530333488393595841568395903317840631493875493287025031178048642155803075712637441453701114475090205060291396581097792853070530315940630964335853747455180720524454 0 0 0 0 0 0 0 0 0 0 0 0 0 0 0 0 0 0 0 0 0 0 0 0 0 0 0 0 0 0 0 0 0 0 0 0 0 0 0 0 0 0 0 0 0 0 0 0 0 0 0 0 0 0 0 0 0 0 0 0 0 0 0 0 0 0 0 0 0 0 0 0 0 0 0 0 0 0 0 0 0 0 0 0 0 0 0 0 1 0 0 0 0 0 0 0 0 0 0]
[4795280325284156482043006241189253060122864852455063882819919554721698917924518479134046029910955879087162263257044624525685960403503178625697994188409769344190937692887449777933118618254998419142410724273737529864211026833204600726752254740910787577243882780408772143340596038384290081036068384034696 0 0 0 0 0 0 0 0 0 0 0 0 0 0 0 0 0 0 0 0 0 0 0 0 0 0 0 0 0 0 0 0 0 0 0 0 0 0 0 0 0 0 0 0 0 0 0 0 0 0 0 0 0 0 0 0 0 0 0 0 0 0 0 0 0 0 0 0 0 0 0 0 0 0 0 0 0 0 0 0 0 0 0 0 0 0 0 0 0 1 0 0 0 0 0 0 0 0 0]
[8335671107910834143054508450132795914620620555238979493847434159153243350581530550304669861397257235252324507902476439902436302048642746917455969347482280536021197760293502489268632254403369092841235806436556843147152803063398757511230561671845921043755511734836243967075644416386774149550850628079195 0 0 0 0 0 0 0 0 0 0 0 0 0 0 0 0 0 0 0 0 0 0 0 0 0 0 0 0 0 0 0 0 0 0 0 0 0 0 0 0 0 0 0 0 0 0 0 0 0 0 0 0 0 0 0 0 0 0 0 0 0 0 0 0 0 0 0 0 0 0 0 0 0 0 0 0 0 0 0 0 0 0 0 0 0 0 0 0 0 0 1 0 0 0 0 0 0 0 0]
[4576292526539520479020332451377006178005080413799444751958108514355143959120279731608583568161491729237849948805280461665358521175011571799931621620256578360898527245210316177163689848051664459418859783759895856152203309888397170141817345293507269988152760323060527602710016042766624651140205872954469 0 0 0 0 0 0 0 0 0 0 0 0 0 0 0 0 0 0 0 0 0 0 0 0 0 0 0 0 0 0 0 0 0 0 0 0 0 0 0 0 0 0 0 0 0 0 0 0 0 0 0 0 0 0 0 0 0 0 0 0 0 0 0 0 0 0 0 0 0 0 0 0 0 0 0 0 0 0 0 0 0 0 0 0 0 0 0 0 0 0 0 1 0 0 0 0 0 0 0]
[6918833028737569257462561018014398971127532101061785470770150063309469681793310171662525862933118265252999754668012854552710865622365994183194463302804671473595869606132708949895818267028299399989730156169826634445970146430939008142840400374350150382554555233778756218443636623908563022792076466856149 0 0 0 0 0 0 0 0 0 0 0 0 0 0 0 0 0 0 0 0 0 0 0 0 0 0 0 0 0 0 0 0 0 0 0 0 0 0 0 0 0 0 0 0 0 0 0 0 0 0 0 0 0 0 0 0 0 0 0 0 0 0 0 0 0 0 0 0 0 0 0 0 0 0 0 0 0 0 0 0 0 0 0 0 0 0 0 0 0 0 0 0 1 0 0 0 0 0 0]
[4245785573643104730918005921052586639189107220854802631553190229156313451603304750245728077812444335532631541501269616088005351578216299637895922824299068722819388626422933058653823214820571848014489478291482270298334290506127089878833455889051805144461444978393471588704517707653795103412150656983016 0 0 0 0 0 0 0 0 0 0 0 0 0 0 0 0 0 0 0 0 0 0 0 0 0 0 0 0 0 0 0 0 0 0 0 0 0 0 0 0 0 0 0 0 0 0 0 0 0 0 0 0 0 0 0 0 0 0 0 0 0 0 0 0 0 0 0 0 0 0 0 0 0 0 0 0 0 0 0 0 0 0 0 0 0 0 0 0 0 0 0 0 0 1 0 0 0 0 0]
[2521410647202033004038889257344964829330294749224847930320919254367302484275281100544786110385415029318339288628242474618873122200767530082457343321339532898255391314488578248321136757886034521945060282432318894525712934432899392493593142617115709616482382016474354861109187387607039062524708242126457 0 0 0 0 0 0 0 0 0 0 0 0 0 0 0 0 0 0 0 0 0 0 0 0 0 0 0 0 0 0 0 0 0 0 0 0 0 0 0 0 0 0 0 0 0 0 0 0 0 0 0 0 0 0 0 0 0 0 0 0 0 0 0 0 0 0 0 0 0 0 0 0 0 0 0 0 0 0 0 0 0 0 0 0 0 0 0 0 0 0 0 0 0 0 1 0 0 0 0]
[1423431969159484199937064548413220213023999785354447186133693869746475035943630438508802444820249450564426324040724158713759171413398204470422214830143499471182574335994174221432788447117995340459354333700156339481711558209048701924574235934673519477690628747517604982278671986786224528583592247965828 0 0 0 0 0 0 0 0 0 0 0 0 0 0 0 0 0 0 0 0 0 0 0 0 0 0 0 0 0 0 0 0 0 0 0 0 0 0 0 0 0 0 0 0 0 0 0 0 0 0 0 0 0 0 0 0 0 0 0 0 0 0 0 0 0 0 0 0 0 0 0 0 0 0 0 0 0 0 0 0 0 0 0 0 0 0 0 0 0 0 0 0 0 0 0 1 0 0 0]
[8173846626161613267926154280178063130211519474468607259393828536406290774770022442270484469131959813059172452366148555624194737638827331017092615476997155809490986757229725084580248405417266031451244151246233613801285213405572914108045485673530370230559123560901618742696213295870858654257780765291059 0 0 0 0 0 0 0 0 0 0 0 0 0 0 0 0 0 0 0 0 0 0 0 0 0 0 0 0 0 0 0 0 0 0 0 0 0 0 0 0 0 0 0 0 0 0 0 0 0 0 0 0 0 0 0 0 0 0 0 0 0 0 0 0 0 0 0 0 0 0 0 0 0 0 0 0 0 0 0 0 0 0 0 0 0 0 0 0 0 0 0 0 0 0 0 0 1 0 0]
[2786908401602512491217839311895519707896459931171582056502413852323656014836702188616182682471841928869617252775791210143654289838830152869626374541440580865162700766892569542120370971391836912088497543586700777385152614508499706001882712412939965135546416688042580625222236323414783415843867400136699 0 0 0 0 0 0 0 0 0 0 0 0 0 0 0 0 0 0 0 0 0 0 0 0 0 0 0 0 0 0 0 0 0 0 0 0 0 0 0 0 0 0 0 0 0 0 0 0 0 0 0 0 0 0 0 0 0 0 0 0 0 0 0 0 0 0 0 0 0 0 0 0 0 0 0 0 0 0 0 0 0 0 0 0 0 0 0 0 0 0 0 0 0 0 0 0 0 1 0]
[280757698387360806746197590748655045021694506653229311924936976031398967206793753638406576491537465057842522143005038687472071078932063788349639612208225891441311595556022988155788061291580326291886137486183369549811618603646439541476374625662380368392973552938326011984258647845713121375366131583957 0 0 0 0 0 0 0 0 0 0 0 0 0 0 0 0 0 0 0 0 0 0 0 0 0 0 0 0 0 0 0 0 0 0 0 0 0 0 0 0 0 0 0 0 0 0 0 0 0 0 0 0 0 0 0 0 0 0 0 0 0 0 0 0 0 0 0 0 0 0 0 0 0 0 0 0 0 0 0 0 0 0 0 0 0 0 0 0 0 0 0 0 0 0 0 0 0 0 1]
]
