[[3098737555911066637073520097166587283918130978535067040990021177590941814005799814949440592469030533974941360911401781249822415059923845053647280171410143266025693976317783858096287 0 0 0 0 0 0 0 0 0 0 0 0 0 0 0 0 0 0 0 0 0 0 0 0 0 0 0 0 0 0 0 0 0 0 0 0 0 0 0 0 0 0 0 0 0 0 0 0 0 0 0 0 0 0 0 0 0 0 0]
[534543507519074688124623001080462418742147525371235845082679640373188256610290102328166968998689821283715281206370367749396179809216038290490713345839130200971556029930786854227738 1 0 0 0 0 0 0 0 0 0 0 0 0 0 0 0 0 0 0 0 0 0 0 0 0 0 0 0 0 0 0 0 0 0 0 0 0 0 0 0 0 0 0 0 0 0 0 0 0 0 0 0 0 0 0 0 0 0 0]
[399435108308703753076538774990540392608026816714133184050642097682228037156805059137865353528618315586744014799117498769010392628156252353650520650675442873569648445591166177151018 0 1 0 0 0 0 0 0 0 0 0 0 0 0 0 0 0 0 0 0 0 0 0 0 0 0 0 0 0 0 0 0 0 0 0 0 0 0 0 0 0 0 0 0 0 0 0 0 0 0 0 0 0 0 0 0 0 0 0]
[3018930636948293460682561502545915437277827158948167237073431963038542418784090373894531940240058628457068450512371892843212304325271809946584455871898455575581323226512710134452301 0 0 1 0 0 0 0 0 0 0 0 0 0 0 0 0 0 0 0 0 0 0 0 0 0 0 0 0 0 0 0 0 0 0 0 0 0 0 0 0 0 0 0 0 0 0 0 0 0 0 0 0 0 0 0 0 0 0 0]
[2905049033022068350285268650038310453292061820514186378545005950229286994835066191351319371920643818388175467976380024431197216678558282969344315612072798087428914206187343292782756 0 0 0 1 0 0 0 0 0 0 0 0 0 0 0 0 0 0 0 0 0 0 0 0 0 0 0 0 0 0 0 0 0 0 0 0 0 0 0 0 0 0 0 0 0 0 0 0 0 0 0 0 0 0 0 0 0 0 0]
[697334035735915682997281175174930057542667930115378423828106177724963286263335735752738361600467854840810878750564025400908924536067745575230305989183587920286133599793521405654020 0 0 0 0 1 0 0 0 0 0 0 0 0 0 0 0 0 0 0 0 0 0 0 0 0 0 0 0 0 0 0 0 0 0 0 0 0 0 0 0 0 0 0 0 0 0 0 0 0 0 0 0 0 0 0 0 0 0 0]
[313392247225474990420674180763495926304633432606803223110082043271634285014108787539082160630397478179555823004646642922277459240588927349593159433090692341926250848815055955651469 0 0 0 0 0 1 0 0 0 0 0 0 0 0 0 0 0 0 0 0 0 0 0 0 0 0 0 0 0 0 0 0 0 0 0 0 0 0 0 0 0 0 0 0 0 0 0 0 0 0 0 0 0 0 0 0 0 0 0]
[1764511103896022064917099422191419599580975486071810932281311610227611267263778633816973777282498970340523321323968104790650006862223933398425126537749000731760404113764902260326550 0 0 0 0 0 0 1 0 0 0 0 0 0 0 0 0 0 0 0 0 0 0 0 0 0 0 0 0 0 0 0 0 0 0 0 0 0 0 0 0 0 0 0 0 0 0 0 0 0 0 0 0 0 0 0 0 0 0 0]
[2949086016441343947388417456135881280601515783414392945809377716999963464273394681755782457548626769594405711129717042423257500786316818470130722052021988528317608845007679029145804 0 0 0 0 0 0 0 1 0 0 0 0 0 0 0 0 0 0 0 0 0 0 0 0 0 0 0 0 0 0 0 0 0 0 0 0 0 0 0 0 0 0 0 0 0 0 0 0 0 0 0 0 0 0 0 0 0 0 0]
[2847916987653897197430496261957802865455359258171558107347482661845391863317507840529198608343120243432768212455657256708924531646151410084922719708044247994429666896053802433566851 0 0 0 0 0 0 0 0 1 0 0 0 0 0 0 0 0 0 0 0 0 0 0 0 0 0 0 0 0 0 0 0 0 0 0 0 0 0 0 0 0 0 0 0 0 0 0 0 0 0 0 0 0 0 0 0 0 0 0]
[878772617948922372265433984015611026612219125700985855440905816369522297531916269364667469818788976641795577011879542090023646605873223677051591307658972389456477499540232159833511 0 0 0 0 0 0 0 0 0 1 0 0 0 0 0 0 0 0 0 0 0 0 0 0 0 0 0 0 0 0 0 0 0 0 0 0 0 0 0 0 0 0 0 0 0 0 0 0 0 0 0 0 0 0 0 0 0 0 0]
[1701072960116453075705728113652048533420146983721819988742301441714447500443901939415274496100665220289232251930962032889721667609904564528470549459193735996493525796653142931158741 0 0 0 0 0 0 0 0 0 0 1 0 0 0 0 0 0 0 0 0 0 0 0 0 0 0 0 0 0 0 0 0 0 0 0 0 0 0 0 0 0 0 0 0 0 0 0 0 0 0 0 0 0 0 0 0 0 0 0]
[2034482681933284849951438861734202343772520081825606737845125769118981967431304885618031961429700928766425803935044163830418751194467348744648809796581284640664559643799372237871103 0 0 0 0 0 0 0 0 0 0 0 1 0 0 0 0 0 0 0 0 0 0 0 0 0 0 0 0 0 0 0 0 0 0 0 0 0 0 0 0 0 0 0 0 0 0 0 0 0 0 0 0 0 0 0 0 0 0 0]
[2268998166505010628050282358525493536221383226291897721569656465074685965144345586306468915664947526593925432819710328637321230718759858552417699658843694036633699807326123054029570 0 0 0 0 0 0 0 0 0 0 0 0 1 0 0 0 0 0 0 0 0 0 0 0 0 0 0 0 0 0 0 0 0 0 0 0 0 0 0 0 0 0 0 0 0 0 0 0 0 0 0 0 0 0 0 0 0 0 0]
[2192159496041272118931023324208398007903377318900094922844059054478850059572967215993059350456938137870263262966905437635433776010194982351818650217815118058183924775536351080442753 0 0 0 0 0 0 0 0 0 0 0 0 0 1 0 0 0 0 0 0 0 0 0 0 0 0 0 0 0 0 0 0 0 0 0 0 0 0 0 0 0 0 0 0 0 0 0 0 0 0 0 0 0 0 0 0 0 0 0]
[2604062296901444965007131610581024640312366829771801478630583284116796191607603848258326943358684481601501931698687003225589168225933904498172068682698765959360874753179819010214410 0 0 0 0 0 0 0 0 0 0 0 0 0 0 1 0 0 0 0 0 0 0 0 0 0 0 0 0 0 0 0 0 0 0 0 0 0 0 0 0 0 0 0 0 0 0 0 0 0 0 0 0 0 0 0 0 0 0 0]
[1427471116840493816967837999617270655915703865211469946107858013280605898282758436002964541422340091219173700144147366824706957631331553958417759101089249579057945021064106794182483 0 0 0 0 0 0 0 0 0 0 0 0 0 0 0 1 0 0 0 0 0 0 0 0 0 0 0 0 0 0 0 0 0 0 0 0 0 0 0 0 0 0 0 0 0 0 0 0 0 0 0 0 0 0 0 0 0 0 0]
[2307105811233240500970491982144710562054728136127219973150138141594106239776176840395898780395764590500229065978341277556816680349595504380309490398582821767160504972820300003044229 0 0 0 0 0 0 0 0 0 0 0 0 0 0 0 0 1 0 0 0 0 0 0 0 0 0 0 0 0 0 0 0 0 0 0 0 0 0 0 0 0 0 0 0 0 0 0 0 0 0 0 0 0 0 0 0 0 0 0]
[2874762903637031413821046810912027964426164940157330746435283642571773153570166354461814086343383005202205433385514343699931700773537242886307656646871679111288059021159602211753445 0 0 0 0 0 0 0 0 0 0 0 0 0 0 0 0 0 1 0 0 0 0 0 0 0 0 0 0 0 0 0 0 0 0 0 0 0 0 0 0 0 0 0 0 0 0 0 0 0 0 0 0 0 0 0 0 0 0 0]
[648056504821055383251357658350437203383261328586846394124130229878464359747233739934020536781841042357530244669050718945775792089047776896333906214139965693622486933915460193774406 0 0 0 0 0 0 0 0 0 0 0 0 0 0 0 0 0 0 1 0 0 0 0 0 0 0 0 0 0 0 0 0 0 0 0 0 0 0 0 0 0 0 0 0 0 0 0 0 0 0 0 0 0 0 0 0 0 0 0]
[3054075196484241280704416930958071918874231959900873185466689301349983643896257437890576247993764823670331649697874307418571129532812512940842306338687856677572568775221008806422422 0 0 0 0 0 0 0 0 0 0 0 0 0 0 0 0 0 0 0 1 0 0 0 0 0 0 0 0 0 0 0 0 0 0 0 0 0 0 0 0 0 0 0 0 0 0 0 0 0 0 0 0 0 0 0 0 0 0 0]
[298385021460216737999243668604511933645574885366884576935872415804025387274603089447019441861384487589152197463449676892459838663822096402874359020171422435963290772645478367537386 0 0 0 0 0 0 0 0 0 0 0 0 0 0 0 0 0 0 0 0 1 0 0 0 0 0 0 0 0 0 0 0 0 0 0 0 0 0 0 0 0 0 0 0 0 0 0 0 0 0 0 0 0 0 0 0 0 0 0]
[1625118779043147836663420090307282924633031521532382215972437945952566039247322093079558749949329174151165846226176587296831497029793802748307141477328046592110765626607300877484418 0 0 0 0 0 0 0 0 0 0 0 0 0 0 0 0 0 0 0 0 0 1 0 0 0 0 0 0 0 0 0 0 0 0 0 0 0 0 0 0 0 0 0 0 0 0 0 0 0 0 0 0 0 0 0 0 0 0 0]
[2756326969164321709293971603388096757601608136240108155271572226511943439868957147856752021174289138386622030084622708807852596084133317371703333494909854967353875266572156926939484 0 0 0 0 0 0 0 0 0 0 0 0 0 0 0 0 0 0 0 0 0 0 1 0 0 0 0 0 0 0 0 0 0 0 0 0 0 0 0 0 0 0 0 0 0 0 0 0 0 0 0 0 0 0 0 0 0 0 0]
[13963970829071240086163734651417639537771588175588678349352699110605132074053294500076576490906028879656233613931435494892270380183733290385611274262302872543732489008411377830981 0 0 0 0 0 0 0 0 0 0 0 0 0 0 0 0 0 0 0 0 0 0 0 1 0 0 0 0 0 0 0 0 0 0 0 0 0 0 0 0 0 0 0 0 0 0 0 0 0 0 0 0 0 0 0 0 0 0 0]
[344148070361014049661232954290846882486503806652803947404648330867627386144599778017806502557699410567304763085609879936774794430813310111310929003756501407411420182731991985379068 0 0 0 0 0 0 0 0 0 0 0 0 0 0 0 0 0 0 0 0 0 0 0 0 1 0 0 0 0 0 0 0 0 0 0 0 0 0 0 0 0 0 0 0 0 0 0 0 0 0 0 0 0 0 0 0 0 0 0]
[2505262787244951337667240249316836607778995333319697205229749026714134434850332290885737494121093573840130917701372756551258120283171473107087196993486437230460307433043323889224947 0 0 0 0 0 0 0 0 0 0 0 0 0 0 0 0 0 0 0 0 0 0 0 0 0 1 0 0 0 0 0 0 0 0 0 0 0 0 0 0 0 0 0 0 0 0 0 0 0 0 0 0 0 0 0 0 0 0 0]
[230840695462369802594970166434328922667042700579536824649041933540288558351885128534095457048609703121627548074635753400769689920026433274379722703245117779716606527088605573453052 0 0 0 0 0 0 0 0 0 0 0 0 0 0 0 0 0 0 0 0 0 0 0 0 0 0 1 0 0 0 0 0 0 0 0 0 0 0 0 0 0 0 0 0 0 0 0 0 0 0 0 0 0 0 0 0 0 0 0]
[1576532141863932200085166235928911255419951695714111528920746237111592119970980996254998170473191065137665207151621372083430930178299001891590109002326296853533590303176804975011539 0 0 0 0 0 0 0 0 0 0 0 0 0 0 0 0 0 0 0 0 0 0 0 0 0 0 0 1 0 0 0 0 0 0 0 0 0 0 0 0 0 0 0 0 0 0 0 0 0 0 0 0 0 0 0 0 0 0 0]
[440418434020773710919337035185157883091516813773700674472602461381697490972618083311390331405030338550425393518159173509318778421499858090090601285958947561900869455702370644782559 0 0 0 0 0 0 0 0 0 0 0 0 0 0 0 0 0 0 0 0 0 0 0 0 0 0 0 0 1 0 0 0 0 0 0 0 0 0 0 0 0 0 0 0 0 0 0 0 0 0 0 0 0 0 0 0 0 0 0]
[1991610545929676478367981390897843692521412570188808682494011241444419870919293472795944606807836288141392502528877424509217921656663815204789362790527810713747262918931527371538059 0 0 0 0 0 0 0 0 0 0 0 0 0 0 0 0 0 0 0 0 0 0 0 0 0 0 0 0 0 1 0 0 0 0 0 0 0 0 0 0 0 0 0 0 0 0 0 0 0 0 0 0 0 0 0 0 0 0 0]
[1405495762436647586977801146268930631002932864238743121814657872656135285838348321260459397747627450201525701865191790143254700752477214951692811438640531750501446963909321355091644 0 0 0 0 0 0 0 0 0 0 0 0 0 0 0 0 0 0 0 0 0 0 0 0 0 0 0 0 0 0 1 0 0 0 0 0 0 0 0 0 0 0 0 0 0 0 0 0 0 0 0 0 0 0 0 0 0 0 0]
[2405602593662324733374798090394781238563680441081496712564457592453169777169813468131249930660561781242663981513256549512969984733522006501194703478719531989518060135647881886844284 0 0 0 0 0 0 0 0 0 0 0 0 0 0 0 0 0 0 0 0 0 0 0 0 0 0 0 0 0 0 0 1 0 0 0 0 0 0 0 0 0 0 0 0 0 0 0 0 0 0 0 0 0 0 0 0 0 0 0]
[1204092671525684911455849385841796132629880106006283884194372203871279093691895767875259969115369724931526472387992064887085913716711483665366209919389933919248352623748617373999680 0 0 0 0 0 0 0 0 0 0 0 0 0 0 0 0 0 0 0 0 0 0 0 0 0 0 0 0 0 0 0 0 1 0 0 0 0 0 0 0 0 0 0 0 0 0 0 0 0 0 0 0 0 0 0 0 0 0 0]
[1655050189269132926135078851338605472256009721369928623550636153870326178513714124433475234529882432517270669834061783009109873975814179469836453048367916537730962173300261762599757 0 0 0 0 0 0 0 0 0 0 0 0 0 0 0 0 0 0 0 0 0 0 0 0 0 0 0 0 0 0 0 0 0 1 0 0 0 0 0 0 0 0 0 0 0 0 0 0 0 0 0 0 0 0 0 0 0 0 0]
[727181995795776403656997509659098476699065155558142916812270223106063950685524931059680652765007657258480951128084807264351763371536529672923826955361253680888609485786346568856153 0 0 0 0 0 0 0 0 0 0 0 0 0 0 0 0 0 0 0 0 0 0 0 0 0 0 0 0 0 0 0 0 0 0 1 0 0 0 0 0 0 0 0 0 0 0 0 0 0 0 0 0 0 0 0 0 0 0 0]
[2613321478333622625354305205162595409310057359737136488574307089930242799262982791638940313244222510667203013040275342273942789946131037424286755911149215767718544514226957072193821 0 0 0 0 0 0 0 0 0 0 0 0 0 0 0 0 0 0 0 0 0 0 0 0 0 0 0 0 0 0 0 0 0 0 0 1 0 0 0 0 0 0 0 0 0 0 0 0 0 0 0 0 0 0 0 0 0 0 0]
[1008413753275286140663438119347584906215424819012253362689607693289524495409073570856725554518637679659709386814628417679090627346255336034226658259085488183763817064631700059243394 0 0 0 0 0 0 0 0 0 0 0 0 0 0 0 0 0 0 0 0 0 0 0 0 0 0 0 0 0 0 0 0 0 0 0 0 1 0 0 0 0 0 0 0 0 0 0 0 0 0 0 0 0 0 0 0 0 0 0]
[1024838507765839354315412714657641618145364421033585120363396985123857432766128518291410240233772238712970445427928554088491819280409157732018165457730282467453145841617939581273219 0 0 0 0 0 0 0 0 0 0 0 0 0 0 0 0 0 0 0 0 0 0 0 0 0 0 0 0 0 0 0 0 0 0 0 0 0 1 0 0 0 0 0 0 0 0 0 0 0 0 0 0 0 0 0 0 0 0 0]
[2551504126051402920021406499204449835824948110790544449170814430950356774339163032421616892395126613557441817835278674796701923304275831422316742892747354204555810378224373623954048 0 0 0 0 0 0 0 0 0 0 0 0 0 0 0 0 0 0 0 0 0 0 0 0 0 0 0 0 0 0 0 0 0 0 0 0 0 0 1 0 0 0 0 0 0 0 0 0 0 0 0 0 0 0 0 0 0 0 0]
[3075629976483868503954596401868071153523031543046957897687429321099328864452823797954676864470024598696114957405967539599850208612110570096655137744812666066652498601077270863842677 0 0 0 0 0 0 0 0 0 0 0 0 0 0 0 0 0 0 0 0 0 0 0 0 0 0 0 0 0 0 0 0 0 0 0 0 0 0 0 1 0 0 0 0 0 0 0 0 0 0 0 0 0 0 0 0 0 0 0]
[1851441483076306574202726685268404538280498831557472188125139868094475413365991209219403724667585652535256777347426081216596182836786005269923990264256107882344223937045814048282663 0 0 0 0 0 0 0 0 0 0 0 0 0 0 0 0 0 0 0 0 0 0 0 0 0 0 0 0 0 0 0 0 0 0 0 0 0 0 0 0 1 0 0 0 0 0 0 0 0 0 0 0 0 0 0 0 0 0 0]
[981723213246133165810239307234570839763522457649962942551679846763217077203393427875586559369702020576459115896167358376618999387120691442886763830493134542591138201741608827339700 0 0 0 0 0 0 0 0 0 0 0 0 0 0 0 0 0 0 0 0 0 0 0 0 0 0 0 0 0 0 0 0 0 0 0 0 0 0 0 0 0 1 0 0 0 0 0 0 0 0 0 0 0 0 0 0 0 0 0]
[1281511200212016395687320433390780934399168552226248285413154313636562735979873727222907989438057276565747906583848235357369655023654790834337591087072629439645508331366076062854886 0 0 0 0 0 0 0 0 0 0 0 0 0 0 0 0 0 0 0 0 0 0 0 0 0 0 0 0 0 0 0 0 0 0 0 0 0 0 0 0 0 0 1 0 0 0 0 0 0 0 0 0 0 0 0 0 0 0 0]
[537447422710633909316208053447145341713334780767552138123134958609497374227086136755413373912048119706727270649504854823491375880396532183302776652471435970818392285579256765083234 0 0 0 0 0 0 0 0 0 0 0 0 0 0 0 0 0 0 0 0 0 0 0 0 0 0 0 0 0 0 0 0 0 0 0 0 0 0 0 0 0 0 0 1 0 0 0 0 0 0 0 0 0 0 0 0 0 0 0]
[1757694494816363836033850854020217032159012494749408695202025330623349552873618539980108155017882387123559032218233876728270958666412072991900718445302360509641613026055510907631542 0 0 0 0 0 0 0 0 0 0 0 0 0 0 0 0 0 0 0 0 0 0 0 0 0 0 0 0 0 0 0 0 0 0 0 0 0 0 0 0 0 0 0 0 1 0 0 0 0 0 0 0 0 0 0 0 0 0 0]
[1235989580837384793633924163535836794692957948361231166241091821552092488226782408020984802742814423129812667447910854340367785574424394108676655221957456140164171649735914503594259 0 0 0 0 0 0 0 0 0 0 0 0 0 0 0 0 0 0 0 0 0 0 0 0 0 0 0 0 0 0 0 0 0 0 0 0 0 0 0 0 0 0 0 0 0 1 0 0 0 0 0 0 0 0 0 0 0 0 0]
[1206319947372085504178547253224642273759418213624274977387208025891923992502727621318901447171041164525641530279306610268388623666719177914547412791927198150297978736537876863078102 0 0 0 0 0 0 0 0 0 0 0 0 0 0 0 0 0 0 0 0 0 0 0 0 0 0 0 0 0 0 0 0 0 0 0 0 0 0 0 0 0 0 0 0 0 0 1 0 0 0 0 0 0 0 0 0 0 0 0]
[1727969345733871839074834533889696753626436972875562330654344606321772620809321092491082679362798437175220314449001547895646765890541315377205640052684852561790901877371473949716101 0 0 0 0 0 0 0 0 0 0 0 0 0 0 0 0 0 0 0 0 0 0 0 0 0 0 0 0 0 0 0 0 0 0 0 0 0 0 0 0 0 0 0 0 0 0 0 1 0 0 0 0 0 0 0 0 0 0 0]
[1172939825290202914735124091953951672763512289476827273704755756793457471054330452730300664984630290433281352033688056004519287324068816954652118656741177477919216832263552716901571 0 0 0 0 0 0 0 0 0 0 0 0 0 0 0 0 0 0 0 0 0 0 0 0 0 0 0 0 0 0 0 0 0 0 0 0 0 0 0 0 0 0 0 0 0 0 0 0 1 0 0 0 0 0 0 0 0 0 0]
[1550126657462771654818106821431486532686767368768473898948497364248797066766266747130878759988598919002032737526164154096154713821472391542381596728891736375984033845389516972724090 0 0 0 0 0 0 0 0 0 0 0 0 0 0 0 0 0 0 0 0 0 0 0 0 0 0 0 0 0 0 0 0 0 0 0 0 0 0 0 0 0 0 0 0 0 0 0 0 0 1 0 0 0 0 0 0 0 0 0]
[2699180687335114210902566539968551556174160221968703998577845197222484313516665798053635599656535803350126991820053503758297865352233563837442556100454544268905721506194077422958690 0 0 0 0 0 0 0 0 0 0 0 0 0 0 0 0 0 0 0 0 0 0 0 0 0 0 0 0 0 0 0 0 0 0 0 0 0 0 0 0 0 0 0 0 0 0 0 0 0 0 1 0 0 0 0 0 0 0 0]
[1416226537597728336075822860975206754839840841387109632144929776016298277441831012324218940443337782766434636608118065679149951059716154799105077506109607536525080800927319893873680 0 0 0 0 0 0 0 0 0 0 0 0 0 0 0 0 0 0 0 0 0 0 0 0 0 0 0 0 0 0 0 0 0 0 0 0 0 0 0 0 0 0 0 0 0 0 0 0 0 0 0 1 0 0 0 0 0 0 0]
[2327597015106653089795923924947051271592245403206314385967815404805927742162527159641457466597637093273816569229385804664900027387944130896826391713330692643453842823854110445591623 0 0 0 0 0 0 0 0 0 0 0 0 0 0 0 0 0 0 0 0 0 0 0 0 0 0 0 0 0 0 0 0 0 0 0 0 0 0 0 0 0 0 0 0 0 0 0 0 0 0 0 0 1 0 0 0 0 0 0]
[2122737317710881913497023629471583056870318619996941457956841272081893622271266770088963143826326099635840390513678980398328508976782405145937325671533381220491896476351339137634526 0 0 0 0 0 0 0 0 0 0 0 0 0 0 0 0 0 0 0 0 0 0 0 0 0 0 0 0 0 0 0 0 0 0 0 0 0 0 0 0 0 0 0 0 0 0 0 0 0 0 0 0 0 1 0 0 0 0 0]
[337234280845832545351313767622846420861812442700162708907312163646388992326047115275589269562556422207676628984422467404356513395921106944422643116097303637145469079010111559278232 0 0 0 0 0 0 0 0 0 0 0 0 0 0 0 0 0 0 0 0 0 0 0 0 0 0 0 0 0 0 0 0 0 0 0 0 0 0 0 0 0 0 0 0 0 0 0 0 0 0 0 0 0 0 1 0 0 0 0]
[2808189879081047050734109543961936316766562733850163611618210017268983055166928200579399221421371177153319505107740081244224815122268227255898279531270323960132557902181797992694678 0 0 0 0 0 0 0 0 0 0 0 0 0 0 0 0 0 0 0 0 0 0 0 0 0 0 0 0 0 0 0 0 0 0 0 0 0 0 0 0 0 0 0 0 0 0 0 0 0 0 0 0 0 0 0 1 0 0 0]
[328930809732462192134075990426271981696950175714292111826843308254445517779303899698616961356682379204098059436801230501756477443651895998073770570113516414515888964016750211145852 0 0 0 0 0 0 0 0 0 0 0 0 0 0 0 0 0 0 0 0 0 0 0 0 0 0 0 0 0 0 0 0 0 0 0 0 0 0 0 0 0 0 0 0 0 0 0 0 0 0 0 0 0 0 0 0 1 0 0]
[1108528489304320141711357475419387344894668723897886695727345038960993730513160559462061571923298636692737907456544221498824253552990806846882526593539988927290793808862850271545831 0 0 0 0 0 0 0 0 0 0 0 0 0 0 0 0 0 0 0 0 0 0 0 0 0 0 0 0 0 0 0 0 0 0 0 0 0 0 0 0 0 0 0 0 0 0 0 0 0 0 0 0 0 0 0 0 0 1 0]
[103660993131030228958980261805917597010049550366856642864425395646957279742555598346832993205386788931041487112769052074035030744058438777869667981727750561236984894369331256972111 0 0 0 0 0 0 0 0 0 0 0 0 0 0 0 0 0 0 0 0 0 0 0 0 0 0 0 0 0 0 0 0 0 0 0 0 0 0 0 0 0 0 0 0 0 0 0 0 0 0 0 0 0 0 0 0 0 0 1]
]
