[[6864597059062103077115365378592932088798760440747257023387801946293845371869359949960282328554656037052980745273843382383494071501004776783558749132257529999647587611655186537353481790727774006128950645185616142153692758509842834600554523101838576968956108027228992862661162263288212747942761925343439 0 0 0 0 0 0 0 0 0 0 0 0 0 0 0 0 0 0 0 0 0 0 0 0 0 0 0 0 0 0 0 0 0 0 0 0 0 0 0 0 0 0 0 0 0 0 0 0 0 0 0 0 0 0 0 0 0 0 0 0 0 0 0 0 0 0 0 0 0 0 0 0 0 0 0 0 0 0 0 0 0 0 0 0 0 0 0 0 0 0 0 0 0 0 0 0 0 0 0]
[5232363993305093603510650874095838828038693856863650437923376117691807357289957935600095811774119055416451903677103008144197335577945728071093326201062387265823917238909575755115877823523519127595225717778029828623040026707831679036942155570266313734721564367047944285935920210829789326926237739304718 1 0 0 0 0 0 0 0 0 0 0 0 0 0 0 0 0 0 0 0 0 0 0 0 0 0 0 0 0 0 0 0 0 0 0 0 0 0 0 0 0 0 0 0 0 0 0 0 0 0 0 0 0 0 0 0 0 0 0 0 0 0 0 0 0 0 0 0 0 0 0 0 0 0 0 0 0 0 0 0 0 0 0 0 0 0 0 0 0 0 0 0 0 0 0 0 0 0 0]
[16654583821842419973733324022208609445268642470494063472623253279847375199145642828810191514697179256326507106984782257983121386069456318156574594790590466797384304575955944056091462235392241990461186505257091665056777777606766512402092856997655943782805174934525811197390166155072898555097889459283 0 1 0 0 0 0 0 0 0 0 0 0 0 0 0 0 0 0 0 0 0 0 0 0 0 0 0 0 0 0 0 0 0 0 0 0 0 0 0 0 0 0 0 0 0 0 0 0 0 0 0 0 0 0 0 0 0 0 0 0 0 0 0 0 0 0 0 0 0 0 0 0 0 0 0 0 0 0 0 0 0 0 0 0 0 0 0 0 0 0 0 0 0 0 0 0 0 0 0]
[1928644358505904804155223655238675164343412626507018375043527502772132467710616199661862057661871887193090166780037585825965490831329759741702962936191515455119241324953311591990883961909946291778534921246719693015044537828355018742696749531593009807704995316678124861110438769661035010886952541499935 0 0 1 0 0 0 0 0 0 0 0 0 0 0 0 0 0 0 0 0 0 0 0 0 0 0 0 0 0 0 0 0 0 0 0 0 0 0 0 0 0 0 0 0 0 0 0 0 0 0 0 0 0 0 0 0 0 0 0 0 0 0 0 0 0 0 0 0 0 0 0 0 0 0 0 0 0 0 0 0 0 0 0 0 0 0 0 0 0 0 0 0 0 0 0 0 0 0 0]
[6023676600747377152807161881779628841607486250495044147908264914864176174194186980847752459779378081888718394743393738681635284120461723590550295309482164214945587965647315569403916538951648505303441638935422547922675705759280167515572238977022011094702882160728720824200372196413769544544850353401811 0 0 0 1 0 0 0 0 0 0 0 0 0 0 0 0 0 0 0 0 0 0 0 0 0 0 0 0 0 0 0 0 0 0 0 0 0 0 0 0 0 0 0 0 0 0 0 0 0 0 0 0 0 0 0 0 0 0 0 0 0 0 0 0 0 0 0 0 0 0 0 0 0 0 0 0 0 0 0 0 0 0 0 0 0 0 0 0 0 0 0 0 0 0 0 0 0 0 0]
[4484478307800504133128783667929833136538934829552498059277596594126598347428132076767589765682561453400101454270014251773185829583650651874602279111905776479298900426089343509551837431272173116759252358499955197635495779925906010295491602654900338316470698797919474780303418001282555567107601109578193 0 0 0 0 1 0 0 0 0 0 0 0 0 0 0 0 0 0 0 0 0 0 0 0 0 0 0 0 0 0 0 0 0 0 0 0 0 0 0 0 0 0 0 0 0 0 0 0 0 0 0 0 0 0 0 0 0 0 0 0 0 0 0 0 0 0 0 0 0 0 0 0 0 0 0 0 0 0 0 0 0 0 0 0 0 0 0 0 0 0 0 0 0 0 0 0 0 0 0]
[732515086633025484759393826299943086285483325823069176247971294898092859494692751818250741915287628433010511964915962398571205636784540958631689158797192096134694787453268710618456225785353352002648485327095622446893056776491262623429517569145957584290266341871073401605544663454548768852759228818789 0 0 0 0 0 1 0 0 0 0 0 0 0 0 0 0 0 0 0 0 0 0 0 0 0 0 0 0 0 0 0 0 0 0 0 0 0 0 0 0 0 0 0 0 0 0 0 0 0 0 0 0 0 0 0 0 0 0 0 0 0 0 0 0 0 0 0 0 0 0 0 0 0 0 0 0 0 0 0 0 0 0 0 0 0 0 0 0 0 0 0 0 0 0 0 0 0 0 0]
[5970516470612405246810304197458034231673985322236516094690024369113248755443398865846591364054900483548448576127812974114691096626906636789301835952403901646693329315652548588981256509027086586224965696750066259630067490962829542468565312940589534693152963824399708764839949223216741471761389182641687 0 0 0 0 0 0 1 0 0 0 0 0 0 0 0 0 0 0 0 0 0 0 0 0 0 0 0 0 0 0 0 0 0 0 0 0 0 0 0 0 0 0 0 0 0 0 0 0 0 0 0 0 0 0 0 0 0 0 0 0 0 0 0 0 0 0 0 0 0 0 0 0 0 0 0 0 0 0 0 0 0 0 0 0 0 0 0 0 0 0 0 0 0 0 0 0 0 0 0]
[1031589784087971791513384247362404380780397320869453901332069089976272349732698255324728491307622197039077047734789291821376529285180683624999076441267622448328410219597139082234432097187136029517011210157375528102860089768869315458837205236123263418807954623756903477969970340273987950551137529802023 0 0 0 0 0 0 0 1 0 0 0 0 0 0 0 0 0 0 0 0 0 0 0 0 0 0 0 0 0 0 0 0 0 0 0 0 0 0 0 0 0 0 0 0 0 0 0 0 0 0 0 0 0 0 0 0 0 0 0 0 0 0 0 0 0 0 0 0 0 0 0 0 0 0 0 0 0 0 0 0 0 0 0 0 0 0 0 0 0 0 0 0 0 0 0 0 0 0 0]
[2091685089070179281809270624006734701454765832943298062646470516407113861333484856421690379387980317927662235321964038760263186859337925577588556874781614154889633659870431580968771396571669777051151916009860988420739483301607346023811100044570550145306240944544179643769892362301909956556290210678725 0 0 0 0 0 0 0 0 1 0 0 0 0 0 0 0 0 0 0 0 0 0 0 0 0 0 0 0 0 0 0 0 0 0 0 0 0 0 0 0 0 0 0 0 0 0 0 0 0 0 0 0 0 0 0 0 0 0 0 0 0 0 0 0 0 0 0 0 0 0 0 0 0 0 0 0 0 0 0 0 0 0 0 0 0 0 0 0 0 0 0 0 0 0 0 0 0 0 0]
[2573469636679114336859143114037546411959485517261434341799127137959280922135026646836139402984227484816175488413162558119757871163140134569484313686930529333646801419689108698467155478025105476312324399725083490754488733060256560936252353161030245465717241630690384845392998573745305552144779388917451 0 0 0 0 0 0 0 0 0 1 0 0 0 0 0 0 0 0 0 0 0 0 0 0 0 0 0 0 0 0 0 0 0 0 0 0 0 0 0 0 0 0 0 0 0 0 0 0 0 0 0 0 0 0 0 0 0 0 0 0 0 0 0 0 0 0 0 0 0 0 0 0 0 0 0 0 0 0 0 0 0 0 0 0 0 0 0 0 0 0 0 0 0 0 0 0 0 0 0]
[4559142488077855963412596581601038423300911379740822640160204523971177197148779110714025222937257911790913323882561721130635265729186419255380277249483316319381521321965025994449202858277654754044512099816241768330156039759515660753720896525817915520599000842665166414059340465716677595083661838294198 0 0 0 0 0 0 0 0 0 0 1 0 0 0 0 0 0 0 0 0 0 0 0 0 0 0 0 0 0 0 0 0 0 0 0 0 0 0 0 0 0 0 0 0 0 0 0 0 0 0 0 0 0 0 0 0 0 0 0 0 0 0 0 0 0 0 0 0 0 0 0 0 0 0 0 0 0 0 0 0 0 0 0 0 0 0 0 0 0 0 0 0 0 0 0 0 0 0 0]
[1304796721205291171105854737784091691332154245780920689406507526257933867572120262004565789055164039925138078687397037797581323691504350514324776395325252329847524648589325572996970509748278977292306803162373135206071971634808805259743167394799492260832262590940481531365279789796810883371395930442154 0 0 0 0 0 0 0 0 0 0 0 1 0 0 0 0 0 0 0 0 0 0 0 0 0 0 0 0 0 0 0 0 0 0 0 0 0 0 0 0 0 0 0 0 0 0 0 0 0 0 0 0 0 0 0 0 0 0 0 0 0 0 0 0 0 0 0 0 0 0 0 0 0 0 0 0 0 0 0 0 0 0 0 0 0 0 0 0 0 0 0 0 0 0 0 0 0 0 0]
[6242465847711512540126868919529077560158083311040326169834868660475476956811158973318652398588615602307789331798360543548733861694982807908354699684122229149654581805690995203200552266430015516453063777048577528970503094709931529725863189762393772387422255454627369142635587768260415204739604219623575 0 0 0 0 0 0 0 0 0 0 0 0 1 0 0 0 0 0 0 0 0 0 0 0 0 0 0 0 0 0 0 0 0 0 0 0 0 0 0 0 0 0 0 0 0 0 0 0 0 0 0 0 0 0 0 0 0 0 0 0 0 0 0 0 0 0 0 0 0 0 0 0 0 0 0 0 0 0 0 0 0 0 0 0 0 0 0 0 0 0 0 0 0 0 0 0 0 0 0]
[1269535235432899232063191329312446991045427086688723224842998055827164993962259886791014210554665673085076656455736383722526881685784296397011237496736086905554058422316739597930554184988308562879174329828969434556354956826450052089389309305571307904223406260175785027250546629258270053164902963730212 0 0 0 0 0 0 0 0 0 0 0 0 0 1 0 0 0 0 0 0 0 0 0 0 0 0 0 0 0 0 0 0 0 0 0 0 0 0 0 0 0 0 0 0 0 0 0 0 0 0 0 0 0 0 0 0 0 0 0 0 0 0 0 0 0 0 0 0 0 0 0 0 0 0 0 0 0 0 0 0 0 0 0 0 0 0 0 0 0 0 0 0 0 0 0 0 0 0 0]
[6764912699175005476740373546393021654178893550189536510458277577248951887871059394129027525291316264753394250396187798594356693054233689346366344845876909879064407083709169041495077340755438291352365771181386715935354467093624132061826153793227406623457266888316058756117680442288638668074705593512765 0 0 0 0 0 0 0 0 0 0 0 0 0 0 1 0 0 0 0 0 0 0 0 0 0 0 0 0 0 0 0 0 0 0 0 0 0 0 0 0 0 0 0 0 0 0 0 0 0 0 0 0 0 0 0 0 0 0 0 0 0 0 0 0 0 0 0 0 0 0 0 0 0 0 0 0 0 0 0 0 0 0 0 0 0 0 0 0 0 0 0 0 0 0 0 0 0 0 0]
[3871585682109757542252906344832407286747534531125419853839957709207441053405102709669068400284781678850214884778096525853303379025008006484267780766099832584000110622697760196818297362077464755356864704635712168849989250024050451877751357979687932428889227046836338937511943706574963032609656676105299 0 0 0 0 0 0 0 0 0 0 0 0 0 0 0 1 0 0 0 0 0 0 0 0 0 0 0 0 0 0 0 0 0 0 0 0 0 0 0 0 0 0 0 0 0 0 0 0 0 0 0 0 0 0 0 0 0 0 0 0 0 0 0 0 0 0 0 0 0 0 0 0 0 0 0 0 0 0 0 0 0 0 0 0 0 0 0 0 0 0 0 0 0 0 0 0 0 0 0]
[870334789951809192367435961302789422966899622633688340337661106548230737302124088286374885302885964525411383599911716134385668494167138043565213115306109550657309655762304356137038265149665207582689415008470803118423942502975804775445254764577132854114024274575577749240260818681940428157414034285562 0 0 0 0 0 0 0 0 0 0 0 0 0 0 0 0 1 0 0 0 0 0 0 0 0 0 0 0 0 0 0 0 0 0 0 0 0 0 0 0 0 0 0 0 0 0 0 0 0 0 0 0 0 0 0 0 0 0 0 0 0 0 0 0 0 0 0 0 0 0 0 0 0 0 0 0 0 0 0 0 0 0 0 0 0 0 0 0 0 0 0 0 0 0 0 0 0 0 0]
[252899265120246480316484387462550620197444839887921683057163850408747241641523788871774949568406108484373663604530178546907449809752373251508431402707157193387195809388734679191091510809434391607504673573606971277492692041169449480083653741631889707468988822958144449760923089646226876614328763869906 0 0 0 0 0 0 0 0 0 0 0 0 0 0 0 0 0 1 0 0 0 0 0 0 0 0 0 0 0 0 0 0 0 0 0 0 0 0 0 0 0 0 0 0 0 0 0 0 0 0 0 0 0 0 0 0 0 0 0 0 0 0 0 0 0 0 0 0 0 0 0 0 0 0 0 0 0 0 0 0 0 0 0 0 0 0 0 0 0 0 0 0 0 0 0 0 0 0 0]
[2310996500710193150974351814907055197837719376576872332000786753151037624270409599599011327965111172987524561203393586912799127093753507354376913757227705341997943898478946535911507126771132486811419724670409609405362481829741262669142579824009433701000899886569317913019553942573878190040938090595317 0 0 0 0 0 0 0 0 0 0 0 0 0 0 0 0 0 0 1 0 0 0 0 0 0 0 0 0 0 0 0 0 0 0 0 0 0 0 0 0 0 0 0 0 0 0 0 0 0 0 0 0 0 0 0 0 0 0 0 0 0 0 0 0 0 0 0 0 0 0 0 0 0 0 0 0 0 0 0 0 0 0 0 0 0 0 0 0 0 0 0 0 0 0 0 0 0 0 0]
[3550158537901668545985193437177640457581947926127907755706284494343479084892022869772581026547035061522892542747381230172101313062118843758797564225948393637690550186960171442594500717544539841927630325355408479856147649161378643948501022571298361676939436719415275413613631780028079618450791252334998 0 0 0 0 0 0 0 0 0 0 0 0 0 0 0 0 0 0 0 1 0 0 0 0 0 0 0 0 0 0 0 0 0 0 0 0 0 0 0 0 0 0 0 0 0 0 0 0 0 0 0 0 0 0 0 0 0 0 0 0 0 0 0 0 0 0 0 0 0 0 0 0 0 0 0 0 0 0 0 0 0 0 0 0 0 0 0 0 0 0 0 0 0 0 0 0 0 0 0]
[3159503759095167501326736332825944123986118105669648570528072737780561925580129317495692884004708764701636005484562506491250611856787112033767711755011730042372452540454533830825934654396510464638955204448541971726609411247977239578398826972156491578435694967688948357575366813214199708324004539281668 0 0 0 0 0 0 0 0 0 0 0 0 0 0 0 0 0 0 0 0 1 0 0 0 0 0 0 0 0 0 0 0 0 0 0 0 0 0 0 0 0 0 0 0 0 0 0 0 0 0 0 0 0 0 0 0 0 0 0 0 0 0 0 0 0 0 0 0 0 0 0 0 0 0 0 0 0 0 0 0 0 0 0 0 0 0 0 0 0 0 0 0 0 0 0 0 0 0 0]
[3975093267682416158782918870390792616639596461701330476784139735522973870306013310875284631593769981027017832663959492467735708446351058972617762118075167251835455843298708200197216560127607850262281550749736073628359536775267682706773742529136479955576372030899885835326898434140705659466471431725245 0 0 0 0 0 0 0 0 0 0 0 0 0 0 0 0 0 0 0 0 0 1 0 0 0 0 0 0 0 0 0 0 0 0 0 0 0 0 0 0 0 0 0 0 0 0 0 0 0 0 0 0 0 0 0 0 0 0 0 0 0 0 0 0 0 0 0 0 0 0 0 0 0 0 0 0 0 0 0 0 0 0 0 0 0 0 0 0 0 0 0 0 0 0 0 0 0 0 0]
[2896802395434896966804234453825131653333109971077037438169637390834183924251330744086533869375988559646405956775502074197262871077469258615901368991978815665696411707088415298076598988174392024379255906027420817905686976564870978679187574004163794502451850502267454996738938962096248241161374116989368 0 0 0 0 0 0 0 0 0 0 0 0 0 0 0 0 0 0 0 0 0 0 1 0 0 0 0 0 0 0 0 0 0 0 0 0 0 0 0 0 0 0 0 0 0 0 0 0 0 0 0 0 0 0 0 0 0 0 0 0 0 0 0 0 0 0 0 0 0 0 0 0 0 0 0 0 0 0 0 0 0 0 0 0 0 0 0 0 0 0 0 0 0 0 0 0 0 0 0]
[3949100876747860495950338330355469519420638077053316484508847716859069417778049454782142025921464585318619480587691455136880136971531307659861993077445210368582075455156451303701036720771092545981023773641667007483640859266500474983998346449479521802272909892370395874037406304296465277735514557898014 0 0 0 0 0 0 0 0 0 0 0 0 0 0 0 0 0 0 0 0 0 0 0 1 0 0 0 0 0 0 0 0 0 0 0 0 0 0 0 0 0 0 0 0 0 0 0 0 0 0 0 0 0 0 0 0 0 0 0 0 0 0 0 0 0 0 0 0 0 0 0 0 0 0 0 0 0 0 0 0 0 0 0 0 0 0 0 0 0 0 0 0 0 0 0 0 0 0 0]
[5391429008927828557433625910818699994714891621663530999716599250738670521576805180670452506293396208368297695393402162043563478898089710039737287401312345149819939722199826155844894595661286735842404315317414997937452609932264968232671763817884649107785663232711692609267671816492560223783186651942220 0 0 0 0 0 0 0 0 0 0 0 0 0 0 0 0 0 0 0 0 0 0 0 0 1 0 0 0 0 0 0 0 0 0 0 0 0 0 0 0 0 0 0 0 0 0 0 0 0 0 0 0 0 0 0 0 0 0 0 0 0 0 0 0 0 0 0 0 0 0 0 0 0 0 0 0 0 0 0 0 0 0 0 0 0 0 0 0 0 0 0 0 0 0 0 0 0 0 0]
[1310191069893251051198392348024850595859782845951577455955878880186769193900855350983686386638619317300583471759236357022552884920701918960961114886120695925490853598863577961296928898488274983437406354895720688476953294600243520702904602111378022094269914664619501543483438518216187015287845428797375 0 0 0 0 0 0 0 0 0 0 0 0 0 0 0 0 0 0 0 0 0 0 0 0 0 1 0 0 0 0 0 0 0 0 0 0 0 0 0 0 0 0 0 0 0 0 0 0 0 0 0 0 0 0 0 0 0 0 0 0 0 0 0 0 0 0 0 0 0 0 0 0 0 0 0 0 0 0 0 0 0 0 0 0 0 0 0 0 0 0 0 0 0 0 0 0 0 0 0]
[6280183496305396664661422189775636127733012348897560750567823025369811313298906194340703881160549764878384785064719948315759969477498209708385591953178015641075850414007058184853275370089573053235521447379406476366242514968860654656577102956861913862267200686893907900909855226240888228146197991179669 0 0 0 0 0 0 0 0 0 0 0 0 0 0 0 0 0 0 0 0 0 0 0 0 0 0 1 0 0 0 0 0 0 0 0 0 0 0 0 0 0 0 0 0 0 0 0 0 0 0 0 0 0 0 0 0 0 0 0 0 0 0 0 0 0 0 0 0 0 0 0 0 0 0 0 0 0 0 0 0 0 0 0 0 0 0 0 0 0 0 0 0 0 0 0 0 0 0 0]
[3482854894159119984429141029988371874533683537731787773146169900385749448274250383805903361613130113239493889265699806955816533677830646918151147826187267116451272307966188471409668257105690313223707257634825353819270770744221962182225644961244999866813542763893712100311025227018783992077357804275261 0 0 0 0 0 0 0 0 0 0 0 0 0 0 0 0 0 0 0 0 0 0 0 0 0 0 0 1 0 0 0 0 0 0 0 0 0 0 0 0 0 0 0 0 0 0 0 0 0 0 0 0 0 0 0 0 0 0 0 0 0 0 0 0 0 0 0 0 0 0 0 0 0 0 0 0 0 0 0 0 0 0 0 0 0 0 0 0 0 0 0 0 0 0 0 0 0 0 0]
[1716085655797199906886960167474636111844731709114742216232348367010943987684730257529001467928143038325144748932341461481210946526585385115123764609224739367635750113255861842374628974149782517294110463935660561545538222758839898548162300358660151294104173421422121230543900404813009487049765676200908 0 0 0 0 0 0 0 0 0 0 0 0 0 0 0 0 0 0 0 0 0 0 0 0 0 0 0 0 1 0 0 0 0 0 0 0 0 0 0 0 0 0 0 0 0 0 0 0 0 0 0 0 0 0 0 0 0 0 0 0 0 0 0 0 0 0 0 0 0 0 0 0 0 0 0 0 0 0 0 0 0 0 0 0 0 0 0 0 0 0 0 0 0 0 0 0 0 0 0]
[942927340274629136419060387644003062929250498733279173678041360478175172956789564687313777587791422076066933413578312406922709426481287708028242775294201370088607808255699866933279821961618965538261496071926485406098220935336743982378823322800105052875584612225412380727991323904116397787733542735357 0 0 0 0 0 0 0 0 0 0 0 0 0 0 0 0 0 0 0 0 0 0 0 0 0 0 0 0 0 1 0 0 0 0 0 0 0 0 0 0 0 0 0 0 0 0 0 0 0 0 0 0 0 0 0 0 0 0 0 0 0 0 0 0 0 0 0 0 0 0 0 0 0 0 0 0 0 0 0 0 0 0 0 0 0 0 0 0 0 0 0 0 0 0 0 0 0 0 0]
[2927715492131590655245198132877085498974554424323867715404710883148984067940536225210877007892167345890474874417240690148573615756199530036104940857428887010990058109246074695881175160952908891122774679681889305978456346404222685699006097905398699434037239752541505031069785679447020755116090292584577 0 0 0 0 0 0 0 0 0 0 0 0 0 0 0 0 0 0 0 0 0 0 0 0 0 0 0 0 0 0 1 0 0 0 0 0 0 0 0 0 0 0 0 0 0 0 0 0 0 0 0 0 0 0 0 0 0 0 0 0 0 0 0 0 0 0 0 0 0 0 0 0 0 0 0 0 0 0 0 0 0 0 0 0 0 0 0 0 0 0 0 0 0 0 0 0 0 0 0]
[1939766847354722022403758350909293867813867230889440078730266591067597365974878814428120244067384953131281307428210357130264503004194150054121482428348684807458825267221619990561260145713778632034585919771614598790511760214171929508447363932315363093783319679795777913509994616345670466459153978617214 0 0 0 0 0 0 0 0 0 0 0 0 0 0 0 0 0 0 0 0 0 0 0 0 0 0 0 0 0 0 0 1 0 0 0 0 0 0 0 0 0 0 0 0 0 0 0 0 0 0 0 0 0 0 0 0 0 0 0 0 0 0 0 0 0 0 0 0 0 0 0 0 0 0 0 0 0 0 0 0 0 0 0 0 0 0 0 0 0 0 0 0 0 0 0 0 0 0 0]
[3731649597407026761777885942388900615672235459565373084796075129510306299866294785502472841175330826808401741998934076761823512548306486516660398563224501360866516691348232983316217809053218025843787188650088083181802073401022188116946394218707709021116932972755507681699208977234482756650115059907242 0 0 0 0 0 0 0 0 0 0 0 0 0 0 0 0 0 0 0 0 0 0 0 0 0 0 0 0 0 0 0 0 1 0 0 0 0 0 0 0 0 0 0 0 0 0 0 0 0 0 0 0 0 0 0 0 0 0 0 0 0 0 0 0 0 0 0 0 0 0 0 0 0 0 0 0 0 0 0 0 0 0 0 0 0 0 0 0 0 0 0 0 0 0 0 0 0 0 0]
[3768424980641014726311987442109397539853487564501080290572702681522342965393147145007012340385838054168373506996120130101547558327128439731725922478346005347831144737284892059483008701143878867498136449503253590549363619580380663758820722322940013706823752999054251222146469144758661215463208594098849 0 0 0 0 0 0 0 0 0 0 0 0 0 0 0 0 0 0 0 0 0 0 0 0 0 0 0 0 0 0 0 0 0 1 0 0 0 0 0 0 0 0 0 0 0 0 0 0 0 0 0 0 0 0 0 0 0 0 0 0 0 0 0 0 0 0 0 0 0 0 0 0 0 0 0 0 0 0 0 0 0 0 0 0 0 0 0 0 0 0 0 0 0 0 0 0 0 0 0]
[1599463563105492609460648183465022057212202799211804565798725133704230507363620005090980312801976842505885104328477808464859499067597931905754347317310172725713553215956224842913813294753341102862993149207309881595846918432992797982391789627691459072495549252414902051971934002849098840478930576867380 0 0 0 0 0 0 0 0 0 0 0 0 0 0 0 0 0 0 0 0 0 0 0 0 0 0 0 0 0 0 0 0 0 0 1 0 0 0 0 0 0 0 0 0 0 0 0 0 0 0 0 0 0 0 0 0 0 0 0 0 0 0 0 0 0 0 0 0 0 0 0 0 0 0 0 0 0 0 0 0 0 0 0 0 0 0 0 0 0 0 0 0 0 0 0 0 0 0 0]
[6249475576908093503257432306152646038820576735029122045763131584862874560495827698665528802140041233407658453064238951565179873524232986911188049096225250892101801204773470084005475873098330474133700743754453496363179227268141161529313831554685923944641128810141164532759949106037483324466539191943736 0 0 0 0 0 0 0 0 0 0 0 0 0 0 0 0 0 0 0 0 0 0 0 0 0 0 0 0 0 0 0 0 0 0 0 1 0 0 0 0 0 0 0 0 0 0 0 0 0 0 0 0 0 0 0 0 0 0 0 0 0 0 0 0 0 0 0 0 0 0 0 0 0 0 0 0 0 0 0 0 0 0 0 0 0 0 0 0 0 0 0 0 0 0 0 0 0 0 0]
[3110613214166502105249639960854455118316391175501577409945787530406221760952252627442058139117235941753412196045014679592824935907854150010737089477352372520769110147234768474867146597902916497507766283434794636194308849965238899908754120601358793920857652132793776071721231022986102016566897556309171 0 0 0 0 0 0 0 0 0 0 0 0 0 0 0 0 0 0 0 0 0 0 0 0 0 0 0 0 0 0 0 0 0 0 0 0 1 0 0 0 0 0 0 0 0 0 0 0 0 0 0 0 0 0 0 0 0 0 0 0 0 0 0 0 0 0 0 0 0 0 0 0 0 0 0 0 0 0 0 0 0 0 0 0 0 0 0 0 0 0 0 0 0 0 0 0 0 0 0]
[614723824464547303921446387423352675228499960121457986243507102073902637398538979048983626574846623397058531577128528845722058743545513546651250113604518438874042327745427738548123378258956745339763197870370718974740476710959462041703381364685213080591442834026094311153616664673156954863987216884642 0 0 0 0 0 0 0 0 0 0 0 0 0 0 0 0 0 0 0 0 0 0 0 0 0 0 0 0 0 0 0 0 0 0 0 0 0 1 0 0 0 0 0 0 0 0 0 0 0 0 0 0 0 0 0 0 0 0 0 0 0 0 0 0 0 0 0 0 0 0 0 0 0 0 0 0 0 0 0 0 0 0 0 0 0 0 0 0 0 0 0 0 0 0 0 0 0 0 0]
[5245225845847485118427213867665770965701992296205150716492281460327704804525908908423135158653153009035111604019475688985490313688551164463723734746444927285771009737144198320558443164700847720544318223464529836601817235294834663643229650539014223728980471551089543226536888474458776929460850017903741 0 0 0 0 0 0 0 0 0 0 0 0 0 0 0 0 0 0 0 0 0 0 0 0 0 0 0 0 0 0 0 0 0 0 0 0 0 0 1 0 0 0 0 0 0 0 0 0 0 0 0 0 0 0 0 0 0 0 0 0 0 0 0 0 0 0 0 0 0 0 0 0 0 0 0 0 0 0 0 0 0 0 0 0 0 0 0 0 0 0 0 0 0 0 0 0 0 0 0]
[5259349350703132355445330310772743699794180295976987819479809388359930064794220417179779380311490859533516253340844657738770074176154560741830856820235725584811229955957163954283118239896402621887157739682602068261345813953875288823261689914738683756817689797496569603078580855355934329291189585646006 0 0 0 0 0 0 0 0 0 0 0 0 0 0 0 0 0 0 0 0 0 0 0 0 0 0 0 0 0 0 0 0 0 0 0 0 0 0 0 1 0 0 0 0 0 0 0 0 0 0 0 0 0 0 0 0 0 0 0 0 0 0 0 0 0 0 0 0 0 0 0 0 0 0 0 0 0 0 0 0 0 0 0 0 0 0 0 0 0 0 0 0 0 0 0 0 0 0 0]
[988616546617379792935994224280009822940034535635554695445029673239693253303195819337737684380011546446915376257927328700062160022322687839076368961891242758963777807007376355124378975528193778811240707013657357577142308280909552692561348157100483646567743515436307834049217309740604499178842903143450 0 0 0 0 0 0 0 0 0 0 0 0 0 0 0 0 0 0 0 0 0 0 0 0 0 0 0 0 0 0 0 0 0 0 0 0 0 0 0 0 1 0 0 0 0 0 0 0 0 0 0 0 0 0 0 0 0 0 0 0 0 0 0 0 0 0 0 0 0 0 0 0 0 0 0 0 0 0 0 0 0 0 0 0 0 0 0 0 0 0 0 0 0 0 0 0 0 0 0]
[3107935020011354527829000339154566017696958708388172138723162639295095969128547346112113415383892545933243529646614952636644030113006881266837169502087779023087433612312767335732272441755082241981793935179968501243188122882965410888999567725141379327570590571714619956154481462554324933590515685573577 0 0 0 0 0 0 0 0 0 0 0 0 0 0 0 0 0 0 0 0 0 0 0 0 0 0 0 0 0 0 0 0 0 0 0 0 0 0 0 0 0 1 0 0 0 0 0 0 0 0 0 0 0 0 0 0 0 0 0 0 0 0 0 0 0 0 0 0 0 0 0 0 0 0 0 0 0 0 0 0 0 0 0 0 0 0 0 0 0 0 0 0 0 0 0 0 0 0 0]
[5067521799931892996282067311711587171051821403521255496632094228057869286938499229357921814879412822209130262565383539148923619696248677034638169136041750455422379693693243306522776340430564648371706174757429069860037499931995670907313289078860314933865216873432621038881711447807517137417778215786764 0 0 0 0 0 0 0 0 0 0 0 0 0 0 0 0 0 0 0 0 0 0 0 0 0 0 0 0 0 0 0 0 0 0 0 0 0 0 0 0 0 0 1 0 0 0 0 0 0 0 0 0 0 0 0 0 0 0 0 0 0 0 0 0 0 0 0 0 0 0 0 0 0 0 0 0 0 0 0 0 0 0 0 0 0 0 0 0 0 0 0 0 0 0 0 0 0 0 0]
[236964286283362400828499515101496876382094092714388894195426888271478899943354288662498897467897104073144420062451243196834324543942507707750347036839534132436886490341555957424880580241552011974088617077855345120373818186535960347349176613664932283134863774660699083973721554034119556392852237093656 0 0 0 0 0 0 0 0 0 0 0 0 0 0 0 0 0 0 0 0 0 0 0 0 0 0 0 0 0 0 0 0 0 0 0 0 0 0 0 0 0 0 0 1 0 0 0 0 0 0 0 0 0 0 0 0 0 0 0 0 0 0 0 0 0 0 0 0 0 0 0 0 0 0 0 0 0 0 0 0 0 0 0 0 0 0 0 0 0 0 0 0 0 0 0 0 0 0 0]
[6151643078452144914898152689143506774921050737388765848886718423447508954985148046330030600365960656556531939764095663254958073797251362274443125228688314226593668901033208779518989649708390751926701315494148635805759468332847471183680154608310036539223525072483790388115209831913018822968344755620073 0 0 0 0 0 0 0 0 0 0 0 0 0 0 0 0 0 0 0 0 0 0 0 0 0 0 0 0 0 0 0 0 0 0 0 0 0 0 0 0 0 0 0 0 1 0 0 0 0 0 0 0 0 0 0 0 0 0 0 0 0 0 0 0 0 0 0 0 0 0 0 0 0 0 0 0 0 0 0 0 0 0 0 0 0 0 0 0 0 0 0 0 0 0 0 0 0 0 0]
[45090250888640130950679286214699494383705349448681193946723044658507401426973187004255451167742267643381637135782585793030759478714497609491341967491791324682886759138978965650740969087231332056843712158116520408636013151295081349844630587703038804510874263787987852893230385097837566172158702301796 0 0 0 0 0 0 0 0 0 0 0 0 0 0 0 0 0 0 0 0 0 0 0 0 0 0 0 0 0 0 0 0 0 0 0 0 0 0 0 0 0 0 0 0 0 1 0 0 0 0 0 0 0 0 0 0 0 0 0 0 0 0 0 0 0 0 0 0 0 0 0 0 0 0 0 0 0 0 0 0 0 0 0 0 0 0 0 0 0 0 0 0 0 0 0 0 0 0 0]
[705150451264780831813129235654847126183360335205319763427611380017230475428608470642525829973549035329349342730131472086881950141365529353797082347228083668339906141897148465563043871268831714176319833053039364099795270554520624970890753914122797554047935234787551588496327952394062907101885590343016 0 0 0 0 0 0 0 0 0 0 0 0 0 0 0 0 0 0 0 0 0 0 0 0 0 0 0 0 0 0 0 0 0 0 0 0 0 0 0 0 0 0 0 0 0 0 1 0 0 0 0 0 0 0 0 0 0 0 0 0 0 0 0 0 0 0 0 0 0 0 0 0 0 0 0 0 0 0 0 0 0 0 0 0 0 0 0 0 0 0 0 0 0 0 0 0 0 0 0]
[5147221315788684234029419829118480884193517303758544689338523419619918344602595225295101471139202568663206856552696995081397550032806006102487283904509469513502923722602923471717903292082532513062775225633792571413043046484545075345053420789572630601053920363509555769329473358018044971062428165718986 0 0 0 0 0 0 0 0 0 0 0 0 0 0 0 0 0 0 0 0 0 0 0 0 0 0 0 0 0 0 0 0 0 0 0 0 0 0 0 0 0 0 0 0 0 0 0 1 0 0 0 0 0 0 0 0 0 0 0 0 0 0 0 0 0 0 0 0 0 0 0 0 0 0 0 0 0 0 0 0 0 0 0 0 0 0 0 0 0 0 0 0 0 0 0 0 0 0 0]
[3803921480833893783128822175000882887883609111350025116240871494446899122741662395808377153238307464589529301830730947526127725695366598688759064614590737135207989886907158101979522105704373917126438029665175891218545322031133021902772472034027992461720527622777622281581747215639425495587964924875652 0 0 0 0 0 0 0 0 0 0 0 0 0 0 0 0 0 0 0 0 0 0 0 0 0 0 0 0 0 0 0 0 0 0 0 0 0 0 0 0 0 0 0 0 0 0 0 0 1 0 0 0 0 0 0 0 0 0 0 0 0 0 0 0 0 0 0 0 0 0 0 0 0 0 0 0 0 0 0 0 0 0 0 0 0 0 0 0 0 0 0 0 0 0 0 0 0 0 0]
[4317450607948465815737204785641534633304604113669975610529499643883902026647071296118640593650640228390686436232761050107982603614951155845308810110348532003403774016009645641118676534192401022923112344301391854229060713640540308249170757293145833605399964676370997261921808278686932697657251020433615 0 0 0 0 0 0 0 0 0 0 0 0 0 0 0 0 0 0 0 0 0 0 0 0 0 0 0 0 0 0 0 0 0 0 0 0 0 0 0 0 0 0 0 0 0 0 0 0 0 1 0 0 0 0 0 0 0 0 0 0 0 0 0 0 0 0 0 0 0 0 0 0 0 0 0 0 0 0 0 0 0 0 0 0 0 0 0 0 0 0 0 0 0 0 0 0 0 0 0]
[5997329872507293195933419064331029894937753685690309641205006203660837361120291802967403936730854353121108643933300694709364506533247010405787211399454400773076828339550481235661759960426478556145917393044809282467404111611460032154485681520487190447297563173301074208722444845136998059854519429185662 0 0 0 0 0 0 0 0 0 0 0 0 0 0 0 0 0 0 0 0 0 0 0 0 0 0 0 0 0 0 0 0 0 0 0 0 0 0 0 0 0 0 0 0 0 0 0 0 0 0 1 0 0 0 0 0 0 0 0 0 0 0 0 0 0 0 0 0 0 0 0 0 0 0 0 0 0 0 0 0 0 0 0 0 0 0 0 0 0 0 0 0 0 0 0 0 0 0 0]
[1931108392920941219104166830157668275710203993006300445289595770633005272321559017150463608902880645492895207546158813049940494744429615744140631517434407669271214687209950656610672067750710888769440409077212701974454673595816033181828208477545874815335201145569726340307733145554461868450318786358427 0 0 0 0 0 0 0 0 0 0 0 0 0 0 0 0 0 0 0 0 0 0 0 0 0 0 0 0 0 0 0 0 0 0 0 0 0 0 0 0 0 0 0 0 0 0 0 0 0 0 0 1 0 0 0 0 0 0 0 0 0 0 0 0 0 0 0 0 0 0 0 0 0 0 0 0 0 0 0 0 0 0 0 0 0 0 0 0 0 0 0 0 0 0 0 0 0 0 0]
[1146070063671125772791601049041455255989106203709806233344626347401560299734535404546303862437601517489092107447839226678401610788674737731314698697738735954264134958846858471730983169094075297820911348834754651233428229612291416974596663459641262784617437820398482595498921928478497009549433244478134 0 0 0 0 0 0 0 0 0 0 0 0 0 0 0 0 0 0 0 0 0 0 0 0 0 0 0 0 0 0 0 0 0 0 0 0 0 0 0 0 0 0 0 0 0 0 0 0 0 0 0 0 1 0 0 0 0 0 0 0 0 0 0 0 0 0 0 0 0 0 0 0 0 0 0 0 0 0 0 0 0 0 0 0 0 0 0 0 0 0 0 0 0 0 0 0 0 0 0]
[6710676090273804180160400927281549615417824072246511910093748388161631506706939886699111883275261569593132592864075228036178896913264929084908673770335367165158318583393810289355294345910947013415868642340386780835065659093084347972995704390891432545907608826420324583737279040352802398533581057843267 0 0 0 0 0 0 0 0 0 0 0 0 0 0 0 0 0 0 0 0 0 0 0 0 0 0 0 0 0 0 0 0 0 0 0 0 0 0 0 0 0 0 0 0 0 0 0 0 0 0 0 0 0 1 0 0 0 0 0 0 0 0 0 0 0 0 0 0 0 0 0 0 0 0 0 0 0 0 0 0 0 0 0 0 0 0 0 0 0 0 0 0 0 0 0 0 0 0 0]
[857608120799125378582359871736742471780006082990653731650349641527079325912873294255889234346209167025405526651471732233551564180920526486144064868400686126100933918522105966028858534773307265812292538582100151118385830216955168901044583253441666713046700275834875943064728733781554106012954924322310 0 0 0 0 0 0 0 0 0 0 0 0 0 0 0 0 0 0 0 0 0 0 0 0 0 0 0 0 0 0 0 0 0 0 0 0 0 0 0 0 0 0 0 0 0 0 0 0 0 0 0 0 0 0 1 0 0 0 0 0 0 0 0 0 0 0 0 0 0 0 0 0 0 0 0 0 0 0 0 0 0 0 0 0 0 0 0 0 0 0 0 0 0 0 0 0 0 0 0]
[6123577128539634251340771984948206344717352800925112630789651619277949650832906596697646743926951696026856567442091446923476432424381192044046844982566084230965568680405647704775387336157924188552567261877948242196201824394666082535708568629665318839020688808343023227058152805439122585607935975649830 0 0 0 0 0 0 0 0 0 0 0 0 0 0 0 0 0 0 0 0 0 0 0 0 0 0 0 0 0 0 0 0 0 0 0 0 0 0 0 0 0 0 0 0 0 0 0 0 0 0 0 0 0 0 0 1 0 0 0 0 0 0 0 0 0 0 0 0 0 0 0 0 0 0 0 0 0 0 0 0 0 0 0 0 0 0 0 0 0 0 0 0 0 0 0 0 0 0 0]
[3492875809952915001342733930689270156782917910398997319230409305202078549118170677308556013536002052580174792155193939002591801569604522031887202618293951278113325256744347910141243180975379745643436308649161210255035497650581788389456802010574079478613966963609948719514197716206975715451504899946873 0 0 0 0 0 0 0 0 0 0 0 0 0 0 0 0 0 0 0 0 0 0 0 0 0 0 0 0 0 0 0 0 0 0 0 0 0 0 0 0 0 0 0 0 0 0 0 0 0 0 0 0 0 0 0 0 1 0 0 0 0 0 0 0 0 0 0 0 0 0 0 0 0 0 0 0 0 0 0 0 0 0 0 0 0 0 0 0 0 0 0 0 0 0 0 0 0 0 0]
[967916848167054770641887820139106489575163727757528660270255994589766527088012064503960154108423179951610233601891433242967611003692607384397356184992683296223243055699946483238555350054804029666600472519278364646446663097261308528877576431833037650976848480863158905989262268827197836554865428077591 0 0 0 0 0 0 0 0 0 0 0 0 0 0 0 0 0 0 0 0 0 0 0 0 0 0 0 0 0 0 0 0 0 0 0 0 0 0 0 0 0 0 0 0 0 0 0 0 0 0 0 0 0 0 0 0 0 1 0 0 0 0 0 0 0 0 0 0 0 0 0 0 0 0 0 0 0 0 0 0 0 0 0 0 0 0 0 0 0 0 0 0 0 0 0 0 0 0 0]
[2727885480161062294994335201455057314074525467248712675319326409747674731160214480928749831242826069198238613771401435667431954147972427779476732087046053346424568958152544790264792884692858174109006143974052743627069182540097478402242140356264095232727949723864239536335016175617207255509337816979282 0 0 0 0 0 0 0 0 0 0 0 0 0 0 0 0 0 0 0 0 0 0 0 0 0 0 0 0 0 0 0 0 0 0 0 0 0 0 0 0 0 0 0 0 0 0 0 0 0 0 0 0 0 0 0 0 0 0 1 0 0 0 0 0 0 0 0 0 0 0 0 0 0 0 0 0 0 0 0 0 0 0 0 0 0 0 0 0 0 0 0 0 0 0 0 0 0 0 0]
[1137751698247048569384346437591305250945969349450922829430335746628609666580513008513971938928567892304807291149450815643529112819436228119004657060587239540049502504593012588230094589961556140658302883712392112834804675148479418045749190859008968772742231125372127632056620319931255368920184743759133 0 0 0 0 0 0 0 0 0 0 0 0 0 0 0 0 0 0 0 0 0 0 0 0 0 0 0 0 0 0 0 0 0 0 0 0 0 0 0 0 0 0 0 0 0 0 0 0 0 0 0 0 0 0 0 0 0 0 0 1 0 0 0 0 0 0 0 0 0 0 0 0 0 0 0 0 0 0 0 0 0 0 0 0 0 0 0 0 0 0 0 0 0 0 0 0 0 0 0]
[6109473848999299939477460285616231770117360822337799586085233023629760406785616264075973786542189002567039559683963763300702566290839489425593597367779296882203717575230310240129998334418981856732921285350055994394877387210550495623737003841278647761838997576510387449651083173028416228047230527142933 0 0 0 0 0 0 0 0 0 0 0 0 0 0 0 0 0 0 0 0 0 0 0 0 0 0 0 0 0 0 0 0 0 0 0 0 0 0 0 0 0 0 0 0 0 0 0 0 0 0 0 0 0 0 0 0 0 0 0 0 1 0 0 0 0 0 0 0 0 0 0 0 0 0 0 0 0 0 0 0 0 0 0 0 0 0 0 0 0 0 0 0 0 0 0 0 0 0 0]
[753569342895606982925456039714773515605727264674053854413088955091012429921692940320699784661817886792191638526061438822147600218392732701740998459883112272135015013729207197189048239950887254451521805054991149295027442201636804029007222237439697986565231820121140563426365600350537625923032631505069 0 0 0 0 0 0 0 0 0 0 0 0 0 0 0 0 0 0 0 0 0 0 0 0 0 0 0 0 0 0 0 0 0 0 0 0 0 0 0 0 0 0 0 0 0 0 0 0 0 0 0 0 0 0 0 0 0 0 0 0 0 1 0 0 0 0 0 0 0 0 0 0 0 0 0 0 0 0 0 0 0 0 0 0 0 0 0 0 0 0 0 0 0 0 0 0 0 0 0]
[3289147963575423950397401462254834873768747925701346619911716284188072948602816989179996598298427464615528294934119040473713522233831720621791426890560668523855985806007007281022835694701709132402113342202288785682984658592326619567311259384228055956145663882054592320791486696648928544199908788328302 0 0 0 0 0 0 0 0 0 0 0 0 0 0 0 0 0 0 0 0 0 0 0 0 0 0 0 0 0 0 0 0 0 0 0 0 0 0 0 0 0 0 0 0 0 0 0 0 0 0 0 0 0 0 0 0 0 0 0 0 0 0 1 0 0 0 0 0 0 0 0 0 0 0 0 0 0 0 0 0 0 0 0 0 0 0 0 0 0 0 0 0 0 0 0 0 0 0 0]
[1058362071633461772193719940651340310792988083713744749093509054449482019242930689629216848068926742903665554393319686575290668759075059558073834668174107201946435063328065565087078008351669491608037079310494173348322704514731349789986628879659337550137986602413818008599119117930841489908420754715959 0 0 0 0 0 0 0 0 0 0 0 0 0 0 0 0 0 0 0 0 0 0 0 0 0 0 0 0 0 0 0 0 0 0 0 0 0 0 0 0 0 0 0 0 0 0 0 0 0 0 0 0 0 0 0 0 0 0 0 0 0 0 0 1 0 0 0 0 0 0 0 0 0 0 0 0 0 0 0 0 0 0 0 0 0 0 0 0 0 0 0 0 0 0 0 0 0 0 0]
[6570762524033365230750950148332514414851804899296676359217794657351836308277163205832861199367230084119078697053493388654965298259589570579194138257000851865422739747054306376757491966609894847852424505601349620547408670506541745400574247646784351718748964912375432053308449214497124993185114658816735 0 0 0 0 0 0 0 0 0 0 0 0 0 0 0 0 0 0 0 0 0 0 0 0 0 0 0 0 0 0 0 0 0 0 0 0 0 0 0 0 0 0 0 0 0 0 0 0 0 0 0 0 0 0 0 0 0 0 0 0 0 0 0 0 1 0 0 0 0 0 0 0 0 0 0 0 0 0 0 0 0 0 0 0 0 0 0 0 0 0 0 0 0 0 0 0 0 0 0]
[2611991689824132078333492490008566938502531121740586277066110223349537143902554179529750159230255016440551314436109488893787508099156450924943976099823577477237870261804412633598515317642207668800040856034658284720613442921187119668736131726832916227919835357242725596693639198261640047970531549091453 0 0 0 0 0 0 0 0 0 0 0 0 0 0 0 0 0 0 0 0 0 0 0 0 0 0 0 0 0 0 0 0 0 0 0 0 0 0 0 0 0 0 0 0 0 0 0 0 0 0 0 0 0 0 0 0 0 0 0 0 0 0 0 0 0 1 0 0 0 0 0 0 0 0 0 0 0 0 0 0 0 0 0 0 0 0 0 0 0 0 0 0 0 0 0 0 0 0 0]
[3564853659966884916897193113479437716815294977793548510820766704270767096644860398074559867753244270570690838602474360149235628132755974956516784082084525798574551798974826245459585094866408432954936893672353394673408786206935264563683326759186767523304114351001822460553706490994562579226856193892471 0 0 0 0 0 0 0 0 0 0 0 0 0 0 0 0 0 0 0 0 0 0 0 0 0 0 0 0 0 0 0 0 0 0 0 0 0 0 0 0 0 0 0 0 0 0 0 0 0 0 0 0 0 0 0 0 0 0 0 0 0 0 0 0 0 0 1 0 0 0 0 0 0 0 0 0 0 0 0 0 0 0 0 0 0 0 0 0 0 0 0 0 0 0 0 0 0 0 0]
[5852778022640569243898643244107689029725991650551853181836294497394841039730476011319829166359690228684859660506642436218232864883498431133873783299539338963197544179664672383998748525817066067583446065128346852307281360720200344394326818390779600987866180410680842446637074474857431580913065780067572 0 0 0 0 0 0 0 0 0 0 0 0 0 0 0 0 0 0 0 0 0 0 0 0 0 0 0 0 0 0 0 0 0 0 0 0 0 0 0 0 0 0 0 0 0 0 0 0 0 0 0 0 0 0 0 0 0 0 0 0 0 0 0 0 0 0 0 1 0 0 0 0 0 0 0 0 0 0 0 0 0 0 0 0 0 0 0 0 0 0 0 0 0 0 0 0 0 0 0]
[5181065000027604354031426759160415367950563191396688774225702078478925177519155064731671859728504259376908245626907497299690729474447469391909652599128731698181931109206545840022330888079319569754026949990159936684496711946517157939690577689982943558800899815131302734660806193855335243306652602696881 0 0 0 0 0 0 0 0 0 0 0 0 0 0 0 0 0 0 0 0 0 0 0 0 0 0 0 0 0 0 0 0 0 0 0 0 0 0 0 0 0 0 0 0 0 0 0 0 0 0 0 0 0 0 0 0 0 0 0 0 0 0 0 0 0 0 0 0 1 0 0 0 0 0 0 0 0 0 0 0 0 0 0 0 0 0 0 0 0 0 0 0 0 0 0 0 0 0 0]
[726182565844123845552741049820428057996257071651683292332936227116509678916276723296603419824937857162540103085189238873666632881877709538315916601561642739998048110203605762770897309524573826839047884614451245018190701476581986518417148405136266476929002524185995426126129364414578047617654623309225 0 0 0 0 0 0 0 0 0 0 0 0 0 0 0 0 0 0 0 0 0 0 0 0 0 0 0 0 0 0 0 0 0 0 0 0 0 0 0 0 0 0 0 0 0 0 0 0 0 0 0 0 0 0 0 0 0 0 0 0 0 0 0 0 0 0 0 0 0 1 0 0 0 0 0 0 0 0 0 0 0 0 0 0 0 0 0 0 0 0 0 0 0 0 0 0 0 0 0]
[3435118769884541410520472374447915458942387037978723309454318179697273508156140376172386818532621231905552631486319018563764030303538207399711174157430767660035628720534087470981457305758100598849389537151188650793658188140097079337817347723634366183710607070075342676046397154186968675349502255806722 0 0 0 0 0 0 0 0 0 0 0 0 0 0 0 0 0 0 0 0 0 0 0 0 0 0 0 0 0 0 0 0 0 0 0 0 0 0 0 0 0 0 0 0 0 0 0 0 0 0 0 0 0 0 0 0 0 0 0 0 0 0 0 0 0 0 0 0 0 0 1 0 0 0 0 0 0 0 0 0 0 0 0 0 0 0 0 0 0 0 0 0 0 0 0 0 0 0 0]
[2010922881198594625873883886286469854423759909028679786800591826755433852491637116362602957457329414743671802425134347231373966550220694045126178665026409896997047547699498003701465379335832269325733215279049597372214372441094281550767430557053777977685195691183143341565673812012335951589076596509975 0 0 0 0 0 0 0 0 0 0 0 0 0 0 0 0 0 0 0 0 0 0 0 0 0 0 0 0 0 0 0 0 0 0 0 0 0 0 0 0 0 0 0 0 0 0 0 0 0 0 0 0 0 0 0 0 0 0 0 0 0 0 0 0 0 0 0 0 0 0 0 1 0 0 0 0 0 0 0 0 0 0 0 0 0 0 0 0 0 0 0 0 0 0 0 0 0 0 0]
[2076550471516650820976635025431558382046369577742258715998633838217780848051452173646233441364731132088404083807328957339567871850175595512785335285879342224555448236553060905183669422197690640679738713366190279730247142503484708534521661678776836908871040270138619031078897681096378202814489921180990 0 0 0 0 0 0 0 0 0 0 0 0 0 0 0 0 0 0 0 0 0 0 0 0 0 0 0 0 0 0 0 0 0 0 0 0 0 0 0 0 0 0 0 0 0 0 0 0 0 0 0 0 0 0 0 0 0 0 0 0 0 0 0 0 0 0 0 0 0 0 0 0 1 0 0 0 0 0 0 0 0 0 0 0 0 0 0 0 0 0 0 0 0 0 0 0 0 0 0]
[2761793665101087142912028434404201621669753741302786260708911548819610845586939116918019258371004682365921621949339103016466573893195201261895731035600341855203972137262707557729522735491406306960255864710316948444745657819701698654690933791453835158854560300609362350293340780320459464460611006847567 0 0 0 0 0 0 0 0 0 0 0 0 0 0 0 0 0 0 0 0 0 0 0 0 0 0 0 0 0 0 0 0 0 0 0 0 0 0 0 0 0 0 0 0 0 0 0 0 0 0 0 0 0 0 0 0 0 0 0 0 0 0 0 0 0 0 0 0 0 0 0 0 0 1 0 0 0 0 0 0 0 0 0 0 0 0 0 0 0 0 0 0 0 0 0 0 0 0 0]
[1067940629644998274150361638523973417490470375948752372416982916992189815126129714713714795312955528375591875714973910816970715897672636810589128497162276698755784893138879829998850115879457900669839722963766524741475125584597560543907651877050462884601446755012046330265699576305850962750011455320694 0 0 0 0 0 0 0 0 0 0 0 0 0 0 0 0 0 0 0 0 0 0 0 0 0 0 0 0 0 0 0 0 0 0 0 0 0 0 0 0 0 0 0 0 0 0 0 0 0 0 0 0 0 0 0 0 0 0 0 0 0 0 0 0 0 0 0 0 0 0 0 0 0 0 1 0 0 0 0 0 0 0 0 0 0 0 0 0 0 0 0 0 0 0 0 0 0 0 0]
[2887694629920133816768717241828986317392921080460004992727387134339705074573882278544269003008531383366937375260560620246152488817242704664484379994069394176615235485277662465876693500961379408110949227703974817165624284748150317102340765855570927366674396354557276203835606225291073502028881834550630 0 0 0 0 0 0 0 0 0 0 0 0 0 0 0 0 0 0 0 0 0 0 0 0 0 0 0 0 0 0 0 0 0 0 0 0 0 0 0 0 0 0 0 0 0 0 0 0 0 0 0 0 0 0 0 0 0 0 0 0 0 0 0 0 0 0 0 0 0 0 0 0 0 0 0 1 0 0 0 0 0 0 0 0 0 0 0 0 0 0 0 0 0 0 0 0 0 0 0]
[5636898216397944825498670150112335334546328053331774981260842667544691848121266075474877430491440731157632000891813415878666684659667283142435074035234958146305194657131750331122675491870026750445364520001720669029957631441489309741860597366102790556203180161911434583687734468650625121299955665906366 0 0 0 0 0 0 0 0 0 0 0 0 0 0 0 0 0 0 0 0 0 0 0 0 0 0 0 0 0 0 0 0 0 0 0 0 0 0 0 0 0 0 0 0 0 0 0 0 0 0 0 0 0 0 0 0 0 0 0 0 0 0 0 0 0 0 0 0 0 0 0 0 0 0 0 0 1 0 0 0 0 0 0 0 0 0 0 0 0 0 0 0 0 0 0 0 0 0 0]
[6207684921181081477892851012721004180772290679408587938484759695042385310594613523709678542846000975274737234504978312892267336708915400101787556679693316894093712620504269824314689845627615267265287814759444546347821076474044365448138758516208769697619337671054717659225737086204031841867323182097558 0 0 0 0 0 0 0 0 0 0 0 0 0 0 0 0 0 0 0 0 0 0 0 0 0 0 0 0 0 0 0 0 0 0 0 0 0 0 0 0 0 0 0 0 0 0 0 0 0 0 0 0 0 0 0 0 0 0 0 0 0 0 0 0 0 0 0 0 0 0 0 0 0 0 0 0 0 1 0 0 0 0 0 0 0 0 0 0 0 0 0 0 0 0 0 0 0 0 0]
[3800020467274509826965668307910409163236693411332310611128887706893442309447597035453580255723531776499010906774584044169889044557824962761640001799118172722150428710730918942759701282324898743645613103099644012979559664435224985788774644484182697810621677459824655495621861092284175732634786475447422 0 0 0 0 0 0 0 0 0 0 0 0 0 0 0 0 0 0 0 0 0 0 0 0 0 0 0 0 0 0 0 0 0 0 0 0 0 0 0 0 0 0 0 0 0 0 0 0 0 0 0 0 0 0 0 0 0 0 0 0 0 0 0 0 0 0 0 0 0 0 0 0 0 0 0 0 0 0 1 0 0 0 0 0 0 0 0 0 0 0 0 0 0 0 0 0 0 0 0]
[6444937698601775135311643382145715952554580454938242828768951274136499776434423417493481651429733167267082586933338342902023920420819347554229295713876027059282343360704536119753915634911656278090214232779750322876125984233534141518916472546422082205595461270349420136510908280801426190340527241203405 0 0 0 0 0 0 0 0 0 0 0 0 0 0 0 0 0 0 0 0 0 0 0 0 0 0 0 0 0 0 0 0 0 0 0 0 0 0 0 0 0 0 0 0 0 0 0 0 0 0 0 0 0 0 0 0 0 0 0 0 0 0 0 0 0 0 0 0 0 0 0 0 0 0 0 0 0 0 0 1 0 0 0 0 0 0 0 0 0 0 0 0 0 0 0 0 0 0 0]
[5141681047147352689733750799362535716324806151352502190805498218208341249736112790162455342512641306177704177321641112422933071099630379048126699310623284163462603237096437545766086729789731947784562852594470155990746762961924281259860005517228553546108203680527885073760773530440819328238432556945047 0 0 0 0 0 0 0 0 0 0 0 0 0 0 0 0 0 0 0 0 0 0 0 0 0 0 0 0 0 0 0 0 0 0 0 0 0 0 0 0 0 0 0 0 0 0 0 0 0 0 0 0 0 0 0 0 0 0 0 0 0 0 0 0 0 0 0 0 0 0 0 0 0 0 0 0 0 0 0 0 1 0 0 0 0 0 0 0 0 0 0 0 0 0 0 0 0 0 0]
[5721138612444656138252950362723257259835631730568424961663865934791870113422198334081805847312149323690424278375099173540796266518796162864559018404795213812396259185718478844113255035045384587073916916235389699868894080024058607333539119469148888817437510908797394524559898459089098367239856655997241 0 0 0 0 0 0 0 0 0 0 0 0 0 0 0 0 0 0 0 0 0 0 0 0 0 0 0 0 0 0 0 0 0 0 0 0 0 0 0 0 0 0 0 0 0 0 0 0 0 0 0 0 0 0 0 0 0 0 0 0 0 0 0 0 0 0 0 0 0 0 0 0 0 0 0 0 0 0 0 0 0 1 0 0 0 0 0 0 0 0 0 0 0 0 0 0 0 0 0]
[75753352499591022685653677138131786100621762972259528749397898822286790494134781781865839019501305992761308598887064327349284851353760275469072838080035470149489559337599581536646266792633471555514423280403566973995279710518890517323277822434822579065921413937273327502874464370152099722638570843412 0 0 0 0 0 0 0 0 0 0 0 0 0 0 0 0 0 0 0 0 0 0 0 0 0 0 0 0 0 0 0 0 0 0 0 0 0 0 0 0 0 0 0 0 0 0 0 0 0 0 0 0 0 0 0 0 0 0 0 0 0 0 0 0 0 0 0 0 0 0 0 0 0 0 0 0 0 0 0 0 0 0 1 0 0 0 0 0 0 0 0 0 0 0 0 0 0 0 0]
[1763245388057572065162056614640693584728304136450594810577532853100918642409792547493348557309970764734268267346983357448089597009025197829269353223505642418824418169470360876193744328976332096387419600038630436173414718577413446383747488667906574653457658386995676980788753283050983064799334850373494 0 0 0 0 0 0 0 0 0 0 0 0 0 0 0 0 0 0 0 0 0 0 0 0 0 0 0 0 0 0 0 0 0 0 0 0 0 0 0 0 0 0 0 0 0 0 0 0 0 0 0 0 0 0 0 0 0 0 0 0 0 0 0 0 0 0 0 0 0 0 0 0 0 0 0 0 0 0 0 0 0 0 0 1 0 0 0 0 0 0 0 0 0 0 0 0 0 0 0]
[4072009198639463208739903265547182898012285232743383558214227674113999096229285193007021488241236368672319145943509729755123080137641336199658318812033683057971135165464841173807416432181024619282774733808268138831528592012699878275213106186032032748546011363656836931501022615437376078957694632947960 0 0 0 0 0 0 0 0 0 0 0 0 0 0 0 0 0 0 0 0 0 0 0 0 0 0 0 0 0 0 0 0 0 0 0 0 0 0 0 0 0 0 0 0 0 0 0 0 0 0 0 0 0 0 0 0 0 0 0 0 0 0 0 0 0 0 0 0 0 0 0 0 0 0 0 0 0 0 0 0 0 0 0 0 1 0 0 0 0 0 0 0 0 0 0 0 0 0 0]
[209952644711633209295170456749769386083403081334035478673299622339863243559236406284725676160983336688591796419748079433858003626873119788466276967192431085533544281915488277937142643869631342992140629522630571623511456918463478322912784725052222401365393963848097449269966399917699562007547240930680 0 0 0 0 0 0 0 0 0 0 0 0 0 0 0 0 0 0 0 0 0 0 0 0 0 0 0 0 0 0 0 0 0 0 0 0 0 0 0 0 0 0 0 0 0 0 0 0 0 0 0 0 0 0 0 0 0 0 0 0 0 0 0 0 0 0 0 0 0 0 0 0 0 0 0 0 0 0 0 0 0 0 0 0 0 1 0 0 0 0 0 0 0 0 0 0 0 0 0]
[3045410133123449624260346886777725760274842967228346789058289625626958626533367955259333507485077924852869229532519120461885131926514408239539794132455246740444284164080966422781561117743795149249804504003205644743372750668214503056619328992603962092486237045466199764332351337123708741640689222041174 0 0 0 0 0 0 0 0 0 0 0 0 0 0 0 0 0 0 0 0 0 0 0 0 0 0 0 0 0 0 0 0 0 0 0 0 0 0 0 0 0 0 0 0 0 0 0 0 0 0 0 0 0 0 0 0 0 0 0 0 0 0 0 0 0 0 0 0 0 0 0 0 0 0 0 0 0 0 0 0 0 0 0 0 0 0 1 0 0 0 0 0 0 0 0 0 0 0 0]
[412127528691941927223166787605748954156741615611652200828820111689995428377998364710019124851918200208142164147862706895202140502190022970244694177988084335061872515862411312421207906267293293862402080363079098607973314975770695182202533200442882576991488100081443833432836501125930713020849079289702 0 0 0 0 0 0 0 0 0 0 0 0 0 0 0 0 0 0 0 0 0 0 0 0 0 0 0 0 0 0 0 0 0 0 0 0 0 0 0 0 0 0 0 0 0 0 0 0 0 0 0 0 0 0 0 0 0 0 0 0 0 0 0 0 0 0 0 0 0 0 0 0 0 0 0 0 0 0 0 0 0 0 0 0 0 0 0 1 0 0 0 0 0 0 0 0 0 0 0]
[1002859080303145497067570995727778849660508246781367754133922765563430557894068494560276750091043221003255986226448454627245605948402567593403841869329036045725846392597595245147472603428583889580298041604530621143096273696842287385961799583290575487866200712516955480789191714799495921715312516191598 0 0 0 0 0 0 0 0 0 0 0 0 0 0 0 0 0 0 0 0 0 0 0 0 0 0 0 0 0 0 0 0 0 0 0 0 0 0 0 0 0 0 0 0 0 0 0 0 0 0 0 0 0 0 0 0 0 0 0 0 0 0 0 0 0 0 0 0 0 0 0 0 0 0 0 0 0 0 0 0 0 0 0 0 0 0 0 0 1 0 0 0 0 0 0 0 0 0 0]
[3176339708799868469455890137030882843612980870759318094848023724430075715627909026378093937371753988734293168931742900503993007185890484407110375598017614309734591966860201538169326850245443279102984556692458227314363256464373479331542375640459415139847610341864259463769801793565315853709904087573481 0 0 0 0 0 0 0 0 0 0 0 0 0 0 0 0 0 0 0 0 0 0 0 0 0 0 0 0 0 0 0 0 0 0 0 0 0 0 0 0 0 0 0 0 0 0 0 0 0 0 0 0 0 0 0 0 0 0 0 0 0 0 0 0 0 0 0 0 0 0 0 0 0 0 0 0 0 0 0 0 0 0 0 0 0 0 0 0 0 1 0 0 0 0 0 0 0 0 0]
[814024585931944682713197572356576660067522032015483052553172628740739079093011799195898864646380766501097403310429607110443390223573928889146127557775414625660661986967757247987591807679496681522336655755658069768090984236238542399053795387667148252864175278943870653286673074162488278163019771054332 0 0 0 0 0 0 0 0 0 0 0 0 0 0 0 0 0 0 0 0 0 0 0 0 0 0 0 0 0 0 0 0 0 0 0 0 0 0 0 0 0 0 0 0 0 0 0 0 0 0 0 0 0 0 0 0 0 0 0 0 0 0 0 0 0 0 0 0 0 0 0 0 0 0 0 0 0 0 0 0 0 0 0 0 0 0 0 0 0 0 1 0 0 0 0 0 0 0 0]
[1024142258357929875270423800913860870127554054043297840834022722926726029892589201656281801320285417841501929445967935713622436869704561226697426032393304697314038341641822826107380767148152258804062278063527351908813263641408465209137691869050239177306967934514376725665180002857938419472545552091166 0 0 0 0 0 0 0 0 0 0 0 0 0 0 0 0 0 0 0 0 0 0 0 0 0 0 0 0 0 0 0 0 0 0 0 0 0 0 0 0 0 0 0 0 0 0 0 0 0 0 0 0 0 0 0 0 0 0 0 0 0 0 0 0 0 0 0 0 0 0 0 0 0 0 0 0 0 0 0 0 0 0 0 0 0 0 0 0 0 0 0 1 0 0 0 0 0 0 0]
[2113859754215580344792455634706112089517182198680329874894625103892073372966987942068788417869982812492576637778254939102964966692591101483056268882369798978457377093234252217701971106816120128718838348535049489789219268446339742727282111508377948834803197511531199125866432813740240908557890277327146 0 0 0 0 0 0 0 0 0 0 0 0 0 0 0 0 0 0 0 0 0 0 0 0 0 0 0 0 0 0 0 0 0 0 0 0 0 0 0 0 0 0 0 0 0 0 0 0 0 0 0 0 0 0 0 0 0 0 0 0 0 0 0 0 0 0 0 0 0 0 0 0 0 0 0 0 0 0 0 0 0 0 0 0 0 0 0 0 0 0 0 0 1 0 0 0 0 0 0]
[5154358661432083168771281305902321484195451636166602050931277088683438981738103138478977767446298947120491650053254885556148127785964186296469259919799283995534987792436454949202538419369565239934605107769689020672047719812179844799254761515392034999489120421657900953844813359449615112124164145315404 0 0 0 0 0 0 0 0 0 0 0 0 0 0 0 0 0 0 0 0 0 0 0 0 0 0 0 0 0 0 0 0 0 0 0 0 0 0 0 0 0 0 0 0 0 0 0 0 0 0 0 0 0 0 0 0 0 0 0 0 0 0 0 0 0 0 0 0 0 0 0 0 0 0 0 0 0 0 0 0 0 0 0 0 0 0 0 0 0 0 0 0 0 1 0 0 0 0 0]
[5197308549936962539188705819918628026486935709446601635801014598963384910628537553029617948844187321730552754896152524948866009073121785326934308414542034549803661087382854498540500868409737827559299460618751213830755779833594562093181448656818218294238496990742667098336502697238705148734453200815912 0 0 0 0 0 0 0 0 0 0 0 0 0 0 0 0 0 0 0 0 0 0 0 0 0 0 0 0 0 0 0 0 0 0 0 0 0 0 0 0 0 0 0 0 0 0 0 0 0 0 0 0 0 0 0 0 0 0 0 0 0 0 0 0 0 0 0 0 0 0 0 0 0 0 0 0 0 0 0 0 0 0 0 0 0 0 0 0 0 0 0 0 0 0 1 0 0 0 0]
[5253888996591017646779060139289077051473614909598314513651945500650898994933968790699511625318276972012641482582694612375346227649958619225756509478895980692514811786914195070095379228774212413648602440488014585855670991116836826466197552363645438197808070574673161707722471754614715928128760700587287 0 0 0 0 0 0 0 0 0 0 0 0 0 0 0 0 0 0 0 0 0 0 0 0 0 0 0 0 0 0 0 0 0 0 0 0 0 0 0 0 0 0 0 0 0 0 0 0 0 0 0 0 0 0 0 0 0 0 0 0 0 0 0 0 0 0 0 0 0 0 0 0 0 0 0 0 0 0 0 0 0 0 0 0 0 0 0 0 0 0 0 0 0 0 0 1 0 0 0]
[5453567243528643772363485492917832122409336617400538760041839042188902986797090642361579424483506170668759660615494366179937838798566161546767706275898785499874542791645382593556076991811944295982067220736742937394172911516055844983970343980375305127615033464540313376642900837087538456988868496288826 0 0 0 0 0 0 0 0 0 0 0 0 0 0 0 0 0 0 0 0 0 0 0 0 0 0 0 0 0 0 0 0 0 0 0 0 0 0 0 0 0 0 0 0 0 0 0 0 0 0 0 0 0 0 0 0 0 0 0 0 0 0 0 0 0 0 0 0 0 0 0 0 0 0 0 0 0 0 0 0 0 0 0 0 0 0 0 0 0 0 0 0 0 0 0 0 1 0 0]
[1019537351521303238682813973604424891292617814971344160840575688196912911683153586927807496984696894894150889106817316048682246907864491812691079164438119500651187631637852066957032351846087838999477266142291788251879111204204147496262769481925584960190489754245882881080313074149611984224182045039731 0 0 0 0 0 0 0 0 0 0 0 0 0 0 0 0 0 0 0 0 0 0 0 0 0 0 0 0 0 0 0 0 0 0 0 0 0 0 0 0 0 0 0 0 0 0 0 0 0 0 0 0 0 0 0 0 0 0 0 0 0 0 0 0 0 0 0 0 0 0 0 0 0 0 0 0 0 0 0 0 0 0 0 0 0 0 0 0 0 0 0 0 0 0 0 0 0 1 0]
[2187554795295277596391902919062052089840850182340395336094146003213142471948693064516021160023254801249668154880042551437661770717454553576899722218566330614907714011692437409021368571592811621120841147053012364798741942145496641392725711186379232761833859457495158294265078202766338229267845129059481 0 0 0 0 0 0 0 0 0 0 0 0 0 0 0 0 0 0 0 0 0 0 0 0 0 0 0 0 0 0 0 0 0 0 0 0 0 0 0 0 0 0 0 0 0 0 0 0 0 0 0 0 0 0 0 0 0 0 0 0 0 0 0 0 0 0 0 0 0 0 0 0 0 0 0 0 0 0 0 0 0 0 0 0 0 0 0 0 0 0 0 0 0 0 0 0 0 0 1]
]
