[[2997338697150721049121836434123499210938398738073615439677468960511689950484299906315169537056129381135581733057848418582179298393191458841718116615677 0 0 0 0 0 0 0 0 0 0 0 0 0 0 0 0 0 0 0 0 0 0 0 0 0 0 0 0 0 0 0 0 0 0 0 0 0 0 0 0 0 0 0 0 0 0 0 0 0]
[1044391138986671112906342646592064479002554869381150445498167300834702444165386697933072256051180960669091682500954552345814145253709518785283396876086 1 0 0 0 0 0 0 0 0 0 0 0 0 0 0 0 0 0 0 0 0 0 0 0 0 0 0 0 0 0 0 0 0 0 0 0 0 0 0 0 0 0 0 0 0 0 0 0 0]
[1062631503454837336755436036816844347915642877742333763591691518540955995556650878816374957640159422985311206802014971128065027654718064362345835215795 0 1 0 0 0 0 0 0 0 0 0 0 0 0 0 0 0 0 0 0 0 0 0 0 0 0 0 0 0 0 0 0 0 0 0 0 0 0 0 0 0 0 0 0 0 0 0 0 0]
[394391928097781759600121123550435244852084234233788949144058382650274275374476937574001712311521431452672502073516665865163770835044128289664106833 0 0 1 0 0 0 0 0 0 0 0 0 0 0 0 0 0 0 0 0 0 0 0 0 0 0 0 0 0 0 0 0 0 0 0 0 0 0 0 0 0 0 0 0 0 0 0 0 0]
[1031784174422689158163297739838360425178155492540227331617863750341613323425048986100228847913640146078778280389844496590499154865026302856236472484877 0 0 0 1 0 0 0 0 0 0 0 0 0 0 0 0 0 0 0 0 0 0 0 0 0 0 0 0 0 0 0 0 0 0 0 0 0 0 0 0 0 0 0 0 0 0 0 0 0]
[1328287293479679081991918084568169906123200043352028738447450468778275255084907938057125081444978250406436968388937677497057159373872025200914977238121 0 0 0 0 1 0 0 0 0 0 0 0 0 0 0 0 0 0 0 0 0 0 0 0 0 0 0 0 0 0 0 0 0 0 0 0 0 0 0 0 0 0 0 0 0 0 0 0 0]
[1266784710613596191816715134299613904549968401887038708610208887726765548428377487261344471313953972897399936182708073674372276789274278076238065242773 0 0 0 0 0 1 0 0 0 0 0 0 0 0 0 0 0 0 0 0 0 0 0 0 0 0 0 0 0 0 0 0 0 0 0 0 0 0 0 0 0 0 0 0 0 0 0 0 0]
[2577255276727991350940208529759567083293523725028274607555493755770302601137083947216094285666844390557169514739366993370043247022217616544343293128454 0 0 0 0 0 0 1 0 0 0 0 0 0 0 0 0 0 0 0 0 0 0 0 0 0 0 0 0 0 0 0 0 0 0 0 0 0 0 0 0 0 0 0 0 0 0 0 0 0]
[1183040022823032102811870481313697747447599404381274399467064328397852622248211650185633013922297560131474243985214542057426502418095283903715898357110 0 0 0 0 0 0 0 1 0 0 0 0 0 0 0 0 0 0 0 0 0 0 0 0 0 0 0 0 0 0 0 0 0 0 0 0 0 0 0 0 0 0 0 0 0 0 0 0 0]
[2554694708477057391717732427530877220342437683091491708014687523874208825813028062879503071088266182732500852400123539497141889472579225136248488388265 0 0 0 0 0 0 0 0 1 0 0 0 0 0 0 0 0 0 0 0 0 0 0 0 0 0 0 0 0 0 0 0 0 0 0 0 0 0 0 0 0 0 0 0 0 0 0 0 0]
[2299587245117936070891442482171103390193882006605200365957235412219274601411484053644439734793375845258412276308055484811408657082793793122437155864877 0 0 0 0 0 0 0 0 0 1 0 0 0 0 0 0 0 0 0 0 0 0 0 0 0 0 0 0 0 0 0 0 0 0 0 0 0 0 0 0 0 0 0 0 0 0 0 0 0]
[284487834307356956639828828935796662134183074025908562963263401615601450993994023082212139076702679477880031957573433471706932633370769890311025393245 0 0 0 0 0 0 0 0 0 0 1 0 0 0 0 0 0 0 0 0 0 0 0 0 0 0 0 0 0 0 0 0 0 0 0 0 0 0 0 0 0 0 0 0 0 0 0 0 0]
[1556074065379272997891247232223350665925229324729455477530143636462760508176634014396892146077538510967520513513423363850602683190930034643530394980204 0 0 0 0 0 0 0 0 0 0 0 1 0 0 0 0 0 0 0 0 0 0 0 0 0 0 0 0 0 0 0 0 0 0 0 0 0 0 0 0 0 0 0 0 0 0 0 0 0]
[2404246175357484612810430656328109142339248969748068109571034184758872459983664953237134118357366693424612285154714518944030092115435233766023394041194 0 0 0 0 0 0 0 0 0 0 0 0 1 0 0 0 0 0 0 0 0 0 0 0 0 0 0 0 0 0 0 0 0 0 0 0 0 0 0 0 0 0 0 0 0 0 0 0 0]
[2345587673499884647466606565155997344532294431105100469398709413937486823074256811881565747894305423186449248378025561484745826351105839234699358262664 0 0 0 0 0 0 0 0 0 0 0 0 0 1 0 0 0 0 0 0 0 0 0 0 0 0 0 0 0 0 0 0 0 0 0 0 0 0 0 0 0 0 0 0 0 0 0 0 0]
[2170185608014671135133289253351340139671537473069969409562868669763809252300303023804623042756958971468971171250697260876316238570060769231828094860449 0 0 0 0 0 0 0 0 0 0 0 0 0 0 1 0 0 0 0 0 0 0 0 0 0 0 0 0 0 0 0 0 0 0 0 0 0 0 0 0 0 0 0 0 0 0 0 0 0]
[89738823601819990427827476320875853945993337318465157540611860964870609735834330688694228469240402234636577816973485362658510467694458718647860568062 0 0 0 0 0 0 0 0 0 0 0 0 0 0 0 1 0 0 0 0 0 0 0 0 0 0 0 0 0 0 0 0 0 0 0 0 0 0 0 0 0 0 0 0 0 0 0 0 0]
[1743336679528420105861027410059346935467682123355086486729934832317673457168175588634927681489344395831061942659827072427210857721648827111912923253732 0 0 0 0 0 0 0 0 0 0 0 0 0 0 0 0 1 0 0 0 0 0 0 0 0 0 0 0 0 0 0 0 0 0 0 0 0 0 0 0 0 0 0 0 0 0 0 0 0]
[1981429737943315629766343847834956909816088016128687065497531238481289332091618188813477878423214962878340300942199427082840901308357578899140127571864 0 0 0 0 0 0 0 0 0 0 0 0 0 0 0 0 0 1 0 0 0 0 0 0 0 0 0 0 0 0 0 0 0 0 0 0 0 0 0 0 0 0 0 0 0 0 0 0 0]
[1774440254731958745179294884236016820312796563759184252670562832313918101102037652284086137564620747735398785703077828642045016116090286262287494369498 0 0 0 0 0 0 0 0 0 0 0 0 0 0 0 0 0 0 1 0 0 0 0 0 0 0 0 0 0 0 0 0 0 0 0 0 0 0 0 0 0 0 0 0 0 0 0 0 0]
[2250985767821153342292079560018958494668919416176011153460337402989999474936963180353549478243712899685914698523533356838679301357808047696409009307781 0 0 0 0 0 0 0 0 0 0 0 0 0 0 0 0 0 0 0 1 0 0 0 0 0 0 0 0 0 0 0 0 0 0 0 0 0 0 0 0 0 0 0 0 0 0 0 0 0]
[2094713518737652898627204056414625311436545625432837522656468334242085478947153026166291779151856750582695811665756616847470161017711343096157738097561 0 0 0 0 0 0 0 0 0 0 0 0 0 0 0 0 0 0 0 0 1 0 0 0 0 0 0 0 0 0 0 0 0 0 0 0 0 0 0 0 0 0 0 0 0 0 0 0 0]
[2001757042076828585387701786319151979195191292146351431940426852518745282247944131354480848796872577949587014364224864648989600687001263887392272444474 0 0 0 0 0 0 0 0 0 0 0 0 0 0 0 0 0 0 0 0 0 1 0 0 0 0 0 0 0 0 0 0 0 0 0 0 0 0 0 0 0 0 0 0 0 0 0 0 0]
[2304057966764026594760674236536978324908829829154478035659723939386809333170415310273473248663749590109106249530194637252505478298563756215341072129329 0 0 0 0 0 0 0 0 0 0 0 0 0 0 0 0 0 0 0 0 0 0 1 0 0 0 0 0 0 0 0 0 0 0 0 0 0 0 0 0 0 0 0 0 0 0 0 0 0]
[2786677463507700322091224151208878174194725255069902044157657850563664680110057296129425479815518281417066543445570128073837373166808901164161829414424 0 0 0 0 0 0 0 0 0 0 0 0 0 0 0 0 0 0 0 0 0 0 0 1 0 0 0 0 0 0 0 0 0 0 0 0 0 0 0 0 0 0 0 0 0 0 0 0 0]
[1991325741538107720692261165788542470465766813003777442996746071726905864666879521899650266382627190623260022698101383626974957837302244567645986862533 0 0 0 0 0 0 0 0 0 0 0 0 0 0 0 0 0 0 0 0 0 0 0 0 1 0 0 0 0 0 0 0 0 0 0 0 0 0 0 0 0 0 0 0 0 0 0 0 0]
[584633435725650187749154853330164563828722091162807735494762009858305805243862315981528621397815715867633019861878735008278426872697836295258117245845 0 0 0 0 0 0 0 0 0 0 0 0 0 0 0 0 0 0 0 0 0 0 0 0 0 1 0 0 0 0 0 0 0 0 0 0 0 0 0 0 0 0 0 0 0 0 0 0 0]
[2485470562461547886060186971954761955968716184336654443471500454135888711710193691990171039931261655597394577394421514586087341198828741585666519227454 0 0 0 0 0 0 0 0 0 0 0 0 0 0 0 0 0 0 0 0 0 0 0 0 0 0 1 0 0 0 0 0 0 0 0 0 0 0 0 0 0 0 0 0 0 0 0 0 0]
[644501132387990114252868054350057619155134641001865354796544934940071887582011494391570144649189296101266024077198862353429389356441775399256653966495 0 0 0 0 0 0 0 0 0 0 0 0 0 0 0 0 0 0 0 0 0 0 0 0 0 0 0 1 0 0 0 0 0 0 0 0 0 0 0 0 0 0 0 0 0 0 0 0 0]
[2021320590796059415646789905831595862633064353656540969415055177921050123867066322957223483131735982923056525370856058022060574082371023416179598191029 0 0 0 0 0 0 0 0 0 0 0 0 0 0 0 0 0 0 0 0 0 0 0 0 0 0 0 0 1 0 0 0 0 0 0 0 0 0 0 0 0 0 0 0 0 0 0 0 0]
[585828321881326323795741906233942009443479794822540905622213992228610618065519204677009307657542311467953207500541061145416263264951745645192863963744 0 0 0 0 0 0 0 0 0 0 0 0 0 0 0 0 0 0 0 0 0 0 0 0 0 0 0 0 0 1 0 0 0 0 0 0 0 0 0 0 0 0 0 0 0 0 0 0 0]
[821733119849238405287830530469221098531564320279460675789600204058004791081887715109799765231409669033497050606335265763741835420490267565374232055751 0 0 0 0 0 0 0 0 0 0 0 0 0 0 0 0 0 0 0 0 0 0 0 0 0 0 0 0 0 0 1 0 0 0 0 0 0 0 0 0 0 0 0 0 0 0 0 0 0]
[661984329258297443220172253159594120007058638411027190121791216121253975917058688027141991891875580728316190886406278381741988000112436739693183827764 0 0 0 0 0 0 0 0 0 0 0 0 0 0 0 0 0 0 0 0 0 0 0 0 0 0 0 0 0 0 0 1 0 0 0 0 0 0 0 0 0 0 0 0 0 0 0 0 0]
[1422361860777414896521606681264691173578636511815611997492335056989832708095464081308791711418512804216705117253023614496659608318710204484852244127121 0 0 0 0 0 0 0 0 0 0 0 0 0 0 0 0 0 0 0 0 0 0 0 0 0 0 0 0 0 0 0 0 1 0 0 0 0 0 0 0 0 0 0 0 0 0 0 0 0]
[250026827613775712662617720527680530831625668803446019571219866669385949981096390617372324923170789450848223001308793969860865054849692877656556883323 0 0 0 0 0 0 0 0 0 0 0 0 0 0 0 0 0 0 0 0 0 0 0 0 0 0 0 0 0 0 0 0 0 1 0 0 0 0 0 0 0 0 0 0 0 0 0 0 0]
[1880180623770707281701006074211747107166121794174639979619469274640957839385328670378589940743790808592194038339552772377742266133146843144015501457924 0 0 0 0 0 0 0 0 0 0 0 0 0 0 0 0 0 0 0 0 0 0 0 0 0 0 0 0 0 0 0 0 0 0 1 0 0 0 0 0 0 0 0 0 0 0 0 0 0]
[769309155560150788947727598491881562027707625221462661202371953960078320960553228224527229086601914852164480852464878063826213542010847568342828633849 0 0 0 0 0 0 0 0 0 0 0 0 0 0 0 0 0 0 0 0 0 0 0 0 0 0 0 0 0 0 0 0 0 0 0 1 0 0 0 0 0 0 0 0 0 0 0 0 0]
[2254361513542582217013676513701395840829161342414305292822835219467341933986488292858856693260063225189126758846784896999722127831791949221417798741509 0 0 0 0 0 0 0 0 0 0 0 0 0 0 0 0 0 0 0 0 0 0 0 0 0 0 0 0 0 0 0 0 0 0 0 0 1 0 0 0 0 0 0 0 0 0 0 0 0]
[94785926583863144776867549664729217395026596200836497341791895210483934744951149309460151308529773742595569459731320940329073347492581871478273835532 0 0 0 0 0 0 0 0 0 0 0 0 0 0 0 0 0 0 0 0 0 0 0 0 0 0 0 0 0 0 0 0 0 0 0 0 0 1 0 0 0 0 0 0 0 0 0 0 0]
[1576297377197762975392175752692504601450255359270179909979396405921762102331814016740357215621928958917616085402034585397154551736893768494776771793383 0 0 0 0 0 0 0 0 0 0 0 0 0 0 0 0 0 0 0 0 0 0 0 0 0 0 0 0 0 0 0 0 0 0 0 0 0 0 1 0 0 0 0 0 0 0 0 0 0]
[868234570835023063465573294728549436512248732185544799933272928517236500083661274607059123124673320211139379163992230737080417490700144708719264439899 0 0 0 0 0 0 0 0 0 0 0 0 0 0 0 0 0 0 0 0 0 0 0 0 0 0 0 0 0 0 0 0 0 0 0 0 0 0 0 1 0 0 0 0 0 0 0 0 0]
[163587610500554790184396051055920561539225278483881851350791370701447195731246706184400520526649873646859595005618160220237886107842733891560019005599 0 0 0 0 0 0 0 0 0 0 0 0 0 0 0 0 0 0 0 0 0 0 0 0 0 0 0 0 0 0 0 0 0 0 0 0 0 0 0 0 1 0 0 0 0 0 0 0 0]
[2033920927211426643534291498619746360347513341318019637079484011455767465886512656831001819316765157800805952603908496533582386990181309599146180081838 0 0 0 0 0 0 0 0 0 0 0 0 0 0 0 0 0 0 0 0 0 0 0 0 0 0 0 0 0 0 0 0 0 0 0 0 0 0 0 0 0 1 0 0 0 0 0 0 0]
[2466198245709405511220027558058108136815270563244931896724102477745415258549869259785418372653551967557914749043127936827049995062523749238868845921648 0 0 0 0 0 0 0 0 0 0 0 0 0 0 0 0 0 0 0 0 0 0 0 0 0 0 0 0 0 0 0 0 0 0 0 0 0 0 0 0 0 0 1 0 0 0 0 0 0]
[2174096508561144242999504168924235237297578903263248092013854164693809218124376690992593609406412984829302663950053829639643642612744172937189092013804 0 0 0 0 0 0 0 0 0 0 0 0 0 0 0 0 0 0 0 0 0 0 0 0 0 0 0 0 0 0 0 0 0 0 0 0 0 0 0 0 0 0 0 1 0 0 0 0 0]
[1032503877146099399816180329830905147458672929820158108855198073255583421589777340010589055216310982661471986060146522034480113301929609987356203822701 0 0 0 0 0 0 0 0 0 0 0 0 0 0 0 0 0 0 0 0 0 0 0 0 0 0 0 0 0 0 0 0 0 0 0 0 0 0 0 0 0 0 0 0 1 0 0 0 0]
[922520196502401400144957793829374689091120522392104114451708908862726274448198788621963220576124773474911134283983691125169666830727402986553050925618 0 0 0 0 0 0 0 0 0 0 0 0 0 0 0 0 0 0 0 0 0 0 0 0 0 0 0 0 0 0 0 0 0 0 0 0 0 0 0 0 0 0 0 0 0 1 0 0 0]
[1018022367331121399630227317500800147646357761581382518630723232682958630167629773626632522326940745331759878083818614440560624677816785136746178078462 0 0 0 0 0 0 0 0 0 0 0 0 0 0 0 0 0 0 0 0 0 0 0 0 0 0 0 0 0 0 0 0 0 0 0 0 0 0 0 0 0 0 0 0 0 0 1 0 0]
[2419234655388958783079874716030350074007043436992302941140997115721475029004418879299308308365938490035985638583082531774940840126218130818231250920603 0 0 0 0 0 0 0 0 0 0 0 0 0 0 0 0 0 0 0 0 0 0 0 0 0 0 0 0 0 0 0 0 0 0 0 0 0 0 0 0 0 0 0 0 0 0 0 1 0]
[2751550397811339023068295733308801714238803640847004163397775096068658888222886750930646051108994295164857270994893488268244840646026844093762755828006 0 0 0 0 0 0 0 0 0 0 0 0 0 0 0 0 0 0 0 0 0 0 0 0 0 0 0 0 0 0 0 0 0 0 0 0 0 0 0 0 0 0 0 0 0 0 0 0 1]
]
