[[7244451241810876328233227552140425316295934745185501430582990716531801949100259148249976262309242095761489910046164899377997433484834405058783412976387796504997487995777898686911595851225093750410712130874156670224994144634885318700489171358453351739650491729434778293662832984103422098879143989097941 0 0 0 0 0 0 0 0 0 0 0 0 0 0 0 0 0 0 0 0 0 0 0 0 0 0 0 0 0 0 0 0 0 0 0 0 0 0 0 0 0 0 0 0 0 0 0 0 0 0 0 0 0 0 0 0 0 0 0 0 0 0 0 0 0 0 0 0 0 0 0 0 0 0 0 0 0 0 0 0 0 0 0 0 0 0 0 0 0 0 0 0 0 0 0 0 0 0 0]
[4800302593612940137613388999340193492215220605608594328029717993927147980347395706760176850753972856109502595057560280854659028847066947031467437434352381496478520469891939744075092714116092480728779716165736017163108773330892744023806695734411767069804752993203807064819371583628385109661576179665655 1 0 0 0 0 0 0 0 0 0 0 0 0 0 0 0 0 0 0 0 0 0 0 0 0 0 0 0 0 0 0 0 0 0 0 0 0 0 0 0 0 0 0 0 0 0 0 0 0 0 0 0 0 0 0 0 0 0 0 0 0 0 0 0 0 0 0 0 0 0 0 0 0 0 0 0 0 0 0 0 0 0 0 0 0 0 0 0 0 0 0 0 0 0 0 0 0 0 0]
[217033618850431100289638453444055873332096186470713727417098688390264041211255461346478762904766573331343871868079471266982181396895268476944784545415856453657206331820335201915412501830537952372515019133135010927125528066318926492091307317109668112028211076540169509548142959735479170213754709440160 0 1 0 0 0 0 0 0 0 0 0 0 0 0 0 0 0 0 0 0 0 0 0 0 0 0 0 0 0 0 0 0 0 0 0 0 0 0 0 0 0 0 0 0 0 0 0 0 0 0 0 0 0 0 0 0 0 0 0 0 0 0 0 0 0 0 0 0 0 0 0 0 0 0 0 0 0 0 0 0 0 0 0 0 0 0 0 0 0 0 0 0 0 0 0 0 0 0 0]
[5904422810062117114401453380693932391007279499534646434688423060780962798316957761178821819547925429433464501583362837357128855706801900403816719474640880594443437243910737975117358703290860038115824321112418110588308027590899447225054119315821647340795212007385193377151753746443464246116224930346071 0 0 1 0 0 0 0 0 0 0 0 0 0 0 0 0 0 0 0 0 0 0 0 0 0 0 0 0 0 0 0 0 0 0 0 0 0 0 0 0 0 0 0 0 0 0 0 0 0 0 0 0 0 0 0 0 0 0 0 0 0 0 0 0 0 0 0 0 0 0 0 0 0 0 0 0 0 0 0 0 0 0 0 0 0 0 0 0 0 0 0 0 0 0 0 0 0 0 0]
[6710158636039077576925819383181060680222693988688230076637443890773366149261449933669916198860769893655841996503183236113181133379815064522068219030951080662998012092177133610458660259211964861326830029782281383117265674109671173888827099205354643254542699068967195688779175635870355198497361521151948 0 0 0 1 0 0 0 0 0 0 0 0 0 0 0 0 0 0 0 0 0 0 0 0 0 0 0 0 0 0 0 0 0 0 0 0 0 0 0 0 0 0 0 0 0 0 0 0 0 0 0 0 0 0 0 0 0 0 0 0 0 0 0 0 0 0 0 0 0 0 0 0 0 0 0 0 0 0 0 0 0 0 0 0 0 0 0 0 0 0 0 0 0 0 0 0 0 0 0]
[6675992457921089047010229022120312743995161185076610905101245020551286905572813456455062132060112409158010344256242055080245921337595213984939557306659507845523471305024551253973553581112254500854383472946625809942757313164249855495529778192462326343717186766897760211163080989502483918806755576950470 0 0 0 0 1 0 0 0 0 0 0 0 0 0 0 0 0 0 0 0 0 0 0 0 0 0 0 0 0 0 0 0 0 0 0 0 0 0 0 0 0 0 0 0 0 0 0 0 0 0 0 0 0 0 0 0 0 0 0 0 0 0 0 0 0 0 0 0 0 0 0 0 0 0 0 0 0 0 0 0 0 0 0 0 0 0 0 0 0 0 0 0 0 0 0 0 0 0 0]
[3214249236087761080059164224244185977963940500746934184139915599283271435527534457668431606476374710944078090999073615976951796779954349796585972572666692576957473966208466842357453341691049273377034372297102288992817776529722016270435456864570393059863731406736463780494166399623497679418626298718777 0 0 0 0 0 1 0 0 0 0 0 0 0 0 0 0 0 0 0 0 0 0 0 0 0 0 0 0 0 0 0 0 0 0 0 0 0 0 0 0 0 0 0 0 0 0 0 0 0 0 0 0 0 0 0 0 0 0 0 0 0 0 0 0 0 0 0 0 0 0 0 0 0 0 0 0 0 0 0 0 0 0 0 0 0 0 0 0 0 0 0 0 0 0 0 0 0 0 0]
[4496775876243710691869500132915188093102723786964651958929033644081442216100257329739072483852917790045590045109564536897464569973785279101825560617812815180278248771930749565374083098363696503750729884094077071328581902796553966356590686589769704956177387082632598614049030250121609203839043821618585 0 0 0 0 0 0 1 0 0 0 0 0 0 0 0 0 0 0 0 0 0 0 0 0 0 0 0 0 0 0 0 0 0 0 0 0 0 0 0 0 0 0 0 0 0 0 0 0 0 0 0 0 0 0 0 0 0 0 0 0 0 0 0 0 0 0 0 0 0 0 0 0 0 0 0 0 0 0 0 0 0 0 0 0 0 0 0 0 0 0 0 0 0 0 0 0 0 0 0]
[6345128379788498767068112564590141464096768362756400621635614466405307778975992018972517138935688809779440787478283995372790446868064920498476141362941765245991654174000443541720826942760846393390884627728251938831330738806308061684945414826560526254473291546376916311583215544570006558822881742642743 0 0 0 0 0 0 0 1 0 0 0 0 0 0 0 0 0 0 0 0 0 0 0 0 0 0 0 0 0 0 0 0 0 0 0 0 0 0 0 0 0 0 0 0 0 0 0 0 0 0 0 0 0 0 0 0 0 0 0 0 0 0 0 0 0 0 0 0 0 0 0 0 0 0 0 0 0 0 0 0 0 0 0 0 0 0 0 0 0 0 0 0 0 0 0 0 0 0 0]
[6410438031551526708184362343588369532265458467338759752298456490410023128210834998375822576692119360980914450120549835170121829823092360077677405966923089526052792595619067621581297755561545314446478158352163259725146426527520202122128708690626031707566562202309170735448130494294743698762442760625390 0 0 0 0 0 0 0 0 1 0 0 0 0 0 0 0 0 0 0 0 0 0 0 0 0 0 0 0 0 0 0 0 0 0 0 0 0 0 0 0 0 0 0 0 0 0 0 0 0 0 0 0 0 0 0 0 0 0 0 0 0 0 0 0 0 0 0 0 0 0 0 0 0 0 0 0 0 0 0 0 0 0 0 0 0 0 0 0 0 0 0 0 0 0 0 0 0 0 0]
[2345445266198868530816393647645633717178440398244703537021136049649757345879246279640107475605924899054464991636687902351371588359675037447390863360170853549320549072276928983646859425819597933757972483698869035716779430010845320873523543156283682138941218651345364942484672032057953122211999125271676 0 0 0 0 0 0 0 0 0 1 0 0 0 0 0 0 0 0 0 0 0 0 0 0 0 0 0 0 0 0 0 0 0 0 0 0 0 0 0 0 0 0 0 0 0 0 0 0 0 0 0 0 0 0 0 0 0 0 0 0 0 0 0 0 0 0 0 0 0 0 0 0 0 0 0 0 0 0 0 0 0 0 0 0 0 0 0 0 0 0 0 0 0 0 0 0 0 0 0]
[6105572332714216420410807023058127007804619673177962086785009410277214594415554436627496052211621665554791920041608654066408132001000481717321776267237438026810073335577466271287931412689633775365945486657019523104185850688084037606151382658212983658175162042990768571246842504180380567442029514860806 0 0 0 0 0 0 0 0 0 0 1 0 0 0 0 0 0 0 0 0 0 0 0 0 0 0 0 0 0 0 0 0 0 0 0 0 0 0 0 0 0 0 0 0 0 0 0 0 0 0 0 0 0 0 0 0 0 0 0 0 0 0 0 0 0 0 0 0 0 0 0 0 0 0 0 0 0 0 0 0 0 0 0 0 0 0 0 0 0 0 0 0 0 0 0 0 0 0 0]
[7073972850081776690547184991115353800066076635739523688414263620696706473611805268148858637001035615067871374266165738042911609680689663413256486113067214740940308401203320298037924761190253376526523482457508612310737451802905177481248684480707744613843890724475027474345490761372817874507180839830218 0 0 0 0 0 0 0 0 0 0 0 1 0 0 0 0 0 0 0 0 0 0 0 0 0 0 0 0 0 0 0 0 0 0 0 0 0 0 0 0 0 0 0 0 0 0 0 0 0 0 0 0 0 0 0 0 0 0 0 0 0 0 0 0 0 0 0 0 0 0 0 0 0 0 0 0 0 0 0 0 0 0 0 0 0 0 0 0 0 0 0 0 0 0 0 0 0 0 0]
[3268744114851032841650652885351261242793100713159283380034259906804723486444800708114313024313490906719173673392775304758209568787186819532614379367843707234036767474667366432360340473633917903915368608874201072160061920673373211251490745043381778095928701999777347820670891542349379986235135600145991 0 0 0 0 0 0 0 0 0 0 0 0 1 0 0 0 0 0 0 0 0 0 0 0 0 0 0 0 0 0 0 0 0 0 0 0 0 0 0 0 0 0 0 0 0 0 0 0 0 0 0 0 0 0 0 0 0 0 0 0 0 0 0 0 0 0 0 0 0 0 0 0 0 0 0 0 0 0 0 0 0 0 0 0 0 0 0 0 0 0 0 0 0 0 0 0 0 0 0]
[5064501245617029578881183124624314746864251502941893321399328751126363078600360047043263298952605757634265725141372423295205169383933080351408124083558145294291438324272749107777962992683115024612683014783629992680315636488229703431901248311780646900388331641973509069068996030392842574497449394817136 0 0 0 0 0 0 0 0 0 0 0 0 0 1 0 0 0 0 0 0 0 0 0 0 0 0 0 0 0 0 0 0 0 0 0 0 0 0 0 0 0 0 0 0 0 0 0 0 0 0 0 0 0 0 0 0 0 0 0 0 0 0 0 0 0 0 0 0 0 0 0 0 0 0 0 0 0 0 0 0 0 0 0 0 0 0 0 0 0 0 0 0 0 0 0 0 0 0 0]
[6706765423050930399857035489980508408582906797221430356069628855250639155354963033166737104360921137786695533680134906534103060250964355489825439506533839356097357030799863965773923722137108614817887185096284109466120440480581542577702071971107930504552296789374036733576519296714646018798982164582038 0 0 0 0 0 0 0 0 0 0 0 0 0 0 1 0 0 0 0 0 0 0 0 0 0 0 0 0 0 0 0 0 0 0 0 0 0 0 0 0 0 0 0 0 0 0 0 0 0 0 0 0 0 0 0 0 0 0 0 0 0 0 0 0 0 0 0 0 0 0 0 0 0 0 0 0 0 0 0 0 0 0 0 0 0 0 0 0 0 0 0 0 0 0 0 0 0 0 0]
[683359593763010310284299122648796447818854910025304476884036818273745138922654788562960819696274520089143617841037775344066892618724526657712281173214478850095897190237150244090558105422124835586611848721982814238666826745551226014579834496520007815512392563032156624349773893799932121933685661627537 0 0 0 0 0 0 0 0 0 0 0 0 0 0 0 1 0 0 0 0 0 0 0 0 0 0 0 0 0 0 0 0 0 0 0 0 0 0 0 0 0 0 0 0 0 0 0 0 0 0 0 0 0 0 0 0 0 0 0 0 0 0 0 0 0 0 0 0 0 0 0 0 0 0 0 0 0 0 0 0 0 0 0 0 0 0 0 0 0 0 0 0 0 0 0 0 0 0 0]
[5572833940280640132605297577674023883286973118440069042273728966909956853982006412329624246769837212644404192934303313709473801084924685076373844406045758851244861340220064624743063396396134129956130652130080030949376557504408076482549835420818389988398521262063526916128825204598478520080761703461106 0 0 0 0 0 0 0 0 0 0 0 0 0 0 0 0 1 0 0 0 0 0 0 0 0 0 0 0 0 0 0 0 0 0 0 0 0 0 0 0 0 0 0 0 0 0 0 0 0 0 0 0 0 0 0 0 0 0 0 0 0 0 0 0 0 0 0 0 0 0 0 0 0 0 0 0 0 0 0 0 0 0 0 0 0 0 0 0 0 0 0 0 0 0 0 0 0 0 0]
[1524158961701859345826795995346969226587835518514612569982342097173164294181777112579372669366048912979988183200260055095673253979997984001392913823701343558693192071818719811994964161356319723988860624778284015094504013341991599197987435957159201116532014386878558482223383719079941343018943093836503 0 0 0 0 0 0 0 0 0 0 0 0 0 0 0 0 0 1 0 0 0 0 0 0 0 0 0 0 0 0 0 0 0 0 0 0 0 0 0 0 0 0 0 0 0 0 0 0 0 0 0 0 0 0 0 0 0 0 0 0 0 0 0 0 0 0 0 0 0 0 0 0 0 0 0 0 0 0 0 0 0 0 0 0 0 0 0 0 0 0 0 0 0 0 0 0 0 0 0]
[3279268944883073313112524096410032576294436408017707526259725706700788359298433166141094530669723870401404232288391248344688531410659712647599353079435570848143632130912663303862402997883579212820690443347859042661731020736439226253363173434689181826298676330439630775117101414228557750854804307070340 0 0 0 0 0 0 0 0 0 0 0 0 0 0 0 0 0 0 1 0 0 0 0 0 0 0 0 0 0 0 0 0 0 0 0 0 0 0 0 0 0 0 0 0 0 0 0 0 0 0 0 0 0 0 0 0 0 0 0 0 0 0 0 0 0 0 0 0 0 0 0 0 0 0 0 0 0 0 0 0 0 0 0 0 0 0 0 0 0 0 0 0 0 0 0 0 0 0 0]
[1319302394893961324480679493265288930638525093832398631174793672083772994115637259517932875857884647224612429061868336222977015810376110154713675589318978276365915797848598389350800723339112191665461246073082852148871859748760632452945124998684358411815176122515046430414685858688485954723123985101 0 0 0 0 0 0 0 0 0 0 0 0 0 0 0 0 0 0 0 1 0 0 0 0 0 0 0 0 0 0 0 0 0 0 0 0 0 0 0 0 0 0 0 0 0 0 0 0 0 0 0 0 0 0 0 0 0 0 0 0 0 0 0 0 0 0 0 0 0 0 0 0 0 0 0 0 0 0 0 0 0 0 0 0 0 0 0 0 0 0 0 0 0 0 0 0 0 0 0]
[3397743294063749243808697847831271926057328579869968647357310294699858595622927803704000190459492828291731493361176376931949425241571774345902346460163485853892659084769355300835008967682928254701778862100617697120838239919430916993313163606766066395714058014138082408264471853340738366184460698616177 0 0 0 0 0 0 0 0 0 0 0 0 0 0 0 0 0 0 0 0 1 0 0 0 0 0 0 0 0 0 0 0 0 0 0 0 0 0 0 0 0 0 0 0 0 0 0 0 0 0 0 0 0 0 0 0 0 0 0 0 0 0 0 0 0 0 0 0 0 0 0 0 0 0 0 0 0 0 0 0 0 0 0 0 0 0 0 0 0 0 0 0 0 0 0 0 0 0 0]
[4636717384843609671594106423526651636834362474233985354062767725283662247023640858692338167973928798869811893943231404745740999718316378270240025101106763930778019140052477334848947717211406204722131468818867303975457201282671300971774320734747237514792875699281527769400288403825077832541652186625304 0 0 0 0 0 0 0 0 0 0 0 0 0 0 0 0 0 0 0 0 0 1 0 0 0 0 0 0 0 0 0 0 0 0 0 0 0 0 0 0 0 0 0 0 0 0 0 0 0 0 0 0 0 0 0 0 0 0 0 0 0 0 0 0 0 0 0 0 0 0 0 0 0 0 0 0 0 0 0 0 0 0 0 0 0 0 0 0 0 0 0 0 0 0 0 0 0 0 0]
[3199586170021845934244531653522996504014031877559282914157168254008708186807068306044248282156996173020175475680753070525924403890711225775030292737558145997230913104472403642822662127674140680608299419755447025497199902347484757361997267970725646960978153952619548082328449140764307304083932062090981 0 0 0 0 0 0 0 0 0 0 0 0 0 0 0 0 0 0 0 0 0 0 1 0 0 0 0 0 0 0 0 0 0 0 0 0 0 0 0 0 0 0 0 0 0 0 0 0 0 0 0 0 0 0 0 0 0 0 0 0 0 0 0 0 0 0 0 0 0 0 0 0 0 0 0 0 0 0 0 0 0 0 0 0 0 0 0 0 0 0 0 0 0 0 0 0 0 0 0]
[3925460665490509729271209808823652513360446054402385652310704198530682051946325649412296926747370821375734310242747925009145176291381023278239585105490120955895716108058304728253109946224255897076279930796353843941478424113511043819748454509774837886524683927671382842701799060159387891606208799088503 0 0 0 0 0 0 0 0 0 0 0 0 0 0 0 0 0 0 0 0 0 0 0 1 0 0 0 0 0 0 0 0 0 0 0 0 0 0 0 0 0 0 0 0 0 0 0 0 0 0 0 0 0 0 0 0 0 0 0 0 0 0 0 0 0 0 0 0 0 0 0 0 0 0 0 0 0 0 0 0 0 0 0 0 0 0 0 0 0 0 0 0 0 0 0 0 0 0 0]
[238882291775588925965314319903776378937649345330853393809132465018115779278583909737429111104223127876956082391340560499965410993969863028676588913564620845757509129860084707288045978754469128689000044809819252187133531410978777529531862175948788287834244964563205669799494036691669651621794480228144 0 0 0 0 0 0 0 0 0 0 0 0 0 0 0 0 0 0 0 0 0 0 0 0 1 0 0 0 0 0 0 0 0 0 0 0 0 0 0 0 0 0 0 0 0 0 0 0 0 0 0 0 0 0 0 0 0 0 0 0 0 0 0 0 0 0 0 0 0 0 0 0 0 0 0 0 0 0 0 0 0 0 0 0 0 0 0 0 0 0 0 0 0 0 0 0 0 0 0]
[3497251196180157903272202087925623835232933823428665676517560044299605670367149308264629411236210965551020313140137353102723242480021523718095783683529818297733404191623727126104500908713268889236928942006594964118061311324164185488108748021479577798305163785943780956663116834687646303587686398004299 0 0 0 0 0 0 0 0 0 0 0 0 0 0 0 0 0 0 0 0 0 0 0 0 0 1 0 0 0 0 0 0 0 0 0 0 0 0 0 0 0 0 0 0 0 0 0 0 0 0 0 0 0 0 0 0 0 0 0 0 0 0 0 0 0 0 0 0 0 0 0 0 0 0 0 0 0 0 0 0 0 0 0 0 0 0 0 0 0 0 0 0 0 0 0 0 0 0 0]
[3057630607215957660575234148867418513575273778147521391988548447671642851495586296361768680907452656392148945389414697836709717742653550480794427925601077358126617130325888542692556871575766226929778497915141325503913394329285120630714117706334305375039716179192518693201222675336622061082738357449143 0 0 0 0 0 0 0 0 0 0 0 0 0 0 0 0 0 0 0 0 0 0 0 0 0 0 1 0 0 0 0 0 0 0 0 0 0 0 0 0 0 0 0 0 0 0 0 0 0 0 0 0 0 0 0 0 0 0 0 0 0 0 0 0 0 0 0 0 0 0 0 0 0 0 0 0 0 0 0 0 0 0 0 0 0 0 0 0 0 0 0 0 0 0 0 0 0 0 0]
[6037439156625905959716568109071530217347344351884475897451094626220109989865627001084791082204908539259113762905337695653780209024948310612209700851087802606001559730712698846760284870210229987676062741577259242043220069490024245854811078422031464644981320551915181744516212297165758205834849479372002 0 0 0 0 0 0 0 0 0 0 0 0 0 0 0 0 0 0 0 0 0 0 0 0 0 0 0 1 0 0 0 0 0 0 0 0 0 0 0 0 0 0 0 0 0 0 0 0 0 0 0 0 0 0 0 0 0 0 0 0 0 0 0 0 0 0 0 0 0 0 0 0 0 0 0 0 0 0 0 0 0 0 0 0 0 0 0 0 0 0 0 0 0 0 0 0 0 0 0]
[2593681380989995687755534853551796224757801200259912568945574315000738276989084113639761621492607646307935227955030081214748931601355039144323200558652623406325719061146659320806096495467178975473539819607682851821150553995261334105886080114076160992334040016117619168655216495421870180352094019538750 0 0 0 0 0 0 0 0 0 0 0 0 0 0 0 0 0 0 0 0 0 0 0 0 0 0 0 0 1 0 0 0 0 0 0 0 0 0 0 0 0 0 0 0 0 0 0 0 0 0 0 0 0 0 0 0 0 0 0 0 0 0 0 0 0 0 0 0 0 0 0 0 0 0 0 0 0 0 0 0 0 0 0 0 0 0 0 0 0 0 0 0 0 0 0 0 0 0 0]
[5935650024393846831488332146993657300189684320725225498334304231957848872311093798711918229782118321977006819566719254857963015120879016376269457319413474307537550782860421086372522363079820024584106561021876429552679243629732374393015181913027276276126573995479674672053436424530441713156280483807336 0 0 0 0 0 0 0 0 0 0 0 0 0 0 0 0 0 0 0 0 0 0 0 0 0 0 0 0 0 1 0 0 0 0 0 0 0 0 0 0 0 0 0 0 0 0 0 0 0 0 0 0 0 0 0 0 0 0 0 0 0 0 0 0 0 0 0 0 0 0 0 0 0 0 0 0 0 0 0 0 0 0 0 0 0 0 0 0 0 0 0 0 0 0 0 0 0 0 0]
[3017482452883888437487202407112731661128236977876492112386150401762827123128364500575963532320677323725325005692278301742842265956543664816047856551027952132886397875421908459495798133627487196991527551413081173149725404668920966673245386534456269758791786731896177276929976979145740693301246560149400 0 0 0 0 0 0 0 0 0 0 0 0 0 0 0 0 0 0 0 0 0 0 0 0 0 0 0 0 0 0 1 0 0 0 0 0 0 0 0 0 0 0 0 0 0 0 0 0 0 0 0 0 0 0 0 0 0 0 0 0 0 0 0 0 0 0 0 0 0 0 0 0 0 0 0 0 0 0 0 0 0 0 0 0 0 0 0 0 0 0 0 0 0 0 0 0 0 0 0]
[5643570288790831096184474234498606494786205618330698551119972394093902779031505257017073649195858717632666316902388626612960422829167383718570174629226571607116699688386949339351067869544057988684863531944922259042514353487553459367983426512118299753308234349115599239382478066074861545937081555167373 0 0 0 0 0 0 0 0 0 0 0 0 0 0 0 0 0 0 0 0 0 0 0 0 0 0 0 0 0 0 0 1 0 0 0 0 0 0 0 0 0 0 0 0 0 0 0 0 0 0 0 0 0 0 0 0 0 0 0 0 0 0 0 0 0 0 0 0 0 0 0 0 0 0 0 0 0 0 0 0 0 0 0 0 0 0 0 0 0 0 0 0 0 0 0 0 0 0 0]
[5284651943839683442515179399250911593393387170620000520164979046057881980170594092825951283329165007817687647606678260034480900568204070470271039631073751671128338746047086145867074108685597570990770804598568919094323607826994118370759534543479590728728076123118986443575740060078527170584373948207758 0 0 0 0 0 0 0 0 0 0 0 0 0 0 0 0 0 0 0 0 0 0 0 0 0 0 0 0 0 0 0 0 1 0 0 0 0 0 0 0 0 0 0 0 0 0 0 0 0 0 0 0 0 0 0 0 0 0 0 0 0 0 0 0 0 0 0 0 0 0 0 0 0 0 0 0 0 0 0 0 0 0 0 0 0 0 0 0 0 0 0 0 0 0 0 0 0 0 0]
[4876309252800291468684126398188639533542574318127965199267359270109432305285517257446089053778691717324674997406049618271038308877842056946430762379508498803757832138674143002994927857205640314618929871633281289688818762477465207114656545106890720604237365874479263764587109874485913756967580909356324 0 0 0 0 0 0 0 0 0 0 0 0 0 0 0 0 0 0 0 0 0 0 0 0 0 0 0 0 0 0 0 0 0 1 0 0 0 0 0 0 0 0 0 0 0 0 0 0 0 0 0 0 0 0 0 0 0 0 0 0 0 0 0 0 0 0 0 0 0 0 0 0 0 0 0 0 0 0 0 0 0 0 0 0 0 0 0 0 0 0 0 0 0 0 0 0 0 0 0]
[6534483108437267320198063781455382266852108006968110289431013689621565216002519566384506518431820164129921908637871415709915142071589144634454319903248573825435066274084600823969189505221443131279877477071272683575315917393864941572932213646458069689338637672112120506498423730534030622891131386244930 0 0 0 0 0 0 0 0 0 0 0 0 0 0 0 0 0 0 0 0 0 0 0 0 0 0 0 0 0 0 0 0 0 0 1 0 0 0 0 0 0 0 0 0 0 0 0 0 0 0 0 0 0 0 0 0 0 0 0 0 0 0 0 0 0 0 0 0 0 0 0 0 0 0 0 0 0 0 0 0 0 0 0 0 0 0 0 0 0 0 0 0 0 0 0 0 0 0 0]
[5047408979858580560071993610608414218969565866723710901816630999527512356515034769947531262036448724992491784943116033362340129286806109545196547974633634706141175005886912113332602843131147338345702072194504766721988783484918762369382567480663666160554935783303675687924892152391024230113465734044160 0 0 0 0 0 0 0 0 0 0 0 0 0 0 0 0 0 0 0 0 0 0 0 0 0 0 0 0 0 0 0 0 0 0 0 1 0 0 0 0 0 0 0 0 0 0 0 0 0 0 0 0 0 0 0 0 0 0 0 0 0 0 0 0 0 0 0 0 0 0 0 0 0 0 0 0 0 0 0 0 0 0 0 0 0 0 0 0 0 0 0 0 0 0 0 0 0 0 0]
[6545329511391593123664195966954972759381144858517744215266862300973568277539763184181536799883305930926445605805894549685159527312815805104663332325478588110103495896876130066886765441698668551748976854013467637831206167224049969493098110967377078614214778495478491078923287511416544968684333304145595 0 0 0 0 0 0 0 0 0 0 0 0 0 0 0 0 0 0 0 0 0 0 0 0 0 0 0 0 0 0 0 0 0 0 0 0 1 0 0 0 0 0 0 0 0 0 0 0 0 0 0 0 0 0 0 0 0 0 0 0 0 0 0 0 0 0 0 0 0 0 0 0 0 0 0 0 0 0 0 0 0 0 0 0 0 0 0 0 0 0 0 0 0 0 0 0 0 0 0]
[6635873716867104844398526754993628856550374093833891546511868421520964496450193672057380347491805513593438955742860098748365248592177296331106770974322940890434395966245932892252020193047759065980875701060519349784973391741364424064868966988083460004014734804817103879727220876290771612681838507247182 0 0 0 0 0 0 0 0 0 0 0 0 0 0 0 0 0 0 0 0 0 0 0 0 0 0 0 0 0 0 0 0 0 0 0 0 0 1 0 0 0 0 0 0 0 0 0 0 0 0 0 0 0 0 0 0 0 0 0 0 0 0 0 0 0 0 0 0 0 0 0 0 0 0 0 0 0 0 0 0 0 0 0 0 0 0 0 0 0 0 0 0 0 0 0 0 0 0 0]
[7833628590588286527534943862023451211116433552966759882684791952803948608608727095539920905208685426995155509427599428564258681203385340766338288364363205225770457965263731232351338672521076809777740040387224818528758421821526434898033352098709307507413004616912272968098809059073257339319847281784 0 0 0 0 0 0 0 0 0 0 0 0 0 0 0 0 0 0 0 0 0 0 0 0 0 0 0 0 0 0 0 0 0 0 0 0 0 0 1 0 0 0 0 0 0 0 0 0 0 0 0 0 0 0 0 0 0 0 0 0 0 0 0 0 0 0 0 0 0 0 0 0 0 0 0 0 0 0 0 0 0 0 0 0 0 0 0 0 0 0 0 0 0 0 0 0 0 0 0]
[287251814588175692107162851684771206982885455693692420655730245679215903021546564104737040365570373315635161292588484517768968259654408189732218964881739879770928490977035473822996687765428818149916517331707691149921318718003350897142245444432474331391726732051683494728816417342842370903106158356847 0 0 0 0 0 0 0 0 0 0 0 0 0 0 0 0 0 0 0 0 0 0 0 0 0 0 0 0 0 0 0 0 0 0 0 0 0 0 0 1 0 0 0 0 0 0 0 0 0 0 0 0 0 0 0 0 0 0 0 0 0 0 0 0 0 0 0 0 0 0 0 0 0 0 0 0 0 0 0 0 0 0 0 0 0 0 0 0 0 0 0 0 0 0 0 0 0 0 0]
[1021121180652032315346403115154362119573796418080801137063408781443477275020754853498082601634072743613895471683314849035109551025116525667489499530326217971710070552916568048249464723742869539761285164026018128851571266860352280098606568597498699258851645813488284796575889205971738367585237643391041 0 0 0 0 0 0 0 0 0 0 0 0 0 0 0 0 0 0 0 0 0 0 0 0 0 0 0 0 0 0 0 0 0 0 0 0 0 0 0 0 1 0 0 0 0 0 0 0 0 0 0 0 0 0 0 0 0 0 0 0 0 0 0 0 0 0 0 0 0 0 0 0 0 0 0 0 0 0 0 0 0 0 0 0 0 0 0 0 0 0 0 0 0 0 0 0 0 0 0]
[1084797884243495928059524390112171238221945205398036083972057663715740307014169223755136406514875305088308197291675764757879417766343493819873508452182387639523317522890971445096811973328184600942452316307563374921818520369522097792941678060411297345908680525795538259983814264803333580223520248574149 0 0 0 0 0 0 0 0 0 0 0 0 0 0 0 0 0 0 0 0 0 0 0 0 0 0 0 0 0 0 0 0 0 0 0 0 0 0 0 0 0 1 0 0 0 0 0 0 0 0 0 0 0 0 0 0 0 0 0 0 0 0 0 0 0 0 0 0 0 0 0 0 0 0 0 0 0 0 0 0 0 0 0 0 0 0 0 0 0 0 0 0 0 0 0 0 0 0 0]
[356828636259829594180982416791789883469959650208656392375174552632075421059795702174989903565272213923401657941970311050220649258089341339091221087963486584326714057693941392311870351000557156144453748798400689999941461706714195935364222314561341545338062692658648106133644355482144007552867532463107 0 0 0 0 0 0 0 0 0 0 0 0 0 0 0 0 0 0 0 0 0 0 0 0 0 0 0 0 0 0 0 0 0 0 0 0 0 0 0 0 0 0 1 0 0 0 0 0 0 0 0 0 0 0 0 0 0 0 0 0 0 0 0 0 0 0 0 0 0 0 0 0 0 0 0 0 0 0 0 0 0 0 0 0 0 0 0 0 0 0 0 0 0 0 0 0 0 0 0]
[3449955006433913186443586353612911906637807565817473675387625169079411146096850350692121853507076762265171738922848997279530470546849554893736502094233325884507094565764237575728392234593731719288269431843924046669275274536821763318900411465813642003643704277520297037015250306552879304681067661325111 0 0 0 0 0 0 0 0 0 0 0 0 0 0 0 0 0 0 0 0 0 0 0 0 0 0 0 0 0 0 0 0 0 0 0 0 0 0 0 0 0 0 0 1 0 0 0 0 0 0 0 0 0 0 0 0 0 0 0 0 0 0 0 0 0 0 0 0 0 0 0 0 0 0 0 0 0 0 0 0 0 0 0 0 0 0 0 0 0 0 0 0 0 0 0 0 0 0 0]
[1046712232715978791107319725739446119433796193618813213061642444687980272737089940532126865413919785573508813928813431225550334697170986264380805683117819385590869174459667259388343462515651527342026686102252488162412800616433679085973814300228048231638257291846922122524592881908787747914215774576201 0 0 0 0 0 0 0 0 0 0 0 0 0 0 0 0 0 0 0 0 0 0 0 0 0 0 0 0 0 0 0 0 0 0 0 0 0 0 0 0 0 0 0 0 1 0 0 0 0 0 0 0 0 0 0 0 0 0 0 0 0 0 0 0 0 0 0 0 0 0 0 0 0 0 0 0 0 0 0 0 0 0 0 0 0 0 0 0 0 0 0 0 0 0 0 0 0 0 0]
[2756135588455487926176388440633418713326658175515021053888362585876332157478351250969759975445067686622462035106682458913958509368778591063101556683925241586056187424131279601140960626699131417396777979158220558918635880589402982704488509635537769526768935237667976891460559900645052309692416306842268 0 0 0 0 0 0 0 0 0 0 0 0 0 0 0 0 0 0 0 0 0 0 0 0 0 0 0 0 0 0 0 0 0 0 0 0 0 0 0 0 0 0 0 0 0 1 0 0 0 0 0 0 0 0 0 0 0 0 0 0 0 0 0 0 0 0 0 0 0 0 0 0 0 0 0 0 0 0 0 0 0 0 0 0 0 0 0 0 0 0 0 0 0 0 0 0 0 0 0]
[1291396652865420254923437236395335327957863591038851103531394075552408327948342145756083213663435495473705189573415987840939012927201669656267386182431999365800960116753650226395865106915956545501168248220423578455812557336314061337275806820570815982875534295187717062221526516158423709880972068620622 0 0 0 0 0 0 0 0 0 0 0 0 0 0 0 0 0 0 0 0 0 0 0 0 0 0 0 0 0 0 0 0 0 0 0 0 0 0 0 0 0 0 0 0 0 0 1 0 0 0 0 0 0 0 0 0 0 0 0 0 0 0 0 0 0 0 0 0 0 0 0 0 0 0 0 0 0 0 0 0 0 0 0 0 0 0 0 0 0 0 0 0 0 0 0 0 0 0 0]
[5865327878403519941136290552908676228912777113607620739531442356742497300559417636992108610541055249502587763777046321767418113855278523366075418408688656385213388726681561239588124776045376833879826345849808639735253942937801243408469001923447347808052840552654719876403105145225571421022537048818684 0 0 0 0 0 0 0 0 0 0 0 0 0 0 0 0 0 0 0 0 0 0 0 0 0 0 0 0 0 0 0 0 0 0 0 0 0 0 0 0 0 0 0 0 0 0 0 1 0 0 0 0 0 0 0 0 0 0 0 0 0 0 0 0 0 0 0 0 0 0 0 0 0 0 0 0 0 0 0 0 0 0 0 0 0 0 0 0 0 0 0 0 0 0 0 0 0 0 0]
[6188260701683313604020493651158877312890504932397188871763928843418930136419760737118699296081443682868645331882863557088200588397640152797486938292998659741316184231952760781065087096617567447687845854354499078455903451028982680699144216839952289615500295900425133099000425863091983071697565053813330 0 0 0 0 0 0 0 0 0 0 0 0 0 0 0 0 0 0 0 0 0 0 0 0 0 0 0 0 0 0 0 0 0 0 0 0 0 0 0 0 0 0 0 0 0 0 0 0 1 0 0 0 0 0 0 0 0 0 0 0 0 0 0 0 0 0 0 0 0 0 0 0 0 0 0 0 0 0 0 0 0 0 0 0 0 0 0 0 0 0 0 0 0 0 0 0 0 0 0]
[1026578701641487510480348594723960463313022710419644152784401988158204753431183210003308030394320793965869556627660463559170506916291340367686465447150940540089984793693310700125518614063704453064003877230308497576454271493685479143287864413288175047017485189756426756974256557135580317518446664327693 0 0 0 0 0 0 0 0 0 0 0 0 0 0 0 0 0 0 0 0 0 0 0 0 0 0 0 0 0 0 0 0 0 0 0 0 0 0 0 0 0 0 0 0 0 0 0 0 0 1 0 0 0 0 0 0 0 0 0 0 0 0 0 0 0 0 0 0 0 0 0 0 0 0 0 0 0 0 0 0 0 0 0 0 0 0 0 0 0 0 0 0 0 0 0 0 0 0 0]
[3760845401140256223385468712892887554671648505699680369486177150020064886820294334336718753715170530586433726828815772594651307381951309795638555211880632729235945328799364195195387310193094970613863077345921220958186864249116432453893938059796946846906169100986913530283852085103658820290499691484913 0 0 0 0 0 0 0 0 0 0 0 0 0 0 0 0 0 0 0 0 0 0 0 0 0 0 0 0 0 0 0 0 0 0 0 0 0 0 0 0 0 0 0 0 0 0 0 0 0 0 1 0 0 0 0 0 0 0 0 0 0 0 0 0 0 0 0 0 0 0 0 0 0 0 0 0 0 0 0 0 0 0 0 0 0 0 0 0 0 0 0 0 0 0 0 0 0 0 0]
[525681098406330262060349164305446382060985788954048249218969882006515640299608302366268922777424019538851902023636050709118070213704098630276226323295643946225839313600252258603136029786376066544951960904683798422680399996954635845330014923120683496620510318702763370988859653769532700637125481088211 0 0 0 0 0 0 0 0 0 0 0 0 0 0 0 0 0 0 0 0 0 0 0 0 0 0 0 0 0 0 0 0 0 0 0 0 0 0 0 0 0 0 0 0 0 0 0 0 0 0 0 1 0 0 0 0 0 0 0 0 0 0 0 0 0 0 0 0 0 0 0 0 0 0 0 0 0 0 0 0 0 0 0 0 0 0 0 0 0 0 0 0 0 0 0 0 0 0 0]
[6621994179090590556218299368202144199848858113687018804007033429094636929596544962953419332202570397472125338709423604017452071089761563760037353438110128653494072552952545761499908367718707372063175693202561751559030465483179760432142643461073860513950002880788402638646009049461608617950320085563474 0 0 0 0 0 0 0 0 0 0 0 0 0 0 0 0 0 0 0 0 0 0 0 0 0 0 0 0 0 0 0 0 0 0 0 0 0 0 0 0 0 0 0 0 0 0 0 0 0 0 0 0 1 0 0 0 0 0 0 0 0 0 0 0 0 0 0 0 0 0 0 0 0 0 0 0 0 0 0 0 0 0 0 0 0 0 0 0 0 0 0 0 0 0 0 0 0 0 0]
[6995934363564913810774067527834441753511810332521082501750646329657150980282066988500172570964544813419112808643299165611677307875952711422642901102915662818729535628139396325389722364972650578424803080685253421470808405979953954400590062573324321202705902214816949884566348630146963728909275901297841 0 0 0 0 0 0 0 0 0 0 0 0 0 0 0 0 0 0 0 0 0 0 0 0 0 0 0 0 0 0 0 0 0 0 0 0 0 0 0 0 0 0 0 0 0 0 0 0 0 0 0 0 0 1 0 0 0 0 0 0 0 0 0 0 0 0 0 0 0 0 0 0 0 0 0 0 0 0 0 0 0 0 0 0 0 0 0 0 0 0 0 0 0 0 0 0 0 0 0]
[929114641459961493978885110107314033843778869794330126800291383039099887912028718378727568561872391890715365759257860536018475259267725667386594552165561881428629313712087072185071929005323623283062029137527309688248733647315100698050300861387541329197370503917056927829569198287933776271513709240906 0 0 0 0 0 0 0 0 0 0 0 0 0 0 0 0 0 0 0 0 0 0 0 0 0 0 0 0 0 0 0 0 0 0 0 0 0 0 0 0 0 0 0 0 0 0 0 0 0 0 0 0 0 0 1 0 0 0 0 0 0 0 0 0 0 0 0 0 0 0 0 0 0 0 0 0 0 0 0 0 0 0 0 0 0 0 0 0 0 0 0 0 0 0 0 0 0 0 0]
[2661477257449312516457819813335774465690447875896509237526942276063583509169107244430771774260464379497077357987438956267494758306288093572138808404769120694862714763851627816535403011637104418435633454944166098204284129248641549485438071641237853613439461449059702074219486722150490160093336457263704 0 0 0 0 0 0 0 0 0 0 0 0 0 0 0 0 0 0 0 0 0 0 0 0 0 0 0 0 0 0 0 0 0 0 0 0 0 0 0 0 0 0 0 0 0 0 0 0 0 0 0 0 0 0 0 1 0 0 0 0 0 0 0 0 0 0 0 0 0 0 0 0 0 0 0 0 0 0 0 0 0 0 0 0 0 0 0 0 0 0 0 0 0 0 0 0 0 0 0]
[340261399313629952627654412671439197631875444201490434153622173336171134369753901130739797028733701924082249907198145770349980889497443868724345770252696332921292365401716757873755357018731056414254373483266817390665975854758181379474118539776248298519543892489376702761186483382101754258743325092049 0 0 0 0 0 0 0 0 0 0 0 0 0 0 0 0 0 0 0 0 0 0 0 0 0 0 0 0 0 0 0 0 0 0 0 0 0 0 0 0 0 0 0 0 0 0 0 0 0 0 0 0 0 0 0 0 1 0 0 0 0 0 0 0 0 0 0 0 0 0 0 0 0 0 0 0 0 0 0 0 0 0 0 0 0 0 0 0 0 0 0 0 0 0 0 0 0 0 0]
[1055689315431999319042211037324422834126987233850085467353900218999051047405623957106547251808489228284396078542542984407118950682453526313838351601082944016319442792830182783258086075021219088108325069482361929850990759005156901699401310926328759459804944617193658980247784665266474808800480448864711 0 0 0 0 0 0 0 0 0 0 0 0 0 0 0 0 0 0 0 0 0 0 0 0 0 0 0 0 0 0 0 0 0 0 0 0 0 0 0 0 0 0 0 0 0 0 0 0 0 0 0 0 0 0 0 0 0 1 0 0 0 0 0 0 0 0 0 0 0 0 0 0 0 0 0 0 0 0 0 0 0 0 0 0 0 0 0 0 0 0 0 0 0 0 0 0 0 0 0]
[1487187747035328610120596084085762419940261641701613135675615370839358758619491686413650615081572852507255034779725074445468383992525565724652243213704139075491141104169313724068724587067848262245385167482470529958777624096223806960295462552416808320235629764119665440412948240137590679193035670628416 0 0 0 0 0 0 0 0 0 0 0 0 0 0 0 0 0 0 0 0 0 0 0 0 0 0 0 0 0 0 0 0 0 0 0 0 0 0 0 0 0 0 0 0 0 0 0 0 0 0 0 0 0 0 0 0 0 0 1 0 0 0 0 0 0 0 0 0 0 0 0 0 0 0 0 0 0 0 0 0 0 0 0 0 0 0 0 0 0 0 0 0 0 0 0 0 0 0 0]
[2316423031902980582672556929298909333685684583295436244889537490103522931545806229137804068534740013678103375820972100833645531732834055917768369171085583441988565657207672835146757864098684093059941655947403121558993835764015695031670866241978642207281263641994876823383017322710400246439049153151946 0 0 0 0 0 0 0 0 0 0 0 0 0 0 0 0 0 0 0 0 0 0 0 0 0 0 0 0 0 0 0 0 0 0 0 0 0 0 0 0 0 0 0 0 0 0 0 0 0 0 0 0 0 0 0 0 0 0 0 1 0 0 0 0 0 0 0 0 0 0 0 0 0 0 0 0 0 0 0 0 0 0 0 0 0 0 0 0 0 0 0 0 0 0 0 0 0 0 0]
[5741421413685117042122204985082740449902655853005316025072179117897158613842198803582111473085223714857452594009162550668082353637350196826757747676452798208544878934428774220668729267278159134922067025005827763615806141919350860487836327995863954827849131880749109107153663043245015899921966182664487 0 0 0 0 0 0 0 0 0 0 0 0 0 0 0 0 0 0 0 0 0 0 0 0 0 0 0 0 0 0 0 0 0 0 0 0 0 0 0 0 0 0 0 0 0 0 0 0 0 0 0 0 0 0 0 0 0 0 0 0 1 0 0 0 0 0 0 0 0 0 0 0 0 0 0 0 0 0 0 0 0 0 0 0 0 0 0 0 0 0 0 0 0 0 0 0 0 0 0]
[4004860712174488100220390776815392264949707920353781645441918800327699674206816009549150755242652608461581125095067926403457721780516984393583126482052372242191208729849370421676929659047185476276117749682632916889640680065696274995616862366147950095458820575754605389764556450777547407564039036308920 0 0 0 0 0 0 0 0 0 0 0 0 0 0 0 0 0 0 0 0 0 0 0 0 0 0 0 0 0 0 0 0 0 0 0 0 0 0 0 0 0 0 0 0 0 0 0 0 0 0 0 0 0 0 0 0 0 0 0 0 0 1 0 0 0 0 0 0 0 0 0 0 0 0 0 0 0 0 0 0 0 0 0 0 0 0 0 0 0 0 0 0 0 0 0 0 0 0 0]
[5484465857240270016323426022495539201589425710317876585430207688591832567748617666716748061642272616286757885382463628442022532683351003728526122193446588856207397839381057458325047904771226512490865083972954219725110897506878669458900218953792642369596146590429943309872274062447704171057390065797939 0 0 0 0 0 0 0 0 0 0 0 0 0 0 0 0 0 0 0 0 0 0 0 0 0 0 0 0 0 0 0 0 0 0 0 0 0 0 0 0 0 0 0 0 0 0 0 0 0 0 0 0 0 0 0 0 0 0 0 0 0 0 1 0 0 0 0 0 0 0 0 0 0 0 0 0 0 0 0 0 0 0 0 0 0 0 0 0 0 0 0 0 0 0 0 0 0 0 0]
[3907713073140792979753597604909912943938400852571564803036980357310083019324121508403830959088325924044910535000016851182342490776864096300429865970254904790444838853125181464141164523403339246522138315771043687694507553353383592850162417217761881194461209703457954851619786598884203135368035782640377 0 0 0 0 0 0 0 0 0 0 0 0 0 0 0 0 0 0 0 0 0 0 0 0 0 0 0 0 0 0 0 0 0 0 0 0 0 0 0 0 0 0 0 0 0 0 0 0 0 0 0 0 0 0 0 0 0 0 0 0 0 0 0 1 0 0 0 0 0 0 0 0 0 0 0 0 0 0 0 0 0 0 0 0 0 0 0 0 0 0 0 0 0 0 0 0 0 0 0]
[1583498964055380092148750449371617977834097523723600237443066663543906418409748158423327710530009217189349967635142333910028742681444790417672646597768994994700399684734930935624952446779203462283176549609539188923399644160271849250248406690698174909189864434730990381862948152744835933905941594172898 0 0 0 0 0 0 0 0 0 0 0 0 0 0 0 0 0 0 0 0 0 0 0 0 0 0 0 0 0 0 0 0 0 0 0 0 0 0 0 0 0 0 0 0 0 0 0 0 0 0 0 0 0 0 0 0 0 0 0 0 0 0 0 0 1 0 0 0 0 0 0 0 0 0 0 0 0 0 0 0 0 0 0 0 0 0 0 0 0 0 0 0 0 0 0 0 0 0 0]
[4483955384147630613302137708822696236882355925425290370808447344477847560190622033650648829468699755494337002511191031747915145008092162636353689062521852692246085931803355823560333019925096684334025580964306389386468615903463558926753064634932249663394389208872675387699001569390566140077953708692546 0 0 0 0 0 0 0 0 0 0 0 0 0 0 0 0 0 0 0 0 0 0 0 0 0 0 0 0 0 0 0 0 0 0 0 0 0 0 0 0 0 0 0 0 0 0 0 0 0 0 0 0 0 0 0 0 0 0 0 0 0 0 0 0 0 1 0 0 0 0 0 0 0 0 0 0 0 0 0 0 0 0 0 0 0 0 0 0 0 0 0 0 0 0 0 0 0 0 0]
[3614205477357056123014439447696168520968572977124775140714737876590749990023804604185148498613258040661342445824233092621539163193876296185077103197364160952612583641121923111379652698376734591703229923707233428988630863280411178692045366690290790055402898884678812228532994693599354183037918749385243 0 0 0 0 0 0 0 0 0 0 0 0 0 0 0 0 0 0 0 0 0 0 0 0 0 0 0 0 0 0 0 0 0 0 0 0 0 0 0 0 0 0 0 0 0 0 0 0 0 0 0 0 0 0 0 0 0 0 0 0 0 0 0 0 0 0 1 0 0 0 0 0 0 0 0 0 0 0 0 0 0 0 0 0 0 0 0 0 0 0 0 0 0 0 0 0 0 0 0]
[6996560084877692597823753264287510366471856998379003829270803481314414042571817272592483632810048738432511714290446242012599582224295217175818361638823360328412334824949273845117779580324645990709019880515325381113326706858386036331894469237929853446089331851008770661086885751586593429972975262527875 0 0 0 0 0 0 0 0 0 0 0 0 0 0 0 0 0 0 0 0 0 0 0 0 0 0 0 0 0 0 0 0 0 0 0 0 0 0 0 0 0 0 0 0 0 0 0 0 0 0 0 0 0 0 0 0 0 0 0 0 0 0 0 0 0 0 0 1 0 0 0 0 0 0 0 0 0 0 0 0 0 0 0 0 0 0 0 0 0 0 0 0 0 0 0 0 0 0 0]
[2867830548789992303670527772458550563362359120492715578855296050505179925392263364922862452963634036233707168481204028763540934870190012915562775541351227628637757346266633811927525532219706911394703228968888681839967613417842790325693945798403697713341875728752900597923960143452254574144708543936224 0 0 0 0 0 0 0 0 0 0 0 0 0 0 0 0 0 0 0 0 0 0 0 0 0 0 0 0 0 0 0 0 0 0 0 0 0 0 0 0 0 0 0 0 0 0 0 0 0 0 0 0 0 0 0 0 0 0 0 0 0 0 0 0 0 0 0 0 1 0 0 0 0 0 0 0 0 0 0 0 0 0 0 0 0 0 0 0 0 0 0 0 0 0 0 0 0 0 0]
[3337038374223320094800706052633535470942850851605107758691331987109224374366165315767602432469842835433112702413321460113436300932573998925026220635114151509564696317306162843018409617394786397858875876120113932310130274749225203720414857467818882667511636435006778334214007035210071483752635985668589 0 0 0 0 0 0 0 0 0 0 0 0 0 0 0 0 0 0 0 0 0 0 0 0 0 0 0 0 0 0 0 0 0 0 0 0 0 0 0 0 0 0 0 0 0 0 0 0 0 0 0 0 0 0 0 0 0 0 0 0 0 0 0 0 0 0 0 0 0 1 0 0 0 0 0 0 0 0 0 0 0 0 0 0 0 0 0 0 0 0 0 0 0 0 0 0 0 0 0]
[2270132119048198486581049717769910312264661434276467860436134545610595064245034810428607554114699899463963222184699607951849037355620036656928248069810692374766921693663485067577091720187501164637445824966733081378323665745126766126510159498073643826158222259238002006477272562676755630044197404043718 0 0 0 0 0 0 0 0 0 0 0 0 0 0 0 0 0 0 0 0 0 0 0 0 0 0 0 0 0 0 0 0 0 0 0 0 0 0 0 0 0 0 0 0 0 0 0 0 0 0 0 0 0 0 0 0 0 0 0 0 0 0 0 0 0 0 0 0 0 0 1 0 0 0 0 0 0 0 0 0 0 0 0 0 0 0 0 0 0 0 0 0 0 0 0 0 0 0 0]
[3680365566994715868600297001198318580449566352339855868140307906949116511619181956540121172663946185353120651468867453451023182778665560981860815394213671144158326645916963409658163623510879559760370817238437790979770968345317593967059606976134864130851238319081000393278191154970898540952206895665503 0 0 0 0 0 0 0 0 0 0 0 0 0 0 0 0 0 0 0 0 0 0 0 0 0 0 0 0 0 0 0 0 0 0 0 0 0 0 0 0 0 0 0 0 0 0 0 0 0 0 0 0 0 0 0 0 0 0 0 0 0 0 0 0 0 0 0 0 0 0 0 1 0 0 0 0 0 0 0 0 0 0 0 0 0 0 0 0 0 0 0 0 0 0 0 0 0 0 0]
[6898956052550530797649804939806072703961349674559140583801603306384413066481597985891371247876313415454648821261215391255000152731321943607458263515686735447950464092653714248027502899343041306737840684970773784286010067883886230053640991780895470916675982603336801931893900078652426208439415035268195 0 0 0 0 0 0 0 0 0 0 0 0 0 0 0 0 0 0 0 0 0 0 0 0 0 0 0 0 0 0 0 0 0 0 0 0 0 0 0 0 0 0 0 0 0 0 0 0 0 0 0 0 0 0 0 0 0 0 0 0 0 0 0 0 0 0 0 0 0 0 0 0 1 0 0 0 0 0 0 0 0 0 0 0 0 0 0 0 0 0 0 0 0 0 0 0 0 0 0]
[1659120460395360371067237128490428705586876326749861704257912025560443496521648087614847092378323089717615292261495064431972790303578739585087091397985591841537666403314886062872254959230019544672712758677423711518207414439330258279356216851235640998038530817031819308363737536932777588780077984446380 0 0 0 0 0 0 0 0 0 0 0 0 0 0 0 0 0 0 0 0 0 0 0 0 0 0 0 0 0 0 0 0 0 0 0 0 0 0 0 0 0 0 0 0 0 0 0 0 0 0 0 0 0 0 0 0 0 0 0 0 0 0 0 0 0 0 0 0 0 0 0 0 0 1 0 0 0 0 0 0 0 0 0 0 0 0 0 0 0 0 0 0 0 0 0 0 0 0 0]
[508328732144125380047681883926391766858963207575420060711040685750331638980064346034437959463102283346811017464237381495529573222379954292624676651699475525845094279369877028535098899450323336804690143201626498403229302464156068795853657932661673876245300668956988045227878270390629241545265584229992 0 0 0 0 0 0 0 0 0 0 0 0 0 0 0 0 0 0 0 0 0 0 0 0 0 0 0 0 0 0 0 0 0 0 0 0 0 0 0 0 0 0 0 0 0 0 0 0 0 0 0 0 0 0 0 0 0 0 0 0 0 0 0 0 0 0 0 0 0 0 0 0 0 0 1 0 0 0 0 0 0 0 0 0 0 0 0 0 0 0 0 0 0 0 0 0 0 0 0]
[102438241084544662086251403494878408109892183164327972942090246894274280335213633933093062382271648967655468966801154478674020774357053634186136072794267857863811397297352766920907169386553289339671370591991978713164766741011173284564811977459118516723646632538631874841223440585385061296355774575865 0 0 0 0 0 0 0 0 0 0 0 0 0 0 0 0 0 0 0 0 0 0 0 0 0 0 0 0 0 0 0 0 0 0 0 0 0 0 0 0 0 0 0 0 0 0 0 0 0 0 0 0 0 0 0 0 0 0 0 0 0 0 0 0 0 0 0 0 0 0 0 0 0 0 0 1 0 0 0 0 0 0 0 0 0 0 0 0 0 0 0 0 0 0 0 0 0 0 0]
[6943002283828687903960718789893745656990597214050798995466211100567264528634400637088940767428751885840227689532952216132862558873646192774569489516906950440594786797905647756149386647427888878395513443417676141202607216628596409736241694505123478970940383211674878929167982904690793096920575455649248 0 0 0 0 0 0 0 0 0 0 0 0 0 0 0 0 0 0 0 0 0 0 0 0 0 0 0 0 0 0 0 0 0 0 0 0 0 0 0 0 0 0 0 0 0 0 0 0 0 0 0 0 0 0 0 0 0 0 0 0 0 0 0 0 0 0 0 0 0 0 0 0 0 0 0 0 1 0 0 0 0 0 0 0 0 0 0 0 0 0 0 0 0 0 0 0 0 0 0]
[4964892277207412595265092343125258775900302890828055034050852253179438367275553839002005063861912749599368561090698233649359301489846656961361748454498088329637560934422704211101161317974359605134325940945990445685314668834757774239784542843589497842873150285070663045381754311943548490137568108923712 0 0 0 0 0 0 0 0 0 0 0 0 0 0 0 0 0 0 0 0 0 0 0 0 0 0 0 0 0 0 0 0 0 0 0 0 0 0 0 0 0 0 0 0 0 0 0 0 0 0 0 0 0 0 0 0 0 0 0 0 0 0 0 0 0 0 0 0 0 0 0 0 0 0 0 0 0 1 0 0 0 0 0 0 0 0 0 0 0 0 0 0 0 0 0 0 0 0 0]
[5576916636491664304333771504085635204708022415162423333475695869349229732642133673042351649589064299949086237512317273774414489827696802149334336661646542736397472738962218742824088947222893307100878693076898533271265353482815470746192218241128574497932036996120098947878437126628743144021660967884719 0 0 0 0 0 0 0 0 0 0 0 0 0 0 0 0 0 0 0 0 0 0 0 0 0 0 0 0 0 0 0 0 0 0 0 0 0 0 0 0 0 0 0 0 0 0 0 0 0 0 0 0 0 0 0 0 0 0 0 0 0 0 0 0 0 0 0 0 0 0 0 0 0 0 0 0 0 0 1 0 0 0 0 0 0 0 0 0 0 0 0 0 0 0 0 0 0 0 0]
[507274489202827458157017348143299455256819038233008901870858443865228804994016449314470343787816092635318567854492472567971493210383555563635897631189891572780315503691507199090858512983002567236346742926423019429933361415362123771252979789303829888918162090345849361942016734052389784061769419881779 0 0 0 0 0 0 0 0 0 0 0 0 0 0 0 0 0 0 0 0 0 0 0 0 0 0 0 0 0 0 0 0 0 0 0 0 0 0 0 0 0 0 0 0 0 0 0 0 0 0 0 0 0 0 0 0 0 0 0 0 0 0 0 0 0 0 0 0 0 0 0 0 0 0 0 0 0 0 0 1 0 0 0 0 0 0 0 0 0 0 0 0 0 0 0 0 0 0 0]
[6984594057488663175945372182795787251498230851299362331734128247380622894233618537209135786050652882774815875182294409305192531761223135023775716004524800712421029511814371272677693250675849533581287329508882226653655173656910539127091103507264230656677697384157212561348652056800721986077779984598925 0 0 0 0 0 0 0 0 0 0 0 0 0 0 0 0 0 0 0 0 0 0 0 0 0 0 0 0 0 0 0 0 0 0 0 0 0 0 0 0 0 0 0 0 0 0 0 0 0 0 0 0 0 0 0 0 0 0 0 0 0 0 0 0 0 0 0 0 0 0 0 0 0 0 0 0 0 0 0 0 1 0 0 0 0 0 0 0 0 0 0 0 0 0 0 0 0 0 0]
[6243422160782250092035572556710925558666639310844810420808367238536845674049817229993536491203770847797034821825273087955267865188213516533848044319055520062222935363371918127435677794652437668956726253320887732137014568988152188644564646362663416908179040831445154467154193397385794524442600036997221 0 0 0 0 0 0 0 0 0 0 0 0 0 0 0 0 0 0 0 0 0 0 0 0 0 0 0 0 0 0 0 0 0 0 0 0 0 0 0 0 0 0 0 0 0 0 0 0 0 0 0 0 0 0 0 0 0 0 0 0 0 0 0 0 0 0 0 0 0 0 0 0 0 0 0 0 0 0 0 0 0 1 0 0 0 0 0 0 0 0 0 0 0 0 0 0 0 0 0]
[3692998752192019793266179815153348841546003225595434759200331054061612733255263496230877107953299110619494662776261770858682355497355419629727313136778350477654480557923946653484067855771600744336326957218170615088464549609205576873140768067779667385213902703073525940110980716752246090876592377817081 0 0 0 0 0 0 0 0 0 0 0 0 0 0 0 0 0 0 0 0 0 0 0 0 0 0 0 0 0 0 0 0 0 0 0 0 0 0 0 0 0 0 0 0 0 0 0 0 0 0 0 0 0 0 0 0 0 0 0 0 0 0 0 0 0 0 0 0 0 0 0 0 0 0 0 0 0 0 0 0 0 0 1 0 0 0 0 0 0 0 0 0 0 0 0 0 0 0 0]
[4816710626739490666694020508995351600913539894555061198149028988036072072400719357538679932430765196358956545847315859212652668011535395723250151401988174107999254577108484123277193315769997429532635312561501498491193491547025543149398114796784734336190684209954879898238986389935658133484775152404331 0 0 0 0 0 0 0 0 0 0 0 0 0 0 0 0 0 0 0 0 0 0 0 0 0 0 0 0 0 0 0 0 0 0 0 0 0 0 0 0 0 0 0 0 0 0 0 0 0 0 0 0 0 0 0 0 0 0 0 0 0 0 0 0 0 0 0 0 0 0 0 0 0 0 0 0 0 0 0 0 0 0 0 1 0 0 0 0 0 0 0 0 0 0 0 0 0 0 0]
[708505979719670273483077279499625423858989008647075275660735218169175978018079357366912668832774904489467126439853379937166397676953329568756802626654446279272586470831925546085949204745836874547505124839041288005621211686995104596258239901899134016862467178367356895608375844633913372788560258080477 0 0 0 0 0 0 0 0 0 0 0 0 0 0 0 0 0 0 0 0 0 0 0 0 0 0 0 0 0 0 0 0 0 0 0 0 0 0 0 0 0 0 0 0 0 0 0 0 0 0 0 0 0 0 0 0 0 0 0 0 0 0 0 0 0 0 0 0 0 0 0 0 0 0 0 0 0 0 0 0 0 0 0 0 1 0 0 0 0 0 0 0 0 0 0 0 0 0 0]
[3343228187263181841700363962763932131384770558538373664292078693060079033348692764437476407158802138360435529576749263904424705045907180218290078157641609291434817958970194878530617532378833293610871934243575256538277223658932578079160937706119372337086090638774172089012231479060939037195306458998688 0 0 0 0 0 0 0 0 0 0 0 0 0 0 0 0 0 0 0 0 0 0 0 0 0 0 0 0 0 0 0 0 0 0 0 0 0 0 0 0 0 0 0 0 0 0 0 0 0 0 0 0 0 0 0 0 0 0 0 0 0 0 0 0 0 0 0 0 0 0 0 0 0 0 0 0 0 0 0 0 0 0 0 0 0 1 0 0 0 0 0 0 0 0 0 0 0 0 0]
[4682600073270957075368008803275953911781996670115155125029527096625062854101769509281579421016704867236995786369450836349346898053829144735795478696150795984927273623902106241200931680424302053390719678018754398306962942777786157987908281549127102825449732189799926330105101387649910171154887233927869 0 0 0 0 0 0 0 0 0 0 0 0 0 0 0 0 0 0 0 0 0 0 0 0 0 0 0 0 0 0 0 0 0 0 0 0 0 0 0 0 0 0 0 0 0 0 0 0 0 0 0 0 0 0 0 0 0 0 0 0 0 0 0 0 0 0 0 0 0 0 0 0 0 0 0 0 0 0 0 0 0 0 0 0 0 0 1 0 0 0 0 0 0 0 0 0 0 0 0]
[3024988438842291035710483718783525337752867173319121408715871702140940785132324713166771901835276214060453572145198780153280359772700653602352877631855902830227830809832455091980422645217450487936812845754049749236693050639913700477194688804935131768281850800285762013986364032140498028366502692809062 0 0 0 0 0 0 0 0 0 0 0 0 0 0 0 0 0 0 0 0 0 0 0 0 0 0 0 0 0 0 0 0 0 0 0 0 0 0 0 0 0 0 0 0 0 0 0 0 0 0 0 0 0 0 0 0 0 0 0 0 0 0 0 0 0 0 0 0 0 0 0 0 0 0 0 0 0 0 0 0 0 0 0 0 0 0 0 1 0 0 0 0 0 0 0 0 0 0 0]
[5597776942552723897077426934231802281125379077664609583400481875556046129835267708538644874688782954851326078285607953421815041352362432590827262830799933937364860564188386108095209072482247359205331009221332309731562147382944586043391638119213350380525900732515565219628678635949140529371669854862178 0 0 0 0 0 0 0 0 0 0 0 0 0 0 0 0 0 0 0 0 0 0 0 0 0 0 0 0 0 0 0 0 0 0 0 0 0 0 0 0 0 0 0 0 0 0 0 0 0 0 0 0 0 0 0 0 0 0 0 0 0 0 0 0 0 0 0 0 0 0 0 0 0 0 0 0 0 0 0 0 0 0 0 0 0 0 0 0 1 0 0 0 0 0 0 0 0 0 0]
[6696238718743710819339667546742218574894567836589702895940675816899043431039966844581293555016795249396003553305540822512541685994853650554166840188420222075404691652456445074301452325067858326714819093652409795114337751835463250440967626197391202724127604964504002326999318299573177245278665978636589 0 0 0 0 0 0 0 0 0 0 0 0 0 0 0 0 0 0 0 0 0 0 0 0 0 0 0 0 0 0 0 0 0 0 0 0 0 0 0 0 0 0 0 0 0 0 0 0 0 0 0 0 0 0 0 0 0 0 0 0 0 0 0 0 0 0 0 0 0 0 0 0 0 0 0 0 0 0 0 0 0 0 0 0 0 0 0 0 0 1 0 0 0 0 0 0 0 0 0]
[6591421167274479169768004614258801151803067996899604493588752499271390110827983200376649396216621498530422038329134539488271003406647082893360536654381498809528915176037616275959121461745185096072443949217232778289147541076596154417342564140493815636285318778349682981468609866333707803347900521600811 0 0 0 0 0 0 0 0 0 0 0 0 0 0 0 0 0 0 0 0 0 0 0 0 0 0 0 0 0 0 0 0 0 0 0 0 0 0 0 0 0 0 0 0 0 0 0 0 0 0 0 0 0 0 0 0 0 0 0 0 0 0 0 0 0 0 0 0 0 0 0 0 0 0 0 0 0 0 0 0 0 0 0 0 0 0 0 0 0 0 1 0 0 0 0 0 0 0 0]
[4925753362634889620996818038168265458432945226489347323664020000949582558766024448658088003373467704672609741225422478009780611723698850530272396318872011771860863197655281514760216438373108822117962698993595092854481292479506483541054134599555172981805776002736268583003393294687765278604174942745826 0 0 0 0 0 0 0 0 0 0 0 0 0 0 0 0 0 0 0 0 0 0 0 0 0 0 0 0 0 0 0 0 0 0 0 0 0 0 0 0 0 0 0 0 0 0 0 0 0 0 0 0 0 0 0 0 0 0 0 0 0 0 0 0 0 0 0 0 0 0 0 0 0 0 0 0 0 0 0 0 0 0 0 0 0 0 0 0 0 0 0 1 0 0 0 0 0 0 0]
[2492787052584349708331944501288178105424993894748532375061685694154867247274603858546338945393789634242760787576262329261544616042847092006467522761711648085187887102938250150421748445289885305572548268901693736979591917942177901309760186174505438304681139869434514096086318335297527021167096557372286 0 0 0 0 0 0 0 0 0 0 0 0 0 0 0 0 0 0 0 0 0 0 0 0 0 0 0 0 0 0 0 0 0 0 0 0 0 0 0 0 0 0 0 0 0 0 0 0 0 0 0 0 0 0 0 0 0 0 0 0 0 0 0 0 0 0 0 0 0 0 0 0 0 0 0 0 0 0 0 0 0 0 0 0 0 0 0 0 0 0 0 0 1 0 0 0 0 0 0]
[4587198264516579289979542908993006241165584749119642759458061211818386903849576628521862975295088311262067833130965727452377647510177858561639951266070047145681024380986072860912861516852682598117371209591939298493174262949108828691005299462716819057565613957703950422216039372386933309610531126777222 0 0 0 0 0 0 0 0 0 0 0 0 0 0 0 0 0 0 0 0 0 0 0 0 0 0 0 0 0 0 0 0 0 0 0 0 0 0 0 0 0 0 0 0 0 0 0 0 0 0 0 0 0 0 0 0 0 0 0 0 0 0 0 0 0 0 0 0 0 0 0 0 0 0 0 0 0 0 0 0 0 0 0 0 0 0 0 0 0 0 0 0 0 1 0 0 0 0 0]
[4974277027827844680360937588456326604028394739199469150491839584954199304766307734924365038346439741244509171335972939019018770043395920621745365510150191343714223349437054880710315110728274553236094359903888303256966949924053970558605492312705841881497567191020730158401419673515984472374732286451766 0 0 0 0 0 0 0 0 0 0 0 0 0 0 0 0 0 0 0 0 0 0 0 0 0 0 0 0 0 0 0 0 0 0 0 0 0 0 0 0 0 0 0 0 0 0 0 0 0 0 0 0 0 0 0 0 0 0 0 0 0 0 0 0 0 0 0 0 0 0 0 0 0 0 0 0 0 0 0 0 0 0 0 0 0 0 0 0 0 0 0 0 0 0 1 0 0 0 0]
[5298999060936011439383434429530923418229455310050643872745015112312959215350709561926857759354409651223566854587160675197519549376630160326695650721803062449572866709647487490982296204499804164124772684083493667850405568395758644729855820534264717626238578058107632912627494677988080784563272567753232 0 0 0 0 0 0 0 0 0 0 0 0 0 0 0 0 0 0 0 0 0 0 0 0 0 0 0 0 0 0 0 0 0 0 0 0 0 0 0 0 0 0 0 0 0 0 0 0 0 0 0 0 0 0 0 0 0 0 0 0 0 0 0 0 0 0 0 0 0 0 0 0 0 0 0 0 0 0 0 0 0 0 0 0 0 0 0 0 0 0 0 0 0 0 0 1 0 0 0]
[6108841470135750389415232492316737389278052441560808092137009867133892699944374013320421323821866544222746085171615299625568221326121703575830430839417800112296679474387401792095069319991208338581282138487788479141770715087019646545793828629290766266934036226021632223014034014574625223406509767015320 0 0 0 0 0 0 0 0 0 0 0 0 0 0 0 0 0 0 0 0 0 0 0 0 0 0 0 0 0 0 0 0 0 0 0 0 0 0 0 0 0 0 0 0 0 0 0 0 0 0 0 0 0 0 0 0 0 0 0 0 0 0 0 0 0 0 0 0 0 0 0 0 0 0 0 0 0 0 0 0 0 0 0 0 0 0 0 0 0 0 0 0 0 0 0 0 1 0 0]
[360446490533513790841809453752967581001060296169341633481919942829839880378483310101886631679887187584216117081197676360646156302168690339627398308709205825498396579205448539871926454169780967629129638338344801248903150452579827003499739599977369266845300712732430923583601718441297651058322395536947 0 0 0 0 0 0 0 0 0 0 0 0 0 0 0 0 0 0 0 0 0 0 0 0 0 0 0 0 0 0 0 0 0 0 0 0 0 0 0 0 0 0 0 0 0 0 0 0 0 0 0 0 0 0 0 0 0 0 0 0 0 0 0 0 0 0 0 0 0 0 0 0 0 0 0 0 0 0 0 0 0 0 0 0 0 0 0 0 0 0 0 0 0 0 0 0 0 1 0]
[156399964961461697013876734194692978726390284936922897880778220925160091082480089358607130027024394998650951782334869644446639053810810599710022600170446000830628771538796047220962357218136698795348932823144949277398448806043156667409737012884518073109744759700689461815450755062641559127576644071202 0 0 0 0 0 0 0 0 0 0 0 0 0 0 0 0 0 0 0 0 0 0 0 0 0 0 0 0 0 0 0 0 0 0 0 0 0 0 0 0 0 0 0 0 0 0 0 0 0 0 0 0 0 0 0 0 0 0 0 0 0 0 0 0 0 0 0 0 0 0 0 0 0 0 0 0 0 0 0 0 0 0 0 0 0 0 0 0 0 0 0 0 0 0 0 0 0 0 1]
]
