[[2049441756758619911070556067124559099398748204685687102718130738573678306027490655269522968263614794884125759130344433210203482376387057604118762732193 0 0 0 0 0 0 0 0 0 0 0 0 0 0 0 0 0 0 0 0 0 0 0 0 0 0 0 0 0 0 0 0 0 0 0 0 0 0 0 0 0 0 0 0 0 0 0 0 0]
[1456365113840573999516680282952318357744099918301537944288537824814944099201169767899447763365247554942123800458248655021427429856011631640587807410726 1 0 0 0 0 0 0 0 0 0 0 0 0 0 0 0 0 0 0 0 0 0 0 0 0 0 0 0 0 0 0 0 0 0 0 0 0 0 0 0 0 0 0 0 0 0 0 0 0]
[1539325497495636533727867373925230956489906459086496356732268262305656504547608775886044993800488020505746869537315862774114775714874181593314966433028 0 1 0 0 0 0 0 0 0 0 0 0 0 0 0 0 0 0 0 0 0 0 0 0 0 0 0 0 0 0 0 0 0 0 0 0 0 0 0 0 0 0 0 0 0 0 0 0 0]
[1375127805961256307204432139040786189593344009786156738385213104377302729185186939121549823382469054483206745363310369424470222924762854092978636382008 0 0 1 0 0 0 0 0 0 0 0 0 0 0 0 0 0 0 0 0 0 0 0 0 0 0 0 0 0 0 0 0 0 0 0 0 0 0 0 0 0 0 0 0 0 0 0 0 0]
[987003170642460148823639678881675153144798586206678470905905650071882880111886682396235025724995874080856522112802946025935613603704731618580239163768 0 0 0 1 0 0 0 0 0 0 0 0 0 0 0 0 0 0 0 0 0 0 0 0 0 0 0 0 0 0 0 0 0 0 0 0 0 0 0 0 0 0 0 0 0 0 0 0 0]
[1144514885981406533022245452486779396898931949139451332519435550178584583813571902737365186489313369103442156766159934648418168118460697081719203354291 0 0 0 0 1 0 0 0 0 0 0 0 0 0 0 0 0 0 0 0 0 0 0 0 0 0 0 0 0 0 0 0 0 0 0 0 0 0 0 0 0 0 0 0 0 0 0 0 0]
[498296457151278419143082808165854505074749314486529661286812941121172877353830043195817689769408811309762844484766552364841075687078803759592346162270 0 0 0 0 0 1 0 0 0 0 0 0 0 0 0 0 0 0 0 0 0 0 0 0 0 0 0 0 0 0 0 0 0 0 0 0 0 0 0 0 0 0 0 0 0 0 0 0 0]
[911839781615174801439121256583973229177403395185189030215610566825094307924254020665662825795725031861440231042038108077748414225877148608398566754586 0 0 0 0 0 0 1 0 0 0 0 0 0 0 0 0 0 0 0 0 0 0 0 0 0 0 0 0 0 0 0 0 0 0 0 0 0 0 0 0 0 0 0 0 0 0 0 0 0]
[412669357873995315645069997832641577007150461204576653530340690796320446114056406108604344629773817494025940179949438124892189650559089705665026545641 0 0 0 0 0 0 0 1 0 0 0 0 0 0 0 0 0 0 0 0 0 0 0 0 0 0 0 0 0 0 0 0 0 0 0 0 0 0 0 0 0 0 0 0 0 0 0 0 0]
[1593777521887510854235246965646170633150913980576425476358011084716926696517274903582887687961002029985324040713688694656734593923171104557747894550663 0 0 0 0 0 0 0 0 1 0 0 0 0 0 0 0 0 0 0 0 0 0 0 0 0 0 0 0 0 0 0 0 0 0 0 0 0 0 0 0 0 0 0 0 0 0 0 0 0]
[2026359524947224567810832503586377835355169028956536462279101122874068044038083261244609622970655047746065798449838123126823779866900021249766005651989 0 0 0 0 0 0 0 0 0 1 0 0 0 0 0 0 0 0 0 0 0 0 0 0 0 0 0 0 0 0 0 0 0 0 0 0 0 0 0 0 0 0 0 0 0 0 0 0 0]
[1411378792625800132344854152719044981858189335778933516362574392307196831955895015102163659324400579312661489220551910189319620340224499476379660478919 0 0 0 0 0 0 0 0 0 0 1 0 0 0 0 0 0 0 0 0 0 0 0 0 0 0 0 0 0 0 0 0 0 0 0 0 0 0 0 0 0 0 0 0 0 0 0 0 0]
[775180309502718627377624083395650035071454177875436850973881418165629080732945031190915801738994938124807234009128062362540682229887754287179258688424 0 0 0 0 0 0 0 0 0 0 0 1 0 0 0 0 0 0 0 0 0 0 0 0 0 0 0 0 0 0 0 0 0 0 0 0 0 0 0 0 0 0 0 0 0 0 0 0 0]
[1904818236003704944394762644618746269827625007743178236127536842234833366133784669581028633675225159123914253008508803825154746459141954429167235981807 0 0 0 0 0 0 0 0 0 0 0 0 1 0 0 0 0 0 0 0 0 0 0 0 0 0 0 0 0 0 0 0 0 0 0 0 0 0 0 0 0 0 0 0 0 0 0 0 0]
[424965634289919088994759890832503310790753002899510296340477788210416938925904666669746826837832760446828954061340395081525910352751878194149933938354 0 0 0 0 0 0 0 0 0 0 0 0 0 1 0 0 0 0 0 0 0 0 0 0 0 0 0 0 0 0 0 0 0 0 0 0 0 0 0 0 0 0 0 0 0 0 0 0 0]
[969561278523371441594764241613805753582561105734637437884453388362929906463953538778199058659037382065466921174389864476792986239894119847169718034037 0 0 0 0 0 0 0 0 0 0 0 0 0 0 1 0 0 0 0 0 0 0 0 0 0 0 0 0 0 0 0 0 0 0 0 0 0 0 0 0 0 0 0 0 0 0 0 0 0]
[1089320020377879044576425939899166945141970207263050206409714208193028423696482797079039167859152838607987570199010540269862096833080378623685339282969 0 0 0 0 0 0 0 0 0 0 0 0 0 0 0 1 0 0 0 0 0 0 0 0 0 0 0 0 0 0 0 0 0 0 0 0 0 0 0 0 0 0 0 0 0 0 0 0 0]
[36115316337083462867261898666049216782436079947290337378466227601125814141747438157709525601275679569124719852243202993760079439584456361065923929309 0 0 0 0 0 0 0 0 0 0 0 0 0 0 0 0 1 0 0 0 0 0 0 0 0 0 0 0 0 0 0 0 0 0 0 0 0 0 0 0 0 0 0 0 0 0 0 0 0]
[1424798548775826792535133428404665181058930167329762290536334484795060146097779418930255998655550121053729433214706502046983085450621990254810068854038 0 0 0 0 0 0 0 0 0 0 0 0 0 0 0 0 0 1 0 0 0 0 0 0 0 0 0 0 0 0 0 0 0 0 0 0 0 0 0 0 0 0 0 0 0 0 0 0 0]
[146209240128719813972368110480626945438268249228679577793205916389941479968719790036336239959407712484888844177500541897930782170707106150561027112548 0 0 0 0 0 0 0 0 0 0 0 0 0 0 0 0 0 0 1 0 0 0 0 0 0 0 0 0 0 0 0 0 0 0 0 0 0 0 0 0 0 0 0 0 0 0 0 0 0]
[662222923271394439630310207002850562586292029183407132918786330289936250427215502630650344825738569395150826129803099261315294815944712014691545607796 0 0 0 0 0 0 0 0 0 0 0 0 0 0 0 0 0 0 0 1 0 0 0 0 0 0 0 0 0 0 0 0 0 0 0 0 0 0 0 0 0 0 0 0 0 0 0 0 0]
[489743162841550217525390218037023976279973036455184844250629846764151483174637152393612774486606409222932117816610003086321769895374857800769519429059 0 0 0 0 0 0 0 0 0 0 0 0 0 0 0 0 0 0 0 0 1 0 0 0 0 0 0 0 0 0 0 0 0 0 0 0 0 0 0 0 0 0 0 0 0 0 0 0 0]
[966266410840491434081723482942161279855441946040231728968814637192190451816605384482897328380633336947837043086685720238100417922485013051590531751014 0 0 0 0 0 0 0 0 0 0 0 0 0 0 0 0 0 0 0 0 0 1 0 0 0 0 0 0 0 0 0 0 0 0 0 0 0 0 0 0 0 0 0 0 0 0 0 0 0]
[2016212730079524706327251993383825916733681509877256729293628991841031636897211877757631383208512305477863743855243055529464647477740082376435667387546 0 0 0 0 0 0 0 0 0 0 0 0 0 0 0 0 0 0 0 0 0 0 1 0 0 0 0 0 0 0 0 0 0 0 0 0 0 0 0 0 0 0 0 0 0 0 0 0 0]
[1713610258866450275034067419364900615007230253242849629584250199843431944653232700907598370792418153700186849748409538026589385853509345735928548554038 0 0 0 0 0 0 0 0 0 0 0 0 0 0 0 0 0 0 0 0 0 0 0 1 0 0 0 0 0 0 0 0 0 0 0 0 0 0 0 0 0 0 0 0 0 0 0 0 0]
[731502541241152922516498907162634798932238034581579888379894790289627923897260782386506805276471441760388826517701382664309258474011607116178248856827 0 0 0 0 0 0 0 0 0 0 0 0 0 0 0 0 0 0 0 0 0 0 0 0 1 0 0 0 0 0 0 0 0 0 0 0 0 0 0 0 0 0 0 0 0 0 0 0 0]
[1287230073868075033823062421466075145589292329211071965036737690344516814459908554843254513921083335671645498663368667588890130576602025683286577912387 0 0 0 0 0 0 0 0 0 0 0 0 0 0 0 0 0 0 0 0 0 0 0 0 0 1 0 0 0 0 0 0 0 0 0 0 0 0 0 0 0 0 0 0 0 0 0 0 0]
[1771331696338071316083869810661617675087120722965534257177431778996631628211788632072132164174620828297470439600632758160419657302216451634632249861881 0 0 0 0 0 0 0 0 0 0 0 0 0 0 0 0 0 0 0 0 0 0 0 0 0 0 1 0 0 0 0 0 0 0 0 0 0 0 0 0 0 0 0 0 0 0 0 0 0]
[1110470577902999799477794039899265559590188605641964106732667275964897071635252206285682577265800644510559293220364194544513107033922114064361241701234 0 0 0 0 0 0 0 0 0 0 0 0 0 0 0 0 0 0 0 0 0 0 0 0 0 0 0 1 0 0 0 0 0 0 0 0 0 0 0 0 0 0 0 0 0 0 0 0 0]
[670873532047082547384774957140355440127645142039196358704907287912426617218961190742351086129757329429907771942884290000763656621517285066301416577743 0 0 0 0 0 0 0 0 0 0 0 0 0 0 0 0 0 0 0 0 0 0 0 0 0 0 0 0 1 0 0 0 0 0 0 0 0 0 0 0 0 0 0 0 0 0 0 0 0]
[749745915993989885315813549473120098619696267975492151679226083666886962407363041015010053057736125354880714055757331485940118155325956631979178467563 0 0 0 0 0 0 0 0 0 0 0 0 0 0 0 0 0 0 0 0 0 0 0 0 0 0 0 0 0 1 0 0 0 0 0 0 0 0 0 0 0 0 0 0 0 0 0 0 0]
[777855797214691314424474550903471055640159329732565386527409209930531813875334830378183885688741274869845593388616725659822679308592815139631176909178 0 0 0 0 0 0 0 0 0 0 0 0 0 0 0 0 0 0 0 0 0 0 0 0 0 0 0 0 0 0 1 0 0 0 0 0 0 0 0 0 0 0 0 0 0 0 0 0 0]
[1560355282753441690577945998522736671822396740296263207752183955368904980297893735169832781884902941696753585179103662892188670035946922310151362555233 0 0 0 0 0 0 0 0 0 0 0 0 0 0 0 0 0 0 0 0 0 0 0 0 0 0 0 0 0 0 0 1 0 0 0 0 0 0 0 0 0 0 0 0 0 0 0 0 0]
[934033761733534007564999011482486076483485943926147212615374639446576258642914313228255552233907465655205630306697984821704923153166294149818230872714 0 0 0 0 0 0 0 0 0 0 0 0 0 0 0 0 0 0 0 0 0 0 0 0 0 0 0 0 0 0 0 0 1 0 0 0 0 0 0 0 0 0 0 0 0 0 0 0 0]
[583148686814000316530404097374318195682167114868429087767609317229505647378276791341221379481652339691878040570338577927300647407813814708600429655631 0 0 0 0 0 0 0 0 0 0 0 0 0 0 0 0 0 0 0 0 0 0 0 0 0 0 0 0 0 0 0 0 0 1 0 0 0 0 0 0 0 0 0 0 0 0 0 0 0]
[549933952073642687091612510383626268968722951214216125512963982134497275757639443250713293488514802065088738858309866103173595773719858309878814312793 0 0 0 0 0 0 0 0 0 0 0 0 0 0 0 0 0 0 0 0 0 0 0 0 0 0 0 0 0 0 0 0 0 0 1 0 0 0 0 0 0 0 0 0 0 0 0 0 0]
[1168822781785451760568650810118144584032128017000616759524424116793582938887797305795245661747213728609504897894127167031522076151604458051068529337364 0 0 0 0 0 0 0 0 0 0 0 0 0 0 0 0 0 0 0 0 0 0 0 0 0 0 0 0 0 0 0 0 0 0 0 1 0 0 0 0 0 0 0 0 0 0 0 0 0]
[551555985055655424503165296053117676312305357364459515142076739203493776630783012763088060357743382527768105111476242353535335523633083417284736985832 0 0 0 0 0 0 0 0 0 0 0 0 0 0 0 0 0 0 0 0 0 0 0 0 0 0 0 0 0 0 0 0 0 0 0 0 1 0 0 0 0 0 0 0 0 0 0 0 0]
[1767924271887798098539033022331341654352543383915071444251210668966802894799991434229666380391809028283321679648666191495888342813551119418876054424699 0 0 0 0 0 0 0 0 0 0 0 0 0 0 0 0 0 0 0 0 0 0 0 0 0 0 0 0 0 0 0 0 0 0 0 0 0 1 0 0 0 0 0 0 0 0 0 0 0]
[693182295566218381989588501299056267725729203719224476440928517240090498851187592881025252038833661999224076119090546943233269959718327447958115404645 0 0 0 0 0 0 0 0 0 0 0 0 0 0 0 0 0 0 0 0 0 0 0 0 0 0 0 0 0 0 0 0 0 0 0 0 0 0 1 0 0 0 0 0 0 0 0 0 0]
[289668721572220216000072904606278996153425938490081934123191103998144096998746370539214946776402545713906939366526339766702215329028075985268450959164 0 0 0 0 0 0 0 0 0 0 0 0 0 0 0 0 0 0 0 0 0 0 0 0 0 0 0 0 0 0 0 0 0 0 0 0 0 0 0 1 0 0 0 0 0 0 0 0 0]
[837977743628631129666750200433947607014496230663349252516663469251382360013535232387028561970033972694113501320865797501403396819151328257289405853337 0 0 0 0 0 0 0 0 0 0 0 0 0 0 0 0 0 0 0 0 0 0 0 0 0 0 0 0 0 0 0 0 0 0 0 0 0 0 0 0 1 0 0 0 0 0 0 0 0]
[165425100966086594700869457736324575100812505740119433932138163520718097105141422281721820655986277326410789523189450997858898428861841865370115836377 0 0 0 0 0 0 0 0 0 0 0 0 0 0 0 0 0 0 0 0 0 0 0 0 0 0 0 0 0 0 0 0 0 0 0 0 0 0 0 0 0 1 0 0 0 0 0 0 0]
[23257827989760035729218488412176520717954790042337736893133396113947407225942899168052565134344779303483910454318852035751758144830517689277123734252 0 0 0 0 0 0 0 0 0 0 0 0 0 0 0 0 0 0 0 0 0 0 0 0 0 0 0 0 0 0 0 0 0 0 0 0 0 0 0 0 0 0 1 0 0 0 0 0 0]
[1275832535981825130587265267005894604751256569599210865049077244200379798898113400777034778130530791199550000119043136921760800490050543433516818141219 0 0 0 0 0 0 0 0 0 0 0 0 0 0 0 0 0 0 0 0 0 0 0 0 0 0 0 0 0 0 0 0 0 0 0 0 0 0 0 0 0 0 0 1 0 0 0 0 0]
[1555592993359265946165184725312428472269559784978873091738715323689696682816942914154734333389380781221484397089015732877923042273374657070601879813645 0 0 0 0 0 0 0 0 0 0 0 0 0 0 0 0 0 0 0 0 0 0 0 0 0 0 0 0 0 0 0 0 0 0 0 0 0 0 0 0 0 0 0 0 1 0 0 0 0]
[762159280333797957261268162592670194384043622692892223189308405849873129131026017547965008976138734455703275346575872910746723650907286393034608593992 0 0 0 0 0 0 0 0 0 0 0 0 0 0 0 0 0 0 0 0 0 0 0 0 0 0 0 0 0 0 0 0 0 0 0 0 0 0 0 0 0 0 0 0 0 1 0 0 0]
[768955043195091914038983713503102872392971483529178995154356552339249391838040141894034803856403897379121705633736421295959543207827435907330301618201 0 0 0 0 0 0 0 0 0 0 0 0 0 0 0 0 0 0 0 0 0 0 0 0 0 0 0 0 0 0 0 0 0 0 0 0 0 0 0 0 0 0 0 0 0 0 1 0 0]
[127759406862586964290661263809368788653036656571858935442265879206640429336578443578718523206120332873322157721988492897727768389304032119817012224601 0 0 0 0 0 0 0 0 0 0 0 0 0 0 0 0 0 0 0 0 0 0 0 0 0 0 0 0 0 0 0 0 0 0 0 0 0 0 0 0 0 0 0 0 0 0 0 1 0]
[1606798281826308087839318238982172833860627903145665417530651050202843037481252536898207254254119057115445133271816562091003073256713521377300750828133 0 0 0 0 0 0 0 0 0 0 0 0 0 0 0 0 0 0 0 0 0 0 0 0 0 0 0 0 0 0 0 0 0 0 0 0 0 0 0 0 0 0 0 0 0 0 0 0 1]
]
