[[3782449694085090827279427878518974680720884032198653907879739281340091273231437644590610837609666048098586357555368362219132940252653065527232316318045464868652995419268629503604383 0 0 0 0 0 0 0 0 0 0 0 0 0 0 0 0 0 0 0 0 0 0 0 0 0 0 0 0 0 0 0 0 0 0 0 0 0 0 0 0 0 0 0 0 0 0 0 0 0 0 0 0 0 0 0 0 0 0 0]
[2326615704603969634230586194540192935089929672706962828316451199298715200719006788065862341706996021889669080176958448167692393457912876671182560147848500932191590268651421418806878 1 0 0 0 0 0 0 0 0 0 0 0 0 0 0 0 0 0 0 0 0 0 0 0 0 0 0 0 0 0 0 0 0 0 0 0 0 0 0 0 0 0 0 0 0 0 0 0 0 0 0 0 0 0 0 0 0 0 0]
[815652298919897909624615732255042513520946212726215651704975354634980415823815500140403994310925706119573389076634806566453497747001207765815033383955737523991422249724031952922182 0 1 0 0 0 0 0 0 0 0 0 0 0 0 0 0 0 0 0 0 0 0 0 0 0 0 0 0 0 0 0 0 0 0 0 0 0 0 0 0 0 0 0 0 0 0 0 0 0 0 0 0 0 0 0 0 0 0 0]
[2314480387553065455323293647609571472156048151899620409479228758318494403333463351209317078824062301391569056870206290129646321767645982921157799848954913432940519170689026048979428 0 0 1 0 0 0 0 0 0 0 0 0 0 0 0 0 0 0 0 0 0 0 0 0 0 0 0 0 0 0 0 0 0 0 0 0 0 0 0 0 0 0 0 0 0 0 0 0 0 0 0 0 0 0 0 0 0 0 0]
[1535893521300901579033243959114279833965429764158282663014772583103547521745592544959432063257715696371037659602048895001935569682769230647748558019642944162459485462200232223532802 0 0 0 1 0 0 0 0 0 0 0 0 0 0 0 0 0 0 0 0 0 0 0 0 0 0 0 0 0 0 0 0 0 0 0 0 0 0 0 0 0 0 0 0 0 0 0 0 0 0 0 0 0 0 0 0 0 0 0]
[3054365553950224766857648873828962771591863025329613329219518915053960020682515058351900387156114175406479790897325858908479860825350490655461770417878548968113093729885669794818141 0 0 0 0 1 0 0 0 0 0 0 0 0 0 0 0 0 0 0 0 0 0 0 0 0 0 0 0 0 0 0 0 0 0 0 0 0 0 0 0 0 0 0 0 0 0 0 0 0 0 0 0 0 0 0 0 0 0 0]
[3422575109237948006402045803450344056911498338184240336027422340821561956720680991435133161139457528051185345597187236436275071881399628307478614125543315368228238215366487521643464 0 0 0 0 0 1 0 0 0 0 0 0 0 0 0 0 0 0 0 0 0 0 0 0 0 0 0 0 0 0 0 0 0 0 0 0 0 0 0 0 0 0 0 0 0 0 0 0 0 0 0 0 0 0 0 0 0 0 0]
[2007624648372655625702018323607247504692681657034094202146089233874051139513664768913817822693245214616411006441936329657514930008592899616728625128403920816224151995759121360211848 0 0 0 0 0 0 1 0 0 0 0 0 0 0 0 0 0 0 0 0 0 0 0 0 0 0 0 0 0 0 0 0 0 0 0 0 0 0 0 0 0 0 0 0 0 0 0 0 0 0 0 0 0 0 0 0 0 0 0]
[2783927281679188530609324277113002772704932608920812476665070813824241405702494418940147895583635931688774514650525232897355603758640102788593146076165830034724808810554079769890004 0 0 0 0 0 0 0 1 0 0 0 0 0 0 0 0 0 0 0 0 0 0 0 0 0 0 0 0 0 0 0 0 0 0 0 0 0 0 0 0 0 0 0 0 0 0 0 0 0 0 0 0 0 0 0 0 0 0 0]
[2224351645256710123324176654005198674761777689600950069833614969745242846818775410115617710852522675812929512960956560442513795999216518554856299896955614276394461787368415050617824 0 0 0 0 0 0 0 0 1 0 0 0 0 0 0 0 0 0 0 0 0 0 0 0 0 0 0 0 0 0 0 0 0 0 0 0 0 0 0 0 0 0 0 0 0 0 0 0 0 0 0 0 0 0 0 0 0 0 0]
[2935909344973535249660884652104098120700548351959264055465620512887871093478308758085120149447710831187653072825603702066338226794082623678846239204674404583853021761594577793445834 0 0 0 0 0 0 0 0 0 1 0 0 0 0 0 0 0 0 0 0 0 0 0 0 0 0 0 0 0 0 0 0 0 0 0 0 0 0 0 0 0 0 0 0 0 0 0 0 0 0 0 0 0 0 0 0 0 0 0]
[2062011178533435303855758158366023345286969957546102519507492655290287325836392787645898913854480025421201523372812496641665776591698770946541819976542660093247026240017408890620536 0 0 0 0 0 0 0 0 0 0 1 0 0 0 0 0 0 0 0 0 0 0 0 0 0 0 0 0 0 0 0 0 0 0 0 0 0 0 0 0 0 0 0 0 0 0 0 0 0 0 0 0 0 0 0 0 0 0 0]
[3471038058214689808151663872994679190642916287881171964742645888228820550308167466830963046518699236494573688066262956644210035867621982430901832115319851905662271121300685547013410 0 0 0 0 0 0 0 0 0 0 0 1 0 0 0 0 0 0 0 0 0 0 0 0 0 0 0 0 0 0 0 0 0 0 0 0 0 0 0 0 0 0 0 0 0 0 0 0 0 0 0 0 0 0 0 0 0 0 0]
[1572586549902486963257392377312423259523196519034599217060629124136793751022657005021121922410602815825198147892962016130070668599683340660720733954514494063837796713795282070521152 0 0 0 0 0 0 0 0 0 0 0 0 1 0 0 0 0 0 0 0 0 0 0 0 0 0 0 0 0 0 0 0 0 0 0 0 0 0 0 0 0 0 0 0 0 0 0 0 0 0 0 0 0 0 0 0 0 0 0]
[236401698962976354947187176977675558114701561324501036740063559140051209232849204562887212577334700752804923578931286449292648589188123523907722814355747224209334462882825140530070 0 0 0 0 0 0 0 0 0 0 0 0 0 1 0 0 0 0 0 0 0 0 0 0 0 0 0 0 0 0 0 0 0 0 0 0 0 0 0 0 0 0 0 0 0 0 0 0 0 0 0 0 0 0 0 0 0 0 0]
[2559075686320293577863423608249197130861884703082557265081728216364611898706588284516832576408222471408106642444109747153215790660164737819972217501663981360721542106592404703081239 0 0 0 0 0 0 0 0 0 0 0 0 0 0 1 0 0 0 0 0 0 0 0 0 0 0 0 0 0 0 0 0 0 0 0 0 0 0 0 0 0 0 0 0 0 0 0 0 0 0 0 0 0 0 0 0 0 0 0]
[649751322436781159299336652352281304554918434852399411494125532869621665142929155086030666350605154493459909474998670055777606178417703986630069631930723188308678512580791859641595 0 0 0 0 0 0 0 0 0 0 0 0 0 0 0 1 0 0 0 0 0 0 0 0 0 0 0 0 0 0 0 0 0 0 0 0 0 0 0 0 0 0 0 0 0 0 0 0 0 0 0 0 0 0 0 0 0 0 0]
[2316975767474621032226010890134325696908014639089807738751181620601620608487168131837758682133611586656171293175062794429805518161286601696108284601158414063234200615077510687560687 0 0 0 0 0 0 0 0 0 0 0 0 0 0 0 0 1 0 0 0 0 0 0 0 0 0 0 0 0 0 0 0 0 0 0 0 0 0 0 0 0 0 0 0 0 0 0 0 0 0 0 0 0 0 0 0 0 0 0]
[852775946929746478848077115125820510395734625722307469743666161458859803083659762403556513171782284195657969321504320472684071250257309111512436787491137565091913773990983436087632 0 0 0 0 0 0 0 0 0 0 0 0 0 0 0 0 0 1 0 0 0 0 0 0 0 0 0 0 0 0 0 0 0 0 0 0 0 0 0 0 0 0 0 0 0 0 0 0 0 0 0 0 0 0 0 0 0 0 0]
[3322445703506145659470967639394098047800290247548252605504030650731888035815410549767012929346467330310457841695447852675902726311546844239502925572160235024119417096767055369980176 0 0 0 0 0 0 0 0 0 0 0 0 0 0 0 0 0 0 1 0 0 0 0 0 0 0 0 0 0 0 0 0 0 0 0 0 0 0 0 0 0 0 0 0 0 0 0 0 0 0 0 0 0 0 0 0 0 0 0]
[2879540708418631750258557023572432344676834476590558927202882644921251407171781395697624351286309452858233489346285322885152643261602129433741384550530681683301744560794672724374094 0 0 0 0 0 0 0 0 0 0 0 0 0 0 0 0 0 0 0 1 0 0 0 0 0 0 0 0 0 0 0 0 0 0 0 0 0 0 0 0 0 0 0 0 0 0 0 0 0 0 0 0 0 0 0 0 0 0 0]
[2194103883179418751042395031979863241676521133157365267034215176874303848900709960158659406118359703621111778220944656480439234506511991622563787434811108111199023418111065805341106 0 0 0 0 0 0 0 0 0 0 0 0 0 0 0 0 0 0 0 0 1 0 0 0 0 0 0 0 0 0 0 0 0 0 0 0 0 0 0 0 0 0 0 0 0 0 0 0 0 0 0 0 0 0 0 0 0 0 0]
[1783971991727699816083770919848578435720546177746549375661831221532020242408579404552408684421546463022347462288587898471617929486024591744792263690522262131790182231197103766880057 0 0 0 0 0 0 0 0 0 0 0 0 0 0 0 0 0 0 0 0 0 1 0 0 0 0 0 0 0 0 0 0 0 0 0 0 0 0 0 0 0 0 0 0 0 0 0 0 0 0 0 0 0 0 0 0 0 0 0]
[566671147354202133799798307745800544788050188442080590977809522597329950887639127940609752446437775915724431910490975716330766493465707941943889445952780450392687626146521171929657 0 0 0 0 0 0 0 0 0 0 0 0 0 0 0 0 0 0 0 0 0 0 1 0 0 0 0 0 0 0 0 0 0 0 0 0 0 0 0 0 0 0 0 0 0 0 0 0 0 0 0 0 0 0 0 0 0 0 0]
[401678648064089885741827474318328582389401901467429414010542126837757992292485425617516249831987895848263449365016890559250700141288207932427636424908103575411511023213351436254687 0 0 0 0 0 0 0 0 0 0 0 0 0 0 0 0 0 0 0 0 0 0 0 1 0 0 0 0 0 0 0 0 0 0 0 0 0 0 0 0 0 0 0 0 0 0 0 0 0 0 0 0 0 0 0 0 0 0 0]
[1458866866473366833310213789679197241963628513898709842862981432335481977883587659661867424194748980627041681279795344839564787421351594840256278086926820388259198565793749572979820 0 0 0 0 0 0 0 0 0 0 0 0 0 0 0 0 0 0 0 0 0 0 0 0 1 0 0 0 0 0 0 0 0 0 0 0 0 0 0 0 0 0 0 0 0 0 0 0 0 0 0 0 0 0 0 0 0 0 0]
[3018176753679185515675584625379947352929530642733152464883824048810442803869481569855733669958134778177348470413509110384678996093571693267782203193530059495791267046435884663706057 0 0 0 0 0 0 0 0 0 0 0 0 0 0 0 0 0 0 0 0 0 0 0 0 0 1 0 0 0 0 0 0 0 0 0 0 0 0 0 0 0 0 0 0 0 0 0 0 0 0 0 0 0 0 0 0 0 0 0]
[1987193307377677347341676260328200255373530513762011820605975268763395830740115321638762703825634409717300184663262171253393406648617693049409676593606256984584714464967675205157327 0 0 0 0 0 0 0 0 0 0 0 0 0 0 0 0 0 0 0 0 0 0 0 0 0 0 1 0 0 0 0 0 0 0 0 0 0 0 0 0 0 0 0 0 0 0 0 0 0 0 0 0 0 0 0 0 0 0 0]
[254026625994015768690709663889959364087814968984220938072022832658967764720808151258714434535193513970916175404060203192609098188190865731888070596260045493057008128848027792731783 0 0 0 0 0 0 0 0 0 0 0 0 0 0 0 0 0 0 0 0 0 0 0 0 0 0 0 1 0 0 0 0 0 0 0 0 0 0 0 0 0 0 0 0 0 0 0 0 0 0 0 0 0 0 0 0 0 0 0]
[1958501674643743210067884115335581594160515222528671266342934062611657611049832118842053872705624684846312944405463360542284611395589116822715557263329655758873693262088895326444162 0 0 0 0 0 0 0 0 0 0 0 0 0 0 0 0 0 0 0 0 0 0 0 0 0 0 0 0 1 0 0 0 0 0 0 0 0 0 0 0 0 0 0 0 0 0 0 0 0 0 0 0 0 0 0 0 0 0 0]
[106446812909011217879891637570096956188747901128820539350076141050460792518843049131268922024049378198422773664849057207977173449330733470679509427073814906357851596832965966846346 0 0 0 0 0 0 0 0 0 0 0 0 0 0 0 0 0 0 0 0 0 0 0 0 0 0 0 0 0 1 0 0 0 0 0 0 0 0 0 0 0 0 0 0 0 0 0 0 0 0 0 0 0 0 0 0 0 0 0]
[3570718623268296533164408057570524987193477597739244131284126145743215465454103269284980759375599964719117149085578861717860645742768968376664374853710155628737039586231021450863017 0 0 0 0 0 0 0 0 0 0 0 0 0 0 0 0 0 0 0 0 0 0 0 0 0 0 0 0 0 0 1 0 0 0 0 0 0 0 0 0 0 0 0 0 0 0 0 0 0 0 0 0 0 0 0 0 0 0 0]
[1161443968990535778663233867820238550441121355371935133746427392243402159160822110001717595711471585970794955910484879120072386492853938859798450097892126209142186293268942873224415 0 0 0 0 0 0 0 0 0 0 0 0 0 0 0 0 0 0 0 0 0 0 0 0 0 0 0 0 0 0 0 1 0 0 0 0 0 0 0 0 0 0 0 0 0 0 0 0 0 0 0 0 0 0 0 0 0 0 0]
[812582888675617631615689842488549831590907769153412545598975170073151500395080637985105953721588428629609526080753742110432656441391162367496945071739042405305564595569217802963194 0 0 0 0 0 0 0 0 0 0 0 0 0 0 0 0 0 0 0 0 0 0 0 0 0 0 0 0 0 0 0 0 1 0 0 0 0 0 0 0 0 0 0 0 0 0 0 0 0 0 0 0 0 0 0 0 0 0 0]
[3352846046061315495619140443054718150309652620682078929520420730648693188788954997654881273461568986371766553507874294100982170367590486874457215443552430537837734941111281022009598 0 0 0 0 0 0 0 0 0 0 0 0 0 0 0 0 0 0 0 0 0 0 0 0 0 0 0 0 0 0 0 0 0 1 0 0 0 0 0 0 0 0 0 0 0 0 0 0 0 0 0 0 0 0 0 0 0 0 0]
[2374489693459921303158302409732174886092173020544033934944846710918474538470168519998485816259027513272594659546472322043764283721423398495875966678692505280948972976015828118201318 0 0 0 0 0 0 0 0 0 0 0 0 0 0 0 0 0 0 0 0 0 0 0 0 0 0 0 0 0 0 0 0 0 0 1 0 0 0 0 0 0 0 0 0 0 0 0 0 0 0 0 0 0 0 0 0 0 0 0]
[1557814053828780116214450738938299158368023798398894595224781800585958187688031957355634475602152515909878631525605480122195346269204677672249312798330125178802016789260869564339990 0 0 0 0 0 0 0 0 0 0 0 0 0 0 0 0 0 0 0 0 0 0 0 0 0 0 0 0 0 0 0 0 0 0 0 1 0 0 0 0 0 0 0 0 0 0 0 0 0 0 0 0 0 0 0 0 0 0 0]
[768972305063930884858863091352199573088192779181977026169312144530875238782118619455989457763479715721637119807362562870580512579772936520683560931374814558307652246950741835127742 0 0 0 0 0 0 0 0 0 0 0 0 0 0 0 0 0 0 0 0 0 0 0 0 0 0 0 0 0 0 0 0 0 0 0 0 1 0 0 0 0 0 0 0 0 0 0 0 0 0 0 0 0 0 0 0 0 0 0]
[1456875970879225051329611563188232991518880961136867816905913152681749261798636352043264448653740849359037791001103035084795056502777932462252356408804970496293473323149889497378513 0 0 0 0 0 0 0 0 0 0 0 0 0 0 0 0 0 0 0 0 0 0 0 0 0 0 0 0 0 0 0 0 0 0 0 0 0 1 0 0 0 0 0 0 0 0 0 0 0 0 0 0 0 0 0 0 0 0 0]
[2158216358832560609616384359885341727974673578395736421647758074541413104608009934174122825098486560798583119257844934266124489624431642042903910814798051155152042433355112976066493 0 0 0 0 0 0 0 0 0 0 0 0 0 0 0 0 0 0 0 0 0 0 0 0 0 0 0 0 0 0 0 0 0 0 0 0 0 0 1 0 0 0 0 0 0 0 0 0 0 0 0 0 0 0 0 0 0 0 0]
[344561252705023932396593401378533809418091657347424261567755701174662264613431632516759003888476915368149408963627310140907386780846028400711129684081209804478796956075109677276352 0 0 0 0 0 0 0 0 0 0 0 0 0 0 0 0 0 0 0 0 0 0 0 0 0 0 0 0 0 0 0 0 0 0 0 0 0 0 0 1 0 0 0 0 0 0 0 0 0 0 0 0 0 0 0 0 0 0 0]
[1256148159596315518037983152751985843096183886941640159500545977914554537728724036964899399636867515723643652631869948123556727486849792091287741944264153151789105616639407668596336 0 0 0 0 0 0 0 0 0 0 0 0 0 0 0 0 0 0 0 0 0 0 0 0 0 0 0 0 0 0 0 0 0 0 0 0 0 0 0 0 1 0 0 0 0 0 0 0 0 0 0 0 0 0 0 0 0 0 0]
[1408467117255988938856795017649618941167569815301281791369021321369638235669716561722835824818033784542514230249465254135545527812017312880502000322235903994619429463173047136430010 0 0 0 0 0 0 0 0 0 0 0 0 0 0 0 0 0 0 0 0 0 0 0 0 0 0 0 0 0 0 0 0 0 0 0 0 0 0 0 0 0 1 0 0 0 0 0 0 0 0 0 0 0 0 0 0 0 0 0]
[392676405589350017631027325964900176067534100512352486815425426475680377588902630842971562417162593112935447041520412878015418611540792275390663400534976346120266594011779452647024 0 0 0 0 0 0 0 0 0 0 0 0 0 0 0 0 0 0 0 0 0 0 0 0 0 0 0 0 0 0 0 0 0 0 0 0 0 0 0 0 0 0 1 0 0 0 0 0 0 0 0 0 0 0 0 0 0 0 0]
[2179236974527603120225496815835195685999931166274394772051132193336827110201325790357329950767766189740481934327708354777493559754133012741036028285907208967815296994606424166919493 0 0 0 0 0 0 0 0 0 0 0 0 0 0 0 0 0 0 0 0 0 0 0 0 0 0 0 0 0 0 0 0 0 0 0 0 0 0 0 0 0 0 0 1 0 0 0 0 0 0 0 0 0 0 0 0 0 0 0]
[653508687894085775699824797346373581517502288032877400053542022014352138359321056536428770179073122395978004341292229036481018620948631084297549728412874597885350836909968451736704 0 0 0 0 0 0 0 0 0 0 0 0 0 0 0 0 0 0 0 0 0 0 0 0 0 0 0 0 0 0 0 0 0 0 0 0 0 0 0 0 0 0 0 0 1 0 0 0 0 0 0 0 0 0 0 0 0 0 0]
[118445359920794370397289588933794652350026339937615642578769007033293498379817242244107692100421687721329087238202894621659890621695191455917016974575854871191149706682245894568712 0 0 0 0 0 0 0 0 0 0 0 0 0 0 0 0 0 0 0 0 0 0 0 0 0 0 0 0 0 0 0 0 0 0 0 0 0 0 0 0 0 0 0 0 0 1 0 0 0 0 0 0 0 0 0 0 0 0 0]
[2692027307452217480677083744597989565348630616512099638559862378547734315077093477120679523573089017489497392595462402159405389965413944139286128317223915525611007032276510214442404 0 0 0 0 0 0 0 0 0 0 0 0 0 0 0 0 0 0 0 0 0 0 0 0 0 0 0 0 0 0 0 0 0 0 0 0 0 0 0 0 0 0 0 0 0 0 1 0 0 0 0 0 0 0 0 0 0 0 0]
[398729538047687643222987317977897097175858400872705037936427607100411198559512607271543099009964807740866786842928713448296672260735953414554698148344570674140233147612080483082404 0 0 0 0 0 0 0 0 0 0 0 0 0 0 0 0 0 0 0 0 0 0 0 0 0 0 0 0 0 0 0 0 0 0 0 0 0 0 0 0 0 0 0 0 0 0 0 1 0 0 0 0 0 0 0 0 0 0 0]
[2635261992669977099804108592932807213380507529023315989508230624102610202682229201416113619452384072858057270334888816810571480393506679955808342726174472763285419981142233485118779 0 0 0 0 0 0 0 0 0 0 0 0 0 0 0 0 0 0 0 0 0 0 0 0 0 0 0 0 0 0 0 0 0 0 0 0 0 0 0 0 0 0 0 0 0 0 0 0 1 0 0 0 0 0 0 0 0 0 0]
[2100222104700347552409255770725181145632061655017947678941671443079514226145671931037295566916320898547321016304415002072035928526940193730711515064589313917932349724634670912350260 0 0 0 0 0 0 0 0 0 0 0 0 0 0 0 0 0 0 0 0 0 0 0 0 0 0 0 0 0 0 0 0 0 0 0 0 0 0 0 0 0 0 0 0 0 0 0 0 0 1 0 0 0 0 0 0 0 0 0]
[3482242800412216218657259929769819310040789522063809568228513157483238984572041734809337966269943343808765800470464507549561647978347889946302685071585488937501080461446936275998489 0 0 0 0 0 0 0 0 0 0 0 0 0 0 0 0 0 0 0 0 0 0 0 0 0 0 0 0 0 0 0 0 0 0 0 0 0 0 0 0 0 0 0 0 0 0 0 0 0 0 1 0 0 0 0 0 0 0 0]
[1130483384088068360019018614582362238720980497853314499597424751042538721167012976947020447514609706493715207061345815679746597258307976108915956335315759621437122481198077799412473 0 0 0 0 0 0 0 0 0 0 0 0 0 0 0 0 0 0 0 0 0 0 0 0 0 0 0 0 0 0 0 0 0 0 0 0 0 0 0 0 0 0 0 0 0 0 0 0 0 0 0 1 0 0 0 0 0 0 0]
[809634638470952179897190846806471751881709774584632423489842370001031700641242382010547696716753452239510082623444166585295829656970126540114316643109017334054921940654251253560951 0 0 0 0 0 0 0 0 0 0 0 0 0 0 0 0 0 0 0 0 0 0 0 0 0 0 0 0 0 0 0 0 0 0 0 0 0 0 0 0 0 0 0 0 0 0 0 0 0 0 0 0 1 0 0 0 0 0 0]
[1648322846458325084856715103448995534165314138231958664562713126132857090228134242063590438141334920256219051419823132118565010980149821012444724370939944546485419868298433867409022 0 0 0 0 0 0 0 0 0 0 0 0 0 0 0 0 0 0 0 0 0 0 0 0 0 0 0 0 0 0 0 0 0 0 0 0 0 0 0 0 0 0 0 0 0 0 0 0 0 0 0 0 0 1 0 0 0 0 0]
[58016136019947186714832347246470195799528651639196390597818367667371211588593599883838490076088716308197048193451213660201962217879707991186939047701666289292931030963782425898632 0 0 0 0 0 0 0 0 0 0 0 0 0 0 0 0 0 0 0 0 0 0 0 0 0 0 0 0 0 0 0 0 0 0 0 0 0 0 0 0 0 0 0 0 0 0 0 0 0 0 0 0 0 0 1 0 0 0 0]
[2874558464664989927065490615446465325471454125332292088956432891404040250741752795167046597732434872646339918669029727450446730971575259910830287376731923908323163024208653627185508 0 0 0 0 0 0 0 0 0 0 0 0 0 0 0 0 0 0 0 0 0 0 0 0 0 0 0 0 0 0 0 0 0 0 0 0 0 0 0 0 0 0 0 0 0 0 0 0 0 0 0 0 0 0 0 1 0 0 0]
[2840721505038906485462689261269874671116824804294213611356682206730462211118427999992450811078330677174207584914240958238748219992659424009233477266016884342995663167557025184345179 0 0 0 0 0 0 0 0 0 0 0 0 0 0 0 0 0 0 0 0 0 0 0 0 0 0 0 0 0 0 0 0 0 0 0 0 0 0 0 0 0 0 0 0 0 0 0 0 0 0 0 0 0 0 0 0 1 0 0]
[753712286828207906530029376360967371298934147401703434324066959832383967864164720415571616090461945506091593453352317140223375073843408282322516896903895962754338947463049197857549 0 0 0 0 0 0 0 0 0 0 0 0 0 0 0 0 0 0 0 0 0 0 0 0 0 0 0 0 0 0 0 0 0 0 0 0 0 0 0 0 0 0 0 0 0 0 0 0 0 0 0 0 0 0 0 0 0 1 0]
[1240413766168614392638268576492586672846735547510457066114286505708043813381777235267414787472734052310097373592848150377272843864078774447505502533018557363522220902868497682090707 0 0 0 0 0 0 0 0 0 0 0 0 0 0 0 0 0 0 0 0 0 0 0 0 0 0 0 0 0 0 0 0 0 0 0 0 0 0 0 0 0 0 0 0 0 0 0 0 0 0 0 0 0 0 0 0 0 0 1]
]
