[[7750818049657354605445020692516951379693307770348140284591010668651662621746724807807666589221842999879357820909466356376984897738887516881411130521336159845236104339914029211490599643068038860395345495091629767279046422985145433236793859621653913946783795001053291513801906062258781687030986157135921 0 0 0 0 0 0 0 0 0 0 0 0 0 0 0 0 0 0 0 0 0 0 0 0 0 0 0 0 0 0 0 0 0 0 0 0 0 0 0 0 0 0 0 0 0 0 0 0 0 0 0 0 0 0 0 0 0 0 0 0 0 0 0 0 0 0 0 0 0 0 0 0 0 0 0 0 0 0 0 0 0 0 0 0 0 0 0 0 0 0 0 0 0 0 0 0 0 0 0]
[6036608186614907524712548995761838561944727186434252040548291088273381621790617477565184137976246840791381749956034852895565132801265311780445285071114626985857781302189254974134652957965921353955632774520910135795092435621443061542155929057292747098037255630843275516898539153028433710524038766800991 1 0 0 0 0 0 0 0 0 0 0 0 0 0 0 0 0 0 0 0 0 0 0 0 0 0 0 0 0 0 0 0 0 0 0 0 0 0 0 0 0 0 0 0 0 0 0 0 0 0 0 0 0 0 0 0 0 0 0 0 0 0 0 0 0 0 0 0 0 0 0 0 0 0 0 0 0 0 0 0 0 0 0 0 0 0 0 0 0 0 0 0 0 0 0 0 0 0 0]
[7614742362762085166243881849970906865555373101249891176715425704702958186082808123763547328380188505018839414304027442628948236256080824780825286956894999868402798207131625114481464691009930316059040716657222683244872638989602610620657506722227836855799624960883508189014531446088921076038270243709197 0 1 0 0 0 0 0 0 0 0 0 0 0 0 0 0 0 0 0 0 0 0 0 0 0 0 0 0 0 0 0 0 0 0 0 0 0 0 0 0 0 0 0 0 0 0 0 0 0 0 0 0 0 0 0 0 0 0 0 0 0 0 0 0 0 0 0 0 0 0 0 0 0 0 0 0 0 0 0 0 0 0 0 0 0 0 0 0 0 0 0 0 0 0 0 0 0 0 0]
[3327597702041915481356242355981553980050306407342893564984597162333798158907522613431595599087745042362712753401886800766330428918974293437605360244316472124415142168130329804132076493029399737398854136987988085077128237581719107691228991612177693193377088639315877736589857844086829475362539309009368 0 0 1 0 0 0 0 0 0 0 0 0 0 0 0 0 0 0 0 0 0 0 0 0 0 0 0 0 0 0 0 0 0 0 0 0 0 0 0 0 0 0 0 0 0 0 0 0 0 0 0 0 0 0 0 0 0 0 0 0 0 0 0 0 0 0 0 0 0 0 0 0 0 0 0 0 0 0 0 0 0 0 0 0 0 0 0 0 0 0 0 0 0 0 0 0 0 0 0]
[7712083618137862393214405353345884639944830853118759932513811195618538282555803903321460632913568428533538471153028578094678767763786819013298027065023864799400634378383909778775730989169909793905096717665731217136147827899177049549775169587438365243478825485225404043725601072779141122776811123315305 0 0 0 1 0 0 0 0 0 0 0 0 0 0 0 0 0 0 0 0 0 0 0 0 0 0 0 0 0 0 0 0 0 0 0 0 0 0 0 0 0 0 0 0 0 0 0 0 0 0 0 0 0 0 0 0 0 0 0 0 0 0 0 0 0 0 0 0 0 0 0 0 0 0 0 0 0 0 0 0 0 0 0 0 0 0 0 0 0 0 0 0 0 0 0 0 0 0 0]
[2717550881517998330221280882803192089836257798787147044869771263968172584793739488411705600677152204400579418338223874758152477611671403483495006649474615100319836698271159558831359905011358089547854096894314947602915244756698781560622323576675478260124598707026206597713118453324171565065628125825573 0 0 0 0 1 0 0 0 0 0 0 0 0 0 0 0 0 0 0 0 0 0 0 0 0 0 0 0 0 0 0 0 0 0 0 0 0 0 0 0 0 0 0 0 0 0 0 0 0 0 0 0 0 0 0 0 0 0 0 0 0 0 0 0 0 0 0 0 0 0 0 0 0 0 0 0 0 0 0 0 0 0 0 0 0 0 0 0 0 0 0 0 0 0 0 0 0 0 0]
[6834250129197384001648777417047601739292116014864009697098425610278141193439457859053614588410834280351323384024057209036088526419922247819377198239338728319178676913032140677549580973091142162147691255382166917534042392745198131917025978498365387505436739830680548547283962714151222406559804925219567 0 0 0 0 0 1 0 0 0 0 0 0 0 0 0 0 0 0 0 0 0 0 0 0 0 0 0 0 0 0 0 0 0 0 0 0 0 0 0 0 0 0 0 0 0 0 0 0 0 0 0 0 0 0 0 0 0 0 0 0 0 0 0 0 0 0 0 0 0 0 0 0 0 0 0 0 0 0 0 0 0 0 0 0 0 0 0 0 0 0 0 0 0 0 0 0 0 0 0]
[4362170928474895372738178419772649323286739917867204052219222902053885786069463904028012602244500590707706494592602183017922181844611544655608272332943263598528512982650488908425441115826887732900493610516634087602329055901525719069485955945993401389921124768608012226129782137118629092754020726805302 0 0 0 0 0 0 1 0 0 0 0 0 0 0 0 0 0 0 0 0 0 0 0 0 0 0 0 0 0 0 0 0 0 0 0 0 0 0 0 0 0 0 0 0 0 0 0 0 0 0 0 0 0 0 0 0 0 0 0 0 0 0 0 0 0 0 0 0 0 0 0 0 0 0 0 0 0 0 0 0 0 0 0 0 0 0 0 0 0 0 0 0 0 0 0 0 0 0 0]
[6598427068533085893946165924134875652884297306049532064725918484894329786537269654151713755576860086864231024247828806923458855114620173261453051700147246462844876268236416058455653084819394500899471924064751703707544366571716240639296542408132382623238274120998695105436976297671166303236021553063307 0 0 0 0 0 0 0 1 0 0 0 0 0 0 0 0 0 0 0 0 0 0 0 0 0 0 0 0 0 0 0 0 0 0 0 0 0 0 0 0 0 0 0 0 0 0 0 0 0 0 0 0 0 0 0 0 0 0 0 0 0 0 0 0 0 0 0 0 0 0 0 0 0 0 0 0 0 0 0 0 0 0 0 0 0 0 0 0 0 0 0 0 0 0 0 0 0 0 0]
[4631493581535026846427276230624881321222903185962177085832277298341830370556356891194708542219332522344380161724225735654814582435559090543285335172148315342473996432807564678061131265670606385082899587077013805022252378398648651295281765838692443282572712220850427209765109016144109255303765313826297 0 0 0 0 0 0 0 0 1 0 0 0 0 0 0 0 0 0 0 0 0 0 0 0 0 0 0 0 0 0 0 0 0 0 0 0 0 0 0 0 0 0 0 0 0 0 0 0 0 0 0 0 0 0 0 0 0 0 0 0 0 0 0 0 0 0 0 0 0 0 0 0 0 0 0 0 0 0 0 0 0 0 0 0 0 0 0 0 0 0 0 0 0 0 0 0 0 0 0]
[7723688346482282294861457288698747695655346938478895347537805233999956643933883648609837569688304777387174912849138107354788501597246659900495926745791598462203806924793711824080763418713616077143598000725222701676027976788081002427784665295370337139811321219359670549997772630973179690082912547299643 0 0 0 0 0 0 0 0 0 1 0 0 0 0 0 0 0 0 0 0 0 0 0 0 0 0 0 0 0 0 0 0 0 0 0 0 0 0 0 0 0 0 0 0 0 0 0 0 0 0 0 0 0 0 0 0 0 0 0 0 0 0 0 0 0 0 0 0 0 0 0 0 0 0 0 0 0 0 0 0 0 0 0 0 0 0 0 0 0 0 0 0 0 0 0 0 0 0 0]
[844240236521380765665080963037245823088449883213154086224323620269642251478791137278792959547753760627001902248424031176234716729503383258690527689287912108480070829665706730469432954399497182555792654225051974074061572282950921014807632516347758877782920234772123783560149159123103538553938021675773 0 0 0 0 0 0 0 0 0 0 1 0 0 0 0 0 0 0 0 0 0 0 0 0 0 0 0 0 0 0 0 0 0 0 0 0 0 0 0 0 0 0 0 0 0 0 0 0 0 0 0 0 0 0 0 0 0 0 0 0 0 0 0 0 0 0 0 0 0 0 0 0 0 0 0 0 0 0 0 0 0 0 0 0 0 0 0 0 0 0 0 0 0 0 0 0 0 0 0]
[3683412867148935027421851184818504267746468683324114352128680533329279503111265140593716759298572784021739254401098415621081415648241076953527992717619364271014150516772216700580927089686252317808680973770195539942058962664555879152900559309378422878897983716276879171650657823413181747612457443337103 0 0 0 0 0 0 0 0 0 0 0 1 0 0 0 0 0 0 0 0 0 0 0 0 0 0 0 0 0 0 0 0 0 0 0 0 0 0 0 0 0 0 0 0 0 0 0 0 0 0 0 0 0 0 0 0 0 0 0 0 0 0 0 0 0 0 0 0 0 0 0 0 0 0 0 0 0 0 0 0 0 0 0 0 0 0 0 0 0 0 0 0 0 0 0 0 0 0 0]
[818831896733135245107224335461906513749868208977455351622088910917455396047546429621112438049704734929835127342718277279157138585221542787600521692921722764127648240325937711224154768497088670077693019038156133760912780830797330443723143602601277915362772078473514931861782204089455208007817458194759 0 0 0 0 0 0 0 0 0 0 0 0 1 0 0 0 0 0 0 0 0 0 0 0 0 0 0 0 0 0 0 0 0 0 0 0 0 0 0 0 0 0 0 0 0 0 0 0 0 0 0 0 0 0 0 0 0 0 0 0 0 0 0 0 0 0 0 0 0 0 0 0 0 0 0 0 0 0 0 0 0 0 0 0 0 0 0 0 0 0 0 0 0 0 0 0 0 0 0]
[902514777771013526466672401875804601609710650482018278074147452009784378094619585683424168065811835455738809975424613573565141092046677909120148564566145319867149867447188737806470042460477130094821475856043231980455835513582199629835141769750140910394665407553415569578198790954737864817364288506151 0 0 0 0 0 0 0 0 0 0 0 0 0 1 0 0 0 0 0 0 0 0 0 0 0 0 0 0 0 0 0 0 0 0 0 0 0 0 0 0 0 0 0 0 0 0 0 0 0 0 0 0 0 0 0 0 0 0 0 0 0 0 0 0 0 0 0 0 0 0 0 0 0 0 0 0 0 0 0 0 0 0 0 0 0 0 0 0 0 0 0 0 0 0 0 0 0 0 0]
[1290785486051987790201582761851324504570323405533116370900459719013256237197549026764410396298532550575408594647162346855786739784313216132323219199234680502042905230734792857080079649699714862857006663021892270084529632647479017836367272635323263368703727598552210326560381712298404177569986014808785 0 0 0 0 0 0 0 0 0 0 0 0 0 0 1 0 0 0 0 0 0 0 0 0 0 0 0 0 0 0 0 0 0 0 0 0 0 0 0 0 0 0 0 0 0 0 0 0 0 0 0 0 0 0 0 0 0 0 0 0 0 0 0 0 0 0 0 0 0 0 0 0 0 0 0 0 0 0 0 0 0 0 0 0 0 0 0 0 0 0 0 0 0 0 0 0 0 0 0]
[7037944007028230128286510986552884633404125724669935625742089182918543635387982170796886371072050438796427068778027656545359660547426691680062069211241379642453292710813659891920757933238735801243610152651846890991702711984195965902713992695371370451144426116415517141745681995334124759747330989287371 0 0 0 0 0 0 0 0 0 0 0 0 0 0 0 1 0 0 0 0 0 0 0 0 0 0 0 0 0 0 0 0 0 0 0 0 0 0 0 0 0 0 0 0 0 0 0 0 0 0 0 0 0 0 0 0 0 0 0 0 0 0 0 0 0 0 0 0 0 0 0 0 0 0 0 0 0 0 0 0 0 0 0 0 0 0 0 0 0 0 0 0 0 0 0 0 0 0 0]
[3614459592336619870840760804727842789739494483933033728442656152999285857566895437411998462694551769777441817828011392833040300805151091318362561027273542073884056092178586350738459371423050774040709052287660966694554526054683807385495121085940212476382333149798314349690128919393690309125187187677886 0 0 0 0 0 0 0 0 0 0 0 0 0 0 0 0 1 0 0 0 0 0 0 0 0 0 0 0 0 0 0 0 0 0 0 0 0 0 0 0 0 0 0 0 0 0 0 0 0 0 0 0 0 0 0 0 0 0 0 0 0 0 0 0 0 0 0 0 0 0 0 0 0 0 0 0 0 0 0 0 0 0 0 0 0 0 0 0 0 0 0 0 0 0 0 0 0 0 0]
[292503351089399166827506285894827494757693228220445390240181003625162188698133027939959807003936152227102523482177504974450804751797787578932256863101779569942397647762503570244454787923262053629041475468647663179001264222707846231879057786543531628688074170613152248630892437541437942070318203374982 0 0 0 0 0 0 0 0 0 0 0 0 0 0 0 0 0 1 0 0 0 0 0 0 0 0 0 0 0 0 0 0 0 0 0 0 0 0 0 0 0 0 0 0 0 0 0 0 0 0 0 0 0 0 0 0 0 0 0 0 0 0 0 0 0 0 0 0 0 0 0 0 0 0 0 0 0 0 0 0 0 0 0 0 0 0 0 0 0 0 0 0 0 0 0 0 0 0 0]
[4703651172922754047164256371172156101097817985479961806092565154833024638927000419386315810235711563997761675701328293011436736346153911580662174645021682911244219200751144636224775918659614223558834868715226080744940521774869740726105010527406920852807824764786719990533983295175545776408884343185121 0 0 0 0 0 0 0 0 0 0 0 0 0 0 0 0 0 0 1 0 0 0 0 0 0 0 0 0 0 0 0 0 0 0 0 0 0 0 0 0 0 0 0 0 0 0 0 0 0 0 0 0 0 0 0 0 0 0 0 0 0 0 0 0 0 0 0 0 0 0 0 0 0 0 0 0 0 0 0 0 0 0 0 0 0 0 0 0 0 0 0 0 0 0 0 0 0 0 0]
[2335050684943119319346020335613919649001635227411921369974692982324031757051937545009540139082956322237583960532304564823326768407594804367686366411214322259333740554415829726496569747531186516862008735771332382026448267457118239053192136237273065660293928166879948392596208857568507851814534021221590 0 0 0 0 0 0 0 0 0 0 0 0 0 0 0 0 0 0 0 1 0 0 0 0 0 0 0 0 0 0 0 0 0 0 0 0 0 0 0 0 0 0 0 0 0 0 0 0 0 0 0 0 0 0 0 0 0 0 0 0 0 0 0 0 0 0 0 0 0 0 0 0 0 0 0 0 0 0 0 0 0 0 0 0 0 0 0 0 0 0 0 0 0 0 0 0 0 0 0]
[6409328232045706782536011313317833394885861609748795811668651914682822927706997214115823684168382589431905454095872133173781238074618206148754442857443310781543634356684145142205367612982083035585546800111579657317711895274457673951000141084373120068083474293091086422074065862324402878122673099451581 0 0 0 0 0 0 0 0 0 0 0 0 0 0 0 0 0 0 0 0 1 0 0 0 0 0 0 0 0 0 0 0 0 0 0 0 0 0 0 0 0 0 0 0 0 0 0 0 0 0 0 0 0 0 0 0 0 0 0 0 0 0 0 0 0 0 0 0 0 0 0 0 0 0 0 0 0 0 0 0 0 0 0 0 0 0 0 0 0 0 0 0 0 0 0 0 0 0 0]
[6316492388171520179982063422143902133366278241001879316014444972054373054690888107894119953059713162972671290826476174128297429618927262446906120447468881766988725156584925535599788254129593998193991699570342218910843536220255612422285106956074400901153317993831739180391485118279425130897013044077338 0 0 0 0 0 0 0 0 0 0 0 0 0 0 0 0 0 0 0 0 0 1 0 0 0 0 0 0 0 0 0 0 0 0 0 0 0 0 0 0 0 0 0 0 0 0 0 0 0 0 0 0 0 0 0 0 0 0 0 0 0 0 0 0 0 0 0 0 0 0 0 0 0 0 0 0 0 0 0 0 0 0 0 0 0 0 0 0 0 0 0 0 0 0 0 0 0 0 0]
[1207854609938949772720661012443494079643613940607762698744718781637264047418522729205433802967549160928487240021023319516179593155860060432487317467830115812549357392030809108903679642635549720938840073950238098825627119834745885673623000268929469523966999981397215970364008584720295988740785055006546 0 0 0 0 0 0 0 0 0 0 0 0 0 0 0 0 0 0 0 0 0 0 1 0 0 0 0 0 0 0 0 0 0 0 0 0 0 0 0 0 0 0 0 0 0 0 0 0 0 0 0 0 0 0 0 0 0 0 0 0 0 0 0 0 0 0 0 0 0 0 0 0 0 0 0 0 0 0 0 0 0 0 0 0 0 0 0 0 0 0 0 0 0 0 0 0 0 0 0]
[3019476250239420879216284037246157370445548759130648900756938399716397023747938678662140563358614401310901770065551435773149251409584865446938220494571790148225703573107605187221005264464977376922345577040542894406282485618760646633308258303172921333378681829928813736459918927103919717616562304295523 0 0 0 0 0 0 0 0 0 0 0 0 0 0 0 0 0 0 0 0 0 0 0 1 0 0 0 0 0 0 0 0 0 0 0 0 0 0 0 0 0 0 0 0 0 0 0 0 0 0 0 0 0 0 0 0 0 0 0 0 0 0 0 0 0 0 0 0 0 0 0 0 0 0 0 0 0 0 0 0 0 0 0 0 0 0 0 0 0 0 0 0 0 0 0 0 0 0 0]
[7542834120409023774446792229846140934550096030859994922663158324379186819158193029746420827490944996181678722140226522654504380580678814717890990480188150033997437982144569763982927695929951743601791059020635876227397407562754487880509289247137013961534062318511223440599663598533969614404579292347094 0 0 0 0 0 0 0 0 0 0 0 0 0 0 0 0 0 0 0 0 0 0 0 0 1 0 0 0 0 0 0 0 0 0 0 0 0 0 0 0 0 0 0 0 0 0 0 0 0 0 0 0 0 0 0 0 0 0 0 0 0 0 0 0 0 0 0 0 0 0 0 0 0 0 0 0 0 0 0 0 0 0 0 0 0 0 0 0 0 0 0 0 0 0 0 0 0 0 0]
[7263903247432284596672141096862066953193395604753416675876829537521046143327488968726695392783290452618507262375667384531911958373720366781930461426596194863023859974865336628891284594017546010221292726339864508954906712683498490198313158088013253695341420699259091194279927265023475771704780037459786 0 0 0 0 0 0 0 0 0 0 0 0 0 0 0 0 0 0 0 0 0 0 0 0 0 1 0 0 0 0 0 0 0 0 0 0 0 0 0 0 0 0 0 0 0 0 0 0 0 0 0 0 0 0 0 0 0 0 0 0 0 0 0 0 0 0 0 0 0 0 0 0 0 0 0 0 0 0 0 0 0 0 0 0 0 0 0 0 0 0 0 0 0 0 0 0 0 0 0]
[2917496875947251239513772636515362766070512246234383738599864520802129312281114789076230306213215105203970996723801613255741228247325863915635506195463017842174205201494142747209486245375406978825428945737931996829468381226965315174002239329919191435520129109365555566014924911670523914162881323019590 0 0 0 0 0 0 0 0 0 0 0 0 0 0 0 0 0 0 0 0 0 0 0 0 0 0 1 0 0 0 0 0 0 0 0 0 0 0 0 0 0 0 0 0 0 0 0 0 0 0 0 0 0 0 0 0 0 0 0 0 0 0 0 0 0 0 0 0 0 0 0 0 0 0 0 0 0 0 0 0 0 0 0 0 0 0 0 0 0 0 0 0 0 0 0 0 0 0 0]
[1177764538816053383923010408319266509321799607403656241129337986837243229068533589442906046779876003632410718163563689757290561363965743344251201747643373305049586115118395000490211232070598658571947705024424191863269635037112812438238434782435537655663378298519598942796987671652901257135641529542772 0 0 0 0 0 0 0 0 0 0 0 0 0 0 0 0 0 0 0 0 0 0 0 0 0 0 0 1 0 0 0 0 0 0 0 0 0 0 0 0 0 0 0 0 0 0 0 0 0 0 0 0 0 0 0 0 0 0 0 0 0 0 0 0 0 0 0 0 0 0 0 0 0 0 0 0 0 0 0 0 0 0 0 0 0 0 0 0 0 0 0 0 0 0 0 0 0 0 0]
[1635754119945019160845507712239620247112750858796431842275960183103663568472169115488782641491046159561607455842613124887743786255497984887074784659431872271611753028387623175705236289504095273803967860929437882459168197156408917516692401281873624508040794002735118312028444607358064249971867806466524 0 0 0 0 0 0 0 0 0 0 0 0 0 0 0 0 0 0 0 0 0 0 0 0 0 0 0 0 1 0 0 0 0 0 0 0 0 0 0 0 0 0 0 0 0 0 0 0 0 0 0 0 0 0 0 0 0 0 0 0 0 0 0 0 0 0 0 0 0 0 0 0 0 0 0 0 0 0 0 0 0 0 0 0 0 0 0 0 0 0 0 0 0 0 0 0 0 0 0]
[7282003271188652797448348011236896751698933805898882731672048497049507188848953797092695840265704592150975070453442911553352007803459572857749096020098722944272976480933804625120704753906882006781097176679699961370872251790183198674608347374386851866542596296074916176284974091563187337589625522304537 0 0 0 0 0 0 0 0 0 0 0 0 0 0 0 0 0 0 0 0 0 0 0 0 0 0 0 0 0 1 0 0 0 0 0 0 0 0 0 0 0 0 0 0 0 0 0 0 0 0 0 0 0 0 0 0 0 0 0 0 0 0 0 0 0 0 0 0 0 0 0 0 0 0 0 0 0 0 0 0 0 0 0 0 0 0 0 0 0 0 0 0 0 0 0 0 0 0 0]
[2697314145389000959833235167195530452103044540268992224624722256828660893983106580488577503725659184309800671014141369852281841673083786894426507366298159622886542450236301889865325279602909258452879783527783706877714162713152070647304558235074060147321109726497217035314869165423970829159596699723529 0 0 0 0 0 0 0 0 0 0 0 0 0 0 0 0 0 0 0 0 0 0 0 0 0 0 0 0 0 0 1 0 0 0 0 0 0 0 0 0 0 0 0 0 0 0 0 0 0 0 0 0 0 0 0 0 0 0 0 0 0 0 0 0 0 0 0 0 0 0 0 0 0 0 0 0 0 0 0 0 0 0 0 0 0 0 0 0 0 0 0 0 0 0 0 0 0 0 0]
[3375374528439283706452617797203329799328153076133251938515674159262730163903226768980709590398350276246648083734961139485818757873607887579169036074991884772512771921824669828481334483723969367981224973114883992110291421824705100160635778844676615693838039831516254259330608036163619212052803525230653 0 0 0 0 0 0 0 0 0 0 0 0 0 0 0 0 0 0 0 0 0 0 0 0 0 0 0 0 0 0 0 1 0 0 0 0 0 0 0 0 0 0 0 0 0 0 0 0 0 0 0 0 0 0 0 0 0 0 0 0 0 0 0 0 0 0 0 0 0 0 0 0 0 0 0 0 0 0 0 0 0 0 0 0 0 0 0 0 0 0 0 0 0 0 0 0 0 0 0]
[7060551459195001948200118604543637109057721097936394215124783404646546072027827804872401231962377893477818302209953320417116014469465599648293464780968473931686082485257293932571569247625233445291355890618283427286544326813686949500228600874328897501355640372874661969374915945416003209172938301733634 0 0 0 0 0 0 0 0 0 0 0 0 0 0 0 0 0 0 0 0 0 0 0 0 0 0 0 0 0 0 0 0 1 0 0 0 0 0 0 0 0 0 0 0 0 0 0 0 0 0 0 0 0 0 0 0 0 0 0 0 0 0 0 0 0 0 0 0 0 0 0 0 0 0 0 0 0 0 0 0 0 0 0 0 0 0 0 0 0 0 0 0 0 0 0 0 0 0 0]
[4028156059174998939219234721454258251723799979102103416506772526132097882182176437070695263187893210682052757686927413152988820684785187658644923802349775881719499082930999234955850763537316903466913498637561462927135146305865445597742094423388123176504756496903546264402711890026427336910251017056341 0 0 0 0 0 0 0 0 0 0 0 0 0 0 0 0 0 0 0 0 0 0 0 0 0 0 0 0 0 0 0 0 0 1 0 0 0 0 0 0 0 0 0 0 0 0 0 0 0 0 0 0 0 0 0 0 0 0 0 0 0 0 0 0 0 0 0 0 0 0 0 0 0 0 0 0 0 0 0 0 0 0 0 0 0 0 0 0 0 0 0 0 0 0 0 0 0 0 0]
[2657162902386816585061507548924229617084234443926051683446395456439000952836845990441910259604694687110928961913257449000070067860478591017271848336163103363925108071155409275425247049745199748612606807410243176567771907816499982393246174906294413067391638563352497125520718175416953729901612336745016 0 0 0 0 0 0 0 0 0 0 0 0 0 0 0 0 0 0 0 0 0 0 0 0 0 0 0 0 0 0 0 0 0 0 1 0 0 0 0 0 0 0 0 0 0 0 0 0 0 0 0 0 0 0 0 0 0 0 0 0 0 0 0 0 0 0 0 0 0 0 0 0 0 0 0 0 0 0 0 0 0 0 0 0 0 0 0 0 0 0 0 0 0 0 0 0 0 0 0]
[445188340895124688226269911317010937761157590575808329760127994731271402011199353408840990708398621013611740209968979693619946113277812889079731377165972252767413093712398389747616281747807535954404585187248201705866141920540899336471371983678905340398099165408176907924836397858863237869694714959569 0 0 0 0 0 0 0 0 0 0 0 0 0 0 0 0 0 0 0 0 0 0 0 0 0 0 0 0 0 0 0 0 0 0 0 1 0 0 0 0 0 0 0 0 0 0 0 0 0 0 0 0 0 0 0 0 0 0 0 0 0 0 0 0 0 0 0 0 0 0 0 0 0 0 0 0 0 0 0 0 0 0 0 0 0 0 0 0 0 0 0 0 0 0 0 0 0 0 0]
[6704397080375404565704108656650219262086132956309340109999062436575559321263619036742404196296647072085698614756339452650671838063901168849678155496164406169880054867608343793599018557149251913379982807680246859565754424246773722113716760870821040801495128913111859831361034319703842675180808414814500 0 0 0 0 0 0 0 0 0 0 0 0 0 0 0 0 0 0 0 0 0 0 0 0 0 0 0 0 0 0 0 0 0 0 0 0 1 0 0 0 0 0 0 0 0 0 0 0 0 0 0 0 0 0 0 0 0 0 0 0 0 0 0 0 0 0 0 0 0 0 0 0 0 0 0 0 0 0 0 0 0 0 0 0 0 0 0 0 0 0 0 0 0 0 0 0 0 0 0]
[1401418771059991270321103202318303389912150975365516621876533119083049785260757883689790695059144724834896612103293099182303399834461215054992994909999240440647343884673903323165553081428185590339237732871246913694816460527165415167028100564788099079644557015722798064418009706862736869839873776344664 0 0 0 0 0 0 0 0 0 0 0 0 0 0 0 0 0 0 0 0 0 0 0 0 0 0 0 0 0 0 0 0 0 0 0 0 0 1 0 0 0 0 0 0 0 0 0 0 0 0 0 0 0 0 0 0 0 0 0 0 0 0 0 0 0 0 0 0 0 0 0 0 0 0 0 0 0 0 0 0 0 0 0 0 0 0 0 0 0 0 0 0 0 0 0 0 0 0 0]
[4365035899419247768429769459789433640165690815281163986230780005302819593388818727301970640151238009924722977987533644498268728661528063641921245312392062515359743154324071885402295813031779443597562865293275295453888283044036526573642309462268533962554648009224613301478098776139704607061800137900450 0 0 0 0 0 0 0 0 0 0 0 0 0 0 0 0 0 0 0 0 0 0 0 0 0 0 0 0 0 0 0 0 0 0 0 0 0 0 1 0 0 0 0 0 0 0 0 0 0 0 0 0 0 0 0 0 0 0 0 0 0 0 0 0 0 0 0 0 0 0 0 0 0 0 0 0 0 0 0 0 0 0 0 0 0 0 0 0 0 0 0 0 0 0 0 0 0 0 0]
[7477103745455620994258729929950769419460421791506531401482954086453438660037188213370291409450149144584354088207079364270397900700549463492595281333652752846905845831761453100652514163360491232845110660875019309729635595704052123738270079934226645295361456775300202223221978987861254341423220105461847 0 0 0 0 0 0 0 0 0 0 0 0 0 0 0 0 0 0 0 0 0 0 0 0 0 0 0 0 0 0 0 0 0 0 0 0 0 0 0 1 0 0 0 0 0 0 0 0 0 0 0 0 0 0 0 0 0 0 0 0 0 0 0 0 0 0 0 0 0 0 0 0 0 0 0 0 0 0 0 0 0 0 0 0 0 0 0 0 0 0 0 0 0 0 0 0 0 0 0]
[3028899805401405759259649255267166211577123453268614802032634781418852631078071530950071730018142661885511841077551456445703389967947542807199222996365549280749440337095567289637619726636724811049880499339671999575626067461582314325847522052668232915324659069392244275037420167007104509223646217933196 0 0 0 0 0 0 0 0 0 0 0 0 0 0 0 0 0 0 0 0 0 0 0 0 0 0 0 0 0 0 0 0 0 0 0 0 0 0 0 0 1 0 0 0 0 0 0 0 0 0 0 0 0 0 0 0 0 0 0 0 0 0 0 0 0 0 0 0 0 0 0 0 0 0 0 0 0 0 0 0 0 0 0 0 0 0 0 0 0 0 0 0 0 0 0 0 0 0 0]
[1903911946644263528339396974384424614243414852818875451899241942340704416619162276870216860901635988429551736660722014501870978114677520473979246990253512953863880297833694053339325230539672879760185914583393642888036111347611866324098203998780085529251052089431718881676640677691885472990233131997008 0 0 0 0 0 0 0 0 0 0 0 0 0 0 0 0 0 0 0 0 0 0 0 0 0 0 0 0 0 0 0 0 0 0 0 0 0 0 0 0 0 1 0 0 0 0 0 0 0 0 0 0 0 0 0 0 0 0 0 0 0 0 0 0 0 0 0 0 0 0 0 0 0 0 0 0 0 0 0 0 0 0 0 0 0 0 0 0 0 0 0 0 0 0 0 0 0 0 0]
[5206408582012181494363914960459910060223496594040213136623378272201685394719841415324722830248286121880701353721181244238970044408097870022209338606044070380608289450614001382234412786940258426896261791404212152063303081771440849931249220903643086672526169928937026598862971613470591456695883953875859 0 0 0 0 0 0 0 0 0 0 0 0 0 0 0 0 0 0 0 0 0 0 0 0 0 0 0 0 0 0 0 0 0 0 0 0 0 0 0 0 0 0 1 0 0 0 0 0 0 0 0 0 0 0 0 0 0 0 0 0 0 0 0 0 0 0 0 0 0 0 0 0 0 0 0 0 0 0 0 0 0 0 0 0 0 0 0 0 0 0 0 0 0 0 0 0 0 0 0]
[4658935325214371621107526641291919254755817618153325261454044022659425129862450710486037027731964057610785328926020782644102612544944965281275678724488764447259165399377849550020734563399071727494278504923434733230365621851832002905492454662704597880090820692494034926767820907894883861652172751800099 0 0 0 0 0 0 0 0 0 0 0 0 0 0 0 0 0 0 0 0 0 0 0 0 0 0 0 0 0 0 0 0 0 0 0 0 0 0 0 0 0 0 0 1 0 0 0 0 0 0 0 0 0 0 0 0 0 0 0 0 0 0 0 0 0 0 0 0 0 0 0 0 0 0 0 0 0 0 0 0 0 0 0 0 0 0 0 0 0 0 0 0 0 0 0 0 0 0 0]
[5774558091860728795467340426435625948525980098652009537272724841628731749122094179166545746456096884635166802161554020725676241707501817256173149285025481656722064235498299167006993799357162486924643089627423468062165451137863477987612468749660177163093888096749833045147071136768985907895098538416540 0 0 0 0 0 0 0 0 0 0 0 0 0 0 0 0 0 0 0 0 0 0 0 0 0 0 0 0 0 0 0 0 0 0 0 0 0 0 0 0 0 0 0 0 1 0 0 0 0 0 0 0 0 0 0 0 0 0 0 0 0 0 0 0 0 0 0 0 0 0 0 0 0 0 0 0 0 0 0 0 0 0 0 0 0 0 0 0 0 0 0 0 0 0 0 0 0 0 0]
[3260114156170192504544754862524226532615414223460046326793027139506471533525605092323840773297356652785600144094972471556009632302454376910838553995508461862318538229347710641986134936325800026784706694761321656803750818082009973487347543303671229693452053680383268966564199567085658564187110982623268 0 0 0 0 0 0 0 0 0 0 0 0 0 0 0 0 0 0 0 0 0 0 0 0 0 0 0 0 0 0 0 0 0 0 0 0 0 0 0 0 0 0 0 0 0 1 0 0 0 0 0 0 0 0 0 0 0 0 0 0 0 0 0 0 0 0 0 0 0 0 0 0 0 0 0 0 0 0 0 0 0 0 0 0 0 0 0 0 0 0 0 0 0 0 0 0 0 0 0]
[2144329121620822643028074566803374763759542967959509326750253088462255906489104895305385440704717422134679752370979987357833040195001637553728268853481370154383235701795364107697431162748855836043677961861043657776176911967432647144499901499645220120790298698052797198392454664750178242608341818385617 0 0 0 0 0 0 0 0 0 0 0 0 0 0 0 0 0 0 0 0 0 0 0 0 0 0 0 0 0 0 0 0 0 0 0 0 0 0 0 0 0 0 0 0 0 0 1 0 0 0 0 0 0 0 0 0 0 0 0 0 0 0 0 0 0 0 0 0 0 0 0 0 0 0 0 0 0 0 0 0 0 0 0 0 0 0 0 0 0 0 0 0 0 0 0 0 0 0 0]
[1708459623145002796296899715652267782817208498546115949140812169312861189487537008474366763079070386372388208877886983115723093717352620343566851643718400247990775207407069306421596382592153678349269847204387444572244077832869269418719353394870010629666805791444191580662845374084896224435338361685524 0 0 0 0 0 0 0 0 0 0 0 0 0 0 0 0 0 0 0 0 0 0 0 0 0 0 0 0 0 0 0 0 0 0 0 0 0 0 0 0 0 0 0 0 0 0 0 1 0 0 0 0 0 0 0 0 0 0 0 0 0 0 0 0 0 0 0 0 0 0 0 0 0 0 0 0 0 0 0 0 0 0 0 0 0 0 0 0 0 0 0 0 0 0 0 0 0 0 0]
[2073623823823075436422423358094320227814769228479959052204101838025074942871479446542410152610395810925651921459848782055422234684646325047798927991913254042714258308758834973115860876177080353960373213644468216595689320897090688496915424163091827415624252576853346528545356224564920376416454512766962 0 0 0 0 0 0 0 0 0 0 0 0 0 0 0 0 0 0 0 0 0 0 0 0 0 0 0 0 0 0 0 0 0 0 0 0 0 0 0 0 0 0 0 0 0 0 0 0 1 0 0 0 0 0 0 0 0 0 0 0 0 0 0 0 0 0 0 0 0 0 0 0 0 0 0 0 0 0 0 0 0 0 0 0 0 0 0 0 0 0 0 0 0 0 0 0 0 0 0]
[4432331060659323767396410780140181756864430958833416158602250987485719404108060267167413565368398265684497740119658633996291947032937385185202179974358222696969320281105942835331840989563189990823979975225715423322545244413172911733992943221737296507307161620598669710226670162891525595805127352807023 0 0 0 0 0 0 0 0 0 0 0 0 0 0 0 0 0 0 0 0 0 0 0 0 0 0 0 0 0 0 0 0 0 0 0 0 0 0 0 0 0 0 0 0 0 0 0 0 0 1 0 0 0 0 0 0 0 0 0 0 0 0 0 0 0 0 0 0 0 0 0 0 0 0 0 0 0 0 0 0 0 0 0 0 0 0 0 0 0 0 0 0 0 0 0 0 0 0 0]
[5014020595966511073844130485875175662168364144389321209447966090040273443254580303395032739550796498341108640307770200283978323238279168924968805152301152962326370000195956066217452674385111165924816059911647717923735861838395195901885427590349525144625487874279564266357834094302751237758323963167145 0 0 0 0 0 0 0 0 0 0 0 0 0 0 0 0 0 0 0 0 0 0 0 0 0 0 0 0 0 0 0 0 0 0 0 0 0 0 0 0 0 0 0 0 0 0 0 0 0 0 1 0 0 0 0 0 0 0 0 0 0 0 0 0 0 0 0 0 0 0 0 0 0 0 0 0 0 0 0 0 0 0 0 0 0 0 0 0 0 0 0 0 0 0 0 0 0 0 0]
[2484531490418331456858657722200873817820497480294470896343042849937822686550167337841168639456968218791984046368614578693381757249856073968602977585845754391589707766361642756071231458737545530755910949596831739002782795560824906776095975535648914820921099064466573806175596995674866673592594815534130 0 0 0 0 0 0 0 0 0 0 0 0 0 0 0 0 0 0 0 0 0 0 0 0 0 0 0 0 0 0 0 0 0 0 0 0 0 0 0 0 0 0 0 0 0 0 0 0 0 0 0 1 0 0 0 0 0 0 0 0 0 0 0 0 0 0 0 0 0 0 0 0 0 0 0 0 0 0 0 0 0 0 0 0 0 0 0 0 0 0 0 0 0 0 0 0 0 0 0]
[5703156026279833634881758956524058037361268593302431506859151440474061973287148062702651999534965197437570950851707070727257128681102847358610251363388864511919737744911920278887521243466739849906001873540077096599229211803912029104656872143295367097451227788629943264769596896517651520693225373037371 0 0 0 0 0 0 0 0 0 0 0 0 0 0 0 0 0 0 0 0 0 0 0 0 0 0 0 0 0 0 0 0 0 0 0 0 0 0 0 0 0 0 0 0 0 0 0 0 0 0 0 0 1 0 0 0 0 0 0 0 0 0 0 0 0 0 0 0 0 0 0 0 0 0 0 0 0 0 0 0 0 0 0 0 0 0 0 0 0 0 0 0 0 0 0 0 0 0 0]
[7072653153516365638613395594551170812924366124310073658358443236758197847273702028245577855472997529342322207611030470174907420007016951925773411203155303840791338041739161960667611178170794547975815758666573367256436215617369878162394767820209696613141718064210355215438738775157649991371073883782578 0 0 0 0 0 0 0 0 0 0 0 0 0 0 0 0 0 0 0 0 0 0 0 0 0 0 0 0 0 0 0 0 0 0 0 0 0 0 0 0 0 0 0 0 0 0 0 0 0 0 0 0 0 1 0 0 0 0 0 0 0 0 0 0 0 0 0 0 0 0 0 0 0 0 0 0 0 0 0 0 0 0 0 0 0 0 0 0 0 0 0 0 0 0 0 0 0 0 0]
[4614162117435170773908326442621415356428470078781763187245557407206388384506308295156197513208324049519919569566011057195522108929936456030890402122807837818357341503644711273242187544251259702698272833239876537999444791280380790442727511182978059575236020516543412372347098628547759997348079173057071 0 0 0 0 0 0 0 0 0 0 0 0 0 0 0 0 0 0 0 0 0 0 0 0 0 0 0 0 0 0 0 0 0 0 0 0 0 0 0 0 0 0 0 0 0 0 0 0 0 0 0 0 0 0 1 0 0 0 0 0 0 0 0 0 0 0 0 0 0 0 0 0 0 0 0 0 0 0 0 0 0 0 0 0 0 0 0 0 0 0 0 0 0 0 0 0 0 0 0]
[6365671238658850284334063552968883042693198074321290059357592627629908887660950309379096160763883782868344556244385372159762192767416472765934656892801275968236762696545715500118488365089028787020145965037887734062399336126085263307085475615281264293613226513959974190122442310202026254082928822083595 0 0 0 0 0 0 0 0 0 0 0 0 0 0 0 0 0 0 0 0 0 0 0 0 0 0 0 0 0 0 0 0 0 0 0 0 0 0 0 0 0 0 0 0 0 0 0 0 0 0 0 0 0 0 0 1 0 0 0 0 0 0 0 0 0 0 0 0 0 0 0 0 0 0 0 0 0 0 0 0 0 0 0 0 0 0 0 0 0 0 0 0 0 0 0 0 0 0 0]
[4807620119886140118878223960713263441823409015647676304407657672061113491897459803033259638669460246624566449507488073726158792512888706220758453088503652806392513144480002355742914757570747737672456008660503612765242623434837126427690153335297765648898266376394299138289644251531927091239276352780659 0 0 0 0 0 0 0 0 0 0 0 0 0 0 0 0 0 0 0 0 0 0 0 0 0 0 0 0 0 0 0 0 0 0 0 0 0 0 0 0 0 0 0 0 0 0 0 0 0 0 0 0 0 0 0 0 1 0 0 0 0 0 0 0 0 0 0 0 0 0 0 0 0 0 0 0 0 0 0 0 0 0 0 0 0 0 0 0 0 0 0 0 0 0 0 0 0 0 0]
[3619826854883310046900456671109125985317971362650136015440685667125146593458778629382465247911092175859797070680870691019424716980137503689605924549907710069983804568240091964483290577009616226902302035212295594556784463812727312946904479455316434233465921581661115017954193601410859415249397679859498 0 0 0 0 0 0 0 0 0 0 0 0 0 0 0 0 0 0 0 0 0 0 0 0 0 0 0 0 0 0 0 0 0 0 0 0 0 0 0 0 0 0 0 0 0 0 0 0 0 0 0 0 0 0 0 0 0 1 0 0 0 0 0 0 0 0 0 0 0 0 0 0 0 0 0 0 0 0 0 0 0 0 0 0 0 0 0 0 0 0 0 0 0 0 0 0 0 0 0]
[3483963081627479274745031507876238793158963977397781902151978700750215384233816418438574630842043042766609916165031286787738445146292411188028124978037380679298618962517055605395211583624868538542843441232794191010390567354046281782943644846657218453587411442488446744613502109333466960153830394421858 0 0 0 0 0 0 0 0 0 0 0 0 0 0 0 0 0 0 0 0 0 0 0 0 0 0 0 0 0 0 0 0 0 0 0 0 0 0 0 0 0 0 0 0 0 0 0 0 0 0 0 0 0 0 0 0 0 0 1 0 0 0 0 0 0 0 0 0 0 0 0 0 0 0 0 0 0 0 0 0 0 0 0 0 0 0 0 0 0 0 0 0 0 0 0 0 0 0 0]
[238846973482065033747436088769031161659356657622524432130420015726138632739802662992216744995675994861191716205520682899857719247002206044485576157465064921491155770878196950009462368021455166245421514897850473487542713102455716330602359024555392059814561957355825842157868755326721271488151202967778 0 0 0 0 0 0 0 0 0 0 0 0 0 0 0 0 0 0 0 0 0 0 0 0 0 0 0 0 0 0 0 0 0 0 0 0 0 0 0 0 0 0 0 0 0 0 0 0 0 0 0 0 0 0 0 0 0 0 0 1 0 0 0 0 0 0 0 0 0 0 0 0 0 0 0 0 0 0 0 0 0 0 0 0 0 0 0 0 0 0 0 0 0 0 0 0 0 0 0]
[6210702809002665691042179461346889832901807129728035930740493432609369600354438040089474563916404606337320373116994382501014387153252562099943566546401571063310517210323504418262840490051515997906021495220679441012828851625034311457829889136820674658794673310087508551753308481460070901689724765658708 0 0 0 0 0 0 0 0 0 0 0 0 0 0 0 0 0 0 0 0 0 0 0 0 0 0 0 0 0 0 0 0 0 0 0 0 0 0 0 0 0 0 0 0 0 0 0 0 0 0 0 0 0 0 0 0 0 0 0 0 1 0 0 0 0 0 0 0 0 0 0 0 0 0 0 0 0 0 0 0 0 0 0 0 0 0 0 0 0 0 0 0 0 0 0 0 0 0 0]
[5280824131281076220226634331329192893965505925501402906072844025320476689600417405709475219077271768504022263486331277595103425345851633290068472948925393612532226584142991928006332988798942747021545866521678532703493175317046807459584540143558458733147287326326084872259251203919002482471834471789840 0 0 0 0 0 0 0 0 0 0 0 0 0 0 0 0 0 0 0 0 0 0 0 0 0 0 0 0 0 0 0 0 0 0 0 0 0 0 0 0 0 0 0 0 0 0 0 0 0 0 0 0 0 0 0 0 0 0 0 0 0 1 0 0 0 0 0 0 0 0 0 0 0 0 0 0 0 0 0 0 0 0 0 0 0 0 0 0 0 0 0 0 0 0 0 0 0 0 0]
[2084953666059049071781141826636431000565491774586218786636513583516547746954164744306193013500264940472126296234643072601256445880626328344990571552834886778740029332203747952020274611834892349832307854475274446420199231060209617157023825921829090128679244878757292248685430324619089618704046495230576 0 0 0 0 0 0 0 0 0 0 0 0 0 0 0 0 0 0 0 0 0 0 0 0 0 0 0 0 0 0 0 0 0 0 0 0 0 0 0 0 0 0 0 0 0 0 0 0 0 0 0 0 0 0 0 0 0 0 0 0 0 0 1 0 0 0 0 0 0 0 0 0 0 0 0 0 0 0 0 0 0 0 0 0 0 0 0 0 0 0 0 0 0 0 0 0 0 0 0]
[6472794705290387277099427531775828291871036358717654077915235461664697312638858978606371569230337956752384076008609281871756255538420518971696989200346877416987356982005520747258594350890125821249046096559076683164568176921953655544540859324070578197669007405750039692497950664782958965055686380542239 0 0 0 0 0 0 0 0 0 0 0 0 0 0 0 0 0 0 0 0 0 0 0 0 0 0 0 0 0 0 0 0 0 0 0 0 0 0 0 0 0 0 0 0 0 0 0 0 0 0 0 0 0 0 0 0 0 0 0 0 0 0 0 1 0 0 0 0 0 0 0 0 0 0 0 0 0 0 0 0 0 0 0 0 0 0 0 0 0 0 0 0 0 0 0 0 0 0 0]
[3419029868697637858412248013169753535870826515432877020634896616865663033383464359470068914436312629727794867783197226425382615929582110944023621297524434752812047203295547057159252216547310321662803199363528724809484931779968172031392504222200792125226186301615199214151092321641027700163233109594376 0 0 0 0 0 0 0 0 0 0 0 0 0 0 0 0 0 0 0 0 0 0 0 0 0 0 0 0 0 0 0 0 0 0 0 0 0 0 0 0 0 0 0 0 0 0 0 0 0 0 0 0 0 0 0 0 0 0 0 0 0 0 0 0 1 0 0 0 0 0 0 0 0 0 0 0 0 0 0 0 0 0 0 0 0 0 0 0 0 0 0 0 0 0 0 0 0 0 0]
[1704373042374997028328664408727591795090039314818708562584023424416764387315535117912138287623559886844307508438335246546706070479581786289663606187799522713333614600235681299804923260283675185288982804891131938552350586256883730199311310179402153654489208112898025566589324345703069739726425679305492 0 0 0 0 0 0 0 0 0 0 0 0 0 0 0 0 0 0 0 0 0 0 0 0 0 0 0 0 0 0 0 0 0 0 0 0 0 0 0 0 0 0 0 0 0 0 0 0 0 0 0 0 0 0 0 0 0 0 0 0 0 0 0 0 0 1 0 0 0 0 0 0 0 0 0 0 0 0 0 0 0 0 0 0 0 0 0 0 0 0 0 0 0 0 0 0 0 0 0]
[5171970425009552417769263548087514541677095459726212031506469753004081083629700696783949258050575050856393176482472050376163488438486375883383501024114015458884420184953316555301684943200174931507602282781968464016927139584653144099185777077922874757262907720486067347920030528366795860523694267628773 0 0 0 0 0 0 0 0 0 0 0 0 0 0 0 0 0 0 0 0 0 0 0 0 0 0 0 0 0 0 0 0 0 0 0 0 0 0 0 0 0 0 0 0 0 0 0 0 0 0 0 0 0 0 0 0 0 0 0 0 0 0 0 0 0 0 1 0 0 0 0 0 0 0 0 0 0 0 0 0 0 0 0 0 0 0 0 0 0 0 0 0 0 0 0 0 0 0 0]
[5707465979143896478956713477378225704814567796510255581641523772409934637425314503584838333924223781671309136290817206448120346198052498415791663219070184142618292706783887892627190033436710892127488322661621177158428763453239440951092185342007964577950395987945489014271035762544711895554740435742650 0 0 0 0 0 0 0 0 0 0 0 0 0 0 0 0 0 0 0 0 0 0 0 0 0 0 0 0 0 0 0 0 0 0 0 0 0 0 0 0 0 0 0 0 0 0 0 0 0 0 0 0 0 0 0 0 0 0 0 0 0 0 0 0 0 0 0 1 0 0 0 0 0 0 0 0 0 0 0 0 0 0 0 0 0 0 0 0 0 0 0 0 0 0 0 0 0 0 0]
[3599343836158421866540811648097569515158749342772733903280550622115936158672701896160299520663910703208926795650060353040988109119580190070886013753728716535010447326468433884641640829040395637592585889418478689660773874921306392854885906927131946766113768100627972443137567768381644906990099241905385 0 0 0 0 0 0 0 0 0 0 0 0 0 0 0 0 0 0 0 0 0 0 0 0 0 0 0 0 0 0 0 0 0 0 0 0 0 0 0 0 0 0 0 0 0 0 0 0 0 0 0 0 0 0 0 0 0 0 0 0 0 0 0 0 0 0 0 0 1 0 0 0 0 0 0 0 0 0 0 0 0 0 0 0 0 0 0 0 0 0 0 0 0 0 0 0 0 0 0]
[6330752355830806032223933036619715519395478649013265798033365724871294619112163346441682767676641590217312529412167013395827939282956309499410986193503696396687341385201422544078405392684475350781074799309844734025304282321868596056381071789502486188588380487586052591541801076147817149357358907556474 0 0 0 0 0 0 0 0 0 0 0 0 0 0 0 0 0 0 0 0 0 0 0 0 0 0 0 0 0 0 0 0 0 0 0 0 0 0 0 0 0 0 0 0 0 0 0 0 0 0 0 0 0 0 0 0 0 0 0 0 0 0 0 0 0 0 0 0 0 1 0 0 0 0 0 0 0 0 0 0 0 0 0 0 0 0 0 0 0 0 0 0 0 0 0 0 0 0 0]
[383673674308556207306612901475477421471627611708429842131622685497864246556043807796759276527146859356613513092724880444091937257181899929591418410834954217829799467072858703323474617325259148812758916950655454726899334554694168182826346787342566517907536352571202669440114051097023065457961388750988 0 0 0 0 0 0 0 0 0 0 0 0 0 0 0 0 0 0 0 0 0 0 0 0 0 0 0 0 0 0 0 0 0 0 0 0 0 0 0 0 0 0 0 0 0 0 0 0 0 0 0 0 0 0 0 0 0 0 0 0 0 0 0 0 0 0 0 0 0 0 1 0 0 0 0 0 0 0 0 0 0 0 0 0 0 0 0 0 0 0 0 0 0 0 0 0 0 0 0]
[2865992191839235323375898893482686181585137938712789179627756577770925107654244311334831193698649434093575108287825374517098255716741651310999365922719302793155148857472415308324159510448184838768513793470352152216831930263314325154411307322712623039754990089733227731230122251692158707736199109315362 0 0 0 0 0 0 0 0 0 0 0 0 0 0 0 0 0 0 0 0 0 0 0 0 0 0 0 0 0 0 0 0 0 0 0 0 0 0 0 0 0 0 0 0 0 0 0 0 0 0 0 0 0 0 0 0 0 0 0 0 0 0 0 0 0 0 0 0 0 0 0 1 0 0 0 0 0 0 0 0 0 0 0 0 0 0 0 0 0 0 0 0 0 0 0 0 0 0 0]
[5158941580404151722078523583329402184854092604227940366203747153366942840748679060406168889475899867658121556582820812726695405669042879861715111215456245917890146619594517776064332740737698623072583598426146330712593657658510149319541589579362769320206313340997912963685575563940622077280153571592143 0 0 0 0 0 0 0 0 0 0 0 0 0 0 0 0 0 0 0 0 0 0 0 0 0 0 0 0 0 0 0 0 0 0 0 0 0 0 0 0 0 0 0 0 0 0 0 0 0 0 0 0 0 0 0 0 0 0 0 0 0 0 0 0 0 0 0 0 0 0 0 0 1 0 0 0 0 0 0 0 0 0 0 0 0 0 0 0 0 0 0 0 0 0 0 0 0 0 0]
[1258974650605382592369191338614436305814230587804144802091491419449961115239230363952483132628924352094037470126302182801542009522805006925571695215806492345765520843372641661433700469582919564214157811592646390958444254491442221318902081723268658406873332104831635525187976163897718821261699249201648 0 0 0 0 0 0 0 0 0 0 0 0 0 0 0 0 0 0 0 0 0 0 0 0 0 0 0 0 0 0 0 0 0 0 0 0 0 0 0 0 0 0 0 0 0 0 0 0 0 0 0 0 0 0 0 0 0 0 0 0 0 0 0 0 0 0 0 0 0 0 0 0 0 1 0 0 0 0 0 0 0 0 0 0 0 0 0 0 0 0 0 0 0 0 0 0 0 0 0]
[2009554761630204126932402218356885712080824486617209251813248857441997370737757868539001838434307118325017366830702077889629818103558470685575358021344505678228235258689131637497622279003554043045802340268622559847187008233625393982400146928895785518706459151306014278356716137021205069226551055051165 0 0 0 0 0 0 0 0 0 0 0 0 0 0 0 0 0 0 0 0 0 0 0 0 0 0 0 0 0 0 0 0 0 0 0 0 0 0 0 0 0 0 0 0 0 0 0 0 0 0 0 0 0 0 0 0 0 0 0 0 0 0 0 0 0 0 0 0 0 0 0 0 0 0 1 0 0 0 0 0 0 0 0 0 0 0 0 0 0 0 0 0 0 0 0 0 0 0 0]
[1293112680855782918249368467415775110821199248124423432391428535480787115859232171511371560489648082908856607134989811591183724234196634260306278181299916027318687756166212412865187275520398633189390666401090940828462801943889370172057200466297015613671246267510575141394138434230165190519509883494515 0 0 0 0 0 0 0 0 0 0 0 0 0 0 0 0 0 0 0 0 0 0 0 0 0 0 0 0 0 0 0 0 0 0 0 0 0 0 0 0 0 0 0 0 0 0 0 0 0 0 0 0 0 0 0 0 0 0 0 0 0 0 0 0 0 0 0 0 0 0 0 0 0 0 0 1 0 0 0 0 0 0 0 0 0 0 0 0 0 0 0 0 0 0 0 0 0 0 0]
[930662192010227379637439013246140793606968048678601797012065753174925690421538446982666497428434756486873754212571555421555998681456878286299188727205347030887072529636266129120418652867982030137365103190691153751114331043943079563592792482630066596613246999111967229926597708427692196787867280324986 0 0 0 0 0 0 0 0 0 0 0 0 0 0 0 0 0 0 0 0 0 0 0 0 0 0 0 0 0 0 0 0 0 0 0 0 0 0 0 0 0 0 0 0 0 0 0 0 0 0 0 0 0 0 0 0 0 0 0 0 0 0 0 0 0 0 0 0 0 0 0 0 0 0 0 0 1 0 0 0 0 0 0 0 0 0 0 0 0 0 0 0 0 0 0 0 0 0 0]
[3073999229585288953681000490580390316317130451350241388286521258556235107914345647002811074300702857388097877747797504502843409605376274126686370707001123514203893081773161195347942484636606679565807380859550296170910718839813095936490134488124306108792943959097664672629116429046962536561445596265945 0 0 0 0 0 0 0 0 0 0 0 0 0 0 0 0 0 0 0 0 0 0 0 0 0 0 0 0 0 0 0 0 0 0 0 0 0 0 0 0 0 0 0 0 0 0 0 0 0 0 0 0 0 0 0 0 0 0 0 0 0 0 0 0 0 0 0 0 0 0 0 0 0 0 0 0 0 1 0 0 0 0 0 0 0 0 0 0 0 0 0 0 0 0 0 0 0 0 0]
[3664131534402371847288692137231998281343574485465072663468031002903020235646761641783453653254292115911303815777231495409779875721807280509329270178189181164696412937933556442408950432393864954537489508727165125628187925921149320693579285676264312462823733900207740536366934650799301889845128404298711 0 0 0 0 0 0 0 0 0 0 0 0 0 0 0 0 0 0 0 0 0 0 0 0 0 0 0 0 0 0 0 0 0 0 0 0 0 0 0 0 0 0 0 0 0 0 0 0 0 0 0 0 0 0 0 0 0 0 0 0 0 0 0 0 0 0 0 0 0 0 0 0 0 0 0 0 0 0 1 0 0 0 0 0 0 0 0 0 0 0 0 0 0 0 0 0 0 0 0]
[1345474019795527797189869206743012023736449248644816226365335716431716820537303804555385546776245075976958761213265291532762843139006218540968220584228265102478485247478565413299388245803099901667346930994631659869757226317555491490243292271222574432098723054863169114397726120724387192511287269513075 0 0 0 0 0 0 0 0 0 0 0 0 0 0 0 0 0 0 0 0 0 0 0 0 0 0 0 0 0 0 0 0 0 0 0 0 0 0 0 0 0 0 0 0 0 0 0 0 0 0 0 0 0 0 0 0 0 0 0 0 0 0 0 0 0 0 0 0 0 0 0 0 0 0 0 0 0 0 0 1 0 0 0 0 0 0 0 0 0 0 0 0 0 0 0 0 0 0 0]
[7374679167466331730689976070438660283108640269058716677940379698444672035156650857916306587879431778757924642625716414627499881756859374916616350677342740318255959092084324205110376982425830881055633608598697908079994193733891693750204883583698543004494084345606307884389315245570288109199427675459966 0 0 0 0 0 0 0 0 0 0 0 0 0 0 0 0 0 0 0 0 0 0 0 0 0 0 0 0 0 0 0 0 0 0 0 0 0 0 0 0 0 0 0 0 0 0 0 0 0 0 0 0 0 0 0 0 0 0 0 0 0 0 0 0 0 0 0 0 0 0 0 0 0 0 0 0 0 0 0 0 1 0 0 0 0 0 0 0 0 0 0 0 0 0 0 0 0 0 0]
[4997124474026759058637818856493950730868707030281241868923069975231851137983961998980573872629708456027510994008793270321056638498008190428937558161800205299260574895763004642643088514171251306407532230900370951029539687206015548906487824710220522090008776224082139521408283735083845950872264522544176 0 0 0 0 0 0 0 0 0 0 0 0 0 0 0 0 0 0 0 0 0 0 0 0 0 0 0 0 0 0 0 0 0 0 0 0 0 0 0 0 0 0 0 0 0 0 0 0 0 0 0 0 0 0 0 0 0 0 0 0 0 0 0 0 0 0 0 0 0 0 0 0 0 0 0 0 0 0 0 0 0 1 0 0 0 0 0 0 0 0 0 0 0 0 0 0 0 0 0]
[3381131392650765877198953740012759626716618220046433689894114310834909894383920118630573612544702253746518765379559100791930750040174026175186808043305353747794781862585300109785660865646857788998765871441329787178390200562627981633783756229971523705841188621759902749684242863777664673884530884803957 0 0 0 0 0 0 0 0 0 0 0 0 0 0 0 0 0 0 0 0 0 0 0 0 0 0 0 0 0 0 0 0 0 0 0 0 0 0 0 0 0 0 0 0 0 0 0 0 0 0 0 0 0 0 0 0 0 0 0 0 0 0 0 0 0 0 0 0 0 0 0 0 0 0 0 0 0 0 0 0 0 0 1 0 0 0 0 0 0 0 0 0 0 0 0 0 0 0 0]
[3071009346766784585827764782200671146514022606739225209663415047352216145227534616974789191723696708677231386739500764393709610724443381354422613697674139342049874494305334176813323148416473125928175987505615432655211291283175652692256600808988014693988173162844758500577868785914317951330808364880590 0 0 0 0 0 0 0 0 0 0 0 0 0 0 0 0 0 0 0 0 0 0 0 0 0 0 0 0 0 0 0 0 0 0 0 0 0 0 0 0 0 0 0 0 0 0 0 0 0 0 0 0 0 0 0 0 0 0 0 0 0 0 0 0 0 0 0 0 0 0 0 0 0 0 0 0 0 0 0 0 0 0 0 1 0 0 0 0 0 0 0 0 0 0 0 0 0 0 0]
[1154381976151034159037461514590493575023607685415007370453857314006732626105055111044179951152469089514372065569971523230886686517051452921605204552170031568297198506389922756970596874028556082491566453919445262376703598493095980479507988520900438094950110844836478926048889956051266846581313793266962 0 0 0 0 0 0 0 0 0 0 0 0 0 0 0 0 0 0 0 0 0 0 0 0 0 0 0 0 0 0 0 0 0 0 0 0 0 0 0 0 0 0 0 0 0 0 0 0 0 0 0 0 0 0 0 0 0 0 0 0 0 0 0 0 0 0 0 0 0 0 0 0 0 0 0 0 0 0 0 0 0 0 0 0 1 0 0 0 0 0 0 0 0 0 0 0 0 0 0]
[1081603108616968198150135833146933960809673138668618078000654699099708249268166420499324230775676633465981286830131334480931397329125117791320404899173386719739286746915546957658521446316931888953927494463451377321353804769453969799041332247494120447340509388900526842214343655523370602406011780512234 0 0 0 0 0 0 0 0 0 0 0 0 0 0 0 0 0 0 0 0 0 0 0 0 0 0 0 0 0 0 0 0 0 0 0 0 0 0 0 0 0 0 0 0 0 0 0 0 0 0 0 0 0 0 0 0 0 0 0 0 0 0 0 0 0 0 0 0 0 0 0 0 0 0 0 0 0 0 0 0 0 0 0 0 0 1 0 0 0 0 0 0 0 0 0 0 0 0 0]
[6795014745438704146259481340732314539079880554200605418513844250443872083670580322710166146511924061248770803927258583346474419026645052087104276860405510018359393872165385560701475778844179732333507607880053390872891442393717159112771376396551797061756606501410615410503233857058409042139935903151889 0 0 0 0 0 0 0 0 0 0 0 0 0 0 0 0 0 0 0 0 0 0 0 0 0 0 0 0 0 0 0 0 0 0 0 0 0 0 0 0 0 0 0 0 0 0 0 0 0 0 0 0 0 0 0 0 0 0 0 0 0 0 0 0 0 0 0 0 0 0 0 0 0 0 0 0 0 0 0 0 0 0 0 0 0 0 1 0 0 0 0 0 0 0 0 0 0 0 0]
[6776596326454843191280693421684284138712212882852173740491651935003206487119435058718242574336975225319712716525897679387168858848655450016657238417435383718574652363576710198482708531216526062024068538897128161766551850641579819767817586020975948073601159217183634039004073483592465226034523827602174 0 0 0 0 0 0 0 0 0 0 0 0 0 0 0 0 0 0 0 0 0 0 0 0 0 0 0 0 0 0 0 0 0 0 0 0 0 0 0 0 0 0 0 0 0 0 0 0 0 0 0 0 0 0 0 0 0 0 0 0 0 0 0 0 0 0 0 0 0 0 0 0 0 0 0 0 0 0 0 0 0 0 0 0 0 0 0 1 0 0 0 0 0 0 0 0 0 0 0]
[1800241396932738627317288341998820259821530325777851150546113642854692427351376123240384607498613739289346308871399148481912127285278322009257588475255949300226139140188947588782726910244387803155335162250236801609145676203174460631870439697459751953077723564560875364664374202670623925874228768294113 0 0 0 0 0 0 0 0 0 0 0 0 0 0 0 0 0 0 0 0 0 0 0 0 0 0 0 0 0 0 0 0 0 0 0 0 0 0 0 0 0 0 0 0 0 0 0 0 0 0 0 0 0 0 0 0 0 0 0 0 0 0 0 0 0 0 0 0 0 0 0 0 0 0 0 0 0 0 0 0 0 0 0 0 0 0 0 0 1 0 0 0 0 0 0 0 0 0 0]
[2843492394553719209065025643222395710286479126074778298572860098716671746468680662406471735043491176429450596706270606340425744427626160997318470702113785316978629868942690316162405302146928735813702406416705837248879305263352063539074756096177092759729192338124845639819436585806205907052634247634264 0 0 0 0 0 0 0 0 0 0 0 0 0 0 0 0 0 0 0 0 0 0 0 0 0 0 0 0 0 0 0 0 0 0 0 0 0 0 0 0 0 0 0 0 0 0 0 0 0 0 0 0 0 0 0 0 0 0 0 0 0 0 0 0 0 0 0 0 0 0 0 0 0 0 0 0 0 0 0 0 0 0 0 0 0 0 0 0 0 1 0 0 0 0 0 0 0 0 0]
[1061120971401206776768414507217630916119397508793223743552925418131557255565879092388813577680089113379106537659787607375531987751945929900947946722443688114217240031621362597250579979230401712507602962875227452426902617283619987217233682970022545291134311161073587990545032234549060927038285645194652 0 0 0 0 0 0 0 0 0 0 0 0 0 0 0 0 0 0 0 0 0 0 0 0 0 0 0 0 0 0 0 0 0 0 0 0 0 0 0 0 0 0 0 0 0 0 0 0 0 0 0 0 0 0 0 0 0 0 0 0 0 0 0 0 0 0 0 0 0 0 0 0 0 0 0 0 0 0 0 0 0 0 0 0 0 0 0 0 0 0 1 0 0 0 0 0 0 0 0]
[961149610322928707356892441203117217014310104224415304869273290857991957125448641346532494402278791641151946310554905880461252876759582622204636189416188748122077847932975753094687289682997607414511593340490224004347628848529289203688317053981046600118381144147736289632594374943940123832686728844999 0 0 0 0 0 0 0 0 0 0 0 0 0 0 0 0 0 0 0 0 0 0 0 0 0 0 0 0 0 0 0 0 0 0 0 0 0 0 0 0 0 0 0 0 0 0 0 0 0 0 0 0 0 0 0 0 0 0 0 0 0 0 0 0 0 0 0 0 0 0 0 0 0 0 0 0 0 0 0 0 0 0 0 0 0 0 0 0 0 0 0 1 0 0 0 0 0 0 0]
[6474840567780274903012552048407250809366073523351551532045577065276177920388537176178302240971640295443427769287366656269384565287715536440817351462762198605675341211259192777244737144227595214323637093573112683942945887761121173488277859071161100119275266310884831541049631999232353675750991593324556 0 0 0 0 0 0 0 0 0 0 0 0 0 0 0 0 0 0 0 0 0 0 0 0 0 0 0 0 0 0 0 0 0 0 0 0 0 0 0 0 0 0 0 0 0 0 0 0 0 0 0 0 0 0 0 0 0 0 0 0 0 0 0 0 0 0 0 0 0 0 0 0 0 0 0 0 0 0 0 0 0 0 0 0 0 0 0 0 0 0 0 0 1 0 0 0 0 0 0]
[1638119680105697817721988917987974541632115650168013868167164514796341584555822652491226105164175530833609362347770537841084305487462770073451423236299198512555214660882298022164563904837340279714024885665948776890349600718043278292629531393658133848992371124919884008836498787973607047903253721675638 0 0 0 0 0 0 0 0 0 0 0 0 0 0 0 0 0 0 0 0 0 0 0 0 0 0 0 0 0 0 0 0 0 0 0 0 0 0 0 0 0 0 0 0 0 0 0 0 0 0 0 0 0 0 0 0 0 0 0 0 0 0 0 0 0 0 0 0 0 0 0 0 0 0 0 0 0 0 0 0 0 0 0 0 0 0 0 0 0 0 0 0 0 1 0 0 0 0 0]
[2926952777752902167279497895881223557308313997490288157532550826822877282562400763211397915231590458562692868288370538714536736613116328853034603076132577397727820090865211793785703446014500155499327194420992391631549438481546117269811854227910865998277283252824527922838728369466440705250257683314033 0 0 0 0 0 0 0 0 0 0 0 0 0 0 0 0 0 0 0 0 0 0 0 0 0 0 0 0 0 0 0 0 0 0 0 0 0 0 0 0 0 0 0 0 0 0 0 0 0 0 0 0 0 0 0 0 0 0 0 0 0 0 0 0 0 0 0 0 0 0 0 0 0 0 0 0 0 0 0 0 0 0 0 0 0 0 0 0 0 0 0 0 0 0 1 0 0 0 0]
[4487618951713875285000244936930001879351900489202704071186112179831977117227405063559322001734219127518991353062589483349964572399104730337137811668857671641249589187787098552355735973637139082516718413383582183747666705553634604006195514288989175395180327079430805808858272503480592217386412967332011 0 0 0 0 0 0 0 0 0 0 0 0 0 0 0 0 0 0 0 0 0 0 0 0 0 0 0 0 0 0 0 0 0 0 0 0 0 0 0 0 0 0 0 0 0 0 0 0 0 0 0 0 0 0 0 0 0 0 0 0 0 0 0 0 0 0 0 0 0 0 0 0 0 0 0 0 0 0 0 0 0 0 0 0 0 0 0 0 0 0 0 0 0 0 0 1 0 0 0]
[2885903273015440093479457711339430345622896108108376540660100394797545081264293956211640449743320803258312564249753849754288656512016796690774446181083467204138161918321926802002994479077612124839358186014667920512699632928278269766168013269980270675608523316878453350738610189649879663651848627302325 0 0 0 0 0 0 0 0 0 0 0 0 0 0 0 0 0 0 0 0 0 0 0 0 0 0 0 0 0 0 0 0 0 0 0 0 0 0 0 0 0 0 0 0 0 0 0 0 0 0 0 0 0 0 0 0 0 0 0 0 0 0 0 0 0 0 0 0 0 0 0 0 0 0 0 0 0 0 0 0 0 0 0 0 0 0 0 0 0 0 0 0 0 0 0 0 1 0 0]
[3129534988279173021169937635031550860852856749441551525566870849098337638965844870112577845130155866511610902647258120535677852204787694330755142303711379919526571666669941094949442759934429064342899651005354574209417363806926775628396871612653679384066221184662501493848385938737220904749950387011643 0 0 0 0 0 0 0 0 0 0 0 0 0 0 0 0 0 0 0 0 0 0 0 0 0 0 0 0 0 0 0 0 0 0 0 0 0 0 0 0 0 0 0 0 0 0 0 0 0 0 0 0 0 0 0 0 0 0 0 0 0 0 0 0 0 0 0 0 0 0 0 0 0 0 0 0 0 0 0 0 0 0 0 0 0 0 0 0 0 0 0 0 0 0 0 0 0 1 0]
[5152587437911726957499321902138381981291715539841588113535734696285253657223778067085891709255773538300807315800717725786279455250339910244912200595148765050193574809244877636334910982688257042522441103410069967886476113858232345643711064403058670521315610119449531438254543530448853312554043920474957 0 0 0 0 0 0 0 0 0 0 0 0 0 0 0 0 0 0 0 0 0 0 0 0 0 0 0 0 0 0 0 0 0 0 0 0 0 0 0 0 0 0 0 0 0 0 0 0 0 0 0 0 0 0 0 0 0 0 0 0 0 0 0 0 0 0 0 0 0 0 0 0 0 0 0 0 0 0 0 0 0 0 0 0 0 0 0 0 0 0 0 0 0 0 0 0 0 0 1]
]
