[[1958573222261749560143636083106917438565026569912388172478569863116499743083455339855149845386463851555759237233804410753 0 0 0 0 0 0 0 0 0 0 0 0 0 0 0 0 0 0 0 0 0 0 0 0 0 0 0 0 0 0 0 0 0 0 0 0 0 0 0]
[444967507559214759905330225851304249273378562474314239474737208758804003768683510967905344010434096455784007642786435424 1 0 0 0 0 0 0 0 0 0 0 0 0 0 0 0 0 0 0 0 0 0 0 0 0 0 0 0 0 0 0 0 0 0 0 0 0 0 0]
[34247245118525923983643196926048216773490674487727391736505990651948340863310906210377942841001227563590806778540042396 0 1 0 0 0 0 0 0 0 0 0 0 0 0 0 0 0 0 0 0 0 0 0 0 0 0 0 0 0 0 0 0 0 0 0 0 0 0 0]
[1334407026725953184874187460306586510626964373978224058329729076067478393483622132820127564360577262781054146088362499847 0 0 1 0 0 0 0 0 0 0 0 0 0 0 0 0 0 0 0 0 0 0 0 0 0 0 0 0 0 0 0 0 0 0 0 0 0 0 0]
[290610310161490060849955311523097472352942862253915672713195771774150996933494669777033455748815582896739668867186803138 0 0 0 1 0 0 0 0 0 0 0 0 0 0 0 0 0 0 0 0 0 0 0 0 0 0 0 0 0 0 0 0 0 0 0 0 0 0 0]
[1260958438702040388981218497209418443841720942408466352476617475435255352007984044459125435044929984198499566676486451621 0 0 0 0 1 0 0 0 0 0 0 0 0 0 0 0 0 0 0 0 0 0 0 0 0 0 0 0 0 0 0 0 0 0 0 0 0 0 0]
[1346236739634816876666327790555115287336895390765650690194949142390593151628397815631229208392849115839969861813744181984 0 0 0 0 0 1 0 0 0 0 0 0 0 0 0 0 0 0 0 0 0 0 0 0 0 0 0 0 0 0 0 0 0 0 0 0 0 0 0]
[1675438365364978119941902393208678358936175552530423458579017733174996106678023936669886876602054080094910629871621693642 0 0 0 0 0 0 1 0 0 0 0 0 0 0 0 0 0 0 0 0 0 0 0 0 0 0 0 0 0 0 0 0 0 0 0 0 0 0 0]
[908217920838567142495165077315098509888646290345549907648234928027028746015553880123686594199790711809425947617059197777 0 0 0 0 0 0 0 1 0 0 0 0 0 0 0 0 0 0 0 0 0 0 0 0 0 0 0 0 0 0 0 0 0 0 0 0 0 0 0]
[1887713941627302451709807745335928468357800854430875453214525505936860907000160855008643853263572158995949624218719914919 0 0 0 0 0 0 0 0 1 0 0 0 0 0 0 0 0 0 0 0 0 0 0 0 0 0 0 0 0 0 0 0 0 0 0 0 0 0 0]
[455032467020192159390176813334789203935637269734466061114196626713476417075969644780340348031893254832352871231297301220 0 0 0 0 0 0 0 0 0 1 0 0 0 0 0 0 0 0 0 0 0 0 0 0 0 0 0 0 0 0 0 0 0 0 0 0 0 0 0]
[1132314933412006552985837857061363400733352491085752691594950659089386562661688274778706313195418750749267434809807286212 0 0 0 0 0 0 0 0 0 0 1 0 0 0 0 0 0 0 0 0 0 0 0 0 0 0 0 0 0 0 0 0 0 0 0 0 0 0 0]
[210965082353737973755451770647726249459107035451125291211941054447751368881181844035527163892909479119533982380745970010 0 0 0 0 0 0 0 0 0 0 0 1 0 0 0 0 0 0 0 0 0 0 0 0 0 0 0 0 0 0 0 0 0 0 0 0 0 0 0]
[1345631287810260011426033483413133251612067716054401163736197146328231981709480393222585907834992067721020134742144705215 0 0 0 0 0 0 0 0 0 0 0 0 1 0 0 0 0 0 0 0 0 0 0 0 0 0 0 0 0 0 0 0 0 0 0 0 0 0 0]
[1593465376522654703725968475430578434820199986221265140977236019486779521720593939373104082003819480096524676007779198119 0 0 0 0 0 0 0 0 0 0 0 0 0 1 0 0 0 0 0 0 0 0 0 0 0 0 0 0 0 0 0 0 0 0 0 0 0 0 0]
[463533256182128905517227006356432211521853741611517001642979086600727624631591659779167199180356951065950488611319681226 0 0 0 0 0 0 0 0 0 0 0 0 0 0 1 0 0 0 0 0 0 0 0 0 0 0 0 0 0 0 0 0 0 0 0 0 0 0 0]
[1245027452926339191579547265264108505810703380648233297140121135786299603365078782089130402755441411194127272272479940197 0 0 0 0 0 0 0 0 0 0 0 0 0 0 0 1 0 0 0 0 0 0 0 0 0 0 0 0 0 0 0 0 0 0 0 0 0 0 0]
[1257719869202934208413647270779410848621008676280557517161214528277422074623910032520988747288924879088203617796099669344 0 0 0 0 0 0 0 0 0 0 0 0 0 0 0 0 1 0 0 0 0 0 0 0 0 0 0 0 0 0 0 0 0 0 0 0 0 0 0]
[624742713808409490578316885079954945739910078028265134965401038698060121269148604315937322949257172159012719863298086142 0 0 0 0 0 0 0 0 0 0 0 0 0 0 0 0 0 1 0 0 0 0 0 0 0 0 0 0 0 0 0 0 0 0 0 0 0 0 0]
[1595627843949976516161718121842867197277831773898260730021927134295428815102233964557801214423634362821087621353952523323 0 0 0 0 0 0 0 0 0 0 0 0 0 0 0 0 0 0 1 0 0 0 0 0 0 0 0 0 0 0 0 0 0 0 0 0 0 0 0]
[1420102213128285080471787998225266627605226236878226849698311662954733153345295925732316686862056071442295988471313617900 0 0 0 0 0 0 0 0 0 0 0 0 0 0 0 0 0 0 0 1 0 0 0 0 0 0 0 0 0 0 0 0 0 0 0 0 0 0 0]
[753137216439428007900581430048409883490899494396153973358671062289944350429645229714431166560752370413032013282392680120 0 0 0 0 0 0 0 0 0 0 0 0 0 0 0 0 0 0 0 0 1 0 0 0 0 0 0 0 0 0 0 0 0 0 0 0 0 0 0]
[269470850510874051942394075159590773748910497204038445066272589655741732256796685396649443992771695659987383503012433774 0 0 0 0 0 0 0 0 0 0 0 0 0 0 0 0 0 0 0 0 0 1 0 0 0 0 0 0 0 0 0 0 0 0 0 0 0 0 0]
[376835011217688611962090226038348098612370684002224187806675113510660173735882228943540866019134812159270063930146627142 0 0 0 0 0 0 0 0 0 0 0 0 0 0 0 0 0 0 0 0 0 0 1 0 0 0 0 0 0 0 0 0 0 0 0 0 0 0 0]
[868177204165234929099177608332753651378520504302142701378318023371960420809166798968602409485178888195765919286714780977 0 0 0 0 0 0 0 0 0 0 0 0 0 0 0 0 0 0 0 0 0 0 0 1 0 0 0 0 0 0 0 0 0 0 0 0 0 0 0]
[435154023067588998518670981214629351106147778779420153587846871580876535448286284970768985463328536723449466153607596360 0 0 0 0 0 0 0 0 0 0 0 0 0 0 0 0 0 0 0 0 0 0 0 0 1 0 0 0 0 0 0 0 0 0 0 0 0 0 0]
[517472871795873475553488012757098750191265089734631914379192630075769562799447037455841537004714226271660340760975177949 0 0 0 0 0 0 0 0 0 0 0 0 0 0 0 0 0 0 0 0 0 0 0 0 0 1 0 0 0 0 0 0 0 0 0 0 0 0 0]
[1297973491792733077811951447900324753642221772664515217772386787141195054688360426650360317945708033721472887059327518853 0 0 0 0 0 0 0 0 0 0 0 0 0 0 0 0 0 0 0 0 0 0 0 0 0 0 1 0 0 0 0 0 0 0 0 0 0 0 0]
[442947136692427373906982301799232981980604780050575729164363970113624603257049906185338584510335284296593726018234097760 0 0 0 0 0 0 0 0 0 0 0 0 0 0 0 0 0 0 0 0 0 0 0 0 0 0 0 1 0 0 0 0 0 0 0 0 0 0 0]
[1695408050880519504329991500552463068076080942505711123724613549493678591528274372009218498305489097637834024611804344070 0 0 0 0 0 0 0 0 0 0 0 0 0 0 0 0 0 0 0 0 0 0 0 0 0 0 0 0 1 0 0 0 0 0 0 0 0 0 0]
[146084285817987692833757865316368799330855958134321151257993670476431274766769198650745008488204412144699181985972745678 0 0 0 0 0 0 0 0 0 0 0 0 0 0 0 0 0 0 0 0 0 0 0 0 0 0 0 0 0 1 0 0 0 0 0 0 0 0 0]
[411078573064494300780960935894784430697661466356556479109614946717568470387074389967543322948526626799247808571504797625 0 0 0 0 0 0 0 0 0 0 0 0 0 0 0 0 0 0 0 0 0 0 0 0 0 0 0 0 0 0 1 0 0 0 0 0 0 0 0]
[1881215433843253468761016141744696266407885830306208959351807299480186789698079824422103940997779161418520441825283144003 0 0 0 0 0 0 0 0 0 0 0 0 0 0 0 0 0 0 0 0 0 0 0 0 0 0 0 0 0 0 0 1 0 0 0 0 0 0 0]
[403838937749221104617889695978738806443200916696521619709633750162591490271764537437641323019864636442880727799473337947 0 0 0 0 0 0 0 0 0 0 0 0 0 0 0 0 0 0 0 0 0 0 0 0 0 0 0 0 0 0 0 0 1 0 0 0 0 0 0]
[105000239454128351719731945680072359841016385949026060399658222208115254709133108443066881344415714535471997379644233656 0 0 0 0 0 0 0 0 0 0 0 0 0 0 0 0 0 0 0 0 0 0 0 0 0 0 0 0 0 0 0 0 0 1 0 0 0 0 0]
[1548887145788100053424272211174748053863453408151500291349843445892487346166111805514028874493022434849222303969943634594 0 0 0 0 0 0 0 0 0 0 0 0 0 0 0 0 0 0 0 0 0 0 0 0 0 0 0 0 0 0 0 0 0 0 1 0 0 0 0]
[100220046674231289452063372864258956792788366309941998804287431667028824867832895833845118680454060784021568731840739854 0 0 0 0 0 0 0 0 0 0 0 0 0 0 0 0 0 0 0 0 0 0 0 0 0 0 0 0 0 0 0 0 0 0 0 1 0 0 0]
[362998472859224527993370902420526468959906838028350287540288164146126908790774167984150501504155839999202634461173116016 0 0 0 0 0 0 0 0 0 0 0 0 0 0 0 0 0 0 0 0 0 0 0 0 0 0 0 0 0 0 0 0 0 0 0 0 1 0 0]
[602470624903452654405604360710672443342246869426676925542246003849758332771391761047074679488585190006513547209090991267 0 0 0 0 0 0 0 0 0 0 0 0 0 0 0 0 0 0 0 0 0 0 0 0 0 0 0 0 0 0 0 0 0 0 0 0 0 1 0]
[829006823823256451433033738505069017809102111265634754633622825902115165990500958661834182109752335605361095384450417836 0 0 0 0 0 0 0 0 0 0 0 0 0 0 0 0 0 0 0 0 0 0 0 0 0 0 0 0 0 0 0 0 0 0 0 0 0 0 1]
]
