[[3077113243498438690632545883330653370972782483181028148113533427319781874971980966203013297654784779546392678145084921619302878658189969624678283135558990385621715908818667293514627 0 0 0 0 0 0 0 0 0 0 0 0 0 0 0 0 0 0 0 0 0 0 0 0 0 0 0 0 0 0 0 0 0 0 0 0 0 0 0 0 0 0 0 0 0 0 0 0 0 0 0 0 0 0 0 0 0 0 0]
[451555060339172315639950837239765082316600424811163877493569681137989172577985634892750914292626264011296551906026103572702527459610383593946529257228031153734899179484235950355692 1 0 0 0 0 0 0 0 0 0 0 0 0 0 0 0 0 0 0 0 0 0 0 0 0 0 0 0 0 0 0 0 0 0 0 0 0 0 0 0 0 0 0 0 0 0 0 0 0 0 0 0 0 0 0 0 0 0 0]
[152527474500305672823630139185256524883175549426795376593714829514698835133770020945920217962599023143019937450912401933744387823118889566368354831078665554887071759720807298553156 0 1 0 0 0 0 0 0 0 0 0 0 0 0 0 0 0 0 0 0 0 0 0 0 0 0 0 0 0 0 0 0 0 0 0 0 0 0 0 0 0 0 0 0 0 0 0 0 0 0 0 0 0 0 0 0 0 0 0]
[1625862130116767584298251502119666148098717906742194397672859716328613344449217297995751220356859195083284639846243671481195941294692093825314377874864829113494294317945007217846914 0 0 1 0 0 0 0 0 0 0 0 0 0 0 0 0 0 0 0 0 0 0 0 0 0 0 0 0 0 0 0 0 0 0 0 0 0 0 0 0 0 0 0 0 0 0 0 0 0 0 0 0 0 0 0 0 0 0 0]
[1654079277633231342685989324799353404730282498553159805829442806080336833708322784321373774534430423774529981481073158537998695409459351588934544229831956230774921106397439903911665 0 0 0 1 0 0 0 0 0 0 0 0 0 0 0 0 0 0 0 0 0 0 0 0 0 0 0 0 0 0 0 0 0 0 0 0 0 0 0 0 0 0 0 0 0 0 0 0 0 0 0 0 0 0 0 0 0 0 0]
[1154157435132788549550417615920165341533454330471745911368169961370721091108589948630678042291477759188100952217929796131921521303609501246089136593789825072103472257244544195761970 0 0 0 0 1 0 0 0 0 0 0 0 0 0 0 0 0 0 0 0 0 0 0 0 0 0 0 0 0 0 0 0 0 0 0 0 0 0 0 0 0 0 0 0 0 0 0 0 0 0 0 0 0 0 0 0 0 0 0]
[327423588968160698185711070030895276100953492096232007678803966236695221104870516399944664995780435530690159166659777223195425114395410218458248578080787189147829877773811536597861 0 0 0 0 0 1 0 0 0 0 0 0 0 0 0 0 0 0 0 0 0 0 0 0 0 0 0 0 0 0 0 0 0 0 0 0 0 0 0 0 0 0 0 0 0 0 0 0 0 0 0 0 0 0 0 0 0 0 0]
[1502483585823243581999548731898185510697231393598210177977383320620670911620992819332061502195893576511743577271225302811768371880424643761357112473291565237773349415446378422151105 0 0 0 0 0 0 1 0 0 0 0 0 0 0 0 0 0 0 0 0 0 0 0 0 0 0 0 0 0 0 0 0 0 0 0 0 0 0 0 0 0 0 0 0 0 0 0 0 0 0 0 0 0 0 0 0 0 0 0]
[2271118162709570055590377315102335232704781413792161067848905768494261435672465914975705785626825985612987554621778535964486917504257090160019641297059559787626281043577676193948748 0 0 0 0 0 0 0 1 0 0 0 0 0 0 0 0 0 0 0 0 0 0 0 0 0 0 0 0 0 0 0 0 0 0 0 0 0 0 0 0 0 0 0 0 0 0 0 0 0 0 0 0 0 0 0 0 0 0 0]
[1051888564099151084368830668386336712286967731591425386693510443703852630503567115993646464778035391931092500038467219686958912347904474468406492440692819349303968167091321675451979 0 0 0 0 0 0 0 0 1 0 0 0 0 0 0 0 0 0 0 0 0 0 0 0 0 0 0 0 0 0 0 0 0 0 0 0 0 0 0 0 0 0 0 0 0 0 0 0 0 0 0 0 0 0 0 0 0 0 0]
[1292140074961550471481920459387101481525289656721072037458886824927562627145428503702199131933686155212587092075712817739977781582985150542014480599566758976234290298408566882173377 0 0 0 0 0 0 0 0 0 1 0 0 0 0 0 0 0 0 0 0 0 0 0 0 0 0 0 0 0 0 0 0 0 0 0 0 0 0 0 0 0 0 0 0 0 0 0 0 0 0 0 0 0 0 0 0 0 0 0]
[1982302912280288903471537983706252585001107086444561554218591518497389101574729270200739423423955592686811691120557312280610632551958609563757269093663764316503147431534256597748718 0 0 0 0 0 0 0 0 0 0 1 0 0 0 0 0 0 0 0 0 0 0 0 0 0 0 0 0 0 0 0 0 0 0 0 0 0 0 0 0 0 0 0 0 0 0 0 0 0 0 0 0 0 0 0 0 0 0 0]
[2747085490155651194201270404249243421456822644460599158475457551095700448136821204932354224751655309875386592064896069628584180908877467760870295296224711602957607717836458514510989 0 0 0 0 0 0 0 0 0 0 0 1 0 0 0 0 0 0 0 0 0 0 0 0 0 0 0 0 0 0 0 0 0 0 0 0 0 0 0 0 0 0 0 0 0 0 0 0 0 0 0 0 0 0 0 0 0 0 0]
[1235585766357854806042602259019106836930034976681266497734949631148780095522190353767433029810028905731051988458289910046360785064638530872584989496463973935340258538401116325697649 0 0 0 0 0 0 0 0 0 0 0 0 1 0 0 0 0 0 0 0 0 0 0 0 0 0 0 0 0 0 0 0 0 0 0 0 0 0 0 0 0 0 0 0 0 0 0 0 0 0 0 0 0 0 0 0 0 0 0]
[2802495284580218773560036896921998958748089016229201150475586295092242634063309303914927285489447945003223693269342394925196735831884220964408538381546493081592853888880512103229477 0 0 0 0 0 0 0 0 0 0 0 0 0 1 0 0 0 0 0 0 0 0 0 0 0 0 0 0 0 0 0 0 0 0 0 0 0 0 0 0 0 0 0 0 0 0 0 0 0 0 0 0 0 0 0 0 0 0 0]
[2606739092299232119038469105849101041848569895240229140206426691293950824428951889317285852902910766061440230193423886498323405287235139178964270295403453809231170472379037204828498 0 0 0 0 0 0 0 0 0 0 0 0 0 0 1 0 0 0 0 0 0 0 0 0 0 0 0 0 0 0 0 0 0 0 0 0 0 0 0 0 0 0 0 0 0 0 0 0 0 0 0 0 0 0 0 0 0 0 0]
[344919917035891203650247413462867519552477463014514650126922759400726488856369257604149946963444950310776797262055927793215437603781473636486950660880428338083332240880637677677394 0 0 0 0 0 0 0 0 0 0 0 0 0 0 0 1 0 0 0 0 0 0 0 0 0 0 0 0 0 0 0 0 0 0 0 0 0 0 0 0 0 0 0 0 0 0 0 0 0 0 0 0 0 0 0 0 0 0 0]
[1991874080089572620285975898628372601806471355782805024355225302082206836578523133350041054617760261739117956247910945168015148242537276216584493356181136271167114950704339306589037 0 0 0 0 0 0 0 0 0 0 0 0 0 0 0 0 1 0 0 0 0 0 0 0 0 0 0 0 0 0 0 0 0 0 0 0 0 0 0 0 0 0 0 0 0 0 0 0 0 0 0 0 0 0 0 0 0 0 0]
[388258679540300264152177379083380104183626865788477387066131790918710862913121600703741236640232262004842582705704105588330098914058253062443152661815911901435336553993877512102129 0 0 0 0 0 0 0 0 0 0 0 0 0 0 0 0 0 1 0 0 0 0 0 0 0 0 0 0 0 0 0 0 0 0 0 0 0 0 0 0 0 0 0 0 0 0 0 0 0 0 0 0 0 0 0 0 0 0 0]
[1035894708181585659689838891986984176724844843901990395639100474001712608788425787661420087131324185620461582155665696311967042401903795266818172732265265098986667161813987211183975 0 0 0 0 0 0 0 0 0 0 0 0 0 0 0 0 0 0 1 0 0 0 0 0 0 0 0 0 0 0 0 0 0 0 0 0 0 0 0 0 0 0 0 0 0 0 0 0 0 0 0 0 0 0 0 0 0 0 0]
[66614162153867477960969778654697250501940501391009123460730832688864371159434339936158387709892066136495235200865520150466196976805846440794923247554462065980172128674935741768414 0 0 0 0 0 0 0 0 0 0 0 0 0 0 0 0 0 0 0 1 0 0 0 0 0 0 0 0 0 0 0 0 0 0 0 0 0 0 0 0 0 0 0 0 0 0 0 0 0 0 0 0 0 0 0 0 0 0 0]
[2706990093501215691946901579170847916781830053553682545703006242485046735631062403686858747697490476689197869405501980002221560538607151619543300993906036372239743389739837038041029 0 0 0 0 0 0 0 0 0 0 0 0 0 0 0 0 0 0 0 0 1 0 0 0 0 0 0 0 0 0 0 0 0 0 0 0 0 0 0 0 0 0 0 0 0 0 0 0 0 0 0 0 0 0 0 0 0 0 0]
[159785764230420068239732926528460676302318991755417561590981391499739056099668195532722474571241218478993745915314063063995609618535747190803111055836100239341425438853243213550966 0 0 0 0 0 0 0 0 0 0 0 0 0 0 0 0 0 0 0 0 0 1 0 0 0 0 0 0 0 0 0 0 0 0 0 0 0 0 0 0 0 0 0 0 0 0 0 0 0 0 0 0 0 0 0 0 0 0 0]
[795471211819808421611615551318876825067372806698620374598483356894124561449509325005783103004581674101405162884943307696183418522305322600218222440738615365501045435755007390389714 0 0 0 0 0 0 0 0 0 0 0 0 0 0 0 0 0 0 0 0 0 0 1 0 0 0 0 0 0 0 0 0 0 0 0 0 0 0 0 0 0 0 0 0 0 0 0 0 0 0 0 0 0 0 0 0 0 0 0]
[1547150970539505418226304178289739252591841498458099364495246069496319072549713472012696345583915797580203295622274091922075944231584498205892254790486928803552477857991664527447545 0 0 0 0 0 0 0 0 0 0 0 0 0 0 0 0 0 0 0 0 0 0 0 1 0 0 0 0 0 0 0 0 0 0 0 0 0 0 0 0 0 0 0 0 0 0 0 0 0 0 0 0 0 0 0 0 0 0 0]
[2918258582609336790063986186597356544460278724864166288402199416153767512376305587957602497348491887375839962402620276970586768997228383413334205580767481559024692991199564271224179 0 0 0 0 0 0 0 0 0 0 0 0 0 0 0 0 0 0 0 0 0 0 0 0 1 0 0 0 0 0 0 0 0 0 0 0 0 0 0 0 0 0 0 0 0 0 0 0 0 0 0 0 0 0 0 0 0 0 0]
[2828468679643996452583595831262066020989999899101752773205495343078051515775651026487730372334946360768841581148869787328241229433327576420373406460675150189634748078312409353626879 0 0 0 0 0 0 0 0 0 0 0 0 0 0 0 0 0 0 0 0 0 0 0 0 0 1 0 0 0 0 0 0 0 0 0 0 0 0 0 0 0 0 0 0 0 0 0 0 0 0 0 0 0 0 0 0 0 0 0]
[2504116443024566161758244988851098113168297538724127033665784533339054627711905431387538103016631238392306649212253141393327374104033993096511043647447288836846756410819901439339161 0 0 0 0 0 0 0 0 0 0 0 0 0 0 0 0 0 0 0 0 0 0 0 0 0 0 1 0 0 0 0 0 0 0 0 0 0 0 0 0 0 0 0 0 0 0 0 0 0 0 0 0 0 0 0 0 0 0 0]
[294843918142902187518739557921184255353537186778209490290338297004531231289710367580395342685120931814490094313482551530638248936705885301432210137384504218822535184475444223380911 0 0 0 0 0 0 0 0 0 0 0 0 0 0 0 0 0 0 0 0 0 0 0 0 0 0 0 1 0 0 0 0 0 0 0 0 0 0 0 0 0 0 0 0 0 0 0 0 0 0 0 0 0 0 0 0 0 0 0]
[1513946269766021475674083980916285963512108083571407946493076867745555171549641975958603478979302969296542050301675426661009659998389475100507390379210529183018035796662179538238842 0 0 0 0 0 0 0 0 0 0 0 0 0 0 0 0 0 0 0 0 0 0 0 0 0 0 0 0 1 0 0 0 0 0 0 0 0 0 0 0 0 0 0 0 0 0 0 0 0 0 0 0 0 0 0 0 0 0 0]
[2373561949581732936542160896074871484645542177276513340866756878689389549285934475426027937904238777011370208767744816753274896918019311467800286520062819323195205377986192966790674 0 0 0 0 0 0 0 0 0 0 0 0 0 0 0 0 0 0 0 0 0 0 0 0 0 0 0 0 0 1 0 0 0 0 0 0 0 0 0 0 0 0 0 0 0 0 0 0 0 0 0 0 0 0 0 0 0 0 0]
[33417913556580920457547342821515185211599793503808862970551959243001938139688301208809769134328450247732137067627401342819268475120382809473368926133471224592688925518153575431287 0 0 0 0 0 0 0 0 0 0 0 0 0 0 0 0 0 0 0 0 0 0 0 0 0 0 0 0 0 0 1 0 0 0 0 0 0 0 0 0 0 0 0 0 0 0 0 0 0 0 0 0 0 0 0 0 0 0 0]
[10987754166783466695917155637897238768473758235220228097301815878943993939581010544916140688890912333787812622687158637837386819617002857494531607477337423739422908721023735166901 0 0 0 0 0 0 0 0 0 0 0 0 0 0 0 0 0 0 0 0 0 0 0 0 0 0 0 0 0 0 0 1 0 0 0 0 0 0 0 0 0 0 0 0 0 0 0 0 0 0 0 0 0 0 0 0 0 0 0]
[1923956856924104318843842043080924743660082477530230966222952024358111584731715656073847072215126992341052024892014424779208666026697015483420680611851989312555191332791883761933714 0 0 0 0 0 0 0 0 0 0 0 0 0 0 0 0 0 0 0 0 0 0 0 0 0 0 0 0 0 0 0 0 1 0 0 0 0 0 0 0 0 0 0 0 0 0 0 0 0 0 0 0 0 0 0 0 0 0 0]
[1482054633888377058717637854545565041747622672428620392357766643909221092908894958546241244538324125609583858862596229395400656732825805520448460741581493792092583000779936222566460 0 0 0 0 0 0 0 0 0 0 0 0 0 0 0 0 0 0 0 0 0 0 0 0 0 0 0 0 0 0 0 0 0 1 0 0 0 0 0 0 0 0 0 0 0 0 0 0 0 0 0 0 0 0 0 0 0 0 0]
[612672879905040511326627922377337520237338201776751730773783437571928590725151337831583651784059121640690867409974263583479435066127879615600043693550943053273354872958999735040129 0 0 0 0 0 0 0 0 0 0 0 0 0 0 0 0 0 0 0 0 0 0 0 0 0 0 0 0 0 0 0 0 0 0 1 0 0 0 0 0 0 0 0 0 0 0 0 0 0 0 0 0 0 0 0 0 0 0 0]
[1079235266579749297570179791305346466303329805635305691592729678572630879898736474240102234641467021092004254866231354095230826154474123440267118207548688908562144711219304445166044 0 0 0 0 0 0 0 0 0 0 0 0 0 0 0 0 0 0 0 0 0 0 0 0 0 0 0 0 0 0 0 0 0 0 0 1 0 0 0 0 0 0 0 0 0 0 0 0 0 0 0 0 0 0 0 0 0 0 0]
[510886312198681203521758262157903349381139119480523960939868000675361601289298658288841447931613247664489681472814595730866913259071346725494371760232225825279584922554066286611454 0 0 0 0 0 0 0 0 0 0 0 0 0 0 0 0 0 0 0 0 0 0 0 0 0 0 0 0 0 0 0 0 0 0 0 0 1 0 0 0 0 0 0 0 0 0 0 0 0 0 0 0 0 0 0 0 0 0 0]
[364282711636335877315893969509374982348171307146732064310095886931173831381378339685449047332921659160691812624686595177655791804935360192406886700583099462373767716026509958742181 0 0 0 0 0 0 0 0 0 0 0 0 0 0 0 0 0 0 0 0 0 0 0 0 0 0 0 0 0 0 0 0 0 0 0 0 0 1 0 0 0 0 0 0 0 0 0 0 0 0 0 0 0 0 0 0 0 0 0]
[1029493985312406728658595727542319848741694400606019306704756354361344712117059241917230976522147166889242721625468178752842094123787512588616183074907402826544269562950263598901959 0 0 0 0 0 0 0 0 0 0 0 0 0 0 0 0 0 0 0 0 0 0 0 0 0 0 0 0 0 0 0 0 0 0 0 0 0 0 1 0 0 0 0 0 0 0 0 0 0 0 0 0 0 0 0 0 0 0 0]
[2374509932703246898757426391342106904005122757909690423652292185721163697394596881506275907426885238804574427852947602338486851587416902740064052325406112892330687976681834653389670 0 0 0 0 0 0 0 0 0 0 0 0 0 0 0 0 0 0 0 0 0 0 0 0 0 0 0 0 0 0 0 0 0 0 0 0 0 0 0 1 0 0 0 0 0 0 0 0 0 0 0 0 0 0 0 0 0 0 0]
[120113364028777394875346487767459597632244897163503935064807405787766926042169523673389548745850546311130863986978640184000473216711664328296164150075737813355737610901030540468312 0 0 0 0 0 0 0 0 0 0 0 0 0 0 0 0 0 0 0 0 0 0 0 0 0 0 0 0 0 0 0 0 0 0 0 0 0 0 0 0 1 0 0 0 0 0 0 0 0 0 0 0 0 0 0 0 0 0 0]
[62155315166006654243076113096683953872739812875001727108226537996291213745440756065084870760422097305921964178392199797930872350802309597620279224899637542348065439023540204753409 0 0 0 0 0 0 0 0 0 0 0 0 0 0 0 0 0 0 0 0 0 0 0 0 0 0 0 0 0 0 0 0 0 0 0 0 0 0 0 0 0 1 0 0 0 0 0 0 0 0 0 0 0 0 0 0 0 0 0]
[2835269250532787924602856246752377002453005372627093047498057518461755856011667588651868559143232344743593738908913058515146606157122558764743053130075029804975736770380656448805591 0 0 0 0 0 0 0 0 0 0 0 0 0 0 0 0 0 0 0 0 0 0 0 0 0 0 0 0 0 0 0 0 0 0 0 0 0 0 0 0 0 0 1 0 0 0 0 0 0 0 0 0 0 0 0 0 0 0 0]
[2788169108315799087290548040104037864659935743955192522868426164844784931482985245061363333040637752858238293054082341636944156430433991594315099677758157860028510442139515610538113 0 0 0 0 0 0 0 0 0 0 0 0 0 0 0 0 0 0 0 0 0 0 0 0 0 0 0 0 0 0 0 0 0 0 0 0 0 0 0 0 0 0 0 1 0 0 0 0 0 0 0 0 0 0 0 0 0 0 0]
[2453895970101315179241710396803248689941220674283041123851841672872646854958517806229964087782303403676539931594186175488432821120029559426587035438177397152945332470940104298732556 0 0 0 0 0 0 0 0 0 0 0 0 0 0 0 0 0 0 0 0 0 0 0 0 0 0 0 0 0 0 0 0 0 0 0 0 0 0 0 0 0 0 0 0 1 0 0 0 0 0 0 0 0 0 0 0 0 0 0]
[623061491495144569427835710792013930939404038080427694444776955308246768123676279261091563463066269571704819930024111640314232247874861392006078415830440984754009517307880900444126 0 0 0 0 0 0 0 0 0 0 0 0 0 0 0 0 0 0 0 0 0 0 0 0 0 0 0 0 0 0 0 0 0 0 0 0 0 0 0 0 0 0 0 0 0 1 0 0 0 0 0 0 0 0 0 0 0 0 0]
[2407107932691413353277402939416009897563883621502608211528085962969131079996495610028064316431190633075129427697366997920288553519572379298048201412125762915591097039602231789989613 0 0 0 0 0 0 0 0 0 0 0 0 0 0 0 0 0 0 0 0 0 0 0 0 0 0 0 0 0 0 0 0 0 0 0 0 0 0 0 0 0 0 0 0 0 0 1 0 0 0 0 0 0 0 0 0 0 0 0]
[141283111895846958389175827332351975600099472169372662841562685966747732285862659094174013849487408472998105647206921834973700764070512430168920764420413924092371067086299919695286 0 0 0 0 0 0 0 0 0 0 0 0 0 0 0 0 0 0 0 0 0 0 0 0 0 0 0 0 0 0 0 0 0 0 0 0 0 0 0 0 0 0 0 0 0 0 0 1 0 0 0 0 0 0 0 0 0 0 0]
[2098682519271854998173881714064349594623706818422297081590869743640305796756833698970358283221016801746530223854338311877648436938427695649737655969720019968281143621596710648613311 0 0 0 0 0 0 0 0 0 0 0 0 0 0 0 0 0 0 0 0 0 0 0 0 0 0 0 0 0 0 0 0 0 0 0 0 0 0 0 0 0 0 0 0 0 0 0 0 1 0 0 0 0 0 0 0 0 0 0]
[2959395524256176071065305026670821054837504488679017996496946024902659328762718705295485548337939586368451700055493826831915834185129107732527509845213346130722640795563022318165347 0 0 0 0 0 0 0 0 0 0 0 0 0 0 0 0 0 0 0 0 0 0 0 0 0 0 0 0 0 0 0 0 0 0 0 0 0 0 0 0 0 0 0 0 0 0 0 0 0 1 0 0 0 0 0 0 0 0 0]
[165474947824283546737449933928216061835101438744401979586495438675977267046201745258882578492359803040280228912917536370645285450207572691210068630134555819161477037156228461700227 0 0 0 0 0 0 0 0 0 0 0 0 0 0 0 0 0 0 0 0 0 0 0 0 0 0 0 0 0 0 0 0 0 0 0 0 0 0 0 0 0 0 0 0 0 0 0 0 0 0 1 0 0 0 0 0 0 0 0]
[2980670907099009143638695269889600079495159110698503787481718067452643416913683668688603181240577760953978012240374645272046855257055148301919779733990904396963922620477617814818379 0 0 0 0 0 0 0 0 0 0 0 0 0 0 0 0 0 0 0 0 0 0 0 0 0 0 0 0 0 0 0 0 0 0 0 0 0 0 0 0 0 0 0 0 0 0 0 0 0 0 0 1 0 0 0 0 0 0 0]
[895572439928558353503011861187366300510087736953948397045539880242096745153794878016593209879015704929935857745846696317222567095310450543323622792598949039742600329024110954073725 0 0 0 0 0 0 0 0 0 0 0 0 0 0 0 0 0 0 0 0 0 0 0 0 0 0 0 0 0 0 0 0 0 0 0 0 0 0 0 0 0 0 0 0 0 0 0 0 0 0 0 0 1 0 0 0 0 0 0]
[1995898397150300539388072493486055749314862183116116435292089729798956125220259940385063298346818205959241407528574214794825524245102817339891387193875142785741760571001732750639870 0 0 0 0 0 0 0 0 0 0 0 0 0 0 0 0 0 0 0 0 0 0 0 0 0 0 0 0 0 0 0 0 0 0 0 0 0 0 0 0 0 0 0 0 0 0 0 0 0 0 0 0 0 1 0 0 0 0 0]
[2974440191071352521408753751806014466113946054146148247416365707934710892949793330227020883183882429222754219611645221221948584756277799456964570869869152593876999711625435932023725 0 0 0 0 0 0 0 0 0 0 0 0 0 0 0 0 0 0 0 0 0 0 0 0 0 0 0 0 0 0 0 0 0 0 0 0 0 0 0 0 0 0 0 0 0 0 0 0 0 0 0 0 0 0 1 0 0 0 0]
[2657101937822669796356265505888396583481016816784949956577740305808352037796071253705150255397085555460226330339103251710496747285328438335587190106042334557640467159091586506591795 0 0 0 0 0 0 0 0 0 0 0 0 0 0 0 0 0 0 0 0 0 0 0 0 0 0 0 0 0 0 0 0 0 0 0 0 0 0 0 0 0 0 0 0 0 0 0 0 0 0 0 0 0 0 0 1 0 0 0]
[2776236694432760171796672402884866795278680091965803295112648835563492365437021079846086154782279710524174726805884939431795201406270332874137110666540363739887403420901419119928908 0 0 0 0 0 0 0 0 0 0 0 0 0 0 0 0 0 0 0 0 0 0 0 0 0 0 0 0 0 0 0 0 0 0 0 0 0 0 0 0 0 0 0 0 0 0 0 0 0 0 0 0 0 0 0 0 1 0 0]
[371658126441127758755635798079655315811349207214374069283383703107980628952551216405649163314908732794096446701716042912095474097058426253996249709822085113958110992565966493554516 0 0 0 0 0 0 0 0 0 0 0 0 0 0 0 0 0 0 0 0 0 0 0 0 0 0 0 0 0 0 0 0 0 0 0 0 0 0 0 0 0 0 0 0 0 0 0 0 0 0 0 0 0 0 0 0 0 1 0]
[574790545355806373550954044670204615077699570448009287488679548751418643732957723028948933540282457056635180983285466062494972996404571156490957933516137851571643147893008055661821 0 0 0 0 0 0 0 0 0 0 0 0 0 0 0 0 0 0 0 0 0 0 0 0 0 0 0 0 0 0 0 0 0 0 0 0 0 0 0 0 0 0 0 0 0 0 0 0 0 0 0 0 0 0 0 0 0 0 1]
]
