[[6402027092447894986786424176748074487534087605158985248377273415842170993953454452749374864725318636449527811657231837339506919462253706765404387307909322994622773087693285616656780814526270259460858633460711502692975970966358907510984742711938031078882209638834806514003 0 0 0 0 0 0 0 0 0 0 0 0 0 0 0 0 0 0 0 0 0 0 0 0 0 0 0 0 0 0 0 0 0 0 0 0 0 0 0 0 0 0 0 0 0 0 0 0 0 0 0 0 0 0 0 0 0 0 0 0 0 0 0 0 0 0 0 0 0 0 0 0 0 0 0 0 0 0 0 0 0 0 0 0 0 0 0 0 0]
[887132257268607822170891789196741058125668140679159277834178300712737847246867265022656764255636720683841241514799156875446840045693485797720388255654723553478773014361473649048875017385224190547147384936596145817637507510535797271483781214349762452266606355387841398731 1 0 0 0 0 0 0 0 0 0 0 0 0 0 0 0 0 0 0 0 0 0 0 0 0 0 0 0 0 0 0 0 0 0 0 0 0 0 0 0 0 0 0 0 0 0 0 0 0 0 0 0 0 0 0 0 0 0 0 0 0 0 0 0 0 0 0 0 0 0 0 0 0 0 0 0 0 0 0 0 0 0 0 0 0 0 0 0 0]
[3129577381491053800514474411273067148579891787665126934820762292687967836354041758019011430301990017226222102245752752852100550574602634159796132175547758368759421047556904416981546303934291744701448189140696544356264561834004813692954978027129108824139467855925017684375 0 1 0 0 0 0 0 0 0 0 0 0 0 0 0 0 0 0 0 0 0 0 0 0 0 0 0 0 0 0 0 0 0 0 0 0 0 0 0 0 0 0 0 0 0 0 0 0 0 0 0 0 0 0 0 0 0 0 0 0 0 0 0 0 0 0 0 0 0 0 0 0 0 0 0 0 0 0 0 0 0 0 0 0 0 0 0 0 0]
[2471561833851163945125331451669649899631245540148795553366990926016755767548625600548893682608450204517290440409237204828601853990563224589088117300137523055070783162160971189656210425355334650447854277266380139549902195838676791665588833839100987689403794125569276203782 0 0 1 0 0 0 0 0 0 0 0 0 0 0 0 0 0 0 0 0 0 0 0 0 0 0 0 0 0 0 0 0 0 0 0 0 0 0 0 0 0 0 0 0 0 0 0 0 0 0 0 0 0 0 0 0 0 0 0 0 0 0 0 0 0 0 0 0 0 0 0 0 0 0 0 0 0 0 0 0 0 0 0 0 0 0 0 0 0]
[4479806510063998865408747360009931209140377794169910091786383253595946000369921891720868816170731104284192261492310908651306462849121882922538483543654622289573423235969605202355940317049556542221697372266798448280822163608369425833762584451309770454561206408579061578862 0 0 0 1 0 0 0 0 0 0 0 0 0 0 0 0 0 0 0 0 0 0 0 0 0 0 0 0 0 0 0 0 0 0 0 0 0 0 0 0 0 0 0 0 0 0 0 0 0 0 0 0 0 0 0 0 0 0 0 0 0 0 0 0 0 0 0 0 0 0 0 0 0 0 0 0 0 0 0 0 0 0 0 0 0 0 0 0 0]
[6295684591938658108127654519333389783203547608069460216291684466192363532420493166648701060412703086432789418632988768471281108019593312235135431635123237716061508655677646092865016277909217672815574517788267749378198127819981955366395455438452667511261417647473534993002 0 0 0 0 1 0 0 0 0 0 0 0 0 0 0 0 0 0 0 0 0 0 0 0 0 0 0 0 0 0 0 0 0 0 0 0 0 0 0 0 0 0 0 0 0 0 0 0 0 0 0 0 0 0 0 0 0 0 0 0 0 0 0 0 0 0 0 0 0 0 0 0 0 0 0 0 0 0 0 0 0 0 0 0 0 0 0 0 0]
[70822919058734086118853297449125632668701731704600137446266931098274369209676349157245423959077049329331411139052223150011785468394684549037989647109741912844092529253070016747459215939105102289179128300719368607952337624908605362357974160758639718991039029667663688185 0 0 0 0 0 1 0 0 0 0 0 0 0 0 0 0 0 0 0 0 0 0 0 0 0 0 0 0 0 0 0 0 0 0 0 0 0 0 0 0 0 0 0 0 0 0 0 0 0 0 0 0 0 0 0 0 0 0 0 0 0 0 0 0 0 0 0 0 0 0 0 0 0 0 0 0 0 0 0 0 0 0 0 0 0 0 0 0 0]
[3565297331496894209831984511411935128887598467607741103725293600008074190288660834866071761925657406381819042044611763771089994826039055128800177527190178403443741749336830669713515713978121135297615663206260329434085404050384327397286222519110368339938239729674218056084 0 0 0 0 0 0 1 0 0 0 0 0 0 0 0 0 0 0 0 0 0 0 0 0 0 0 0 0 0 0 0 0 0 0 0 0 0 0 0 0 0 0 0 0 0 0 0 0 0 0 0 0 0 0 0 0 0 0 0 0 0 0 0 0 0 0 0 0 0 0 0 0 0 0 0 0 0 0 0 0 0 0 0 0 0 0 0 0 0]
[401127183393626562336689606653672697314347429125703114546581228164807827803194854075806642819981465989090502135820437145200199752571492708962780483913789474683778857677541630562787436256810137806554128701651895959177972977287985090648069071577733399226199294577037112787 0 0 0 0 0 0 0 1 0 0 0 0 0 0 0 0 0 0 0 0 0 0 0 0 0 0 0 0 0 0 0 0 0 0 0 0 0 0 0 0 0 0 0 0 0 0 0 0 0 0 0 0 0 0 0 0 0 0 0 0 0 0 0 0 0 0 0 0 0 0 0 0 0 0 0 0 0 0 0 0 0 0 0 0 0 0 0 0 0]
[1712114626315747557220507323657942208678560518875806164554460514483452523467357781846612884975419078211124852195030710339099984845421412244574051492722912146874840403644529963592112747283086448261149503858384894263393488967404419337085571948360749766123793413342474568717 0 0 0 0 0 0 0 0 1 0 0 0 0 0 0 0 0 0 0 0 0 0 0 0 0 0 0 0 0 0 0 0 0 0 0 0 0 0 0 0 0 0 0 0 0 0 0 0 0 0 0 0 0 0 0 0 0 0 0 0 0 0 0 0 0 0 0 0 0 0 0 0 0 0 0 0 0 0 0 0 0 0 0 0 0 0 0 0 0]
[2693933099023745958445048178967576312499851637455726439014070099369049599262577137476128744814396615603587464896492835347663039563855590194356444732093572090480712893575219429094854197995709231563976123196612729112595853726719701505929662482322722461387660724693522128333 0 0 0 0 0 0 0 0 0 1 0 0 0 0 0 0 0 0 0 0 0 0 0 0 0 0 0 0 0 0 0 0 0 0 0 0 0 0 0 0 0 0 0 0 0 0 0 0 0 0 0 0 0 0 0 0 0 0 0 0 0 0 0 0 0 0 0 0 0 0 0 0 0 0 0 0 0 0 0 0 0 0 0 0 0 0 0 0 0]
[4694268028085334486040959163868306086154360824741702215544369590519905575096005645684191483978039637885891335899778687549323525389226492784770012258275543013181947673832783702137127919794193437242584894512231196112393454461824927481223642673493263842179750367884046017313 0 0 0 0 0 0 0 0 0 0 1 0 0 0 0 0 0 0 0 0 0 0 0 0 0 0 0 0 0 0 0 0 0 0 0 0 0 0 0 0 0 0 0 0 0 0 0 0 0 0 0 0 0 0 0 0 0 0 0 0 0 0 0 0 0 0 0 0 0 0 0 0 0 0 0 0 0 0 0 0 0 0 0 0 0 0 0 0 0]
[1460848225655883898598933830487142199585934672452170823854744953119014921965983294206518812432497033135037526494914386537927267382944944349088528444950356621842714991991672127246380523001070530774737501095713475951993744220869766279652796069596576061231020942181905280433 0 0 0 0 0 0 0 0 0 0 0 1 0 0 0 0 0 0 0 0 0 0 0 0 0 0 0 0 0 0 0 0 0 0 0 0 0 0 0 0 0 0 0 0 0 0 0 0 0 0 0 0 0 0 0 0 0 0 0 0 0 0 0 0 0 0 0 0 0 0 0 0 0 0 0 0 0 0 0 0 0 0 0 0 0 0 0 0 0]
[305065412196852760130111533756905005569712917964757172667558658604280714558150962243119009632248261446562234183204656716092895157003606928037659082194124504134356711042999265049759264497357756971744388120899943210248707805778503689245265591260015946334719317614834559223 0 0 0 0 0 0 0 0 0 0 0 0 1 0 0 0 0 0 0 0 0 0 0 0 0 0 0 0 0 0 0 0 0 0 0 0 0 0 0 0 0 0 0 0 0 0 0 0 0 0 0 0 0 0 0 0 0 0 0 0 0 0 0 0 0 0 0 0 0 0 0 0 0 0 0 0 0 0 0 0 0 0 0 0 0 0 0 0 0]
[5783440156581794929015181702840257544759842650249366679445244276167628343946746275746496017997198718288557763145185753190582954913035413185997119448525638255888501153559659820899477093382281553561345970148620471145546996377956287437525521697963566089546575028080373308039 0 0 0 0 0 0 0 0 0 0 0 0 0 1 0 0 0 0 0 0 0 0 0 0 0 0 0 0 0 0 0 0 0 0 0 0 0 0 0 0 0 0 0 0 0 0 0 0 0 0 0 0 0 0 0 0 0 0 0 0 0 0 0 0 0 0 0 0 0 0 0 0 0 0 0 0 0 0 0 0 0 0 0 0 0 0 0 0 0]
[335396206702098695887174590828773885430284269899280865270714617353547950547668228774408237563331203091653386214870655952552010093235047113903066096627149864918849653778406514539668418294402365066082627385628961338956455861289741161797756360821035740410269331101312630828 0 0 0 0 0 0 0 0 0 0 0 0 0 0 1 0 0 0 0 0 0 0 0 0 0 0 0 0 0 0 0 0 0 0 0 0 0 0 0 0 0 0 0 0 0 0 0 0 0 0 0 0 0 0 0 0 0 0 0 0 0 0 0 0 0 0 0 0 0 0 0 0 0 0 0 0 0 0 0 0 0 0 0 0 0 0 0 0 0]
[1878071820115630926507227312838798404649560448807076729673550191108218566100326063516353626697487007303030351890960500996012380279126446439267301773895972261522389358854805575317403816621911678457479120395804888049390662034511981388278304072934293777737019952833499086637 0 0 0 0 0 0 0 0 0 0 0 0 0 0 0 1 0 0 0 0 0 0 0 0 0 0 0 0 0 0 0 0 0 0 0 0 0 0 0 0 0 0 0 0 0 0 0 0 0 0 0 0 0 0 0 0 0 0 0 0 0 0 0 0 0 0 0 0 0 0 0 0 0 0 0 0 0 0 0 0 0 0 0 0 0 0 0 0 0]
[5719203586269917411791436939871000376639617879877901283603705396685961845463219932409129133480050567883666651538945827388775150951288646690448338346813781963497589331821733074703526800738053501666705414543228335449501606409159515474598863289613252385653075227055775148616 0 0 0 0 0 0 0 0 0 0 0 0 0 0 0 0 1 0 0 0 0 0 0 0 0 0 0 0 0 0 0 0 0 0 0 0 0 0 0 0 0 0 0 0 0 0 0 0 0 0 0 0 0 0 0 0 0 0 0 0 0 0 0 0 0 0 0 0 0 0 0 0 0 0 0 0 0 0 0 0 0 0 0 0 0 0 0 0 0]
[332645898377166143445868519803613517825976649716864105334869510988829039711588549699526948340197555453742060350014546119814736450840429473863311041294435021683311559301845362926710957445762183965857219711247748661122087637562922648241640143895204855520855502914018156039 0 0 0 0 0 0 0 0 0 0 0 0 0 0 0 0 0 1 0 0 0 0 0 0 0 0 0 0 0 0 0 0 0 0 0 0 0 0 0 0 0 0 0 0 0 0 0 0 0 0 0 0 0 0 0 0 0 0 0 0 0 0 0 0 0 0 0 0 0 0 0 0 0 0 0 0 0 0 0 0 0 0 0 0 0 0 0 0 0]
[856967462162606770143614706270514537323122208241830131422215332655939437176549391331799998249003654604297026696821057958283843509986190638500417938780575484907907053496221658293132672105504914807287993360059782102356960496343139861006981786419502817389693448534103514417 0 0 0 0 0 0 0 0 0 0 0 0 0 0 0 0 0 0 1 0 0 0 0 0 0 0 0 0 0 0 0 0 0 0 0 0 0 0 0 0 0 0 0 0 0 0 0 0 0 0 0 0 0 0 0 0 0 0 0 0 0 0 0 0 0 0 0 0 0 0 0 0 0 0 0 0 0 0 0 0 0 0 0 0 0 0 0 0 0]
[2998033782665248555565055500181247357771442308439271424066432161317701499655971673578630346416908412440170747928970138778163797780981416262816897129156361306717449337919412258915970486298800856098157845089473936807962250090100585271403767795439204604222298811011849944522 0 0 0 0 0 0 0 0 0 0 0 0 0 0 0 0 0 0 0 1 0 0 0 0 0 0 0 0 0 0 0 0 0 0 0 0 0 0 0 0 0 0 0 0 0 0 0 0 0 0 0 0 0 0 0 0 0 0 0 0 0 0 0 0 0 0 0 0 0 0 0 0 0 0 0 0 0 0 0 0 0 0 0 0 0 0 0 0 0]
[934641378137321747147216610823423457384629128743465386487324948180539027383128801563804094522499741461403550836681415660478347693770112944305601714637210953806846747395536718191702498089495700376312440841775712809014539784111023169856756413575728040153632385304111939034 0 0 0 0 0 0 0 0 0 0 0 0 0 0 0 0 0 0 0 0 1 0 0 0 0 0 0 0 0 0 0 0 0 0 0 0 0 0 0 0 0 0 0 0 0 0 0 0 0 0 0 0 0 0 0 0 0 0 0 0 0 0 0 0 0 0 0 0 0 0 0 0 0 0 0 0 0 0 0 0 0 0 0 0 0 0 0 0 0]
[2280446428452333579181332448019760370704323492873343799150835772257952305438880236814849459948319702528646056510686064300626044535966465780284040324124881427929313989589599932044369030033864082429733576362409975286145057536024830928409460125373425210506889163869955597110 0 0 0 0 0 0 0 0 0 0 0 0 0 0 0 0 0 0 0 0 0 1 0 0 0 0 0 0 0 0 0 0 0 0 0 0 0 0 0 0 0 0 0 0 0 0 0 0 0 0 0 0 0 0 0 0 0 0 0 0 0 0 0 0 0 0 0 0 0 0 0 0 0 0 0 0 0 0 0 0 0 0 0 0 0 0 0 0 0]
[1741465248238908118316171482003668567090453549847826300393945308500128332645812269991337077256318152712197840788008639728630056088901872223558195120772738627305965329328310729071107110737468818344191215758077651905451244165922488686055756901643332393997066808980056891256 0 0 0 0 0 0 0 0 0 0 0 0 0 0 0 0 0 0 0 0 0 0 1 0 0 0 0 0 0 0 0 0 0 0 0 0 0 0 0 0 0 0 0 0 0 0 0 0 0 0 0 0 0 0 0 0 0 0 0 0 0 0 0 0 0 0 0 0 0 0 0 0 0 0 0 0 0 0 0 0 0 0 0 0 0 0 0 0 0]
[2466047574847784647467261723623364764324951423975930744282819096224935388877232627313023416100328251506610891625735333831547914636869409645826354114741849984089857863606306898241607984148680240717989474779158520958022453900698193203164613651303756815846891835212947695388 0 0 0 0 0 0 0 0 0 0 0 0 0 0 0 0 0 0 0 0 0 0 0 1 0 0 0 0 0 0 0 0 0 0 0 0 0 0 0 0 0 0 0 0 0 0 0 0 0 0 0 0 0 0 0 0 0 0 0 0 0 0 0 0 0 0 0 0 0 0 0 0 0 0 0 0 0 0 0 0 0 0 0 0 0 0 0 0 0]
[852049872853778040210347275134380726887608584756715038326418717800013770209513797795049749046199888717687896111657948879304382332938046611413772427861377445083629991821166076554806376008278938290857674313627739122436035730674973198064779935387952488354170039436861790405 0 0 0 0 0 0 0 0 0 0 0 0 0 0 0 0 0 0 0 0 0 0 0 0 1 0 0 0 0 0 0 0 0 0 0 0 0 0 0 0 0 0 0 0 0 0 0 0 0 0 0 0 0 0 0 0 0 0 0 0 0 0 0 0 0 0 0 0 0 0 0 0 0 0 0 0 0 0 0 0 0 0 0 0 0 0 0 0 0]
[3013268884935882544098654482677455744717994249765881051601862058557713598534680410691092261566093567045372028542178874529005283499450643152560652586933698435238091711753092993928876084476616910165931766623526342311045345889743835609255961452206641112134380338763747635959 0 0 0 0 0 0 0 0 0 0 0 0 0 0 0 0 0 0 0 0 0 0 0 0 0 1 0 0 0 0 0 0 0 0 0 0 0 0 0 0 0 0 0 0 0 0 0 0 0 0 0 0 0 0 0 0 0 0 0 0 0 0 0 0 0 0 0 0 0 0 0 0 0 0 0 0 0 0 0 0 0 0 0 0 0 0 0 0 0]
[1601875187383797375120682740520890781209858704607858334538409861812438123928392551334718182129003656547420881165172088892410889785465499175083034261974987434192940461070639967571897879043827876673015181637990906743560540432050655867349761020129119352678455079063124302994 0 0 0 0 0 0 0 0 0 0 0 0 0 0 0 0 0 0 0 0 0 0 0 0 0 0 1 0 0 0 0 0 0 0 0 0 0 0 0 0 0 0 0 0 0 0 0 0 0 0 0 0 0 0 0 0 0 0 0 0 0 0 0 0 0 0 0 0 0 0 0 0 0 0 0 0 0 0 0 0 0 0 0 0 0 0 0 0 0]
[6170842685698437318441532616476987871157429845076053215672772536619005293114011926979747996988987519886775848897100686131212610934359135330708048819735217428608153679803412729031369502549676491725549548922653481893552880562779430415656248210226807800824937840379829974947 0 0 0 0 0 0 0 0 0 0 0 0 0 0 0 0 0 0 0 0 0 0 0 0 0 0 0 1 0 0 0 0 0 0 0 0 0 0 0 0 0 0 0 0 0 0 0 0 0 0 0 0 0 0 0 0 0 0 0 0 0 0 0 0 0 0 0 0 0 0 0 0 0 0 0 0 0 0 0 0 0 0 0 0 0 0 0 0 0]
[204059427886330614600800255405411902496369906677964047889571933334074305896463032130991255781101031630336523568396881479474273809286023096814328689389791366781413249666089054489874899665435568296947165636310623469441434434869917642408436580920824422501714223190229663531 0 0 0 0 0 0 0 0 0 0 0 0 0 0 0 0 0 0 0 0 0 0 0 0 0 0 0 0 1 0 0 0 0 0 0 0 0 0 0 0 0 0 0 0 0 0 0 0 0 0 0 0 0 0 0 0 0 0 0 0 0 0 0 0 0 0 0 0 0 0 0 0 0 0 0 0 0 0 0 0 0 0 0 0 0 0 0 0 0]
[3254339955993726933564573893187286791671752106197831815081805188409619767738903061208199586948572186044147793717378256414732714896931117443688843672830309203431852509090042327559619864896606864946528994841035167862502430683223811560936410657028214672910643428810112682558 0 0 0 0 0 0 0 0 0 0 0 0 0 0 0 0 0 0 0 0 0 0 0 0 0 0 0 0 0 1 0 0 0 0 0 0 0 0 0 0 0 0 0 0 0 0 0 0 0 0 0 0 0 0 0 0 0 0 0 0 0 0 0 0 0 0 0 0 0 0 0 0 0 0 0 0 0 0 0 0 0 0 0 0 0 0 0 0 0]
[3581041495227837428627534105650063140952738196067168094400373220047530406651534364819235666314159160286778616728024972634629930710751119663761301206607402689257472586761147824758432946686670367686841236740725350553640238493609281183584326248919978498623422697581875424683 0 0 0 0 0 0 0 0 0 0 0 0 0 0 0 0 0 0 0 0 0 0 0 0 0 0 0 0 0 0 1 0 0 0 0 0 0 0 0 0 0 0 0 0 0 0 0 0 0 0 0 0 0 0 0 0 0 0 0 0 0 0 0 0 0 0 0 0 0 0 0 0 0 0 0 0 0 0 0 0 0 0 0 0 0 0 0 0 0]
[5281788201649696113563883156445692515515436249609347347314852341688866167222820203021314730106696266701698736577159701738078837821684406170249248078417227355755403925835314706041246743232558752141453308387721718148992638071975542473139332386463655528519043653063767617124 0 0 0 0 0 0 0 0 0 0 0 0 0 0 0 0 0 0 0 0 0 0 0 0 0 0 0 0 0 0 0 1 0 0 0 0 0 0 0 0 0 0 0 0 0 0 0 0 0 0 0 0 0 0 0 0 0 0 0 0 0 0 0 0 0 0 0 0 0 0 0 0 0 0 0 0 0 0 0 0 0 0 0 0 0 0 0 0 0]
[839976706817059644415356892189385670036630402821733759544568083198802965729717681111683917405921684978580459630541619587694928391276753313380556430673760140846304552954178700322657971065099056966734947151481913585856638787779116816866424603208100220096014610995129604261 0 0 0 0 0 0 0 0 0 0 0 0 0 0 0 0 0 0 0 0 0 0 0 0 0 0 0 0 0 0 0 0 1 0 0 0 0 0 0 0 0 0 0 0 0 0 0 0 0 0 0 0 0 0 0 0 0 0 0 0 0 0 0 0 0 0 0 0 0 0 0 0 0 0 0 0 0 0 0 0 0 0 0 0 0 0 0 0 0]
[6066013604336408685537213945939087646770439767353896151479256703876081993248583775844193218248915532485437169349047846388323622930352702416396125592626628117503769237568270159434633801313483373050296713955197506734494962973169088460144912092801703486528533753158767645733 0 0 0 0 0 0 0 0 0 0 0 0 0 0 0 0 0 0 0 0 0 0 0 0 0 0 0 0 0 0 0 0 0 1 0 0 0 0 0 0 0 0 0 0 0 0 0 0 0 0 0 0 0 0 0 0 0 0 0 0 0 0 0 0 0 0 0 0 0 0 0 0 0 0 0 0 0 0 0 0 0 0 0 0 0 0 0 0 0]
[2680590143735550127401162163273878728821613467415360483569814102909631725672390935872169409016842245567190204654320526811206565051369028774584370613533944163712158750603332805781410834170572241253643390275953948926282491253269535814801647600583282585361643715819243645819 0 0 0 0 0 0 0 0 0 0 0 0 0 0 0 0 0 0 0 0 0 0 0 0 0 0 0 0 0 0 0 0 0 0 1 0 0 0 0 0 0 0 0 0 0 0 0 0 0 0 0 0 0 0 0 0 0 0 0 0 0 0 0 0 0 0 0 0 0 0 0 0 0 0 0 0 0 0 0 0 0 0 0 0 0 0 0 0 0]
[356551905249481273513414369471345043556886759600549848095305814600882226606328082889380902116396308018242979532604839971349200981671399102496628815715521029398512150328274140276712110970191706164740104001995429977007896491309288407162888084361120949025961506485838385645 0 0 0 0 0 0 0 0 0 0 0 0 0 0 0 0 0 0 0 0 0 0 0 0 0 0 0 0 0 0 0 0 0 0 0 1 0 0 0 0 0 0 0 0 0 0 0 0 0 0 0 0 0 0 0 0 0 0 0 0 0 0 0 0 0 0 0 0 0 0 0 0 0 0 0 0 0 0 0 0 0 0 0 0 0 0 0 0 0]
[6018225297429824702504378015488149573913900839318055961229001949051246723517026007282632501611557428963308212354441837403649397334555184638461564328887715467954313463586814708815576937283686344849267690649994194842988360741633326032372807242687289824261900016548362477255 0 0 0 0 0 0 0 0 0 0 0 0 0 0 0 0 0 0 0 0 0 0 0 0 0 0 0 0 0 0 0 0 0 0 0 0 1 0 0 0 0 0 0 0 0 0 0 0 0 0 0 0 0 0 0 0 0 0 0 0 0 0 0 0 0 0 0 0 0 0 0 0 0 0 0 0 0 0 0 0 0 0 0 0 0 0 0 0 0]
[5156122827954406443416397805227448545209385004598427154222228164343764375271978325972630373869229994385545710017791314127003808210569397699875970583765145417100039873179162571317020428674440816202555595717176332631900502603213028717853938349521924444079359505739436173613 0 0 0 0 0 0 0 0 0 0 0 0 0 0 0 0 0 0 0 0 0 0 0 0 0 0 0 0 0 0 0 0 0 0 0 0 0 1 0 0 0 0 0 0 0 0 0 0 0 0 0 0 0 0 0 0 0 0 0 0 0 0 0 0 0 0 0 0 0 0 0 0 0 0 0 0 0 0 0 0 0 0 0 0 0 0 0 0 0]
[8569043163860528006808508620029590812764948883677128203496681394226553687647698046595892384252325761230264918602362964146407046997535316091317440994204782723554020668532332308510205452868514577280113117608640218806645643212710348559864471091598098170859758764570092887 0 0 0 0 0 0 0 0 0 0 0 0 0 0 0 0 0 0 0 0 0 0 0 0 0 0 0 0 0 0 0 0 0 0 0 0 0 0 1 0 0 0 0 0 0 0 0 0 0 0 0 0 0 0 0 0 0 0 0 0 0 0 0 0 0 0 0 0 0 0 0 0 0 0 0 0 0 0 0 0 0 0 0 0 0 0 0 0 0]
[1201513042466300127002536758403354412420800524144307288705358391510468587864433729230757688918667239305369312145395502722657738320993632151918470659976376391372157569654279197558030149261607031909799051969722934253954790608442678092295563619653306233118244834608864553056 0 0 0 0 0 0 0 0 0 0 0 0 0 0 0 0 0 0 0 0 0 0 0 0 0 0 0 0 0 0 0 0 0 0 0 0 0 0 0 1 0 0 0 0 0 0 0 0 0 0 0 0 0 0 0 0 0 0 0 0 0 0 0 0 0 0 0 0 0 0 0 0 0 0 0 0 0 0 0 0 0 0 0 0 0 0 0 0 0]
[5852474306597924834147362001766455694421616888672834447797575921416784491637724818666055026773794695356189870461986294776195492706854757488903347213102895298020489001020331233374242168728660469742069124798563629047461302959785818957923587288843368919101214303265976117901 0 0 0 0 0 0 0 0 0 0 0 0 0 0 0 0 0 0 0 0 0 0 0 0 0 0 0 0 0 0 0 0 0 0 0 0 0 0 0 0 1 0 0 0 0 0 0 0 0 0 0 0 0 0 0 0 0 0 0 0 0 0 0 0 0 0 0 0 0 0 0 0 0 0 0 0 0 0 0 0 0 0 0 0 0 0 0 0 0]
[757883902284483250573347972524793596729742820307250167103897800728617289756620941407113966818857119947993431022925883121612377884523063019172422477353831155646388976080476550482381881769342979759376445907716938373913959557597078068436749757483650834813030914516276996480 0 0 0 0 0 0 0 0 0 0 0 0 0 0 0 0 0 0 0 0 0 0 0 0 0 0 0 0 0 0 0 0 0 0 0 0 0 0 0 0 0 1 0 0 0 0 0 0 0 0 0 0 0 0 0 0 0 0 0 0 0 0 0 0 0 0 0 0 0 0 0 0 0 0 0 0 0 0 0 0 0 0 0 0 0 0 0 0 0]
[4972779033939961147518006774099200472985075529841722551348837669076023790087383093871181651052564477220235002591851493250945069054739252361923256246639402645028572391037509250029173344954555928512633950011971211813624922337357592795467425466103776480491278118191874548039 0 0 0 0 0 0 0 0 0 0 0 0 0 0 0 0 0 0 0 0 0 0 0 0 0 0 0 0 0 0 0 0 0 0 0 0 0 0 0 0 0 0 1 0 0 0 0 0 0 0 0 0 0 0 0 0 0 0 0 0 0 0 0 0 0 0 0 0 0 0 0 0 0 0 0 0 0 0 0 0 0 0 0 0 0 0 0 0 0]
[3906515367162085502775617573231496446712282843271596885915444894678287978567631463414730389146769475720407198053265094693201522038595738176166171843011548668004672758150525171199398406526333631767358358277207818764969672308290552147019256277098626598143798158794234676404 0 0 0 0 0 0 0 0 0 0 0 0 0 0 0 0 0 0 0 0 0 0 0 0 0 0 0 0 0 0 0 0 0 0 0 0 0 0 0 0 0 0 0 1 0 0 0 0 0 0 0 0 0 0 0 0 0 0 0 0 0 0 0 0 0 0 0 0 0 0 0 0 0 0 0 0 0 0 0 0 0 0 0 0 0 0 0 0 0]
[1702277849850943001167443628063633485487050712959109349667119679374728096135736096479738345629783059144088624630422791282517509450970889012593203352861492470549696099176139752284113470067531848470336695167498427434093986978749154066684041684099149453013726531143509167762 0 0 0 0 0 0 0 0 0 0 0 0 0 0 0 0 0 0 0 0 0 0 0 0 0 0 0 0 0 0 0 0 0 0 0 0 0 0 0 0 0 0 0 0 1 0 0 0 0 0 0 0 0 0 0 0 0 0 0 0 0 0 0 0 0 0 0 0 0 0 0 0 0 0 0 0 0 0 0 0 0 0 0 0 0 0 0 0 0]
[914336531849806403849370452601809141729517027732106062170818377171970444248032384793889934087838842589249300272630774872677143660531842453459192299642457885797706489642222894385380730398956720540224943718300697961460515346803705816599423448225477174387906401148621814730 0 0 0 0 0 0 0 0 0 0 0 0 0 0 0 0 0 0 0 0 0 0 0 0 0 0 0 0 0 0 0 0 0 0 0 0 0 0 0 0 0 0 0 0 0 1 0 0 0 0 0 0 0 0 0 0 0 0 0 0 0 0 0 0 0 0 0 0 0 0 0 0 0 0 0 0 0 0 0 0 0 0 0 0 0 0 0 0 0]
[4054348035367745448235679127581019797317460577498085430076828105128386679954828144112441631842448210988865367947286028103153601433394130658255559030740712804117215401639568775967441969165109495959675545628293576635204743158015281604806460398164863369917112570459020372782 0 0 0 0 0 0 0 0 0 0 0 0 0 0 0 0 0 0 0 0 0 0 0 0 0 0 0 0 0 0 0 0 0 0 0 0 0 0 0 0 0 0 0 0 0 0 1 0 0 0 0 0 0 0 0 0 0 0 0 0 0 0 0 0 0 0 0 0 0 0 0 0 0 0 0 0 0 0 0 0 0 0 0 0 0 0 0 0 0]
[1865803241524025127380122407850550154322399794524433578773010337606383163203975606010575206299050017729035705581316267523414074173115713445149225556620632647826530090329953886872946322398356305868749311091843938158396768383624156318364780564806537905855564487514693062289 0 0 0 0 0 0 0 0 0 0 0 0 0 0 0 0 0 0 0 0 0 0 0 0 0 0 0 0 0 0 0 0 0 0 0 0 0 0 0 0 0 0 0 0 0 0 0 1 0 0 0 0 0 0 0 0 0 0 0 0 0 0 0 0 0 0 0 0 0 0 0 0 0 0 0 0 0 0 0 0 0 0 0 0 0 0 0 0 0]
[2716767054614077768904181423078081093073579417705643816778963078414131928204471923688412139141338546257225017038757279239831057452999982813891799614632175601387120468403223180832946528459389861218815352943932175534602962900006990426644245396646818291589483700717196930416 0 0 0 0 0 0 0 0 0 0 0 0 0 0 0 0 0 0 0 0 0 0 0 0 0 0 0 0 0 0 0 0 0 0 0 0 0 0 0 0 0 0 0 0 0 0 0 0 1 0 0 0 0 0 0 0 0 0 0 0 0 0 0 0 0 0 0 0 0 0 0 0 0 0 0 0 0 0 0 0 0 0 0 0 0 0 0 0 0]
[849177442784627844671781008582627746548133436254238350661356114252854743812756184397128333762851999655105491800577215903339469668455262295140813992818034493083763948024057202474064928595704727493553952150403903527880350273744359072188889272381993005306463228290432922863 0 0 0 0 0 0 0 0 0 0 0 0 0 0 0 0 0 0 0 0 0 0 0 0 0 0 0 0 0 0 0 0 0 0 0 0 0 0 0 0 0 0 0 0 0 0 0 0 0 1 0 0 0 0 0 0 0 0 0 0 0 0 0 0 0 0 0 0 0 0 0 0 0 0 0 0 0 0 0 0 0 0 0 0 0 0 0 0 0]
[1264590524452592783508731969105589589555351960411072840678876244714720097808902571111761809853331393403372999185920570360735945292476308572334416996936522728284123305346839888892108126551211718208462042455572697593203063159307402843270112301562493281081852979982066786369 0 0 0 0 0 0 0 0 0 0 0 0 0 0 0 0 0 0 0 0 0 0 0 0 0 0 0 0 0 0 0 0 0 0 0 0 0 0 0 0 0 0 0 0 0 0 0 0 0 0 1 0 0 0 0 0 0 0 0 0 0 0 0 0 0 0 0 0 0 0 0 0 0 0 0 0 0 0 0 0 0 0 0 0 0 0 0 0 0]
[2355950722760988389634723069714473537658655785399878794590570299424207486626539434237094568828820153500375074446664883641524954609661955780472718327274893826049459583951974294470315646802021521284051169601140126697631221779866806387367513589309808350908905783346945709428 0 0 0 0 0 0 0 0 0 0 0 0 0 0 0 0 0 0 0 0 0 0 0 0 0 0 0 0 0 0 0 0 0 0 0 0 0 0 0 0 0 0 0 0 0 0 0 0 0 0 0 1 0 0 0 0 0 0 0 0 0 0 0 0 0 0 0 0 0 0 0 0 0 0 0 0 0 0 0 0 0 0 0 0 0 0 0 0 0]
[3353897169618926382092254089635585008011832759954741818819198023205660792101753232012467777506606232273532990345621155757869015577395066976624772000666788734845062732357603848468707960257492969072217909883532085691148593576894585360570030187876332098798550979107055762893 0 0 0 0 0 0 0 0 0 0 0 0 0 0 0 0 0 0 0 0 0 0 0 0 0 0 0 0 0 0 0 0 0 0 0 0 0 0 0 0 0 0 0 0 0 0 0 0 0 0 0 0 1 0 0 0 0 0 0 0 0 0 0 0 0 0 0 0 0 0 0 0 0 0 0 0 0 0 0 0 0 0 0 0 0 0 0 0 0]
[595838610974120534111883799835911691084031196180803832739968238658488489154177428453474049700583013829765084180998626731952236302914627740007745336203112621691367432630681505898460450354374095216211268635659845275629067677236768713332850972685001672296701967941046472472 0 0 0 0 0 0 0 0 0 0 0 0 0 0 0 0 0 0 0 0 0 0 0 0 0 0 0 0 0 0 0 0 0 0 0 0 0 0 0 0 0 0 0 0 0 0 0 0 0 0 0 0 0 1 0 0 0 0 0 0 0 0 0 0 0 0 0 0 0 0 0 0 0 0 0 0 0 0 0 0 0 0 0 0 0 0 0 0 0]
[615167686907059306188361999819861211790928335185439657202393420596648074785134775994579279386042448336971108906468841031479799217653822305892204955991964227049076985959805804883775447514057927801003100941719129288155925797178930510742570825572344243750954562896546467614 0 0 0 0 0 0 0 0 0 0 0 0 0 0 0 0 0 0 0 0 0 0 0 0 0 0 0 0 0 0 0 0 0 0 0 0 0 0 0 0 0 0 0 0 0 0 0 0 0 0 0 0 0 0 1 0 0 0 0 0 0 0 0 0 0 0 0 0 0 0 0 0 0 0 0 0 0 0 0 0 0 0 0 0 0 0 0 0 0]
[5874640441517197348349207952918035950841565955739612819343001430388916540485994842378229939487683458779948468751824994686483756529699311071821972995468447310216622803198207418193572909287628121218160353711520505798762619856958967889015614571219663644064411582188187454571 0 0 0 0 0 0 0 0 0 0 0 0 0 0 0 0 0 0 0 0 0 0 0 0 0 0 0 0 0 0 0 0 0 0 0 0 0 0 0 0 0 0 0 0 0 0 0 0 0 0 0 0 0 0 0 1 0 0 0 0 0 0 0 0 0 0 0 0 0 0 0 0 0 0 0 0 0 0 0 0 0 0 0 0 0 0 0 0 0]
[1807193805323400923418353089564171571158424739003718514541378758415772989454943270127282911368257605081619864128588620202005357346032907156733997350975521911812295047199551478041974515694100813811965465967619262960639015756411501392933446105828786195094565630820757847265 0 0 0 0 0 0 0 0 0 0 0 0 0 0 0 0 0 0 0 0 0 0 0 0 0 0 0 0 0 0 0 0 0 0 0 0 0 0 0 0 0 0 0 0 0 0 0 0 0 0 0 0 0 0 0 0 1 0 0 0 0 0 0 0 0 0 0 0 0 0 0 0 0 0 0 0 0 0 0 0 0 0 0 0 0 0 0 0 0]
[2503908400831100164994225191679671793529586792616999314304799160238096004341946979684992518119964186634469236046453859137342324272944674093532315721180784091819056627880476855629162031949890909787422734528903916824872932981690243628570131086434243178938178627618994524587 0 0 0 0 0 0 0 0 0 0 0 0 0 0 0 0 0 0 0 0 0 0 0 0 0 0 0 0 0 0 0 0 0 0 0 0 0 0 0 0 0 0 0 0 0 0 0 0 0 0 0 0 0 0 0 0 0 1 0 0 0 0 0 0 0 0 0 0 0 0 0 0 0 0 0 0 0 0 0 0 0 0 0 0 0 0 0 0 0]
[3961976571475829244962355282172505129848468946105987149486367883686339016727072207557534012340389828329767264884862241050851800892219809421484724093239733722269004852381149498595249283711362027419692330902509927778977800163033694651841492029846232349586450283715498437454 0 0 0 0 0 0 0 0 0 0 0 0 0 0 0 0 0 0 0 0 0 0 0 0 0 0 0 0 0 0 0 0 0 0 0 0 0 0 0 0 0 0 0 0 0 0 0 0 0 0 0 0 0 0 0 0 0 0 1 0 0 0 0 0 0 0 0 0 0 0 0 0 0 0 0 0 0 0 0 0 0 0 0 0 0 0 0 0 0]
[3226679349108850384552515006777625032160866184558596589139432027214556863087611601326015847687754624148894185187020382290503498588644668399511953598347129928824438116013733957741511264963881277451230293381091514224950491433450587163400244060159259026932349196516309827795 0 0 0 0 0 0 0 0 0 0 0 0 0 0 0 0 0 0 0 0 0 0 0 0 0 0 0 0 0 0 0 0 0 0 0 0 0 0 0 0 0 0 0 0 0 0 0 0 0 0 0 0 0 0 0 0 0 0 0 1 0 0 0 0 0 0 0 0 0 0 0 0 0 0 0 0 0 0 0 0 0 0 0 0 0 0 0 0 0]
[1768408933536718754326991282966175624726428756213503853591553728790687634377226991858977078820253987918368555481959805686538262210892071597820169172955515382151346042889378021561160385049504799744562651321886931385640509292993762147771358530369921219670775536412659544776 0 0 0 0 0 0 0 0 0 0 0 0 0 0 0 0 0 0 0 0 0 0 0 0 0 0 0 0 0 0 0 0 0 0 0 0 0 0 0 0 0 0 0 0 0 0 0 0 0 0 0 0 0 0 0 0 0 0 0 0 1 0 0 0 0 0 0 0 0 0 0 0 0 0 0 0 0 0 0 0 0 0 0 0 0 0 0 0 0]
[3735349416063935200280976891590772174248278496331820513975468971753397366725923885810305491451869911712127703647068027987816748612637619445827196358610374304700742715253149560790218809765502377256004628637965290589725027242020395715244208387530000091979875676632725541525 0 0 0 0 0 0 0 0 0 0 0 0 0 0 0 0 0 0 0 0 0 0 0 0 0 0 0 0 0 0 0 0 0 0 0 0 0 0 0 0 0 0 0 0 0 0 0 0 0 0 0 0 0 0 0 0 0 0 0 0 0 1 0 0 0 0 0 0 0 0 0 0 0 0 0 0 0 0 0 0 0 0 0 0 0 0 0 0 0]
[3676229238926086774025620299211614818631414602745124781121303309415813343132959038565359249790640044268229126899830323456447182222660889601548569549306763210704290839092672851961130254483928089550565805973608889613641683005852650981592607958642137468158821211233480341694 0 0 0 0 0 0 0 0 0 0 0 0 0 0 0 0 0 0 0 0 0 0 0 0 0 0 0 0 0 0 0 0 0 0 0 0 0 0 0 0 0 0 0 0 0 0 0 0 0 0 0 0 0 0 0 0 0 0 0 0 0 0 1 0 0 0 0 0 0 0 0 0 0 0 0 0 0 0 0 0 0 0 0 0 0 0 0 0 0]
[4150595849631490261090573474870154519542352823370654021115279402340391746976579463866262096883065746234606014022821391248850151769313874097008321282974220967208358709399435763980030837659955167467667530216266368808610270836205080004134765135384712495096561832172577725143 0 0 0 0 0 0 0 0 0 0 0 0 0 0 0 0 0 0 0 0 0 0 0 0 0 0 0 0 0 0 0 0 0 0 0 0 0 0 0 0 0 0 0 0 0 0 0 0 0 0 0 0 0 0 0 0 0 0 0 0 0 0 0 1 0 0 0 0 0 0 0 0 0 0 0 0 0 0 0 0 0 0 0 0 0 0 0 0 0]
[545390007898988600855711264418632415733951682215025747549418667646951751875626030527969322205643924473664927883676035455954487568012821226157941357688746411981322971601937350337488825928469612205482473408582050331794626734721469267654565867514243199673262173815494103821 0 0 0 0 0 0 0 0 0 0 0 0 0 0 0 0 0 0 0 0 0 0 0 0 0 0 0 0 0 0 0 0 0 0 0 0 0 0 0 0 0 0 0 0 0 0 0 0 0 0 0 0 0 0 0 0 0 0 0 0 0 0 0 0 1 0 0 0 0 0 0 0 0 0 0 0 0 0 0 0 0 0 0 0 0 0 0 0 0]
[2234391333380714439384838940041735507400308142058022652404292155623100772124506033905737494568563385707028303243006387347268788220299428734503772195470410537529319630845364354185560961748509671720125339659831585982993811654263254573340822710004917308559763238017900315214 0 0 0 0 0 0 0 0 0 0 0 0 0 0 0 0 0 0 0 0 0 0 0 0 0 0 0 0 0 0 0 0 0 0 0 0 0 0 0 0 0 0 0 0 0 0 0 0 0 0 0 0 0 0 0 0 0 0 0 0 0 0 0 0 0 1 0 0 0 0 0 0 0 0 0 0 0 0 0 0 0 0 0 0 0 0 0 0 0]
[2286248964545070700345866464060844856517461979308956162416086867107245270615262777216779130172262778532400653536348447079345306970919498338433615540108361832887146533555251659743894434079574610129552048880215898833901057612532643271182411425370025341393320033891598499189 0 0 0 0 0 0 0 0 0 0 0 0 0 0 0 0 0 0 0 0 0 0 0 0 0 0 0 0 0 0 0 0 0 0 0 0 0 0 0 0 0 0 0 0 0 0 0 0 0 0 0 0 0 0 0 0 0 0 0 0 0 0 0 0 0 0 1 0 0 0 0 0 0 0 0 0 0 0 0 0 0 0 0 0 0 0 0 0 0]
[328716196408782099091097663079089548768055480180092046431039104990079357172638265052645896864256683777678279638610505557819828137362110592240334323072310880408500435352031983793820463445722982854866271325109692024129125669018943805851599185435826244812114930071723328460 0 0 0 0 0 0 0 0 0 0 0 0 0 0 0 0 0 0 0 0 0 0 0 0 0 0 0 0 0 0 0 0 0 0 0 0 0 0 0 0 0 0 0 0 0 0 0 0 0 0 0 0 0 0 0 0 0 0 0 0 0 0 0 0 0 0 0 1 0 0 0 0 0 0 0 0 0 0 0 0 0 0 0 0 0 0 0 0 0]
[1046291845855531125651559599933951236484083091533130251157736683176470498431184045507304602803641451800522375129847483797256070138267255338683134289068833243615519529187130874343591845068133790765504820453923011185468947782565638370532182887440917405323912075141222190204 0 0 0 0 0 0 0 0 0 0 0 0 0 0 0 0 0 0 0 0 0 0 0 0 0 0 0 0 0 0 0 0 0 0 0 0 0 0 0 0 0 0 0 0 0 0 0 0 0 0 0 0 0 0 0 0 0 0 0 0 0 0 0 0 0 0 0 0 1 0 0 0 0 0 0 0 0 0 0 0 0 0 0 0 0 0 0 0 0]
[3685406365277363778634153250118702412749505604487105936674535150079768823708035094755094905177477019579234105450410190323269846271285105084780245848835035098542957053660703874215516458805648179050798494118813356958030514078635237840660726329864370254793472306644456727222 0 0 0 0 0 0 0 0 0 0 0 0 0 0 0 0 0 0 0 0 0 0 0 0 0 0 0 0 0 0 0 0 0 0 0 0 0 0 0 0 0 0 0 0 0 0 0 0 0 0 0 0 0 0 0 0 0 0 0 0 0 0 0 0 0 0 0 0 0 1 0 0 0 0 0 0 0 0 0 0 0 0 0 0 0 0 0 0 0]
[3839704232472764867092521660213981360525392829814062204482118256845790274512081855187712800854436293636084731280676123982374732774608386388142579173583701197664333461670299760305504463054755836653452855432648044292080994004086558761342338703342189254095557903536147727116 0 0 0 0 0 0 0 0 0 0 0 0 0 0 0 0 0 0 0 0 0 0 0 0 0 0 0 0 0 0 0 0 0 0 0 0 0 0 0 0 0 0 0 0 0 0 0 0 0 0 0 0 0 0 0 0 0 0 0 0 0 0 0 0 0 0 0 0 0 0 1 0 0 0 0 0 0 0 0 0 0 0 0 0 0 0 0 0 0]
[5982717454233465597985626783339911778563875767535192727908284649312128017613563552691543375915648771864017863336503922031409996861141064902088189102627844432900274284977142954709676603541841480640520292825375929925852078151884220718609233838321668735083521419102061168129 0 0 0 0 0 0 0 0 0 0 0 0 0 0 0 0 0 0 0 0 0 0 0 0 0 0 0 0 0 0 0 0 0 0 0 0 0 0 0 0 0 0 0 0 0 0 0 0 0 0 0 0 0 0 0 0 0 0 0 0 0 0 0 0 0 0 0 0 0 0 0 1 0 0 0 0 0 0 0 0 0 0 0 0 0 0 0 0 0]
[5259609969479960948369274483884989428486893607602034670231863735085355652834778141112194600841566332194550548634000297414616260607240288959732722165641261135237926584010135814644859665572889169072431932812210485073760571451116510773469252651300407078928710246457682037556 0 0 0 0 0 0 0 0 0 0 0 0 0 0 0 0 0 0 0 0 0 0 0 0 0 0 0 0 0 0 0 0 0 0 0 0 0 0 0 0 0 0 0 0 0 0 0 0 0 0 0 0 0 0 0 0 0 0 0 0 0 0 0 0 0 0 0 0 0 0 0 0 1 0 0 0 0 0 0 0 0 0 0 0 0 0 0 0 0]
[1111042459557357207063042830267012151631133878495908872899456241870101844729881890572739208532541108117611018925455912449034684673483518170916825261196722791881273988235120061986574138100751386681334138083498583973787021608344518725132330118233194748468933656899078406924 0 0 0 0 0 0 0 0 0 0 0 0 0 0 0 0 0 0 0 0 0 0 0 0 0 0 0 0 0 0 0 0 0 0 0 0 0 0 0 0 0 0 0 0 0 0 0 0 0 0 0 0 0 0 0 0 0 0 0 0 0 0 0 0 0 0 0 0 0 0 0 0 0 1 0 0 0 0 0 0 0 0 0 0 0 0 0 0 0]
[1206079691247375313579875742982776302373610102049715772732406502020315074578348230193997165734442843631249539627454699743352011982990685839713984564563053584415239013825678623077201236683692079654680126757037460915081777910588501658001396832821825295940097924909623572353 0 0 0 0 0 0 0 0 0 0 0 0 0 0 0 0 0 0 0 0 0 0 0 0 0 0 0 0 0 0 0 0 0 0 0 0 0 0 0 0 0 0 0 0 0 0 0 0 0 0 0 0 0 0 0 0 0 0 0 0 0 0 0 0 0 0 0 0 0 0 0 0 0 0 1 0 0 0 0 0 0 0 0 0 0 0 0 0 0]
[6054178817092057717158222680765009726680761834501892825663790910149069628211855955707821491695195219282522376619575345210145486588628785050065529505984594343739313774284056262726097993528195776825241669080640334416863821150219730108810851940255986830597486396619760471756 0 0 0 0 0 0 0 0 0 0 0 0 0 0 0 0 0 0 0 0 0 0 0 0 0 0 0 0 0 0 0 0 0 0 0 0 0 0 0 0 0 0 0 0 0 0 0 0 0 0 0 0 0 0 0 0 0 0 0 0 0 0 0 0 0 0 0 0 0 0 0 0 0 0 0 1 0 0 0 0 0 0 0 0 0 0 0 0 0]
[1891032394261442859307942720662161099333619236009522309537004909224944452768273213815978696115411272345401590598983251072634342393509370801258172862398957763525561742666565960857414758853228674180993211328308028435137444824457333782705744002166607747384106029645436831125 0 0 0 0 0 0 0 0 0 0 0 0 0 0 0 0 0 0 0 0 0 0 0 0 0 0 0 0 0 0 0 0 0 0 0 0 0 0 0 0 0 0 0 0 0 0 0 0 0 0 0 0 0 0 0 0 0 0 0 0 0 0 0 0 0 0 0 0 0 0 0 0 0 0 0 0 1 0 0 0 0 0 0 0 0 0 0 0 0]
[1092022911407576384682266714246398410319089744709659547123458515804615758376695867953470144092350855012363507638862321965524193524348647359034269183225340483811886945699295538822138345392947559821239399938615118843310924091447747228978837467855991396860256287637818169407 0 0 0 0 0 0 0 0 0 0 0 0 0 0 0 0 0 0 0 0 0 0 0 0 0 0 0 0 0 0 0 0 0 0 0 0 0 0 0 0 0 0 0 0 0 0 0 0 0 0 0 0 0 0 0 0 0 0 0 0 0 0 0 0 0 0 0 0 0 0 0 0 0 0 0 0 0 1 0 0 0 0 0 0 0 0 0 0 0]
[3512485913434556044638903227456156293275235757668950717240888363497127115924169962489094482170373222108605987979479310193447022357191608621559888550938258243395076789579397585968275476883493942192713993618610142877771682274726498212062841030985467640733888154974033262165 0 0 0 0 0 0 0 0 0 0 0 0 0 0 0 0 0 0 0 0 0 0 0 0 0 0 0 0 0 0 0 0 0 0 0 0 0 0 0 0 0 0 0 0 0 0 0 0 0 0 0 0 0 0 0 0 0 0 0 0 0 0 0 0 0 0 0 0 0 0 0 0 0 0 0 0 0 0 1 0 0 0 0 0 0 0 0 0 0]
[3618001950716785456239341550888660041725097946850173065086281825275592540768125896536264904019292807753184414578840196758973584485757839534020523133383416854073340376183356347106445281356243215035583019239752559745126313956908981803464291135909371028415079151513278479050 0 0 0 0 0 0 0 0 0 0 0 0 0 0 0 0 0 0 0 0 0 0 0 0 0 0 0 0 0 0 0 0 0 0 0 0 0 0 0 0 0 0 0 0 0 0 0 0 0 0 0 0 0 0 0 0 0 0 0 0 0 0 0 0 0 0 0 0 0 0 0 0 0 0 0 0 0 0 0 1 0 0 0 0 0 0 0 0 0]
[5020492209746175082243089495516046814067707548340856681710652970022503116730162404401600496679456156775704826951752670508282731266754519310375823665350952173846080026576361818794314433138486599353750661653284032428932663454085439218599402255696059533395308109414013747533 0 0 0 0 0 0 0 0 0 0 0 0 0 0 0 0 0 0 0 0 0 0 0 0 0 0 0 0 0 0 0 0 0 0 0 0 0 0 0 0 0 0 0 0 0 0 0 0 0 0 0 0 0 0 0 0 0 0 0 0 0 0 0 0 0 0 0 0 0 0 0 0 0 0 0 0 0 0 0 0 1 0 0 0 0 0 0 0 0]
[1510770346686271207087989726036353549281520115905569415237744416126038169747290667043501139104715197141458040806946298273701601035933446301069268530432261645227492289778591795736701245454070735658066934198001169545389257405923621987832047952451256801409051260589570427773 0 0 0 0 0 0 0 0 0 0 0 0 0 0 0 0 0 0 0 0 0 0 0 0 0 0 0 0 0 0 0 0 0 0 0 0 0 0 0 0 0 0 0 0 0 0 0 0 0 0 0 0 0 0 0 0 0 0 0 0 0 0 0 0 0 0 0 0 0 0 0 0 0 0 0 0 0 0 0 0 0 1 0 0 0 0 0 0 0]
[4571186372398748052458657682554911293102131505592004845177792798128003352639488486079795437421778983115295142599771597301981443986827298602731921575603643529275170823510354361762012953769388686937899751859769017751197407260488080528726097952662176324591201569487989764816 0 0 0 0 0 0 0 0 0 0 0 0 0 0 0 0 0 0 0 0 0 0 0 0 0 0 0 0 0 0 0 0 0 0 0 0 0 0 0 0 0 0 0 0 0 0 0 0 0 0 0 0 0 0 0 0 0 0 0 0 0 0 0 0 0 0 0 0 0 0 0 0 0 0 0 0 0 0 0 0 0 0 1 0 0 0 0 0 0]
[1594697560800374667440006858719689655283233298602455974643946947122153623224968214300919133363840815443833170687073618466748415388092069409570963705676936751865969636737447451063404532526768240055016156838905470283242967173092251447851613045361294309950785038459350749758 0 0 0 0 0 0 0 0 0 0 0 0 0 0 0 0 0 0 0 0 0 0 0 0 0 0 0 0 0 0 0 0 0 0 0 0 0 0 0 0 0 0 0 0 0 0 0 0 0 0 0 0 0 0 0 0 0 0 0 0 0 0 0 0 0 0 0 0 0 0 0 0 0 0 0 0 0 0 0 0 0 0 0 1 0 0 0 0 0]
[3430845993873078690700850731766908793420061713293444340287329518514696215290704161707956412085587109770394205005629276456939280669046612239397555796234050756660117854479791750400732417668639810731208823028375246782719622308674057126268368650618063915041587274012028948594 0 0 0 0 0 0 0 0 0 0 0 0 0 0 0 0 0 0 0 0 0 0 0 0 0 0 0 0 0 0 0 0 0 0 0 0 0 0 0 0 0 0 0 0 0 0 0 0 0 0 0 0 0 0 0 0 0 0 0 0 0 0 0 0 0 0 0 0 0 0 0 0 0 0 0 0 0 0 0 0 0 0 0 0 1 0 0 0 0]
[2242988532849799366371427142954631995981902693881138534536283791378173381496480087864212860614401463714939051349511539638680748497893701416376668700755475391006091901451661275894441250868344164790670551636269578132150813385640945284388344392094579125036798219291650229060 0 0 0 0 0 0 0 0 0 0 0 0 0 0 0 0 0 0 0 0 0 0 0 0 0 0 0 0 0 0 0 0 0 0 0 0 0 0 0 0 0 0 0 0 0 0 0 0 0 0 0 0 0 0 0 0 0 0 0 0 0 0 0 0 0 0 0 0 0 0 0 0 0 0 0 0 0 0 0 0 0 0 0 0 0 1 0 0 0]
[2744514272355713336904685989108560130558936304371207453386200396430398101594322904081516654738775046689019985098610376019988392604101090218336562974862656721934781320339851348875235890324403814046356495527117924684079072303741889967015729958833316477811467794634905034977 0 0 0 0 0 0 0 0 0 0 0 0 0 0 0 0 0 0 0 0 0 0 0 0 0 0 0 0 0 0 0 0 0 0 0 0 0 0 0 0 0 0 0 0 0 0 0 0 0 0 0 0 0 0 0 0 0 0 0 0 0 0 0 0 0 0 0 0 0 0 0 0 0 0 0 0 0 0 0 0 0 0 0 0 0 0 1 0 0]
[504948297933056682704068644892329496082556062286642603016313542437269909071656485761532370971628774088832260162663524609219424722304884492533684081968100948093273624308565789555188242927200519415868829461613594361317171928673025027633500954517106332748532865090013334299 0 0 0 0 0 0 0 0 0 0 0 0 0 0 0 0 0 0 0 0 0 0 0 0 0 0 0 0 0 0 0 0 0 0 0 0 0 0 0 0 0 0 0 0 0 0 0 0 0 0 0 0 0 0 0 0 0 0 0 0 0 0 0 0 0 0 0 0 0 0 0 0 0 0 0 0 0 0 0 0 0 0 0 0 0 0 0 1 0]
[2664953634797180042243989640765940366769136424937998706648653899624729042461703676966600990327180253655126146384871596698863462492090558776718675991170409866627206208453731275361396325957481527516920451831960525303530691656548848878048265441513765771813942316074385667309 0 0 0 0 0 0 0 0 0 0 0 0 0 0 0 0 0 0 0 0 0 0 0 0 0 0 0 0 0 0 0 0 0 0 0 0 0 0 0 0 0 0 0 0 0 0 0 0 0 0 0 0 0 0 0 0 0 0 0 0 0 0 0 0 0 0 0 0 0 0 0 0 0 0 0 0 0 0 0 0 0 0 0 0 0 0 0 0 1]
]
