[[3562627766852765097241756391656834242472384941857659828683167317804789700786408189098066546906782265756164770299302336710508249512240144144420495449408466053448975441546466257558387 0 0 0 0 0 0 0 0 0 0 0 0 0 0 0 0 0 0 0 0 0 0 0 0 0 0 0 0 0 0 0 0 0 0 0 0 0 0 0 0 0 0 0 0 0 0 0 0 0 0 0 0 0 0 0 0 0 0 0]
[2080874221089812406514370463004336059605917234631367964889644987322531826917433016093425703422895860286872583630243095049806153415240806033228050333281442899678878498157854688791211 1 0 0 0 0 0 0 0 0 0 0 0 0 0 0 0 0 0 0 0 0 0 0 0 0 0 0 0 0 0 0 0 0 0 0 0 0 0 0 0 0 0 0 0 0 0 0 0 0 0 0 0 0 0 0 0 0 0 0]
[3189691750860394151607747505154454089026745820222667753816483669533843868194349057715651407492634935273877790548864732482200637962826403891315515327424181939457503295646148527983722 0 1 0 0 0 0 0 0 0 0 0 0 0 0 0 0 0 0 0 0 0 0 0 0 0 0 0 0 0 0 0 0 0 0 0 0 0 0 0 0 0 0 0 0 0 0 0 0 0 0 0 0 0 0 0 0 0 0 0]
[3427161034894773530311197576112376526979104376769761149295725887713729135157796619009424299180257240890376296140796183816354242087617870171650953877729469831021718530168485985159876 0 0 1 0 0 0 0 0 0 0 0 0 0 0 0 0 0 0 0 0 0 0 0 0 0 0 0 0 0 0 0 0 0 0 0 0 0 0 0 0 0 0 0 0 0 0 0 0 0 0 0 0 0 0 0 0 0 0 0]
[3271043444778584920352954181284909064681272632836542761264873875657020008511540928336903032499012562476247598423105581982927024044808197235427621944040293993612278997962221646604140 0 0 0 1 0 0 0 0 0 0 0 0 0 0 0 0 0 0 0 0 0 0 0 0 0 0 0 0 0 0 0 0 0 0 0 0 0 0 0 0 0 0 0 0 0 0 0 0 0 0 0 0 0 0 0 0 0 0 0]
[3393401508305114370154462249251953827346968917660244169681825775943808972972013303470191117193581696477581953162843382727334585236985313972416088412758463783115134953229010992803753 0 0 0 0 1 0 0 0 0 0 0 0 0 0 0 0 0 0 0 0 0 0 0 0 0 0 0 0 0 0 0 0 0 0 0 0 0 0 0 0 0 0 0 0 0 0 0 0 0 0 0 0 0 0 0 0 0 0 0]
[2598067823514630942184011138014631874223106832061956776060548537137921594316227127707350130736852561178782543886867990013950929866295146619103550508208623312000129563484895704427930 0 0 0 0 0 1 0 0 0 0 0 0 0 0 0 0 0 0 0 0 0 0 0 0 0 0 0 0 0 0 0 0 0 0 0 0 0 0 0 0 0 0 0 0 0 0 0 0 0 0 0 0 0 0 0 0 0 0 0]
[3544063160420838045646342949256244330602904188378577234949379634649095101329022248268338441455781640043723562936562962372543464377693241773645095389821225946049033789475584161726481 0 0 0 0 0 0 1 0 0 0 0 0 0 0 0 0 0 0 0 0 0 0 0 0 0 0 0 0 0 0 0 0 0 0 0 0 0 0 0 0 0 0 0 0 0 0 0 0 0 0 0 0 0 0 0 0 0 0 0]
[705010836158881605461609515209793434675546035915043793944232054910783505235309588113480339762580218071241694279888342023122606916812645225624826827285482609253298557318368562729825 0 0 0 0 0 0 0 1 0 0 0 0 0 0 0 0 0 0 0 0 0 0 0 0 0 0 0 0 0 0 0 0 0 0 0 0 0 0 0 0 0 0 0 0 0 0 0 0 0 0 0 0 0 0 0 0 0 0 0]
[864270313090120782334383149849728166352622527153198390338468186083676580190878107388561780527599399107800607022143310641442901055543609677344691250401370640532979332426963392647786 0 0 0 0 0 0 0 0 1 0 0 0 0 0 0 0 0 0 0 0 0 0 0 0 0 0 0 0 0 0 0 0 0 0 0 0 0 0 0 0 0 0 0 0 0 0 0 0 0 0 0 0 0 0 0 0 0 0 0]
[2464046676922390865548935313887659190716523484955609589187973182750479496795693548053789957239195601070136806408373081285426132980010044536924289520029378189852433193830659342057701 0 0 0 0 0 0 0 0 0 1 0 0 0 0 0 0 0 0 0 0 0 0 0 0 0 0 0 0 0 0 0 0 0 0 0 0 0 0 0 0 0 0 0 0 0 0 0 0 0 0 0 0 0 0 0 0 0 0 0]
[274655826338427937621277649439263259731168466634110864473083515264613218685433882333670042314380207185962296849922120611356398502335562575888435791950758596646082537245976279474595 0 0 0 0 0 0 0 0 0 0 1 0 0 0 0 0 0 0 0 0 0 0 0 0 0 0 0 0 0 0 0 0 0 0 0 0 0 0 0 0 0 0 0 0 0 0 0 0 0 0 0 0 0 0 0 0 0 0 0]
[2714356929598286699612254938284313489067930500625372988238361193227188680161843407627290383986385028878919271061692268070592796156992737087747605424600234598155776016892997650057195 0 0 0 0 0 0 0 0 0 0 0 1 0 0 0 0 0 0 0 0 0 0 0 0 0 0 0 0 0 0 0 0 0 0 0 0 0 0 0 0 0 0 0 0 0 0 0 0 0 0 0 0 0 0 0 0 0 0 0]
[2878877619620735721222123821648686344923454750445517995263552159144111368458874661463080964876528438755891752444647027989627954341913742524810472212005065517246510341992233114120551 0 0 0 0 0 0 0 0 0 0 0 0 1 0 0 0 0 0 0 0 0 0 0 0 0 0 0 0 0 0 0 0 0 0 0 0 0 0 0 0 0 0 0 0 0 0 0 0 0 0 0 0 0 0 0 0 0 0 0]
[2315321047213107527626709840142661486151940743054974578308684959212076208427404771895417371036807551793761978602036143773170104520905064316876822833425091405650260944388550505408747 0 0 0 0 0 0 0 0 0 0 0 0 0 1 0 0 0 0 0 0 0 0 0 0 0 0 0 0 0 0 0 0 0 0 0 0 0 0 0 0 0 0 0 0 0 0 0 0 0 0 0 0 0 0 0 0 0 0 0]
[2183460368737491818894316951967335033477611828742945596185317792210580509783402285016354247520862319045441688543545381366480896837183220401250872278708129700802738032128104800990409 0 0 0 0 0 0 0 0 0 0 0 0 0 0 1 0 0 0 0 0 0 0 0 0 0 0 0 0 0 0 0 0 0 0 0 0 0 0 0 0 0 0 0 0 0 0 0 0 0 0 0 0 0 0 0 0 0 0 0]
[2073854308278735318233272988607969628218760193279672870189145541556501994881419034222752338950791703731259580743677755122957516586783425172026975097793029690356392677290741651449392 0 0 0 0 0 0 0 0 0 0 0 0 0 0 0 1 0 0 0 0 0 0 0 0 0 0 0 0 0 0 0 0 0 0 0 0 0 0 0 0 0 0 0 0 0 0 0 0 0 0 0 0 0 0 0 0 0 0 0]
[879973212752505628654555977123824784481990681773401113144108879741086836564555625277713764773536433195281554736860852870256437133621850358248039395506076961770383200760594519913973 0 0 0 0 0 0 0 0 0 0 0 0 0 0 0 0 1 0 0 0 0 0 0 0 0 0 0 0 0 0 0 0 0 0 0 0 0 0 0 0 0 0 0 0 0 0 0 0 0 0 0 0 0 0 0 0 0 0 0]
[653227524800506596421778983994418867713950400587029742322550512112568273924318742127137945965619609469869358410633553948728122030190643507489202107680006259601027303152400375276930 0 0 0 0 0 0 0 0 0 0 0 0 0 0 0 0 0 1 0 0 0 0 0 0 0 0 0 0 0 0 0 0 0 0 0 0 0 0 0 0 0 0 0 0 0 0 0 0 0 0 0 0 0 0 0 0 0 0 0]
[3012055524202588401643941972804455558349554464489136931552504336407288521253804216341128239564449417030281934412108396419486133206848956463312615416037877217853622949135685480087011 0 0 0 0 0 0 0 0 0 0 0 0 0 0 0 0 0 0 1 0 0 0 0 0 0 0 0 0 0 0 0 0 0 0 0 0 0 0 0 0 0 0 0 0 0 0 0 0 0 0 0 0 0 0 0 0 0 0 0]
[2601429477370319120708513544850905741693791819784877287097901888351859598314101779769517595535472453338213450721443521962302337016898417720475049799034741662228826188036282459386721 0 0 0 0 0 0 0 0 0 0 0 0 0 0 0 0 0 0 0 1 0 0 0 0 0 0 0 0 0 0 0 0 0 0 0 0 0 0 0 0 0 0 0 0 0 0 0 0 0 0 0 0 0 0 0 0 0 0 0]
[435511673442350431575581870525342938892393147276702894722672634314287948018395451846727616515975576306366209407390203285840521944425246558369966882289270607961220359555799061049446 0 0 0 0 0 0 0 0 0 0 0 0 0 0 0 0 0 0 0 0 1 0 0 0 0 0 0 0 0 0 0 0 0 0 0 0 0 0 0 0 0 0 0 0 0 0 0 0 0 0 0 0 0 0 0 0 0 0 0]
[2821695196085324429847504590095752377340005069963314135328006355930459839201669150832366217816344437774762289818336243318962212604632117590302413699946155223140251062846936131699760 0 0 0 0 0 0 0 0 0 0 0 0 0 0 0 0 0 0 0 0 0 1 0 0 0 0 0 0 0 0 0 0 0 0 0 0 0 0 0 0 0 0 0 0 0 0 0 0 0 0 0 0 0 0 0 0 0 0 0]
[262931967513399689012632221056801507080918998773481406786707741969424314418502213594458470705400698107822651620023523892173106417551467918278348811861237639986556358524806693945660 0 0 0 0 0 0 0 0 0 0 0 0 0 0 0 0 0 0 0 0 0 0 1 0 0 0 0 0 0 0 0 0 0 0 0 0 0 0 0 0 0 0 0 0 0 0 0 0 0 0 0 0 0 0 0 0 0 0 0]
[2445031698324410442441506382883130063061905874555363618634013291282718612408511667790945764449665769363481432369182754883940019959256141345692809970961606313389234662981831803955411 0 0 0 0 0 0 0 0 0 0 0 0 0 0 0 0 0 0 0 0 0 0 0 1 0 0 0 0 0 0 0 0 0 0 0 0 0 0 0 0 0 0 0 0 0 0 0 0 0 0 0 0 0 0 0 0 0 0 0]
[3239117490659157865818380809840096613461200851276695600980675459728769512049374664231033823396321393660412273354662845858961615487959517374315987138909757555750921391480676582066153 0 0 0 0 0 0 0 0 0 0 0 0 0 0 0 0 0 0 0 0 0 0 0 0 1 0 0 0 0 0 0 0 0 0 0 0 0 0 0 0 0 0 0 0 0 0 0 0 0 0 0 0 0 0 0 0 0 0 0]
[2786786233802201709763482064439772993832264532394890608248004671348872318032317917027702026817810322320963249137614787425781518313522999624717007270338389763976262305162896086172166 0 0 0 0 0 0 0 0 0 0 0 0 0 0 0 0 0 0 0 0 0 0 0 0 0 1 0 0 0 0 0 0 0 0 0 0 0 0 0 0 0 0 0 0 0 0 0 0 0 0 0 0 0 0 0 0 0 0 0]
[1141150975770137676486969073360632037738812511063694894966978560107571261502368123541738499345879523094379022736945670688458185699507678559020762498440027530499336880810267141859632 0 0 0 0 0 0 0 0 0 0 0 0 0 0 0 0 0 0 0 0 0 0 0 0 0 0 1 0 0 0 0 0 0 0 0 0 0 0 0 0 0 0 0 0 0 0 0 0 0 0 0 0 0 0 0 0 0 0 0]
[2765589340615673291095203164076288271947743695120365144459262158557936927740284437453444311801725477789058909124090208068040353578096314612942733168617024804608432717518043502897926 0 0 0 0 0 0 0 0 0 0 0 0 0 0 0 0 0 0 0 0 0 0 0 0 0 0 0 1 0 0 0 0 0 0 0 0 0 0 0 0 0 0 0 0 0 0 0 0 0 0 0 0 0 0 0 0 0 0 0]
[154991528854277654864454147457689412454975161369972402870864474113359548356914831685244284373650571090545400210243633443784894835030150030900811702002884774050904943333753216193854 0 0 0 0 0 0 0 0 0 0 0 0 0 0 0 0 0 0 0 0 0 0 0 0 0 0 0 0 1 0 0 0 0 0 0 0 0 0 0 0 0 0 0 0 0 0 0 0 0 0 0 0 0 0 0 0 0 0 0]
[658264638105601461724720506980158775820110405117047912632391181063428132328458845008046115183599992185053532874535014921368857617877746994306141378944754111498268271166589104170859 0 0 0 0 0 0 0 0 0 0 0 0 0 0 0 0 0 0 0 0 0 0 0 0 0 0 0 0 0 1 0 0 0 0 0 0 0 0 0 0 0 0 0 0 0 0 0 0 0 0 0 0 0 0 0 0 0 0 0]
[426583429330126606249320102537340280137153985392183134101328949761777631716840668085207899932623803943479439330807296132981546646743490275187457656050770715997521484078635744474768 0 0 0 0 0 0 0 0 0 0 0 0 0 0 0 0 0 0 0 0 0 0 0 0 0 0 0 0 0 0 1 0 0 0 0 0 0 0 0 0 0 0 0 0 0 0 0 0 0 0 0 0 0 0 0 0 0 0 0]
[1093781734079667565529403942205972341980551540610229247939122347374572587278986167043654516016359689300364973348831264235467706208214551192758084450365346191728678003818808804364238 0 0 0 0 0 0 0 0 0 0 0 0 0 0 0 0 0 0 0 0 0 0 0 0 0 0 0 0 0 0 0 1 0 0 0 0 0 0 0 0 0 0 0 0 0 0 0 0 0 0 0 0 0 0 0 0 0 0 0]
[113406961796388540768178784795931552034732686792071915580379795030152217017717317992493277125073326354893439578922067256641820948207385377561022685863621281829212493323108624798128 0 0 0 0 0 0 0 0 0 0 0 0 0 0 0 0 0 0 0 0 0 0 0 0 0 0 0 0 0 0 0 0 1 0 0 0 0 0 0 0 0 0 0 0 0 0 0 0 0 0 0 0 0 0 0 0 0 0 0]
[2268264650788321608533348950106712517695929718904538598460736490748024954571599810314635093030404319615586408273994336291207110561916835535964405213952542968837942057272160152050242 0 0 0 0 0 0 0 0 0 0 0 0 0 0 0 0 0 0 0 0 0 0 0 0 0 0 0 0 0 0 0 0 0 1 0 0 0 0 0 0 0 0 0 0 0 0 0 0 0 0 0 0 0 0 0 0 0 0 0]
[2754139963613607319992256190446200559396221296577542812980966197724921418977929854490764777550174727221911546240153410294870152139341808071981241866652038812540077964601355512880817 0 0 0 0 0 0 0 0 0 0 0 0 0 0 0 0 0 0 0 0 0 0 0 0 0 0 0 0 0 0 0 0 0 0 1 0 0 0 0 0 0 0 0 0 0 0 0 0 0 0 0 0 0 0 0 0 0 0 0]
[1859194731033393721455424816824764417204327409568014933203082144378969922021066160882073760169056257290422433593086831196998251401310870289840504846287716236846243761376688987980309 0 0 0 0 0 0 0 0 0 0 0 0 0 0 0 0 0 0 0 0 0 0 0 0 0 0 0 0 0 0 0 0 0 0 0 1 0 0 0 0 0 0 0 0 0 0 0 0 0 0 0 0 0 0 0 0 0 0 0]
[1524616750379066266123284870826410806508226181967433174377455719145229861096115298238128235784237962911304518297072459004899886261955391556707427153897514988251524175893990745512687 0 0 0 0 0 0 0 0 0 0 0 0 0 0 0 0 0 0 0 0 0 0 0 0 0 0 0 0 0 0 0 0 0 0 0 0 1 0 0 0 0 0 0 0 0 0 0 0 0 0 0 0 0 0 0 0 0 0 0]
[319745356478213481168481112031523377591379409013992617496332723930811777309760937423030601395187787678960618151193476531135785738884304429621467705998976673233909143655951721294605 0 0 0 0 0 0 0 0 0 0 0 0 0 0 0 0 0 0 0 0 0 0 0 0 0 0 0 0 0 0 0 0 0 0 0 0 0 1 0 0 0 0 0 0 0 0 0 0 0 0 0 0 0 0 0 0 0 0 0]
[2413461551472814720772004137252562413112455432688526250683077576574446950466248791302817707513045118780818194074590726962285857859140270872512022857119594052089728166097879649076774 0 0 0 0 0 0 0 0 0 0 0 0 0 0 0 0 0 0 0 0 0 0 0 0 0 0 0 0 0 0 0 0 0 0 0 0 0 0 1 0 0 0 0 0 0 0 0 0 0 0 0 0 0 0 0 0 0 0 0]
[3207342596543098936962872250626350189290736422296670962491451120711241093407920764294096631215729054636281630214362785679157572538901431797675857528428779644176862099514333766371929 0 0 0 0 0 0 0 0 0 0 0 0 0 0 0 0 0 0 0 0 0 0 0 0 0 0 0 0 0 0 0 0 0 0 0 0 0 0 0 1 0 0 0 0 0 0 0 0 0 0 0 0 0 0 0 0 0 0 0]
[938802298114408375376863903742841476448698304059275850975674511007492183438842476316642113493641968215969130744847917057388981099216468152261398444778696281777637635883950485289554 0 0 0 0 0 0 0 0 0 0 0 0 0 0 0 0 0 0 0 0 0 0 0 0 0 0 0 0 0 0 0 0 0 0 0 0 0 0 0 0 1 0 0 0 0 0 0 0 0 0 0 0 0 0 0 0 0 0 0]
[2732065908649149657895402341136190120867067332791493327818710334924571479604908254704146301489556336841685280334316289986699069678580816011127075611627776637281617106304199823169201 0 0 0 0 0 0 0 0 0 0 0 0 0 0 0 0 0 0 0 0 0 0 0 0 0 0 0 0 0 0 0 0 0 0 0 0 0 0 0 0 0 1 0 0 0 0 0 0 0 0 0 0 0 0 0 0 0 0 0]
[2425075501782540578639570102050876407464028674596690089340439513538091822706861364513758186827067548235641814085379043698938464277649544481418646417619642010772253092230361146962043 0 0 0 0 0 0 0 0 0 0 0 0 0 0 0 0 0 0 0 0 0 0 0 0 0 0 0 0 0 0 0 0 0 0 0 0 0 0 0 0 0 0 1 0 0 0 0 0 0 0 0 0 0 0 0 0 0 0 0]
[1033620251039401854281396678791631514579076665264459550939105490195576693792432193489645888229523383573985404466448347201550668070151285990889194512738953133566624904019626467535083 0 0 0 0 0 0 0 0 0 0 0 0 0 0 0 0 0 0 0 0 0 0 0 0 0 0 0 0 0 0 0 0 0 0 0 0 0 0 0 0 0 0 0 1 0 0 0 0 0 0 0 0 0 0 0 0 0 0 0]
[89134719350261448236912337991765902533971537173973777863758577405744635284150317076043692131364034999492497818168904660766578979900752894952613120973821524608209093971525484164954 0 0 0 0 0 0 0 0 0 0 0 0 0 0 0 0 0 0 0 0 0 0 0 0 0 0 0 0 0 0 0 0 0 0 0 0 0 0 0 0 0 0 0 0 1 0 0 0 0 0 0 0 0 0 0 0 0 0 0]
[2069849712926769176973796717187932501501272947644982735228360916963583248058047999972876023805523158815541027450821819189543565390216332504316897100516013558221485992685819320322239 0 0 0 0 0 0 0 0 0 0 0 0 0 0 0 0 0 0 0 0 0 0 0 0 0 0 0 0 0 0 0 0 0 0 0 0 0 0 0 0 0 0 0 0 0 1 0 0 0 0 0 0 0 0 0 0 0 0 0]
[780513777972755142489776326129574665531051938554828750186346504240682740181982108247776305845061125750193722275203285757821561361391521671143970447945010564665969956933528888591729 0 0 0 0 0 0 0 0 0 0 0 0 0 0 0 0 0 0 0 0 0 0 0 0 0 0 0 0 0 0 0 0 0 0 0 0 0 0 0 0 0 0 0 0 0 0 1 0 0 0 0 0 0 0 0 0 0 0 0]
[2533901455494085147788843316035337493378065406842914391693784336248957725556156819742953989164273628004611580044388027818780053368594386610480584048860552294014450130010417841785170 0 0 0 0 0 0 0 0 0 0 0 0 0 0 0 0 0 0 0 0 0 0 0 0 0 0 0 0 0 0 0 0 0 0 0 0 0 0 0 0 0 0 0 0 0 0 0 1 0 0 0 0 0 0 0 0 0 0 0]
[1811508218921492413360451711011157902613961864862032401863011202516836987386670315818514817974911005254406215361543629534946190136307051486050600121684747798411624230486349707819516 0 0 0 0 0 0 0 0 0 0 0 0 0 0 0 0 0 0 0 0 0 0 0 0 0 0 0 0 0 0 0 0 0 0 0 0 0 0 0 0 0 0 0 0 0 0 0 0 1 0 0 0 0 0 0 0 0 0 0]
[2769119921376934252060587123561681370925343023749339336089353275135193683597829369991009627828832974827238351563165691957024082708943985582039025929444747253287902463433316613375847 0 0 0 0 0 0 0 0 0 0 0 0 0 0 0 0 0 0 0 0 0 0 0 0 0 0 0 0 0 0 0 0 0 0 0 0 0 0 0 0 0 0 0 0 0 0 0 0 0 1 0 0 0 0 0 0 0 0 0]
[287308075358226775703875694739664464726968088766949728436238671070509362507399106377262317241685916418789467437268469962196023547930752226482477607655130576403701136952346267128072 0 0 0 0 0 0 0 0 0 0 0 0 0 0 0 0 0 0 0 0 0 0 0 0 0 0 0 0 0 0 0 0 0 0 0 0 0 0 0 0 0 0 0 0 0 0 0 0 0 0 1 0 0 0 0 0 0 0 0]
[3400927225516601470404842359394280009403266548011470523882044916964742594368052706579973177813038319207626647060658117226838003243563937714244597550226093327990754677554239059650908 0 0 0 0 0 0 0 0 0 0 0 0 0 0 0 0 0 0 0 0 0 0 0 0 0 0 0 0 0 0 0 0 0 0 0 0 0 0 0 0 0 0 0 0 0 0 0 0 0 0 0 1 0 0 0 0 0 0 0]
[20702508492209979848080575062444465656821866808101679381638282159772061943384426493027393009046487585883315691604032167475480739453314770688994231065485450705077538553746766661830 0 0 0 0 0 0 0 0 0 0 0 0 0 0 0 0 0 0 0 0 0 0 0 0 0 0 0 0 0 0 0 0 0 0 0 0 0 0 0 0 0 0 0 0 0 0 0 0 0 0 0 0 1 0 0 0 0 0 0]
[1835099667491129117084527101567097861892094298694662321106509562783327926592151600487349587310534196224625856783690792389522750480625257741989382965635057166858294451325133054110649 0 0 0 0 0 0 0 0 0 0 0 0 0 0 0 0 0 0 0 0 0 0 0 0 0 0 0 0 0 0 0 0 0 0 0 0 0 0 0 0 0 0 0 0 0 0 0 0 0 0 0 0 0 1 0 0 0 0 0]
[80017940492525143130979857518758165829595831770858810065700380660624390761224772013559905567359367223857767063946617820566895328475135534900115458038406337088372833251022903709225 0 0 0 0 0 0 0 0 0 0 0 0 0 0 0 0 0 0 0 0 0 0 0 0 0 0 0 0 0 0 0 0 0 0 0 0 0 0 0 0 0 0 0 0 0 0 0 0 0 0 0 0 0 0 1 0 0 0 0]
[1771373477861680679478800120991787366222924851736643879160360721901211398262863837583202395302154401683190771200022580398100808107251305818460533128751461865183371144226037839647789 0 0 0 0 0 0 0 0 0 0 0 0 0 0 0 0 0 0 0 0 0 0 0 0 0 0 0 0 0 0 0 0 0 0 0 0 0 0 0 0 0 0 0 0 0 0 0 0 0 0 0 0 0 0 0 1 0 0 0]
[1091633328289458749889170013070125590581090794601342685786557973434136180031701909131848687395419244410926072695029119879929527026651664322478400749405136910558310169282737735998039 0 0 0 0 0 0 0 0 0 0 0 0 0 0 0 0 0 0 0 0 0 0 0 0 0 0 0 0 0 0 0 0 0 0 0 0 0 0 0 0 0 0 0 0 0 0 0 0 0 0 0 0 0 0 0 0 1 0 0]
[432976165239333003414932997537813603729295886814407627232881447819055041773425838348839738796644477885618688420690347042627648991968302112424207958166072935704047774999862149883647 0 0 0 0 0 0 0 0 0 0 0 0 0 0 0 0 0 0 0 0 0 0 0 0 0 0 0 0 0 0 0 0 0 0 0 0 0 0 0 0 0 0 0 0 0 0 0 0 0 0 0 0 0 0 0 0 0 1 0]
[1772724234979746752531584190796349935084549437050314836413446474363640935976124041029055321199397575489446195359637001093024512550199170124777895871164110120393063679176797839713815 0 0 0 0 0 0 0 0 0 0 0 0 0 0 0 0 0 0 0 0 0 0 0 0 0 0 0 0 0 0 0 0 0 0 0 0 0 0 0 0 0 0 0 0 0 0 0 0 0 0 0 0 0 0 0 0 0 0 1]
]
