[[4540849575893496833361195270525313331256543326881067698839669187301827981776395141689141242581582026874511721735656737017742998649217019154083734012179601185730611444112525671711017841654318114557253157314831759 0 0 0 0 0 0 0 0 0 0 0 0 0 0 0 0 0 0 0 0 0 0 0 0 0 0 0 0 0 0 0 0 0 0 0 0 0 0 0 0 0 0 0 0 0 0 0 0 0 0 0 0 0 0 0 0 0 0 0 0 0 0 0 0 0 0 0 0 0]
[250036363620058576772920851349809211608910547435224358574211996112636495126482000118273282815451820793818068050658783067975602858803542231241596247501988782095283011546237995829658516954090402793805611788786373 1 0 0 0 0 0 0 0 0 0 0 0 0 0 0 0 0 0 0 0 0 0 0 0 0 0 0 0 0 0 0 0 0 0 0 0 0 0 0 0 0 0 0 0 0 0 0 0 0 0 0 0 0 0 0 0 0 0 0 0 0 0 0 0 0 0 0 0 0]
[1119323194970557773792588164628379326868626579339238730977751889938403050265899099291708781483847472594959764941537074498464925096821433893749072242153301669134063728837077880707258459764666211038597143215169921 0 1 0 0 0 0 0 0 0 0 0 0 0 0 0 0 0 0 0 0 0 0 0 0 0 0 0 0 0 0 0 0 0 0 0 0 0 0 0 0 0 0 0 0 0 0 0 0 0 0 0 0 0 0 0 0 0 0 0 0 0 0 0 0 0 0 0 0 0]
[3067349121346912222081834542282931561840862642315440359166329207772379890214599321797294759196901219815524730364960232158278943382328287771628842549279567923340699827112328084711983263929441896635511585770872350 0 0 1 0 0 0 0 0 0 0 0 0 0 0 0 0 0 0 0 0 0 0 0 0 0 0 0 0 0 0 0 0 0 0 0 0 0 0 0 0 0 0 0 0 0 0 0 0 0 0 0 0 0 0 0 0 0 0 0 0 0 0 0 0 0 0 0 0 0]
[3179828851195260437472562854490555841314061523441486642456847396846286181078853571534589059673708440035152391141846019369796777300869101952481599206857057695591215629334604255840367713758731399015636886889707089 0 0 0 1 0 0 0 0 0 0 0 0 0 0 0 0 0 0 0 0 0 0 0 0 0 0 0 0 0 0 0 0 0 0 0 0 0 0 0 0 0 0 0 0 0 0 0 0 0 0 0 0 0 0 0 0 0 0 0 0 0 0 0 0 0 0 0 0 0]
[1075030072029495715101191256998333871799414234597876396943219022058772319929641787802499257280409763655109761868969934365124534785377385350860258044257182504301488404349771025136445415346850087328335122014063205 0 0 0 0 1 0 0 0 0 0 0 0 0 0 0 0 0 0 0 0 0 0 0 0 0 0 0 0 0 0 0 0 0 0 0 0 0 0 0 0 0 0 0 0 0 0 0 0 0 0 0 0 0 0 0 0 0 0 0 0 0 0 0 0 0 0 0 0 0]
[2644517601923149248567926324195524615342046102947208018716556757369462831995116712605880744279030185794035008431741942084704254103653168235709340691169411569341547616890071932651497057247215775549203494393382583 0 0 0 0 0 1 0 0 0 0 0 0 0 0 0 0 0 0 0 0 0 0 0 0 0 0 0 0 0 0 0 0 0 0 0 0 0 0 0 0 0 0 0 0 0 0 0 0 0 0 0 0 0 0 0 0 0 0 0 0 0 0 0 0 0 0 0 0 0]
[444731798501423702188659750904744789029586522184341493837338898602635250181973719053868805881072430162108163367204549883634827102767984977702847820175350696781979083087935084356378306616298243409924039746948833 0 0 0 0 0 0 1 0 0 0 0 0 0 0 0 0 0 0 0 0 0 0 0 0 0 0 0 0 0 0 0 0 0 0 0 0 0 0 0 0 0 0 0 0 0 0 0 0 0 0 0 0 0 0 0 0 0 0 0 0 0 0 0 0 0 0 0 0 0]
[4116435923511632314763465801889398901647270112588400537996622672878993767436341649886224875797260225468864861071424626385315499721420076517287402514169260164629734191053653601695507272763005983449218186900453640 0 0 0 0 0 0 0 1 0 0 0 0 0 0 0 0 0 0 0 0 0 0 0 0 0 0 0 0 0 0 0 0 0 0 0 0 0 0 0 0 0 0 0 0 0 0 0 0 0 0 0 0 0 0 0 0 0 0 0 0 0 0 0 0 0 0 0 0 0]
[4458267794015888670251981766442295828132186242905740145241823376386575781902795071599410954511209491731386364831886392849872217692462055438222827429191865185341900372313968523705608296645818498394194885987402814 0 0 0 0 0 0 0 0 1 0 0 0 0 0 0 0 0 0 0 0 0 0 0 0 0 0 0 0 0 0 0 0 0 0 0 0 0 0 0 0 0 0 0 0 0 0 0 0 0 0 0 0 0 0 0 0 0 0 0 0 0 0 0 0 0 0 0 0 0]
[10406807508667571513107160001108010647435190234108829759180430500097300007151404096711785829999317331622950596818731396847002215318701503558812854307623288538787842254735276892802518120309048938997502744876806 0 0 0 0 0 0 0 0 0 1 0 0 0 0 0 0 0 0 0 0 0 0 0 0 0 0 0 0 0 0 0 0 0 0 0 0 0 0 0 0 0 0 0 0 0 0 0 0 0 0 0 0 0 0 0 0 0 0 0 0 0 0 0 0 0 0 0 0 0]
[4286154448793968448083521086614243543173709606468790551202169021096167598066844418527019174557324372684541796744170772861476826786953001941619261218586848159140264492807703917702167182124944204907022146672436889 0 0 0 0 0 0 0 0 0 0 1 0 0 0 0 0 0 0 0 0 0 0 0 0 0 0 0 0 0 0 0 0 0 0 0 0 0 0 0 0 0 0 0 0 0 0 0 0 0 0 0 0 0 0 0 0 0 0 0 0 0 0 0 0 0 0 0 0 0]
[3653397802783064650770681457897223408934402562271166741733687979285714326925050670934333097983112004141050147263675515694723654799407039503009428993193447286397668839630860152162389469462077281250753514653258148 0 0 0 0 0 0 0 0 0 0 0 1 0 0 0 0 0 0 0 0 0 0 0 0 0 0 0 0 0 0 0 0 0 0 0 0 0 0 0 0 0 0 0 0 0 0 0 0 0 0 0 0 0 0 0 0 0 0 0 0 0 0 0 0 0 0 0 0 0]
[3011423070847741878851638652053233829889043377973952879102752267627299619118011578004787264923566728212454790996172011982749076968240802551129283194396425988071601632174289455627120873772784431206136778400964544 0 0 0 0 0 0 0 0 0 0 0 0 1 0 0 0 0 0 0 0 0 0 0 0 0 0 0 0 0 0 0 0 0 0 0 0 0 0 0 0 0 0 0 0 0 0 0 0 0 0 0 0 0 0 0 0 0 0 0 0 0 0 0 0 0 0 0 0 0]
[201200789840283700686929125693711401798154889408389552623438594868073224688117955538739715121937320075705222108309588830355033195912144126599065058213542287756955415993352123893353015147859368027551082544309718 0 0 0 0 0 0 0 0 0 0 0 0 0 1 0 0 0 0 0 0 0 0 0 0 0 0 0 0 0 0 0 0 0 0 0 0 0 0 0 0 0 0 0 0 0 0 0 0 0 0 0 0 0 0 0 0 0 0 0 0 0 0 0 0 0 0 0 0 0]
[694213294421825533431832080623752686732031712069555187918688012478500873177774459243163301087605253840321452284024591770620348523107704530563666220653103128560834279667810013259512862408551390824872288249563855 0 0 0 0 0 0 0 0 0 0 0 0 0 0 1 0 0 0 0 0 0 0 0 0 0 0 0 0 0 0 0 0 0 0 0 0 0 0 0 0 0 0 0 0 0 0 0 0 0 0 0 0 0 0 0 0 0 0 0 0 0 0 0 0 0 0 0 0 0]
[2927766831756105304506920925497378036002306121933380619479301179608979358646316480252047930789035140158208370216913291852286628719469212845227185200707215214411472369790813982526931713133369324651261246528332205 0 0 0 0 0 0 0 0 0 0 0 0 0 0 0 1 0 0 0 0 0 0 0 0 0 0 0 0 0 0 0 0 0 0 0 0 0 0 0 0 0 0 0 0 0 0 0 0 0 0 0 0 0 0 0 0 0 0 0 0 0 0 0 0 0 0 0 0 0]
[3573030360203152647574135143024426147332143246782391310927087604837204518988215882774483699615946853082835567490491817154254285836536862557230709397577414431404583486496111791617542700971189635955727863193280685 0 0 0 0 0 0 0 0 0 0 0 0 0 0 0 0 1 0 0 0 0 0 0 0 0 0 0 0 0 0 0 0 0 0 0 0 0 0 0 0 0 0 0 0 0 0 0 0 0 0 0 0 0 0 0 0 0 0 0 0 0 0 0 0 0 0 0 0 0]
[3338785809605344453137846913980024230219478504507030012828787155496348510411379267515274931047352436170065832147341738078955129623133645849653654721511366244821740289795358524491753292249885338753283331689196566 0 0 0 0 0 0 0 0 0 0 0 0 0 0 0 0 0 1 0 0 0 0 0 0 0 0 0 0 0 0 0 0 0 0 0 0 0 0 0 0 0 0 0 0 0 0 0 0 0 0 0 0 0 0 0 0 0 0 0 0 0 0 0 0 0 0 0 0 0]
[4445332084461936753801200868868144294960221501990067515140568994081587193028435772867790200647204983181239176578281184209935483314914169868769406834712994169462818049282646150828389504817581022790208302696698995 0 0 0 0 0 0 0 0 0 0 0 0 0 0 0 0 0 0 1 0 0 0 0 0 0 0 0 0 0 0 0 0 0 0 0 0 0 0 0 0 0 0 0 0 0 0 0 0 0 0 0 0 0 0 0 0 0 0 0 0 0 0 0 0 0 0 0 0 0]
[2202128996337310798634592407262944408475345040526228061180303864450868666310997442972491754698005183090442409711896004830476332187892616084320232073917996932321683989190187969299912722142676305304218657804216472 0 0 0 0 0 0 0 0 0 0 0 0 0 0 0 0 0 0 0 1 0 0 0 0 0 0 0 0 0 0 0 0 0 0 0 0 0 0 0 0 0 0 0 0 0 0 0 0 0 0 0 0 0 0 0 0 0 0 0 0 0 0 0 0 0 0 0 0 0]
[2648352616776500554708317451191565578521808615253417452834972329138045806580298350427978189323910640586902178744243089916889694978610275024716832375956864976055082292066356595912003320084034586206825690878291211 0 0 0 0 0 0 0 0 0 0 0 0 0 0 0 0 0 0 0 0 1 0 0 0 0 0 0 0 0 0 0 0 0 0 0 0 0 0 0 0 0 0 0 0 0 0 0 0 0 0 0 0 0 0 0 0 0 0 0 0 0 0 0 0 0 0 0 0 0]
[4088847808013188802699695259064718035576144371131633070461811977329110392101304892905951670617650463991504997957352051948700948014686329601267418582617418017860271380740689656688012577120166258004334559769268203 0 0 0 0 0 0 0 0 0 0 0 0 0 0 0 0 0 0 0 0 0 1 0 0 0 0 0 0 0 0 0 0 0 0 0 0 0 0 0 0 0 0 0 0 0 0 0 0 0 0 0 0 0 0 0 0 0 0 0 0 0 0 0 0 0 0 0 0 0]
[3010520666440308799527499828518217581784751632690582765153565650962036108048172957915160527999237834566400143803083917254897383967068912349517131573987635575456783139966736383591084201994583291445924628699745760 0 0 0 0 0 0 0 0 0 0 0 0 0 0 0 0 0 0 0 0 0 0 1 0 0 0 0 0 0 0 0 0 0 0 0 0 0 0 0 0 0 0 0 0 0 0 0 0 0 0 0 0 0 0 0 0 0 0 0 0 0 0 0 0 0 0 0 0 0]
[1636604209008107953512512983698064131529653929969781298626361136980665217156607849795697421215600357349803265880227868088494926094986842311209821070260076339702509029454543290526013620316125877189995345526449374 0 0 0 0 0 0 0 0 0 0 0 0 0 0 0 0 0 0 0 0 0 0 0 1 0 0 0 0 0 0 0 0 0 0 0 0 0 0 0 0 0 0 0 0 0 0 0 0 0 0 0 0 0 0 0 0 0 0 0 0 0 0 0 0 0 0 0 0 0]
[2001666614412244920295540932249792704123938476913924394636283100349700196532120431203892468591103664509447662847186875418129143676519550548682122634491107281649976319439706250881771037715554445550950516746027484 0 0 0 0 0 0 0 0 0 0 0 0 0 0 0 0 0 0 0 0 0 0 0 0 1 0 0 0 0 0 0 0 0 0 0 0 0 0 0 0 0 0 0 0 0 0 0 0 0 0 0 0 0 0 0 0 0 0 0 0 0 0 0 0 0 0 0 0 0]
[2615128687784719755813408814481646257010751031204183099615873735918873418876670285107422260398352444599821332234501238594250262743110772758702688852214843081791860503572276393007904923955061419106731947502544376 0 0 0 0 0 0 0 0 0 0 0 0 0 0 0 0 0 0 0 0 0 0 0 0 0 1 0 0 0 0 0 0 0 0 0 0 0 0 0 0 0 0 0 0 0 0 0 0 0 0 0 0 0 0 0 0 0 0 0 0 0 0 0 0 0 0 0 0 0]
[280483364677148511712144293289537906147708885391155724486656403159671677286837233985342182149620667095583345944137651874915852553057190025852113327740072112677795814820604949135500059438053002748638003692722053 0 0 0 0 0 0 0 0 0 0 0 0 0 0 0 0 0 0 0 0 0 0 0 0 0 0 1 0 0 0 0 0 0 0 0 0 0 0 0 0 0 0 0 0 0 0 0 0 0 0 0 0 0 0 0 0 0 0 0 0 0 0 0 0 0 0 0 0 0]
[1068135826766443733582516871685801828126792369922488636033621993446383094384752903210502063674952503524012131270272979440116569054090679111513223431099305881189756754668096573842625119557469840316552674628568993 0 0 0 0 0 0 0 0 0 0 0 0 0 0 0 0 0 0 0 0 0 0 0 0 0 0 0 1 0 0 0 0 0 0 0 0 0 0 0 0 0 0 0 0 0 0 0 0 0 0 0 0 0 0 0 0 0 0 0 0 0 0 0 0 0 0 0 0 0]
[3078333379610994882845462962176159848375654669217416633391997802922537982480504623496920743024253194056838434669067750025747044112704038071732810925610271549302402895174380449181282577188358461742976213402935948 0 0 0 0 0 0 0 0 0 0 0 0 0 0 0 0 0 0 0 0 0 0 0 0 0 0 0 0 1 0 0 0 0 0 0 0 0 0 0 0 0 0 0 0 0 0 0 0 0 0 0 0 0 0 0 0 0 0 0 0 0 0 0 0 0 0 0 0 0]
[1152827679134131372462677217741042935390752350217041003239985195347782190719432966785561783138514777529994462719412824231422492967915839021967882614614264286014727482342325827446703766074961632624296768443696398 0 0 0 0 0 0 0 0 0 0 0 0 0 0 0 0 0 0 0 0 0 0 0 0 0 0 0 0 0 1 0 0 0 0 0 0 0 0 0 0 0 0 0 0 0 0 0 0 0 0 0 0 0 0 0 0 0 0 0 0 0 0 0 0 0 0 0 0 0]
[2481359843318800018959770851575066388164088523407897136923555521001553276061373460726631214324743152852566590560542621308278583452366453327413865586852077581206091821877971204420279462731498103155754451196243490 0 0 0 0 0 0 0 0 0 0 0 0 0 0 0 0 0 0 0 0 0 0 0 0 0 0 0 0 0 0 1 0 0 0 0 0 0 0 0 0 0 0 0 0 0 0 0 0 0 0 0 0 0 0 0 0 0 0 0 0 0 0 0 0 0 0 0 0 0]
[1484641250305327252539324347904649893354822154447404088002141203272744085422950317810213158635419311336906974648841845698828302037386210088649005774434809591909080812042085575190220568857601354304098580263321027 0 0 0 0 0 0 0 0 0 0 0 0 0 0 0 0 0 0 0 0 0 0 0 0 0 0 0 0 0 0 0 1 0 0 0 0 0 0 0 0 0 0 0 0 0 0 0 0 0 0 0 0 0 0 0 0 0 0 0 0 0 0 0 0 0 0 0 0 0]
[1945619239511229485821815684667980463424212227437478310683489796871098203987223086247288218040631376936747360172001535676735690715466719153950761252295379539604667181383456853190904396363781373931030745945089703 0 0 0 0 0 0 0 0 0 0 0 0 0 0 0 0 0 0 0 0 0 0 0 0 0 0 0 0 0 0 0 0 1 0 0 0 0 0 0 0 0 0 0 0 0 0 0 0 0 0 0 0 0 0 0 0 0 0 0 0 0 0 0 0 0 0 0 0 0]
[3215147712304443070843862647194602766507771457504386347431593343940267795829575103252497009649714430872865355804072936704806564225852804242857502597007377611126557296609393259921068004321070022468903088971700932 0 0 0 0 0 0 0 0 0 0 0 0 0 0 0 0 0 0 0 0 0 0 0 0 0 0 0 0 0 0 0 0 0 1 0 0 0 0 0 0 0 0 0 0 0 0 0 0 0 0 0 0 0 0 0 0 0 0 0 0 0 0 0 0 0 0 0 0 0]
[1912031870812709850559309925892830683121657645330637996769112968348871184307776958248999540819141240377617426006156157935474286876403637173430154396489201039693807204292223872080971687141978337150182021745347118 0 0 0 0 0 0 0 0 0 0 0 0 0 0 0 0 0 0 0 0 0 0 0 0 0 0 0 0 0 0 0 0 0 0 1 0 0 0 0 0 0 0 0 0 0 0 0 0 0 0 0 0 0 0 0 0 0 0 0 0 0 0 0 0 0 0 0 0 0]
[1977164157074180685296664543442522516081189725220976822271709040170865230739417690850369207792717450498857191913689748698202766412056740528925957664640682992631048758774270076246015351730960950568668772971010110 0 0 0 0 0 0 0 0 0 0 0 0 0 0 0 0 0 0 0 0 0 0 0 0 0 0 0 0 0 0 0 0 0 0 0 1 0 0 0 0 0 0 0 0 0 0 0 0 0 0 0 0 0 0 0 0 0 0 0 0 0 0 0 0 0 0 0 0 0]
[1522102822007295152803801509872880581170793887527682180771052358266186795400782122659894829718621566622171605405137483965510985681664533844269247376141379708321717511203764492763964562716604379303589284279858630 0 0 0 0 0 0 0 0 0 0 0 0 0 0 0 0 0 0 0 0 0 0 0 0 0 0 0 0 0 0 0 0 0 0 0 0 1 0 0 0 0 0 0 0 0 0 0 0 0 0 0 0 0 0 0 0 0 0 0 0 0 0 0 0 0 0 0 0 0]
[1288420557367610016647390167073970375745694963041688676456532521689263868859079266362256002828323276775816801060885367409745526432282498301405700754299285075077999197147382557887510289180928964586479297760543021 0 0 0 0 0 0 0 0 0 0 0 0 0 0 0 0 0 0 0 0 0 0 0 0 0 0 0 0 0 0 0 0 0 0 0 0 0 1 0 0 0 0 0 0 0 0 0 0 0 0 0 0 0 0 0 0 0 0 0 0 0 0 0 0 0 0 0 0 0]
[3672151128801954450242287814693550129040805044315326521844346235571705058602926136426094554649118350101250924390259741393809869818736738051711353070564770461925928701659759472990886849082006861954187956012584653 0 0 0 0 0 0 0 0 0 0 0 0 0 0 0 0 0 0 0 0 0 0 0 0 0 0 0 0 0 0 0 0 0 0 0 0 0 0 1 0 0 0 0 0 0 0 0 0 0 0 0 0 0 0 0 0 0 0 0 0 0 0 0 0 0 0 0 0 0]
[787846754704194800329347820711913531228357490187849312058152828743585967783402697634782738264222970036223722163498781016736482788767627581913992009171107956989442412402296091585379180271229662267308469472329959 0 0 0 0 0 0 0 0 0 0 0 0 0 0 0 0 0 0 0 0 0 0 0 0 0 0 0 0 0 0 0 0 0 0 0 0 0 0 0 1 0 0 0 0 0 0 0 0 0 0 0 0 0 0 0 0 0 0 0 0 0 0 0 0 0 0 0 0 0]
[3272370399396561096062617982028852902460976331146215368649760154671550351521211044554642388423408130043937006911725323289364437151067587197055966880390308801946012106211012754262090816678824963131787468256046567 0 0 0 0 0 0 0 0 0 0 0 0 0 0 0 0 0 0 0 0 0 0 0 0 0 0 0 0 0 0 0 0 0 0 0 0 0 0 0 0 1 0 0 0 0 0 0 0 0 0 0 0 0 0 0 0 0 0 0 0 0 0 0 0 0 0 0 0 0]
[2777580504699356064850852423041077268384930316864399954406994846938561140339070760823752007029363501394813719927822308212820022465255250097631195745465641201167616972216816490468435266046448499509897194301331853 0 0 0 0 0 0 0 0 0 0 0 0 0 0 0 0 0 0 0 0 0 0 0 0 0 0 0 0 0 0 0 0 0 0 0 0 0 0 0 0 0 1 0 0 0 0 0 0 0 0 0 0 0 0 0 0 0 0 0 0 0 0 0 0 0 0 0 0 0]
[2802606104477473869126274380192644719270838509020962412115654518833554624118986976259986983477355780207694525590252640346413952047630905977487219706792511769024864269574665966908583330829721612584107178887153358 0 0 0 0 0 0 0 0 0 0 0 0 0 0 0 0 0 0 0 0 0 0 0 0 0 0 0 0 0 0 0 0 0 0 0 0 0 0 0 0 0 0 1 0 0 0 0 0 0 0 0 0 0 0 0 0 0 0 0 0 0 0 0 0 0 0 0 0 0]
[1944831376829913868583962821275735367631958373130642959603465664902127132907188168286423289273549049425894619875605942866927267884883186630579815806281232094378148086798191673645714107984969509232926468608777069 0 0 0 0 0 0 0 0 0 0 0 0 0 0 0 0 0 0 0 0 0 0 0 0 0 0 0 0 0 0 0 0 0 0 0 0 0 0 0 0 0 0 0 1 0 0 0 0 0 0 0 0 0 0 0 0 0 0 0 0 0 0 0 0 0 0 0 0 0]
[3326445726275659695821040919975230649621400025895668634898511878820189568852027888045294537340256995182468859839001633385085172606240093086191276531681227843099320095344455018755665699105678251478793288146896024 0 0 0 0 0 0 0 0 0 0 0 0 0 0 0 0 0 0 0 0 0 0 0 0 0 0 0 0 0 0 0 0 0 0 0 0 0 0 0 0 0 0 0 0 1 0 0 0 0 0 0 0 0 0 0 0 0 0 0 0 0 0 0 0 0 0 0 0 0]
[1146322074614525922473523777685023011919811194192026278649913292463530026176177246842028055034122353566210765644927114471956013911003186560890297135038052111120220785627079066148532622477789300426801832893308552 0 0 0 0 0 0 0 0 0 0 0 0 0 0 0 0 0 0 0 0 0 0 0 0 0 0 0 0 0 0 0 0 0 0 0 0 0 0 0 0 0 0 0 0 0 1 0 0 0 0 0 0 0 0 0 0 0 0 0 0 0 0 0 0 0 0 0 0 0]
[4444221952669822322427197285540753419937486350284000469465504604721793805732936197277688946016157734740627636837623360025207875336097215957514411868537667168655379609053890815805176544493130544224749368813122742 0 0 0 0 0 0 0 0 0 0 0 0 0 0 0 0 0 0 0 0 0 0 0 0 0 0 0 0 0 0 0 0 0 0 0 0 0 0 0 0 0 0 0 0 0 0 1 0 0 0 0 0 0 0 0 0 0 0 0 0 0 0 0 0 0 0 0 0 0]
[2948983500682928460561658402705284168651323810625053703345691801621350566752232315221998118190320002490933439181764317092235067602403376593186823907369524526200664378273653144282680498511734212965407345382404434 0 0 0 0 0 0 0 0 0 0 0 0 0 0 0 0 0 0 0 0 0 0 0 0 0 0 0 0 0 0 0 0 0 0 0 0 0 0 0 0 0 0 0 0 0 0 0 1 0 0 0 0 0 0 0 0 0 0 0 0 0 0 0 0 0 0 0 0 0]
[657311586463674839673688831437367595239016092121605449578889766449329061662075496044843870588200592305131081375863714849782859549975836443297740921395118572553467023980731576181561903220771223520578994010346784 0 0 0 0 0 0 0 0 0 0 0 0 0 0 0 0 0 0 0 0 0 0 0 0 0 0 0 0 0 0 0 0 0 0 0 0 0 0 0 0 0 0 0 0 0 0 0 0 1 0 0 0 0 0 0 0 0 0 0 0 0 0 0 0 0 0 0 0 0]
[715883635162240883290785699010584349400602294678034627474626335732083788060856486177587167367508174708833166448848185698588904677745116670304181680730593162772227578942483269805064389339363119672108909713300213 0 0 0 0 0 0 0 0 0 0 0 0 0 0 0 0 0 0 0 0 0 0 0 0 0 0 0 0 0 0 0 0 0 0 0 0 0 0 0 0 0 0 0 0 0 0 0 0 0 1 0 0 0 0 0 0 0 0 0 0 0 0 0 0 0 0 0 0 0]
[1249976547932656062369894887699878638426031148135395268886575545128956033764561332248777763664286313692562236013562901718134944193079686506727881136475097937439928142549916807108204746049268780801364801768467791 0 0 0 0 0 0 0 0 0 0 0 0 0 0 0 0 0 0 0 0 0 0 0 0 0 0 0 0 0 0 0 0 0 0 0 0 0 0 0 0 0 0 0 0 0 0 0 0 0 0 1 0 0 0 0 0 0 0 0 0 0 0 0 0 0 0 0 0 0]
[210907381966352285226929226583179989681857931810252810173011659802560727015618783773288016864894195912878881284179614792714647881582378333907900663204448942549874910430135067034732968955889133067248189891064293 0 0 0 0 0 0 0 0 0 0 0 0 0 0 0 0 0 0 0 0 0 0 0 0 0 0 0 0 0 0 0 0 0 0 0 0 0 0 0 0 0 0 0 0 0 0 0 0 0 0 0 1 0 0 0 0 0 0 0 0 0 0 0 0 0 0 0 0 0]
[4010512109482642716642700737952026679375754930300287950226895948462830992156493962966715704638047050516513200571694159596618981362873685582763712493423086944212095126366108291482024298762865565409543313239826173 0 0 0 0 0 0 0 0 0 0 0 0 0 0 0 0 0 0 0 0 0 0 0 0 0 0 0 0 0 0 0 0 0 0 0 0 0 0 0 0 0 0 0 0 0 0 0 0 0 0 0 0 1 0 0 0 0 0 0 0 0 0 0 0 0 0 0 0 0]
[1721905317394234818196040893883651703671730978100249672753536979235872743251738819080264159285612333594168216148637327578726290891540263920457506540393247708890591410306445697691079245653847575590648978241067708 0 0 0 0 0 0 0 0 0 0 0 0 0 0 0 0 0 0 0 0 0 0 0 0 0 0 0 0 0 0 0 0 0 0 0 0 0 0 0 0 0 0 0 0 0 0 0 0 0 0 0 0 0 1 0 0 0 0 0 0 0 0 0 0 0 0 0 0 0]
[3196703340716477429968463139371292831617444851105673593113284122428158689708086981754350658215112522956535874915677905298463718133806817218085902524210323487098052939711968239944720582574426119516078701281426710 0 0 0 0 0 0 0 0 0 0 0 0 0 0 0 0 0 0 0 0 0 0 0 0 0 0 0 0 0 0 0 0 0 0 0 0 0 0 0 0 0 0 0 0 0 0 0 0 0 0 0 0 0 0 1 0 0 0 0 0 0 0 0 0 0 0 0 0 0]
[685352245038943307299892803796212377705268106139411532024167404499180249750078181165407719648155722065286171125140406300924741360176723305893690041093564471896786827402666319148920576287637146095325521444983616 0 0 0 0 0 0 0 0 0 0 0 0 0 0 0 0 0 0 0 0 0 0 0 0 0 0 0 0 0 0 0 0 0 0 0 0 0 0 0 0 0 0 0 0 0 0 0 0 0 0 0 0 0 0 0 1 0 0 0 0 0 0 0 0 0 0 0 0 0]
[4276072274673546432828224512903124172952146057626182230147468601987540616292558991495788613848681453745074587395842188856008172330501586229289928300721377957941337276613528701036993689509611292929216411782744913 0 0 0 0 0 0 0 0 0 0 0 0 0 0 0 0 0 0 0 0 0 0 0 0 0 0 0 0 0 0 0 0 0 0 0 0 0 0 0 0 0 0 0 0 0 0 0 0 0 0 0 0 0 0 0 0 1 0 0 0 0 0 0 0 0 0 0 0 0]
[215291960443250976910094356564439509400523582158930170824203893930660317513961569037603455889316283975188560034564789534900644189376749344176493265865319861081100231443123330684704533508819424895876422706267391 0 0 0 0 0 0 0 0 0 0 0 0 0 0 0 0 0 0 0 0 0 0 0 0 0 0 0 0 0 0 0 0 0 0 0 0 0 0 0 0 0 0 0 0 0 0 0 0 0 0 0 0 0 0 0 0 0 1 0 0 0 0 0 0 0 0 0 0 0]
[66345311932270291064718344618988041604167621933747910034805904752757998074849266656713989810873563462512746055986922978711447282444113305025283339094451155375713065593919518838625357371417344989202837643861035 0 0 0 0 0 0 0 0 0 0 0 0 0 0 0 0 0 0 0 0 0 0 0 0 0 0 0 0 0 0 0 0 0 0 0 0 0 0 0 0 0 0 0 0 0 0 0 0 0 0 0 0 0 0 0 0 0 0 1 0 0 0 0 0 0 0 0 0 0]
[2546196289308145182720479241405701197301839479344380294230850530968711429296789528604388812183464414226992375423898814185361060519446761237116901546702960805453638217114058557517183986237222730157551766540589796 0 0 0 0 0 0 0 0 0 0 0 0 0 0 0 0 0 0 0 0 0 0 0 0 0 0 0 0 0 0 0 0 0 0 0 0 0 0 0 0 0 0 0 0 0 0 0 0 0 0 0 0 0 0 0 0 0 0 0 1 0 0 0 0 0 0 0 0 0]
[3272586968453752522530587101475933774475682246212955223170763629477934896136285188095316189566885821858909444259563576745590936606301022440671635321867361263598573834505965243531711039102099670629186339180068763 0 0 0 0 0 0 0 0 0 0 0 0 0 0 0 0 0 0 0 0 0 0 0 0 0 0 0 0 0 0 0 0 0 0 0 0 0 0 0 0 0 0 0 0 0 0 0 0 0 0 0 0 0 0 0 0 0 0 0 0 1 0 0 0 0 0 0 0 0]
[2654008049221605759498161420600208951199654520085314179291773933417493994883417557429646625821619898026385796254240826253464294284856468776917487658076328609038850653714567505317598137141118606002993753763496804 0 0 0 0 0 0 0 0 0 0 0 0 0 0 0 0 0 0 0 0 0 0 0 0 0 0 0 0 0 0 0 0 0 0 0 0 0 0 0 0 0 0 0 0 0 0 0 0 0 0 0 0 0 0 0 0 0 0 0 0 0 1 0 0 0 0 0 0 0]
[3394827403410170178743272105157417845343504008286558292267444953017420142965418630284588923766767172078275216970822965995382606590575635899625848743497897426296008347469833823917378651571218801576442634330947759 0 0 0 0 0 0 0 0 0 0 0 0 0 0 0 0 0 0 0 0 0 0 0 0 0 0 0 0 0 0 0 0 0 0 0 0 0 0 0 0 0 0 0 0 0 0 0 0 0 0 0 0 0 0 0 0 0 0 0 0 0 0 1 0 0 0 0 0 0]
[3443557118868212582104543689191545636464228665165312825342532360498713818024770343041403006465889788887750871041871459310211002891304166056839338379051591030670029542535711548541058773677907145187747865258044572 0 0 0 0 0 0 0 0 0 0 0 0 0 0 0 0 0 0 0 0 0 0 0 0 0 0 0 0 0 0 0 0 0 0 0 0 0 0 0 0 0 0 0 0 0 0 0 0 0 0 0 0 0 0 0 0 0 0 0 0 0 0 0 1 0 0 0 0 0]
[4321410534175677726984687478756131673124377403425250238592126695302517997738574276839355394652030622100414315836774270169516437048757530965411661141211833361262890031716700313784535449240459053062978703683946306 0 0 0 0 0 0 0 0 0 0 0 0 0 0 0 0 0 0 0 0 0 0 0 0 0 0 0 0 0 0 0 0 0 0 0 0 0 0 0 0 0 0 0 0 0 0 0 0 0 0 0 0 0 0 0 0 0 0 0 0 0 0 0 0 1 0 0 0 0]
[1808241308574733848236767588018907371666779936180342416197473151050641482171808675269571232251902932762316074713100086270153754379524663926947274946536981605979573265436000156710133619765984651990096212676385067 0 0 0 0 0 0 0 0 0 0 0 0 0 0 0 0 0 0 0 0 0 0 0 0 0 0 0 0 0 0 0 0 0 0 0 0 0 0 0 0 0 0 0 0 0 0 0 0 0 0 0 0 0 0 0 0 0 0 0 0 0 0 0 0 0 1 0 0 0]
[3617846500348879574089552178404131319226203767213078122518828222991710675352978008905025195049551220459810057048180005569718246988111480730024851628806965985760528082098125286189154768507822533458133180867418218 0 0 0 0 0 0 0 0 0 0 0 0 0 0 0 0 0 0 0 0 0 0 0 0 0 0 0 0 0 0 0 0 0 0 0 0 0 0 0 0 0 0 0 0 0 0 0 0 0 0 0 0 0 0 0 0 0 0 0 0 0 0 0 0 0 0 1 0 0]
[3451328556576361859708014673915043421857301522641720040792911519954229583655756287731217861289282216305179792088289103566787463554177206435123005208967597518595394128511809419972130388744378865296347128877534988 0 0 0 0 0 0 0 0 0 0 0 0 0 0 0 0 0 0 0 0 0 0 0 0 0 0 0 0 0 0 0 0 0 0 0 0 0 0 0 0 0 0 0 0 0 0 0 0 0 0 0 0 0 0 0 0 0 0 0 0 0 0 0 0 0 0 0 1 0]
[733955703712446388847585708211436095277439046098600898391426791463452132828692476480711333023099895018741040520674983128237583816407926421280115239346689816489413755396501432877340050725787960461349787140791882 0 0 0 0 0 0 0 0 0 0 0 0 0 0 0 0 0 0 0 0 0 0 0 0 0 0 0 0 0 0 0 0 0 0 0 0 0 0 0 0 0 0 0 0 0 0 0 0 0 0 0 0 0 0 0 0 0 0 0 0 0 0 0 0 0 0 0 0 1]
]
