[[2416241246972891009880399460405612520329866869119870608969396890427862885687238496278228389254936341511348814554274213433 0 0 0 0 0 0 0 0 0 0 0 0 0 0 0 0 0 0 0 0 0 0 0 0 0 0 0 0 0 0 0 0 0 0 0 0 0 0 0]
[2138335868305973645595169203022730109637126361060210797657419353562604273030216928408420241395004411132232753768062029395 1 0 0 0 0 0 0 0 0 0 0 0 0 0 0 0 0 0 0 0 0 0 0 0 0 0 0 0 0 0 0 0 0 0 0 0 0 0 0]
[2090792873792301968004088231670239148004465476094934441837612578232906101411096942694690891799138642680153143687673660690 0 1 0 0 0 0 0 0 0 0 0 0 0 0 0 0 0 0 0 0 0 0 0 0 0 0 0 0 0 0 0 0 0 0 0 0 0 0 0]
[1313084597007767473150435822343004113541763412498058388343820877963222697969527806044195828068739735697212047464711175597 0 0 1 0 0 0 0 0 0 0 0 0 0 0 0 0 0 0 0 0 0 0 0 0 0 0 0 0 0 0 0 0 0 0 0 0 0 0 0]
[1984165383416491278718637869626608969742481969997933308233437641833159365923948848408399984040694334941496301685115752918 0 0 0 1 0 0 0 0 0 0 0 0 0 0 0 0 0 0 0 0 0 0 0 0 0 0 0 0 0 0 0 0 0 0 0 0 0 0 0]
[1368124833378331121124582089434740321781724230150038414078116339191214680782196567907448715320975354736156700231039002950 0 0 0 0 1 0 0 0 0 0 0 0 0 0 0 0 0 0 0 0 0 0 0 0 0 0 0 0 0 0 0 0 0 0 0 0 0 0 0]
[2194318491526277649207244615056239062660045293643064388551438278154173767871590826754852585974594072984574099678627846793 0 0 0 0 0 1 0 0 0 0 0 0 0 0 0 0 0 0 0 0 0 0 0 0 0 0 0 0 0 0 0 0 0 0 0 0 0 0 0]
[1078138696891969826070140403341970487645030677136897693864667731996320889523160195233553334331984006477368889417248461158 0 0 0 0 0 0 1 0 0 0 0 0 0 0 0 0 0 0 0 0 0 0 0 0 0 0 0 0 0 0 0 0 0 0 0 0 0 0 0]
[1011951040870833152357245675975016165276205178339210096519379429665094614145511896387134121812891849746817542430751421013 0 0 0 0 0 0 0 1 0 0 0 0 0 0 0 0 0 0 0 0 0 0 0 0 0 0 0 0 0 0 0 0 0 0 0 0 0 0 0]
[1498378577442460697935859657356802112068063448508407068173639973941903077974257213836624215670405745014742350710111660500 0 0 0 0 0 0 0 0 1 0 0 0 0 0 0 0 0 0 0 0 0 0 0 0 0 0 0 0 0 0 0 0 0 0 0 0 0 0 0]
[1666561550713713035265985931174545037065494713932755725135039015176797360402982604699143659932780975503277881015518515352 0 0 0 0 0 0 0 0 0 1 0 0 0 0 0 0 0 0 0 0 0 0 0 0 0 0 0 0 0 0 0 0 0 0 0 0 0 0 0]
[1634278322468759309136092070965862846833281000404602330915009499741770574948131312239999786701972296222014019522351140405 0 0 0 0 0 0 0 0 0 0 1 0 0 0 0 0 0 0 0 0 0 0 0 0 0 0 0 0 0 0 0 0 0 0 0 0 0 0 0]
[161128054493619147434394864219590349948615973930191098414565035075376948317396586079629423070719619450281675438931092310 0 0 0 0 0 0 0 0 0 0 0 1 0 0 0 0 0 0 0 0 0 0 0 0 0 0 0 0 0 0 0 0 0 0 0 0 0 0 0]
[1134014540928510547029441215913933681696178172955171227712084539863849496660693320281241504428026850007079154733055263751 0 0 0 0 0 0 0 0 0 0 0 0 1 0 0 0 0 0 0 0 0 0 0 0 0 0 0 0 0 0 0 0 0 0 0 0 0 0 0]
[420480087405429284287702010280872328945007954418515254858769586190652510626375909508646955023945521662486044158063024373 0 0 0 0 0 0 0 0 0 0 0 0 0 1 0 0 0 0 0 0 0 0 0 0 0 0 0 0 0 0 0 0 0 0 0 0 0 0 0]
[1795741310724139195901307651080114466352871080501699900049564697765727246052698733929310966456049377968862122741622794419 0 0 0 0 0 0 0 0 0 0 0 0 0 0 1 0 0 0 0 0 0 0 0 0 0 0 0 0 0 0 0 0 0 0 0 0 0 0 0]
[569420176501835284793767329494576929982992724781167563385594534789111453161730957157989635696073457085927652647687417612 0 0 0 0 0 0 0 0 0 0 0 0 0 0 0 1 0 0 0 0 0 0 0 0 0 0 0 0 0 0 0 0 0 0 0 0 0 0 0]
[472161334100684596465329349097937794563366187697222469016162431877786044229705216874279202240274704863062128234647102920 0 0 0 0 0 0 0 0 0 0 0 0 0 0 0 0 1 0 0 0 0 0 0 0 0 0 0 0 0 0 0 0 0 0 0 0 0 0 0]
[416789675626253304972475351049504897127221803017553474693097168080444505254245774580363496061084217295492281095771174879 0 0 0 0 0 0 0 0 0 0 0 0 0 0 0 0 0 1 0 0 0 0 0 0 0 0 0 0 0 0 0 0 0 0 0 0 0 0 0]
[933112601971378391377139846657725128630855590745666365871190984672055570586676841425438748312111723194442801860676603660 0 0 0 0 0 0 0 0 0 0 0 0 0 0 0 0 0 0 1 0 0 0 0 0 0 0 0 0 0 0 0 0 0 0 0 0 0 0 0]
[836968705830407980160642144896293194057927401117466331606232019104284474414031970520360882350454139078827606518524077860 0 0 0 0 0 0 0 0 0 0 0 0 0 0 0 0 0 0 0 1 0 0 0 0 0 0 0 0 0 0 0 0 0 0 0 0 0 0 0]
[761430552827662776091562020404553854744259795429467407113926276376227648620125206314636416139405703505142957704866848644 0 0 0 0 0 0 0 0 0 0 0 0 0 0 0 0 0 0 0 0 1 0 0 0 0 0 0 0 0 0 0 0 0 0 0 0 0 0 0]
[757322074628777118912922333634658733144923389421018872295687094097358484778169729481893909928015531138131458351320492605 0 0 0 0 0 0 0 0 0 0 0 0 0 0 0 0 0 0 0 0 0 1 0 0 0 0 0 0 0 0 0 0 0 0 0 0 0 0 0]
[369214606859935172214446719336180346366017625761731161785883942832051151109052926407336975850617133151360923600357466619 0 0 0 0 0 0 0 0 0 0 0 0 0 0 0 0 0 0 0 0 0 0 1 0 0 0 0 0 0 0 0 0 0 0 0 0 0 0 0]
[1055245636249606325450609586405130484817239492131904669690788662669569245538982193442086305073374608033151445103092683025 0 0 0 0 0 0 0 0 0 0 0 0 0 0 0 0 0 0 0 0 0 0 0 1 0 0 0 0 0 0 0 0 0 0 0 0 0 0 0]
[932901137192311837851296322815529256294525052059892096491657597975606684505874219425993140112797499127911160370946588796 0 0 0 0 0 0 0 0 0 0 0 0 0 0 0 0 0 0 0 0 0 0 0 0 1 0 0 0 0 0 0 0 0 0 0 0 0 0 0]
[117804815381983516098073815548402863963836124693657808756407267455869071437464736080555157014023498667005564264321052721 0 0 0 0 0 0 0 0 0 0 0 0 0 0 0 0 0 0 0 0 0 0 0 0 0 1 0 0 0 0 0 0 0 0 0 0 0 0 0]
[2237392730440185136264230456266393398492565956991216694695215038162239927830197186924068669778793409664165427507846140477 0 0 0 0 0 0 0 0 0 0 0 0 0 0 0 0 0 0 0 0 0 0 0 0 0 0 1 0 0 0 0 0 0 0 0 0 0 0 0]
[2076879792641583516188365750122553079438806035743797104686932896679061645746090351612078608353949920399863145094327928468 0 0 0 0 0 0 0 0 0 0 0 0 0 0 0 0 0 0 0 0 0 0 0 0 0 0 0 1 0 0 0 0 0 0 0 0 0 0 0]
[1595334138017206996208687247909062923020812035926374367917020408379507941710623163397568648002824636470181019932088398542 0 0 0 0 0 0 0 0 0 0 0 0 0 0 0 0 0 0 0 0 0 0 0 0 0 0 0 0 1 0 0 0 0 0 0 0 0 0 0]
[1805327741899378939888886737054135006883998791489285799032369456519305203287695587666707400080382755047733056436954865402 0 0 0 0 0 0 0 0 0 0 0 0 0 0 0 0 0 0 0 0 0 0 0 0 0 0 0 0 0 1 0 0 0 0 0 0 0 0 0]
[1561846203801146400471423853054178565752019766829028109200053266634117122191589190950616829475288244172397411306990069680 0 0 0 0 0 0 0 0 0 0 0 0 0 0 0 0 0 0 0 0 0 0 0 0 0 0 0 0 0 0 1 0 0 0 0 0 0 0 0]
[1776394021852941777379059171627579332663691150736476097685814761505428520297578492272737991074700944642470562191356794438 0 0 0 0 0 0 0 0 0 0 0 0 0 0 0 0 0 0 0 0 0 0 0 0 0 0 0 0 0 0 0 1 0 0 0 0 0 0 0]
[2400816788348088014738020506582218304779985307106017596688467737751452571943198308706917973841868215110092631712999144043 0 0 0 0 0 0 0 0 0 0 0 0 0 0 0 0 0 0 0 0 0 0 0 0 0 0 0 0 0 0 0 0 1 0 0 0 0 0 0]
[1983934218103244827851941164975949164715406060007201672593713098204046510557073210544980711454412201124760377693291819917 0 0 0 0 0 0 0 0 0 0 0 0 0 0 0 0 0 0 0 0 0 0 0 0 0 0 0 0 0 0 0 0 0 1 0 0 0 0 0]
[740098569482467405506844488897416773438334888291869356825648970095403299195324127686383301339300426621291726417214194783 0 0 0 0 0 0 0 0 0 0 0 0 0 0 0 0 0 0 0 0 0 0 0 0 0 0 0 0 0 0 0 0 0 0 1 0 0 0 0]
[132064724383769291248888122604688068362656624596678597058672966510682159147709295019209003256808422477051920069887229309 0 0 0 0 0 0 0 0 0 0 0 0 0 0 0 0 0 0 0 0 0 0 0 0 0 0 0 0 0 0 0 0 0 0 0 1 0 0 0]
[1909514983644120755885496357365860746275619408466490045993557773474948682376191298514130180324357843490038537586610285081 0 0 0 0 0 0 0 0 0 0 0 0 0 0 0 0 0 0 0 0 0 0 0 0 0 0 0 0 0 0 0 0 0 0 0 0 1 0 0]
[791334329232194537457442727371179921733156560283515711930125864476998685517738895304125424876929832405470766004364093249 0 0 0 0 0 0 0 0 0 0 0 0 0 0 0 0 0 0 0 0 0 0 0 0 0 0 0 0 0 0 0 0 0 0 0 0 0 1 0]
[912380102661236750894205167891082003302828143934599258524726654703297164466398000438046550682814666964391561953484578415 0 0 0 0 0 0 0 0 0 0 0 0 0 0 0 0 0 0 0 0 0 0 0 0 0 0 0 0 0 0 0 0 0 0 0 0 0 0 1]
]
