[[4785926153564552849196531360301158012582067006701300646039288150894601151877469028631628050444843052624698701484120320371415764614284744967305541186489977811920410122257217263816661901659615682179997530408687717 0 0 0 0 0 0 0 0 0 0 0 0 0 0 0 0 0 0 0 0 0 0 0 0 0 0 0 0 0 0 0 0 0 0 0 0 0 0 0 0 0 0 0 0 0 0 0 0 0 0 0 0 0 0 0 0 0 0 0 0 0 0 0 0 0 0 0 0 0]
[1608294904692160013940988887924566475270452341582118743158428342850851785007853168125684537714683047297195684198226146289086981048222434125974703067693693972388472045312577334874594145543374698916621635307436972 1 0 0 0 0 0 0 0 0 0 0 0 0 0 0 0 0 0 0 0 0 0 0 0 0 0 0 0 0 0 0 0 0 0 0 0 0 0 0 0 0 0 0 0 0 0 0 0 0 0 0 0 0 0 0 0 0 0 0 0 0 0 0 0 0 0 0 0 0]
[3265772542718622126998185785177851988301790905546369144421431483456522889836855385526161361911831585171447220354592802987075878137244439399048678929843558750180839215575607520442011420489017341532566096245758809 0 1 0 0 0 0 0 0 0 0 0 0 0 0 0 0 0 0 0 0 0 0 0 0 0 0 0 0 0 0 0 0 0 0 0 0 0 0 0 0 0 0 0 0 0 0 0 0 0 0 0 0 0 0 0 0 0 0 0 0 0 0 0 0 0 0 0 0 0]
[4013289398559480923349220255540727575634920731885493285949382233922744812153743694562844110995033900134348812835763813016221213845164584242877226141442873566245350833666107855656772731814033029186158592503941309 0 0 1 0 0 0 0 0 0 0 0 0 0 0 0 0 0 0 0 0 0 0 0 0 0 0 0 0 0 0 0 0 0 0 0 0 0 0 0 0 0 0 0 0 0 0 0 0 0 0 0 0 0 0 0 0 0 0 0 0 0 0 0 0 0 0 0 0 0]
[1792210292742413517161368501404160050432258744878805913509277699434573532421480832425127063734212723375524653017368866464139096292121369633685307538605233086204724979387791588324696994926274178040382620515469873 0 0 0 1 0 0 0 0 0 0 0 0 0 0 0 0 0 0 0 0 0 0 0 0 0 0 0 0 0 0 0 0 0 0 0 0 0 0 0 0 0 0 0 0 0 0 0 0 0 0 0 0 0 0 0 0 0 0 0 0 0 0 0 0 0 0 0 0 0]
[190233768215569716520394788080642833680531776711555891171613065729679809246147362718212589333318001711206203875661678453917663972385357957860020530567415898057249636400067502998030647641222882392790773097989553 0 0 0 0 1 0 0 0 0 0 0 0 0 0 0 0 0 0 0 0 0 0 0 0 0 0 0 0 0 0 0 0 0 0 0 0 0 0 0 0 0 0 0 0 0 0 0 0 0 0 0 0 0 0 0 0 0 0 0 0 0 0 0 0 0 0 0 0 0]
[1042134701090437054634660382940865985066796517044772467415934524569035326880756677011445048591748875747315583681970677877166719441764443531023902167487853642808900199975882942884265742773751960723623505440442699 0 0 0 0 0 1 0 0 0 0 0 0 0 0 0 0 0 0 0 0 0 0 0 0 0 0 0 0 0 0 0 0 0 0 0 0 0 0 0 0 0 0 0 0 0 0 0 0 0 0 0 0 0 0 0 0 0 0 0 0 0 0 0 0 0 0 0 0 0]
[1846641904534961041587518957784493677215345635513375842444662400544269523019969577476127176464307198511481354623034553535861106229504154543316063473193226717986018486076650286368919902748161084670240057506554874 0 0 0 0 0 0 1 0 0 0 0 0 0 0 0 0 0 0 0 0 0 0 0 0 0 0 0 0 0 0 0 0 0 0 0 0 0 0 0 0 0 0 0 0 0 0 0 0 0 0 0 0 0 0 0 0 0 0 0 0 0 0 0 0 0 0 0 0 0]
[1669187140650134098521233505131296892114046554830881207231950028296711135361032150471008620604265266095715258251463633103139691553219732914521844368544843292888429264415184116928518193835668145817650356741261626 0 0 0 0 0 0 0 1 0 0 0 0 0 0 0 0 0 0 0 0 0 0 0 0 0 0 0 0 0 0 0 0 0 0 0 0 0 0 0 0 0 0 0 0 0 0 0 0 0 0 0 0 0 0 0 0 0 0 0 0 0 0 0 0 0 0 0 0 0]
[3076655089575110966317241942047190568684976986428722711574475080715752575093433345711558564558166190185252757967224303718440013226289050179105907250489462928312940027232769682811205316076387319707903156235342661 0 0 0 0 0 0 0 0 1 0 0 0 0 0 0 0 0 0 0 0 0 0 0 0 0 0 0 0 0 0 0 0 0 0 0 0 0 0 0 0 0 0 0 0 0 0 0 0 0 0 0 0 0 0 0 0 0 0 0 0 0 0 0 0 0 0 0 0 0]
[745390192715833476282607943212174048128045698701999629483054086450723634814015569550879324454350460942249262370551603491761418065558237339282721187353476834961417317843967741961970483956545770314713826507502494 0 0 0 0 0 0 0 0 0 1 0 0 0 0 0 0 0 0 0 0 0 0 0 0 0 0 0 0 0 0 0 0 0 0 0 0 0 0 0 0 0 0 0 0 0 0 0 0 0 0 0 0 0 0 0 0 0 0 0 0 0 0 0 0 0 0 0 0 0]
[1928114926987281984621619307175846075240111478303763256373502389179240975278686145304682076033590116094909203253702352127309501962798619691387066129294705638748341249381651260791320135618771684248311234758468917 0 0 0 0 0 0 0 0 0 0 1 0 0 0 0 0 0 0 0 0 0 0 0 0 0 0 0 0 0 0 0 0 0 0 0 0 0 0 0 0 0 0 0 0 0 0 0 0 0 0 0 0 0 0 0 0 0 0 0 0 0 0 0 0 0 0 0 0 0]
[222791180621567671651081934789542293950862838578882632770140987813338391317422903921010130127384385892800953812995549327748404665679428486179226941505808341663048442563737728373511647686389918782357053401380396 0 0 0 0 0 0 0 0 0 0 0 1 0 0 0 0 0 0 0 0 0 0 0 0 0 0 0 0 0 0 0 0 0 0 0 0 0 0 0 0 0 0 0 0 0 0 0 0 0 0 0 0 0 0 0 0 0 0 0 0 0 0 0 0 0 0 0 0 0]
[4508674267313875500216286570220492083168938309351902478228600235916303416077343532176541261876809082894131049478359121750818029989798132737575259972675635654466607109626587965016744066742785622719852763820057747 0 0 0 0 0 0 0 0 0 0 0 0 1 0 0 0 0 0 0 0 0 0 0 0 0 0 0 0 0 0 0 0 0 0 0 0 0 0 0 0 0 0 0 0 0 0 0 0 0 0 0 0 0 0 0 0 0 0 0 0 0 0 0 0 0 0 0 0 0]
[3116687605400859469064063725685449515501691872217781097000828574412171796467923011168613250963396352267999842181689289927805605967234019492976949939868777992671371048693183325748041088660517642536718524277442503 0 0 0 0 0 0 0 0 0 0 0 0 0 1 0 0 0 0 0 0 0 0 0 0 0 0 0 0 0 0 0 0 0 0 0 0 0 0 0 0 0 0 0 0 0 0 0 0 0 0 0 0 0 0 0 0 0 0 0 0 0 0 0 0 0 0 0 0 0]
[1431938008112491966414123141375714193832202454226758090132711987238183433800078444245471349324789022428393572298685838862170736619858550161830108229744568946684248267862848409504013418124239408560289157254338790 0 0 0 0 0 0 0 0 0 0 0 0 0 0 1 0 0 0 0 0 0 0 0 0 0 0 0 0 0 0 0 0 0 0 0 0 0 0 0 0 0 0 0 0 0 0 0 0 0 0 0 0 0 0 0 0 0 0 0 0 0 0 0 0 0 0 0 0 0]
[229939887845218710443051384035807611486368928538756304939336745074510210109216554417757832074189063730745539829434073332747391011646756302692120125544921714705787142026047295947924779541873243183449754311367192 0 0 0 0 0 0 0 0 0 0 0 0 0 0 0 1 0 0 0 0 0 0 0 0 0 0 0 0 0 0 0 0 0 0 0 0 0 0 0 0 0 0 0 0 0 0 0 0 0 0 0 0 0 0 0 0 0 0 0 0 0 0 0 0 0 0 0 0 0]
[345852725573959223993788631563816168057070244509861058570265008342432947203685722327160403812142652194481653049096055934754933470909602241715096030840377279865958860595361549391843682666566565937433325497776154 0 0 0 0 0 0 0 0 0 0 0 0 0 0 0 0 1 0 0 0 0 0 0 0 0 0 0 0 0 0 0 0 0 0 0 0 0 0 0 0 0 0 0 0 0 0 0 0 0 0 0 0 0 0 0 0 0 0 0 0 0 0 0 0 0 0 0 0 0]
[4411351118464200693456265653817405136072348607139137550525853641982396328550024231643825624151839955194857893471017213377528646218799871414678707377363320336094728061454763115580806526494882704025543348653197630 0 0 0 0 0 0 0 0 0 0 0 0 0 0 0 0 0 1 0 0 0 0 0 0 0 0 0 0 0 0 0 0 0 0 0 0 0 0 0 0 0 0 0 0 0 0 0 0 0 0 0 0 0 0 0 0 0 0 0 0 0 0 0 0 0 0 0 0 0]
[1788554313440285919819833080979649082543081372536383481914063085949553071315878063084533879349190346717970639110846306500624363520907252221604112793939445565082697624229157938226026621949791557620247234052422642 0 0 0 0 0 0 0 0 0 0 0 0 0 0 0 0 0 0 1 0 0 0 0 0 0 0 0 0 0 0 0 0 0 0 0 0 0 0 0 0 0 0 0 0 0 0 0 0 0 0 0 0 0 0 0 0 0 0 0 0 0 0 0 0 0 0 0 0 0]
[4760261617486323733331299534565431221423307368821076268680238128399377459996554689970395079654663239443982405242077570104539623729999728236381928958396034147223717654666476856151966959216575300322903090533215845 0 0 0 0 0 0 0 0 0 0 0 0 0 0 0 0 0 0 0 1 0 0 0 0 0 0 0 0 0 0 0 0 0 0 0 0 0 0 0 0 0 0 0 0 0 0 0 0 0 0 0 0 0 0 0 0 0 0 0 0 0 0 0 0 0 0 0 0 0]
[3696263716200139304340858801756756558910962600124430569585532774643481953144437760691328761158819161001522611943747012954803356217634833228085432969233913501273490132901593681875729339902107592550260372708646606 0 0 0 0 0 0 0 0 0 0 0 0 0 0 0 0 0 0 0 0 1 0 0 0 0 0 0 0 0 0 0 0 0 0 0 0 0 0 0 0 0 0 0 0 0 0 0 0 0 0 0 0 0 0 0 0 0 0 0 0 0 0 0 0 0 0 0 0 0]
[1509431704663021509621604561775823641981908203316392438876630478368379017162510609202907659632646302327901580505818480670122026798492098303064227732720372037728625850471139438698461910411319232065403569298407650 0 0 0 0 0 0 0 0 0 0 0 0 0 0 0 0 0 0 0 0 0 1 0 0 0 0 0 0 0 0 0 0 0 0 0 0 0 0 0 0 0 0 0 0 0 0 0 0 0 0 0 0 0 0 0 0 0 0 0 0 0 0 0 0 0 0 0 0 0]
[3552104634297032287737173508717798972831394009642701395047124863295007092892283672046864374132004159282636781431874639559734166849557089211324296586818852230381029758396987358653949796940277692794899488180425745 0 0 0 0 0 0 0 0 0 0 0 0 0 0 0 0 0 0 0 0 0 0 1 0 0 0 0 0 0 0 0 0 0 0 0 0 0 0 0 0 0 0 0 0 0 0 0 0 0 0 0 0 0 0 0 0 0 0 0 0 0 0 0 0 0 0 0 0 0]
[2934160254058082834264790838700209265454371168009314802628496196931783636469899437290900104840193862723344006758096057610401645189669641141616720241502569478675786214290405769863557864398694959517005375067988413 0 0 0 0 0 0 0 0 0 0 0 0 0 0 0 0 0 0 0 0 0 0 0 1 0 0 0 0 0 0 0 0 0 0 0 0 0 0 0 0 0 0 0 0 0 0 0 0 0 0 0 0 0 0 0 0 0 0 0 0 0 0 0 0 0 0 0 0 0]
[3941263574916779240022580274434105445238526091685870281634852639280824797857722735407020272055570110700614980515206453586350029526868577290171078775679649718090573029338353590238942637363877041834357781354510471 0 0 0 0 0 0 0 0 0 0 0 0 0 0 0 0 0 0 0 0 0 0 0 0 1 0 0 0 0 0 0 0 0 0 0 0 0 0 0 0 0 0 0 0 0 0 0 0 0 0 0 0 0 0 0 0 0 0 0 0 0 0 0 0 0 0 0 0 0]
[540586128088167944468494616209853902993403193389082832287826811550903285670898813028285879539501080885646137098533882443979903978819995776424709573836823213277648585463982343217595045187517506752754883194893763 0 0 0 0 0 0 0 0 0 0 0 0 0 0 0 0 0 0 0 0 0 0 0 0 0 1 0 0 0 0 0 0 0 0 0 0 0 0 0 0 0 0 0 0 0 0 0 0 0 0 0 0 0 0 0 0 0 0 0 0 0 0 0 0 0 0 0 0 0]
[651578937285631718058258414567459697707028139529867169509725563033824682249670765786218668635625430952336195166338137767093989159420845776402083500268889809346039993905895188523417724789520745251903097753659048 0 0 0 0 0 0 0 0 0 0 0 0 0 0 0 0 0 0 0 0 0 0 0 0 0 0 1 0 0 0 0 0 0 0 0 0 0 0 0 0 0 0 0 0 0 0 0 0 0 0 0 0 0 0 0 0 0 0 0 0 0 0 0 0 0 0 0 0 0]
[3648193631490813520387596930396318678077590313440587675960463961270499453092904782745376381228199791645787346704601335146490594354136979999162968417551649246006091861661216472860773309595106826670617858958407410 0 0 0 0 0 0 0 0 0 0 0 0 0 0 0 0 0 0 0 0 0 0 0 0 0 0 0 1 0 0 0 0 0 0 0 0 0 0 0 0 0 0 0 0 0 0 0 0 0 0 0 0 0 0 0 0 0 0 0 0 0 0 0 0 0 0 0 0 0]
[3424557398341932482359823253779583814186177458708445448858732973201631650771128930560522384723637064793582731830161297252349389590181441098721073050033068890010594562254740827968125136077358442768352889534062993 0 0 0 0 0 0 0 0 0 0 0 0 0 0 0 0 0 0 0 0 0 0 0 0 0 0 0 0 1 0 0 0 0 0 0 0 0 0 0 0 0 0 0 0 0 0 0 0 0 0 0 0 0 0 0 0 0 0 0 0 0 0 0 0 0 0 0 0 0]
[1757769887216832199044922963519619458415485836850849734384934991773175686647312822099804965093252469503275943571654568347187934173007733391782878438036408700700482053123357417185696395485801244195273080377320152 0 0 0 0 0 0 0 0 0 0 0 0 0 0 0 0 0 0 0 0 0 0 0 0 0 0 0 0 0 1 0 0 0 0 0 0 0 0 0 0 0 0 0 0 0 0 0 0 0 0 0 0 0 0 0 0 0 0 0 0 0 0 0 0 0 0 0 0 0]
[745326395383615932949712280032310225127232561809597067965809424230070244305927858907089643452836860739704841539356279373376886091590666939980677896918230587026377886095360607182288283403714353912060392719038442 0 0 0 0 0 0 0 0 0 0 0 0 0 0 0 0 0 0 0 0 0 0 0 0 0 0 0 0 0 0 1 0 0 0 0 0 0 0 0 0 0 0 0 0 0 0 0 0 0 0 0 0 0 0 0 0 0 0 0 0 0 0 0 0 0 0 0 0 0]
[2080578995273243364990122567179523524254109439617385339670818132139749822941472915965013388599036958355056386310463718082423450944867740913298685070642070226791639668205173299122298412652258903683807210020626041 0 0 0 0 0 0 0 0 0 0 0 0 0 0 0 0 0 0 0 0 0 0 0 0 0 0 0 0 0 0 0 1 0 0 0 0 0 0 0 0 0 0 0 0 0 0 0 0 0 0 0 0 0 0 0 0 0 0 0 0 0 0 0 0 0 0 0 0 0]
[3303970953705938685477843362693029541207033164625062381321174484995489478266209771167028999835850754089769936007206060214490512497472829980569827213219837196704190697010425482363630842375468363817827599695459508 0 0 0 0 0 0 0 0 0 0 0 0 0 0 0 0 0 0 0 0 0 0 0 0 0 0 0 0 0 0 0 0 1 0 0 0 0 0 0 0 0 0 0 0 0 0 0 0 0 0 0 0 0 0 0 0 0 0 0 0 0 0 0 0 0 0 0 0 0]
[1832997968734093200654877740277325550458104389375027080886249315839326359830242946969450419725158867315485144181065682072414576122585783399976355825330131580389174260355388648837705137231543289867551970392240509 0 0 0 0 0 0 0 0 0 0 0 0 0 0 0 0 0 0 0 0 0 0 0 0 0 0 0 0 0 0 0 0 0 1 0 0 0 0 0 0 0 0 0 0 0 0 0 0 0 0 0 0 0 0 0 0 0 0 0 0 0 0 0 0 0 0 0 0 0]
[2483074699926984125505449831373654931883660083379723573488371371450213441753086326553275315401209750914109774657385123558060491659714753331381085453166180326263549903006683957704558859542535841848543027737760570 0 0 0 0 0 0 0 0 0 0 0 0 0 0 0 0 0 0 0 0 0 0 0 0 0 0 0 0 0 0 0 0 0 0 1 0 0 0 0 0 0 0 0 0 0 0 0 0 0 0 0 0 0 0 0 0 0 0 0 0 0 0 0 0 0 0 0 0 0]
[2997977003648985362927569726008223082309366411216736374247583696228954227495824618508166181263504007190103541913642228126950626271314651581952412107686029670774845512530077006735894453715466487716947380074517658 0 0 0 0 0 0 0 0 0 0 0 0 0 0 0 0 0 0 0 0 0 0 0 0 0 0 0 0 0 0 0 0 0 0 0 1 0 0 0 0 0 0 0 0 0 0 0 0 0 0 0 0 0 0 0 0 0 0 0 0 0 0 0 0 0 0 0 0 0]
[2808082686711788111186967755266256378848408233231239912156768267994988210923594909300938675174530700503005346031140839392915686211447066917650353107198211799503682052431759984930650443469617477241312704953458253 0 0 0 0 0 0 0 0 0 0 0 0 0 0 0 0 0 0 0 0 0 0 0 0 0 0 0 0 0 0 0 0 0 0 0 0 1 0 0 0 0 0 0 0 0 0 0 0 0 0 0 0 0 0 0 0 0 0 0 0 0 0 0 0 0 0 0 0 0]
[628609297960043618611371849697006880155939957026038471267696770861395141375790985963547653535800906400151183892026614639408764212592448143752572591041310367537913250001540439139151721166651029840720321830698969 0 0 0 0 0 0 0 0 0 0 0 0 0 0 0 0 0 0 0 0 0 0 0 0 0 0 0 0 0 0 0 0 0 0 0 0 0 1 0 0 0 0 0 0 0 0 0 0 0 0 0 0 0 0 0 0 0 0 0 0 0 0 0 0 0 0 0 0 0]
[1605177590774917449612188238192107176096317299516077809233521013859036749924579308637255753372366401604357593687870971181328115025996584863143378571655955080652321808653055618656499727060249210980472702355022102 0 0 0 0 0 0 0 0 0 0 0 0 0 0 0 0 0 0 0 0 0 0 0 0 0 0 0 0 0 0 0 0 0 0 0 0 0 0 1 0 0 0 0 0 0 0 0 0 0 0 0 0 0 0 0 0 0 0 0 0 0 0 0 0 0 0 0 0 0]
[771187745987209082199494736884333662907999513703273411643756720032907632258151812451146854926304752157533221778286946483123484982347178332768695195238008332413997269362247321620384601866574080974351206719069359 0 0 0 0 0 0 0 0 0 0 0 0 0 0 0 0 0 0 0 0 0 0 0 0 0 0 0 0 0 0 0 0 0 0 0 0 0 0 0 1 0 0 0 0 0 0 0 0 0 0 0 0 0 0 0 0 0 0 0 0 0 0 0 0 0 0 0 0 0]
[856472639150632930551463654575876631666514187049101789983842722115655558555311562718232928177048006621197724655816719500224522709794198995762477820006793205235342799148706181137654591078500415605888507846027822 0 0 0 0 0 0 0 0 0 0 0 0 0 0 0 0 0 0 0 0 0 0 0 0 0 0 0 0 0 0 0 0 0 0 0 0 0 0 0 0 1 0 0 0 0 0 0 0 0 0 0 0 0 0 0 0 0 0 0 0 0 0 0 0 0 0 0 0 0]
[2102433206712886594472673666035855002991820147610779737153592795841508619292057353362755113536632744356121840244541527412456747822836386852190328260644751264517122702326703584273075415148331261311050517194074181 0 0 0 0 0 0 0 0 0 0 0 0 0 0 0 0 0 0 0 0 0 0 0 0 0 0 0 0 0 0 0 0 0 0 0 0 0 0 0 0 0 1 0 0 0 0 0 0 0 0 0 0 0 0 0 0 0 0 0 0 0 0 0 0 0 0 0 0 0]
[406773435353531068872470313237743922321910946373082015123762664991954301891853339547492657826165332224974324787753696942447637647711052920759821195374372181925655190023078597486708346094588002568024752193885715 0 0 0 0 0 0 0 0 0 0 0 0 0 0 0 0 0 0 0 0 0 0 0 0 0 0 0 0 0 0 0 0 0 0 0 0 0 0 0 0 0 0 1 0 0 0 0 0 0 0 0 0 0 0 0 0 0 0 0 0 0 0 0 0 0 0 0 0 0]
[3885553579478336714986310510039794424866316385677382631109706465142371174380484815426426688936965006862207462308415180073494577297709412168902898145630930179483493134809346374648394371415072398142492507140331752 0 0 0 0 0 0 0 0 0 0 0 0 0 0 0 0 0 0 0 0 0 0 0 0 0 0 0 0 0 0 0 0 0 0 0 0 0 0 0 0 0 0 0 1 0 0 0 0 0 0 0 0 0 0 0 0 0 0 0 0 0 0 0 0 0 0 0 0 0]
[2011671299179856578395333281458612997018857215144180748453993456983691698717323727315295629248150636954723314820071931647835938699387619155917238556401911479480512822671068808990052178183850941322128593944772201 0 0 0 0 0 0 0 0 0 0 0 0 0 0 0 0 0 0 0 0 0 0 0 0 0 0 0 0 0 0 0 0 0 0 0 0 0 0 0 0 0 0 0 0 1 0 0 0 0 0 0 0 0 0 0 0 0 0 0 0 0 0 0 0 0 0 0 0 0]
[1124434873061420934638842994829172035158509891485630897954767429390271650795158796232247654982476972405154323073222731700582315696521956851564089941062450624318118022122001038649364981349068073420671929603039747 0 0 0 0 0 0 0 0 0 0 0 0 0 0 0 0 0 0 0 0 0 0 0 0 0 0 0 0 0 0 0 0 0 0 0 0 0 0 0 0 0 0 0 0 0 1 0 0 0 0 0 0 0 0 0 0 0 0 0 0 0 0 0 0 0 0 0 0 0]
[2422122584158066563601267863717491373618166792775186856313377246234605240137391566976283679527178800780440786008295666303901755690332987773268522779325371425055191322915783358008145398109538795948299643139631964 0 0 0 0 0 0 0 0 0 0 0 0 0 0 0 0 0 0 0 0 0 0 0 0 0 0 0 0 0 0 0 0 0 0 0 0 0 0 0 0 0 0 0 0 0 0 1 0 0 0 0 0 0 0 0 0 0 0 0 0 0 0 0 0 0 0 0 0 0]
[1807019996256166896352918106208153445636350033004852329294369371368249178288045418446246903188237933484256474709032519787669027944648655690229049009694458534537415499997626229261022975791468920869259512224442413 0 0 0 0 0 0 0 0 0 0 0 0 0 0 0 0 0 0 0 0 0 0 0 0 0 0 0 0 0 0 0 0 0 0 0 0 0 0 0 0 0 0 0 0 0 0 0 1 0 0 0 0 0 0 0 0 0 0 0 0 0 0 0 0 0 0 0 0 0]
[351086162991709224485258860852258528627147116411216467629172076091248827134404080283125170471143382967421319850219310582448781123230828092488332018358075395657752345104090839690899391382512517245286801097414550 0 0 0 0 0 0 0 0 0 0 0 0 0 0 0 0 0 0 0 0 0 0 0 0 0 0 0 0 0 0 0 0 0 0 0 0 0 0 0 0 0 0 0 0 0 0 0 0 1 0 0 0 0 0 0 0 0 0 0 0 0 0 0 0 0 0 0 0 0]
[4006443052026827378207185734140284115124664460620008121647248342459904134177108844254933047878358865817066448467842933809069762482598358170851454686882267647403785857774669109940307815876176658425813154940845061 0 0 0 0 0 0 0 0 0 0 0 0 0 0 0 0 0 0 0 0 0 0 0 0 0 0 0 0 0 0 0 0 0 0 0 0 0 0 0 0 0 0 0 0 0 0 0 0 0 1 0 0 0 0 0 0 0 0 0 0 0 0 0 0 0 0 0 0 0]
[528696650589153218434147374766695834160099421419063719011612070178466384622584751909626158994574568114302189615303404522060305479350926035063339077898589715475069629145087666995827245450668371869340919811310930 0 0 0 0 0 0 0 0 0 0 0 0 0 0 0 0 0 0 0 0 0 0 0 0 0 0 0 0 0 0 0 0 0 0 0 0 0 0 0 0 0 0 0 0 0 0 0 0 0 0 1 0 0 0 0 0 0 0 0 0 0 0 0 0 0 0 0 0 0]
[1821360755117840758084038769041722908936791059426762933575203323797781868781345790015172743916402424014777388431062590262792454678416912568200771808465063317499305687578192037621123995553489979148231340591597456 0 0 0 0 0 0 0 0 0 0 0 0 0 0 0 0 0 0 0 0 0 0 0 0 0 0 0 0 0 0 0 0 0 0 0 0 0 0 0 0 0 0 0 0 0 0 0 0 0 0 0 1 0 0 0 0 0 0 0 0 0 0 0 0 0 0 0 0 0]
[901343426107693309727733272611331173398004910069963432803500919923783135187275986804167217108592343464390200940622286076159458440346483928167696880278458165095732080705768186691118972724440641072555388429635871 0 0 0 0 0 0 0 0 0 0 0 0 0 0 0 0 0 0 0 0 0 0 0 0 0 0 0 0 0 0 0 0 0 0 0 0 0 0 0 0 0 0 0 0 0 0 0 0 0 0 0 0 1 0 0 0 0 0 0 0 0 0 0 0 0 0 0 0 0]
[4025799323457709070604824289866704973535342658469397538150027026914133035936626203279301223378551681896885555339324632246785455149943092905279454894729900412848734484766009274248050726613097690763071974955997637 0 0 0 0 0 0 0 0 0 0 0 0 0 0 0 0 0 0 0 0 0 0 0 0 0 0 0 0 0 0 0 0 0 0 0 0 0 0 0 0 0 0 0 0 0 0 0 0 0 0 0 0 0 1 0 0 0 0 0 0 0 0 0 0 0 0 0 0 0]
[392942576478024834928517413127719569457543918931494308557227091268691375594222889828627491378651660965768150835011753368994038344492840734341508009973315246550271188319522154608457283557609522728000796220833820 0 0 0 0 0 0 0 0 0 0 0 0 0 0 0 0 0 0 0 0 0 0 0 0 0 0 0 0 0 0 0 0 0 0 0 0 0 0 0 0 0 0 0 0 0 0 0 0 0 0 0 0 0 0 1 0 0 0 0 0 0 0 0 0 0 0 0 0 0]
[2605321182950695506060329406876211239646544101424319014364960691042722931844967689097276053158602025650254474256407854176609359729150048793028497353186493168559940757028326685582512778386273440117098312285435754 0 0 0 0 0 0 0 0 0 0 0 0 0 0 0 0 0 0 0 0 0 0 0 0 0 0 0 0 0 0 0 0 0 0 0 0 0 0 0 0 0 0 0 0 0 0 0 0 0 0 0 0 0 0 0 1 0 0 0 0 0 0 0 0 0 0 0 0 0]
[4105504586802974009156526140552384504784446997086275930911324464944731584617067649680747563207472129035868938933077088227646437731495549548684726844338159191294883600961679662583412127523088880631378191505344580 0 0 0 0 0 0 0 0 0 0 0 0 0 0 0 0 0 0 0 0 0 0 0 0 0 0 0 0 0 0 0 0 0 0 0 0 0 0 0 0 0 0 0 0 0 0 0 0 0 0 0 0 0 0 0 0 1 0 0 0 0 0 0 0 0 0 0 0 0]
[3046535607088340211984684879268430603490513110132440381329285890159621984753056875203780041202993600443649709902295500340090233638226728522374714424389757074143218904063264623292115979021069530031685142337583767 0 0 0 0 0 0 0 0 0 0 0 0 0 0 0 0 0 0 0 0 0 0 0 0 0 0 0 0 0 0 0 0 0 0 0 0 0 0 0 0 0 0 0 0 0 0 0 0 0 0 0 0 0 0 0 0 0 1 0 0 0 0 0 0 0 0 0 0 0]
[2640416973042294902507566999673123840520669728975466927922352121235107185236644757934713380968647374131509081687204510148236106987366306930224151560944995116818506137262519675576216982025463074652992106843559513 0 0 0 0 0 0 0 0 0 0 0 0 0 0 0 0 0 0 0 0 0 0 0 0 0 0 0 0 0 0 0 0 0 0 0 0 0 0 0 0 0 0 0 0 0 0 0 0 0 0 0 0 0 0 0 0 0 0 1 0 0 0 0 0 0 0 0 0 0]
[2519919199251091737097196486657660258837552994704349346375316291118657329892600219895811476710974332887903196755844638564845494990649681337731472249972789954264155697833721439877686124590267760313932241086078946 0 0 0 0 0 0 0 0 0 0 0 0 0 0 0 0 0 0 0 0 0 0 0 0 0 0 0 0 0 0 0 0 0 0 0 0 0 0 0 0 0 0 0 0 0 0 0 0 0 0 0 0 0 0 0 0 0 0 0 1 0 0 0 0 0 0 0 0 0]
[3109934995422994402973074998503028718094569987297824174822167151392395768519013418746011868153356772798978458592467024179439584872157280490675800465285024735198464572566861419072491178972331808022535811184223896 0 0 0 0 0 0 0 0 0 0 0 0 0 0 0 0 0 0 0 0 0 0 0 0 0 0 0 0 0 0 0 0 0 0 0 0 0 0 0 0 0 0 0 0 0 0 0 0 0 0 0 0 0 0 0 0 0 0 0 0 1 0 0 0 0 0 0 0 0]
[50044361186915068709213080037812141575408355283634861880166519086105891476544529449469343841745375586584518348739447471569234785747162549031381143244028924990542561483438847304634411386619942638659617883782600 0 0 0 0 0 0 0 0 0 0 0 0 0 0 0 0 0 0 0 0 0 0 0 0 0 0 0 0 0 0 0 0 0 0 0 0 0 0 0 0 0 0 0 0 0 0 0 0 0 0 0 0 0 0 0 0 0 0 0 0 0 1 0 0 0 0 0 0 0]
[479572659985124508543984721132564744879975053567161553422607370438599953389167893047575228699338901400176703499575214172795199426264185905078852002812589520932271744147376018660938856242123214918691969321845935 0 0 0 0 0 0 0 0 0 0 0 0 0 0 0 0 0 0 0 0 0 0 0 0 0 0 0 0 0 0 0 0 0 0 0 0 0 0 0 0 0 0 0 0 0 0 0 0 0 0 0 0 0 0 0 0 0 0 0 0 0 0 1 0 0 0 0 0 0]
[3304906052790671301139143696105937411827816289795270416514529243907157950622603836153219596275231240220071875347405546210846463674638065291286369631795271985137178882700766475633828497703086865056891656442461043 0 0 0 0 0 0 0 0 0 0 0 0 0 0 0 0 0 0 0 0 0 0 0 0 0 0 0 0 0 0 0 0 0 0 0 0 0 0 0 0 0 0 0 0 0 0 0 0 0 0 0 0 0 0 0 0 0 0 0 0 0 0 0 1 0 0 0 0 0]
[4098863179959543985772377549583196160750236226887055442166878401949964171351055280740550352343166482598692108444804485710798363940438111357166040597899922610252648882318192180548078566199355687535748636989956857 0 0 0 0 0 0 0 0 0 0 0 0 0 0 0 0 0 0 0 0 0 0 0 0 0 0 0 0 0 0 0 0 0 0 0 0 0 0 0 0 0 0 0 0 0 0 0 0 0 0 0 0 0 0 0 0 0 0 0 0 0 0 0 0 1 0 0 0 0]
[3565194213147162671559602512061235807515087108129178453398807613742336013813589584807870347591268636185306199675547804621657932461476227770774536751910390268894269874209447578784166866805955292006199833598022631 0 0 0 0 0 0 0 0 0 0 0 0 0 0 0 0 0 0 0 0 0 0 0 0 0 0 0 0 0 0 0 0 0 0 0 0 0 0 0 0 0 0 0 0 0 0 0 0 0 0 0 0 0 0 0 0 0 0 0 0 0 0 0 0 0 1 0 0 0]
[4592122517355760281940694794321493859249176225580846828343215613290248311233181222910641341801215001924557318212747947980049311590585150745860150055754053518426723934312968537560703968051610925312705092996972230 0 0 0 0 0 0 0 0 0 0 0 0 0 0 0 0 0 0 0 0 0 0 0 0 0 0 0 0 0 0 0 0 0 0 0 0 0 0 0 0 0 0 0 0 0 0 0 0 0 0 0 0 0 0 0 0 0 0 0 0 0 0 0 0 0 0 1 0 0]
[3396690658613653068686774976207957937085003021134706094160855096042195480827856124413587475137395004776293550791511941946731164933910160479048214349944073778749176995384915940266552219964158447662540011785288775 0 0 0 0 0 0 0 0 0 0 0 0 0 0 0 0 0 0 0 0 0 0 0 0 0 0 0 0 0 0 0 0 0 0 0 0 0 0 0 0 0 0 0 0 0 0 0 0 0 0 0 0 0 0 0 0 0 0 0 0 0 0 0 0 0 0 0 1 0]
[3119403269661592079068980522851341585034354452072053974472330936465017249298024787950078125214633215069973082272772974749601171210448304372654805439964162986895698495259080347062318602018639980618745242508970419 0 0 0 0 0 0 0 0 0 0 0 0 0 0 0 0 0 0 0 0 0 0 0 0 0 0 0 0 0 0 0 0 0 0 0 0 0 0 0 0 0 0 0 0 0 0 0 0 0 0 0 0 0 0 0 0 0 0 0 0 0 0 0 0 0 0 0 0 1]
]
