[[1360718268603154154487110556625448477248435875410815110999161370582254724267252796694096295941514087845304043211659512253 0 0 0 0 0 0 0 0 0 0 0 0 0 0 0 0 0 0 0 0 0 0 0 0 0 0 0 0 0 0 0 0 0 0 0 0 0 0 0]
[1340790099893541496221533398315083565343780910036136029518231240009637655257919218490801302625900898874885621514266005644 1 0 0 0 0 0 0 0 0 0 0 0 0 0 0 0 0 0 0 0 0 0 0 0 0 0 0 0 0 0 0 0 0 0 0 0 0 0 0]
[32832302288099641826184742283082226554164285505949354647353949240506934535379739510133488402114083120277640348422760359 0 1 0 0 0 0 0 0 0 0 0 0 0 0 0 0 0 0 0 0 0 0 0 0 0 0 0 0 0 0 0 0 0 0 0 0 0 0 0]
[1284061123196052965430074956552177421385394357819940072946763371391109699573639943847656466991570205242041628397857206661 0 0 1 0 0 0 0 0 0 0 0 0 0 0 0 0 0 0 0 0 0 0 0 0 0 0 0 0 0 0 0 0 0 0 0 0 0 0 0]
[824789622806199479641052987694683009066034247836676484652187332794911992954166540542517816541070151599910474841405239393 0 0 0 1 0 0 0 0 0 0 0 0 0 0 0 0 0 0 0 0 0 0 0 0 0 0 0 0 0 0 0 0 0 0 0 0 0 0 0]
[333105997964754640283317400410170947170177327044995601563203859993762342041735971523846764691632510700175678574115793102 0 0 0 0 1 0 0 0 0 0 0 0 0 0 0 0 0 0 0 0 0 0 0 0 0 0 0 0 0 0 0 0 0 0 0 0 0 0 0]
[368638658362800492680330758085424365918048008016122204727762758038112444340599377067031904441524790181188477422322786640 0 0 0 0 0 1 0 0 0 0 0 0 0 0 0 0 0 0 0 0 0 0 0 0 0 0 0 0 0 0 0 0 0 0 0 0 0 0 0]
[164177173829979540069343129749862957095652428057463875240549841720923639674777787970770867816150364624884069531597915852 0 0 0 0 0 0 1 0 0 0 0 0 0 0 0 0 0 0 0 0 0 0 0 0 0 0 0 0 0 0 0 0 0 0 0 0 0 0 0]
[583257520278403094405902519997121522382361865526086624110375406546198639595312000090163358144523962973786722247455563864 0 0 0 0 0 0 0 1 0 0 0 0 0 0 0 0 0 0 0 0 0 0 0 0 0 0 0 0 0 0 0 0 0 0 0 0 0 0 0]
[7110374485927157420152986401743926221016099612568083466016391090047234507870705705515294275519757344203952556475025203 0 0 0 0 0 0 0 0 1 0 0 0 0 0 0 0 0 0 0 0 0 0 0 0 0 0 0 0 0 0 0 0 0 0 0 0 0 0 0]
[158359440089204791510667427943398220026408347131814421378631835826519951465190089319075045269491083417637728405282985172 0 0 0 0 0 0 0 0 0 1 0 0 0 0 0 0 0 0 0 0 0 0 0 0 0 0 0 0 0 0 0 0 0 0 0 0 0 0 0]
[1219249834451441807324986677071903325971343635532808946007943337137561924883589713182122995467122752759724084695542813143 0 0 0 0 0 0 0 0 0 0 1 0 0 0 0 0 0 0 0 0 0 0 0 0 0 0 0 0 0 0 0 0 0 0 0 0 0 0 0]
[530051045873215665359357073716662145638260615642260603122085571422302695189791605295282810317425104690197651541508851802 0 0 0 0 0 0 0 0 0 0 0 1 0 0 0 0 0 0 0 0 0 0 0 0 0 0 0 0 0 0 0 0 0 0 0 0 0 0 0]
[860719162588685752560820866887195623626726874022966220128971638791685586199465434566928160469578913937156168124209240844 0 0 0 0 0 0 0 0 0 0 0 0 1 0 0 0 0 0 0 0 0 0 0 0 0 0 0 0 0 0 0 0 0 0 0 0 0 0 0]
[584749107853608956646739955464858596125280590345661737150442506662261459707494447437918764896924189021461578355057528037 0 0 0 0 0 0 0 0 0 0 0 0 0 1 0 0 0 0 0 0 0 0 0 0 0 0 0 0 0 0 0 0 0 0 0 0 0 0 0]
[1006256958589286689715232827049856380142955789010862841937739048137943864241781671343905773834261392669639195402969334601 0 0 0 0 0 0 0 0 0 0 0 0 0 0 1 0 0 0 0 0 0 0 0 0 0 0 0 0 0 0 0 0 0 0 0 0 0 0 0]
[620835897097314422568344944616482571225721759172457053315734826978925144657680665388042213061268695810652329162302928998 0 0 0 0 0 0 0 0 0 0 0 0 0 0 0 1 0 0 0 0 0 0 0 0 0 0 0 0 0 0 0 0 0 0 0 0 0 0 0]
[1151542894946747005029925334609114510952584473140158070298661099041765248118321652093022657022014541347149393418953336337 0 0 0 0 0 0 0 0 0 0 0 0 0 0 0 0 1 0 0 0 0 0 0 0 0 0 0 0 0 0 0 0 0 0 0 0 0 0 0]
[618160567515874729145346464929949121797750887626229659941336433994031177497807044600750722873767688262890759180923263914 0 0 0 0 0 0 0 0 0 0 0 0 0 0 0 0 0 1 0 0 0 0 0 0 0 0 0 0 0 0 0 0 0 0 0 0 0 0 0]
[804285329448149457662942405061743210908069112490066090977474194152278145483913353869097045129015598313528201033163467253 0 0 0 0 0 0 0 0 0 0 0 0 0 0 0 0 0 0 1 0 0 0 0 0 0 0 0 0 0 0 0 0 0 0 0 0 0 0 0]
[981521172979684425268051283018780895071191455566435040966833043747112953000907592737227851591682088950700992996854326667 0 0 0 0 0 0 0 0 0 0 0 0 0 0 0 0 0 0 0 1 0 0 0 0 0 0 0 0 0 0 0 0 0 0 0 0 0 0 0]
[258523377497105436510114782849520528274687051930981385321555877279827894410004278426200213858948480950757361548225142262 0 0 0 0 0 0 0 0 0 0 0 0 0 0 0 0 0 0 0 0 1 0 0 0 0 0 0 0 0 0 0 0 0 0 0 0 0 0 0]
[457323540594301426082956381486457125861838428209483002409185658449363162324302370719918474936219307162601706293033965227 0 0 0 0 0 0 0 0 0 0 0 0 0 0 0 0 0 0 0 0 0 1 0 0 0 0 0 0 0 0 0 0 0 0 0 0 0 0 0]
[164850357822323998828855229856041146836884373226339531021846073377597694503666343445816396521560254835578194459299989072 0 0 0 0 0 0 0 0 0 0 0 0 0 0 0 0 0 0 0 0 0 0 1 0 0 0 0 0 0 0 0 0 0 0 0 0 0 0 0]
[36744871525580212875274761096659522213329452875008042363321658397269476871119061394625617983693988250594308331818354665 0 0 0 0 0 0 0 0 0 0 0 0 0 0 0 0 0 0 0 0 0 0 0 1 0 0 0 0 0 0 0 0 0 0 0 0 0 0 0]
[330436300915882355272743915590532060990586011783570518171912314435283208458030741789626263652179337246509553794718961469 0 0 0 0 0 0 0 0 0 0 0 0 0 0 0 0 0 0 0 0 0 0 0 0 1 0 0 0 0 0 0 0 0 0 0 0 0 0 0]
[717038668130705173008916405335290869630666761613898090092991601757088364522940863032755134805263209543829195663331494576 0 0 0 0 0 0 0 0 0 0 0 0 0 0 0 0 0 0 0 0 0 0 0 0 0 1 0 0 0 0 0 0 0 0 0 0 0 0 0]
[477888613099267147129568736141300771854173262940160260056757330236422573735796351223555462725064378462585216918930004318 0 0 0 0 0 0 0 0 0 0 0 0 0 0 0 0 0 0 0 0 0 0 0 0 0 0 1 0 0 0 0 0 0 0 0 0 0 0 0]
[585691621204112621910752147092374217597057558232739052810390066512080572788191974242096518799246114747192610291172955719 0 0 0 0 0 0 0 0 0 0 0 0 0 0 0 0 0 0 0 0 0 0 0 0 0 0 0 1 0 0 0 0 0 0 0 0 0 0 0]
[93968790595770354896112322086248072173110208319822440733659050414688588470744049281644917447164484787140816873640487413 0 0 0 0 0 0 0 0 0 0 0 0 0 0 0 0 0 0 0 0 0 0 0 0 0 0 0 0 1 0 0 0 0 0 0 0 0 0 0]
[710314601556865979790756537126661862826009591303020921614209781187152677642239795807297156611542447334175370211662904288 0 0 0 0 0 0 0 0 0 0 0 0 0 0 0 0 0 0 0 0 0 0 0 0 0 0 0 0 0 1 0 0 0 0 0 0 0 0 0]
[1008148268987528124286177892759591279730533327572362527543964901141066384287412718227153091075900567637093640331915275167 0 0 0 0 0 0 0 0 0 0 0 0 0 0 0 0 0 0 0 0 0 0 0 0 0 0 0 0 0 0 1 0 0 0 0 0 0 0 0]
[1294274035766416443423466099302651312168272843901614238257308587434434696719368295683994126374785724052424925013610756672 0 0 0 0 0 0 0 0 0 0 0 0 0 0 0 0 0 0 0 0 0 0 0 0 0 0 0 0 0 0 0 1 0 0 0 0 0 0 0]
[525048813031093942694202852513911283094769277254374438282242534041139488644665071663828532782656911572901425758702624907 0 0 0 0 0 0 0 0 0 0 0 0 0 0 0 0 0 0 0 0 0 0 0 0 0 0 0 0 0 0 0 0 1 0 0 0 0 0 0]
[163032938561839183048820659697746389102679318156601419692055027160972339233620053396849599370350127558193877963180216489 0 0 0 0 0 0 0 0 0 0 0 0 0 0 0 0 0 0 0 0 0 0 0 0 0 0 0 0 0 0 0 0 0 1 0 0 0 0 0]
[1107186385591750717004134553212124882401516501989011742593454948549895466565792449082428564383119686767466694812558310302 0 0 0 0 0 0 0 0 0 0 0 0 0 0 0 0 0 0 0 0 0 0 0 0 0 0 0 0 0 0 0 0 0 0 1 0 0 0 0]
[519799385812027973134786401951774726576762657087602671728301811370538019695383449698096141402276446568320813852196785511 0 0 0 0 0 0 0 0 0 0 0 0 0 0 0 0 0 0 0 0 0 0 0 0 0 0 0 0 0 0 0 0 0 0 0 1 0 0 0]
[903346084378596346555427148398685760038315192927271936279344428495499662387800110469196789359819267143699910818290475860 0 0 0 0 0 0 0 0 0 0 0 0 0 0 0 0 0 0 0 0 0 0 0 0 0 0 0 0 0 0 0 0 0 0 0 0 1 0 0]
[733999259940230070161581164790332827633609807204904275640419381788359861098269747236116053257041272377374202563101233983 0 0 0 0 0 0 0 0 0 0 0 0 0 0 0 0 0 0 0 0 0 0 0 0 0 0 0 0 0 0 0 0 0 0 0 0 0 1 0]
[240808746680343947526881278634656370164612391249847994329325180994138444357509569568544081467232932178879379471997123163 0 0 0 0 0 0 0 0 0 0 0 0 0 0 0 0 0 0 0 0 0 0 0 0 0 0 0 0 0 0 0 0 0 0 0 0 0 0 1]
]
