[[9756472573744348095463368184671962797321018366699648482306388586526567730081153694720582442873786001828156300267129412449611028908839443523450415606912117376400041100294525449638053998930352304784564663609959958382094768229839688043754231039517121461344406706308840685292295888362633650546670393247198763054976181294811275263889237 0 0 0 0 0 0 0 0 0 0 0 0 0 0 0 0 0 0 0 0 0 0 0 0 0 0 0 0 0 0 0 0 0 0 0 0 0 0 0 0 0 0 0 0 0 0 0 0 0 0 0 0 0 0 0 0 0 0 0 0 0 0 0 0 0 0 0 0 0 0 0 0 0 0 0 0 0 0 0 0 0 0 0 0 0 0 0 0 0 0 0 0 0 0 0 0 0 0 0 0 0 0 0 0 0 0 0 0 0]
[3307155412053129985884224830408486388553698004522210943376543931000999157789769543113400536808621201125231634248604304517877722525528900001014064019640674636698491867515695850346263925538089932590108593212549650923983788637652712375602636327338423259833037675552853327322824971283342714356460577028152544763951794408632536897078671 1 0 0 0 0 0 0 0 0 0 0 0 0 0 0 0 0 0 0 0 0 0 0 0 0 0 0 0 0 0 0 0 0 0 0 0 0 0 0 0 0 0 0 0 0 0 0 0 0 0 0 0 0 0 0 0 0 0 0 0 0 0 0 0 0 0 0 0 0 0 0 0 0 0 0 0 0 0 0 0 0 0 0 0 0 0 0 0 0 0 0 0 0 0 0 0 0 0 0 0 0 0 0 0 0 0 0 0 0]
[9513427714292102281950448033427811290954874395200470276589521079104404897525470563249563792747499896633014855729589215125594898545874137081599276763195412598304087777522450017449921602352814020334512407290313277251695614508198774142111540520578275987525595763638536369070388388274784565116304322589214727826376586200565349054136007 0 1 0 0 0 0 0 0 0 0 0 0 0 0 0 0 0 0 0 0 0 0 0 0 0 0 0 0 0 0 0 0 0 0 0 0 0 0 0 0 0 0 0 0 0 0 0 0 0 0 0 0 0 0 0 0 0 0 0 0 0 0 0 0 0 0 0 0 0 0 0 0 0 0 0 0 0 0 0 0 0 0 0 0 0 0 0 0 0 0 0 0 0 0 0 0 0 0 0 0 0 0 0 0 0 0 0 0 0]
[9676534960658804665694577560556209615969085691411347553985852657422588608068673507057756356342181264705388141435364259965569758783486665588392400123832061040526267402745753501255649785744527561850715654318446483029698538253778697917181305503638741021354099258462121848516706512140760479739918444453962760463110186454734940584881409 0 0 1 0 0 0 0 0 0 0 0 0 0 0 0 0 0 0 0 0 0 0 0 0 0 0 0 0 0 0 0 0 0 0 0 0 0 0 0 0 0 0 0 0 0 0 0 0 0 0 0 0 0 0 0 0 0 0 0 0 0 0 0 0 0 0 0 0 0 0 0 0 0 0 0 0 0 0 0 0 0 0 0 0 0 0 0 0 0 0 0 0 0 0 0 0 0 0 0 0 0 0 0 0 0 0 0 0 0]
[6191860769592026044972892746667579278529768506779430212174095588976247645447718943847239690502743951485188391821971222825003874798539471066488494585920966482573577611369363677931268982739028688257630126734715902587088978992618928238870947460505690053395263639854884650909839132308143766937074386579343971514153015576603337986383102 0 0 0 1 0 0 0 0 0 0 0 0 0 0 0 0 0 0 0 0 0 0 0 0 0 0 0 0 0 0 0 0 0 0 0 0 0 0 0 0 0 0 0 0 0 0 0 0 0 0 0 0 0 0 0 0 0 0 0 0 0 0 0 0 0 0 0 0 0 0 0 0 0 0 0 0 0 0 0 0 0 0 0 0 0 0 0 0 0 0 0 0 0 0 0 0 0 0 0 0 0 0 0 0 0 0 0 0 0]
[1196726654832279946210583734809430895182600988317990935978191276214525567458886709360430461745184154033600660458013913898210816140574911795286154057701623692024265559976483949883380787935075823842390231668037661266600214838031427402005019033478677486810655281674157945626934007380094460275362624703521362979551034465978219113312586 0 0 0 0 1 0 0 0 0 0 0 0 0 0 0 0 0 0 0 0 0 0 0 0 0 0 0 0 0 0 0 0 0 0 0 0 0 0 0 0 0 0 0 0 0 0 0 0 0 0 0 0 0 0 0 0 0 0 0 0 0 0 0 0 0 0 0 0 0 0 0 0 0 0 0 0 0 0 0 0 0 0 0 0 0 0 0 0 0 0 0 0 0 0 0 0 0 0 0 0 0 0 0 0 0 0 0 0 0]
[6984356283941472261632347638976616699943531561997344519127079024727535888426786483795819890794068203370385455642069183870681282374436860415460899901640955224574174452827097296363070916178067352012874318296121127928681764350707883890302418788683186274601967297538981961213375264114494775550338074883468556539524145407974443337058618 0 0 0 0 0 1 0 0 0 0 0 0 0 0 0 0 0 0 0 0 0 0 0 0 0 0 0 0 0 0 0 0 0 0 0 0 0 0 0 0 0 0 0 0 0 0 0 0 0 0 0 0 0 0 0 0 0 0 0 0 0 0 0 0 0 0 0 0 0 0 0 0 0 0 0 0 0 0 0 0 0 0 0 0 0 0 0 0 0 0 0 0 0 0 0 0 0 0 0 0 0 0 0 0 0 0 0 0 0]
[8098121821371832402713567074687090487387096577037934962847032703748652032031914293754389555565815283193892470421880408742066762745832906442622255820367761745082995047992560127588007598672247697258525328370184339236615622928124469235002866913980150213607041214409723933577487765383111418676645989320678594998494249503009116630715644 0 0 0 0 0 0 1 0 0 0 0 0 0 0 0 0 0 0 0 0 0 0 0 0 0 0 0 0 0 0 0 0 0 0 0 0 0 0 0 0 0 0 0 0 0 0 0 0 0 0 0 0 0 0 0 0 0 0 0 0 0 0 0 0 0 0 0 0 0 0 0 0 0 0 0 0 0 0 0 0 0 0 0 0 0 0 0 0 0 0 0 0 0 0 0 0 0 0 0 0 0 0 0 0 0 0 0 0 0]
[9731023053816642068721450960887481690115167807648965093143944632705637945215841946876384723193873531524436072251478161190540990133725001919597109617652696493206506926082099582896965788558188111413769999663158087303487392493583428397968615113847364087032394003931008523611473185587681978362236829260584680367909600483007895363735490 0 0 0 0 0 0 0 1 0 0 0 0 0 0 0 0 0 0 0 0 0 0 0 0 0 0 0 0 0 0 0 0 0 0 0 0 0 0 0 0 0 0 0 0 0 0 0 0 0 0 0 0 0 0 0 0 0 0 0 0 0 0 0 0 0 0 0 0 0 0 0 0 0 0 0 0 0 0 0 0 0 0 0 0 0 0 0 0 0 0 0 0 0 0 0 0 0 0 0 0 0 0 0 0 0 0 0 0 0]
[2615107636621987610397400677513930891227944879184969588942396890774247269349839032983040782235232834749576056540245639809150478788358431374191410473971909189749956304078623088774661814930037658852190077696528439610355989082636628347762830228868782584847948139297108151762435360009417758006127304130561854958014810133822599522893729 0 0 0 0 0 0 0 0 1 0 0 0 0 0 0 0 0 0 0 0 0 0 0 0 0 0 0 0 0 0 0 0 0 0 0 0 0 0 0 0 0 0 0 0 0 0 0 0 0 0 0 0 0 0 0 0 0 0 0 0 0 0 0 0 0 0 0 0 0 0 0 0 0 0 0 0 0 0 0 0 0 0 0 0 0 0 0 0 0 0 0 0 0 0 0 0 0 0 0 0 0 0 0 0 0 0 0 0 0]
[830012572786322731812926515680047812800960730583188914569925770049906348245056388436192534279294971848216740973953781618805716414937702968319656289565683079595879678547346831844828980443088720102555191090132081704365935814669701550180277351615341692023365146757780950138353938907337711403622600540788271470690602999863760584588715 0 0 0 0 0 0 0 0 0 1 0 0 0 0 0 0 0 0 0 0 0 0 0 0 0 0 0 0 0 0 0 0 0 0 0 0 0 0 0 0 0 0 0 0 0 0 0 0 0 0 0 0 0 0 0 0 0 0 0 0 0 0 0 0 0 0 0 0 0 0 0 0 0 0 0 0 0 0 0 0 0 0 0 0 0 0 0 0 0 0 0 0 0 0 0 0 0 0 0 0 0 0 0 0 0 0 0 0 0]
[359742688548781307245327969371696668128645847485115171205390225223502382703650739430626300084084001233260229805141603123446945754250756284770588858799002047971194471744058067599383419245168527675610762960632325511270437339844706505865052129649341980828543451783099373115093288902003117527492880727551357833283392885264410971860594 0 0 0 0 0 0 0 0 0 0 1 0 0 0 0 0 0 0 0 0 0 0 0 0 0 0 0 0 0 0 0 0 0 0 0 0 0 0 0 0 0 0 0 0 0 0 0 0 0 0 0 0 0 0 0 0 0 0 0 0 0 0 0 0 0 0 0 0 0 0 0 0 0 0 0 0 0 0 0 0 0 0 0 0 0 0 0 0 0 0 0 0 0 0 0 0 0 0 0 0 0 0 0 0 0 0 0 0 0]
[3066083164433459292618840809771849453849384046596470447818977863100261013903322410813479701056657735476795915904539825749846646321882434072086287964456078656650426465629981699816316678289220538733585120175428674826412083985759838460732830512486709060372641209505621622384481581944849191201144189477894260211804948128138106148683686 0 0 0 0 0 0 0 0 0 0 0 1 0 0 0 0 0 0 0 0 0 0 0 0 0 0 0 0 0 0 0 0 0 0 0 0 0 0 0 0 0 0 0 0 0 0 0 0 0 0 0 0 0 0 0 0 0 0 0 0 0 0 0 0 0 0 0 0 0 0 0 0 0 0 0 0 0 0 0 0 0 0 0 0 0 0 0 0 0 0 0 0 0 0 0 0 0 0 0 0 0 0 0 0 0 0 0 0 0]
[5382599033839972081243165054488811949171845433010924696234416363223664604146186002282419645776266584804798275145151422324538596411290868229027169921973348540545797381891673609295730262690792802987185553308174525567985216292375568812606438566228890006367984229108328514660537165533932977460211348626450124906824242628998528218292140 0 0 0 0 0 0 0 0 0 0 0 0 1 0 0 0 0 0 0 0 0 0 0 0 0 0 0 0 0 0 0 0 0 0 0 0 0 0 0 0 0 0 0 0 0 0 0 0 0 0 0 0 0 0 0 0 0 0 0 0 0 0 0 0 0 0 0 0 0 0 0 0 0 0 0 0 0 0 0 0 0 0 0 0 0 0 0 0 0 0 0 0 0 0 0 0 0 0 0 0 0 0 0 0 0 0 0 0 0]
[2746122144970752984386325531844228715506823210947427919363210396809118619310664748402655067588330733998581701737645067511179694817315901932402953858063951073543779207287867875990244671653311228692360156516982673373734592134716503853250785581011400043381931372436099556392389782827509928035514480197958913831610813174384849608366080 0 0 0 0 0 0 0 0 0 0 0 0 0 1 0 0 0 0 0 0 0 0 0 0 0 0 0 0 0 0 0 0 0 0 0 0 0 0 0 0 0 0 0 0 0 0 0 0 0 0 0 0 0 0 0 0 0 0 0 0 0 0 0 0 0 0 0 0 0 0 0 0 0 0 0 0 0 0 0 0 0 0 0 0 0 0 0 0 0 0 0 0 0 0 0 0 0 0 0 0 0 0 0 0 0 0 0 0 0]
[1612561141266895133996358315739852458063056983980273283123175937922034991371225120380623841548387854175202583062670466619893749717213178280024750343212158856965523969533803952780615133538293928116583189019973030796528685505747602546920451113079624819908167629366963091782253756569507585850971499197916202177847311214020684937025727 0 0 0 0 0 0 0 0 0 0 0 0 0 0 1 0 0 0 0 0 0 0 0 0 0 0 0 0 0 0 0 0 0 0 0 0 0 0 0 0 0 0 0 0 0 0 0 0 0 0 0 0 0 0 0 0 0 0 0 0 0 0 0 0 0 0 0 0 0 0 0 0 0 0 0 0 0 0 0 0 0 0 0 0 0 0 0 0 0 0 0 0 0 0 0 0 0 0 0 0 0 0 0 0 0 0 0 0 0]
[1515807607676729978115716680979588944717062050380807715035357393506901113334441775003645103701472795705392435131240235503504105074321593431693269020461858456438076535565738608101238046257105429310681657991237839920240830675804454241588481733179260765975519162791024584278232846624003921388970701120800679641963647234543686847270634 0 0 0 0 0 0 0 0 0 0 0 0 0 0 0 1 0 0 0 0 0 0 0 0 0 0 0 0 0 0 0 0 0 0 0 0 0 0 0 0 0 0 0 0 0 0 0 0 0 0 0 0 0 0 0 0 0 0 0 0 0 0 0 0 0 0 0 0 0 0 0 0 0 0 0 0 0 0 0 0 0 0 0 0 0 0 0 0 0 0 0 0 0 0 0 0 0 0 0 0 0 0 0 0 0 0 0 0 0]
[7157138404974144176037620488299875718747456754082834336801951334612986303412360461337125540904443279111497158193471166711103031037903838544469187233348352042060381604924519549584801426176597025107120942117493577679269785538482071695704943053970452560219587488946485044469192078709881796580348523766791011501963215566407036418903519 0 0 0 0 0 0 0 0 0 0 0 0 0 0 0 0 1 0 0 0 0 0 0 0 0 0 0 0 0 0 0 0 0 0 0 0 0 0 0 0 0 0 0 0 0 0 0 0 0 0 0 0 0 0 0 0 0 0 0 0 0 0 0 0 0 0 0 0 0 0 0 0 0 0 0 0 0 0 0 0 0 0 0 0 0 0 0 0 0 0 0 0 0 0 0 0 0 0 0 0 0 0 0 0 0 0 0 0 0]
[1042669580117116885010735371072920087496786798971737922711658096288519072061531783743839570664610272463671914013925016412642666011566336283698857599917161159194565137983270281116590725901786200149825052417434063917571099102632386780240313030373007529078223249132924705631934932451838665883484257850134783639875546253767398190429727 0 0 0 0 0 0 0 0 0 0 0 0 0 0 0 0 0 1 0 0 0 0 0 0 0 0 0 0 0 0 0 0 0 0 0 0 0 0 0 0 0 0 0 0 0 0 0 0 0 0 0 0 0 0 0 0 0 0 0 0 0 0 0 0 0 0 0 0 0 0 0 0 0 0 0 0 0 0 0 0 0 0 0 0 0 0 0 0 0 0 0 0 0 0 0 0 0 0 0 0 0 0 0 0 0 0 0 0 0]
[4211680238133653702184881513857545544444239220288167708012633188472760903762504205689165312257398463434044223364135360832036899263899691820830428485033007632744090509658483502490331940830842469526764699025273183464108153471673197307180779867103692864176063241674402920423324074891974251792831724971444765851722455343454196773818914 0 0 0 0 0 0 0 0 0 0 0 0 0 0 0 0 0 0 1 0 0 0 0 0 0 0 0 0 0 0 0 0 0 0 0 0 0 0 0 0 0 0 0 0 0 0 0 0 0 0 0 0 0 0 0 0 0 0 0 0 0 0 0 0 0 0 0 0 0 0 0 0 0 0 0 0 0 0 0 0 0 0 0 0 0 0 0 0 0 0 0 0 0 0 0 0 0 0 0 0 0 0 0 0 0 0 0 0 0]
[598176331807288684352888174997216926917056915235351984597739340467904448092715543410438439443569980676033787217886446423760511729889644401917624980660435183903821232834768453188956312765949259196306054736110653993969774963555916359807464491742832563924649132882131097635881748762545167147385820116522853638660481455552359362073498 0 0 0 0 0 0 0 0 0 0 0 0 0 0 0 0 0 0 0 1 0 0 0 0 0 0 0 0 0 0 0 0 0 0 0 0 0 0 0 0 0 0 0 0 0 0 0 0 0 0 0 0 0 0 0 0 0 0 0 0 0 0 0 0 0 0 0 0 0 0 0 0 0 0 0 0 0 0 0 0 0 0 0 0 0 0 0 0 0 0 0 0 0 0 0 0 0 0 0 0 0 0 0 0 0 0 0 0 0]
[862379447462694400628480898263949847801748126100817069593134139251296818566202328965167552304374517105294884594607336621634215489535166160362190873130624424883790117320741647935643556035225964496381485501460479557457121268536220695040476490067407974176898645891729112077163820304719969040733438790746355618308305395408788004539434 0 0 0 0 0 0 0 0 0 0 0 0 0 0 0 0 0 0 0 0 1 0 0 0 0 0 0 0 0 0 0 0 0 0 0 0 0 0 0 0 0 0 0 0 0 0 0 0 0 0 0 0 0 0 0 0 0 0 0 0 0 0 0 0 0 0 0 0 0 0 0 0 0 0 0 0 0 0 0 0 0 0 0 0 0 0 0 0 0 0 0 0 0 0 0 0 0 0 0 0 0 0 0 0 0 0 0 0 0]
[528337731014954773363856101839595171486161150305738175968845084550361613372432949460419394385996334734784915450878531634956620747585561126996577630387088595517842422838567550785305686442358714878221426047187845370634218910112553901296250495507461463242531834874099869601973802881386485050588586535891097604152034960107447190730594 0 0 0 0 0 0 0 0 0 0 0 0 0 0 0 0 0 0 0 0 0 1 0 0 0 0 0 0 0 0 0 0 0 0 0 0 0 0 0 0 0 0 0 0 0 0 0 0 0 0 0 0 0 0 0 0 0 0 0 0 0 0 0 0 0 0 0 0 0 0 0 0 0 0 0 0 0 0 0 0 0 0 0 0 0 0 0 0 0 0 0 0 0 0 0 0 0 0 0 0 0 0 0 0 0 0 0 0 0]
[8206829040998016169235885585928908622876831477848017016527698691109976311769305820936632419643450502567317198310693686393812523104517043581794832907325759630216793524040182409031273838409814334854032741407843973830135792237516816451303348071616857906041526755950613494203937510289908877027407700483792921152903358979169399274539305 0 0 0 0 0 0 0 0 0 0 0 0 0 0 0 0 0 0 0 0 0 0 1 0 0 0 0 0 0 0 0 0 0 0 0 0 0 0 0 0 0 0 0 0 0 0 0 0 0 0 0 0 0 0 0 0 0 0 0 0 0 0 0 0 0 0 0 0 0 0 0 0 0 0 0 0 0 0 0 0 0 0 0 0 0 0 0 0 0 0 0 0 0 0 0 0 0 0 0 0 0 0 0 0 0 0 0 0 0]
[8164508490247799225033571142735445477193881711313104254896039942360840716248966223935782976397243932713805025451285993084096438918123656491476969942329604073059971895283020839243136772298377180257460832136926449380199043075192503892529513139683497008003983885060943513432119678044419876962222446819945826544614396248329655315467408 0 0 0 0 0 0 0 0 0 0 0 0 0 0 0 0 0 0 0 0 0 0 0 1 0 0 0 0 0 0 0 0 0 0 0 0 0 0 0 0 0 0 0 0 0 0 0 0 0 0 0 0 0 0 0 0 0 0 0 0 0 0 0 0 0 0 0 0 0 0 0 0 0 0 0 0 0 0 0 0 0 0 0 0 0 0 0 0 0 0 0 0 0 0 0 0 0 0 0 0 0 0 0 0 0 0 0 0 0]
[790690696300116776586372858550525949811423879200194777870645407958257957074474298519075756339979638497753517791371806253941311260010065264620309441989053304319100221211868335645137524512233332859231254155436946936161239819558519861880931123618348214537000628264327220559284446438742099268340113158690402784773116714739716574065818 0 0 0 0 0 0 0 0 0 0 0 0 0 0 0 0 0 0 0 0 0 0 0 0 1 0 0 0 0 0 0 0 0 0 0 0 0 0 0 0 0 0 0 0 0 0 0 0 0 0 0 0 0 0 0 0 0 0 0 0 0 0 0 0 0 0 0 0 0 0 0 0 0 0 0 0 0 0 0 0 0 0 0 0 0 0 0 0 0 0 0 0 0 0 0 0 0 0 0 0 0 0 0 0 0 0 0 0 0]
[517026325967146856474177943971271132897095488000124034898745382070518219491321960129697689525515412072650906595454042223256956898693701360333048807424763282937742868145714580011055281640735338237571495879599955247944232375169100411820651236170974696840796021245763757292641160059236092167513955829105834803748825890293354825735753 0 0 0 0 0 0 0 0 0 0 0 0 0 0 0 0 0 0 0 0 0 0 0 0 0 1 0 0 0 0 0 0 0 0 0 0 0 0 0 0 0 0 0 0 0 0 0 0 0 0 0 0 0 0 0 0 0 0 0 0 0 0 0 0 0 0 0 0 0 0 0 0 0 0 0 0 0 0 0 0 0 0 0 0 0 0 0 0 0 0 0 0 0 0 0 0 0 0 0 0 0 0 0 0 0 0 0 0 0]
[4320275462521241092642850229396724430215645286213340363443409681194551769606241466508693420547193630698320481887057938029097358011933069640897167260054566877169722385599144811713670610568218488152382433103908851345321069512615800423802645683549984052064630046240984508379534312766565307845118267134513017262975195932773609023042893 0 0 0 0 0 0 0 0 0 0 0 0 0 0 0 0 0 0 0 0 0 0 0 0 0 0 1 0 0 0 0 0 0 0 0 0 0 0 0 0 0 0 0 0 0 0 0 0 0 0 0 0 0 0 0 0 0 0 0 0 0 0 0 0 0 0 0 0 0 0 0 0 0 0 0 0 0 0 0 0 0 0 0 0 0 0 0 0 0 0 0 0 0 0 0 0 0 0 0 0 0 0 0 0 0 0 0 0 0]
[2474552199256922409701780218588051287502052160747431234316805029209646943977314285090169488187322137631885286117592509352276935317113557971601471547459182806151215135123193843086253472709957744722562411809470038580280863282715626544780962077031217234127818300965626939484338792214535119859524883695912203069695272716451288206675979 0 0 0 0 0 0 0 0 0 0 0 0 0 0 0 0 0 0 0 0 0 0 0 0 0 0 0 1 0 0 0 0 0 0 0 0 0 0 0 0 0 0 0 0 0 0 0 0 0 0 0 0 0 0 0 0 0 0 0 0 0 0 0 0 0 0 0 0 0 0 0 0 0 0 0 0 0 0 0 0 0 0 0 0 0 0 0 0 0 0 0 0 0 0 0 0 0 0 0 0 0 0 0 0 0 0 0 0 0]
[442309668729283809745174303382511487990300754009502409429322037227646368300407486202392240543509846004875827037609619579705835372139287657604049276652940765617575644878069821189204859961367809070051665210405803239356363416980201605489246735112191463995632295513346550715344686563813089784720954561587122943884612585935040539073123 0 0 0 0 0 0 0 0 0 0 0 0 0 0 0 0 0 0 0 0 0 0 0 0 0 0 0 0 1 0 0 0 0 0 0 0 0 0 0 0 0 0 0 0 0 0 0 0 0 0 0 0 0 0 0 0 0 0 0 0 0 0 0 0 0 0 0 0 0 0 0 0 0 0 0 0 0 0 0 0 0 0 0 0 0 0 0 0 0 0 0 0 0 0 0 0 0 0 0 0 0 0 0 0 0 0 0 0 0]
[5053061552248552426766300664274170917526701150117048151216202016157272085767664643479931934466316591635239736728401924465869846376873601591927044866128278158016228430063901108653815570434137871976501550547712677306116164465393408495852847255001764942575990995990071117220275258430972773121093970284767718252758594523860463896601266 0 0 0 0 0 0 0 0 0 0 0 0 0 0 0 0 0 0 0 0 0 0 0 0 0 0 0 0 0 1 0 0 0 0 0 0 0 0 0 0 0 0 0 0 0 0 0 0 0 0 0 0 0 0 0 0 0 0 0 0 0 0 0 0 0 0 0 0 0 0 0 0 0 0 0 0 0 0 0 0 0 0 0 0 0 0 0 0 0 0 0 0 0 0 0 0 0 0 0 0 0 0 0 0 0 0 0 0 0]
[9252888288729998043040918749103585201450489650350818689368490991811725358402075516357439674193438799824372231124790855948770093520397099347594251456657019604842768405693590790507016154646219633754957088815561694505215650254180613299038072814624740987045081697917514329516375952644179074154227846450766890145528894325521887284790054 0 0 0 0 0 0 0 0 0 0 0 0 0 0 0 0 0 0 0 0 0 0 0 0 0 0 0 0 0 0 1 0 0 0 0 0 0 0 0 0 0 0 0 0 0 0 0 0 0 0 0 0 0 0 0 0 0 0 0 0 0 0 0 0 0 0 0 0 0 0 0 0 0 0 0 0 0 0 0 0 0 0 0 0 0 0 0 0 0 0 0 0 0 0 0 0 0 0 0 0 0 0 0 0 0 0 0 0 0]
[2729798175494069398839055965921526256802206842061155182187765345522769585785034043446864200531004824416829401194746262935639222694173288976817771932952803022693904570458838615123519604972238242816698196334247016873234363696962248555309491046702798761218807638028650237720367323051894681257259550463193182436911197570158610553012230 0 0 0 0 0 0 0 0 0 0 0 0 0 0 0 0 0 0 0 0 0 0 0 0 0 0 0 0 0 0 0 1 0 0 0 0 0 0 0 0 0 0 0 0 0 0 0 0 0 0 0 0 0 0 0 0 0 0 0 0 0 0 0 0 0 0 0 0 0 0 0 0 0 0 0 0 0 0 0 0 0 0 0 0 0 0 0 0 0 0 0 0 0 0 0 0 0 0 0 0 0 0 0 0 0 0 0 0 0]
[7338808664107638657629423855516106498091574569803070837071315706544247101456547141871113781019135975504169897509586341229718893305981048051605621078211716757272680622458068643917702193827958907837144138605000770365269737433068802280390097454949322249452105331238847281629443376047409776473547683343971261020619085013254781828705441 0 0 0 0 0 0 0 0 0 0 0 0 0 0 0 0 0 0 0 0 0 0 0 0 0 0 0 0 0 0 0 0 1 0 0 0 0 0 0 0 0 0 0 0 0 0 0 0 0 0 0 0 0 0 0 0 0 0 0 0 0 0 0 0 0 0 0 0 0 0 0 0 0 0 0 0 0 0 0 0 0 0 0 0 0 0 0 0 0 0 0 0 0 0 0 0 0 0 0 0 0 0 0 0 0 0 0 0 0]
[664035478536505399975427575221121565379546185541359435114680358513170933444882297096445093863804455960266323019672569267335043710482240295375232344194889739263436626851267031002786484617364250003011637889942564412141758226887427354919123002050612417558535996818830505145615159066338136249051644669002567499378516622330043443736921 0 0 0 0 0 0 0 0 0 0 0 0 0 0 0 0 0 0 0 0 0 0 0 0 0 0 0 0 0 0 0 0 0 1 0 0 0 0 0 0 0 0 0 0 0 0 0 0 0 0 0 0 0 0 0 0 0 0 0 0 0 0 0 0 0 0 0 0 0 0 0 0 0 0 0 0 0 0 0 0 0 0 0 0 0 0 0 0 0 0 0 0 0 0 0 0 0 0 0 0 0 0 0 0 0 0 0 0 0]
[1438782749908589698592454324573384601232099202687415909636910823103836375200797236526002767468284809587076156310754440110068955003039247680452513445774940531138991160486587703351736742169962298658589657775897210285482474529416758146183731819458518024575222701530914616235639346671296410601876738549381786744771166802978209712536903 0 0 0 0 0 0 0 0 0 0 0 0 0 0 0 0 0 0 0 0 0 0 0 0 0 0 0 0 0 0 0 0 0 0 1 0 0 0 0 0 0 0 0 0 0 0 0 0 0 0 0 0 0 0 0 0 0 0 0 0 0 0 0 0 0 0 0 0 0 0 0 0 0 0 0 0 0 0 0 0 0 0 0 0 0 0 0 0 0 0 0 0 0 0 0 0 0 0 0 0 0 0 0 0 0 0 0 0 0]
[857452746964849633055502377452804039620189262438851028618107791486007997378167444513171834097091788667445324168299820612585826195337270881988333997367615750022714251021351068352996210321887961519910091115655870110524454716490681028470666608294374459989465706269297503547741689424788555015271420356295927585757421042936683674695534 0 0 0 0 0 0 0 0 0 0 0 0 0 0 0 0 0 0 0 0 0 0 0 0 0 0 0 0 0 0 0 0 0 0 0 1 0 0 0 0 0 0 0 0 0 0 0 0 0 0 0 0 0 0 0 0 0 0 0 0 0 0 0 0 0 0 0 0 0 0 0 0 0 0 0 0 0 0 0 0 0 0 0 0 0 0 0 0 0 0 0 0 0 0 0 0 0 0 0 0 0 0 0 0 0 0 0 0 0]
[5622971161486589096755708417988967405690387784594150864591343352839470791331244186291306871490438624037700380140521928035098512440379636221538305665963151138326636869016183538753235483756863089227895011601667379636660930224285758687738751711194924461135872363054959239342651140525182175895475609560760233600061420951642001659326687 0 0 0 0 0 0 0 0 0 0 0 0 0 0 0 0 0 0 0 0 0 0 0 0 0 0 0 0 0 0 0 0 0 0 0 0 1 0 0 0 0 0 0 0 0 0 0 0 0 0 0 0 0 0 0 0 0 0 0 0 0 0 0 0 0 0 0 0 0 0 0 0 0 0 0 0 0 0 0 0 0 0 0 0 0 0 0 0 0 0 0 0 0 0 0 0 0 0 0 0 0 0 0 0 0 0 0 0 0]
[3116001778035465892221607210578593366551988917809310441262848871562837709485960858256775272362375955588384584425177367690206172550792574080073556859505022445635634806550203884008130558727137157368882761524846165694495894910206427711774227546749996094774983367410080176125296789618031379795072795671401389068685608155205296358927782 0 0 0 0 0 0 0 0 0 0 0 0 0 0 0 0 0 0 0 0 0 0 0 0 0 0 0 0 0 0 0 0 0 0 0 0 0 1 0 0 0 0 0 0 0 0 0 0 0 0 0 0 0 0 0 0 0 0 0 0 0 0 0 0 0 0 0 0 0 0 0 0 0 0 0 0 0 0 0 0 0 0 0 0 0 0 0 0 0 0 0 0 0 0 0 0 0 0 0 0 0 0 0 0 0 0 0 0 0]
[2956021424106259204552040353078529612728853098793522711120007045274220786749939849423583795418021854179219538462403427758947985208509433344269066716443756528831563646227316988328800408937908169775824905461214118262152164018521734536244821324412608202320400744649822174862211674411416915447883911096419620833418883182275065372625999 0 0 0 0 0 0 0 0 0 0 0 0 0 0 0 0 0 0 0 0 0 0 0 0 0 0 0 0 0 0 0 0 0 0 0 0 0 0 1 0 0 0 0 0 0 0 0 0 0 0 0 0 0 0 0 0 0 0 0 0 0 0 0 0 0 0 0 0 0 0 0 0 0 0 0 0 0 0 0 0 0 0 0 0 0 0 0 0 0 0 0 0 0 0 0 0 0 0 0 0 0 0 0 0 0 0 0 0 0]
[6910849397976652285206077710468568261615780545853492414162128235344668483419002848974671809357249410752905693547679219972470579166335931545537164818328012036459606138558525592521320986491560972390972637610155481972648539886845144215800513615675379313696405120095380096845618246308893908317800927477715782846264490726780704619309651 0 0 0 0 0 0 0 0 0 0 0 0 0 0 0 0 0 0 0 0 0 0 0 0 0 0 0 0 0 0 0 0 0 0 0 0 0 0 0 1 0 0 0 0 0 0 0 0 0 0 0 0 0 0 0 0 0 0 0 0 0 0 0 0 0 0 0 0 0 0 0 0 0 0 0 0 0 0 0 0 0 0 0 0 0 0 0 0 0 0 0 0 0 0 0 0 0 0 0 0 0 0 0 0 0 0 0 0 0]
[4217713889872989912825493235388704503567033949791712832926853216522146365022185370768525561751416964392993956806394689117890496625527550485137863837533396386417207479461368322538060766385638913147971464120805801120466135422266283065020333171685344470896374679618075720399508322489364306573776842640092668075162862058365737493311252 0 0 0 0 0 0 0 0 0 0 0 0 0 0 0 0 0 0 0 0 0 0 0 0 0 0 0 0 0 0 0 0 0 0 0 0 0 0 0 0 1 0 0 0 0 0 0 0 0 0 0 0 0 0 0 0 0 0 0 0 0 0 0 0 0 0 0 0 0 0 0 0 0 0 0 0 0 0 0 0 0 0 0 0 0 0 0 0 0 0 0 0 0 0 0 0 0 0 0 0 0 0 0 0 0 0 0 0 0]
[5123206151331921079953777299236432184886320170743051782771659271985802527841145835321186933442895671936215663362009669274467381254227946232314312432661285547913083849545212531251754928725667085494868236224121654561542080271280065279012475629062121838095680790961083420528738634992853610526126887861210671860810463699427344141836942 0 0 0 0 0 0 0 0 0 0 0 0 0 0 0 0 0 0 0 0 0 0 0 0 0 0 0 0 0 0 0 0 0 0 0 0 0 0 0 0 0 1 0 0 0 0 0 0 0 0 0 0 0 0 0 0 0 0 0 0 0 0 0 0 0 0 0 0 0 0 0 0 0 0 0 0 0 0 0 0 0 0 0 0 0 0 0 0 0 0 0 0 0 0 0 0 0 0 0 0 0 0 0 0 0 0 0 0 0]
[2768470467506086676277451245073661608327198971366805844735040764559171457207713469097213048538067910157613380043012417243416204646856147517988838649082946805193679602576445106675864787572138602329668537873081620098887194116885838224492253872902631965114816625877047494809392483381782459315244307806243999963133629117245440813096933 0 0 0 0 0 0 0 0 0 0 0 0 0 0 0 0 0 0 0 0 0 0 0 0 0 0 0 0 0 0 0 0 0 0 0 0 0 0 0 0 0 0 1 0 0 0 0 0 0 0 0 0 0 0 0 0 0 0 0 0 0 0 0 0 0 0 0 0 0 0 0 0 0 0 0 0 0 0 0 0 0 0 0 0 0 0 0 0 0 0 0 0 0 0 0 0 0 0 0 0 0 0 0 0 0 0 0 0 0]
[4904255024949461156076968360712544171526443432201502267807982774984894437667221736740838214396988208613933534999289935682447024023971158853777217153268389736747544233642392478595450775595240452825778809333799570335594277967697637581520366034571116985683675239016465336677385471223013666751832175379895879843162301049112537158580182 0 0 0 0 0 0 0 0 0 0 0 0 0 0 0 0 0 0 0 0 0 0 0 0 0 0 0 0 0 0 0 0 0 0 0 0 0 0 0 0 0 0 0 1 0 0 0 0 0 0 0 0 0 0 0 0 0 0 0 0 0 0 0 0 0 0 0 0 0 0 0 0 0 0 0 0 0 0 0 0 0 0 0 0 0 0 0 0 0 0 0 0 0 0 0 0 0 0 0 0 0 0 0 0 0 0 0 0 0]
[5686579618711594137666843502859276743092655049140228510730870028925738688706984235796967864154430829925115304675409360434511140467141371795319323643537988218277948574986273708252996906203811606096361921843285652541514849733429321502575294994185987144016024815508134320397682632251900075165628520168982917345131200710038930670149216 0 0 0 0 0 0 0 0 0 0 0 0 0 0 0 0 0 0 0 0 0 0 0 0 0 0 0 0 0 0 0 0 0 0 0 0 0 0 0 0 0 0 0 0 1 0 0 0 0 0 0 0 0 0 0 0 0 0 0 0 0 0 0 0 0 0 0 0 0 0 0 0 0 0 0 0 0 0 0 0 0 0 0 0 0 0 0 0 0 0 0 0 0 0 0 0 0 0 0 0 0 0 0 0 0 0 0 0 0]
[6074591263643261944906832751938562708928358934097326043268807561921312298191031932294978662384917114207015125229595202021998325741860590793275446385614500577739362035859479299175194559448856517042244106182840153506996171969059256908551297493620763708684085898076960027159716544079402342923620897986874046260611154013453150627051699 0 0 0 0 0 0 0 0 0 0 0 0 0 0 0 0 0 0 0 0 0 0 0 0 0 0 0 0 0 0 0 0 0 0 0 0 0 0 0 0 0 0 0 0 0 1 0 0 0 0 0 0 0 0 0 0 0 0 0 0 0 0 0 0 0 0 0 0 0 0 0 0 0 0 0 0 0 0 0 0 0 0 0 0 0 0 0 0 0 0 0 0 0 0 0 0 0 0 0 0 0 0 0 0 0 0 0 0 0]
[3839297815020925707976194710257735241094540712600123162130010361517368930475917849876718732389907855350854461487885035740705110531653774560986869056493805966792862926596237892500175914398579659467565179968081706857180689863687735276754556865068886715473899990521988648295988112011852716429524814027065396367219417880616697509435570 0 0 0 0 0 0 0 0 0 0 0 0 0 0 0 0 0 0 0 0 0 0 0 0 0 0 0 0 0 0 0 0 0 0 0 0 0 0 0 0 0 0 0 0 0 0 1 0 0 0 0 0 0 0 0 0 0 0 0 0 0 0 0 0 0 0 0 0 0 0 0 0 0 0 0 0 0 0 0 0 0 0 0 0 0 0 0 0 0 0 0 0 0 0 0 0 0 0 0 0 0 0 0 0 0 0 0 0 0]
[966103777036774309083971161003766336321208383279580440093500074755655186937526873710407268863558187159802492776525625327306260749780579011034052011273665456638228061644110382340548375586335406096221632476262890057238441100692400014426016991123071304912879670447029526678213260523140758917895057344546168059736171303076786076245332 0 0 0 0 0 0 0 0 0 0 0 0 0 0 0 0 0 0 0 0 0 0 0 0 0 0 0 0 0 0 0 0 0 0 0 0 0 0 0 0 0 0 0 0 0 0 0 1 0 0 0 0 0 0 0 0 0 0 0 0 0 0 0 0 0 0 0 0 0 0 0 0 0 0 0 0 0 0 0 0 0 0 0 0 0 0 0 0 0 0 0 0 0 0 0 0 0 0 0 0 0 0 0 0 0 0 0 0 0]
[6625856724372374221176102518450563024711717870697681259240883725328519279235419630518024299394076657149585484511353777195454147673334751559535942541263716200724638955235106657726288260197966673514952286712831251359664380621063206379043872298239206225294764152373821352984152152507521640091323779727935497884505541413232982620462833 0 0 0 0 0 0 0 0 0 0 0 0 0 0 0 0 0 0 0 0 0 0 0 0 0 0 0 0 0 0 0 0 0 0 0 0 0 0 0 0 0 0 0 0 0 0 0 0 1 0 0 0 0 0 0 0 0 0 0 0 0 0 0 0 0 0 0 0 0 0 0 0 0 0 0 0 0 0 0 0 0 0 0 0 0 0 0 0 0 0 0 0 0 0 0 0 0 0 0 0 0 0 0 0 0 0 0 0 0]
[132551255560007731503217414383407737325196283931281239331258576182435096864148808416652231990489790664084558508438308337789239939427849735659829803526435526552448990376508996673653802586796665517479476771260777990172635609999341189630413436750582645072975966085427873849494322704644866724894842704470616159594700626111741903420065 0 0 0 0 0 0 0 0 0 0 0 0 0 0 0 0 0 0 0 0 0 0 0 0 0 0 0 0 0 0 0 0 0 0 0 0 0 0 0 0 0 0 0 0 0 0 0 0 0 1 0 0 0 0 0 0 0 0 0 0 0 0 0 0 0 0 0 0 0 0 0 0 0 0 0 0 0 0 0 0 0 0 0 0 0 0 0 0 0 0 0 0 0 0 0 0 0 0 0 0 0 0 0 0 0 0 0 0 0]
[6453037334751370985109538278409689223806983590324501918362797797144975064491577432514033023759608561288504583585611084632885732122656583437196470032525572922320050173059918315175596189602317617317678204321080081345547246904162645917964123883341250413019481038911422826175950672135661655220766485983090652591247971430067151024200267 0 0 0 0 0 0 0 0 0 0 0 0 0 0 0 0 0 0 0 0 0 0 0 0 0 0 0 0 0 0 0 0 0 0 0 0 0 0 0 0 0 0 0 0 0 0 0 0 0 0 1 0 0 0 0 0 0 0 0 0 0 0 0 0 0 0 0 0 0 0 0 0 0 0 0 0 0 0 0 0 0 0 0 0 0 0 0 0 0 0 0 0 0 0 0 0 0 0 0 0 0 0 0 0 0 0 0 0 0]
[7396461292431610711788518300308956023961483198501821948031314286579816148949695049223815341545558028794649953296027311631629137194663189745533265703482374402185286875364822688344207905838365114607487011740902793913350732835414998089353742822764518617882422934802104634346733669888599618730668027273569370283959300063512204214339637 0 0 0 0 0 0 0 0 0 0 0 0 0 0 0 0 0 0 0 0 0 0 0 0 0 0 0 0 0 0 0 0 0 0 0 0 0 0 0 0 0 0 0 0 0 0 0 0 0 0 0 1 0 0 0 0 0 0 0 0 0 0 0 0 0 0 0 0 0 0 0 0 0 0 0 0 0 0 0 0 0 0 0 0 0 0 0 0 0 0 0 0 0 0 0 0 0 0 0 0 0 0 0 0 0 0 0 0 0]
[1320438425403277108533771449638884123041870971422968123842084431599613686187196176865361671681481769746566205116322254160290138240175172877390755422349639371580227248991679826834660494055722450079565957763529028238628734234270745879699622309083921501784065900214440034979608947166737109239913220581637349930081683641647179607600947 0 0 0 0 0 0 0 0 0 0 0 0 0 0 0 0 0 0 0 0 0 0 0 0 0 0 0 0 0 0 0 0 0 0 0 0 0 0 0 0 0 0 0 0 0 0 0 0 0 0 0 0 1 0 0 0 0 0 0 0 0 0 0 0 0 0 0 0 0 0 0 0 0 0 0 0 0 0 0 0 0 0 0 0 0 0 0 0 0 0 0 0 0 0 0 0 0 0 0 0 0 0 0 0 0 0 0 0 0]
[1432565514566276681577207269332133843781105594571906280773955646946594471341239707828328075114263241827306101735472887232174649263195586883323371691503365896090880190614681278546125158460964574362029617458603156861413233867551361990561100821545539159395471346504996640630864068499255504018657054092051297836900434158304164669720520 0 0 0 0 0 0 0 0 0 0 0 0 0 0 0 0 0 0 0 0 0 0 0 0 0 0 0 0 0 0 0 0 0 0 0 0 0 0 0 0 0 0 0 0 0 0 0 0 0 0 0 0 0 1 0 0 0 0 0 0 0 0 0 0 0 0 0 0 0 0 0 0 0 0 0 0 0 0 0 0 0 0 0 0 0 0 0 0 0 0 0 0 0 0 0 0 0 0 0 0 0 0 0 0 0 0 0 0 0]
[2225713693312247023782006113906484442737689739714251105544227573339876627041757622212880620198205375300652089282566068994495064607157098266814324129832425353221716893203504514886591611209804832665888240818577472805104424278121762676707804892785106829501349825783964833469809896980997582306074715035891385011719658122972409728679385 0 0 0 0 0 0 0 0 0 0 0 0 0 0 0 0 0 0 0 0 0 0 0 0 0 0 0 0 0 0 0 0 0 0 0 0 0 0 0 0 0 0 0 0 0 0 0 0 0 0 0 0 0 0 1 0 0 0 0 0 0 0 0 0 0 0 0 0 0 0 0 0 0 0 0 0 0 0 0 0 0 0 0 0 0 0 0 0 0 0 0 0 0 0 0 0 0 0 0 0 0 0 0 0 0 0 0 0 0]
[6827804325809445893661101621658536512478864729068654890402279861292905565409461182982859549851767885227759046637684154036366833709667340213589629674477112034475906630374939659548557231893473929367163100008586601036539583591121744284298752934497378875547318318358936528623594490823376892880809811019487046096966566403940767783222208 0 0 0 0 0 0 0 0 0 0 0 0 0 0 0 0 0 0 0 0 0 0 0 0 0 0 0 0 0 0 0 0 0 0 0 0 0 0 0 0 0 0 0 0 0 0 0 0 0 0 0 0 0 0 0 1 0 0 0 0 0 0 0 0 0 0 0 0 0 0 0 0 0 0 0 0 0 0 0 0 0 0 0 0 0 0 0 0 0 0 0 0 0 0 0 0 0 0 0 0 0 0 0 0 0 0 0 0 0]
[3327811412317896074567940328521776696912043799285876219929449195362635261495435323634869062280526674022220259770348641571283033147999857010792072921664144502602170599381614134724721857558337477202608157680091770283159563486351705366239646763832384124025173001430243143017344765312924366325171069336195866665866831825826892215147316 0 0 0 0 0 0 0 0 0 0 0 0 0 0 0 0 0 0 0 0 0 0 0 0 0 0 0 0 0 0 0 0 0 0 0 0 0 0 0 0 0 0 0 0 0 0 0 0 0 0 0 0 0 0 0 0 1 0 0 0 0 0 0 0 0 0 0 0 0 0 0 0 0 0 0 0 0 0 0 0 0 0 0 0 0 0 0 0 0 0 0 0 0 0 0 0 0 0 0 0 0 0 0 0 0 0 0 0 0]
[9106180960101539948216910029008109044396605772973149708821286600465453444985656985663340766878636798162119776602447480013334366515792719280400621648541441073210921418454265799828174154074821680385320132848821860964737870718562383863981902426780393727757084117524933327187999345674917612154893061725795983049232595662838354664605134 0 0 0 0 0 0 0 0 0 0 0 0 0 0 0 0 0 0 0 0 0 0 0 0 0 0 0 0 0 0 0 0 0 0 0 0 0 0 0 0 0 0 0 0 0 0 0 0 0 0 0 0 0 0 0 0 0 1 0 0 0 0 0 0 0 0 0 0 0 0 0 0 0 0 0 0 0 0 0 0 0 0 0 0 0 0 0 0 0 0 0 0 0 0 0 0 0 0 0 0 0 0 0 0 0 0 0 0 0]
[4666359897016463502082539773155914681049911649599523390993000399734380347780425187629738804764619176344451431647621181354631007345251245456470860300332787276827784200373794371511888921395701545184522747089158490293136311981785958452570674783722893881851367178176608888028495193660213357069208662177299262666071537516157794887655499 0 0 0 0 0 0 0 0 0 0 0 0 0 0 0 0 0 0 0 0 0 0 0 0 0 0 0 0 0 0 0 0 0 0 0 0 0 0 0 0 0 0 0 0 0 0 0 0 0 0 0 0 0 0 0 0 0 0 1 0 0 0 0 0 0 0 0 0 0 0 0 0 0 0 0 0 0 0 0 0 0 0 0 0 0 0 0 0 0 0 0 0 0 0 0 0 0 0 0 0 0 0 0 0 0 0 0 0 0]
[1192841501984697065185595077399709688615265574367083930162788570753881821523061863768721749066675448567484312266308803327454260524648724264860755064912926096141309614456582710343464446482777851238480081904863103227115876301154802007089750496967650104316133124600266514478386195546839195899304690724668670397991289242238506135952204 0 0 0 0 0 0 0 0 0 0 0 0 0 0 0 0 0 0 0 0 0 0 0 0 0 0 0 0 0 0 0 0 0 0 0 0 0 0 0 0 0 0 0 0 0 0 0 0 0 0 0 0 0 0 0 0 0 0 0 1 0 0 0 0 0 0 0 0 0 0 0 0 0 0 0 0 0 0 0 0 0 0 0 0 0 0 0 0 0 0 0 0 0 0 0 0 0 0 0 0 0 0 0 0 0 0 0 0 0]
[5234048197466204235781884489475538274186278946719628657118357235042260468480450199897385996695551042899344261386540932697768814953825098841734819858385763856537637800885572615117851151362585457783157530462132617167213657352530410094898783809775729559658795764643431870486495505362459659523603794056559430833957691549673746420952155 0 0 0 0 0 0 0 0 0 0 0 0 0 0 0 0 0 0 0 0 0 0 0 0 0 0 0 0 0 0 0 0 0 0 0 0 0 0 0 0 0 0 0 0 0 0 0 0 0 0 0 0 0 0 0 0 0 0 0 0 1 0 0 0 0 0 0 0 0 0 0 0 0 0 0 0 0 0 0 0 0 0 0 0 0 0 0 0 0 0 0 0 0 0 0 0 0 0 0 0 0 0 0 0 0 0 0 0 0]
[8679836105858374219038041208055831403964125716293779199086251658073414212125218318281718157570364656792921653047891417450652095017619735542084451832758927240923536160084691188772964259676761407220871929596396688193614762281873240037503960030294533720843612253447154103183450185653334644926333321506128099615788505941858086370384889 0 0 0 0 0 0 0 0 0 0 0 0 0 0 0 0 0 0 0 0 0 0 0 0 0 0 0 0 0 0 0 0 0 0 0 0 0 0 0 0 0 0 0 0 0 0 0 0 0 0 0 0 0 0 0 0 0 0 0 0 0 1 0 0 0 0 0 0 0 0 0 0 0 0 0 0 0 0 0 0 0 0 0 0 0 0 0 0 0 0 0 0 0 0 0 0 0 0 0 0 0 0 0 0 0 0 0 0 0]
[31665243356810836557772195606912368718706410522717382206014172188024247628510949558898050243630974184669156663858957992144050548329605257986171048630934458995555720847027510274294487743590401167386966212987215496617990083034148854480096053056297700526115750327860762189391869444948055432001662993894863826080034130080560812157763 0 0 0 0 0 0 0 0 0 0 0 0 0 0 0 0 0 0 0 0 0 0 0 0 0 0 0 0 0 0 0 0 0 0 0 0 0 0 0 0 0 0 0 0 0 0 0 0 0 0 0 0 0 0 0 0 0 0 0 0 0 0 1 0 0 0 0 0 0 0 0 0 0 0 0 0 0 0 0 0 0 0 0 0 0 0 0 0 0 0 0 0 0 0 0 0 0 0 0 0 0 0 0 0 0 0 0 0 0]
[8690367774418758217184068629770299796442123693227705601599073726977167952749942386172787204055478510395410422209546239031104702399895836312011376068650505663437913838537421633388716023339928257850325757064654550236384745877866861427502218821363058791152612371434842120423721882385544565452784249012674448883214365185711303351455066 0 0 0 0 0 0 0 0 0 0 0 0 0 0 0 0 0 0 0 0 0 0 0 0 0 0 0 0 0 0 0 0 0 0 0 0 0 0 0 0 0 0 0 0 0 0 0 0 0 0 0 0 0 0 0 0 0 0 0 0 0 0 0 1 0 0 0 0 0 0 0 0 0 0 0 0 0 0 0 0 0 0 0 0 0 0 0 0 0 0 0 0 0 0 0 0 0 0 0 0 0 0 0 0 0 0 0 0 0]
[9122654732215016081424197458805343225698750582434618052831634841235937915571132547051179832850629466451041249847607000511353707192055633603229408845930730800918711464616382551955052255595131802686246031038176987079547003244683441144424698673718005905980147183880432913296751115227949763118876172895064042233692088214163809402141558 0 0 0 0 0 0 0 0 0 0 0 0 0 0 0 0 0 0 0 0 0 0 0 0 0 0 0 0 0 0 0 0 0 0 0 0 0 0 0 0 0 0 0 0 0 0 0 0 0 0 0 0 0 0 0 0 0 0 0 0 0 0 0 0 1 0 0 0 0 0 0 0 0 0 0 0 0 0 0 0 0 0 0 0 0 0 0 0 0 0 0 0 0 0 0 0 0 0 0 0 0 0 0 0 0 0 0 0 0]
[5168390249610674233554155109293560015184868875421485340246814138785720072920406206306328963260820355482826698526613700372851211494833384090164304249804668717627047230947990439318772471774943233914888874698916851552958942262749331388663285799592447705742812489335549905522313919095296332305004609811278785755961375170976964840284863 0 0 0 0 0 0 0 0 0 0 0 0 0 0 0 0 0 0 0 0 0 0 0 0 0 0 0 0 0 0 0 0 0 0 0 0 0 0 0 0 0 0 0 0 0 0 0 0 0 0 0 0 0 0 0 0 0 0 0 0 0 0 0 0 0 1 0 0 0 0 0 0 0 0 0 0 0 0 0 0 0 0 0 0 0 0 0 0 0 0 0 0 0 0 0 0 0 0 0 0 0 0 0 0 0 0 0 0 0]
[4860376222782209374040041632523826070058661039527395819302579865600472424677463783916734275505290666696530041442749458651230550647655729112142207850247696747424418736613869751080014306111126662442801195674427561197317686507998478412228857580489625602253354098460758301282581353048983151395443422108524659537270911813135141298328173 0 0 0 0 0 0 0 0 0 0 0 0 0 0 0 0 0 0 0 0 0 0 0 0 0 0 0 0 0 0 0 0 0 0 0 0 0 0 0 0 0 0 0 0 0 0 0 0 0 0 0 0 0 0 0 0 0 0 0 0 0 0 0 0 0 0 1 0 0 0 0 0 0 0 0 0 0 0 0 0 0 0 0 0 0 0 0 0 0 0 0 0 0 0 0 0 0 0 0 0 0 0 0 0 0 0 0 0 0]
[1595202826624095580079963182640465956623611942101948133556661709106631303289594728758154422357478380187192854814728314873080586009020071426561828974646568653898906818617580665693407302386682566871940049730346808723227017409001034386826366804070329055926779855968131241473728692632793528186276860852651066555951705390622592256609409 0 0 0 0 0 0 0 0 0 0 0 0 0 0 0 0 0 0 0 0 0 0 0 0 0 0 0 0 0 0 0 0 0 0 0 0 0 0 0 0 0 0 0 0 0 0 0 0 0 0 0 0 0 0 0 0 0 0 0 0 0 0 0 0 0 0 0 1 0 0 0 0 0 0 0 0 0 0 0 0 0 0 0 0 0 0 0 0 0 0 0 0 0 0 0 0 0 0 0 0 0 0 0 0 0 0 0 0 0]
[5075680516882617738636121254057395955309074519617943385843432982437378231091876259832753660999817713386167785032501490142774481982904957175711204885982063762408204468740958411136182772603138570469834951069904975028485184723965926196843106124995320964400933957563431693665291960468893099507395057398036947703743772050108277226081751 0 0 0 0 0 0 0 0 0 0 0 0 0 0 0 0 0 0 0 0 0 0 0 0 0 0 0 0 0 0 0 0 0 0 0 0 0 0 0 0 0 0 0 0 0 0 0 0 0 0 0 0 0 0 0 0 0 0 0 0 0 0 0 0 0 0 0 0 1 0 0 0 0 0 0 0 0 0 0 0 0 0 0 0 0 0 0 0 0 0 0 0 0 0 0 0 0 0 0 0 0 0 0 0 0 0 0 0 0]
[4229653640407273554207725312333200180786748862729134281232945580611534014812348884122044222713762983430682691934108130517558444970006922592648104135831649372008864404278611019214484723673862670454048420077545057726031982178047753454558080330025057455900305397769943008758782564291103693724323622758452868402467708794549061104964560 0 0 0 0 0 0 0 0 0 0 0 0 0 0 0 0 0 0 0 0 0 0 0 0 0 0 0 0 0 0 0 0 0 0 0 0 0 0 0 0 0 0 0 0 0 0 0 0 0 0 0 0 0 0 0 0 0 0 0 0 0 0 0 0 0 0 0 0 0 1 0 0 0 0 0 0 0 0 0 0 0 0 0 0 0 0 0 0 0 0 0 0 0 0 0 0 0 0 0 0 0 0 0 0 0 0 0 0 0]
[2568101740066104221922617671214517783827649496837055189088072121782172598576841946768294262672037726302836233800226940588268805052684919830483395099944402492360176511607144096468759944341675273000593960976568908742771779489529545350666588735016333082702068273459120606121111032796856439964802314657084701095233246722411799712404863 0 0 0 0 0 0 0 0 0 0 0 0 0 0 0 0 0 0 0 0 0 0 0 0 0 0 0 0 0 0 0 0 0 0 0 0 0 0 0 0 0 0 0 0 0 0 0 0 0 0 0 0 0 0 0 0 0 0 0 0 0 0 0 0 0 0 0 0 0 0 1 0 0 0 0 0 0 0 0 0 0 0 0 0 0 0 0 0 0 0 0 0 0 0 0 0 0 0 0 0 0 0 0 0 0 0 0 0 0]
[9706047844883118535158198042449242437433574750775125098551118507081331793577465693201256910720749179394374365184782082591935785457531405309011438667600157286409288239087029379407090186914860291750942406896128669354634659463013180955570577742040356786994650427534561858130115753110238920789166499333062274967870897249943549190659079 0 0 0 0 0 0 0 0 0 0 0 0 0 0 0 0 0 0 0 0 0 0 0 0 0 0 0 0 0 0 0 0 0 0 0 0 0 0 0 0 0 0 0 0 0 0 0 0 0 0 0 0 0 0 0 0 0 0 0 0 0 0 0 0 0 0 0 0 0 0 0 1 0 0 0 0 0 0 0 0 0 0 0 0 0 0 0 0 0 0 0 0 0 0 0 0 0 0 0 0 0 0 0 0 0 0 0 0 0]
[2873035626801746517821632559616770898651979661156449448153539585573653516611729094349815185162539331485128184313747196445619989500237362456749231142155355604169815772906234294232901554166110852727443975952929744245445036551741457621329389629797878517421230216390720361531869795607699621599791471494870388348082403441372195703676576 0 0 0 0 0 0 0 0 0 0 0 0 0 0 0 0 0 0 0 0 0 0 0 0 0 0 0 0 0 0 0 0 0 0 0 0 0 0 0 0 0 0 0 0 0 0 0 0 0 0 0 0 0 0 0 0 0 0 0 0 0 0 0 0 0 0 0 0 0 0 0 0 1 0 0 0 0 0 0 0 0 0 0 0 0 0 0 0 0 0 0 0 0 0 0 0 0 0 0 0 0 0 0 0 0 0 0 0 0]
[1732241602493413846914295284634585259730019691210303661480579470027853681257229045197821463517651489228027602225951264284147814578455073917186793705376581831256173450347143250245661822283577903772350251963564015354400540881729911722240699549567871202160307150675049323379827553907334389685684452165571836134101928596586380494454351 0 0 0 0 0 0 0 0 0 0 0 0 0 0 0 0 0 0 0 0 0 0 0 0 0 0 0 0 0 0 0 0 0 0 0 0 0 0 0 0 0 0 0 0 0 0 0 0 0 0 0 0 0 0 0 0 0 0 0 0 0 0 0 0 0 0 0 0 0 0 0 0 0 1 0 0 0 0 0 0 0 0 0 0 0 0 0 0 0 0 0 0 0 0 0 0 0 0 0 0 0 0 0 0 0 0 0 0 0]
[7504595283742727208809058212409862055594347762636747592310584160647045371564242202251583397982746298866927612566360955078524397297427328847129221944694400975063856048591295451739126284694787658691477895794044573769013068319675147474631170196193910801610878987898639153284584286583392867757511147616808812463830722916558724138907075 0 0 0 0 0 0 0 0 0 0 0 0 0 0 0 0 0 0 0 0 0 0 0 0 0 0 0 0 0 0 0 0 0 0 0 0 0 0 0 0 0 0 0 0 0 0 0 0 0 0 0 0 0 0 0 0 0 0 0 0 0 0 0 0 0 0 0 0 0 0 0 0 0 0 1 0 0 0 0 0 0 0 0 0 0 0 0 0 0 0 0 0 0 0 0 0 0 0 0 0 0 0 0 0 0 0 0 0 0]
[9674964064135201385105307014302515058824918942759616710504168508063639486448451879605041344493798761457045468012511803426952616169468072609764020225101153498579973751985015525580842017693532967411004120660168520259828483125087799767921866072568890188315108776294696264285515983739895704120059752651064961442088247574102465834291462 0 0 0 0 0 0 0 0 0 0 0 0 0 0 0 0 0 0 0 0 0 0 0 0 0 0 0 0 0 0 0 0 0 0 0 0 0 0 0 0 0 0 0 0 0 0 0 0 0 0 0 0 0 0 0 0 0 0 0 0 0 0 0 0 0 0 0 0 0 0 0 0 0 0 0 1 0 0 0 0 0 0 0 0 0 0 0 0 0 0 0 0 0 0 0 0 0 0 0 0 0 0 0 0 0 0 0 0 0]
[7821448674387335148843602000307168047197268823098137952268459667754182684438538211153888659705847989566716226362527074589710378003474170679045872333317794654703762071334033504205287965121303433773286477692366383716921965366713984528824395786937846219666761809271738072496569862762149042718641907108365646724512388100484267261705494 0 0 0 0 0 0 0 0 0 0 0 0 0 0 0 0 0 0 0 0 0 0 0 0 0 0 0 0 0 0 0 0 0 0 0 0 0 0 0 0 0 0 0 0 0 0 0 0 0 0 0 0 0 0 0 0 0 0 0 0 0 0 0 0 0 0 0 0 0 0 0 0 0 0 0 0 1 0 0 0 0 0 0 0 0 0 0 0 0 0 0 0 0 0 0 0 0 0 0 0 0 0 0 0 0 0 0 0 0]
[9182184917442355027096244194352942473938970523917510760746150432929552640677870483415551649161279424064073479927267047351408092180095244675251977674474539727335015477151443446923946970913561054286451678013926427288869273998414953214561619757801170080302618855783331746008727522046710513817634481510236747866604915700019447305812976 0 0 0 0 0 0 0 0 0 0 0 0 0 0 0 0 0 0 0 0 0 0 0 0 0 0 0 0 0 0 0 0 0 0 0 0 0 0 0 0 0 0 0 0 0 0 0 0 0 0 0 0 0 0 0 0 0 0 0 0 0 0 0 0 0 0 0 0 0 0 0 0 0 0 0 0 0 1 0 0 0 0 0 0 0 0 0 0 0 0 0 0 0 0 0 0 0 0 0 0 0 0 0 0 0 0 0 0 0]
[8815648463280582258154530624533200064107728142944826720042912357135431253371214144903434740557695057109342872351278546376564882355402987242486965665897646148096280331873225233922493548199224912544151225658731710276022379364465377922279334318951256911784153035299961489166586454710103095536987527277896128337721261737670622113419959 0 0 0 0 0 0 0 0 0 0 0 0 0 0 0 0 0 0 0 0 0 0 0 0 0 0 0 0 0 0 0 0 0 0 0 0 0 0 0 0 0 0 0 0 0 0 0 0 0 0 0 0 0 0 0 0 0 0 0 0 0 0 0 0 0 0 0 0 0 0 0 0 0 0 0 0 0 0 1 0 0 0 0 0 0 0 0 0 0 0 0 0 0 0 0 0 0 0 0 0 0 0 0 0 0 0 0 0 0]
[4278047140400751286196757876110660082981614273256220737679206759048925371117757143494621333949864151734823408280303014493244804776793719769717287922616234369284350770229260610610767219330060027918778575373546306113454194341134465901741311295996226104119863622549706084278576410635464743184581241451995481489229877447155100829628028 0 0 0 0 0 0 0 0 0 0 0 0 0 0 0 0 0 0 0 0 0 0 0 0 0 0 0 0 0 0 0 0 0 0 0 0 0 0 0 0 0 0 0 0 0 0 0 0 0 0 0 0 0 0 0 0 0 0 0 0 0 0 0 0 0 0 0 0 0 0 0 0 0 0 0 0 0 0 0 1 0 0 0 0 0 0 0 0 0 0 0 0 0 0 0 0 0 0 0 0 0 0 0 0 0 0 0 0 0]
[8313972984710776795258588361160247207540317294405524467300051636687531184932089741494749800422479962418880651267623066266502357170131848707209355068652657086498710471266476599117033795455175673771459231781417656233981068428169277605684871064547651909922770101838890498039513326227521150850232961446898990289344084182726879721562150 0 0 0 0 0 0 0 0 0 0 0 0 0 0 0 0 0 0 0 0 0 0 0 0 0 0 0 0 0 0 0 0 0 0 0 0 0 0 0 0 0 0 0 0 0 0 0 0 0 0 0 0 0 0 0 0 0 0 0 0 0 0 0 0 0 0 0 0 0 0 0 0 0 0 0 0 0 0 0 0 1 0 0 0 0 0 0 0 0 0 0 0 0 0 0 0 0 0 0 0 0 0 0 0 0 0 0 0 0]
[7482403711071565445914952993439969752737555218213495787296813734613496036899814875873394690747683416413106211540965117866948838432864477822649621274834196083625713462310679181448203671276041368103133665183360297647812403690377103974049354743824772899148078836176852922597151281193292225243580873122354347352461408970155914407875249 0 0 0 0 0 0 0 0 0 0 0 0 0 0 0 0 0 0 0 0 0 0 0 0 0 0 0 0 0 0 0 0 0 0 0 0 0 0 0 0 0 0 0 0 0 0 0 0 0 0 0 0 0 0 0 0 0 0 0 0 0 0 0 0 0 0 0 0 0 0 0 0 0 0 0 0 0 0 0 0 0 1 0 0 0 0 0 0 0 0 0 0 0 0 0 0 0 0 0 0 0 0 0 0 0 0 0 0 0]
[2380107130384234206090511762342797117541878702410376354067041046548872408029689013152327429693219304480086148374018395174014689034341939716330313461343905751588427207098070196401154306268461089871698027025666292772296154320255220864622166797417648594559172520342078592714365744619572763949504789199771382797449095993111828569861099 0 0 0 0 0 0 0 0 0 0 0 0 0 0 0 0 0 0 0 0 0 0 0 0 0 0 0 0 0 0 0 0 0 0 0 0 0 0 0 0 0 0 0 0 0 0 0 0 0 0 0 0 0 0 0 0 0 0 0 0 0 0 0 0 0 0 0 0 0 0 0 0 0 0 0 0 0 0 0 0 0 0 1 0 0 0 0 0 0 0 0 0 0 0 0 0 0 0 0 0 0 0 0 0 0 0 0 0 0]
[5787491952255797993336523230466507201885866194137992965131893150388960862518670740425202418633078461646033420631091055468141715054617924283586098500407658591374896349834346787298439945801218453792774741145999678711810890312047374499086328907539636059243576900242553993189176379795141036136253631206222441559279449869411649858239464 0 0 0 0 0 0 0 0 0 0 0 0 0 0 0 0 0 0 0 0 0 0 0 0 0 0 0 0 0 0 0 0 0 0 0 0 0 0 0 0 0 0 0 0 0 0 0 0 0 0 0 0 0 0 0 0 0 0 0 0 0 0 0 0 0 0 0 0 0 0 0 0 0 0 0 0 0 0 0 0 0 0 0 1 0 0 0 0 0 0 0 0 0 0 0 0 0 0 0 0 0 0 0 0 0 0 0 0 0]
[6217318751480865381941475329475213249659468529741709272257853235096368227912603199167995051947526908724547252043594716313402467929648627778303804726738587147484509004961964134085846836125836322389441861134278278337793172877170603326584313635151181111454323819242160972112080360155688383054148971750629573641524340596748224266105279 0 0 0 0 0 0 0 0 0 0 0 0 0 0 0 0 0 0 0 0 0 0 0 0 0 0 0 0 0 0 0 0 0 0 0 0 0 0 0 0 0 0 0 0 0 0 0 0 0 0 0 0 0 0 0 0 0 0 0 0 0 0 0 0 0 0 0 0 0 0 0 0 0 0 0 0 0 0 0 0 0 0 0 0 1 0 0 0 0 0 0 0 0 0 0 0 0 0 0 0 0 0 0 0 0 0 0 0 0]
[2314040093214320333943847583635430724744649341796616883341106024674221961882553160793552851530409641067878339254128748057307108894774073163316917629207691073565787083486657902979037088557370893037514895485418077175262344784161862768548086881811214571317840037993527677248769368324841184128957862165331039750482745576909284311359019 0 0 0 0 0 0 0 0 0 0 0 0 0 0 0 0 0 0 0 0 0 0 0 0 0 0 0 0 0 0 0 0 0 0 0 0 0 0 0 0 0 0 0 0 0 0 0 0 0 0 0 0 0 0 0 0 0 0 0 0 0 0 0 0 0 0 0 0 0 0 0 0 0 0 0 0 0 0 0 0 0 0 0 0 0 1 0 0 0 0 0 0 0 0 0 0 0 0 0 0 0 0 0 0 0 0 0 0 0]
[4198434160814261087775265780729411447111489074745236410604293704577064445620779945370953321701153974425235432681482398239618398653401463903588881558722469696823059772460515272890415409774252593170423569260244600044838314298690110006294368308113924540528820892651984140662313367709330638504697735972294808528086415107711034250775280 0 0 0 0 0 0 0 0 0 0 0 0 0 0 0 0 0 0 0 0 0 0 0 0 0 0 0 0 0 0 0 0 0 0 0 0 0 0 0 0 0 0 0 0 0 0 0 0 0 0 0 0 0 0 0 0 0 0 0 0 0 0 0 0 0 0 0 0 0 0 0 0 0 0 0 0 0 0 0 0 0 0 0 0 0 0 1 0 0 0 0 0 0 0 0 0 0 0 0 0 0 0 0 0 0 0 0 0 0]
[369976373101759601706642368967809095192076533473644143428844300023986193749857770126127986149431628459989889259461064101623345153251888421815701088201987797701927617076315179412475885144781281825838731573431188747696859950217231723712799144874322750023077123159002170577524044915208056865157124274444942499258641793494624907102620 0 0 0 0 0 0 0 0 0 0 0 0 0 0 0 0 0 0 0 0 0 0 0 0 0 0 0 0 0 0 0 0 0 0 0 0 0 0 0 0 0 0 0 0 0 0 0 0 0 0 0 0 0 0 0 0 0 0 0 0 0 0 0 0 0 0 0 0 0 0 0 0 0 0 0 0 0 0 0 0 0 0 0 0 0 0 0 1 0 0 0 0 0 0 0 0 0 0 0 0 0 0 0 0 0 0 0 0 0]
[7970383522005769837430729046620269948332144198830108185410239073222367239916763199741916191436410323654253670977910411734217072472265118520968882960902144414435286728516674265108785678221394194815690468282033793343849897403702808873477501296484552115397245199947853984782335351590200104744911510679783416595467192111874037200417451 0 0 0 0 0 0 0 0 0 0 0 0 0 0 0 0 0 0 0 0 0 0 0 0 0 0 0 0 0 0 0 0 0 0 0 0 0 0 0 0 0 0 0 0 0 0 0 0 0 0 0 0 0 0 0 0 0 0 0 0 0 0 0 0 0 0 0 0 0 0 0 0 0 0 0 0 0 0 0 0 0 0 0 0 0 0 0 0 1 0 0 0 0 0 0 0 0 0 0 0 0 0 0 0 0 0 0 0 0]
[8762494126438403409343865256540374610581299971102436497928615270903729736557040046223431217046307676541860087317707699615059973447889885362743146946481846714222369895179676320366664426531096944808404311406348114130614670067212910458475696532874034020157728216247234159241146426931416365240695206331828448021166664800036286603382520 0 0 0 0 0 0 0 0 0 0 0 0 0 0 0 0 0 0 0 0 0 0 0 0 0 0 0 0 0 0 0 0 0 0 0 0 0 0 0 0 0 0 0 0 0 0 0 0 0 0 0 0 0 0 0 0 0 0 0 0 0 0 0 0 0 0 0 0 0 0 0 0 0 0 0 0 0 0 0 0 0 0 0 0 0 0 0 0 0 1 0 0 0 0 0 0 0 0 0 0 0 0 0 0 0 0 0 0 0]
[5620820333236265853936354124057062476863888902699640357216116722688676538555027807071777091227544598511428422478255157718627755732136143214257067302438854564945827285425002055738216134591743600580541839234340116657151540812147295247112213414595980274278767258213820002607212805513698843385947262206755648716006541294957381982385062 0 0 0 0 0 0 0 0 0 0 0 0 0 0 0 0 0 0 0 0 0 0 0 0 0 0 0 0 0 0 0 0 0 0 0 0 0 0 0 0 0 0 0 0 0 0 0 0 0 0 0 0 0 0 0 0 0 0 0 0 0 0 0 0 0 0 0 0 0 0 0 0 0 0 0 0 0 0 0 0 0 0 0 0 0 0 0 0 0 0 1 0 0 0 0 0 0 0 0 0 0 0 0 0 0 0 0 0 0]
[8795850807060248439292277707428592227164539738275345851365700581877102786313108252806676902685374654575647840118647544866081693502739337427017348673792837632262975078110477804975311074266065414231184672266872911330094908838764105943404654132489954334825778654501220307868291786791432264093408779054830839664831374982032322796697968 0 0 0 0 0 0 0 0 0 0 0 0 0 0 0 0 0 0 0 0 0 0 0 0 0 0 0 0 0 0 0 0 0 0 0 0 0 0 0 0 0 0 0 0 0 0 0 0 0 0 0 0 0 0 0 0 0 0 0 0 0 0 0 0 0 0 0 0 0 0 0 0 0 0 0 0 0 0 0 0 0 0 0 0 0 0 0 0 0 0 0 1 0 0 0 0 0 0 0 0 0 0 0 0 0 0 0 0 0]
[8700164406046308167371550833131306912396615817104677897701166967102308329780995277192233351905201625391659251466025508323882807701790265194458082697747676762577075535254483950691583372019869626204313952898858661033386746342854717431540401760256623553400011494662875593331120320409101296108352023488217513710766423995446244383908024 0 0 0 0 0 0 0 0 0 0 0 0 0 0 0 0 0 0 0 0 0 0 0 0 0 0 0 0 0 0 0 0 0 0 0 0 0 0 0 0 0 0 0 0 0 0 0 0 0 0 0 0 0 0 0 0 0 0 0 0 0 0 0 0 0 0 0 0 0 0 0 0 0 0 0 0 0 0 0 0 0 0 0 0 0 0 0 0 0 0 0 0 1 0 0 0 0 0 0 0 0 0 0 0 0 0 0 0 0]
[5354320292798971748858197181493985313457196041317517340016581423294029347831178991932768342394796103882119822655636754726650629710791153510269839470260220756025156197609999586168771656189019810380705274302840736699185107602190097514888638620625255377550170970570681942182162435370281827031651931084730909333133420585171441085299714 0 0 0 0 0 0 0 0 0 0 0 0 0 0 0 0 0 0 0 0 0 0 0 0 0 0 0 0 0 0 0 0 0 0 0 0 0 0 0 0 0 0 0 0 0 0 0 0 0 0 0 0 0 0 0 0 0 0 0 0 0 0 0 0 0 0 0 0 0 0 0 0 0 0 0 0 0 0 0 0 0 0 0 0 0 0 0 0 0 0 0 0 0 1 0 0 0 0 0 0 0 0 0 0 0 0 0 0 0]
[3111328765924115852277698883048159139021496714410285851522462113337225384138432796828682020130616382278465936357102085842484035755754357343184443228877185882284205362875926128470432271806061502569952865635549759595542741053708985797482963695780222144239803884140619005752720675915886569685887668924520873386044274663539288327342460 0 0 0 0 0 0 0 0 0 0 0 0 0 0 0 0 0 0 0 0 0 0 0 0 0 0 0 0 0 0 0 0 0 0 0 0 0 0 0 0 0 0 0 0 0 0 0 0 0 0 0 0 0 0 0 0 0 0 0 0 0 0 0 0 0 0 0 0 0 0 0 0 0 0 0 0 0 0 0 0 0 0 0 0 0 0 0 0 0 0 0 0 0 0 1 0 0 0 0 0 0 0 0 0 0 0 0 0 0]
[4267925221855977996152661162820908098250145070490058181394398477289630347515936686965150459931000270242098476200910665977299375586708719292030130967522125732818422234780586992352069059967916455208756545323178873659940011458207952144031947912131505409361146098258370494771790593380876256316062486151609962287245356589984280128192712 0 0 0 0 0 0 0 0 0 0 0 0 0 0 0 0 0 0 0 0 0 0 0 0 0 0 0 0 0 0 0 0 0 0 0 0 0 0 0 0 0 0 0 0 0 0 0 0 0 0 0 0 0 0 0 0 0 0 0 0 0 0 0 0 0 0 0 0 0 0 0 0 0 0 0 0 0 0 0 0 0 0 0 0 0 0 0 0 0 0 0 0 0 0 0 1 0 0 0 0 0 0 0 0 0 0 0 0 0]
[2611406751075701716117625343576976488647221625053455825781532760075344482083894795861828593762836439686245564800104997725340726234891890598825230783635598811012863772110810143428167338323141576611335573247360641173525786416980193243365380408487025793066829307303376393082901139282956979904908283459446643638125336515233911503204605 0 0 0 0 0 0 0 0 0 0 0 0 0 0 0 0 0 0 0 0 0 0 0 0 0 0 0 0 0 0 0 0 0 0 0 0 0 0 0 0 0 0 0 0 0 0 0 0 0 0 0 0 0 0 0 0 0 0 0 0 0 0 0 0 0 0 0 0 0 0 0 0 0 0 0 0 0 0 0 0 0 0 0 0 0 0 0 0 0 0 0 0 0 0 0 0 1 0 0 0 0 0 0 0 0 0 0 0 0]
[7176764786532259241726557814684119240826559410959001841773773853315540102662573827287160362153166222784500824183852908106520766106933644411963853202809388826716224086183898875935183017398597736278933066264843618019310673472142304725781238036195186335149664871452824591461939596293645992585254853394695047587946004581208274232943654 0 0 0 0 0 0 0 0 0 0 0 0 0 0 0 0 0 0 0 0 0 0 0 0 0 0 0 0 0 0 0 0 0 0 0 0 0 0 0 0 0 0 0 0 0 0 0 0 0 0 0 0 0 0 0 0 0 0 0 0 0 0 0 0 0 0 0 0 0 0 0 0 0 0 0 0 0 0 0 0 0 0 0 0 0 0 0 0 0 0 0 0 0 0 0 0 0 1 0 0 0 0 0 0 0 0 0 0 0]
[9488946283675853578315381243745728877986004474318014577174829118269043692427745994932924387525403303067745888022026005190685565054731739274322196974579731021617769163844159212274233778637257051446475771805467762424872770719043263776254008554229648872134824221616877927585787142959808548619221839120537655662675902784757626181831900 0 0 0 0 0 0 0 0 0 0 0 0 0 0 0 0 0 0 0 0 0 0 0 0 0 0 0 0 0 0 0 0 0 0 0 0 0 0 0 0 0 0 0 0 0 0 0 0 0 0 0 0 0 0 0 0 0 0 0 0 0 0 0 0 0 0 0 0 0 0 0 0 0 0 0 0 0 0 0 0 0 0 0 0 0 0 0 0 0 0 0 0 0 0 0 0 0 0 1 0 0 0 0 0 0 0 0 0 0]
[4103931410611851361747045480973409591062651647277696049098346430438685695292794907081373675001083246517240965088065769273919492908278295793305229929613496075314164634391182245788894162052554601851510646513892826291852222568092335901560033318198861389293130690990270840398636778371284200569157798432939264103646218541534269946504454 0 0 0 0 0 0 0 0 0 0 0 0 0 0 0 0 0 0 0 0 0 0 0 0 0 0 0 0 0 0 0 0 0 0 0 0 0 0 0 0 0 0 0 0 0 0 0 0 0 0 0 0 0 0 0 0 0 0 0 0 0 0 0 0 0 0 0 0 0 0 0 0 0 0 0 0 0 0 0 0 0 0 0 0 0 0 0 0 0 0 0 0 0 0 0 0 0 0 0 1 0 0 0 0 0 0 0 0 0]
[6477592638649514050847711784938041882729386787608422242530168196881633745127493157421080879388664877053350365655540801814210011153743128987004706288938732466944558575858641298929701999218512197527013443233343794880899373231210709950369047766929275283440388320177810504322589842381727421867064295020289108020171363493165932113790152 0 0 0 0 0 0 0 0 0 0 0 0 0 0 0 0 0 0 0 0 0 0 0 0 0 0 0 0 0 0 0 0 0 0 0 0 0 0 0 0 0 0 0 0 0 0 0 0 0 0 0 0 0 0 0 0 0 0 0 0 0 0 0 0 0 0 0 0 0 0 0 0 0 0 0 0 0 0 0 0 0 0 0 0 0 0 0 0 0 0 0 0 0 0 0 0 0 0 0 0 1 0 0 0 0 0 0 0 0]
[1871299849481233639781370214616236113033694279440466263036279994820770487707784311797469562291832926952694125757030335189034774731329218323824895205477983749235401030208406877269958957405752351489757002069995375708724502468125742333004106321226301322240625445257366946193087050606474129072413701541867281209173759571033513791106470 0 0 0 0 0 0 0 0 0 0 0 0 0 0 0 0 0 0 0 0 0 0 0 0 0 0 0 0 0 0 0 0 0 0 0 0 0 0 0 0 0 0 0 0 0 0 0 0 0 0 0 0 0 0 0 0 0 0 0 0 0 0 0 0 0 0 0 0 0 0 0 0 0 0 0 0 0 0 0 0 0 0 0 0 0 0 0 0 0 0 0 0 0 0 0 0 0 0 0 0 0 1 0 0 0 0 0 0 0]
[7355856908620560557353579514300246295125383902427355839962471206769965936026614057699078994681798321027106541609239361663026626899191598073666433725913676856692595829223928707435194050723004605626756802535120446160431193610121604831325961710627189487550796853302079280353919813536886090651947463077115685028089135950370249317990963 0 0 0 0 0 0 0 0 0 0 0 0 0 0 0 0 0 0 0 0 0 0 0 0 0 0 0 0 0 0 0 0 0 0 0 0 0 0 0 0 0 0 0 0 0 0 0 0 0 0 0 0 0 0 0 0 0 0 0 0 0 0 0 0 0 0 0 0 0 0 0 0 0 0 0 0 0 0 0 0 0 0 0 0 0 0 0 0 0 0 0 0 0 0 0 0 0 0 0 0 0 0 1 0 0 0 0 0 0]
[1491769683686678917081026542938749684317758819767770431374853619615009519524844079932213198122211100146910696036514652964187619496380859122044775150920956581643594290308500876482633446020786958095211010599912231585705482273657216828907538290505522135600285838299906206690106548626533522383995215364640059432159423384118033724047166 0 0 0 0 0 0 0 0 0 0 0 0 0 0 0 0 0 0 0 0 0 0 0 0 0 0 0 0 0 0 0 0 0 0 0 0 0 0 0 0 0 0 0 0 0 0 0 0 0 0 0 0 0 0 0 0 0 0 0 0 0 0 0 0 0 0 0 0 0 0 0 0 0 0 0 0 0 0 0 0 0 0 0 0 0 0 0 0 0 0 0 0 0 0 0 0 0 0 0 0 0 0 0 1 0 0 0 0 0]
[8422736581666717844169012164030424902153531665169849708733388587649341183830449952194579336918173674185798669625833999826468454431848973347508965270702797262594472931675289071217207141367649639112444100333540553789917661806881485261352125904225292855818734744596984572495638069981452444128099425265172613593662427933328426780649994 0 0 0 0 0 0 0 0 0 0 0 0 0 0 0 0 0 0 0 0 0 0 0 0 0 0 0 0 0 0 0 0 0 0 0 0 0 0 0 0 0 0 0 0 0 0 0 0 0 0 0 0 0 0 0 0 0 0 0 0 0 0 0 0 0 0 0 0 0 0 0 0 0 0 0 0 0 0 0 0 0 0 0 0 0 0 0 0 0 0 0 0 0 0 0 0 0 0 0 0 0 0 0 0 1 0 0 0 0]
[5460536450830568783882262467979988994218335908830552342057959611628917357495629044859500107401812485396678657404831170176951109734045285040381201691234055048321651166025529900242812943896051432229126057391907792427082088578373759549344354899434573595981027366540651404080304609284703940615196235966134819544738746561128262729469783 0 0 0 0 0 0 0 0 0 0 0 0 0 0 0 0 0 0 0 0 0 0 0 0 0 0 0 0 0 0 0 0 0 0 0 0 0 0 0 0 0 0 0 0 0 0 0 0 0 0 0 0 0 0 0 0 0 0 0 0 0 0 0 0 0 0 0 0 0 0 0 0 0 0 0 0 0 0 0 0 0 0 0 0 0 0 0 0 0 0 0 0 0 0 0 0 0 0 0 0 0 0 0 0 0 1 0 0 0]
[5302568738076656834535425733941126015156759574646509752194408745330605857318434940593590474575673971694213453068102862501995399256072566567157115427160081009001303174527555889783734948585730790127470661802055146483664837789453177324346579994745364768397545764722731708772463805184663715998469503157098721269223548199650994390375427 0 0 0 0 0 0 0 0 0 0 0 0 0 0 0 0 0 0 0 0 0 0 0 0 0 0 0 0 0 0 0 0 0 0 0 0 0 0 0 0 0 0 0 0 0 0 0 0 0 0 0 0 0 0 0 0 0 0 0 0 0 0 0 0 0 0 0 0 0 0 0 0 0 0 0 0 0 0 0 0 0 0 0 0 0 0 0 0 0 0 0 0 0 0 0 0 0 0 0 0 0 0 0 0 0 0 1 0 0]
[2064823231618951354164804484134305575822592155276307357619569730564110999645216551340845317294479675577084877130394715080884506016797764304431943841842639539010301334095727172963245733359330272776109317983544849240259869669332266239221208749890198415048174022696151275094171813460740226343129786808856057559809454427414255532032522 0 0 0 0 0 0 0 0 0 0 0 0 0 0 0 0 0 0 0 0 0 0 0 0 0 0 0 0 0 0 0 0 0 0 0 0 0 0 0 0 0 0 0 0 0 0 0 0 0 0 0 0 0 0 0 0 0 0 0 0 0 0 0 0 0 0 0 0 0 0 0 0 0 0 0 0 0 0 0 0 0 0 0 0 0 0 0 0 0 0 0 0 0 0 0 0 0 0 0 0 0 0 0 0 0 0 0 1 0]
[9294831654573816131905411768501211516253008991423956762941451301501157320743065785018324920716376817540656640590763937138123364390532811641698410009894414148650790080617514076517470751454364380467445151931237125600017150982540556353827256205978296167410758824834642238289746825127949674528567776816796781680647582522043718409088680 0 0 0 0 0 0 0 0 0 0 0 0 0 0 0 0 0 0 0 0 0 0 0 0 0 0 0 0 0 0 0 0 0 0 0 0 0 0 0 0 0 0 0 0 0 0 0 0 0 0 0 0 0 0 0 0 0 0 0 0 0 0 0 0 0 0 0 0 0 0 0 0 0 0 0 0 0 0 0 0 0 0 0 0 0 0 0 0 0 0 0 0 0 0 0 0 0 0 0 0 0 0 0 0 0 0 0 0 1]
]
