[[3058401030361222483010409359248780596215538751920125850091806089252613854243977744044518342822014684585977435689684060273372715928330623685880963314211390992347921025424930772224101 0 0 0 0 0 0 0 0 0 0 0 0 0 0 0 0 0 0 0 0 0 0 0 0 0 0 0 0 0 0 0 0 0 0 0 0 0 0 0 0 0 0 0 0 0 0 0 0 0 0 0 0 0 0 0 0 0 0 0]
[530126581850052457722078876781367921377372208413767400121626916938905493990928859152035134751689666553427472995424752774479074298299860656924786318338175141401191773575984886282608 1 0 0 0 0 0 0 0 0 0 0 0 0 0 0 0 0 0 0 0 0 0 0 0 0 0 0 0 0 0 0 0 0 0 0 0 0 0 0 0 0 0 0 0 0 0 0 0 0 0 0 0 0 0 0 0 0 0 0]
[2474174361351222471829056195180118363172149928862832210821869145045107707727538932523417414998536693395091902980984949200703742423200414049649031472170248868200037947326798759117271 0 1 0 0 0 0 0 0 0 0 0 0 0 0 0 0 0 0 0 0 0 0 0 0 0 0 0 0 0 0 0 0 0 0 0 0 0 0 0 0 0 0 0 0 0 0 0 0 0 0 0 0 0 0 0 0 0 0 0]
[1706884762021003400171639978188783297210707106365440843868938058234224684108151285221146894425750801708055840588204523875399287390389225421047207154731436642552980460284819516245342 0 0 1 0 0 0 0 0 0 0 0 0 0 0 0 0 0 0 0 0 0 0 0 0 0 0 0 0 0 0 0 0 0 0 0 0 0 0 0 0 0 0 0 0 0 0 0 0 0 0 0 0 0 0 0 0 0 0 0]
[25503777242885045524887899294924927865355444268432471527453799104112030411538416996204280302457932811114134304836870951594618732013903728786477934658793387209048437042654648112466 0 0 0 1 0 0 0 0 0 0 0 0 0 0 0 0 0 0 0 0 0 0 0 0 0 0 0 0 0 0 0 0 0 0 0 0 0 0 0 0 0 0 0 0 0 0 0 0 0 0 0 0 0 0 0 0 0 0 0]
[1987075788760534332013505151479353103581844661224591385515902247328189152338337988807054916811280562699619006913723365633062852204368277054430766435045546567339882269445532513048942 0 0 0 0 1 0 0 0 0 0 0 0 0 0 0 0 0 0 0 0 0 0 0 0 0 0 0 0 0 0 0 0 0 0 0 0 0 0 0 0 0 0 0 0 0 0 0 0 0 0 0 0 0 0 0 0 0 0 0]
[1075272176552050363194432239054081189822175793507440580905901495319942529514266956009525068544794023099715274582416902513795679229259892896283508923907497380943517302697052878868232 0 0 0 0 0 1 0 0 0 0 0 0 0 0 0 0 0 0 0 0 0 0 0 0 0 0 0 0 0 0 0 0 0 0 0 0 0 0 0 0 0 0 0 0 0 0 0 0 0 0 0 0 0 0 0 0 0 0 0]
[62487588312933950508614878428363850117032091149185990452406371022612580326284399048898816981576697221655444574743172941522149515579328394924499393553564454157926664232654474166789 0 0 0 0 0 0 1 0 0 0 0 0 0 0 0 0 0 0 0 0 0 0 0 0 0 0 0 0 0 0 0 0 0 0 0 0 0 0 0 0 0 0 0 0 0 0 0 0 0 0 0 0 0 0 0 0 0 0 0]
[2199835605872693606199139966331035215513546851053900134404014847445372815494800317729201460456733350378203236189712798954227274130037527817112502257763837725858111634352916866539644 0 0 0 0 0 0 0 1 0 0 0 0 0 0 0 0 0 0 0 0 0 0 0 0 0 0 0 0 0 0 0 0 0 0 0 0 0 0 0 0 0 0 0 0 0 0 0 0 0 0 0 0 0 0 0 0 0 0 0]
[2592311842606173065362342609805268441900781133755623741830250710580550577840767612699367697421933393878655176476258529436600441587419618175207789673839463768992465818737515426469521 0 0 0 0 0 0 0 0 1 0 0 0 0 0 0 0 0 0 0 0 0 0 0 0 0 0 0 0 0 0 0 0 0 0 0 0 0 0 0 0 0 0 0 0 0 0 0 0 0 0 0 0 0 0 0 0 0 0 0]
[2209950799132243448101977271712654798079683419685538447830207868254232963641658046189485349779029770863509917519310144702662498877330460278077129768230850223055992378097522962755046 0 0 0 0 0 0 0 0 0 1 0 0 0 0 0 0 0 0 0 0 0 0 0 0 0 0 0 0 0 0 0 0 0 0 0 0 0 0 0 0 0 0 0 0 0 0 0 0 0 0 0 0 0 0 0 0 0 0 0]
[591053302433556685403765187446916680688670172361822060107262757241549574242216292175909306778374518450607581162635685612308054452359687304184262420584442114404372222490626248784861 0 0 0 0 0 0 0 0 0 0 1 0 0 0 0 0 0 0 0 0 0 0 0 0 0 0 0 0 0 0 0 0 0 0 0 0 0 0 0 0 0 0 0 0 0 0 0 0 0 0 0 0 0 0 0 0 0 0 0]
[587023376178796040327971031266903568672617518215995648437333923107744975482872540992544873809432880659573033544530193871872310096244694012919207873956713193472627903187264431255365 0 0 0 0 0 0 0 0 0 0 0 1 0 0 0 0 0 0 0 0 0 0 0 0 0 0 0 0 0 0 0 0 0 0 0 0 0 0 0 0 0 0 0 0 0 0 0 0 0 0 0 0 0 0 0 0 0 0 0]
[784257861235418184514253846059854311842408262247955847171761418228654008056034852166748114636410313808652946617687220667499676747666428004925301042521691390819723370255287138385774 0 0 0 0 0 0 0 0 0 0 0 0 1 0 0 0 0 0 0 0 0 0 0 0 0 0 0 0 0 0 0 0 0 0 0 0 0 0 0 0 0 0 0 0 0 0 0 0 0 0 0 0 0 0 0 0 0 0 0]
[2163032369166431883797940894921652276987798835974627245913208637077130526348720512304059371253156696750772967918050369539769064090138181869070318359387376202025905842495656707778869 0 0 0 0 0 0 0 0 0 0 0 0 0 1 0 0 0 0 0 0 0 0 0 0 0 0 0 0 0 0 0 0 0 0 0 0 0 0 0 0 0 0 0 0 0 0 0 0 0 0 0 0 0 0 0 0 0 0 0]
[2272551411597432952632910877596625465531109779529092340576791374664862606631233176598310640117128004191974973368725034525932377290374905829388039289870010718934564042210042276874431 0 0 0 0 0 0 0 0 0 0 0 0 0 0 1 0 0 0 0 0 0 0 0 0 0 0 0 0 0 0 0 0 0 0 0 0 0 0 0 0 0 0 0 0 0 0 0 0 0 0 0 0 0 0 0 0 0 0 0]
[107119261056613438267246994866453506251012881284102245565909026597495021241566743184230198141793979978819137838368354851893905057864229100784786436434611448693303922582659289549208 0 0 0 0 0 0 0 0 0 0 0 0 0 0 0 1 0 0 0 0 0 0 0 0 0 0 0 0 0 0 0 0 0 0 0 0 0 0 0 0 0 0 0 0 0 0 0 0 0 0 0 0 0 0 0 0 0 0 0]
[2353508327860230793524010634929143299318688157490711040715856666558418714273262983133737196255706409880650856873852730134254718931000676618597108609665327639379844712187091116586679 0 0 0 0 0 0 0 0 0 0 0 0 0 0 0 0 1 0 0 0 0 0 0 0 0 0 0 0 0 0 0 0 0 0 0 0 0 0 0 0 0 0 0 0 0 0 0 0 0 0 0 0 0 0 0 0 0 0 0]
[2832470774162796394429102764654125416172353938918008792988983249985335074465419911932557346454989096250523063784077720473917283252294285907033637539473869902148787519299521627674033 0 0 0 0 0 0 0 0 0 0 0 0 0 0 0 0 0 1 0 0 0 0 0 0 0 0 0 0 0 0 0 0 0 0 0 0 0 0 0 0 0 0 0 0 0 0 0 0 0 0 0 0 0 0 0 0 0 0 0]
[2360427450628146939787753505759881505112619554459584166893204823713789390001508017231781034793430044277163316430193396791720071442714307374491640916439363409796307817327118033119057 0 0 0 0 0 0 0 0 0 0 0 0 0 0 0 0 0 0 1 0 0 0 0 0 0 0 0 0 0 0 0 0 0 0 0 0 0 0 0 0 0 0 0 0 0 0 0 0 0 0 0 0 0 0 0 0 0 0 0]
[2323474601754518812490186779648944386187421914404039870974938184146294522033598707188952253791382060709720717019898084405084594218360906043645029615889101488999041006768539866738578 0 0 0 0 0 0 0 0 0 0 0 0 0 0 0 0 0 0 0 1 0 0 0 0 0 0 0 0 0 0 0 0 0 0 0 0 0 0 0 0 0 0 0 0 0 0 0 0 0 0 0 0 0 0 0 0 0 0 0]
[45773686937144062390112558762000867211415760978214892020232534787353009756989604015112705015908325191663840180360176472703020893710246478242024857972543731233404648225289913220990 0 0 0 0 0 0 0 0 0 0 0 0 0 0 0 0 0 0 0 0 1 0 0 0 0 0 0 0 0 0 0 0 0 0 0 0 0 0 0 0 0 0 0 0 0 0 0 0 0 0 0 0 0 0 0 0 0 0 0]
[668048018214886719488168788186508112892438456362143870088889961760008400657217214911699197909014620804937833528588599724062930349435815073652444748535566576752349426353019396351942 0 0 0 0 0 0 0 0 0 0 0 0 0 0 0 0 0 0 0 0 0 1 0 0 0 0 0 0 0 0 0 0 0 0 0 0 0 0 0 0 0 0 0 0 0 0 0 0 0 0 0 0 0 0 0 0 0 0 0]
[1539454804510111861888643031971467599247746703826600072959221559553218949559275274353602806430607896227935149290557260088036822685425844892288511280472172132011949225817474169866544 0 0 0 0 0 0 0 0 0 0 0 0 0 0 0 0 0 0 0 0 0 0 1 0 0 0 0 0 0 0 0 0 0 0 0 0 0 0 0 0 0 0 0 0 0 0 0 0 0 0 0 0 0 0 0 0 0 0 0]
[1845963147523675933781833415105096496406351127481143549463903118847659160167638824311197010565993296811513280834740002299564290011319080280174026379090689309111169799402091658340623 0 0 0 0 0 0 0 0 0 0 0 0 0 0 0 0 0 0 0 0 0 0 0 1 0 0 0 0 0 0 0 0 0 0 0 0 0 0 0 0 0 0 0 0 0 0 0 0 0 0 0 0 0 0 0 0 0 0 0]
[774225023713219688149543946492375516413991681654684575470110298957341911854712505440025707315849636222612479914819981867388398621159877159459229871155783688508733137407860897474509 0 0 0 0 0 0 0 0 0 0 0 0 0 0 0 0 0 0 0 0 0 0 0 0 1 0 0 0 0 0 0 0 0 0 0 0 0 0 0 0 0 0 0 0 0 0 0 0 0 0 0 0 0 0 0 0 0 0 0]
[285891143014055305226300611971123565854630587704310988565970181701930543056613774582021200517409351790392868469135207856357238950504178693007958341313321387817354529849768070737663 0 0 0 0 0 0 0 0 0 0 0 0 0 0 0 0 0 0 0 0 0 0 0 0 0 1 0 0 0 0 0 0 0 0 0 0 0 0 0 0 0 0 0 0 0 0 0 0 0 0 0 0 0 0 0 0 0 0 0]
[2444570859193593297147102126027749783456497815701345643550030852419704199953609598739712664496165238641561708071008299732781203515653751279863275813954760726873864485553240030654066 0 0 0 0 0 0 0 0 0 0 0 0 0 0 0 0 0 0 0 0 0 0 0 0 0 0 1 0 0 0 0 0 0 0 0 0 0 0 0 0 0 0 0 0 0 0 0 0 0 0 0 0 0 0 0 0 0 0 0]
[2728489168018340181342602832997194144141953257903645237226284527104020134954068704273291306458935001749129114907204886452938178823106884552245646321006039801009416919593151993344541 0 0 0 0 0 0 0 0 0 0 0 0 0 0 0 0 0 0 0 0 0 0 0 0 0 0 0 1 0 0 0 0 0 0 0 0 0 0 0 0 0 0 0 0 0 0 0 0 0 0 0 0 0 0 0 0 0 0 0]
[121492858581713040493388605710305908090449113738330700449117454487419469826184107983222205702280167540352749797793321453794546135966599424203597062883689211369363276819285400585560 0 0 0 0 0 0 0 0 0 0 0 0 0 0 0 0 0 0 0 0 0 0 0 0 0 0 0 0 1 0 0 0 0 0 0 0 0 0 0 0 0 0 0 0 0 0 0 0 0 0 0 0 0 0 0 0 0 0 0]
[2678298769459267783538100746812071088081557899079775939975658732122398425909723033850635617151852124465634420318684960400567587759780107316460058314248957495265918446874951629428954 0 0 0 0 0 0 0 0 0 0 0 0 0 0 0 0 0 0 0 0 0 0 0 0 0 0 0 0 0 1 0 0 0 0 0 0 0 0 0 0 0 0 0 0 0 0 0 0 0 0 0 0 0 0 0 0 0 0 0]
[3049677678518099263289100527216619990300259233449389633738937493042411833922445308350577637239386668685690806584976753232624308276409951740325721542147956753001820362502228380356214 0 0 0 0 0 0 0 0 0 0 0 0 0 0 0 0 0 0 0 0 0 0 0 0 0 0 0 0 0 0 1 0 0 0 0 0 0 0 0 0 0 0 0 0 0 0 0 0 0 0 0 0 0 0 0 0 0 0 0]
[2694235570643731589925051714216481352309051424137654766324456181826428227180303023884809708636570452458212942389926027148445462108203980201542318032200436344848888824516887610106803 0 0 0 0 0 0 0 0 0 0 0 0 0 0 0 0 0 0 0 0 0 0 0 0 0 0 0 0 0 0 0 1 0 0 0 0 0 0 0 0 0 0 0 0 0 0 0 0 0 0 0 0 0 0 0 0 0 0 0]
[2984790979595829820010205748626025246576365795115502674138910332964956290315259024530776767720041372812985967973218855503875524983101370351338671272256280600207120570118277326727396 0 0 0 0 0 0 0 0 0 0 0 0 0 0 0 0 0 0 0 0 0 0 0 0 0 0 0 0 0 0 0 0 1 0 0 0 0 0 0 0 0 0 0 0 0 0 0 0 0 0 0 0 0 0 0 0 0 0 0]
[2929342404356998529651699825719919385351102466484881327752647614369943664642633151609907440843035471518868741887471690272531767069783350095016419226139690882892877173347220062085663 0 0 0 0 0 0 0 0 0 0 0 0 0 0 0 0 0 0 0 0 0 0 0 0 0 0 0 0 0 0 0 0 0 1 0 0 0 0 0 0 0 0 0 0 0 0 0 0 0 0 0 0 0 0 0 0 0 0 0]
[1634661031538888539065201862660948348426563990490404474984756283575369060295315187985268026947417901195043886968519665752474984596669163438006629611356906868491013673571276994964696 0 0 0 0 0 0 0 0 0 0 0 0 0 0 0 0 0 0 0 0 0 0 0 0 0 0 0 0 0 0 0 0 0 0 1 0 0 0 0 0 0 0 0 0 0 0 0 0 0 0 0 0 0 0 0 0 0 0 0]
[1598082103263813395759647457936654709557025622355152098483164061741973817519440722546975145909059224210970835890885795929008514493570272325398311211310785377038299637261090679365222 0 0 0 0 0 0 0 0 0 0 0 0 0 0 0 0 0 0 0 0 0 0 0 0 0 0 0 0 0 0 0 0 0 0 0 1 0 0 0 0 0 0 0 0 0 0 0 0 0 0 0 0 0 0 0 0 0 0 0]
[1565027737465302834744118101924527165205079650028385738920937365496341327483193687154219380025838934391482236869170553372055502676098987835884899430112315355906383450134563485599089 0 0 0 0 0 0 0 0 0 0 0 0 0 0 0 0 0 0 0 0 0 0 0 0 0 0 0 0 0 0 0 0 0 0 0 0 1 0 0 0 0 0 0 0 0 0 0 0 0 0 0 0 0 0 0 0 0 0 0]
[1998367121822539199003708971677777977151658213846546907590722738861684654310340388659001102896799941239019304715749820725082156282394840981061084934891476524792721201250357431367547 0 0 0 0 0 0 0 0 0 0 0 0 0 0 0 0 0 0 0 0 0 0 0 0 0 0 0 0 0 0 0 0 0 0 0 0 0 1 0 0 0 0 0 0 0 0 0 0 0 0 0 0 0 0 0 0 0 0 0]
[1944396509661931014909473857212327732630037978700716347813928854252972920705157467440776654189190526881558921323322644249293584832413382702858095585585804541761705471454318612849527 0 0 0 0 0 0 0 0 0 0 0 0 0 0 0 0 0 0 0 0 0 0 0 0 0 0 0 0 0 0 0 0 0 0 0 0 0 0 1 0 0 0 0 0 0 0 0 0 0 0 0 0 0 0 0 0 0 0 0]
[1218336442334302104542790499223397828449400815531408068734773728833992914390482556656104078550814513548711516905317132461084336552502739602231216008407928170769633774867869894988405 0 0 0 0 0 0 0 0 0 0 0 0 0 0 0 0 0 0 0 0 0 0 0 0 0 0 0 0 0 0 0 0 0 0 0 0 0 0 0 1 0 0 0 0 0 0 0 0 0 0 0 0 0 0 0 0 0 0 0]
[2880947286875701296968238926136667640159603980926478904930012424117906592601216273943044320768278098951915471492175336139786391808766657845464027039062452914841311435697344904651879 0 0 0 0 0 0 0 0 0 0 0 0 0 0 0 0 0 0 0 0 0 0 0 0 0 0 0 0 0 0 0 0 0 0 0 0 0 0 0 0 1 0 0 0 0 0 0 0 0 0 0 0 0 0 0 0 0 0 0]
[1769465895810523140241416966778586025216153618751684507480034002617634074137973155812832510507849508808743958649997125790748629402915257965205575916580713786317231471258081496102444 0 0 0 0 0 0 0 0 0 0 0 0 0 0 0 0 0 0 0 0 0 0 0 0 0 0 0 0 0 0 0 0 0 0 0 0 0 0 0 0 0 1 0 0 0 0 0 0 0 0 0 0 0 0 0 0 0 0 0]
[922542907099582714070909134295176813209018092240263224177592010779463264777165079719699131991493733464433452806414424554721237213223269086484902234865520738157443646975104660247575 0 0 0 0 0 0 0 0 0 0 0 0 0 0 0 0 0 0 0 0 0 0 0 0 0 0 0 0 0 0 0 0 0 0 0 0 0 0 0 0 0 0 1 0 0 0 0 0 0 0 0 0 0 0 0 0 0 0 0]
[2235270979773845684668499266032891733600369029824731947352615205750558325733142627083117174257104892382943968749833400651672417628794794579099220489156917070100746603123087459330500 0 0 0 0 0 0 0 0 0 0 0 0 0 0 0 0 0 0 0 0 0 0 0 0 0 0 0 0 0 0 0 0 0 0 0 0 0 0 0 0 0 0 0 1 0 0 0 0 0 0 0 0 0 0 0 0 0 0 0]
[1913824828114235800321354423309801941925575902391673297548935730977611028362964398826300815554633762675778486015742797572212922095760474696547114922813625118436081204599896077707633 0 0 0 0 0 0 0 0 0 0 0 0 0 0 0 0 0 0 0 0 0 0 0 0 0 0 0 0 0 0 0 0 0 0 0 0 0 0 0 0 0 0 0 0 1 0 0 0 0 0 0 0 0 0 0 0 0 0 0]
[1358958796666492469662332398426817367517795533557390129096047380261545400606266869916333550688771628683437359025246831558177428778434372693712056440332062364167884350711285141299877 0 0 0 0 0 0 0 0 0 0 0 0 0 0 0 0 0 0 0 0 0 0 0 0 0 0 0 0 0 0 0 0 0 0 0 0 0 0 0 0 0 0 0 0 0 1 0 0 0 0 0 0 0 0 0 0 0 0 0]
[527533745348297152169822813556631561242699778006259031687213666990762118378175878105186833373451630283724130172968924113242932779825625769894063046114101507620362990686202015008447 0 0 0 0 0 0 0 0 0 0 0 0 0 0 0 0 0 0 0 0 0 0 0 0 0 0 0 0 0 0 0 0 0 0 0 0 0 0 0 0 0 0 0 0 0 0 1 0 0 0 0 0 0 0 0 0 0 0 0]
[638875418031020305833533892916293149402352568724986405696004252721158875259199750734306534383777754917001996294824912117543182319108886166366941608075489764686203928593163856336623 0 0 0 0 0 0 0 0 0 0 0 0 0 0 0 0 0 0 0 0 0 0 0 0 0 0 0 0 0 0 0 0 0 0 0 0 0 0 0 0 0 0 0 0 0 0 0 1 0 0 0 0 0 0 0 0 0 0 0]
[1018332697947520115311478236376432317923721074209975418556713502768108470818153259300700062418624201296340249430342647118696652885689364640347411097335704737924940684675303964148848 0 0 0 0 0 0 0 0 0 0 0 0 0 0 0 0 0 0 0 0 0 0 0 0 0 0 0 0 0 0 0 0 0 0 0 0 0 0 0 0 0 0 0 0 0 0 0 0 1 0 0 0 0 0 0 0 0 0 0]
[2098959877541198796462853456255565095182632738116054181049107201284742350586720902315729879031807804754787880111627790490520861764976841120141254276551479115286633460803439652531317 0 0 0 0 0 0 0 0 0 0 0 0 0 0 0 0 0 0 0 0 0 0 0 0 0 0 0 0 0 0 0 0 0 0 0 0 0 0 0 0 0 0 0 0 0 0 0 0 0 1 0 0 0 0 0 0 0 0 0]
[973855518831060847446277988419413287666896618922617445246137573606879680587998843284532309489294866887311434064119146366644342465817773399024210992671714638358596313777465945659040 0 0 0 0 0 0 0 0 0 0 0 0 0 0 0 0 0 0 0 0 0 0 0 0 0 0 0 0 0 0 0 0 0 0 0 0 0 0 0 0 0 0 0 0 0 0 0 0 0 0 1 0 0 0 0 0 0 0 0]
[1891741406133281293810578169522675267572891158050238541281547883719484295507589449174360937570929938673731768972422620492057678599660525754229069546012728907123098657310516524925318 0 0 0 0 0 0 0 0 0 0 0 0 0 0 0 0 0 0 0 0 0 0 0 0 0 0 0 0 0 0 0 0 0 0 0 0 0 0 0 0 0 0 0 0 0 0 0 0 0 0 0 1 0 0 0 0 0 0 0]
[2411942728718149698810379045815764898096366698980656899340250383861596812773021376014070984531109392073452952131846898672227990666448116794915416209432574063455539474600385763661339 0 0 0 0 0 0 0 0 0 0 0 0 0 0 0 0 0 0 0 0 0 0 0 0 0 0 0 0 0 0 0 0 0 0 0 0 0 0 0 0 0 0 0 0 0 0 0 0 0 0 0 0 1 0 0 0 0 0 0]
[1072762804491873731049512132763931858425137003060223511159391203697551962149709678381519120295047776170103810397983562663087603645790409620981729682696647095724072095588788745341176 0 0 0 0 0 0 0 0 0 0 0 0 0 0 0 0 0 0 0 0 0 0 0 0 0 0 0 0 0 0 0 0 0 0 0 0 0 0 0 0 0 0 0 0 0 0 0 0 0 0 0 0 0 1 0 0 0 0 0]
[1688980768243928735865782092061123730216647848895626653428805690791624421684212733062349359061892986409021137234363446936011699948847413615334277326795477920558877931395161105907324 0 0 0 0 0 0 0 0 0 0 0 0 0 0 0 0 0 0 0 0 0 0 0 0 0 0 0 0 0 0 0 0 0 0 0 0 0 0 0 0 0 0 0 0 0 0 0 0 0 0 0 0 0 0 1 0 0 0 0]
[1137691113090237904329456349506837871911720583551678610987882973410074327570172450491865606018857463671430916856603339920510656601305690011190079602691137812442330748828306946362933 0 0 0 0 0 0 0 0 0 0 0 0 0 0 0 0 0 0 0 0 0 0 0 0 0 0 0 0 0 0 0 0 0 0 0 0 0 0 0 0 0 0 0 0 0 0 0 0 0 0 0 0 0 0 0 1 0 0 0]
[2349407438562737343852383443142178855286758310950045013703229190217804440343740749834029859656150883109684299095664019071986193162047547384189352783547014728182507824086771896190357 0 0 0 0 0 0 0 0 0 0 0 0 0 0 0 0 0 0 0 0 0 0 0 0 0 0 0 0 0 0 0 0 0 0 0 0 0 0 0 0 0 0 0 0 0 0 0 0 0 0 0 0 0 0 0 0 1 0 0]
[1315392978740501803187542713700604250738545551427137667902166305020435945164888230230031567699316509015802324749302756074043633341859564810902273092930029310311916976585626806390686 0 0 0 0 0 0 0 0 0 0 0 0 0 0 0 0 0 0 0 0 0 0 0 0 0 0 0 0 0 0 0 0 0 0 0 0 0 0 0 0 0 0 0 0 0 0 0 0 0 0 0 0 0 0 0 0 0 1 0]
[170907414617076405243899984442602402301658430216274934486251443161369817283407837646287526975242668443653154420198441628374320539917257886094862675779290108174869437093017423647968 0 0 0 0 0 0 0 0 0 0 0 0 0 0 0 0 0 0 0 0 0 0 0 0 0 0 0 0 0 0 0 0 0 0 0 0 0 0 0 0 0 0 0 0 0 0 0 0 0 0 0 0 0 0 0 0 0 0 1]
]
