[[2898776297132660209234890116606890522511788726396502292597743311217488992541703616888631974604559446014818034330106798798467084125819224484849457944983646766859308766101536987521457 0 0 0 0 0 0 0 0 0 0 0 0 0 0 0 0 0 0 0 0 0 0 0 0 0 0 0 0 0 0 0 0 0 0 0 0 0 0 0 0 0 0 0 0 0 0 0 0 0 0 0 0 0 0 0 0 0 0 0]
[2434821914761312808107132991368257800878315808447411204886206243331987916560987186226080017091719539328595195832396492953211955626994764840248342423668404969936413409746534269849959 1 0 0 0 0 0 0 0 0 0 0 0 0 0 0 0 0 0 0 0 0 0 0 0 0 0 0 0 0 0 0 0 0 0 0 0 0 0 0 0 0 0 0 0 0 0 0 0 0 0 0 0 0 0 0 0 0 0 0]
[1921499655301712076932177596205481124577878171512687808104863230766303323624651179382658322239097112053638119842813064062354358157148759770004440901248603311696755720805759023597573 0 1 0 0 0 0 0 0 0 0 0 0 0 0 0 0 0 0 0 0 0 0 0 0 0 0 0 0 0 0 0 0 0 0 0 0 0 0 0 0 0 0 0 0 0 0 0 0 0 0 0 0 0 0 0 0 0 0 0]
[312688984714904089523903956180055411045280802921109753614046383097548795648924921926020715064135099332553522168202511120015647696119971128961482629806085117422728001048920290056077 0 0 1 0 0 0 0 0 0 0 0 0 0 0 0 0 0 0 0 0 0 0 0 0 0 0 0 0 0 0 0 0 0 0 0 0 0 0 0 0 0 0 0 0 0 0 0 0 0 0 0 0 0 0 0 0 0 0 0]
[2044928819892762333749733185383024159802659285320155094909997186389677630584487577563101330618515767751676416116689032030127604851906149434492713363731067056026751402599601544286736 0 0 0 1 0 0 0 0 0 0 0 0 0 0 0 0 0 0 0 0 0 0 0 0 0 0 0 0 0 0 0 0 0 0 0 0 0 0 0 0 0 0 0 0 0 0 0 0 0 0 0 0 0 0 0 0 0 0 0]
[473823398320730678151773785058675911003082512516022525334234346738421375637341314503923614791461477257576099559274953999240630000914441398128284429320858235204781744775862808236174 0 0 0 0 1 0 0 0 0 0 0 0 0 0 0 0 0 0 0 0 0 0 0 0 0 0 0 0 0 0 0 0 0 0 0 0 0 0 0 0 0 0 0 0 0 0 0 0 0 0 0 0 0 0 0 0 0 0 0]
[970125124266340947152523437440055167634438994154404364568868628007592218850258355952266492886122547052192757799294908301950493599728148503943977106628722791463281108552576111213007 0 0 0 0 0 1 0 0 0 0 0 0 0 0 0 0 0 0 0 0 0 0 0 0 0 0 0 0 0 0 0 0 0 0 0 0 0 0 0 0 0 0 0 0 0 0 0 0 0 0 0 0 0 0 0 0 0 0 0]
[1437516038853681491841229598158392140813412652793837094063107244143977147840119177687392140417510164294048942736757772505341414616120034354240261353438078930389471705634051648778124 0 0 0 0 0 0 1 0 0 0 0 0 0 0 0 0 0 0 0 0 0 0 0 0 0 0 0 0 0 0 0 0 0 0 0 0 0 0 0 0 0 0 0 0 0 0 0 0 0 0 0 0 0 0 0 0 0 0 0]
[2701317619155802840831282476400003893480931441267522307085194684187460042827269979297127896262751122369636973611882816728479467916388246138537265399494128920111301494226021203520270 0 0 0 0 0 0 0 1 0 0 0 0 0 0 0 0 0 0 0 0 0 0 0 0 0 0 0 0 0 0 0 0 0 0 0 0 0 0 0 0 0 0 0 0 0 0 0 0 0 0 0 0 0 0 0 0 0 0 0]
[1118087074408576535473761399510046180852768560090363979332167401575852372032261654944616956029448056694047597298250689139002766773181522739274124822792119980977462460827751787977999 0 0 0 0 0 0 0 0 1 0 0 0 0 0 0 0 0 0 0 0 0 0 0 0 0 0 0 0 0 0 0 0 0 0 0 0 0 0 0 0 0 0 0 0 0 0 0 0 0 0 0 0 0 0 0 0 0 0 0]
[401452148933612943000558545737463181543923772239756030399394147209470220816085370691081846624851838664171965001181221691783711779033490094401104222787965664893391356011115873404034 0 0 0 0 0 0 0 0 0 1 0 0 0 0 0 0 0 0 0 0 0 0 0 0 0 0 0 0 0 0 0 0 0 0 0 0 0 0 0 0 0 0 0 0 0 0 0 0 0 0 0 0 0 0 0 0 0 0 0]
[463814542212403445025365544689099504479712855286760270872643443860939105652268238315616871968758046044664114646336082522775379913186768921052269058712298633749099219263107550818050 0 0 0 0 0 0 0 0 0 0 1 0 0 0 0 0 0 0 0 0 0 0 0 0 0 0 0 0 0 0 0 0 0 0 0 0 0 0 0 0 0 0 0 0 0 0 0 0 0 0 0 0 0 0 0 0 0 0 0]
[158787494617988153354784753158375729111642536029283233880753680649120473966260454070062164738242644069915303891452654559301798235598214057415989523532140750740555656361713834686281 0 0 0 0 0 0 0 0 0 0 0 1 0 0 0 0 0 0 0 0 0 0 0 0 0 0 0 0 0 0 0 0 0 0 0 0 0 0 0 0 0 0 0 0 0 0 0 0 0 0 0 0 0 0 0 0 0 0 0]
[1379131706611768608241625839695225565085899959016251421990209851587822541650807481101532820907244548748102350229124615401838702239560161755505320424122620802162891070285796037005590 0 0 0 0 0 0 0 0 0 0 0 0 1 0 0 0 0 0 0 0 0 0 0 0 0 0 0 0 0 0 0 0 0 0 0 0 0 0 0 0 0 0 0 0 0 0 0 0 0 0 0 0 0 0 0 0 0 0 0]
[1835879395671107882715779287021033234688849059343226481002278170838809490332342217355394450974027849008280658648476693873828786389220415790638988163222877466480416664511337362199449 0 0 0 0 0 0 0 0 0 0 0 0 0 1 0 0 0 0 0 0 0 0 0 0 0 0 0 0 0 0 0 0 0 0 0 0 0 0 0 0 0 0 0 0 0 0 0 0 0 0 0 0 0 0 0 0 0 0 0]
[1237384463228054226018367203289871639369243197473419919074476270253475248945527727794228699570364786402805450675569797656408010115912629094282131340231766656366432266771685953950194 0 0 0 0 0 0 0 0 0 0 0 0 0 0 1 0 0 0 0 0 0 0 0 0 0 0 0 0 0 0 0 0 0 0 0 0 0 0 0 0 0 0 0 0 0 0 0 0 0 0 0 0 0 0 0 0 0 0 0]
[851738558590707761006631824469048642906961997875012432462200972919613529175234964416815547361738652730781606666362160661200123325634637843142967694830970896866913068224708894180601 0 0 0 0 0 0 0 0 0 0 0 0 0 0 0 1 0 0 0 0 0 0 0 0 0 0 0 0 0 0 0 0 0 0 0 0 0 0 0 0 0 0 0 0 0 0 0 0 0 0 0 0 0 0 0 0 0 0 0]
[870373453202302514418535813643375015743288808589845507781733596206646858662058269829473592785595029961898467951860895961690839914025985733104180053421484070200355378896523308595120 0 0 0 0 0 0 0 0 0 0 0 0 0 0 0 0 1 0 0 0 0 0 0 0 0 0 0 0 0 0 0 0 0 0 0 0 0 0 0 0 0 0 0 0 0 0 0 0 0 0 0 0 0 0 0 0 0 0 0]
[751032724250838973408489732636297400520761763978477001537421004502695363788354302501285089030315009164481613263332085878896765678412294574205603075430539335644723998525667705936124 0 0 0 0 0 0 0 0 0 0 0 0 0 0 0 0 0 1 0 0 0 0 0 0 0 0 0 0 0 0 0 0 0 0 0 0 0 0 0 0 0 0 0 0 0 0 0 0 0 0 0 0 0 0 0 0 0 0 0]
[620102867496366144374086111742250421432699334642078236324605676326853256438075325422253489557634537018651229704719186631578035972263134874968080010818151107254098596315115843040595 0 0 0 0 0 0 0 0 0 0 0 0 0 0 0 0 0 0 1 0 0 0 0 0 0 0 0 0 0 0 0 0 0 0 0 0 0 0 0 0 0 0 0 0 0 0 0 0 0 0 0 0 0 0 0 0 0 0 0]
[2423188873164687721579340235595173849197541474231424920448714817507045568983247635473261453520603536637071072102151165209629769663998362448591622886793232797385315225798390480653497 0 0 0 0 0 0 0 0 0 0 0 0 0 0 0 0 0 0 0 1 0 0 0 0 0 0 0 0 0 0 0 0 0 0 0 0 0 0 0 0 0 0 0 0 0 0 0 0 0 0 0 0 0 0 0 0 0 0 0]
[741391758045730325821778012676565044073281193299544723266211464181966986300716125437345026494791550014720893080618149030979334909764453546590958706975659246368845720561388433293625 0 0 0 0 0 0 0 0 0 0 0 0 0 0 0 0 0 0 0 0 1 0 0 0 0 0 0 0 0 0 0 0 0 0 0 0 0 0 0 0 0 0 0 0 0 0 0 0 0 0 0 0 0 0 0 0 0 0 0]
[1503213013597250706587702375314880869620091594380102716507593839176263390588480950612796715124287088908626930732357294179255224128667018200382167269614312160763631404194459717039865 0 0 0 0 0 0 0 0 0 0 0 0 0 0 0 0 0 0 0 0 0 1 0 0 0 0 0 0 0 0 0 0 0 0 0 0 0 0 0 0 0 0 0 0 0 0 0 0 0 0 0 0 0 0 0 0 0 0 0]
[748380589381103807818120157325378805235991461899904507739545636358854055489625534382104234495537866363925685631647225108426531819804274994406256084284266953246618460693288759251048 0 0 0 0 0 0 0 0 0 0 0 0 0 0 0 0 0 0 0 0 0 0 1 0 0 0 0 0 0 0 0 0 0 0 0 0 0 0 0 0 0 0 0 0 0 0 0 0 0 0 0 0 0 0 0 0 0 0 0]
[1114139715207403783014903031413065162662964672098327814723344796749488864029895141241382551920488370663259655852084338517576371210449368165103276448702989461336579548135685851684946 0 0 0 0 0 0 0 0 0 0 0 0 0 0 0 0 0 0 0 0 0 0 0 1 0 0 0 0 0 0 0 0 0 0 0 0 0 0 0 0 0 0 0 0 0 0 0 0 0 0 0 0 0 0 0 0 0 0 0]
[72567824018497034876575462380585400633080650780353123568948854725824415706535353599176811634594999246898132701797666171878689431136615996699958922681985501755871444998578807912991 0 0 0 0 0 0 0 0 0 0 0 0 0 0 0 0 0 0 0 0 0 0 0 0 1 0 0 0 0 0 0 0 0 0 0 0 0 0 0 0 0 0 0 0 0 0 0 0 0 0 0 0 0 0 0 0 0 0 0]
[2469403650411900604248218532498466145636642668239216883289786057377290607157521997379027442456398750074950564383969816815608855284421999585852495992450389386823865783789674236448334 0 0 0 0 0 0 0 0 0 0 0 0 0 0 0 0 0 0 0 0 0 0 0 0 0 1 0 0 0 0 0 0 0 0 0 0 0 0 0 0 0 0 0 0 0 0 0 0 0 0 0 0 0 0 0 0 0 0 0]
[398934958897662705356777491919208471330073187097267440000251984387273682538244536046959797408940149605719121515035765224588076055053053429178440368204495101478802559017156455206932 0 0 0 0 0 0 0 0 0 0 0 0 0 0 0 0 0 0 0 0 0 0 0 0 0 0 1 0 0 0 0 0 0 0 0 0 0 0 0 0 0 0 0 0 0 0 0 0 0 0 0 0 0 0 0 0 0 0 0]
[502903585285268742593364186252586029780597462518157461501663296659424079399157817942232500679040333821039732172096751171591214282073691412882367571852136100820778041308648342518060 0 0 0 0 0 0 0 0 0 0 0 0 0 0 0 0 0 0 0 0 0 0 0 0 0 0 0 1 0 0 0 0 0 0 0 0 0 0 0 0 0 0 0 0 0 0 0 0 0 0 0 0 0 0 0 0 0 0 0]
[1397556918171768743516553935251319950038990493271490413341205580640346529888509535541658670499518511590037415658059367480819083634037345824292691326288042630320854231452202306748463 0 0 0 0 0 0 0 0 0 0 0 0 0 0 0 0 0 0 0 0 0 0 0 0 0 0 0 0 1 0 0 0 0 0 0 0 0 0 0 0 0 0 0 0 0 0 0 0 0 0 0 0 0 0 0 0 0 0 0]
[965877191718288999496307962676634383211040325458699320583314323916277810514424248963511887118892651483308869856308940829733881977703427224159793592539708362129446278808882189160872 0 0 0 0 0 0 0 0 0 0 0 0 0 0 0 0 0 0 0 0 0 0 0 0 0 0 0 0 0 1 0 0 0 0 0 0 0 0 0 0 0 0 0 0 0 0 0 0 0 0 0 0 0 0 0 0 0 0 0]
[267256906472066087312085414866669698279063924459314130339926375599846170299557809277073928916413198206398746402820640216650526863313682587768250179719073439830519770886762998205888 0 0 0 0 0 0 0 0 0 0 0 0 0 0 0 0 0 0 0 0 0 0 0 0 0 0 0 0 0 0 1 0 0 0 0 0 0 0 0 0 0 0 0 0 0 0 0 0 0 0 0 0 0 0 0 0 0 0 0]
[2479589251476760039557395453843242113569030789260175572509723439217142053679119646548605747534869947622838254880123100457372966302200048853019546297987320647466054882929537202476820 0 0 0 0 0 0 0 0 0 0 0 0 0 0 0 0 0 0 0 0 0 0 0 0 0 0 0 0 0 0 0 1 0 0 0 0 0 0 0 0 0 0 0 0 0 0 0 0 0 0 0 0 0 0 0 0 0 0 0]
[648538149623691457386502091378140482890888180135257516383392818905284406765251250445514387307526833750205291976295028973648338012458647626952144600667335967206340738215692889017721 0 0 0 0 0 0 0 0 0 0 0 0 0 0 0 0 0 0 0 0 0 0 0 0 0 0 0 0 0 0 0 0 1 0 0 0 0 0 0 0 0 0 0 0 0 0 0 0 0 0 0 0 0 0 0 0 0 0 0]
[310751604953108236193483997804592385119457011649414239850775710580718773244911377883304748965001388903065295951071126424126021721004137969407624763255917928929229776209302534028121 0 0 0 0 0 0 0 0 0 0 0 0 0 0 0 0 0 0 0 0 0 0 0 0 0 0 0 0 0 0 0 0 0 1 0 0 0 0 0 0 0 0 0 0 0 0 0 0 0 0 0 0 0 0 0 0 0 0 0]
[514747360842185310564278324497701522373390724134307361154232221807700339681530496441575721975049747550383056851210781450038262788484311216157677032272333933771280391376010348811915 0 0 0 0 0 0 0 0 0 0 0 0 0 0 0 0 0 0 0 0 0 0 0 0 0 0 0 0 0 0 0 0 0 0 1 0 0 0 0 0 0 0 0 0 0 0 0 0 0 0 0 0 0 0 0 0 0 0 0]
[2554869348351724719182453232691709810814457061215751955750808813239109466574578273710344552650636562442999131624609388070526697857569681136217799531124992463280973288482270028372443 0 0 0 0 0 0 0 0 0 0 0 0 0 0 0 0 0 0 0 0 0 0 0 0 0 0 0 0 0 0 0 0 0 0 0 1 0 0 0 0 0 0 0 0 0 0 0 0 0 0 0 0 0 0 0 0 0 0 0]
[1165394724759117901335323142142729263866864204385781365507929830434471197231308751148575651620192637772205526932376755189335606274860646142648288796296981061950441127298898682497783 0 0 0 0 0 0 0 0 0 0 0 0 0 0 0 0 0 0 0 0 0 0 0 0 0 0 0 0 0 0 0 0 0 0 0 0 1 0 0 0 0 0 0 0 0 0 0 0 0 0 0 0 0 0 0 0 0 0 0]
[637763599997994066246072408067597149908085573641439773221195173933715139306840548020159954779814831239392218730588773091145516809113940231032953557505745312039349215884419301467687 0 0 0 0 0 0 0 0 0 0 0 0 0 0 0 0 0 0 0 0 0 0 0 0 0 0 0 0 0 0 0 0 0 0 0 0 0 1 0 0 0 0 0 0 0 0 0 0 0 0 0 0 0 0 0 0 0 0 0]
[2164462207502260436799252208060428547187328588587841373668849596523011528185887316051901656133661892875983224465882275439065519633858140323843272415961961885469253875546847248979848 0 0 0 0 0 0 0 0 0 0 0 0 0 0 0 0 0 0 0 0 0 0 0 0 0 0 0 0 0 0 0 0 0 0 0 0 0 0 1 0 0 0 0 0 0 0 0 0 0 0 0 0 0 0 0 0 0 0 0]
[354122164523047432430648258068195564664517079768719395619296230596373691887515226669396820106291969635707610974156922844406618798050841429113309421231831427806161384591078981686902 0 0 0 0 0 0 0 0 0 0 0 0 0 0 0 0 0 0 0 0 0 0 0 0 0 0 0 0 0 0 0 0 0 0 0 0 0 0 0 1 0 0 0 0 0 0 0 0 0 0 0 0 0 0 0 0 0 0 0]
[2629214173779958366982404500392172390224496743770050113633181833349624935409806708340314002512679373035840247765974644346709469383980142106504020491103937863787930709050692592909742 0 0 0 0 0 0 0 0 0 0 0 0 0 0 0 0 0 0 0 0 0 0 0 0 0 0 0 0 0 0 0 0 0 0 0 0 0 0 0 0 1 0 0 0 0 0 0 0 0 0 0 0 0 0 0 0 0 0 0]
[1621397205036874395951230985436948841321072902777796888594766411438699360838113842591224693751274511473292585797877127989218692350804307630784004716298301778427723858196764640990713 0 0 0 0 0 0 0 0 0 0 0 0 0 0 0 0 0 0 0 0 0 0 0 0 0 0 0 0 0 0 0 0 0 0 0 0 0 0 0 0 0 1 0 0 0 0 0 0 0 0 0 0 0 0 0 0 0 0 0]
[1457785117585714631927366185607352231198967890188666859325038599763612790004454095747646147650206843887791852737520710293818275645054563580521966172922400638042234862128389553437935 0 0 0 0 0 0 0 0 0 0 0 0 0 0 0 0 0 0 0 0 0 0 0 0 0 0 0 0 0 0 0 0 0 0 0 0 0 0 0 0 0 0 1 0 0 0 0 0 0 0 0 0 0 0 0 0 0 0 0]
[1123022381051725245703023840913021645552543550315440196685015123142978514098933977127559795685456886546427463091195977330945851016487471674244043295240565525828325193319679627400475 0 0 0 0 0 0 0 0 0 0 0 0 0 0 0 0 0 0 0 0 0 0 0 0 0 0 0 0 0 0 0 0 0 0 0 0 0 0 0 0 0 0 0 1 0 0 0 0 0 0 0 0 0 0 0 0 0 0 0]
[2226178724038643555197268010201787532838188954745119010417634913710728428659598177665568873965142577060767518647011782880901713862496245537525634816593159312538971104991055778896487 0 0 0 0 0 0 0 0 0 0 0 0 0 0 0 0 0 0 0 0 0 0 0 0 0 0 0 0 0 0 0 0 0 0 0 0 0 0 0 0 0 0 0 0 1 0 0 0 0 0 0 0 0 0 0 0 0 0 0]
[1186819367959510809821134743316168511888820935510106734680748078841793992775633106759920189427802900124072754489961662995517409295727118866149867088215377183118344462842137820741779 0 0 0 0 0 0 0 0 0 0 0 0 0 0 0 0 0 0 0 0 0 0 0 0 0 0 0 0 0 0 0 0 0 0 0 0 0 0 0 0 0 0 0 0 0 1 0 0 0 0 0 0 0 0 0 0 0 0 0]
[88341840733963916221992703141456506462051120162042212901494771807974405741137299736875869003677709686183167046471425823330562470455665191785348786213205828278717240527450359577601 0 0 0 0 0 0 0 0 0 0 0 0 0 0 0 0 0 0 0 0 0 0 0 0 0 0 0 0 0 0 0 0 0 0 0 0 0 0 0 0 0 0 0 0 0 0 1 0 0 0 0 0 0 0 0 0 0 0 0]
[1521123642524014971955357787044607950470697112133155306988386531188494602148648383489739673073446839512538973126622257235681002648496324412943110669734134609717411037738112930256683 0 0 0 0 0 0 0 0 0 0 0 0 0 0 0 0 0 0 0 0 0 0 0 0 0 0 0 0 0 0 0 0 0 0 0 0 0 0 0 0 0 0 0 0 0 0 0 1 0 0 0 0 0 0 0 0 0 0 0]
[547326635406577370767449569460531480239128725626717903576061783226515094364665657440310139779414188246090865205820277530239239491917036968793502802635760169400125958392164582950558 0 0 0 0 0 0 0 0 0 0 0 0 0 0 0 0 0 0 0 0 0 0 0 0 0 0 0 0 0 0 0 0 0 0 0 0 0 0 0 0 0 0 0 0 0 0 0 0 1 0 0 0 0 0 0 0 0 0 0]
[1041198856654950667175098075188468510393416124639231800689502736178684780926353578892178897967319709216451769731129477226995799866063524839769133916698174491742280730974646199476910 0 0 0 0 0 0 0 0 0 0 0 0 0 0 0 0 0 0 0 0 0 0 0 0 0 0 0 0 0 0 0 0 0 0 0 0 0 0 0 0 0 0 0 0 0 0 0 0 0 1 0 0 0 0 0 0 0 0 0]
[1842216457455275186491934138903155698349564382305574936366536164479308826773950577748969285077014283746666315265055351119462058643176182473641004111461374526488740683606792920852784 0 0 0 0 0 0 0 0 0 0 0 0 0 0 0 0 0 0 0 0 0 0 0 0 0 0 0 0 0 0 0 0 0 0 0 0 0 0 0 0 0 0 0 0 0 0 0 0 0 0 1 0 0 0 0 0 0 0 0]
[1656482991681581189692268309344829160777091471681932322858674650893197047715166446057445808058943209084255189765451829594050905247384801201104452874759214688857323880228602079120437 0 0 0 0 0 0 0 0 0 0 0 0 0 0 0 0 0 0 0 0 0 0 0 0 0 0 0 0 0 0 0 0 0 0 0 0 0 0 0 0 0 0 0 0 0 0 0 0 0 0 0 1 0 0 0 0 0 0 0]
[358960500569129488519441944623670551538649631092958927023487355441370931351189922406885422524854371781121201728487981935055467282548003975220953730252252926411161675162876017259473 0 0 0 0 0 0 0 0 0 0 0 0 0 0 0 0 0 0 0 0 0 0 0 0 0 0 0 0 0 0 0 0 0 0 0 0 0 0 0 0 0 0 0 0 0 0 0 0 0 0 0 0 1 0 0 0 0 0 0]
[2195047591524099389508856532093659626033452126559924706125874794551467258663777105825907421456106007319496370756961945835100450284208291488410869760451587089691915861099140228054052 0 0 0 0 0 0 0 0 0 0 0 0 0 0 0 0 0 0 0 0 0 0 0 0 0 0 0 0 0 0 0 0 0 0 0 0 0 0 0 0 0 0 0 0 0 0 0 0 0 0 0 0 0 1 0 0 0 0 0]
[2578303405091993038339664426813458685339554914371108239794664201343329156628093427393049610659785961435453900550220249488233751844459677979332565748172533216904951649211827951997980 0 0 0 0 0 0 0 0 0 0 0 0 0 0 0 0 0 0 0 0 0 0 0 0 0 0 0 0 0 0 0 0 0 0 0 0 0 0 0 0 0 0 0 0 0 0 0 0 0 0 0 0 0 0 1 0 0 0 0]
[2601310130118506101754281786846481468920090944486481417196790923221110316685821255565210904850562110812279884928822821778896710833878156604999221173506814290058342810246035361754587 0 0 0 0 0 0 0 0 0 0 0 0 0 0 0 0 0 0 0 0 0 0 0 0 0 0 0 0 0 0 0 0 0 0 0 0 0 0 0 0 0 0 0 0 0 0 0 0 0 0 0 0 0 0 0 1 0 0 0]
[2545071692517082143345493009652229459634252747960939553600958736145248720218526465675668000710419721404808299984347461780273601465728413726695306219278122910522827620242479880343510 0 0 0 0 0 0 0 0 0 0 0 0 0 0 0 0 0 0 0 0 0 0 0 0 0 0 0 0 0 0 0 0 0 0 0 0 0 0 0 0 0 0 0 0 0 0 0 0 0 0 0 0 0 0 0 0 1 0 0]
[1251062652463605091948070356931257143713564041309004243481602395775356109077873207520441075780362863222296241056566360111390509311948248583164470601075087105067420893944127955106790 0 0 0 0 0 0 0 0 0 0 0 0 0 0 0 0 0 0 0 0 0 0 0 0 0 0 0 0 0 0 0 0 0 0 0 0 0 0 0 0 0 0 0 0 0 0 0 0 0 0 0 0 0 0 0 0 0 1 0]
[276015333403435043221679392582224484507400502573875253357794167683341879944266541672112526498874204996498865731036622130838584422551057653832220514313624285653527539718662663867242 0 0 0 0 0 0 0 0 0 0 0 0 0 0 0 0 0 0 0 0 0 0 0 0 0 0 0 0 0 0 0 0 0 0 0 0 0 0 0 0 0 0 0 0 0 0 0 0 0 0 0 0 0 0 0 0 0 0 1]
]
