[[3574815228891030853155030297419180535241332353084927421364999300030086481285402362451752189872822521097979015485194038638290612019299958537834622744227196595896430261284532284874631 0 0 0 0 0 0 0 0 0 0 0 0 0 0 0 0 0 0 0 0 0 0 0 0 0 0 0 0 0 0 0 0 0 0 0 0 0 0 0 0 0 0 0 0 0 0 0 0 0 0 0 0 0 0 0 0 0 0 0]
[2550952238883304996722062280295655036366623617381897514023933020590389458278633648812005523788142335280376588297834349454197194241943114523017627600653292582515047838460217056297283 1 0 0 0 0 0 0 0 0 0 0 0 0 0 0 0 0 0 0 0 0 0 0 0 0 0 0 0 0 0 0 0 0 0 0 0 0 0 0 0 0 0 0 0 0 0 0 0 0 0 0 0 0 0 0 0 0 0 0]
[498111244385459518585061535404906398062785806875764696574323364670239865955972383777317730031472604464528704598521107480235033326099638500317220688295554026797378024389170124629216 0 1 0 0 0 0 0 0 0 0 0 0 0 0 0 0 0 0 0 0 0 0 0 0 0 0 0 0 0 0 0 0 0 0 0 0 0 0 0 0 0 0 0 0 0 0 0 0 0 0 0 0 0 0 0 0 0 0 0]
[1312362163716470666736356928490064731223038216598651920310760379623638322866460990362774543665610701231153740329903850407649508050546183513567094180500049819670216993123082200629544 0 0 1 0 0 0 0 0 0 0 0 0 0 0 0 0 0 0 0 0 0 0 0 0 0 0 0 0 0 0 0 0 0 0 0 0 0 0 0 0 0 0 0 0 0 0 0 0 0 0 0 0 0 0 0 0 0 0 0]
[1118047720992255315520772617152509352777699475767731258106779179790503496909113090406614833043114090852597968208592756493939842200282569075179358452476069979066679983539398961946960 0 0 0 1 0 0 0 0 0 0 0 0 0 0 0 0 0 0 0 0 0 0 0 0 0 0 0 0 0 0 0 0 0 0 0 0 0 0 0 0 0 0 0 0 0 0 0 0 0 0 0 0 0 0 0 0 0 0 0]
[365614244656189233741077136973031148146464142370163821277545276575369871965467933887169505730839444520315885496997455660401175272316184766393003839283914792259556167134769484507024 0 0 0 0 1 0 0 0 0 0 0 0 0 0 0 0 0 0 0 0 0 0 0 0 0 0 0 0 0 0 0 0 0 0 0 0 0 0 0 0 0 0 0 0 0 0 0 0 0 0 0 0 0 0 0 0 0 0 0]
[2015379090718578186349375049309996596871525678207482505498399053798420647638454812410793913790999699196253326766037469704229006540200539000561662350128222170721398498113323110163730 0 0 0 0 0 1 0 0 0 0 0 0 0 0 0 0 0 0 0 0 0 0 0 0 0 0 0 0 0 0 0 0 0 0 0 0 0 0 0 0 0 0 0 0 0 0 0 0 0 0 0 0 0 0 0 0 0 0 0]
[1344166019271754642432610251574362219858090485273608733823226232871352426087059994900285559939800959694610667430025435941368454666227029924794143363711291667380582649630520743724944 0 0 0 0 0 0 1 0 0 0 0 0 0 0 0 0 0 0 0 0 0 0 0 0 0 0 0 0 0 0 0 0 0 0 0 0 0 0 0 0 0 0 0 0 0 0 0 0 0 0 0 0 0 0 0 0 0 0 0]
[1084080938459479772891319328502005622991352359981414438751980624373069169390257416835508759010144863566214527876082610965268304284764459379381772282768776698023877835006260772781410 0 0 0 0 0 0 0 1 0 0 0 0 0 0 0 0 0 0 0 0 0 0 0 0 0 0 0 0 0 0 0 0 0 0 0 0 0 0 0 0 0 0 0 0 0 0 0 0 0 0 0 0 0 0 0 0 0 0 0]
[2623954530031710672925424294492369764815507331473123411012520946779988507360285216026223128362666127262044481035971654951786717990720713430234877160748198994957807888029563244503196 0 0 0 0 0 0 0 0 1 0 0 0 0 0 0 0 0 0 0 0 0 0 0 0 0 0 0 0 0 0 0 0 0 0 0 0 0 0 0 0 0 0 0 0 0 0 0 0 0 0 0 0 0 0 0 0 0 0 0]
[2747182987013351863504649088570251778328528354000452564720056982238721250857731209409179186803063398439855755907390460978383319790715249738727358081278314218517144568573822977681902 0 0 0 0 0 0 0 0 0 1 0 0 0 0 0 0 0 0 0 0 0 0 0 0 0 0 0 0 0 0 0 0 0 0 0 0 0 0 0 0 0 0 0 0 0 0 0 0 0 0 0 0 0 0 0 0 0 0 0]
[557837931512213898156344533176221245011717120543927867160916493436340893145572723869805249464968748145900060232205556392088097284883825284142072398809734608095530327448326070790224 0 0 0 0 0 0 0 0 0 0 1 0 0 0 0 0 0 0 0 0 0 0 0 0 0 0 0 0 0 0 0 0 0 0 0 0 0 0 0 0 0 0 0 0 0 0 0 0 0 0 0 0 0 0 0 0 0 0 0]
[1133045213919406044964794515013489284192135790312599137820239708366650207286765440719100082599409610540072225533040192295159779661294779033210655402705433580549906164004092838099490 0 0 0 0 0 0 0 0 0 0 0 1 0 0 0 0 0 0 0 0 0 0 0 0 0 0 0 0 0 0 0 0 0 0 0 0 0 0 0 0 0 0 0 0 0 0 0 0 0 0 0 0 0 0 0 0 0 0 0]
[11010833181045399147028000707211729638462535260580863690823464961929234015024831970934631652658360181920098180188817019229286207834870025805761951088035747566391060009828608680491 0 0 0 0 0 0 0 0 0 0 0 0 1 0 0 0 0 0 0 0 0 0 0 0 0 0 0 0 0 0 0 0 0 0 0 0 0 0 0 0 0 0 0 0 0 0 0 0 0 0 0 0 0 0 0 0 0 0 0]
[467352208492393633552792026307746182199955278891791205050350448299848517552059255007151868014730211152789694093098100228983946722673346095962210743958441558587895998237755831822276 0 0 0 0 0 0 0 0 0 0 0 0 0 1 0 0 0 0 0 0 0 0 0 0 0 0 0 0 0 0 0 0 0 0 0 0 0 0 0 0 0 0 0 0 0 0 0 0 0 0 0 0 0 0 0 0 0 0 0]
[3549192840673173615540363796560930715451101038262438242142607104501935045482834671328900103222669106943497897416521436986990898193744940939200335326737820146836500188005805896958954 0 0 0 0 0 0 0 0 0 0 0 0 0 0 1 0 0 0 0 0 0 0 0 0 0 0 0 0 0 0 0 0 0 0 0 0 0 0 0 0 0 0 0 0 0 0 0 0 0 0 0 0 0 0 0 0 0 0 0]
[3011507339902629727828796587028867948375073579574700511872836604856447220273815187642892397434885172334089300720495074613933239451189900163343214071049687257797330370974931639748552 0 0 0 0 0 0 0 0 0 0 0 0 0 0 0 1 0 0 0 0 0 0 0 0 0 0 0 0 0 0 0 0 0 0 0 0 0 0 0 0 0 0 0 0 0 0 0 0 0 0 0 0 0 0 0 0 0 0 0]
[3231380276900686366096027172616469381088072847306229725906518849581864543620013997795846227098857168724604496179474050020770654017123796275642295239464319230328511054743474051949659 0 0 0 0 0 0 0 0 0 0 0 0 0 0 0 0 1 0 0 0 0 0 0 0 0 0 0 0 0 0 0 0 0 0 0 0 0 0 0 0 0 0 0 0 0 0 0 0 0 0 0 0 0 0 0 0 0 0 0]
[1333108589620577484836758022340482927755331701234674812332902383088702083492454302735373981626232689825487102187247150650317581180064339623879577701343857527105948044385079019107543 0 0 0 0 0 0 0 0 0 0 0 0 0 0 0 0 0 1 0 0 0 0 0 0 0 0 0 0 0 0 0 0 0 0 0 0 0 0 0 0 0 0 0 0 0 0 0 0 0 0 0 0 0 0 0 0 0 0 0]
[1978123011430111033795557984129367897078731440079142652384786652242057812962135313970813487951943451392142924648876830651468241615594454538660096466518289012084624853246044330309147 0 0 0 0 0 0 0 0 0 0 0 0 0 0 0 0 0 0 1 0 0 0 0 0 0 0 0 0 0 0 0 0 0 0 0 0 0 0 0 0 0 0 0 0 0 0 0 0 0 0 0 0 0 0 0 0 0 0 0]
[3159902658529969108788069384788018718750392450814601609206634207626801123102845264494132036191508450537955426851364750750308593196807067997125394821137640232970877263960014110602807 0 0 0 0 0 0 0 0 0 0 0 0 0 0 0 0 0 0 0 1 0 0 0 0 0 0 0 0 0 0 0 0 0 0 0 0 0 0 0 0 0 0 0 0 0 0 0 0 0 0 0 0 0 0 0 0 0 0 0]
[455885751698149082015313515241238403871674978799411788759016262349273053499388804694240158923469299527441351342868519978511491469073910192116189553308946714916034746778628293489503 0 0 0 0 0 0 0 0 0 0 0 0 0 0 0 0 0 0 0 0 1 0 0 0 0 0 0 0 0 0 0 0 0 0 0 0 0 0 0 0 0 0 0 0 0 0 0 0 0 0 0 0 0 0 0 0 0 0 0]
[2315609121505721078495396423239335187672562299937574762213491549924172186782497518403486955821186943386645269979694847213693704778964300772143714654742556872240047701352442787990652 0 0 0 0 0 0 0 0 0 0 0 0 0 0 0 0 0 0 0 0 0 1 0 0 0 0 0 0 0 0 0 0 0 0 0 0 0 0 0 0 0 0 0 0 0 0 0 0 0 0 0 0 0 0 0 0 0 0 0]
[3022417031225906001124207199087725052295414899058785840680611987219288446225609019848728370198780978212222817994710379128963058015093452479585592975863527531589418092137533404024578 0 0 0 0 0 0 0 0 0 0 0 0 0 0 0 0 0 0 0 0 0 0 1 0 0 0 0 0 0 0 0 0 0 0 0 0 0 0 0 0 0 0 0 0 0 0 0 0 0 0 0 0 0 0 0 0 0 0 0]
[2282575071857401593407398149628737566726370002350523578030907333889211315505236324958306937748918179410827154506173144806454111330291857405266386014621755523379974399178524008271622 0 0 0 0 0 0 0 0 0 0 0 0 0 0 0 0 0 0 0 0 0 0 0 1 0 0 0 0 0 0 0 0 0 0 0 0 0 0 0 0 0 0 0 0 0 0 0 0 0 0 0 0 0 0 0 0 0 0 0]
[3126829144666923452602298128776333406138132923297903521878258657867618207438694128086565538758286862241901053411196554585754015883679553463724669532656377406491694534025422084124190 0 0 0 0 0 0 0 0 0 0 0 0 0 0 0 0 0 0 0 0 0 0 0 0 1 0 0 0 0 0 0 0 0 0 0 0 0 0 0 0 0 0 0 0 0 0 0 0 0 0 0 0 0 0 0 0 0 0 0]
[3037319304559182016988878464355739998769465517008857406043108719109715645056658945182235051719227216254949849445031800585362559853027833638131513957436714876159565063136051239231320 0 0 0 0 0 0 0 0 0 0 0 0 0 0 0 0 0 0 0 0 0 0 0 0 0 1 0 0 0 0 0 0 0 0 0 0 0 0 0 0 0 0 0 0 0 0 0 0 0 0 0 0 0 0 0 0 0 0 0]
[1889519155439982325477435301420293628141579703669592690909519434036000760506560608769988373374255082837879176774948312239788270680539304230660715510488985110036578827313188581508487 0 0 0 0 0 0 0 0 0 0 0 0 0 0 0 0 0 0 0 0 0 0 0 0 0 0 1 0 0 0 0 0 0 0 0 0 0 0 0 0 0 0 0 0 0 0 0 0 0 0 0 0 0 0 0 0 0 0 0]
[2872018515014942299887105144102698148282968870996869250998922516654803198732069045156853945368900719826685899448324576201446986023373952518040278185455892280089315101274352779222416 0 0 0 0 0 0 0 0 0 0 0 0 0 0 0 0 0 0 0 0 0 0 0 0 0 0 0 1 0 0 0 0 0 0 0 0 0 0 0 0 0 0 0 0 0 0 0 0 0 0 0 0 0 0 0 0 0 0 0]
[313369107631122981125772577915687847831973500298368544429133931629239812094309387404562923908129451036911005177564736862288986037127415254193299833813914621276848643234459943151956 0 0 0 0 0 0 0 0 0 0 0 0 0 0 0 0 0 0 0 0 0 0 0 0 0 0 0 0 1 0 0 0 0 0 0 0 0 0 0 0 0 0 0 0 0 0 0 0 0 0 0 0 0 0 0 0 0 0 0]
[1199792859728651929358651406365993133647707043062992549362849626796349802859381622858191882239091489040747689138464899392408746075520304230921880871182406228420381115785642381863493 0 0 0 0 0 0 0 0 0 0 0 0 0 0 0 0 0 0 0 0 0 0 0 0 0 0 0 0 0 1 0 0 0 0 0 0 0 0 0 0 0 0 0 0 0 0 0 0 0 0 0 0 0 0 0 0 0 0 0]
[261371021349514686609766726617598748731668692447285678577591045916998842084249750225903865488437106990539770147320490675079032577899021876294932667613542389312895596710732207743046 0 0 0 0 0 0 0 0 0 0 0 0 0 0 0 0 0 0 0 0 0 0 0 0 0 0 0 0 0 0 1 0 0 0 0 0 0 0 0 0 0 0 0 0 0 0 0 0 0 0 0 0 0 0 0 0 0 0 0]
[2545928846442418232755281666208719057671712000648995689767584216449890536172155230102689954752149371621143810700400285228796347308902818309451016167384309086854382042054927587333589 0 0 0 0 0 0 0 0 0 0 0 0 0 0 0 0 0 0 0 0 0 0 0 0 0 0 0 0 0 0 0 1 0 0 0 0 0 0 0 0 0 0 0 0 0 0 0 0 0 0 0 0 0 0 0 0 0 0 0]
[3109055386867952597225890734821809986206208253238202941475838349859082635456207413729332004312578559316458967335883892978170929828778219529695012797564308385546022259313302955550877 0 0 0 0 0 0 0 0 0 0 0 0 0 0 0 0 0 0 0 0 0 0 0 0 0 0 0 0 0 0 0 0 1 0 0 0 0 0 0 0 0 0 0 0 0 0 0 0 0 0 0 0 0 0 0 0 0 0 0]
[568542268050160317641297889174445148318009307059456093901005814604671622348366284647738048730509462656124695083870221434636826305575936425209218284336871226812840794922255750559124 0 0 0 0 0 0 0 0 0 0 0 0 0 0 0 0 0 0 0 0 0 0 0 0 0 0 0 0 0 0 0 0 0 1 0 0 0 0 0 0 0 0 0 0 0 0 0 0 0 0 0 0 0 0 0 0 0 0 0]
[2882359079244103161423775533151873588510692561152653068111516809129333810970632031192071370354213063925344169303663665189498351639690311836002137227098919884063880719125172582099198 0 0 0 0 0 0 0 0 0 0 0 0 0 0 0 0 0 0 0 0 0 0 0 0 0 0 0 0 0 0 0 0 0 0 1 0 0 0 0 0 0 0 0 0 0 0 0 0 0 0 0 0 0 0 0 0 0 0 0]
[162214184914112839789029577321379644542290694091201820655122099353991591750872943718411035482465125694958050979320786838840446941527901465574232474128087387154498985330850117528676 0 0 0 0 0 0 0 0 0 0 0 0 0 0 0 0 0 0 0 0 0 0 0 0 0 0 0 0 0 0 0 0 0 0 0 1 0 0 0 0 0 0 0 0 0 0 0 0 0 0 0 0 0 0 0 0 0 0 0]
[1706084491158886133008205874636661229814592514375458842354997177353235514329579563246257011712306989069925408455499383979906381539933494456790593502531086425974698359611956264686976 0 0 0 0 0 0 0 0 0 0 0 0 0 0 0 0 0 0 0 0 0 0 0 0 0 0 0 0 0 0 0 0 0 0 0 0 1 0 0 0 0 0 0 0 0 0 0 0 0 0 0 0 0 0 0 0 0 0 0]
[959163665639578495058644668237387002913628375902450089909711962757042887923175060236443822015757422459828439352939566261694660401312734373718733139294336306068941861524233783967254 0 0 0 0 0 0 0 0 0 0 0 0 0 0 0 0 0 0 0 0 0 0 0 0 0 0 0 0 0 0 0 0 0 0 0 0 0 1 0 0 0 0 0 0 0 0 0 0 0 0 0 0 0 0 0 0 0 0 0]
[2956155142239919554026898107189287631424353061658360149128868361733689566609971995484437482868318681011977067895999582610929945666148955428397464042523290856014032467216636142389584 0 0 0 0 0 0 0 0 0 0 0 0 0 0 0 0 0 0 0 0 0 0 0 0 0 0 0 0 0 0 0 0 0 0 0 0 0 0 1 0 0 0 0 0 0 0 0 0 0 0 0 0 0 0 0 0 0 0 0]
[2422366773717342717549891037511771079786846631219034270554272690872361299874963625927428263698441835736044905543137809103409508595456013891661665626525083229395033006153111493902569 0 0 0 0 0 0 0 0 0 0 0 0 0 0 0 0 0 0 0 0 0 0 0 0 0 0 0 0 0 0 0 0 0 0 0 0 0 0 0 1 0 0 0 0 0 0 0 0 0 0 0 0 0 0 0 0 0 0 0]
[1087050777850877369685405118367731959176978358204120724759615996962940737939412908712278818189745917497294716871748077527795344659834943615260864946251537302849087624508344501226635 0 0 0 0 0 0 0 0 0 0 0 0 0 0 0 0 0 0 0 0 0 0 0 0 0 0 0 0 0 0 0 0 0 0 0 0 0 0 0 0 1 0 0 0 0 0 0 0 0 0 0 0 0 0 0 0 0 0 0]
[1612793672714548823338130725664901897716471458117119288189567099178773729400383908321799245849102926660302557330643019254547270325522623728801660159903647223649106569661650064674902 0 0 0 0 0 0 0 0 0 0 0 0 0 0 0 0 0 0 0 0 0 0 0 0 0 0 0 0 0 0 0 0 0 0 0 0 0 0 0 0 0 1 0 0 0 0 0 0 0 0 0 0 0 0 0 0 0 0 0]
[524010008950338971188199650827617232676075194660289384060655036964394634319879565760628082483132409923155479062136176605293337727228637909042082901470988736075126515319179725216057 0 0 0 0 0 0 0 0 0 0 0 0 0 0 0 0 0 0 0 0 0 0 0 0 0 0 0 0 0 0 0 0 0 0 0 0 0 0 0 0 0 0 1 0 0 0 0 0 0 0 0 0 0 0 0 0 0 0 0]
[1167317614676607658245907794565459311809349729639566614104733163991034008789988717276749899707858052970134068123899561272644002419391668815831009072383803965248937069495155500074231 0 0 0 0 0 0 0 0 0 0 0 0 0 0 0 0 0 0 0 0 0 0 0 0 0 0 0 0 0 0 0 0 0 0 0 0 0 0 0 0 0 0 0 1 0 0 0 0 0 0 0 0 0 0 0 0 0 0 0]
[2990759006712695842339976453475261374005961775582941418733605248087903382449447077530302463097606988353961683593101641742617613764499437681442464302877331965197238580898636391638287 0 0 0 0 0 0 0 0 0 0 0 0 0 0 0 0 0 0 0 0 0 0 0 0 0 0 0 0 0 0 0 0 0 0 0 0 0 0 0 0 0 0 0 0 1 0 0 0 0 0 0 0 0 0 0 0 0 0 0]
[805385832887310214924348296651083362667088515716105179530300604837838252605653024581596961299247463298936915259582553861761898411963766624204186545546657023836659880229140298442011 0 0 0 0 0 0 0 0 0 0 0 0 0 0 0 0 0 0 0 0 0 0 0 0 0 0 0 0 0 0 0 0 0 0 0 0 0 0 0 0 0 0 0 0 0 1 0 0 0 0 0 0 0 0 0 0 0 0 0]
[2571357192737186564637184683708480570956094718337781987582006626560479358040516090217256782390448591407651389416214834179398389635092611478865954489951613336646647255110330001283512 0 0 0 0 0 0 0 0 0 0 0 0 0 0 0 0 0 0 0 0 0 0 0 0 0 0 0 0 0 0 0 0 0 0 0 0 0 0 0 0 0 0 0 0 0 0 1 0 0 0 0 0 0 0 0 0 0 0 0]
[529042704324992453628303931095455191828783494984410208571536388668262676490245376031846583258764837080979383668070381310337202638658877225402552931291614429232293885976241378098171 0 0 0 0 0 0 0 0 0 0 0 0 0 0 0 0 0 0 0 0 0 0 0 0 0 0 0 0 0 0 0 0 0 0 0 0 0 0 0 0 0 0 0 0 0 0 0 1 0 0 0 0 0 0 0 0 0 0 0]
[3307748142938444261119228299380393048213770922121540640552258959160870922730809961817465609477902955094776294740929252326838795587676375576131605475093339326490411028071124563818395 0 0 0 0 0 0 0 0 0 0 0 0 0 0 0 0 0 0 0 0 0 0 0 0 0 0 0 0 0 0 0 0 0 0 0 0 0 0 0 0 0 0 0 0 0 0 0 0 1 0 0 0 0 0 0 0 0 0 0]
[1317668097713539364262084217321103367425460741575315166768113027297746949095618490174685160945606181738608086649794595698162814586208489265104161959383819172421550500183867199382613 0 0 0 0 0 0 0 0 0 0 0 0 0 0 0 0 0 0 0 0 0 0 0 0 0 0 0 0 0 0 0 0 0 0 0 0 0 0 0 0 0 0 0 0 0 0 0 0 0 1 0 0 0 0 0 0 0 0 0]
[1255038337983420646290755386524580762447920907338777179557793688433068191945990495806610055392120762961505796500219013745962922720512932958469714987763776360183882394460462502113242 0 0 0 0 0 0 0 0 0 0 0 0 0 0 0 0 0 0 0 0 0 0 0 0 0 0 0 0 0 0 0 0 0 0 0 0 0 0 0 0 0 0 0 0 0 0 0 0 0 0 1 0 0 0 0 0 0 0 0]
[2537115313156363345528315377121947410722336691172893636091539398242964230434675425581422601408143458973642006754222750142879349967413543145250576881976664905592992502790243407079217 0 0 0 0 0 0 0 0 0 0 0 0 0 0 0 0 0 0 0 0 0 0 0 0 0 0 0 0 0 0 0 0 0 0 0 0 0 0 0 0 0 0 0 0 0 0 0 0 0 0 0 1 0 0 0 0 0 0 0]
[3024207045566567092113377279380670224955903836696072581388230147316416368978232738046680343839910982394282373301287633154265121686020959233349324517964187077556143180767005562339713 0 0 0 0 0 0 0 0 0 0 0 0 0 0 0 0 0 0 0 0 0 0 0 0 0 0 0 0 0 0 0 0 0 0 0 0 0 0 0 0 0 0 0 0 0 0 0 0 0 0 0 0 1 0 0 0 0 0 0]
[2463454330167400058960579930486791292395768101773120588967149092141840054506915265264883623747904085804228687374222577390652114992945088451799290981111497820504289155928992694561787 0 0 0 0 0 0 0 0 0 0 0 0 0 0 0 0 0 0 0 0 0 0 0 0 0 0 0 0 0 0 0 0 0 0 0 0 0 0 0 0 0 0 0 0 0 0 0 0 0 0 0 0 0 1 0 0 0 0 0]
[2964460202987032604245729384966567829005264330838645690665913821031227352983247924329376538648144362000225633995826396516333690036019615806787677071193165430005732683669148982569771 0 0 0 0 0 0 0 0 0 0 0 0 0 0 0 0 0 0 0 0 0 0 0 0 0 0 0 0 0 0 0 0 0 0 0 0 0 0 0 0 0 0 0 0 0 0 0 0 0 0 0 0 0 0 1 0 0 0 0]
[2307733816171742726173504425849657079868888414302118800410521932385851689469997837369266679209305541858116405183868872441648351398548911465500834516189070630243552110440970808203673 0 0 0 0 0 0 0 0 0 0 0 0 0 0 0 0 0 0 0 0 0 0 0 0 0 0 0 0 0 0 0 0 0 0 0 0 0 0 0 0 0 0 0 0 0 0 0 0 0 0 0 0 0 0 0 1 0 0 0]
[2331026138977935252649974213215976172260243520048114458186950676197342651035028460580054047881269280879169153035294480957321709683931131744493654062079752789122277973812224059669395 0 0 0 0 0 0 0 0 0 0 0 0 0 0 0 0 0 0 0 0 0 0 0 0 0 0 0 0 0 0 0 0 0 0 0 0 0 0 0 0 0 0 0 0 0 0 0 0 0 0 0 0 0 0 0 0 1 0 0]
[2918803770882691748449196314918328486286071407926796795526675788675373805989710386803148709662588807215776622779635206933258365260704473351055573903999965663543726472784202132721713 0 0 0 0 0 0 0 0 0 0 0 0 0 0 0 0 0 0 0 0 0 0 0 0 0 0 0 0 0 0 0 0 0 0 0 0 0 0 0 0 0 0 0 0 0 0 0 0 0 0 0 0 0 0 0 0 0 1 0]
[2462930443219746334384241740221921360688055451403655481699002918457957318725817913634343902644531160709913464303516748506182389092357665012515883859322443104225006123080028974269233 0 0 0 0 0 0 0 0 0 0 0 0 0 0 0 0 0 0 0 0 0 0 0 0 0 0 0 0 0 0 0 0 0 0 0 0 0 0 0 0 0 0 0 0 0 0 0 0 0 0 0 0 0 0 0 0 0 0 1]
]
