[[6228101701811446637002775857016343818990728144183306752591084458760175574429585622622638706517390626428391766190165486533584461119738529042687012558659191208935156580372554834505038843871821679578607825539997266629921541268630193316829118523 0 0 0 0 0 0 0 0 0 0 0 0 0 0 0 0 0 0 0 0 0 0 0 0 0 0 0 0 0 0 0 0 0 0 0 0 0 0 0 0 0 0 0 0 0 0 0 0 0 0 0 0 0 0 0 0 0 0 0 0 0 0 0 0 0 0 0 0 0 0 0 0 0 0 0 0 0 0 0]
[5699339288886872402573756735731145201837075946508117130166393965145703209204680920555584505845784166609170418349605334496306088160088224640176414155618694176727536072280621562323814770641472113290454366517790467219257109611212887749354346654 1 0 0 0 0 0 0 0 0 0 0 0 0 0 0 0 0 0 0 0 0 0 0 0 0 0 0 0 0 0 0 0 0 0 0 0 0 0 0 0 0 0 0 0 0 0 0 0 0 0 0 0 0 0 0 0 0 0 0 0 0 0 0 0 0 0 0 0 0 0 0 0 0 0 0 0 0 0 0]
[2076658948031830746699072620176006783822791578050571841284874724060357848603848528783725904384200859136654882546048796052201272406443167725223084231597641475534385560520986302924851392473171161583841859491018871405953594106442094256910295735 0 1 0 0 0 0 0 0 0 0 0 0 0 0 0 0 0 0 0 0 0 0 0 0 0 0 0 0 0 0 0 0 0 0 0 0 0 0 0 0 0 0 0 0 0 0 0 0 0 0 0 0 0 0 0 0 0 0 0 0 0 0 0 0 0 0 0 0 0 0 0 0 0 0 0 0 0 0 0]
[3198844093559829165975975578162071050095248959652808081291107130857146823210885160910062165661178309845792514643506011555443307951001726764743935244501994676583296635199794297268488966337209662653016428759751418007075365433528355567220712299 0 0 1 0 0 0 0 0 0 0 0 0 0 0 0 0 0 0 0 0 0 0 0 0 0 0 0 0 0 0 0 0 0 0 0 0 0 0 0 0 0 0 0 0 0 0 0 0 0 0 0 0 0 0 0 0 0 0 0 0 0 0 0 0 0 0 0 0 0 0 0 0 0 0 0 0 0 0 0]
[1949093678453692186358670476213043130664115008667624609573097156750681602050663530291793603094304610536951922626772352098546123192637500159069936514126617083550365076540679543121472087823619688063818012741357522369942625647583907278630005112 0 0 0 1 0 0 0 0 0 0 0 0 0 0 0 0 0 0 0 0 0 0 0 0 0 0 0 0 0 0 0 0 0 0 0 0 0 0 0 0 0 0 0 0 0 0 0 0 0 0 0 0 0 0 0 0 0 0 0 0 0 0 0 0 0 0 0 0 0 0 0 0 0 0 0 0 0 0 0]
[2209301785326271178922731950242736124119500851271449320408236525347513663210131311210188045568198247492553470471575515008644314130006186995683243382627736210605794791049561815452311170730975208263143876888191001125761108921576860722017324120 0 0 0 0 1 0 0 0 0 0 0 0 0 0 0 0 0 0 0 0 0 0 0 0 0 0 0 0 0 0 0 0 0 0 0 0 0 0 0 0 0 0 0 0 0 0 0 0 0 0 0 0 0 0 0 0 0 0 0 0 0 0 0 0 0 0 0 0 0 0 0 0 0 0 0 0 0 0 0]
[4832891972365087708387850194075136784043714849767719746667974257845562636671511395142295091405423442048145821833366763577837382679526781259837532028127783698541843042618341419578052098791064849763312011057540484928751016440657036836090758643 0 0 0 0 0 1 0 0 0 0 0 0 0 0 0 0 0 0 0 0 0 0 0 0 0 0 0 0 0 0 0 0 0 0 0 0 0 0 0 0 0 0 0 0 0 0 0 0 0 0 0 0 0 0 0 0 0 0 0 0 0 0 0 0 0 0 0 0 0 0 0 0 0 0 0 0 0 0 0]
[5781422675594351728076492316730753214134920403180277208772495927190903781777159933382472045920460157573444835844574750028042117251811068599463866730142471501498743443411614595692162684300159930111085698803953719647665865811256408464932271448 0 0 0 0 0 0 1 0 0 0 0 0 0 0 0 0 0 0 0 0 0 0 0 0 0 0 0 0 0 0 0 0 0 0 0 0 0 0 0 0 0 0 0 0 0 0 0 0 0 0 0 0 0 0 0 0 0 0 0 0 0 0 0 0 0 0 0 0 0 0 0 0 0 0 0 0 0 0 0]
[4569233894238761283706405204067156917204614633594327592021256721146791256888876114870513928672312330762387975099277603083925476194258029424997382984584893779869967969860174148521082743621634205987523787756417967227865159227721274516527477955 0 0 0 0 0 0 0 1 0 0 0 0 0 0 0 0 0 0 0 0 0 0 0 0 0 0 0 0 0 0 0 0 0 0 0 0 0 0 0 0 0 0 0 0 0 0 0 0 0 0 0 0 0 0 0 0 0 0 0 0 0 0 0 0 0 0 0 0 0 0 0 0 0 0 0 0 0 0 0]
[3256490925547836297224556025167499021918926191750872966588079725439786205860966287935140427736969860074263516742764580604605342237071640893038094671141998634486185364345071032493759765781913334061482923714372555478593836284714820528441660418 0 0 0 0 0 0 0 0 1 0 0 0 0 0 0 0 0 0 0 0 0 0 0 0 0 0 0 0 0 0 0 0 0 0 0 0 0 0 0 0 0 0 0 0 0 0 0 0 0 0 0 0 0 0 0 0 0 0 0 0 0 0 0 0 0 0 0 0 0 0 0 0 0 0 0 0 0 0 0]
[3408875828070047861808884211997463499121097846092968691396189234401879005142751330453762587987752322102139565670124049064710345220976452082137031553754367591427173268745720829448796706502999251665589187820749709341708996366963511623961852702 0 0 0 0 0 0 0 0 0 1 0 0 0 0 0 0 0 0 0 0 0 0 0 0 0 0 0 0 0 0 0 0 0 0 0 0 0 0 0 0 0 0 0 0 0 0 0 0 0 0 0 0 0 0 0 0 0 0 0 0 0 0 0 0 0 0 0 0 0 0 0 0 0 0 0 0 0 0 0]
[5589018447307691827128845828467127560678384482741748164653501157721638569407731090533780209890894614653958380682873107463487099079168934712185561502538888815769103806023841032872227403027434738286403571151264224056569883094834740816884691743 0 0 0 0 0 0 0 0 0 0 1 0 0 0 0 0 0 0 0 0 0 0 0 0 0 0 0 0 0 0 0 0 0 0 0 0 0 0 0 0 0 0 0 0 0 0 0 0 0 0 0 0 0 0 0 0 0 0 0 0 0 0 0 0 0 0 0 0 0 0 0 0 0 0 0 0 0 0 0]
[364839860368634730510870021664428503994898472542759563351198537760395043610117006388129909153464359280991924457063979524508446451460207148812135338658291105960697878831739206069902677421305504352696824565813783013880206147524757405838400014 0 0 0 0 0 0 0 0 0 0 0 1 0 0 0 0 0 0 0 0 0 0 0 0 0 0 0 0 0 0 0 0 0 0 0 0 0 0 0 0 0 0 0 0 0 0 0 0 0 0 0 0 0 0 0 0 0 0 0 0 0 0 0 0 0 0 0 0 0 0 0 0 0 0 0 0 0 0 0]
[3702911210093211304963343396086642085730551516023529551427824067045739858830373963481427132656408410812915738426818036775427570864392820318180971858759817830206073932678158489448890411146595590028970269493629970872080514915391779480614423728 0 0 0 0 0 0 0 0 0 0 0 0 1 0 0 0 0 0 0 0 0 0 0 0 0 0 0 0 0 0 0 0 0 0 0 0 0 0 0 0 0 0 0 0 0 0 0 0 0 0 0 0 0 0 0 0 0 0 0 0 0 0 0 0 0 0 0 0 0 0 0 0 0 0 0 0 0 0 0]
[4888348375479762527526612743456063950609819536105832911832350029832392315074731744112851320339367392565804492601147111477428939975031872515775817502453285119979250683822203318379187634779434506287158519721396320765232855448560431324628581864 0 0 0 0 0 0 0 0 0 0 0 0 0 1 0 0 0 0 0 0 0 0 0 0 0 0 0 0 0 0 0 0 0 0 0 0 0 0 0 0 0 0 0 0 0 0 0 0 0 0 0 0 0 0 0 0 0 0 0 0 0 0 0 0 0 0 0 0 0 0 0 0 0 0 0 0 0 0 0]
[3067050788693767524363760739188104010366056680611338857440504938858853798674083918001820240775397187812285269450836314260699779563528304677059442265860142700923583828670696312059152641863860024852736403699511297737241014703947916185988862053 0 0 0 0 0 0 0 0 0 0 0 0 0 0 1 0 0 0 0 0 0 0 0 0 0 0 0 0 0 0 0 0 0 0 0 0 0 0 0 0 0 0 0 0 0 0 0 0 0 0 0 0 0 0 0 0 0 0 0 0 0 0 0 0 0 0 0 0 0 0 0 0 0 0 0 0 0 0 0]
[2522267811717365700779140519089744720465947675053108490990739891924328792705847207705047826024524364517698353887108991701608237525875830929600684164673202960471779814371066961754804817193635791698454463154393468294229147962348243376440362882 0 0 0 0 0 0 0 0 0 0 0 0 0 0 0 1 0 0 0 0 0 0 0 0 0 0 0 0 0 0 0 0 0 0 0 0 0 0 0 0 0 0 0 0 0 0 0 0 0 0 0 0 0 0 0 0 0 0 0 0 0 0 0 0 0 0 0 0 0 0 0 0 0 0 0 0 0 0 0]
[4759687756816631341503329435552028138065756364729306570648364355029724872542866578061798512778838309133493441924715887661234990287320197792560494850574738377426460330744167814267655204071182016973771976157449660869574489487235581824119604048 0 0 0 0 0 0 0 0 0 0 0 0 0 0 0 0 1 0 0 0 0 0 0 0 0 0 0 0 0 0 0 0 0 0 0 0 0 0 0 0 0 0 0 0 0 0 0 0 0 0 0 0 0 0 0 0 0 0 0 0 0 0 0 0 0 0 0 0 0 0 0 0 0 0 0 0 0 0 0]
[2457432130887234075075149522568195882910713748227834762282272220703237568907335556044392456227936896368662204775462267338870418759491523954377650049729514336892481717694531101809709651886476590671035161609239024455398930646301265039079534764 0 0 0 0 0 0 0 0 0 0 0 0 0 0 0 0 0 1 0 0 0 0 0 0 0 0 0 0 0 0 0 0 0 0 0 0 0 0 0 0 0 0 0 0 0 0 0 0 0 0 0 0 0 0 0 0 0 0 0 0 0 0 0 0 0 0 0 0 0 0 0 0 0 0 0 0 0 0 0]
[505101108935274497616412893466276074146834259459043660296553099099205539177831817755273494504518769373962533251746570838961447133410393506904850032074166742113446035945205172814201661815350817628041259792050743442505922761545744194134740817 0 0 0 0 0 0 0 0 0 0 0 0 0 0 0 0 0 0 1 0 0 0 0 0 0 0 0 0 0 0 0 0 0 0 0 0 0 0 0 0 0 0 0 0 0 0 0 0 0 0 0 0 0 0 0 0 0 0 0 0 0 0 0 0 0 0 0 0 0 0 0 0 0 0 0 0 0 0 0]
[5998538785303384085342032958311247200087886437432839153382342564391410038115541232484781332910071947911642858509621488109418165055338997000483876386105452487036285090171285699096725041201284403563887407344660924628226650283069415817311337585 0 0 0 0 0 0 0 0 0 0 0 0 0 0 0 0 0 0 0 1 0 0 0 0 0 0 0 0 0 0 0 0 0 0 0 0 0 0 0 0 0 0 0 0 0 0 0 0 0 0 0 0 0 0 0 0 0 0 0 0 0 0 0 0 0 0 0 0 0 0 0 0 0 0 0 0 0 0 0]
[5125027487110159543494010282138473852410780000461671861803277989159418620143685000132131801207338312829983708350250170582937589218649274744657040787668506422395289216722227401547651705625344963036827569922078847455930540482504479385235481466 0 0 0 0 0 0 0 0 0 0 0 0 0 0 0 0 0 0 0 0 1 0 0 0 0 0 0 0 0 0 0 0 0 0 0 0 0 0 0 0 0 0 0 0 0 0 0 0 0 0 0 0 0 0 0 0 0 0 0 0 0 0 0 0 0 0 0 0 0 0 0 0 0 0 0 0 0 0 0]
[5020737644956568263573834085367118505754163363476957772710788656749527161677306246880919795216267163846844052726324033221300315045533727834002858050678858705885134250467420578750394288346588032051266219105257351853977244353746881061549955164 0 0 0 0 0 0 0 0 0 0 0 0 0 0 0 0 0 0 0 0 0 1 0 0 0 0 0 0 0 0 0 0 0 0 0 0 0 0 0 0 0 0 0 0 0 0 0 0 0 0 0 0 0 0 0 0 0 0 0 0 0 0 0 0 0 0 0 0 0 0 0 0 0 0 0 0 0 0 0]
[2976020701034162243559885373499821760443639886665097798986654244465169350392759125320781943899478633947525295759087873052761445798577388278312775822560369867692830381701974559352856466508343345563538613922862839441439100693621103732667681463 0 0 0 0 0 0 0 0 0 0 0 0 0 0 0 0 0 0 0 0 0 0 1 0 0 0 0 0 0 0 0 0 0 0 0 0 0 0 0 0 0 0 0 0 0 0 0 0 0 0 0 0 0 0 0 0 0 0 0 0 0 0 0 0 0 0 0 0 0 0 0 0 0 0 0 0 0 0 0]
[3419455137079998681811021088775130710876312305148564354827741300870349790244792993111746599346965629116603023352705999912408615605114295444130435675549195348680509014549746399274672732274687756389476916910392635594803276869698450292309896107 0 0 0 0 0 0 0 0 0 0 0 0 0 0 0 0 0 0 0 0 0 0 0 1 0 0 0 0 0 0 0 0 0 0 0 0 0 0 0 0 0 0 0 0 0 0 0 0 0 0 0 0 0 0 0 0 0 0 0 0 0 0 0 0 0 0 0 0 0 0 0 0 0 0 0 0 0 0 0]
[1220192852542542891340708843998512466328082206681020640160331886923489212748299326172522976063336176475906555478524918798575404850304818368686333888021104778642049737641077272671143520831638918571153655552107584191486368680846502162454535450 0 0 0 0 0 0 0 0 0 0 0 0 0 0 0 0 0 0 0 0 0 0 0 0 1 0 0 0 0 0 0 0 0 0 0 0 0 0 0 0 0 0 0 0 0 0 0 0 0 0 0 0 0 0 0 0 0 0 0 0 0 0 0 0 0 0 0 0 0 0 0 0 0 0 0 0 0 0 0]
[3600843520562328127119267933219022170873540102322766899619958569103691815789058385229421659832392014058591989125933759076692401522502487175910194171233633229209819200026071696065162049106999274589394213344789289877874182746060108988659205225 0 0 0 0 0 0 0 0 0 0 0 0 0 0 0 0 0 0 0 0 0 0 0 0 0 1 0 0 0 0 0 0 0 0 0 0 0 0 0 0 0 0 0 0 0 0 0 0 0 0 0 0 0 0 0 0 0 0 0 0 0 0 0 0 0 0 0 0 0 0 0 0 0 0 0 0 0 0 0]
[865383501336513633180795741505523640736516063899955950305375318667202039965145669016427389874605048190365368559523061282991967868347484326618495889690536848593167094024593055661034730148197682788833685655956184632785370244232380869431814110 0 0 0 0 0 0 0 0 0 0 0 0 0 0 0 0 0 0 0 0 0 0 0 0 0 0 1 0 0 0 0 0 0 0 0 0 0 0 0 0 0 0 0 0 0 0 0 0 0 0 0 0 0 0 0 0 0 0 0 0 0 0 0 0 0 0 0 0 0 0 0 0 0 0 0 0 0 0 0]
[4637651099239326491546537739817976961109060572669873873464691574514541591676472880599215582138317384736535140568599168946912367596695421480653507079634450814033355125701091613850707209601096568066761328636143350042645728846672025866958566644 0 0 0 0 0 0 0 0 0 0 0 0 0 0 0 0 0 0 0 0 0 0 0 0 0 0 0 1 0 0 0 0 0 0 0 0 0 0 0 0 0 0 0 0 0 0 0 0 0 0 0 0 0 0 0 0 0 0 0 0 0 0 0 0 0 0 0 0 0 0 0 0 0 0 0 0 0 0 0]
[1459810942508026613930652387948847513423036950967813691985245455708021423824056248508672244630551816022096576189426531316066866886729900649163298990681143726302902595323968467750152732805999763592087882605284445094298506218253908637297767024 0 0 0 0 0 0 0 0 0 0 0 0 0 0 0 0 0 0 0 0 0 0 0 0 0 0 0 0 1 0 0 0 0 0 0 0 0 0 0 0 0 0 0 0 0 0 0 0 0 0 0 0 0 0 0 0 0 0 0 0 0 0 0 0 0 0 0 0 0 0 0 0 0 0 0 0 0 0 0]
[1345294193749165373421143589292637349482699293529130017716644049679551144044569430393542103207011491879861886809864493129063774227049380292561248729625618495323848988489891155743627153771416348988015332836000899871813135405217855273572745478 0 0 0 0 0 0 0 0 0 0 0 0 0 0 0 0 0 0 0 0 0 0 0 0 0 0 0 0 0 1 0 0 0 0 0 0 0 0 0 0 0 0 0 0 0 0 0 0 0 0 0 0 0 0 0 0 0 0 0 0 0 0 0 0 0 0 0 0 0 0 0 0 0 0 0 0 0 0 0]
[4070854743184078641342552713208370078901722470462768849703713729263676651075833185980662086765058665283501055722460667627935499704632043170245315426069727825174165467110074693467430948695432785884259721566316622721312777212487544670956102582 0 0 0 0 0 0 0 0 0 0 0 0 0 0 0 0 0 0 0 0 0 0 0 0 0 0 0 0 0 0 1 0 0 0 0 0 0 0 0 0 0 0 0 0 0 0 0 0 0 0 0 0 0 0 0 0 0 0 0 0 0 0 0 0 0 0 0 0 0 0 0 0 0 0 0 0 0 0 0]
[2291339302129666211589166560219654561327634011944416127438549558982166360918867679940811284908641258201597476334485320426951117125812466139605786340028858949445971157990849641400313623651321342824563897312185312973577973375104856879033488774 0 0 0 0 0 0 0 0 0 0 0 0 0 0 0 0 0 0 0 0 0 0 0 0 0 0 0 0 0 0 0 1 0 0 0 0 0 0 0 0 0 0 0 0 0 0 0 0 0 0 0 0 0 0 0 0 0 0 0 0 0 0 0 0 0 0 0 0 0 0 0 0 0 0 0 0 0 0 0]
[6107924801007510867330887008421472064729113735079341813539268631911135043180755874753911299522404270569347440361311301311923530595094033935694514058119279443301829536167776106294571534653915608549667389290591298512419480520082914360442407895 0 0 0 0 0 0 0 0 0 0 0 0 0 0 0 0 0 0 0 0 0 0 0 0 0 0 0 0 0 0 0 0 1 0 0 0 0 0 0 0 0 0 0 0 0 0 0 0 0 0 0 0 0 0 0 0 0 0 0 0 0 0 0 0 0 0 0 0 0 0 0 0 0 0 0 0 0 0 0]
[3550881767012059488309513771788929867988205146418521699899844752638701634711630270188643533945357728746790334403631400820334158036167115936052867728213339960181164613571644499550746963001142188303148903821022219579163910712233739922028921761 0 0 0 0 0 0 0 0 0 0 0 0 0 0 0 0 0 0 0 0 0 0 0 0 0 0 0 0 0 0 0 0 0 1 0 0 0 0 0 0 0 0 0 0 0 0 0 0 0 0 0 0 0 0 0 0 0 0 0 0 0 0 0 0 0 0 0 0 0 0 0 0 0 0 0 0 0 0 0]
[6122022930503914412656067854995786046912817635674642557551537638394920482881708707212904472285439732501468831186319734345151550316884689814659261999295395247675619320761328003225069200214651129908755425289302248886103512954822457179548443123 0 0 0 0 0 0 0 0 0 0 0 0 0 0 0 0 0 0 0 0 0 0 0 0 0 0 0 0 0 0 0 0 0 0 1 0 0 0 0 0 0 0 0 0 0 0 0 0 0 0 0 0 0 0 0 0 0 0 0 0 0 0 0 0 0 0 0 0 0 0 0 0 0 0 0 0 0 0 0]
[3072201880830670757427151900778510166221732749440632330672410278985317420082630000559481594749281514059044596623282354565259754860809134636058179027881243344077692098275455449690087531658358711847105641712466216590316306575331340019893687104 0 0 0 0 0 0 0 0 0 0 0 0 0 0 0 0 0 0 0 0 0 0 0 0 0 0 0 0 0 0 0 0 0 0 0 1 0 0 0 0 0 0 0 0 0 0 0 0 0 0 0 0 0 0 0 0 0 0 0 0 0 0 0 0 0 0 0 0 0 0 0 0 0 0 0 0 0 0 0]
[87347369185426167608356732631131591251391073041183710311407708937595648701545426577282017808396585628708070570393045261876575030760059681729523730349229478395310292728614226113205574509764818992508538956493948438260106057525365106524252753 0 0 0 0 0 0 0 0 0 0 0 0 0 0 0 0 0 0 0 0 0 0 0 0 0 0 0 0 0 0 0 0 0 0 0 0 1 0 0 0 0 0 0 0 0 0 0 0 0 0 0 0 0 0 0 0 0 0 0 0 0 0 0 0 0 0 0 0 0 0 0 0 0 0 0 0 0 0 0]
[5268129430445891853183594808443930918916934795914668238240875384053536414013767193223604526188745100167595162148803377429260956878608286966970181157490155376297430113300762772008511551185636154791525075752214036401649181605272426065049575623 0 0 0 0 0 0 0 0 0 0 0 0 0 0 0 0 0 0 0 0 0 0 0 0 0 0 0 0 0 0 0 0 0 0 0 0 0 1 0 0 0 0 0 0 0 0 0 0 0 0 0 0 0 0 0 0 0 0 0 0 0 0 0 0 0 0 0 0 0 0 0 0 0 0 0 0 0 0 0]
[465064884940156404532706469340487555598612261492166646525280873990538214841474470249706537236907207361466756333001719051095627800223832904386729718135529592747763195029073032033900265260362857642946717727895776971995913997723800708152786969 0 0 0 0 0 0 0 0 0 0 0 0 0 0 0 0 0 0 0 0 0 0 0 0 0 0 0 0 0 0 0 0 0 0 0 0 0 0 1 0 0 0 0 0 0 0 0 0 0 0 0 0 0 0 0 0 0 0 0 0 0 0 0 0 0 0 0 0 0 0 0 0 0 0 0 0 0 0 0]
[3709416032759492857247960596671507555101544530450358693800648776180254898005303762847868322095468769778064793894105878511978077589225441576164539409533094863753558781304620656548684294478581855899664577383863372122166296316395665533066500924 0 0 0 0 0 0 0 0 0 0 0 0 0 0 0 0 0 0 0 0 0 0 0 0 0 0 0 0 0 0 0 0 0 0 0 0 0 0 0 1 0 0 0 0 0 0 0 0 0 0 0 0 0 0 0 0 0 0 0 0 0 0 0 0 0 0 0 0 0 0 0 0 0 0 0 0 0 0 0]
[5079132023041840357933128829039244596844892569148828199065329829024877373592813317165195173148397552171394767663644547627185441087410783189410809782674644033661253169707098448246871189827061310527681180602998633854069021017308909739610391368 0 0 0 0 0 0 0 0 0 0 0 0 0 0 0 0 0 0 0 0 0 0 0 0 0 0 0 0 0 0 0 0 0 0 0 0 0 0 0 0 1 0 0 0 0 0 0 0 0 0 0 0 0 0 0 0 0 0 0 0 0 0 0 0 0 0 0 0 0 0 0 0 0 0 0 0 0 0 0]
[6031319640821155233672888886196082694191356774892516584274932562118255707239020339783318126033907244174079891059658982491464582677208468316846177164418247385726896971336644493288318868456565475119979391947349609842413993999598245975201878915 0 0 0 0 0 0 0 0 0 0 0 0 0 0 0 0 0 0 0 0 0 0 0 0 0 0 0 0 0 0 0 0 0 0 0 0 0 0 0 0 0 1 0 0 0 0 0 0 0 0 0 0 0 0 0 0 0 0 0 0 0 0 0 0 0 0 0 0 0 0 0 0 0 0 0 0 0 0 0]
[2608128839770149371935575591904920984914047718573323095777018973371978525861936882297695301154934669813164177526623296555716899703142689006318821303782191952420896760792323820800057733173901264310330242862387873165186993457308837147918206234 0 0 0 0 0 0 0 0 0 0 0 0 0 0 0 0 0 0 0 0 0 0 0 0 0 0 0 0 0 0 0 0 0 0 0 0 0 0 0 0 0 0 1 0 0 0 0 0 0 0 0 0 0 0 0 0 0 0 0 0 0 0 0 0 0 0 0 0 0 0 0 0 0 0 0 0 0 0 0]
[939814784349704212293632688012351118852427944082135914796782110546042247987584702864082561849635338390919146527520522042401630798665510452371662115963764389960739692579255580899699428564879898894385920463951508181051630991053982162500898043 0 0 0 0 0 0 0 0 0 0 0 0 0 0 0 0 0 0 0 0 0 0 0 0 0 0 0 0 0 0 0 0 0 0 0 0 0 0 0 0 0 0 0 1 0 0 0 0 0 0 0 0 0 0 0 0 0 0 0 0 0 0 0 0 0 0 0 0 0 0 0 0 0 0 0 0 0 0 0]
[6090663295215452806385332185263407588071291300240183783769583825916994255896926572012397913357355121652082456484232136726449824956703907509396937061312597986382673482844957747098553326763322250454679524181621491507358818363839980988857575332 0 0 0 0 0 0 0 0 0 0 0 0 0 0 0 0 0 0 0 0 0 0 0 0 0 0 0 0 0 0 0 0 0 0 0 0 0 0 0 0 0 0 0 0 1 0 0 0 0 0 0 0 0 0 0 0 0 0 0 0 0 0 0 0 0 0 0 0 0 0 0 0 0 0 0 0 0 0 0]
[5999571664504534340410027904896076319036754021717670004378587741977778256736137067158600661524744201373433730903747333801701010380500353230483346803359661558553355152537459333971117464254624007185774026653310725130556927932634827437934708400 0 0 0 0 0 0 0 0 0 0 0 0 0 0 0 0 0 0 0 0 0 0 0 0 0 0 0 0 0 0 0 0 0 0 0 0 0 0 0 0 0 0 0 0 0 1 0 0 0 0 0 0 0 0 0 0 0 0 0 0 0 0 0 0 0 0 0 0 0 0 0 0 0 0 0 0 0 0 0]
[274595680795030493082609172213305555857665629785094150517414176500144877669029833844452221850692257377411284538715013856604805758211987829653513306665782558031774106372636269593705816360515985763713775519022347075384217913823099064270904804 0 0 0 0 0 0 0 0 0 0 0 0 0 0 0 0 0 0 0 0 0 0 0 0 0 0 0 0 0 0 0 0 0 0 0 0 0 0 0 0 0 0 0 0 0 0 1 0 0 0 0 0 0 0 0 0 0 0 0 0 0 0 0 0 0 0 0 0 0 0 0 0 0 0 0 0 0 0 0]
[892616755202089197996391112282688704881510825187053950849079705781135737251063280284022947294450362763347192054804934443935854712126934942640521474695170440215693925085525177219905491694426093769868928619076859636409070838277238306240519775 0 0 0 0 0 0 0 0 0 0 0 0 0 0 0 0 0 0 0 0 0 0 0 0 0 0 0 0 0 0 0 0 0 0 0 0 0 0 0 0 0 0 0 0 0 0 0 1 0 0 0 0 0 0 0 0 0 0 0 0 0 0 0 0 0 0 0 0 0 0 0 0 0 0 0 0 0 0 0]
[5730011451313197024563911800030474919381240939127208903334175772497031061985818245094788685043871097245854470494151832998603990696369585025037344584008326196977836658344905862420267525172123058966921456299005085300033794174721516472766236191 0 0 0 0 0 0 0 0 0 0 0 0 0 0 0 0 0 0 0 0 0 0 0 0 0 0 0 0 0 0 0 0 0 0 0 0 0 0 0 0 0 0 0 0 0 0 0 0 1 0 0 0 0 0 0 0 0 0 0 0 0 0 0 0 0 0 0 0 0 0 0 0 0 0 0 0 0 0 0]
[2381152086403882222672204675128664245761873371243188104814059465139352900870998997669095919808235240269270238388357666551800982693717756220338008068456504949792988501561271209042723760463160391159530596576293734982602532400891530648670896153 0 0 0 0 0 0 0 0 0 0 0 0 0 0 0 0 0 0 0 0 0 0 0 0 0 0 0 0 0 0 0 0 0 0 0 0 0 0 0 0 0 0 0 0 0 0 0 0 0 1 0 0 0 0 0 0 0 0 0 0 0 0 0 0 0 0 0 0 0 0 0 0 0 0 0 0 0 0 0]
[4060498276688309573007191077947767456408998341781778302109218638017116620378453541457713303047774399087500066726446978908938113621940706387487251248354916692863984563367352527956048396780213827182502656290029868825187700585308487052472361346 0 0 0 0 0 0 0 0 0 0 0 0 0 0 0 0 0 0 0 0 0 0 0 0 0 0 0 0 0 0 0 0 0 0 0 0 0 0 0 0 0 0 0 0 0 0 0 0 0 0 1 0 0 0 0 0 0 0 0 0 0 0 0 0 0 0 0 0 0 0 0 0 0 0 0 0 0 0 0]
[5064020086382638958747218252901624536136414284970224531953901419613555449701148643209264827739376758484314757820004565388734787461127586371033209037804123537784387094139997264045765457523828189833296076459783325654557284822211743656283943892 0 0 0 0 0 0 0 0 0 0 0 0 0 0 0 0 0 0 0 0 0 0 0 0 0 0 0 0 0 0 0 0 0 0 0 0 0 0 0 0 0 0 0 0 0 0 0 0 0 0 0 1 0 0 0 0 0 0 0 0 0 0 0 0 0 0 0 0 0 0 0 0 0 0 0 0 0 0 0]
[3885565174747491050745286686294868459836545736603208257715463708607952271335358965330606580645401821608580753456488592757188602100029545275194972147315909489428349722127945602524043810950340690226277726013598961314298351511541408515386250079 0 0 0 0 0 0 0 0 0 0 0 0 0 0 0 0 0 0 0 0 0 0 0 0 0 0 0 0 0 0 0 0 0 0 0 0 0 0 0 0 0 0 0 0 0 0 0 0 0 0 0 0 1 0 0 0 0 0 0 0 0 0 0 0 0 0 0 0 0 0 0 0 0 0 0 0 0 0 0]
[5650661163660021565698361804453862430185608865820603070138471325299845782388323783203967722559094597199480300229127524525713136230126571223966391112960681374001665585518821445029921421115626959232604818183952492683877198829623107934173459351 0 0 0 0 0 0 0 0 0 0 0 0 0 0 0 0 0 0 0 0 0 0 0 0 0 0 0 0 0 0 0 0 0 0 0 0 0 0 0 0 0 0 0 0 0 0 0 0 0 0 0 0 0 1 0 0 0 0 0 0 0 0 0 0 0 0 0 0 0 0 0 0 0 0 0 0 0 0 0]
[6116699394968862068716018942275381207219542965469103435453249331139087712503542419051235601009692478355290400071337943869292251775219154483062938426234673771078518192995012756489665391011381692455697334694539260779273634916122102578666040225 0 0 0 0 0 0 0 0 0 0 0 0 0 0 0 0 0 0 0 0 0 0 0 0 0 0 0 0 0 0 0 0 0 0 0 0 0 0 0 0 0 0 0 0 0 0 0 0 0 0 0 0 0 0 1 0 0 0 0 0 0 0 0 0 0 0 0 0 0 0 0 0 0 0 0 0 0 0 0]
[466491570392041762269998759446166325342510815672127799124517278856343339282353115454672885327591247157935033176685830970042696953234545461277628500823441623075236839059149589150600786246730822067886179722080231812570918017649965739360708518 0 0 0 0 0 0 0 0 0 0 0 0 0 0 0 0 0 0 0 0 0 0 0 0 0 0 0 0 0 0 0 0 0 0 0 0 0 0 0 0 0 0 0 0 0 0 0 0 0 0 0 0 0 0 0 1 0 0 0 0 0 0 0 0 0 0 0 0 0 0 0 0 0 0 0 0 0 0 0]
[5373964586317877979673187411194517246107671457577328502316011676399157605827553470539300175665761892141065800442451996815007826644930188470128821403274480824034144221446867265307732023406931546091836625962519456074698754210035295309157163445 0 0 0 0 0 0 0 0 0 0 0 0 0 0 0 0 0 0 0 0 0 0 0 0 0 0 0 0 0 0 0 0 0 0 0 0 0 0 0 0 0 0 0 0 0 0 0 0 0 0 0 0 0 0 0 0 1 0 0 0 0 0 0 0 0 0 0 0 0 0 0 0 0 0 0 0 0 0 0]
[4447751086223560623331048246494343288909709467740707806475855400295986881838914706109205961335451679582113020086154819699619344729518956868631545982316443632727119020373883388926444801941847887273638911107377781997789940793022242094448425356 0 0 0 0 0 0 0 0 0 0 0 0 0 0 0 0 0 0 0 0 0 0 0 0 0 0 0 0 0 0 0 0 0 0 0 0 0 0 0 0 0 0 0 0 0 0 0 0 0 0 0 0 0 0 0 0 0 1 0 0 0 0 0 0 0 0 0 0 0 0 0 0 0 0 0 0 0 0 0]
[4161145539849214865929260051226806664382886082219405540156008265822497620421760907555201786418983161726016761105333044359440417266672051922569933455182529179145316765606951755690699385347129117810051088369947068257551928683841549234911508905 0 0 0 0 0 0 0 0 0 0 0 0 0 0 0 0 0 0 0 0 0 0 0 0 0 0 0 0 0 0 0 0 0 0 0 0 0 0 0 0 0 0 0 0 0 0 0 0 0 0 0 0 0 0 0 0 0 0 1 0 0 0 0 0 0 0 0 0 0 0 0 0 0 0 0 0 0 0 0]
[2826445155069207096208721989067690939452148441477081851149686799109464360938811424711909471154742252004126268793483176204750667629137525459400802063290355498274610322078150441327604646050545879919664676582166847198013460468335951901643682482 0 0 0 0 0 0 0 0 0 0 0 0 0 0 0 0 0 0 0 0 0 0 0 0 0 0 0 0 0 0 0 0 0 0 0 0 0 0 0 0 0 0 0 0 0 0 0 0 0 0 0 0 0 0 0 0 0 0 0 1 0 0 0 0 0 0 0 0 0 0 0 0 0 0 0 0 0 0 0]
[4032852322408415075057326349164851171320723760722223985866679804036349578876156858606153837008468619355553834370924417301122827857816897902849611866455113906823515148611289393915430877078030560944891127046459528958795573660316724444904424894 0 0 0 0 0 0 0 0 0 0 0 0 0 0 0 0 0 0 0 0 0 0 0 0 0 0 0 0 0 0 0 0 0 0 0 0 0 0 0 0 0 0 0 0 0 0 0 0 0 0 0 0 0 0 0 0 0 0 0 0 1 0 0 0 0 0 0 0 0 0 0 0 0 0 0 0 0 0 0]
[3581642465697423181886797748714505620487152342246627572282476254314236371903174000377139047599250014454518638331803348150009407820024503233953661334572265961555659473902694938961815067238318980644613693544652186326211196780350367697431407898 0 0 0 0 0 0 0 0 0 0 0 0 0 0 0 0 0 0 0 0 0 0 0 0 0 0 0 0 0 0 0 0 0 0 0 0 0 0 0 0 0 0 0 0 0 0 0 0 0 0 0 0 0 0 0 0 0 0 0 0 0 1 0 0 0 0 0 0 0 0 0 0 0 0 0 0 0 0 0]
[2760128114080854116896625275540393345651307281447092211844837314489300374229715153701069570877226096925268403614617659002615585974415139977514989214912986521719956864075391693446071389402145524457462400719082895012962286130817949431780090192 0 0 0 0 0 0 0 0 0 0 0 0 0 0 0 0 0 0 0 0 0 0 0 0 0 0 0 0 0 0 0 0 0 0 0 0 0 0 0 0 0 0 0 0 0 0 0 0 0 0 0 0 0 0 0 0 0 0 0 0 0 0 1 0 0 0 0 0 0 0 0 0 0 0 0 0 0 0 0]
[3902229216915494807752261340198078138276177200521206269131174549541918308102912879308098393201726466977795420750751677268308579019678903394164572264067528333846510823663740475205020637677752323654854256493557236597003468715004320018019019819 0 0 0 0 0 0 0 0 0 0 0 0 0 0 0 0 0 0 0 0 0 0 0 0 0 0 0 0 0 0 0 0 0 0 0 0 0 0 0 0 0 0 0 0 0 0 0 0 0 0 0 0 0 0 0 0 0 0 0 0 0 0 0 1 0 0 0 0 0 0 0 0 0 0 0 0 0 0 0]
[1007329406477702773582368980141216890461814250278704945216252363815566784055367108787337224322667454058054875162579246304373971252136483195525853298099775094402254243877226287770266039720565060949409659616481246789802622189916599527303344808 0 0 0 0 0 0 0 0 0 0 0 0 0 0 0 0 0 0 0 0 0 0 0 0 0 0 0 0 0 0 0 0 0 0 0 0 0 0 0 0 0 0 0 0 0 0 0 0 0 0 0 0 0 0 0 0 0 0 0 0 0 0 0 0 1 0 0 0 0 0 0 0 0 0 0 0 0 0 0]
[4437879648479454148544134812364910388174698461068141217523275764801754084039171123816317301928905348493515787386085482894900842407769537553754710639462621059684155902295021716073821089792111155302902712092540647515113687310803460999238694103 0 0 0 0 0 0 0 0 0 0 0 0 0 0 0 0 0 0 0 0 0 0 0 0 0 0 0 0 0 0 0 0 0 0 0 0 0 0 0 0 0 0 0 0 0 0 0 0 0 0 0 0 0 0 0 0 0 0 0 0 0 0 0 0 0 1 0 0 0 0 0 0 0 0 0 0 0 0 0]
[625685440995009428481718454152500150399623153484632892460586920702473829299956712083144461089453895066716981322855674739634891540090516243751022259076042149882779248706555330126451974843297987886968080080374966093761484705220697199009033307 0 0 0 0 0 0 0 0 0 0 0 0 0 0 0 0 0 0 0 0 0 0 0 0 0 0 0 0 0 0 0 0 0 0 0 0 0 0 0 0 0 0 0 0 0 0 0 0 0 0 0 0 0 0 0 0 0 0 0 0 0 0 0 0 0 0 1 0 0 0 0 0 0 0 0 0 0 0 0]
[5449648896040596285309440592160056882721405423869164640082476744150345395681998402241343340543108106561764575553188842519104678020434778820360833514838833441722643292489314352099453311864075109240469812430353497111634877635033107153431313243 0 0 0 0 0 0 0 0 0 0 0 0 0 0 0 0 0 0 0 0 0 0 0 0 0 0 0 0 0 0 0 0 0 0 0 0 0 0 0 0 0 0 0 0 0 0 0 0 0 0 0 0 0 0 0 0 0 0 0 0 0 0 0 0 0 0 0 1 0 0 0 0 0 0 0 0 0 0 0]
[5618698700427894324759822940804013529262161413520987524962196450930771279582656100591700931818540541718400555152552472894383716688523759506294857978734612069948596012771036881413150436046987147081171319815412342224739491349123719319373393672 0 0 0 0 0 0 0 0 0 0 0 0 0 0 0 0 0 0 0 0 0 0 0 0 0 0 0 0 0 0 0 0 0 0 0 0 0 0 0 0 0 0 0 0 0 0 0 0 0 0 0 0 0 0 0 0 0 0 0 0 0 0 0 0 0 0 0 0 1 0 0 0 0 0 0 0 0 0 0]
[4781461680687209799062837578613385106727949650058393386605770332304123870519250002925764938324545744394195018453096502275247522268408185249734506320052183970570769412758711880573334785068858216984927513021573402610368297976135985928968568013 0 0 0 0 0 0 0 0 0 0 0 0 0 0 0 0 0 0 0 0 0 0 0 0 0 0 0 0 0 0 0 0 0 0 0 0 0 0 0 0 0 0 0 0 0 0 0 0 0 0 0 0 0 0 0 0 0 0 0 0 0 0 0 0 0 0 0 0 0 1 0 0 0 0 0 0 0 0 0]
[2962983524968271103824419868072959781733715824437347550167776621889969115037153804699513560243715553747878399535271847761716378219769085139945662737005470432231142641287386482574217306856185345576110996523495115651749059293270202449143621479 0 0 0 0 0 0 0 0 0 0 0 0 0 0 0 0 0 0 0 0 0 0 0 0 0 0 0 0 0 0 0 0 0 0 0 0 0 0 0 0 0 0 0 0 0 0 0 0 0 0 0 0 0 0 0 0 0 0 0 0 0 0 0 0 0 0 0 0 0 0 1 0 0 0 0 0 0 0 0]
[5505155710514724902540887135961582819510065530561340774067450403013675447714462092669503454766362182993630249669378373338045199770560502568003910355007621385819383975415365498968104919970860790156348855644868081521698500217366856211155050266 0 0 0 0 0 0 0 0 0 0 0 0 0 0 0 0 0 0 0 0 0 0 0 0 0 0 0 0 0 0 0 0 0 0 0 0 0 0 0 0 0 0 0 0 0 0 0 0 0 0 0 0 0 0 0 0 0 0 0 0 0 0 0 0 0 0 0 0 0 0 0 1 0 0 0 0 0 0 0]
[135958109915209724928637181385469327053368907854618130466265201530244200471209589629584046053220562600641839047976943035385738428110187432839025348966183814451349608703535597889108008694624031133148719979021444514058009431142922085809757106 0 0 0 0 0 0 0 0 0 0 0 0 0 0 0 0 0 0 0 0 0 0 0 0 0 0 0 0 0 0 0 0 0 0 0 0 0 0 0 0 0 0 0 0 0 0 0 0 0 0 0 0 0 0 0 0 0 0 0 0 0 0 0 0 0 0 0 0 0 0 0 0 1 0 0 0 0 0 0]
[5829894137568193743538740455518540314442154114076441429902635597029035026566460378834778958457812683358331745071124695423480541111249773964960700282084375114609264515158754222250031337805958805024986673519945399192436132795871346421502994246 0 0 0 0 0 0 0 0 0 0 0 0 0 0 0 0 0 0 0 0 0 0 0 0 0 0 0 0 0 0 0 0 0 0 0 0 0 0 0 0 0 0 0 0 0 0 0 0 0 0 0 0 0 0 0 0 0 0 0 0 0 0 0 0 0 0 0 0 0 0 0 0 0 1 0 0 0 0 0]
[6022387134221378104548685486109764015061826121993823347555740232108380200228258067997887011626467033314321163902727080085951708792890854311210326599945640081423389139082921643375824921852676187933839552278635493725067333354719222082750194991 0 0 0 0 0 0 0 0 0 0 0 0 0 0 0 0 0 0 0 0 0 0 0 0 0 0 0 0 0 0 0 0 0 0 0 0 0 0 0 0 0 0 0 0 0 0 0 0 0 0 0 0 0 0 0 0 0 0 0 0 0 0 0 0 0 0 0 0 0 0 0 0 0 0 1 0 0 0 0]
[741267092934155204324139733420820180081553976340549557415609540110397385229663377937416099336197761097399107565512081768726891413944918533865986030192457785553266727182653823818427074375590841434887203798599583742347565703767543980356991124 0 0 0 0 0 0 0 0 0 0 0 0 0 0 0 0 0 0 0 0 0 0 0 0 0 0 0 0 0 0 0 0 0 0 0 0 0 0 0 0 0 0 0 0 0 0 0 0 0 0 0 0 0 0 0 0 0 0 0 0 0 0 0 0 0 0 0 0 0 0 0 0 0 0 0 1 0 0 0]
[5420517403217661433445827454946458851954153887683022714356551605160639377600857000494140395444075094155249161523992512713680518143672435600120972499014019099189687834776239970033932288429530754720291470922849005503090621777936073378132390486 0 0 0 0 0 0 0 0 0 0 0 0 0 0 0 0 0 0 0 0 0 0 0 0 0 0 0 0 0 0 0 0 0 0 0 0 0 0 0 0 0 0 0 0 0 0 0 0 0 0 0 0 0 0 0 0 0 0 0 0 0 0 0 0 0 0 0 0 0 0 0 0 0 0 0 0 1 0 0]
[3441978425053042947436685108043463830690564943014711976543606172499722702027780603106471605202761336737198144477996692427034133350334540284654462334385367713959639546332792706210597794718316099201952207436992627077068683011907228677351972333 0 0 0 0 0 0 0 0 0 0 0 0 0 0 0 0 0 0 0 0 0 0 0 0 0 0 0 0 0 0 0 0 0 0 0 0 0 0 0 0 0 0 0 0 0 0 0 0 0 0 0 0 0 0 0 0 0 0 0 0 0 0 0 0 0 0 0 0 0 0 0 0 0 0 0 0 0 1 0]
[4068454607090519327663016167496114079673713486446486540352647278867216158648194884109269690910736342553992837655891001966037247312162021589549364502353010959759981597102392589839973193349504726405183848394664362072686907959711784575173169905 0 0 0 0 0 0 0 0 0 0 0 0 0 0 0 0 0 0 0 0 0 0 0 0 0 0 0 0 0 0 0 0 0 0 0 0 0 0 0 0 0 0 0 0 0 0 0 0 0 0 0 0 0 0 0 0 0 0 0 0 0 0 0 0 0 0 0 0 0 0 0 0 0 0 0 0 0 0 1]
]
