[[10450890727811930416415550332874856141475617821205249968468136178478643339304169592482197349053047623714293483993267565572806083618473621485294176893729290086929791447998133962052395100207376915263302083598750177819132970911839605803527216674086641400777441516062155727689741350404701312891305059382151 0 0 0 0 0 0 0 0 0 0 0 0 0 0 0 0 0 0 0 0 0 0 0 0 0 0 0 0 0 0 0 0 0 0 0 0 0 0 0 0 0 0 0 0 0 0 0 0 0 0 0 0 0 0 0 0 0 0 0 0 0 0 0 0 0 0 0 0 0 0 0 0 0 0 0 0 0 0 0 0 0 0 0 0 0 0 0 0 0 0 0 0 0 0 0 0 0 0 0]
[3327350252611637735861150373726099474522869896634549354233629937840910277216362267918947680441347065135177744469416816404870993888873898172649288070109578736628099349013274425502833215248848270354399116857905060033543511734405859788404629536670055756791643615662915939002439680627191685133343380218036 1 0 0 0 0 0 0 0 0 0 0 0 0 0 0 0 0 0 0 0 0 0 0 0 0 0 0 0 0 0 0 0 0 0 0 0 0 0 0 0 0 0 0 0 0 0 0 0 0 0 0 0 0 0 0 0 0 0 0 0 0 0 0 0 0 0 0 0 0 0 0 0 0 0 0 0 0 0 0 0 0 0 0 0 0 0 0 0 0 0 0 0 0 0 0 0 0 0 0]
[10087491199203605999868730047419985904422771967374887502740387857551721200115303249450393058596997836624900697568088676715529943253320012330945105044868784498562212268881568183560979635753345194448943510886629810283414922261352780618214928117425556621476551853013284039909680946330965319623961698637393 0 1 0 0 0 0 0 0 0 0 0 0 0 0 0 0 0 0 0 0 0 0 0 0 0 0 0 0 0 0 0 0 0 0 0 0 0 0 0 0 0 0 0 0 0 0 0 0 0 0 0 0 0 0 0 0 0 0 0 0 0 0 0 0 0 0 0 0 0 0 0 0 0 0 0 0 0 0 0 0 0 0 0 0 0 0 0 0 0 0 0 0 0 0 0 0 0 0 0]
[10287021013596701209235795155002189032207616892125423771558951909815627429155680511303833651771365010664624316934674479741741202690741959150894064911493908477501718791211157582914405004274756757888701035062632941695337215715480641332802037337243012486635876892556905193581479706663276326887866530304871 0 0 1 0 0 0 0 0 0 0 0 0 0 0 0 0 0 0 0 0 0 0 0 0 0 0 0 0 0 0 0 0 0 0 0 0 0 0 0 0 0 0 0 0 0 0 0 0 0 0 0 0 0 0 0 0 0 0 0 0 0 0 0 0 0 0 0 0 0 0 0 0 0 0 0 0 0 0 0 0 0 0 0 0 0 0 0 0 0 0 0 0 0 0 0 0 0 0 0]
[6131378255567908520537638103299303676271750455868424723468051132465660104328462743621657387662423441104530280891717995425318351629984353831893706590504835996054468460429772927700094025960333945603454527115914878546486665395924431048591995997798772518718372938844862304592130750698955047070944565014113 0 0 0 1 0 0 0 0 0 0 0 0 0 0 0 0 0 0 0 0 0 0 0 0 0 0 0 0 0 0 0 0 0 0 0 0 0 0 0 0 0 0 0 0 0 0 0 0 0 0 0 0 0 0 0 0 0 0 0 0 0 0 0 0 0 0 0 0 0 0 0 0 0 0 0 0 0 0 0 0 0 0 0 0 0 0 0 0 0 0 0 0 0 0 0 0 0 0 0]
[9722115255690474255975968829246417147031906183588289951134209957345178653698350073977636831063272886101368331382776572912472964465921936236120187702506000479861173844920399074835529756997725877929889477051090845318467484685386257737638975083379602911697562522113425207408623932284979341236721051550658 0 0 0 0 1 0 0 0 0 0 0 0 0 0 0 0 0 0 0 0 0 0 0 0 0 0 0 0 0 0 0 0 0 0 0 0 0 0 0 0 0 0 0 0 0 0 0 0 0 0 0 0 0 0 0 0 0 0 0 0 0 0 0 0 0 0 0 0 0 0 0 0 0 0 0 0 0 0 0 0 0 0 0 0 0 0 0 0 0 0 0 0 0 0 0 0 0 0 0]
[2001072577061983799676383010410428729822908735308878584638164265005448937436500325009975658764394092329065972138218768413423452807891926419164724092128271701625224097874303852429228732152654365523452678912187215005299313083610157174395286845570601964150006574161296233019643548689045081946568390860865 0 0 0 0 0 1 0 0 0 0 0 0 0 0 0 0 0 0 0 0 0 0 0 0 0 0 0 0 0 0 0 0 0 0 0 0 0 0 0 0 0 0 0 0 0 0 0 0 0 0 0 0 0 0 0 0 0 0 0 0 0 0 0 0 0 0 0 0 0 0 0 0 0 0 0 0 0 0 0 0 0 0 0 0 0 0 0 0 0 0 0 0 0 0 0 0 0 0 0]
[9469627346883090833616186060693342324232977139242735294990779849767836004283264467115938463215322658254484950525946307086284169794369025625553944590983968227899276286412805788247125846649445372307662433269570452191164878164439283328595588904229917807571161765160007958175852968537315623045536766959200 0 0 0 0 0 0 1 0 0 0 0 0 0 0 0 0 0 0 0 0 0 0 0 0 0 0 0 0 0 0 0 0 0 0 0 0 0 0 0 0 0 0 0 0 0 0 0 0 0 0 0 0 0 0 0 0 0 0 0 0 0 0 0 0 0 0 0 0 0 0 0 0 0 0 0 0 0 0 0 0 0 0 0 0 0 0 0 0 0 0 0 0 0 0 0 0 0 0 0]
[6274862019676497517122416615491104131069977049400033097408236487325261397286871845290963927842490010300954549836272889284696496299393998879424751944823251252524778942934776286909793100466041486781941542974690312166211997596869174725953075054072834758875022327940839851291342012768560396823960184800666 0 0 0 0 0 0 0 1 0 0 0 0 0 0 0 0 0 0 0 0 0 0 0 0 0 0 0 0 0 0 0 0 0 0 0 0 0 0 0 0 0 0 0 0 0 0 0 0 0 0 0 0 0 0 0 0 0 0 0 0 0 0 0 0 0 0 0 0 0 0 0 0 0 0 0 0 0 0 0 0 0 0 0 0 0 0 0 0 0 0 0 0 0 0 0 0 0 0 0]
[6523309250644298140620999590663536921534086581156594105955451829713850579486120396693574817610023501455156217921946386508382120922499932259941463702775192898094198309028618932185519018509366095326028871140927964071674901576929131228275247898980162483438503367008510534520090293714838090325859268490634 0 0 0 0 0 0 0 0 1 0 0 0 0 0 0 0 0 0 0 0 0 0 0 0 0 0 0 0 0 0 0 0 0 0 0 0 0 0 0 0 0 0 0 0 0 0 0 0 0 0 0 0 0 0 0 0 0 0 0 0 0 0 0 0 0 0 0 0 0 0 0 0 0 0 0 0 0 0 0 0 0 0 0 0 0 0 0 0 0 0 0 0 0 0 0 0 0 0 0]
[2948302280036229067874001468626576494003871556637616649482450053448773294141564828263366970699172216429049631978050353576475793797149688615122205406092021154295462422995968118003486800806955702486172246832163269593330375931052847499309725790102136932071338140171176920094817437583992440365322976538530 0 0 0 0 0 0 0 0 0 1 0 0 0 0 0 0 0 0 0 0 0 0 0 0 0 0 0 0 0 0 0 0 0 0 0 0 0 0 0 0 0 0 0 0 0 0 0 0 0 0 0 0 0 0 0 0 0 0 0 0 0 0 0 0 0 0 0 0 0 0 0 0 0 0 0 0 0 0 0 0 0 0 0 0 0 0 0 0 0 0 0 0 0 0 0 0 0 0 0]
[373682499052963774903724094191715926952062418631057564249482820832335715027687139984145374074369414966235875162816940597392395292371818087205867456993265733141007909522474486819085977882336892933846403329030192686671230992504370580223419226717241021926312877325844237049877600358924189957754083136810 0 0 0 0 0 0 0 0 0 0 1 0 0 0 0 0 0 0 0 0 0 0 0 0 0 0 0 0 0 0 0 0 0 0 0 0 0 0 0 0 0 0 0 0 0 0 0 0 0 0 0 0 0 0 0 0 0 0 0 0 0 0 0 0 0 0 0 0 0 0 0 0 0 0 0 0 0 0 0 0 0 0 0 0 0 0 0 0 0 0 0 0 0 0 0 0 0 0 0]
[2760127776165536438178931362603881529893016273519225878157162177036313012124707582369780027989097966005589436017880941912704182159278177020634974552766694850679779161357725793104433281119216818991321816685636371601329867379841684948122763238330760149351606036580555465703873983125936959806125790802641 0 0 0 0 0 0 0 0 0 0 0 1 0 0 0 0 0 0 0 0 0 0 0 0 0 0 0 0 0 0 0 0 0 0 0 0 0 0 0 0 0 0 0 0 0 0 0 0 0 0 0 0 0 0 0 0 0 0 0 0 0 0 0 0 0 0 0 0 0 0 0 0 0 0 0 0 0 0 0 0 0 0 0 0 0 0 0 0 0 0 0 0 0 0 0 0 0 0 0]
[8209514109922793641645823988523207174217767007590656470730060308197477609441711906776142323919635661553164805761858278477414617711064852054685120426905132773859539890563157859803027763390219694353084395016156024750639010585398474233085665004596764762648982196699551828872593941067917562529713877602768 0 0 0 0 0 0 0 0 0 0 0 0 1 0 0 0 0 0 0 0 0 0 0 0 0 0 0 0 0 0 0 0 0 0 0 0 0 0 0 0 0 0 0 0 0 0 0 0 0 0 0 0 0 0 0 0 0 0 0 0 0 0 0 0 0 0 0 0 0 0 0 0 0 0 0 0 0 0 0 0 0 0 0 0 0 0 0 0 0 0 0 0 0 0 0 0 0 0 0]
[8539269023482800944477555130235845322184290060128298542500425241229894179250330858052029407368085161040289675487616691694094670775423548568355487473023669077836743399511852990563846058747992894799603071974549754903929151341947516200006309109561036332820528903069926124240706587745634150394942820966970 0 0 0 0 0 0 0 0 0 0 0 0 0 1 0 0 0 0 0 0 0 0 0 0 0 0 0 0 0 0 0 0 0 0 0 0 0 0 0 0 0 0 0 0 0 0 0 0 0 0 0 0 0 0 0 0 0 0 0 0 0 0 0 0 0 0 0 0 0 0 0 0 0 0 0 0 0 0 0 0 0 0 0 0 0 0 0 0 0 0 0 0 0 0 0 0 0 0 0]
[8482479819467621862329404221405553078458844514163630296008459065920010336230535544298238501632877831662077166207159516884075927255029838496833170844492406224360453782765488797586566457766044861320457278363867215030943612246288066604119226295218278377641767827289328748225268898950682989321992463961555 0 0 0 0 0 0 0 0 0 0 0 0 0 0 1 0 0 0 0 0 0 0 0 0 0 0 0 0 0 0 0 0 0 0 0 0 0 0 0 0 0 0 0 0 0 0 0 0 0 0 0 0 0 0 0 0 0 0 0 0 0 0 0 0 0 0 0 0 0 0 0 0 0 0 0 0 0 0 0 0 0 0 0 0 0 0 0 0 0 0 0 0 0 0 0 0 0 0 0]
[7280117015123467613051921173510659449822767377906716103319472944717649005010522279801500158087479478271448385649426341014444982191649472939160560685852468860681593815989984055151822668572943730937224515455144628478747742477776836938917195828392371916658805729460962090792543001755229153852131238592954 0 0 0 0 0 0 0 0 0 0 0 0 0 0 0 1 0 0 0 0 0 0 0 0 0 0 0 0 0 0 0 0 0 0 0 0 0 0 0 0 0 0 0 0 0 0 0 0 0 0 0 0 0 0 0 0 0 0 0 0 0 0 0 0 0 0 0 0 0 0 0 0 0 0 0 0 0 0 0 0 0 0 0 0 0 0 0 0 0 0 0 0 0 0 0 0 0 0 0]
[9885605591852882311833896443486175690944066080526323086340668908445951411546116552083538495979479345816392087734083067485762999108716270607340546045481700551668979381836294581500105343635977393855956539247334651683749364285091016810904650524774802236253737223409058023576838696232273693424132104880283 0 0 0 0 0 0 0 0 0 0 0 0 0 0 0 0 1 0 0 0 0 0 0 0 0 0 0 0 0 0 0 0 0 0 0 0 0 0 0 0 0 0 0 0 0 0 0 0 0 0 0 0 0 0 0 0 0 0 0 0 0 0 0 0 0 0 0 0 0 0 0 0 0 0 0 0 0 0 0 0 0 0 0 0 0 0 0 0 0 0 0 0 0 0 0 0 0 0 0]
[6675931749380378739153870472436720205701108462793781528758176713711804652107445396673311797806607146289067122091362837025523092081764752098721791391518447601918322104553922493434051408372739928679650247136290408271857019731486407337372979160515842782629458421244158997930889221186914163273409171662911 0 0 0 0 0 0 0 0 0 0 0 0 0 0 0 0 0 1 0 0 0 0 0 0 0 0 0 0 0 0 0 0 0 0 0 0 0 0 0 0 0 0 0 0 0 0 0 0 0 0 0 0 0 0 0 0 0 0 0 0 0 0 0 0 0 0 0 0 0 0 0 0 0 0 0 0 0 0 0 0 0 0 0 0 0 0 0 0 0 0 0 0 0 0 0 0 0 0 0]
[4363691341275948945983861434958780924677191106804766099740577574032288102677871148750630811649384847972426827739513511844817707002769365409768792293377612590333351080053663222876325366879274865604580697972333788261136146690872519900370733940827798960656633819723792176111808717928236639932398836058830 0 0 0 0 0 0 0 0 0 0 0 0 0 0 0 0 0 0 1 0 0 0 0 0 0 0 0 0 0 0 0 0 0 0 0 0 0 0 0 0 0 0 0 0 0 0 0 0 0 0 0 0 0 0 0 0 0 0 0 0 0 0 0 0 0 0 0 0 0 0 0 0 0 0 0 0 0 0 0 0 0 0 0 0 0 0 0 0 0 0 0 0 0 0 0 0 0 0 0]
[6071008888649118042777283463335295245574108082377064550992028812778429761701351956517884507315181143635363209263309749214451074091300310171094966645065163836795820874780913338217741907504728593972159464476844426736979338177724603981258388806187233000403189860458199154748470120897679540057804816337190 0 0 0 0 0 0 0 0 0 0 0 0 0 0 0 0 0 0 0 1 0 0 0 0 0 0 0 0 0 0 0 0 0 0 0 0 0 0 0 0 0 0 0 0 0 0 0 0 0 0 0 0 0 0 0 0 0 0 0 0 0 0 0 0 0 0 0 0 0 0 0 0 0 0 0 0 0 0 0 0 0 0 0 0 0 0 0 0 0 0 0 0 0 0 0 0 0 0 0]
[1327025453933225425706910388825499667812480070871116578354941920248632684259673018954060549031599152657875874895517396391698033745989810275569297928094320448400495038608201423882416890299007320137674952161551452562373865799725771634250840194294590715307576411892039128448608890642085614736456099278370 0 0 0 0 0 0 0 0 0 0 0 0 0 0 0 0 0 0 0 0 1 0 0 0 0 0 0 0 0 0 0 0 0 0 0 0 0 0 0 0 0 0 0 0 0 0 0 0 0 0 0 0 0 0 0 0 0 0 0 0 0 0 0 0 0 0 0 0 0 0 0 0 0 0 0 0 0 0 0 0 0 0 0 0 0 0 0 0 0 0 0 0 0 0 0 0 0 0 0]
[4053304264627940730337928276442545708249010706766756808537179799577247696336655215302817174969212218575430615870754167688155894519465525027777038011009549767515987630662543720960345152046329192886250690334175240033609534488345839740794022829194493012621487081986437145027008584184780770490102636761356 0 0 0 0 0 0 0 0 0 0 0 0 0 0 0 0 0 0 0 0 0 1 0 0 0 0 0 0 0 0 0 0 0 0 0 0 0 0 0 0 0 0 0 0 0 0 0 0 0 0 0 0 0 0 0 0 0 0 0 0 0 0 0 0 0 0 0 0 0 0 0 0 0 0 0 0 0 0 0 0 0 0 0 0 0 0 0 0 0 0 0 0 0 0 0 0 0 0 0]
[1451212539872919129266295731438254653250809103404114383267948776665058617660432690202684622502817596791792522042320254937551480822589507393250199829241973444320309608359475918573805730489753818788559887856481332236481555969002627532911288630352836465751812006304856951856392976470720823421298549229616 0 0 0 0 0 0 0 0 0 0 0 0 0 0 0 0 0 0 0 0 0 0 1 0 0 0 0 0 0 0 0 0 0 0 0 0 0 0 0 0 0 0 0 0 0 0 0 0 0 0 0 0 0 0 0 0 0 0 0 0 0 0 0 0 0 0 0 0 0 0 0 0 0 0 0 0 0 0 0 0 0 0 0 0 0 0 0 0 0 0 0 0 0 0 0 0 0 0 0]
[5000310493755436513166126368334444803924375997839282884473873167469461144277217596798688936524397528366804246045188466668745755951728565547294792046660121816958893784080884092512817186967927999442417421976850083493286691072526880855399815017237755577771707059618466322640873549605728205036868785783331 0 0 0 0 0 0 0 0 0 0 0 0 0 0 0 0 0 0 0 0 0 0 0 1 0 0 0 0 0 0 0 0 0 0 0 0 0 0 0 0 0 0 0 0 0 0 0 0 0 0 0 0 0 0 0 0 0 0 0 0 0 0 0 0 0 0 0 0 0 0 0 0 0 0 0 0 0 0 0 0 0 0 0 0 0 0 0 0 0 0 0 0 0 0 0 0 0 0 0]
[2804907772415971800165131007742806724655381494777714337799086778374844115658323776687268148290968264624669952560338415386096683857976548161290521395160160502945105110354232543492348847022646039397918964934887205126695999488795662828272446853487479650434166354966108113856393851906192378504244556961327 0 0 0 0 0 0 0 0 0 0 0 0 0 0 0 0 0 0 0 0 0 0 0 0 1 0 0 0 0 0 0 0 0 0 0 0 0 0 0 0 0 0 0 0 0 0 0 0 0 0 0 0 0 0 0 0 0 0 0 0 0 0 0 0 0 0 0 0 0 0 0 0 0 0 0 0 0 0 0 0 0 0 0 0 0 0 0 0 0 0 0 0 0 0 0 0 0 0 0]
[9994692666544455310751108411087504994559357351582123254782620804869769865038131891261469074737789364289927951846555322502466576216996414467501570986858005438545286951941797573430326706913917099221014666850262522957252324963328860378650738855429788043300588517468911722068868495665201803369057683632493 0 0 0 0 0 0 0 0 0 0 0 0 0 0 0 0 0 0 0 0 0 0 0 0 0 1 0 0 0 0 0 0 0 0 0 0 0 0 0 0 0 0 0 0 0 0 0 0 0 0 0 0 0 0 0 0 0 0 0 0 0 0 0 0 0 0 0 0 0 0 0 0 0 0 0 0 0 0 0 0 0 0 0 0 0 0 0 0 0 0 0 0 0 0 0 0 0 0 0]
[8226216730673245619089385765907542003279318844663243693868330606189199372510107797372185419540902196709429820552022632196474786303981441270835822540709782967201701890577903156092479637335929180659717988448010504244359677261728484938641673812686806459062998124028138670414620744710265642521448076919209 0 0 0 0 0 0 0 0 0 0 0 0 0 0 0 0 0 0 0 0 0 0 0 0 0 0 1 0 0 0 0 0 0 0 0 0 0 0 0 0 0 0 0 0 0 0 0 0 0 0 0 0 0 0 0 0 0 0 0 0 0 0 0 0 0 0 0 0 0 0 0 0 0 0 0 0 0 0 0 0 0 0 0 0 0 0 0 0 0 0 0 0 0 0 0 0 0 0 0]
[8662842811853873453980329875064199403034047349050199568008967459465425883908295301773286766430310514616951394773034634813190632135689663975745862737826805390389038954399500912983849599149971767421743245069958214004742938642847508030982527594457023256566056281649850628275375023387279613184564324095516 0 0 0 0 0 0 0 0 0 0 0 0 0 0 0 0 0 0 0 0 0 0 0 0 0 0 0 1 0 0 0 0 0 0 0 0 0 0 0 0 0 0 0 0 0 0 0 0 0 0 0 0 0 0 0 0 0 0 0 0 0 0 0 0 0 0 0 0 0 0 0 0 0 0 0 0 0 0 0 0 0 0 0 0 0 0 0 0 0 0 0 0 0 0 0 0 0 0 0]
[5468069271537074391549180388120497949298479248809238610021096705065290073297564542603766877710245832064033168318569450981726197304759819990697479365480560148920617186899064986934048508378182517548736676705405949092303689669435280832740283563321293574097025965872365091928102382750816042869825517546050 0 0 0 0 0 0 0 0 0 0 0 0 0 0 0 0 0 0 0 0 0 0 0 0 0 0 0 0 1 0 0 0 0 0 0 0 0 0 0 0 0 0 0 0 0 0 0 0 0 0 0 0 0 0 0 0 0 0 0 0 0 0 0 0 0 0 0 0 0 0 0 0 0 0 0 0 0 0 0 0 0 0 0 0 0 0 0 0 0 0 0 0 0 0 0 0 0 0 0]
[9955207118697439188719229099658461110532668720294668601145010540209937088774593002153540724710438480907534470705843933995688731379775195246776881510153438749387226264101723874091763901833462316035528680713180739781763238848503704076174249961422513941432534024402296967072373899876066558316016393150961 0 0 0 0 0 0 0 0 0 0 0 0 0 0 0 0 0 0 0 0 0 0 0 0 0 0 0 0 0 1 0 0 0 0 0 0 0 0 0 0 0 0 0 0 0 0 0 0 0 0 0 0 0 0 0 0 0 0 0 0 0 0 0 0 0 0 0 0 0 0 0 0 0 0 0 0 0 0 0 0 0 0 0 0 0 0 0 0 0 0 0 0 0 0 0 0 0 0 0]
[1346022349993439356676057810755777598849295536436471912301280631548910075874866274032505434875125737792493469041398913283316634652728321394028256872491479678881091581796734382438647506186855391378617709509419078250837329690291333125859502858624285142778497632331656709892258611849689051076852233397454 0 0 0 0 0 0 0 0 0 0 0 0 0 0 0 0 0 0 0 0 0 0 0 0 0 0 0 0 0 0 1 0 0 0 0 0 0 0 0 0 0 0 0 0 0 0 0 0 0 0 0 0 0 0 0 0 0 0 0 0 0 0 0 0 0 0 0 0 0 0 0 0 0 0 0 0 0 0 0 0 0 0 0 0 0 0 0 0 0 0 0 0 0 0 0 0 0 0 0]
[5840134340685676045771207500733255541779206795012573346495417918005523658421113012286554041295037533123559555584005105894751310125949548501628333280239787919025134627615629039535626230809176490320148744273169885102572266714484825818610139654190685463974234397410849371564351880334070130110978688230130 0 0 0 0 0 0 0 0 0 0 0 0 0 0 0 0 0 0 0 0 0 0 0 0 0 0 0 0 0 0 0 1 0 0 0 0 0 0 0 0 0 0 0 0 0 0 0 0 0 0 0 0 0 0 0 0 0 0 0 0 0 0 0 0 0 0 0 0 0 0 0 0 0 0 0 0 0 0 0 0 0 0 0 0 0 0 0 0 0 0 0 0 0 0 0 0 0 0 0]
[265853830663445584063206635924833555412844550133123086822349871586693938144815510718903277368535135174541269733796909139985012372416821521989009456852197295279185383355412908025032101626197237684143305687295108605718377036606795956184898343648087260347783412207580820307612997754103440405595044333319 0 0 0 0 0 0 0 0 0 0 0 0 0 0 0 0 0 0 0 0 0 0 0 0 0 0 0 0 0 0 0 0 1 0 0 0 0 0 0 0 0 0 0 0 0 0 0 0 0 0 0 0 0 0 0 0 0 0 0 0 0 0 0 0 0 0 0 0 0 0 0 0 0 0 0 0 0 0 0 0 0 0 0 0 0 0 0 0 0 0 0 0 0 0 0 0 0 0 0]
[738734223583253214764164738378481221476335371312454806501325588022243780753935500275683408122153483516241770787133832542955580991561163441478043100612070608863772999567584642781106007245654887693049251535869049245167928474843942424334703414558596839436359386262688416884595933639105813773393181976867 0 0 0 0 0 0 0 0 0 0 0 0 0 0 0 0 0 0 0 0 0 0 0 0 0 0 0 0 0 0 0 0 0 1 0 0 0 0 0 0 0 0 0 0 0 0 0 0 0 0 0 0 0 0 0 0 0 0 0 0 0 0 0 0 0 0 0 0 0 0 0 0 0 0 0 0 0 0 0 0 0 0 0 0 0 0 0 0 0 0 0 0 0 0 0 0 0 0 0]
[514000759488015506575146089273696826933157009310852596742123050043501730707942418383666445489115425504965447452677506177409144647601735836564340350253519988338475126205378127740129673717475140097430210722165717251838639990003656774026545370329107640421641322660419701640765749479171169574120561106570 0 0 0 0 0 0 0 0 0 0 0 0 0 0 0 0 0 0 0 0 0 0 0 0 0 0 0 0 0 0 0 0 0 0 1 0 0 0 0 0 0 0 0 0 0 0 0 0 0 0 0 0 0 0 0 0 0 0 0 0 0 0 0 0 0 0 0 0 0 0 0 0 0 0 0 0 0 0 0 0 0 0 0 0 0 0 0 0 0 0 0 0 0 0 0 0 0 0 0]
[4243035972078293746376752207224843286258898842686771917755608481039622605970437805385579156692186930545252719553950080484112370985513014633073000264784685273188211456315465723813481109582014461400798456058206420356515917147900292669670578794658200896592120558151880808286447261014587030918221446050358 0 0 0 0 0 0 0 0 0 0 0 0 0 0 0 0 0 0 0 0 0 0 0 0 0 0 0 0 0 0 0 0 0 0 0 1 0 0 0 0 0 0 0 0 0 0 0 0 0 0 0 0 0 0 0 0 0 0 0 0 0 0 0 0 0 0 0 0 0 0 0 0 0 0 0 0 0 0 0 0 0 0 0 0 0 0 0 0 0 0 0 0 0 0 0 0 0 0 0]
[2744495949196246126001308979601502477462766012693353911653776125323295950381008720657253392806219306261341972705547482756808109337767115094580126420069734108756787951219129192965472977962101522611055370679154764651182680068476532882271190011466796206347975771452451999871745859840299962117543462273848 0 0 0 0 0 0 0 0 0 0 0 0 0 0 0 0 0 0 0 0 0 0 0 0 0 0 0 0 0 0 0 0 0 0 0 0 1 0 0 0 0 0 0 0 0 0 0 0 0 0 0 0 0 0 0 0 0 0 0 0 0 0 0 0 0 0 0 0 0 0 0 0 0 0 0 0 0 0 0 0 0 0 0 0 0 0 0 0 0 0 0 0 0 0 0 0 0 0 0]
[7009877217648015242702618076834273871181201890016520312584022100466867884852047153449147728224873678908170619107341839939599551305393106983923688778673857988574691585140468523735657741029620205426074406344456286722406710783972810465747956009441548927789665688521817450058259959496613863588758409414675 0 0 0 0 0 0 0 0 0 0 0 0 0 0 0 0 0 0 0 0 0 0 0 0 0 0 0 0 0 0 0 0 0 0 0 0 0 1 0 0 0 0 0 0 0 0 0 0 0 0 0 0 0 0 0 0 0 0 0 0 0 0 0 0 0 0 0 0 0 0 0 0 0 0 0 0 0 0 0 0 0 0 0 0 0 0 0 0 0 0 0 0 0 0 0 0 0 0 0]
[6714281249418978550018252833594531938877516276874868981850373387655959289358194808395085850073398505518673596937565682282366972775316850714254635709913592172884125437036686454288834195994016348751798268249838801945728687668180519465557574906254071305997061239147381362731568150243529214520108289588522 0 0 0 0 0 0 0 0 0 0 0 0 0 0 0 0 0 0 0 0 0 0 0 0 0 0 0 0 0 0 0 0 0 0 0 0 0 0 1 0 0 0 0 0 0 0 0 0 0 0 0 0 0 0 0 0 0 0 0 0 0 0 0 0 0 0 0 0 0 0 0 0 0 0 0 0 0 0 0 0 0 0 0 0 0 0 0 0 0 0 0 0 0 0 0 0 0 0 0]
[5654066581110980158195187835282911037716276952941475565463620583024539255305388064650631116025391451715500192389369847473518838842305208720796138497616522604343047000623572070210254570371620442408914740768105649050705859249062032553315426295492466246850840807208118062343683934900056517152115243834272 0 0 0 0 0 0 0 0 0 0 0 0 0 0 0 0 0 0 0 0 0 0 0 0 0 0 0 0 0 0 0 0 0 0 0 0 0 0 0 1 0 0 0 0 0 0 0 0 0 0 0 0 0 0 0 0 0 0 0 0 0 0 0 0 0 0 0 0 0 0 0 0 0 0 0 0 0 0 0 0 0 0 0 0 0 0 0 0 0 0 0 0 0 0 0 0 0 0 0]
[9457901939231956579192348982444017631492779689074397998086080585279926192210486330298025544973153402924393031586740267333317260023432415056864381154873245497458328421502507431014068085058414042814803492062238763514652764158916518023953709647301655649403162240252343372631497166163417223060741488124986 0 0 0 0 0 0 0 0 0 0 0 0 0 0 0 0 0 0 0 0 0 0 0 0 0 0 0 0 0 0 0 0 0 0 0 0 0 0 0 0 1 0 0 0 0 0 0 0 0 0 0 0 0 0 0 0 0 0 0 0 0 0 0 0 0 0 0 0 0 0 0 0 0 0 0 0 0 0 0 0 0 0 0 0 0 0 0 0 0 0 0 0 0 0 0 0 0 0 0]
[3366688799519714889183226065607400502314858554650578376452464076979861196502877313177050021118145436303345163881220463337045309346094898846562937951189482594443007996212298164752383160712332438181229159911867069120490114193234419692758230955326161924285559961294273488922957811762325356726970870807329 0 0 0 0 0 0 0 0 0 0 0 0 0 0 0 0 0 0 0 0 0 0 0 0 0 0 0 0 0 0 0 0 0 0 0 0 0 0 0 0 0 1 0 0 0 0 0 0 0 0 0 0 0 0 0 0 0 0 0 0 0 0 0 0 0 0 0 0 0 0 0 0 0 0 0 0 0 0 0 0 0 0 0 0 0 0 0 0 0 0 0 0 0 0 0 0 0 0 0]
[9642279065170176914144877231294398427067805213029422163583714738946607639283348369654010284128271718055518631920569164111821782213819326548479281233179921185249479048100310078142382719606297370368183656643055330331699325171126306859699252105546383769381228164790602065851424941313696241950245407689709 0 0 0 0 0 0 0 0 0 0 0 0 0 0 0 0 0 0 0 0 0 0 0 0 0 0 0 0 0 0 0 0 0 0 0 0 0 0 0 0 0 0 1 0 0 0 0 0 0 0 0 0 0 0 0 0 0 0 0 0 0 0 0 0 0 0 0 0 0 0 0 0 0 0 0 0 0 0 0 0 0 0 0 0 0 0 0 0 0 0 0 0 0 0 0 0 0 0 0]
[9257691376624036077943611876971571116190966793978308346955994612497911180283652715467801915427036951149582653754307774642507361965830581374223072724702731733070530207169156736778631031389573747974293907456640205725903931522444876903608526233597533531636723656250928909290639802452363372003328702364098 0 0 0 0 0 0 0 0 0 0 0 0 0 0 0 0 0 0 0 0 0 0 0 0 0 0 0 0 0 0 0 0 0 0 0 0 0 0 0 0 0 0 0 1 0 0 0 0 0 0 0 0 0 0 0 0 0 0 0 0 0 0 0 0 0 0 0 0 0 0 0 0 0 0 0 0 0 0 0 0 0 0 0 0 0 0 0 0 0 0 0 0 0 0 0 0 0 0 0]
[1812717744556828917047209413141990644408740099045166119481421699491799579939092074781539416682751968397612810785798711160812616467449486463541553680911176682462332840441804473872603876281266741166919678486726829978137652567440433223224990628022962322926465051428961416270492051199303862644262545186060 0 0 0 0 0 0 0 0 0 0 0 0 0 0 0 0 0 0 0 0 0 0 0 0 0 0 0 0 0 0 0 0 0 0 0 0 0 0 0 0 0 0 0 0 1 0 0 0 0 0 0 0 0 0 0 0 0 0 0 0 0 0 0 0 0 0 0 0 0 0 0 0 0 0 0 0 0 0 0 0 0 0 0 0 0 0 0 0 0 0 0 0 0 0 0 0 0 0 0]
[1193175741354452586730265869901513059752706141022422803839488004367781996595149442795974812233318523938508109523891414810467848995175686675491499841599846587576821422668817797968278156944743482922950842501210375145436257026866445390449688498187206901723428053748744753498771997519371450555138962489057 0 0 0 0 0 0 0 0 0 0 0 0 0 0 0 0 0 0 0 0 0 0 0 0 0 0 0 0 0 0 0 0 0 0 0 0 0 0 0 0 0 0 0 0 0 1 0 0 0 0 0 0 0 0 0 0 0 0 0 0 0 0 0 0 0 0 0 0 0 0 0 0 0 0 0 0 0 0 0 0 0 0 0 0 0 0 0 0 0 0 0 0 0 0 0 0 0 0 0]
[4544432564929967157848142059787354654582366743630061629101117130632755959675767557791838753930244289552013686146604535927175422058898187708805377488287762847499068251918054963309466206642950076330438050798497141166930585625450854797901514815571330280100278818480714037112362230834465710949160963193750 0 0 0 0 0 0 0 0 0 0 0 0 0 0 0 0 0 0 0 0 0 0 0 0 0 0 0 0 0 0 0 0 0 0 0 0 0 0 0 0 0 0 0 0 0 0 1 0 0 0 0 0 0 0 0 0 0 0 0 0 0 0 0 0 0 0 0 0 0 0 0 0 0 0 0 0 0 0 0 0 0 0 0 0 0 0 0 0 0 0 0 0 0 0 0 0 0 0 0]
[878619302302565289377021192087372791403988064015835665217127809675580271585611531054981074989956701193046033573000245249283625915895660608459281174135103306203101972912503523508678920763699647466356986913156166607798615337680663322012175795306951531323325061112663230988244085506999466259401506924860 0 0 0 0 0 0 0 0 0 0 0 0 0 0 0 0 0 0 0 0 0 0 0 0 0 0 0 0 0 0 0 0 0 0 0 0 0 0 0 0 0 0 0 0 0 0 0 1 0 0 0 0 0 0 0 0 0 0 0 0 0 0 0 0 0 0 0 0 0 0 0 0 0 0 0 0 0 0 0 0 0 0 0 0 0 0 0 0 0 0 0 0 0 0 0 0 0 0 0]
[8496013053994713562767074838737522321919219619390766529451095919665630003105290953108982152493833506525665493655970888101227968080043701044126818247674741054301784378219404429716417996426907569069142735738811982309515061910457733800845946988372204173324222807202762808304818620662066987054430206052620 0 0 0 0 0 0 0 0 0 0 0 0 0 0 0 0 0 0 0 0 0 0 0 0 0 0 0 0 0 0 0 0 0 0 0 0 0 0 0 0 0 0 0 0 0 0 0 0 1 0 0 0 0 0 0 0 0 0 0 0 0 0 0 0 0 0 0 0 0 0 0 0 0 0 0 0 0 0 0 0 0 0 0 0 0 0 0 0 0 0 0 0 0 0 0 0 0 0 0]
[59998963296965832435959708657322424869214851121143767501858445630645024193235340899193582584371909520926425970002221139441703245424380526649468846203055451870394506501398229023406952929880751306584359934676790984426511191627620855171035816109959741300538459518660086978770694287940931619057477634977 0 0 0 0 0 0 0 0 0 0 0 0 0 0 0 0 0 0 0 0 0 0 0 0 0 0 0 0 0 0 0 0 0 0 0 0 0 0 0 0 0 0 0 0 0 0 0 0 0 1 0 0 0 0 0 0 0 0 0 0 0 0 0 0 0 0 0 0 0 0 0 0 0 0 0 0 0 0 0 0 0 0 0 0 0 0 0 0 0 0 0 0 0 0 0 0 0 0 0]
[681944124478285497076073160703268439518094375203162288548126431317287328747633202790404273477074690151745218217811163132104233399401415736065947476570588135144929738029607527743377001623280578104235927682900178831544428962594655228390706030046018031621416961740547426885471046348174970701163857517856 0 0 0 0 0 0 0 0 0 0 0 0 0 0 0 0 0 0 0 0 0 0 0 0 0 0 0 0 0 0 0 0 0 0 0 0 0 0 0 0 0 0 0 0 0 0 0 0 0 0 1 0 0 0 0 0 0 0 0 0 0 0 0 0 0 0 0 0 0 0 0 0 0 0 0 0 0 0 0 0 0 0 0 0 0 0 0 0 0 0 0 0 0 0 0 0 0 0 0]
[2174869970417976176075548719125151612941371055204289391855396464762419887645664099452468914321555470724521751631686134287755495139323533416374955897347610504781333234976233011159895115033694761416143275699309555929586906738735169027085812926637462579103852775523345476181595320382076086390027365486253 0 0 0 0 0 0 0 0 0 0 0 0 0 0 0 0 0 0 0 0 0 0 0 0 0 0 0 0 0 0 0 0 0 0 0 0 0 0 0 0 0 0 0 0 0 0 0 0 0 0 0 1 0 0 0 0 0 0 0 0 0 0 0 0 0 0 0 0 0 0 0 0 0 0 0 0 0 0 0 0 0 0 0 0 0 0 0 0 0 0 0 0 0 0 0 0 0 0 0]
[2652962565464461838601330439635003531758233901608174809850066382722880900929210259915330063822866682603073141203283753289368939750474763907719491041197271021104875230579510885564067821062557990700451601525363364541106850638710844110340669487196889538933621358437094330298841019803825241326903714277102 0 0 0 0 0 0 0 0 0 0 0 0 0 0 0 0 0 0 0 0 0 0 0 0 0 0 0 0 0 0 0 0 0 0 0 0 0 0 0 0 0 0 0 0 0 0 0 0 0 0 0 0 1 0 0 0 0 0 0 0 0 0 0 0 0 0 0 0 0 0 0 0 0 0 0 0 0 0 0 0 0 0 0 0 0 0 0 0 0 0 0 0 0 0 0 0 0 0 0]
[3327792792937804150468434616512518267992042107382032583327658336652674079571105546513182031920612045371013011450926347587151341608093247335063954024141418085415133809426548093290135433175196446083661633622975172239312184298899987374267619974505602779617110071780854258965175502847996422407919709089331 0 0 0 0 0 0 0 0 0 0 0 0 0 0 0 0 0 0 0 0 0 0 0 0 0 0 0 0 0 0 0 0 0 0 0 0 0 0 0 0 0 0 0 0 0 0 0 0 0 0 0 0 0 1 0 0 0 0 0 0 0 0 0 0 0 0 0 0 0 0 0 0 0 0 0 0 0 0 0 0 0 0 0 0 0 0 0 0 0 0 0 0 0 0 0 0 0 0 0]
[1530857096439712411054544076691196599160383131611364000609925126077099429444049962544866536848967732297773944000011936786220779972311524577924841116238646562263329076461673512172543382142794802755218165648609020705615853529721919438881552953618096045160386436155918669010578166884363768277138143606369 0 0 0 0 0 0 0 0 0 0 0 0 0 0 0 0 0 0 0 0 0 0 0 0 0 0 0 0 0 0 0 0 0 0 0 0 0 0 0 0 0 0 0 0 0 0 0 0 0 0 0 0 0 0 1 0 0 0 0 0 0 0 0 0 0 0 0 0 0 0 0 0 0 0 0 0 0 0 0 0 0 0 0 0 0 0 0 0 0 0 0 0 0 0 0 0 0 0 0]
[3824304862203920211812686756694962621253865016183692146092566666701232887725915370415044953788384151154170911059560676415675318005705218630798618255449710824417263816884668833437991788433308598113074446897992671460720858595294996940394323246421595970218748483710698533156285939879414283208081178442003 0 0 0 0 0 0 0 0 0 0 0 0 0 0 0 0 0 0 0 0 0 0 0 0 0 0 0 0 0 0 0 0 0 0 0 0 0 0 0 0 0 0 0 0 0 0 0 0 0 0 0 0 0 0 0 1 0 0 0 0 0 0 0 0 0 0 0 0 0 0 0 0 0 0 0 0 0 0 0 0 0 0 0 0 0 0 0 0 0 0 0 0 0 0 0 0 0 0 0]
[9395522528250485744395288982527650495890383888060719995679046274610393463418380032220452731063841501251540049063580959425109605908522376201806978305369825874286963046759958023870950042206931543646836856237157954847651363084039178556085109940862845663633983061112730949028073300467901088158226285166535 0 0 0 0 0 0 0 0 0 0 0 0 0 0 0 0 0 0 0 0 0 0 0 0 0 0 0 0 0 0 0 0 0 0 0 0 0 0 0 0 0 0 0 0 0 0 0 0 0 0 0 0 0 0 0 0 1 0 0 0 0 0 0 0 0 0 0 0 0 0 0 0 0 0 0 0 0 0 0 0 0 0 0 0 0 0 0 0 0 0 0 0 0 0 0 0 0 0 0]
[205105509559645820509646488060318422667756777351496387762146088510567933529980439225745516231123086128398302047164331725858611942423115180194253536938636221643029505238788108249277807233225035522172677985460055886761757410619883321500292166307933692447773250720878469690348600601353256006491099552169 0 0 0 0 0 0 0 0 0 0 0 0 0 0 0 0 0 0 0 0 0 0 0 0 0 0 0 0 0 0 0 0 0 0 0 0 0 0 0 0 0 0 0 0 0 0 0 0 0 0 0 0 0 0 0 0 0 1 0 0 0 0 0 0 0 0 0 0 0 0 0 0 0 0 0 0 0 0 0 0 0 0 0 0 0 0 0 0 0 0 0 0 0 0 0 0 0 0 0]
[578866273232165648542904202024190591967051798683857275437501916598261599798609252538834750299838698845312478714209241450540623670741347394521569813294640471637112698863515321083008161319196448210473190837132421454454251981505955477807364453594419874639954190250549688510535056887265332566637356918203 0 0 0 0 0 0 0 0 0 0 0 0 0 0 0 0 0 0 0 0 0 0 0 0 0 0 0 0 0 0 0 0 0 0 0 0 0 0 0 0 0 0 0 0 0 0 0 0 0 0 0 0 0 0 0 0 0 0 1 0 0 0 0 0 0 0 0 0 0 0 0 0 0 0 0 0 0 0 0 0 0 0 0 0 0 0 0 0 0 0 0 0 0 0 0 0 0 0 0]
[10308938651474003748476752966581933890530935708289765953560828981618035611436419473214777760985015614127614416383548669769351418566370034428932651671421096796073276621636212869383303616939471012894785999786193959102598607758576517326831250708402066036681739539524126602764928213176846541732738676620579 0 0 0 0 0 0 0 0 0 0 0 0 0 0 0 0 0 0 0 0 0 0 0 0 0 0 0 0 0 0 0 0 0 0 0 0 0 0 0 0 0 0 0 0 0 0 0 0 0 0 0 0 0 0 0 0 0 0 0 1 0 0 0 0 0 0 0 0 0 0 0 0 0 0 0 0 0 0 0 0 0 0 0 0 0 0 0 0 0 0 0 0 0 0 0 0 0 0 0]
[4652839006517777648863263946586305756559772910114182146055613925635282288304503883477804225781111627427054793516187479991012380524771646095550517470537712739034044745782117621903744423218793022981349914971144276770774732209069141784194717505213112156599127496749264146885860786168928791381732212811879 0 0 0 0 0 0 0 0 0 0 0 0 0 0 0 0 0 0 0 0 0 0 0 0 0 0 0 0 0 0 0 0 0 0 0 0 0 0 0 0 0 0 0 0 0 0 0 0 0 0 0 0 0 0 0 0 0 0 0 0 1 0 0 0 0 0 0 0 0 0 0 0 0 0 0 0 0 0 0 0 0 0 0 0 0 0 0 0 0 0 0 0 0 0 0 0 0 0 0]
[4846414721910404758643789969492234766870752617629857443857659062398463990247722437946222281733169660449631236311173803283464538414247845523145304903097548457738951768704485155082583429078070059618354917814041081757055153683167309041774160515558987582032391358856141613376985707560734903493000640262727 0 0 0 0 0 0 0 0 0 0 0 0 0 0 0 0 0 0 0 0 0 0 0 0 0 0 0 0 0 0 0 0 0 0 0 0 0 0 0 0 0 0 0 0 0 0 0 0 0 0 0 0 0 0 0 0 0 0 0 0 0 1 0 0 0 0 0 0 0 0 0 0 0 0 0 0 0 0 0 0 0 0 0 0 0 0 0 0 0 0 0 0 0 0 0 0 0 0 0]
[8512719577708373741969254000589436790153524399772964635998280559375405303522489042478228742703869768995381545608541341032509307279892347752540188057187913004981342883451883920942109874813368544649615438712164402064218958862402507777733117091738896049074268632689248073418896523987121834522617745389617 0 0 0 0 0 0 0 0 0 0 0 0 0 0 0 0 0 0 0 0 0 0 0 0 0 0 0 0 0 0 0 0 0 0 0 0 0 0 0 0 0 0 0 0 0 0 0 0 0 0 0 0 0 0 0 0 0 0 0 0 0 0 1 0 0 0 0 0 0 0 0 0 0 0 0 0 0 0 0 0 0 0 0 0 0 0 0 0 0 0 0 0 0 0 0 0 0 0 0]
[7992419710045743478484801086774341676539217569332690874138899348247030720118043357391034550068659731772851711981092882546902430123219729480576660907989978946603507153710445864553548741115979054559700539512898189618286054885308794754748778586316800798197373962676077222793828440153239496842225639821800 0 0 0 0 0 0 0 0 0 0 0 0 0 0 0 0 0 0 0 0 0 0 0 0 0 0 0 0 0 0 0 0 0 0 0 0 0 0 0 0 0 0 0 0 0 0 0 0 0 0 0 0 0 0 0 0 0 0 0 0 0 0 0 1 0 0 0 0 0 0 0 0 0 0 0 0 0 0 0 0 0 0 0 0 0 0 0 0 0 0 0 0 0 0 0 0 0 0 0]
[9481079908887927269947735363021093955667372155180693224628349051142014816837467470516957822757019767930837415139448118025225521010756274403492801895644898577131122922845637631710446212631590979471107105837586873128202584680410813981267159480468214445321924597565919191332557744860556176924786495508851 0 0 0 0 0 0 0 0 0 0 0 0 0 0 0 0 0 0 0 0 0 0 0 0 0 0 0 0 0 0 0 0 0 0 0 0 0 0 0 0 0 0 0 0 0 0 0 0 0 0 0 0 0 0 0 0 0 0 0 0 0 0 0 0 1 0 0 0 0 0 0 0 0 0 0 0 0 0 0 0 0 0 0 0 0 0 0 0 0 0 0 0 0 0 0 0 0 0 0]
[8096429419475559945422400924445315802284246717853477914653073070507555089500819186643478292285401420397041018134837349783845066568314600044673596248994112376069657331103410471403852213983609022549568655959342558355697908431539989365948083721496748633285872138109031101350201678653959782891921073917132 0 0 0 0 0 0 0 0 0 0 0 0 0 0 0 0 0 0 0 0 0 0 0 0 0 0 0 0 0 0 0 0 0 0 0 0 0 0 0 0 0 0 0 0 0 0 0 0 0 0 0 0 0 0 0 0 0 0 0 0 0 0 0 0 0 1 0 0 0 0 0 0 0 0 0 0 0 0 0 0 0 0 0 0 0 0 0 0 0 0 0 0 0 0 0 0 0 0 0]
[10107790054042816756200477504988375584429916954933885305335214894699463383049975379292331440037198905693197114487690159318431698987605575243931661937344807604435852416508896930278611998615591372092088671407388897591004836728806745398951099019090425186239832419506158426475021159780334423962713384927986 0 0 0 0 0 0 0 0 0 0 0 0 0 0 0 0 0 0 0 0 0 0 0 0 0 0 0 0 0 0 0 0 0 0 0 0 0 0 0 0 0 0 0 0 0 0 0 0 0 0 0 0 0 0 0 0 0 0 0 0 0 0 0 0 0 0 1 0 0 0 0 0 0 0 0 0 0 0 0 0 0 0 0 0 0 0 0 0 0 0 0 0 0 0 0 0 0 0 0]
[9501033041366258371954232058058083585955391635804492864169821391045176181955886784655119903812363978733672315289425051357549713837321876327837564822935096709680455826394855366114018577210656844033578555958675798426057935486305340844917870408951203851300228477568500211147803940792487550615148700614873 0 0 0 0 0 0 0 0 0 0 0 0 0 0 0 0 0 0 0 0 0 0 0 0 0 0 0 0 0 0 0 0 0 0 0 0 0 0 0 0 0 0 0 0 0 0 0 0 0 0 0 0 0 0 0 0 0 0 0 0 0 0 0 0 0 0 0 1 0 0 0 0 0 0 0 0 0 0 0 0 0 0 0 0 0 0 0 0 0 0 0 0 0 0 0 0 0 0 0]
[104917696584874357165771168126169078157719460730574997007438676816961272508977311107433736930731692103791434313108254192850566239219795691169831701921211979048361748319387925753045398835320019593578768537888485999890539639115604159409581548143836637845304581403217178643972449878908413847313807773012 0 0 0 0 0 0 0 0 0 0 0 0 0 0 0 0 0 0 0 0 0 0 0 0 0 0 0 0 0 0 0 0 0 0 0 0 0 0 0 0 0 0 0 0 0 0 0 0 0 0 0 0 0 0 0 0 0 0 0 0 0 0 0 0 0 0 0 0 1 0 0 0 0 0 0 0 0 0 0 0 0 0 0 0 0 0 0 0 0 0 0 0 0 0 0 0 0 0 0]
[3229099186203764682876070370647610323190224115828787815144166168252873476066819659062766869414175645776997752202352312498394115289462238803030701322449217418745087125345420801274879342401429121256973834897727830328904157156177337947696555862556807307077477887442616990236646173628158707562487749360654 0 0 0 0 0 0 0 0 0 0 0 0 0 0 0 0 0 0 0 0 0 0 0 0 0 0 0 0 0 0 0 0 0 0 0 0 0 0 0 0 0 0 0 0 0 0 0 0 0 0 0 0 0 0 0 0 0 0 0 0 0 0 0 0 0 0 0 0 0 1 0 0 0 0 0 0 0 0 0 0 0 0 0 0 0 0 0 0 0 0 0 0 0 0 0 0 0 0 0]
[1573999710674280731927370044629258152322056363892689088437742781363880931329308231272534839779874519392790429446802379349515081267042987005561586417746226735689122086693232907843735790519985110490710815496678479840430700513603354749694913418005198627715047224171474938388648178777207229776151160001022 0 0 0 0 0 0 0 0 0 0 0 0 0 0 0 0 0 0 0 0 0 0 0 0 0 0 0 0 0 0 0 0 0 0 0 0 0 0 0 0 0 0 0 0 0 0 0 0 0 0 0 0 0 0 0 0 0 0 0 0 0 0 0 0 0 0 0 0 0 0 1 0 0 0 0 0 0 0 0 0 0 0 0 0 0 0 0 0 0 0 0 0 0 0 0 0 0 0 0]
[4544983563026107489994106459358516932753988999319764300972280941111178477035320132279878021278371092628271407014349668364275516116789723200605177692707906156227345070050956770649379220509368735448066951949369155825984005590454274351374284375975134416260678826296176828527539419190300594567753667277204 0 0 0 0 0 0 0 0 0 0 0 0 0 0 0 0 0 0 0 0 0 0 0 0 0 0 0 0 0 0 0 0 0 0 0 0 0 0 0 0 0 0 0 0 0 0 0 0 0 0 0 0 0 0 0 0 0 0 0 0 0 0 0 0 0 0 0 0 0 0 0 1 0 0 0 0 0 0 0 0 0 0 0 0 0 0 0 0 0 0 0 0 0 0 0 0 0 0 0]
[1526668619218189949400517608079649856412342631421802933097405387881842373275409743723669724812395151892909743891292454786408959399688172675992974091229572111348654397685230917713791326546296459369954479783925586817674387514743952770718187705180779646881874320839434988749154872566895466436508822598892 0 0 0 0 0 0 0 0 0 0 0 0 0 0 0 0 0 0 0 0 0 0 0 0 0 0 0 0 0 0 0 0 0 0 0 0 0 0 0 0 0 0 0 0 0 0 0 0 0 0 0 0 0 0 0 0 0 0 0 0 0 0 0 0 0 0 0 0 0 0 0 0 1 0 0 0 0 0 0 0 0 0 0 0 0 0 0 0 0 0 0 0 0 0 0 0 0 0 0]
[1632218063426534667793938225054808652617331346024647964148154099274326671124670908752305907924968673957721491710741719109567319806216049983572702621403842280994399925849235300666106086462204904817447176303829843578181534055155125131824993293593822792202937790721722002801425889449880079038984951394081 0 0 0 0 0 0 0 0 0 0 0 0 0 0 0 0 0 0 0 0 0 0 0 0 0 0 0 0 0 0 0 0 0 0 0 0 0 0 0 0 0 0 0 0 0 0 0 0 0 0 0 0 0 0 0 0 0 0 0 0 0 0 0 0 0 0 0 0 0 0 0 0 0 1 0 0 0 0 0 0 0 0 0 0 0 0 0 0 0 0 0 0 0 0 0 0 0 0 0]
[5605417199619624553106047179749196037493955099029285220731540706251825741528155489098150959252124009774767442885809494232486725252522149889663175542730106791429846206413562645334832284295341503998654125133882072049152538102280306949307293189181560068411763152709482534886776359057438008185729495055293 0 0 0 0 0 0 0 0 0 0 0 0 0 0 0 0 0 0 0 0 0 0 0 0 0 0 0 0 0 0 0 0 0 0 0 0 0 0 0 0 0 0 0 0 0 0 0 0 0 0 0 0 0 0 0 0 0 0 0 0 0 0 0 0 0 0 0 0 0 0 0 0 0 0 1 0 0 0 0 0 0 0 0 0 0 0 0 0 0 0 0 0 0 0 0 0 0 0 0]
[6317970229733162089303277887444513981254007138797667352973795279783911855855254944954495934385167590707976299092232369033567011532003138913360451426348261727177358625919221889515802611504827024811567829946540474505434994067859808815034564781581896476277531380470677277813183956640395057972948993235352 0 0 0 0 0 0 0 0 0 0 0 0 0 0 0 0 0 0 0 0 0 0 0 0 0 0 0 0 0 0 0 0 0 0 0 0 0 0 0 0 0 0 0 0 0 0 0 0 0 0 0 0 0 0 0 0 0 0 0 0 0 0 0 0 0 0 0 0 0 0 0 0 0 0 0 1 0 0 0 0 0 0 0 0 0 0 0 0 0 0 0 0 0 0 0 0 0 0 0]
[2603609102963539806583866889006795427874379337767882796836661056548090244401796833833782105299429710170762863098816969804461107956738312588289056199114829565891163045757650873442506749318743030788391561959411773709577447772425916677729671643974538957162370025797849367098749320651182627748044285864316 0 0 0 0 0 0 0 0 0 0 0 0 0 0 0 0 0 0 0 0 0 0 0 0 0 0 0 0 0 0 0 0 0 0 0 0 0 0 0 0 0 0 0 0 0 0 0 0 0 0 0 0 0 0 0 0 0 0 0 0 0 0 0 0 0 0 0 0 0 0 0 0 0 0 0 0 1 0 0 0 0 0 0 0 0 0 0 0 0 0 0 0 0 0 0 0 0 0 0]
[1104519026686887946538094554167001797686058447756535247760586786418020610598329411365467465680522050208002532040741806544811907355819548158270265432070721639544398729168679548173026224426362237502602140222421422345676064595696980209572293074917300259528671418455694834763288699375933208933439797744549 0 0 0 0 0 0 0 0 0 0 0 0 0 0 0 0 0 0 0 0 0 0 0 0 0 0 0 0 0 0 0 0 0 0 0 0 0 0 0 0 0 0 0 0 0 0 0 0 0 0 0 0 0 0 0 0 0 0 0 0 0 0 0 0 0 0 0 0 0 0 0 0 0 0 0 0 0 1 0 0 0 0 0 0 0 0 0 0 0 0 0 0 0 0 0 0 0 0 0]
[9764053694268882301738867511610093696000366091155675185693121566100901985203428955643917193783001390980626401789728304059739393080440341577290437841563791876903115108568663510318026397827192192979720597041289713568393552627462330627812593796980128135381780273202222740312493706827972805790213050327712 0 0 0 0 0 0 0 0 0 0 0 0 0 0 0 0 0 0 0 0 0 0 0 0 0 0 0 0 0 0 0 0 0 0 0 0 0 0 0 0 0 0 0 0 0 0 0 0 0 0 0 0 0 0 0 0 0 0 0 0 0 0 0 0 0 0 0 0 0 0 0 0 0 0 0 0 0 0 1 0 0 0 0 0 0 0 0 0 0 0 0 0 0 0 0 0 0 0 0]
[4337216583353284424534158235719373062818673980918154038942808482843352876749190439998722616824779176990712356129678872361775929730948420967207918164077653688937087348904137274688290682955089702885764352182650262564416116315006588875024138262306914663005230358332649859063791413814006793225388806274423 0 0 0 0 0 0 0 0 0 0 0 0 0 0 0 0 0 0 0 0 0 0 0 0 0 0 0 0 0 0 0 0 0 0 0 0 0 0 0 0 0 0 0 0 0 0 0 0 0 0 0 0 0 0 0 0 0 0 0 0 0 0 0 0 0 0 0 0 0 0 0 0 0 0 0 0 0 0 0 1 0 0 0 0 0 0 0 0 0 0 0 0 0 0 0 0 0 0 0]
[8538592454046164775701264174858227982993165334133081630222007291906333056268412710352368583246078428433312504238987386275859573210728215246915839662381310533728114589419839518706705884820291132864120091447228125049802305687873750537914697782051005086643645072797321912360796594500672236918486382313642 0 0 0 0 0 0 0 0 0 0 0 0 0 0 0 0 0 0 0 0 0 0 0 0 0 0 0 0 0 0 0 0 0 0 0 0 0 0 0 0 0 0 0 0 0 0 0 0 0 0 0 0 0 0 0 0 0 0 0 0 0 0 0 0 0 0 0 0 0 0 0 0 0 0 0 0 0 0 0 0 1 0 0 0 0 0 0 0 0 0 0 0 0 0 0 0 0 0 0]
[828630001891775238409756647664575970091469816456840783657742424253484502571379749772846011660962145917800428678566747923077454532793842632598949438290579639255058784724749749183729635800897791604155824661951406040168532446935019931389981150853837322394352905318303957609323885500561447200908383872041 0 0 0 0 0 0 0 0 0 0 0 0 0 0 0 0 0 0 0 0 0 0 0 0 0 0 0 0 0 0 0 0 0 0 0 0 0 0 0 0 0 0 0 0 0 0 0 0 0 0 0 0 0 0 0 0 0 0 0 0 0 0 0 0 0 0 0 0 0 0 0 0 0 0 0 0 0 0 0 0 0 1 0 0 0 0 0 0 0 0 0 0 0 0 0 0 0 0 0]
[6200064161748922091196792109245265086207941249255290326759684403075056382826953662612087567584953679214690700984261439246934625914278581249163676645784413047400951031437945955652605821144580052079507941814222427968024441087433087013104868425385287385646289724025602518072783747167751191835567613292522 0 0 0 0 0 0 0 0 0 0 0 0 0 0 0 0 0 0 0 0 0 0 0 0 0 0 0 0 0 0 0 0 0 0 0 0 0 0 0 0 0 0 0 0 0 0 0 0 0 0 0 0 0 0 0 0 0 0 0 0 0 0 0 0 0 0 0 0 0 0 0 0 0 0 0 0 0 0 0 0 0 0 1 0 0 0 0 0 0 0 0 0 0 0 0 0 0 0 0]
[9617225176758473971498053535011498277185810899406449373740904929639920983578323445697902902723099556906653211823811032384323881717298647376974443582688648116004040624121180364110671283165614303545520465189111570670559040495974159218749609986339287754709423630614972720055782190697860628699074884631133 0 0 0 0 0 0 0 0 0 0 0 0 0 0 0 0 0 0 0 0 0 0 0 0 0 0 0 0 0 0 0 0 0 0 0 0 0 0 0 0 0 0 0 0 0 0 0 0 0 0 0 0 0 0 0 0 0 0 0 0 0 0 0 0 0 0 0 0 0 0 0 0 0 0 0 0 0 0 0 0 0 0 0 1 0 0 0 0 0 0 0 0 0 0 0 0 0 0 0]
[2093133890596646073343963950777173040987352001050006986932524198477534253396901580250348765023567944054939011785828569991653590552165057471047870171935607151943252250962686458932505561600518290972616348141400200833873301465206781309341989688804373240337935008203783721449141817874394602685308624789630 0 0 0 0 0 0 0 0 0 0 0 0 0 0 0 0 0 0 0 0 0 0 0 0 0 0 0 0 0 0 0 0 0 0 0 0 0 0 0 0 0 0 0 0 0 0 0 0 0 0 0 0 0 0 0 0 0 0 0 0 0 0 0 0 0 0 0 0 0 0 0 0 0 0 0 0 0 0 0 0 0 0 0 0 1 0 0 0 0 0 0 0 0 0 0 0 0 0 0]
[4377203831765095617495401934491661093913333040656394930231006196460907764989897043465709945573268448365751689035131003911234887428335712665569826197251316338434948008468382528648450074497903143082847855117224056586160863458041170900491732552488293151599737737100089637722625038807453511422826180958637 0 0 0 0 0 0 0 0 0 0 0 0 0 0 0 0 0 0 0 0 0 0 0 0 0 0 0 0 0 0 0 0 0 0 0 0 0 0 0 0 0 0 0 0 0 0 0 0 0 0 0 0 0 0 0 0 0 0 0 0 0 0 0 0 0 0 0 0 0 0 0 0 0 0 0 0 0 0 0 0 0 0 0 0 0 1 0 0 0 0 0 0 0 0 0 0 0 0 0]
[4432813266541024715858347559124418390157239722213733958747999562404126666804559753450980715037467003151238317856889518466551047094644390961212335701334352866438973767174596339897176629919733462735085581126681892762418829357463514346702222852259220041998322319264838534260431721561760905635761374977888 0 0 0 0 0 0 0 0 0 0 0 0 0 0 0 0 0 0 0 0 0 0 0 0 0 0 0 0 0 0 0 0 0 0 0 0 0 0 0 0 0 0 0 0 0 0 0 0 0 0 0 0 0 0 0 0 0 0 0 0 0 0 0 0 0 0 0 0 0 0 0 0 0 0 0 0 0 0 0 0 0 0 0 0 0 0 1 0 0 0 0 0 0 0 0 0 0 0 0]
[9702000711944002591241481781733892699526278183517870880415012422962979756427465978178555379666692277254797061092562551580846007093149140224730060328059945494422049271435727724537147835862541429676255432011042561811152857155512665845717497866143246138923442989308737930583444991093774490055388291929829 0 0 0 0 0 0 0 0 0 0 0 0 0 0 0 0 0 0 0 0 0 0 0 0 0 0 0 0 0 0 0 0 0 0 0 0 0 0 0 0 0 0 0 0 0 0 0 0 0 0 0 0 0 0 0 0 0 0 0 0 0 0 0 0 0 0 0 0 0 0 0 0 0 0 0 0 0 0 0 0 0 0 0 0 0 0 0 1 0 0 0 0 0 0 0 0 0 0 0]
[188962865490589511018290869730834552966689587289265124317637257371093761593230126218895152645299432755773788902412176888239003648521532405135536778887603807575890181139996335200273911230310374807221236412742269102580856860041387389294054567030350956916751366419871940937242472524764555293373625360132 0 0 0 0 0 0 0 0 0 0 0 0 0 0 0 0 0 0 0 0 0 0 0 0 0 0 0 0 0 0 0 0 0 0 0 0 0 0 0 0 0 0 0 0 0 0 0 0 0 0 0 0 0 0 0 0 0 0 0 0 0 0 0 0 0 0 0 0 0 0 0 0 0 0 0 0 0 0 0 0 0 0 0 0 0 0 0 0 1 0 0 0 0 0 0 0 0 0 0]
[3634494372911081136329512231237232450533649147742207370510260764349754206204752552686674032078790292802667403305331912801229284133031280636706832700348081139759336048455365062662086265763279050486391774417514097763425583020914209791476562145441102246452662119435833745170689415076132432310880551503388 0 0 0 0 0 0 0 0 0 0 0 0 0 0 0 0 0 0 0 0 0 0 0 0 0 0 0 0 0 0 0 0 0 0 0 0 0 0 0 0 0 0 0 0 0 0 0 0 0 0 0 0 0 0 0 0 0 0 0 0 0 0 0 0 0 0 0 0 0 0 0 0 0 0 0 0 0 0 0 0 0 0 0 0 0 0 0 0 0 1 0 0 0 0 0 0 0 0 0]
[5052020685045206977954702767507855778870443508264401449197508238095082561110539203435067062347265520054605286211501904791580912966079920196034038289197493220611402295222380585368611622112577766516481542094904225566846370629043478257314650367765516834485658751989325242447244015019087814422763090357602 0 0 0 0 0 0 0 0 0 0 0 0 0 0 0 0 0 0 0 0 0 0 0 0 0 0 0 0 0 0 0 0 0 0 0 0 0 0 0 0 0 0 0 0 0 0 0 0 0 0 0 0 0 0 0 0 0 0 0 0 0 0 0 0 0 0 0 0 0 0 0 0 0 0 0 0 0 0 0 0 0 0 0 0 0 0 0 0 0 0 1 0 0 0 0 0 0 0 0]
[9540555661220101662228503275935599070087671955884104680954105601042240815756201562644650457819741717993432669940759532745675817368293642548432557610498001613249299428268227947830826422923737578715524812481298804517897610648972194794284484468949823150972515117902880984392317974218216366143000846819516 0 0 0 0 0 0 0 0 0 0 0 0 0 0 0 0 0 0 0 0 0 0 0 0 0 0 0 0 0 0 0 0 0 0 0 0 0 0 0 0 0 0 0 0 0 0 0 0 0 0 0 0 0 0 0 0 0 0 0 0 0 0 0 0 0 0 0 0 0 0 0 0 0 0 0 0 0 0 0 0 0 0 0 0 0 0 0 0 0 0 0 1 0 0 0 0 0 0 0]
[4932934715193878255720365669617337067663935957632852379518769528852637815823982841885927295188256050681600328734914372213545815139016806738449260407908302785094164271465477047867959761658606179611847961094562764612905196407573853549895660374265061884934108094453777447893258059563007461914125609638033 0 0 0 0 0 0 0 0 0 0 0 0 0 0 0 0 0 0 0 0 0 0 0 0 0 0 0 0 0 0 0 0 0 0 0 0 0 0 0 0 0 0 0 0 0 0 0 0 0 0 0 0 0 0 0 0 0 0 0 0 0 0 0 0 0 0 0 0 0 0 0 0 0 0 0 0 0 0 0 0 0 0 0 0 0 0 0 0 0 0 0 0 1 0 0 0 0 0 0]
[6087036328861087534393954727274154292044939352884366712699351978521944314438354011562260282044540951118861794306131057239222438797955454163103874891064649750269452302950023358712362509022068904103341785828640039704391294210471849320805628101825164174135832518374378453117142468763372551390958031657517 0 0 0 0 0 0 0 0 0 0 0 0 0 0 0 0 0 0 0 0 0 0 0 0 0 0 0 0 0 0 0 0 0 0 0 0 0 0 0 0 0 0 0 0 0 0 0 0 0 0 0 0 0 0 0 0 0 0 0 0 0 0 0 0 0 0 0 0 0 0 0 0 0 0 0 0 0 0 0 0 0 0 0 0 0 0 0 0 0 0 0 0 0 1 0 0 0 0 0]
[3550829002903690628465880157914132320100324976794737077885386097204487728607141476201724835251687612169178269560720169462160075466554622132166576926182930308718443283225601604618828915682100391219525027108245614483190990032646278859679168988366680375097361754411250394938640610302589315017653275638873 0 0 0 0 0 0 0 0 0 0 0 0 0 0 0 0 0 0 0 0 0 0 0 0 0 0 0 0 0 0 0 0 0 0 0 0 0 0 0 0 0 0 0 0 0 0 0 0 0 0 0 0 0 0 0 0 0 0 0 0 0 0 0 0 0 0 0 0 0 0 0 0 0 0 0 0 0 0 0 0 0 0 0 0 0 0 0 0 0 0 0 0 0 0 1 0 0 0 0]
[1382149926152734287859351934076874591081000932408251439203914797671386604702532043787528356353684595403832591268682757271266651853612624809328296076152987252047422519139874201425568966552630203834739997628721284363387258444995010650564359324838697934945789009800201112988875237966003670083151887915834 0 0 0 0 0 0 0 0 0 0 0 0 0 0 0 0 0 0 0 0 0 0 0 0 0 0 0 0 0 0 0 0 0 0 0 0 0 0 0 0 0 0 0 0 0 0 0 0 0 0 0 0 0 0 0 0 0 0 0 0 0 0 0 0 0 0 0 0 0 0 0 0 0 0 0 0 0 0 0 0 0 0 0 0 0 0 0 0 0 0 0 0 0 0 0 1 0 0 0]
[8023610548171007416992574010291754427881966705350838202186376754041104688378708717376901517959382165104343265420303375210821748518683856299357443308858335192109611514392554405557906375887902972042045839721518723128612283810011731403087787227519786418540508818393388331122804026357118187301697154624018 0 0 0 0 0 0 0 0 0 0 0 0 0 0 0 0 0 0 0 0 0 0 0 0 0 0 0 0 0 0 0 0 0 0 0 0 0 0 0 0 0 0 0 0 0 0 0 0 0 0 0 0 0 0 0 0 0 0 0 0 0 0 0 0 0 0 0 0 0 0 0 0 0 0 0 0 0 0 0 0 0 0 0 0 0 0 0 0 0 0 0 0 0 0 0 0 1 0 0]
[1074304423306865326965461345291751565675225919928495792174892660427285552538688592519987696874278380675017417772872268804671490555487178717999812246259556774387604211078167522744571847014770438591173213185293840400382334323795571692444254891233984236481650015868947636715987045973764387860508619948448 0 0 0 0 0 0 0 0 0 0 0 0 0 0 0 0 0 0 0 0 0 0 0 0 0 0 0 0 0 0 0 0 0 0 0 0 0 0 0 0 0 0 0 0 0 0 0 0 0 0 0 0 0 0 0 0 0 0 0 0 0 0 0 0 0 0 0 0 0 0 0 0 0 0 0 0 0 0 0 0 0 0 0 0 0 0 0 0 0 0 0 0 0 0 0 0 0 1 0]
[5958973324589496885099184737135342436323087454630563967711909196201034694843754211246483550715389664582809259079916196034926072198575465822318628540967809938029209234299244034453784873334963342278576481149587120455103232063904798789306929950395443277666696514742723504809238190738770910075521444482667 0 0 0 0 0 0 0 0 0 0 0 0 0 0 0 0 0 0 0 0 0 0 0 0 0 0 0 0 0 0 0 0 0 0 0 0 0 0 0 0 0 0 0 0 0 0 0 0 0 0 0 0 0 0 0 0 0 0 0 0 0 0 0 0 0 0 0 0 0 0 0 0 0 0 0 0 0 0 0 0 0 0 0 0 0 0 0 0 0 0 0 0 0 0 0 0 0 0 1]
]
