[[5550273284232434915536945637763492977900806669405278617273661381059194688468220026469296719151023208313446340143454941270841296030759523595298034300441073651459480861135532036807721577999191624981318707217642271958800182004425875404118580839935114388237282914231417937483543027912084006141166476775413 0 0 0 0 0 0 0 0 0 0 0 0 0 0 0 0 0 0 0 0 0 0 0 0 0 0 0 0 0 0 0 0 0 0 0 0 0 0 0 0 0 0 0 0 0 0 0 0 0 0 0 0 0 0 0 0 0 0 0 0 0 0 0 0 0 0 0 0 0 0 0 0 0 0 0 0 0 0 0 0 0 0 0 0 0 0 0 0 0 0 0 0 0 0 0 0 0 0 0]
[3883930725029235181906057189139919018073566937450215705437556476259127836594917765458733131676614711440278207720776209065661948261395957423769003125873224369247538451223819289410015459417975751884890957695399994643317906696519018288685965794965910735365640958327467375550599635519005712410479704075630 1 0 0 0 0 0 0 0 0 0 0 0 0 0 0 0 0 0 0 0 0 0 0 0 0 0 0 0 0 0 0 0 0 0 0 0 0 0 0 0 0 0 0 0 0 0 0 0 0 0 0 0 0 0 0 0 0 0 0 0 0 0 0 0 0 0 0 0 0 0 0 0 0 0 0 0 0 0 0 0 0 0 0 0 0 0 0 0 0 0 0 0 0 0 0 0 0 0 0]
[2821685518174268286727464418202880034740611046541443213037352106512371414190943885496381073123968590237903216875444332177823864939752624206029640954215167937313262712142616785738033119832619850966243917735844164262351439487019051686631596398966339530695028828473701848048651795766713584072816815733302 0 1 0 0 0 0 0 0 0 0 0 0 0 0 0 0 0 0 0 0 0 0 0 0 0 0 0 0 0 0 0 0 0 0 0 0 0 0 0 0 0 0 0 0 0 0 0 0 0 0 0 0 0 0 0 0 0 0 0 0 0 0 0 0 0 0 0 0 0 0 0 0 0 0 0 0 0 0 0 0 0 0 0 0 0 0 0 0 0 0 0 0 0 0 0 0 0 0 0]
[3682394506046143762238923887686477054484669809444148677202986865303003194268000344058123561624326787939885114175156700184772340289708978082964618051212641050464156026019184564521098844184238916614654703697159919396056020716244729588614794434578631332276497759954510442272897579180147803682696440347572 0 0 1 0 0 0 0 0 0 0 0 0 0 0 0 0 0 0 0 0 0 0 0 0 0 0 0 0 0 0 0 0 0 0 0 0 0 0 0 0 0 0 0 0 0 0 0 0 0 0 0 0 0 0 0 0 0 0 0 0 0 0 0 0 0 0 0 0 0 0 0 0 0 0 0 0 0 0 0 0 0 0 0 0 0 0 0 0 0 0 0 0 0 0 0 0 0 0 0]
[5285903097139412108534909950472934703949871559585315054615152486566112896778303209651826810582124479298761856170609137013797585581374152844279451837687999065297645160554974698141426943950707816484902234326690407668572654329141214569376492257364333311286097490209331467470723164735444941133884883168832 0 0 0 1 0 0 0 0 0 0 0 0 0 0 0 0 0 0 0 0 0 0 0 0 0 0 0 0 0 0 0 0 0 0 0 0 0 0 0 0 0 0 0 0 0 0 0 0 0 0 0 0 0 0 0 0 0 0 0 0 0 0 0 0 0 0 0 0 0 0 0 0 0 0 0 0 0 0 0 0 0 0 0 0 0 0 0 0 0 0 0 0 0 0 0 0 0 0 0]
[4369579140514393548571653355978287069043073344190415627868276481246658676664464273228938552864904212448618429889320209294374130093394744836911182227150846452891825254967372168044971186650388916259138061723385575305447122186456672296462339735427724722371116766734728436497237521502655092143714204589553 0 0 0 0 1 0 0 0 0 0 0 0 0 0 0 0 0 0 0 0 0 0 0 0 0 0 0 0 0 0 0 0 0 0 0 0 0 0 0 0 0 0 0 0 0 0 0 0 0 0 0 0 0 0 0 0 0 0 0 0 0 0 0 0 0 0 0 0 0 0 0 0 0 0 0 0 0 0 0 0 0 0 0 0 0 0 0 0 0 0 0 0 0 0 0 0 0 0 0]
[3715552808612010857157226828136818432242802659350849387580488664208160077356911689966947833666106811380921415303935322478859164855964826192214818128879698759989005198458410946205927173047915150035434566345185426339323642079356685267529950047885226215272511529944496117217049488523661676910957000377735 0 0 0 0 0 1 0 0 0 0 0 0 0 0 0 0 0 0 0 0 0 0 0 0 0 0 0 0 0 0 0 0 0 0 0 0 0 0 0 0 0 0 0 0 0 0 0 0 0 0 0 0 0 0 0 0 0 0 0 0 0 0 0 0 0 0 0 0 0 0 0 0 0 0 0 0 0 0 0 0 0 0 0 0 0 0 0 0 0 0 0 0 0 0 0 0 0 0 0]
[2485925783983675542732461669945299008349778009546841793888656125729091790843637021595963724315719656668073307897665545538012596925455021958154061268649858271305177955427998050546475127901238936857660681551157124698910416610209136136619201596551330018724960613147666646330002874677792548302779228251979 0 0 0 0 0 0 1 0 0 0 0 0 0 0 0 0 0 0 0 0 0 0 0 0 0 0 0 0 0 0 0 0 0 0 0 0 0 0 0 0 0 0 0 0 0 0 0 0 0 0 0 0 0 0 0 0 0 0 0 0 0 0 0 0 0 0 0 0 0 0 0 0 0 0 0 0 0 0 0 0 0 0 0 0 0 0 0 0 0 0 0 0 0 0 0 0 0 0 0]
[2130091391441150419356663236915501951217066088154702330649357688331734677151618499605423644443406461351265841465781387317135696732550655429557589690665902968724005676063524831444123274297179568611604301964319665326532944037809633479413964759624910151056227761109580163566338491164563832482307828211035 0 0 0 0 0 0 0 1 0 0 0 0 0 0 0 0 0 0 0 0 0 0 0 0 0 0 0 0 0 0 0 0 0 0 0 0 0 0 0 0 0 0 0 0 0 0 0 0 0 0 0 0 0 0 0 0 0 0 0 0 0 0 0 0 0 0 0 0 0 0 0 0 0 0 0 0 0 0 0 0 0 0 0 0 0 0 0 0 0 0 0 0 0 0 0 0 0 0 0]
[5169235082376634873037939672984594580932198751266830019791335220703234024158255448941902187740624203491944005905835617008670368820434294406759241380348876473346092839998359902069496063736020111692509782983638220364818638596385972005557218200571098933651091092526254221975850784828040087882389513884929 0 0 0 0 0 0 0 0 1 0 0 0 0 0 0 0 0 0 0 0 0 0 0 0 0 0 0 0 0 0 0 0 0 0 0 0 0 0 0 0 0 0 0 0 0 0 0 0 0 0 0 0 0 0 0 0 0 0 0 0 0 0 0 0 0 0 0 0 0 0 0 0 0 0 0 0 0 0 0 0 0 0 0 0 0 0 0 0 0 0 0 0 0 0 0 0 0 0 0]
[1334882904210866983954106528786038358872107733464896753160496218768928917103265960476425300538027006245769428928928142972028444309239650091347511049414021520052063532993729173267943964746951918538530808666145754637038146140671490118097198448327033284976462883476085419970323523611404744393267220427904 0 0 0 0 0 0 0 0 0 1 0 0 0 0 0 0 0 0 0 0 0 0 0 0 0 0 0 0 0 0 0 0 0 0 0 0 0 0 0 0 0 0 0 0 0 0 0 0 0 0 0 0 0 0 0 0 0 0 0 0 0 0 0 0 0 0 0 0 0 0 0 0 0 0 0 0 0 0 0 0 0 0 0 0 0 0 0 0 0 0 0 0 0 0 0 0 0 0 0]
[3170763097485063308627967576200476212586091755523654147711048965619360160428995211204118931194467330412437999605683326583627162903936708379836424192437693604882993837425709446768315844947670488574058750256795747644378793897324935334471232760072264392549467660628987655097615189392901476939240893454513 0 0 0 0 0 0 0 0 0 0 1 0 0 0 0 0 0 0 0 0 0 0 0 0 0 0 0 0 0 0 0 0 0 0 0 0 0 0 0 0 0 0 0 0 0 0 0 0 0 0 0 0 0 0 0 0 0 0 0 0 0 0 0 0 0 0 0 0 0 0 0 0 0 0 0 0 0 0 0 0 0 0 0 0 0 0 0 0 0 0 0 0 0 0 0 0 0 0 0]
[49356857831778218220896415948598266274768871434354067926955370635474906038291502514291746864050900693408974720877256015416137103778120189461114698002244900158834517723091381428998338612013217379669954118678965508968837814922606361014844457924342623051507458514777073057701666010545853430552895593243 0 0 0 0 0 0 0 0 0 0 0 1 0 0 0 0 0 0 0 0 0 0 0 0 0 0 0 0 0 0 0 0 0 0 0 0 0 0 0 0 0 0 0 0 0 0 0 0 0 0 0 0 0 0 0 0 0 0 0 0 0 0 0 0 0 0 0 0 0 0 0 0 0 0 0 0 0 0 0 0 0 0 0 0 0 0 0 0 0 0 0 0 0 0 0 0 0 0 0]
[4202169268211545186933880092382450065168645743334356153632537999883505439679444586560513424851770373329878866836115809036859328810208323250521817533420641200794522319929223770259658225015629516159508038275531375852829720500948672866548892797848369483267041572618712302360483148368290859446584499506933 0 0 0 0 0 0 0 0 0 0 0 0 1 0 0 0 0 0 0 0 0 0 0 0 0 0 0 0 0 0 0 0 0 0 0 0 0 0 0 0 0 0 0 0 0 0 0 0 0 0 0 0 0 0 0 0 0 0 0 0 0 0 0 0 0 0 0 0 0 0 0 0 0 0 0 0 0 0 0 0 0 0 0 0 0 0 0 0 0 0 0 0 0 0 0 0 0 0 0]
[5198258635066028206005067696730936155499519129612985444037005874461006902767405365862410013942429526913299299087000416989013186074137484885808607681696334169395191093642065462544661402314053744732744066576622707772147042170330217379007665280989618507778920129267129826573588835954480449983718369655454 0 0 0 0 0 0 0 0 0 0 0 0 0 1 0 0 0 0 0 0 0 0 0 0 0 0 0 0 0 0 0 0 0 0 0 0 0 0 0 0 0 0 0 0 0 0 0 0 0 0 0 0 0 0 0 0 0 0 0 0 0 0 0 0 0 0 0 0 0 0 0 0 0 0 0 0 0 0 0 0 0 0 0 0 0 0 0 0 0 0 0 0 0 0 0 0 0 0 0]
[4602848822876903469737549566397904724983487571427940430485355220848841381043382782654654353564788132160828941277390174283995302189464532934281668116884023101371672075182576156548512481767290707242664199788077792248531525526517705594427616292524216809115546978517005161131777796964993791471197401283208 0 0 0 0 0 0 0 0 0 0 0 0 0 0 1 0 0 0 0 0 0 0 0 0 0 0 0 0 0 0 0 0 0 0 0 0 0 0 0 0 0 0 0 0 0 0 0 0 0 0 0 0 0 0 0 0 0 0 0 0 0 0 0 0 0 0 0 0 0 0 0 0 0 0 0 0 0 0 0 0 0 0 0 0 0 0 0 0 0 0 0 0 0 0 0 0 0 0 0]
[3321008055088849174790793912318400068233515067308263844449939184418024886087955188107978263260096608366605389423734793538141079612118701005995140451689402382505348509941724849158295045265842372035778052815035752968197511288406030005548123653846866676164561981164473313141334277345876197932774469375692 0 0 0 0 0 0 0 0 0 0 0 0 0 0 0 1 0 0 0 0 0 0 0 0 0 0 0 0 0 0 0 0 0 0 0 0 0 0 0 0 0 0 0 0 0 0 0 0 0 0 0 0 0 0 0 0 0 0 0 0 0 0 0 0 0 0 0 0 0 0 0 0 0 0 0 0 0 0 0 0 0 0 0 0 0 0 0 0 0 0 0 0 0 0 0 0 0 0 0]
[3787447179241854677538972873796423418119371083971456874759595301976870454786243585346776184781266204498306793947692024315908236144442717375644113522866982974852080620472161336028506200481374555355905160066340099176513318118819583754609290119367633371347701423600433185031595028970342076933442545896188 0 0 0 0 0 0 0 0 0 0 0 0 0 0 0 0 1 0 0 0 0 0 0 0 0 0 0 0 0 0 0 0 0 0 0 0 0 0 0 0 0 0 0 0 0 0 0 0 0 0 0 0 0 0 0 0 0 0 0 0 0 0 0 0 0 0 0 0 0 0 0 0 0 0 0 0 0 0 0 0 0 0 0 0 0 0 0 0 0 0 0 0 0 0 0 0 0 0 0]
[3079400355743854156296034359437051160859261799568633904971854674916862623124010111538216610494092613647224983548651975028685632688864867082794848585867668635113875004441079190205820504733993293132830405190731202973697588118053129333483101143163201852488168045697379463527779381456202455273861757116988 0 0 0 0 0 0 0 0 0 0 0 0 0 0 0 0 0 1 0 0 0 0 0 0 0 0 0 0 0 0 0 0 0 0 0 0 0 0 0 0 0 0 0 0 0 0 0 0 0 0 0 0 0 0 0 0 0 0 0 0 0 0 0 0 0 0 0 0 0 0 0 0 0 0 0 0 0 0 0 0 0 0 0 0 0 0 0 0 0 0 0 0 0 0 0 0 0 0 0]
[1873030021379130450969430128379290049369564014642135342678890301075624702793453827718352107826038035813147711664922005688761721663880439431104463520477670060223261934865048038047911423501416357110287571235084517275941767006074702655399528334234942647219588718503544272866660630835991914881102668531184 0 0 0 0 0 0 0 0 0 0 0 0 0 0 0 0 0 0 1 0 0 0 0 0 0 0 0 0 0 0 0 0 0 0 0 0 0 0 0 0 0 0 0 0 0 0 0 0 0 0 0 0 0 0 0 0 0 0 0 0 0 0 0 0 0 0 0 0 0 0 0 0 0 0 0 0 0 0 0 0 0 0 0 0 0 0 0 0 0 0 0 0 0 0 0 0 0 0 0]
[2562276021456177208077333486595571027317738243665497998325574348769464320247129068623253250564247193474186743007730872013726494930296865086468168117424204744401206156629083678802765850919517453114233645818528471172756339273497517024389212304764691554579543458256064217167928835190141516981603943106409 0 0 0 0 0 0 0 0 0 0 0 0 0 0 0 0 0 0 0 1 0 0 0 0 0 0 0 0 0 0 0 0 0 0 0 0 0 0 0 0 0 0 0 0 0 0 0 0 0 0 0 0 0 0 0 0 0 0 0 0 0 0 0 0 0 0 0 0 0 0 0 0 0 0 0 0 0 0 0 0 0 0 0 0 0 0 0 0 0 0 0 0 0 0 0 0 0 0 0]
[400135307865784287022373890007936971836295847054348639210108117414704317917517622141284666594582622464365661153262386798278140531908771408692629035479220778295532270638693632665951225549975081500246525881846407772938063409656169524286625344712776605771956901500249130827899594858061465908743161564400 0 0 0 0 0 0 0 0 0 0 0 0 0 0 0 0 0 0 0 0 1 0 0 0 0 0 0 0 0 0 0 0 0 0 0 0 0 0 0 0 0 0 0 0 0 0 0 0 0 0 0 0 0 0 0 0 0 0 0 0 0 0 0 0 0 0 0 0 0 0 0 0 0 0 0 0 0 0 0 0 0 0 0 0 0 0 0 0 0 0 0 0 0 0 0 0 0 0 0]
[2845233958840325795580169643987185639354314791394369967070126003792402419184560679555869293680204919064761153325427455907886919693485817701933154794668062306471672644838489140671517708744092187933102309785340349279284233842490832285993036937779834267736667644206047103183119911762433298087707070657719 0 0 0 0 0 0 0 0 0 0 0 0 0 0 0 0 0 0 0 0 0 1 0 0 0 0 0 0 0 0 0 0 0 0 0 0 0 0 0 0 0 0 0 0 0 0 0 0 0 0 0 0 0 0 0 0 0 0 0 0 0 0 0 0 0 0 0 0 0 0 0 0 0 0 0 0 0 0 0 0 0 0 0 0 0 0 0 0 0 0 0 0 0 0 0 0 0 0 0]
[1849503904016957406556285188617889991924977220034863739869360107481047711814461192542802883342620384451475009603336208278551133039742231677782323779945991346501215034509750348294824013383030465277326989238278737317838254750611677139637931055837230046546826934235733397269442086419436072059307818478712 0 0 0 0 0 0 0 0 0 0 0 0 0 0 0 0 0 0 0 0 0 0 1 0 0 0 0 0 0 0 0 0 0 0 0 0 0 0 0 0 0 0 0 0 0 0 0 0 0 0 0 0 0 0 0 0 0 0 0 0 0 0 0 0 0 0 0 0 0 0 0 0 0 0 0 0 0 0 0 0 0 0 0 0 0 0 0 0 0 0 0 0 0 0 0 0 0 0 0]
[154311932697190756388183736786463472696799107718445454196548029508504093708666798520001351607405933268345202375022302964878419440806934256822093926870097789213645368283397394423931787287858673945112905356348612682673938310049075406487377893868275506608000595994216867054059321554705704078452216745632 0 0 0 0 0 0 0 0 0 0 0 0 0 0 0 0 0 0 0 0 0 0 0 1 0 0 0 0 0 0 0 0 0 0 0 0 0 0 0 0 0 0 0 0 0 0 0 0 0 0 0 0 0 0 0 0 0 0 0 0 0 0 0 0 0 0 0 0 0 0 0 0 0 0 0 0 0 0 0 0 0 0 0 0 0 0 0 0 0 0 0 0 0 0 0 0 0 0 0]
[1346628367318078647231466414914675316245741966356569095990851563390838041596625562623096842648582520292729780110294969672855755924451335384815859475913839920741705215402943868239164221833733633377854276368807512989128802662952004718619157431174872752669600182647987591490475246522032107291547682082341 0 0 0 0 0 0 0 0 0 0 0 0 0 0 0 0 0 0 0 0 0 0 0 0 1 0 0 0 0 0 0 0 0 0 0 0 0 0 0 0 0 0 0 0 0 0 0 0 0 0 0 0 0 0 0 0 0 0 0 0 0 0 0 0 0 0 0 0 0 0 0 0 0 0 0 0 0 0 0 0 0 0 0 0 0 0 0 0 0 0 0 0 0 0 0 0 0 0 0]
[3313774760555287526271120242325247644873307359766739587374590344204870118954337769402153535869985185397226179401396566267200255649110735232605630110716194212432315331530177463511331631517595768595824918625284493466771442393033158857380422795713216821397312722181104676251102177915539981060476439187898 0 0 0 0 0 0 0 0 0 0 0 0 0 0 0 0 0 0 0 0 0 0 0 0 0 1 0 0 0 0 0 0 0 0 0 0 0 0 0 0 0 0 0 0 0 0 0 0 0 0 0 0 0 0 0 0 0 0 0 0 0 0 0 0 0 0 0 0 0 0 0 0 0 0 0 0 0 0 0 0 0 0 0 0 0 0 0 0 0 0 0 0 0 0 0 0 0 0 0]
[4092499033773639623629177852688123428462836337220693729589758968999379271892613814087390661242477538052026332903328501260715967864623491901437236597170139987456930889666108182032923464247372639613928466909346576056405642123553793936705792223289336414450476889940698385053881693855985678275532443590170 0 0 0 0 0 0 0 0 0 0 0 0 0 0 0 0 0 0 0 0 0 0 0 0 0 0 1 0 0 0 0 0 0 0 0 0 0 0 0 0 0 0 0 0 0 0 0 0 0 0 0 0 0 0 0 0 0 0 0 0 0 0 0 0 0 0 0 0 0 0 0 0 0 0 0 0 0 0 0 0 0 0 0 0 0 0 0 0 0 0 0 0 0 0 0 0 0 0 0]
[4286892813752278986279499760821752896569804916150845471128065791058234461272054496235533124216654443662680425016586433997969861993914278537314231906893083452859985640467352651186153784934097307333974208164508207206819765573753997089997149251905803677721658282482826004647858354471784853134396592683038 0 0 0 0 0 0 0 0 0 0 0 0 0 0 0 0 0 0 0 0 0 0 0 0 0 0 0 1 0 0 0 0 0 0 0 0 0 0 0 0 0 0 0 0 0 0 0 0 0 0 0 0 0 0 0 0 0 0 0 0 0 0 0 0 0 0 0 0 0 0 0 0 0 0 0 0 0 0 0 0 0 0 0 0 0 0 0 0 0 0 0 0 0 0 0 0 0 0 0]
[760020464449002913060530161632353225124559218162332882542232181072224615044224633359674691340406439185479522410338455044689685835364253987783388966497926627786749209768237405791468981859815918345065497100698820428827556524065377789594492450415225800832241674179682815924759329202097164434069672964062 0 0 0 0 0 0 0 0 0 0 0 0 0 0 0 0 0 0 0 0 0 0 0 0 0 0 0 0 1 0 0 0 0 0 0 0 0 0 0 0 0 0 0 0 0 0 0 0 0 0 0 0 0 0 0 0 0 0 0 0 0 0 0 0 0 0 0 0 0 0 0 0 0 0 0 0 0 0 0 0 0 0 0 0 0 0 0 0 0 0 0 0 0 0 0 0 0 0 0]
[4423620408669503853423110551175617635639982483182733639389084778356066396328345542989004559878233336715158985593511000915688412241741065248322521494415424738679840021421402626296208102533325778221221442373750017718908537855414841740537743703818334134247139375936310835164177519797019240907342670353828 0 0 0 0 0 0 0 0 0 0 0 0 0 0 0 0 0 0 0 0 0 0 0 0 0 0 0 0 0 1 0 0 0 0 0 0 0 0 0 0 0 0 0 0 0 0 0 0 0 0 0 0 0 0 0 0 0 0 0 0 0 0 0 0 0 0 0 0 0 0 0 0 0 0 0 0 0 0 0 0 0 0 0 0 0 0 0 0 0 0 0 0 0 0 0 0 0 0 0]
[236778270309211516618756140884181272827880976908734316308989511162870456403098794163879725538607790388492832420754810171984186022233547947370238477388462179480946129689218100851552912603497155487920847456249933741651824221469115924978030698707870666852990079432464307331466340691123633907348496972730 0 0 0 0 0 0 0 0 0 0 0 0 0 0 0 0 0 0 0 0 0 0 0 0 0 0 0 0 0 0 1 0 0 0 0 0 0 0 0 0 0 0 0 0 0 0 0 0 0 0 0 0 0 0 0 0 0 0 0 0 0 0 0 0 0 0 0 0 0 0 0 0 0 0 0 0 0 0 0 0 0 0 0 0 0 0 0 0 0 0 0 0 0 0 0 0 0 0 0]
[644997761861142776771961926337508345969069431638759441049440802140351605934790842305054122551854504507106538790836207396849864387836854573982569289615146009037179121154339071761407491358946738316403759406497301013793230939130418379520985611862985929875972232415127424340351658509093563557835253499349 0 0 0 0 0 0 0 0 0 0 0 0 0 0 0 0 0 0 0 0 0 0 0 0 0 0 0 0 0 0 0 1 0 0 0 0 0 0 0 0 0 0 0 0 0 0 0 0 0 0 0 0 0 0 0 0 0 0 0 0 0 0 0 0 0 0 0 0 0 0 0 0 0 0 0 0 0 0 0 0 0 0 0 0 0 0 0 0 0 0 0 0 0 0 0 0 0 0 0]
[2825500699518013447366060605721041800961671990841552454987111842969342855807037862400467755394267205280733329169287113667471806518748719839982755909714939289517429609075712196484946875891491000909661002416133785064522836063415944382829401871287856582460971799408647766427603781332385372948622008969075 0 0 0 0 0 0 0 0 0 0 0 0 0 0 0 0 0 0 0 0 0 0 0 0 0 0 0 0 0 0 0 0 1 0 0 0 0 0 0 0 0 0 0 0 0 0 0 0 0 0 0 0 0 0 0 0 0 0 0 0 0 0 0 0 0 0 0 0 0 0 0 0 0 0 0 0 0 0 0 0 0 0 0 0 0 0 0 0 0 0 0 0 0 0 0 0 0 0 0]
[2438682236366761003363266919073422005130131171057320252095835994032897647618962391216770137247162293670134723096263698541045802134617251700283465879996526660421032205115436208075986250738086305585993721517093291488236169987028808083604945705802397677926910857831591054043419555404023959883043980715247 0 0 0 0 0 0 0 0 0 0 0 0 0 0 0 0 0 0 0 0 0 0 0 0 0 0 0 0 0 0 0 0 0 1 0 0 0 0 0 0 0 0 0 0 0 0 0 0 0 0 0 0 0 0 0 0 0 0 0 0 0 0 0 0 0 0 0 0 0 0 0 0 0 0 0 0 0 0 0 0 0 0 0 0 0 0 0 0 0 0 0 0 0 0 0 0 0 0 0]
[1303141245806889662825282234779012205136656680897360808570511274152550000826543829461168217627246602948470087142320632925459648343222143061173809125003549031264653164104130356955826587624396239283960010305639786153413193899379604443206320376133443169144600848490726560515298656168171342927140515896 0 0 0 0 0 0 0 0 0 0 0 0 0 0 0 0 0 0 0 0 0 0 0 0 0 0 0 0 0 0 0 0 0 0 1 0 0 0 0 0 0 0 0 0 0 0 0 0 0 0 0 0 0 0 0 0 0 0 0 0 0 0 0 0 0 0 0 0 0 0 0 0 0 0 0 0 0 0 0 0 0 0 0 0 0 0 0 0 0 0 0 0 0 0 0 0 0 0 0]
[1665414960528954679411893079349431305328267121265408404561341510540351467041015256106439152903958755024177551723254961733238604168701741740137263417007632058391437650374243193634402922690311800065488696893983665025867107218496729519803122275149508039060036513813045072449722002891746473336404798379402 0 0 0 0 0 0 0 0 0 0 0 0 0 0 0 0 0 0 0 0 0 0 0 0 0 0 0 0 0 0 0 0 0 0 0 1 0 0 0 0 0 0 0 0 0 0 0 0 0 0 0 0 0 0 0 0 0 0 0 0 0 0 0 0 0 0 0 0 0 0 0 0 0 0 0 0 0 0 0 0 0 0 0 0 0 0 0 0 0 0 0 0 0 0 0 0 0 0 0]
[4034544134022890070044973926832886892025733578167262836623366839768105540719645283908741677098945383729415541812006491448013872680537998008749640282658173466392214919540759504334091980051700177341259577945416706567783960995955333282214096880596144022838520567470360019178335717946562495016877331751594 0 0 0 0 0 0 0 0 0 0 0 0 0 0 0 0 0 0 0 0 0 0 0 0 0 0 0 0 0 0 0 0 0 0 0 0 1 0 0 0 0 0 0 0 0 0 0 0 0 0 0 0 0 0 0 0 0 0 0 0 0 0 0 0 0 0 0 0 0 0 0 0 0 0 0 0 0 0 0 0 0 0 0 0 0 0 0 0 0 0 0 0 0 0 0 0 0 0 0]
[4238872808298121160743613289543939482592329116447978448432888935325734405318510329090798898887955291843006356507476067852833371765509047251507204567173040419976358924389334443446753460949163957962779930694186358956004406894788416708447195835651184445365085848145297493465079508059756339761504632187573 0 0 0 0 0 0 0 0 0 0 0 0 0 0 0 0 0 0 0 0 0 0 0 0 0 0 0 0 0 0 0 0 0 0 0 0 0 1 0 0 0 0 0 0 0 0 0 0 0 0 0 0 0 0 0 0 0 0 0 0 0 0 0 0 0 0 0 0 0 0 0 0 0 0 0 0 0 0 0 0 0 0 0 0 0 0 0 0 0 0 0 0 0 0 0 0 0 0 0]
[4155630079632481397525936711128210918499422916484165561916256997885208323698481008167167620025359674895200273245701288329175907687526891117229252254232253905786352071540391479736108668913587060644288772642995672284819148015214980830040019232190323430587171654151167466336899729992052249447491066149460 0 0 0 0 0 0 0 0 0 0 0 0 0 0 0 0 0 0 0 0 0 0 0 0 0 0 0 0 0 0 0 0 0 0 0 0 0 0 1 0 0 0 0 0 0 0 0 0 0 0 0 0 0 0 0 0 0 0 0 0 0 0 0 0 0 0 0 0 0 0 0 0 0 0 0 0 0 0 0 0 0 0 0 0 0 0 0 0 0 0 0 0 0 0 0 0 0 0 0]
[4590935509102488375813854597169337910867246347807973634831972662680777824469534884217168606347526369319457593073724249927546647104056446264108556946800354703284230928409148852499533092044901425171588107274165181101236203513430377905438213997010490370149048318804624300764104782867544082379366261769437 0 0 0 0 0 0 0 0 0 0 0 0 0 0 0 0 0 0 0 0 0 0 0 0 0 0 0 0 0 0 0 0 0 0 0 0 0 0 0 1 0 0 0 0 0 0 0 0 0 0 0 0 0 0 0 0 0 0 0 0 0 0 0 0 0 0 0 0 0 0 0 0 0 0 0 0 0 0 0 0 0 0 0 0 0 0 0 0 0 0 0 0 0 0 0 0 0 0 0]
[4586738025618164917120655077697234211142907056475265819369270003268103825409357890713150356702272850009956872594137624581995617991281572532313759525069070596509107850577429455139547691253030257324796161513810692083918532105143879364112143578812212618715923133855324338298583230537003556500616312253165 0 0 0 0 0 0 0 0 0 0 0 0 0 0 0 0 0 0 0 0 0 0 0 0 0 0 0 0 0 0 0 0 0 0 0 0 0 0 0 0 1 0 0 0 0 0 0 0 0 0 0 0 0 0 0 0 0 0 0 0 0 0 0 0 0 0 0 0 0 0 0 0 0 0 0 0 0 0 0 0 0 0 0 0 0 0 0 0 0 0 0 0 0 0 0 0 0 0 0]
[1543107981080093834562158242769529556661891278326210184071522773301666264314659649560724031383921027736345531633247028479765549304815250533759885589744253234173583616541542438369839300218809068526505334966124039881922331609629436572623654203485813952450607073673893737299906290733521695507454654107263 0 0 0 0 0 0 0 0 0 0 0 0 0 0 0 0 0 0 0 0 0 0 0 0 0 0 0 0 0 0 0 0 0 0 0 0 0 0 0 0 0 1 0 0 0 0 0 0 0 0 0 0 0 0 0 0 0 0 0 0 0 0 0 0 0 0 0 0 0 0 0 0 0 0 0 0 0 0 0 0 0 0 0 0 0 0 0 0 0 0 0 0 0 0 0 0 0 0 0]
[1092418972121118909689230066665354603993084007647919604229850214396084374576621102186094748980058854811737938055334293873626416999858108841205404535868214684468286022558507068420907614106694617564056242471174540556952930084871922782159689016918229077483374598197612362461676927681413043428043461918857 0 0 0 0 0 0 0 0 0 0 0 0 0 0 0 0 0 0 0 0 0 0 0 0 0 0 0 0 0 0 0 0 0 0 0 0 0 0 0 0 0 0 1 0 0 0 0 0 0 0 0 0 0 0 0 0 0 0 0 0 0 0 0 0 0 0 0 0 0 0 0 0 0 0 0 0 0 0 0 0 0 0 0 0 0 0 0 0 0 0 0 0 0 0 0 0 0 0 0]
[932364040466307396130697299845740940462885187435490910425823177527735489821472771416072329915869776604874054450147083450284817880418896040039243278919282840071523608520067098737376036036831289312093996307812534660540247934889520724214862656877011746491205063270585001564585043826785699592958221915703 0 0 0 0 0 0 0 0 0 0 0 0 0 0 0 0 0 0 0 0 0 0 0 0 0 0 0 0 0 0 0 0 0 0 0 0 0 0 0 0 0 0 0 1 0 0 0 0 0 0 0 0 0 0 0 0 0 0 0 0 0 0 0 0 0 0 0 0 0 0 0 0 0 0 0 0 0 0 0 0 0 0 0 0 0 0 0 0 0 0 0 0 0 0 0 0 0 0 0]
[598252076967788758588057652078790219227045808314164020110596544162323309939738176083136322869332450618891022858843065700236529366279681481297984774322472642068924110946247402915492455341888061033434398461645520163748681373235292454013181669239900167952843737664876699924097362847660952455555926223954 0 0 0 0 0 0 0 0 0 0 0 0 0 0 0 0 0 0 0 0 0 0 0 0 0 0 0 0 0 0 0 0 0 0 0 0 0 0 0 0 0 0 0 0 1 0 0 0 0 0 0 0 0 0 0 0 0 0 0 0 0 0 0 0 0 0 0 0 0 0 0 0 0 0 0 0 0 0 0 0 0 0 0 0 0 0 0 0 0 0 0 0 0 0 0 0 0 0 0]
[1137158035304697173702124116932544149348073020318383163931824285712705194603341456824048575014096232118052791483279482267117580131281489394552325554216561592816988580917583067556468082512651544072467057272356418115580995141173440723547357405737006483420454573085767253163356827850667753860670151398808 0 0 0 0 0 0 0 0 0 0 0 0 0 0 0 0 0 0 0 0 0 0 0 0 0 0 0 0 0 0 0 0 0 0 0 0 0 0 0 0 0 0 0 0 0 1 0 0 0 0 0 0 0 0 0 0 0 0 0 0 0 0 0 0 0 0 0 0 0 0 0 0 0 0 0 0 0 0 0 0 0 0 0 0 0 0 0 0 0 0 0 0 0 0 0 0 0 0 0]
[1123510669782130138399527351274775479841141292393158715367187805109772202152291534212055122883368940486389125231065726209875507277925542946792526048606522319181763362478283646357335973734417912611824340976296831428172239830057889804916776321626814954622582534704542246868224668377747244672091027538142 0 0 0 0 0 0 0 0 0 0 0 0 0 0 0 0 0 0 0 0 0 0 0 0 0 0 0 0 0 0 0 0 0 0 0 0 0 0 0 0 0 0 0 0 0 0 1 0 0 0 0 0 0 0 0 0 0 0 0 0 0 0 0 0 0 0 0 0 0 0 0 0 0 0 0 0 0 0 0 0 0 0 0 0 0 0 0 0 0 0 0 0 0 0 0 0 0 0 0]
[4569193007930162067869221058438275321631566008073763399638429599209238198652246464574517248609930196732956505427487993788602721602926966496259510586703784288604787812630507918959269132124590431714058779937982446095670997264905322380754684370846803958715968748794343325105874728962034409181967443476125 0 0 0 0 0 0 0 0 0 0 0 0 0 0 0 0 0 0 0 0 0 0 0 0 0 0 0 0 0 0 0 0 0 0 0 0 0 0 0 0 0 0 0 0 0 0 0 1 0 0 0 0 0 0 0 0 0 0 0 0 0 0 0 0 0 0 0 0 0 0 0 0 0 0 0 0 0 0 0 0 0 0 0 0 0 0 0 0 0 0 0 0 0 0 0 0 0 0 0]
[4194475806285109508084307784844667249735231090653755034911260868289206167875291541207278042272388795400178227275993549574854793035728190074349641444483095235722922754661262880590674273880588991681838124299719462094458883618383891526182085111349666289805598199523527880360100260996226286530167718542574 0 0 0 0 0 0 0 0 0 0 0 0 0 0 0 0 0 0 0 0 0 0 0 0 0 0 0 0 0 0 0 0 0 0 0 0 0 0 0 0 0 0 0 0 0 0 0 0 1 0 0 0 0 0 0 0 0 0 0 0 0 0 0 0 0 0 0 0 0 0 0 0 0 0 0 0 0 0 0 0 0 0 0 0 0 0 0 0 0 0 0 0 0 0 0 0 0 0 0]
[4111106956845117720935387677103888583065058356746396585489086704579849014818430458412988641746062240629136405540681348923763581946501068368510777372098503241022642954791399619492994847436881300688694322051769637108215219011894140640585203842628009142347184081169661555826676839002656095501769120430221 0 0 0 0 0 0 0 0 0 0 0 0 0 0 0 0 0 0 0 0 0 0 0 0 0 0 0 0 0 0 0 0 0 0 0 0 0 0 0 0 0 0 0 0 0 0 0 0 0 1 0 0 0 0 0 0 0 0 0 0 0 0 0 0 0 0 0 0 0 0 0 0 0 0 0 0 0 0 0 0 0 0 0 0 0 0 0 0 0 0 0 0 0 0 0 0 0 0 0]
[5244684766940464610999058816318331210836765682707455132883375443665689373218186604229131389821810093945698371381682226571559004307978433265734543885403644711359273627192196263610968306482209391553834658410970688192609428335186914850083788733646245923059096427522383943759363969433669941246261245220110 0 0 0 0 0 0 0 0 0 0 0 0 0 0 0 0 0 0 0 0 0 0 0 0 0 0 0 0 0 0 0 0 0 0 0 0 0 0 0 0 0 0 0 0 0 0 0 0 0 0 1 0 0 0 0 0 0 0 0 0 0 0 0 0 0 0 0 0 0 0 0 0 0 0 0 0 0 0 0 0 0 0 0 0 0 0 0 0 0 0 0 0 0 0 0 0 0 0 0]
[583266040601984597478341779570710809879463821215751555422346615053046533435200146906925618367241724857044336835816638103510885019544046100189604492696966607978894245023298961642446613554772881987462822769429130335947505670770142762819966902706485810360996328553830111635089952550410607420932228184304 0 0 0 0 0 0 0 0 0 0 0 0 0 0 0 0 0 0 0 0 0 0 0 0 0 0 0 0 0 0 0 0 0 0 0 0 0 0 0 0 0 0 0 0 0 0 0 0 0 0 0 1 0 0 0 0 0 0 0 0 0 0 0 0 0 0 0 0 0 0 0 0 0 0 0 0 0 0 0 0 0 0 0 0 0 0 0 0 0 0 0 0 0 0 0 0 0 0 0]
[1264762340748307162365338792010858082616845519159711341552628738919157692955717999783071861740038085016117386825446854060321069507390622582021082957095821479889476908355084785385456245400394936532681293230319304590515462336210573574005212940385238822448122736650505218123049384390482610268566820993056 0 0 0 0 0 0 0 0 0 0 0 0 0 0 0 0 0 0 0 0 0 0 0 0 0 0 0 0 0 0 0 0 0 0 0 0 0 0 0 0 0 0 0 0 0 0 0 0 0 0 0 0 1 0 0 0 0 0 0 0 0 0 0 0 0 0 0 0 0 0 0 0 0 0 0 0 0 0 0 0 0 0 0 0 0 0 0 0 0 0 0 0 0 0 0 0 0 0 0]
[5148793726311768117501303753895966699883144684925182583920696419669852787141772834132548215117391558314635766702542682315456591800356722196107548549861373995422133469739183693577313770677481940789727724205939841619512439763189077002364621037243062186267684581626451744345264461185773015385333132898343 0 0 0 0 0 0 0 0 0 0 0 0 0 0 0 0 0 0 0 0 0 0 0 0 0 0 0 0 0 0 0 0 0 0 0 0 0 0 0 0 0 0 0 0 0 0 0 0 0 0 0 0 0 1 0 0 0 0 0 0 0 0 0 0 0 0 0 0 0 0 0 0 0 0 0 0 0 0 0 0 0 0 0 0 0 0 0 0 0 0 0 0 0 0 0 0 0 0 0]
[1718419277219910112363636715263144193032762201007313640150512421950173015398854617312326697936495131349184093357911671179967202968438780104262900821428491540929584720617380927476503748413592122987093288747450931651125818233598027214282130218064644011819288669739028149779919291468091091725147667379193 0 0 0 0 0 0 0 0 0 0 0 0 0 0 0 0 0 0 0 0 0 0 0 0 0 0 0 0 0 0 0 0 0 0 0 0 0 0 0 0 0 0 0 0 0 0 0 0 0 0 0 0 0 0 1 0 0 0 0 0 0 0 0 0 0 0 0 0 0 0 0 0 0 0 0 0 0 0 0 0 0 0 0 0 0 0 0 0 0 0 0 0 0 0 0 0 0 0 0]
[623669316614993176827685846493574658824675518147878258051735317607659507564642877337098852366398667815276864610974592522289707323041731331528247360741977555009819573015169210391614154029359175283051246036814520631037033443294279673647518285756672364129081940559648799092240887401418874731939678560103 0 0 0 0 0 0 0 0 0 0 0 0 0 0 0 0 0 0 0 0 0 0 0 0 0 0 0 0 0 0 0 0 0 0 0 0 0 0 0 0 0 0 0 0 0 0 0 0 0 0 0 0 0 0 0 1 0 0 0 0 0 0 0 0 0 0 0 0 0 0 0 0 0 0 0 0 0 0 0 0 0 0 0 0 0 0 0 0 0 0 0 0 0 0 0 0 0 0 0]
[753404629748176302460511087691574460228413382797331170967343287670858243086584435465831882931340362741189293672040172254366271275993407262224763537646821043108648585926579480362447647722038709614616436985945543817943562548420555474492290401329231595690519809741073064879244937934114527784843647259892 0 0 0 0 0 0 0 0 0 0 0 0 0 0 0 0 0 0 0 0 0 0 0 0 0 0 0 0 0 0 0 0 0 0 0 0 0 0 0 0 0 0 0 0 0 0 0 0 0 0 0 0 0 0 0 0 1 0 0 0 0 0 0 0 0 0 0 0 0 0 0 0 0 0 0 0 0 0 0 0 0 0 0 0 0 0 0 0 0 0 0 0 0 0 0 0 0 0 0]
[1608308683577705291813564228147554222457107520117794641755433030192935683561256556092278379353999003531636097902550562862792762289560026980126700291753843509526290514943049246752494348766488928406120059999455934345503570673726971061895812284923931872925551343847007272708751380012598822266016601172799 0 0 0 0 0 0 0 0 0 0 0 0 0 0 0 0 0 0 0 0 0 0 0 0 0 0 0 0 0 0 0 0 0 0 0 0 0 0 0 0 0 0 0 0 0 0 0 0 0 0 0 0 0 0 0 0 0 1 0 0 0 0 0 0 0 0 0 0 0 0 0 0 0 0 0 0 0 0 0 0 0 0 0 0 0 0 0 0 0 0 0 0 0 0 0 0 0 0 0]
[140679830059746716778466347508857517330310448928558408289022099140192558769532991262908118347404820404257015190252580150533647716545325489448725938858703059375623067080405613710496784070019133801382701105702101768756146611236892407365114341921352824014007175785193914574784411610522916505634481740975 0 0 0 0 0 0 0 0 0 0 0 0 0 0 0 0 0 0 0 0 0 0 0 0 0 0 0 0 0 0 0 0 0 0 0 0 0 0 0 0 0 0 0 0 0 0 0 0 0 0 0 0 0 0 0 0 0 0 1 0 0 0 0 0 0 0 0 0 0 0 0 0 0 0 0 0 0 0 0 0 0 0 0 0 0 0 0 0 0 0 0 0 0 0 0 0 0 0 0]
[808156549499491202425221718659372363659935239463769210519040253770867746821427284251452404324884963014274867209467847318820707656633331283851654021581204327744940084932606232490802597594288726860436014582071940761715247015915580331160996980388111618230721007981663558877564159577083788660510730636352 0 0 0 0 0 0 0 0 0 0 0 0 0 0 0 0 0 0 0 0 0 0 0 0 0 0 0 0 0 0 0 0 0 0 0 0 0 0 0 0 0 0 0 0 0 0 0 0 0 0 0 0 0 0 0 0 0 0 0 1 0 0 0 0 0 0 0 0 0 0 0 0 0 0 0 0 0 0 0 0 0 0 0 0 0 0 0 0 0 0 0 0 0 0 0 0 0 0 0]
[749376250707282068266956606150633006197723423859859519121288745349516950320325585436106285619712895570430774462097861041686785696664286109566948697357007752499946344047409479965715570134812237233954505696044344207611721524728148703413839224989824247359302242173891508494865779653603258831049941544234 0 0 0 0 0 0 0 0 0 0 0 0 0 0 0 0 0 0 0 0 0 0 0 0 0 0 0 0 0 0 0 0 0 0 0 0 0 0 0 0 0 0 0 0 0 0 0 0 0 0 0 0 0 0 0 0 0 0 0 0 1 0 0 0 0 0 0 0 0 0 0 0 0 0 0 0 0 0 0 0 0 0 0 0 0 0 0 0 0 0 0 0 0 0 0 0 0 0 0]
[5135656680757161871843141472086599715319432981163443122089383376545688748798170054913989214686363612167782605616277456309088552023726638132827484687161294245571186139008996943717463206313380314459983155766215243009186263772014957976752378210173503406721265324053160787764147224143821635022791799730544 0 0 0 0 0 0 0 0 0 0 0 0 0 0 0 0 0 0 0 0 0 0 0 0 0 0 0 0 0 0 0 0 0 0 0 0 0 0 0 0 0 0 0 0 0 0 0 0 0 0 0 0 0 0 0 0 0 0 0 0 0 1 0 0 0 0 0 0 0 0 0 0 0 0 0 0 0 0 0 0 0 0 0 0 0 0 0 0 0 0 0 0 0 0 0 0 0 0 0]
[4038596818292833052516605819307819265164030845190590468228731846903176592152715648399906093646648307850783493345876957358534905658721740578880108487817768983632109454965182850671833880753617661263067753711973297586837377866083427265227322769423516363533095919889578326279870896695521327888082142114188 0 0 0 0 0 0 0 0 0 0 0 0 0 0 0 0 0 0 0 0 0 0 0 0 0 0 0 0 0 0 0 0 0 0 0 0 0 0 0 0 0 0 0 0 0 0 0 0 0 0 0 0 0 0 0 0 0 0 0 0 0 0 1 0 0 0 0 0 0 0 0 0 0 0 0 0 0 0 0 0 0 0 0 0 0 0 0 0 0 0 0 0 0 0 0 0 0 0 0]
[810040797697744863214703839064893784089163273697323734519108199571778046543685319986545220467041174747818449040113123956571045569860211833731758929732694470076683820157690369810503435665883437624514728913217459540107050933147311756129325981832944987085036549744316476029591903518878834152090162379565 0 0 0 0 0 0 0 0 0 0 0 0 0 0 0 0 0 0 0 0 0 0 0 0 0 0 0 0 0 0 0 0 0 0 0 0 0 0 0 0 0 0 0 0 0 0 0 0 0 0 0 0 0 0 0 0 0 0 0 0 0 0 0 1 0 0 0 0 0 0 0 0 0 0 0 0 0 0 0 0 0 0 0 0 0 0 0 0 0 0 0 0 0 0 0 0 0 0 0]
[329116528477396501956168261940954228670098990619840332798979043916072867257351924505139664488568673713063453356862779325442420577637977185116342957437122873860493815168141286782433742523266502352043592875502988113952428169000955121353254093296784122542983260956604868466362502597056243467832254957519 0 0 0 0 0 0 0 0 0 0 0 0 0 0 0 0 0 0 0 0 0 0 0 0 0 0 0 0 0 0 0 0 0 0 0 0 0 0 0 0 0 0 0 0 0 0 0 0 0 0 0 0 0 0 0 0 0 0 0 0 0 0 0 0 1 0 0 0 0 0 0 0 0 0 0 0 0 0 0 0 0 0 0 0 0 0 0 0 0 0 0 0 0 0 0 0 0 0 0]
[2973578812506681092174165171122925079858183337036213434688851605513836863692250451826823904481679798225214429805780106656784665683309450804817720827592260943091965273868543897465991669728653049917527497012657526543536164052444587006654626755381079014479421442974414442837457535120932612459996779864108 0 0 0 0 0 0 0 0 0 0 0 0 0 0 0 0 0 0 0 0 0 0 0 0 0 0 0 0 0 0 0 0 0 0 0 0 0 0 0 0 0 0 0 0 0 0 0 0 0 0 0 0 0 0 0 0 0 0 0 0 0 0 0 0 0 1 0 0 0 0 0 0 0 0 0 0 0 0 0 0 0 0 0 0 0 0 0 0 0 0 0 0 0 0 0 0 0 0 0]
[2024293408199463511229848136097126896875431598144738812193239231288714725459031318944562661859269722472688382611875139366808272634817678247345554324364877068516116127487539213061788522299677866878417534850163528463259108328877284614011836819351684712634989436906583778536407442278532296230700564224668 0 0 0 0 0 0 0 0 0 0 0 0 0 0 0 0 0 0 0 0 0 0 0 0 0 0 0 0 0 0 0 0 0 0 0 0 0 0 0 0 0 0 0 0 0 0 0 0 0 0 0 0 0 0 0 0 0 0 0 0 0 0 0 0 0 0 1 0 0 0 0 0 0 0 0 0 0 0 0 0 0 0 0 0 0 0 0 0 0 0 0 0 0 0 0 0 0 0 0]
[800677117241022816588687142859336469135560171018160844413935363468040951241264846589616159938430806408097409665997257918087527982589053174361629025792611166538661743562016254022795162780360912640895570839840746533328463839906113149356752545898596902005848092581433508231947565133052163199822225689103 0 0 0 0 0 0 0 0 0 0 0 0 0 0 0 0 0 0 0 0 0 0 0 0 0 0 0 0 0 0 0 0 0 0 0 0 0 0 0 0 0 0 0 0 0 0 0 0 0 0 0 0 0 0 0 0 0 0 0 0 0 0 0 0 0 0 0 1 0 0 0 0 0 0 0 0 0 0 0 0 0 0 0 0 0 0 0 0 0 0 0 0 0 0 0 0 0 0 0]
[5207485878719502192211112366382177774814517416225039196498845882016851872280005939104668620776589423449778658968757255271721795165858271387465760881757549222308631915411303355349023694490260208142966420819203021505094407131324517342874557675394556868289867362025703048391414001818244603080568172818183 0 0 0 0 0 0 0 0 0 0 0 0 0 0 0 0 0 0 0 0 0 0 0 0 0 0 0 0 0 0 0 0 0 0 0 0 0 0 0 0 0 0 0 0 0 0 0 0 0 0 0 0 0 0 0 0 0 0 0 0 0 0 0 0 0 0 0 0 1 0 0 0 0 0 0 0 0 0 0 0 0 0 0 0 0 0 0 0 0 0 0 0 0 0 0 0 0 0 0]
[1229746033428818539058350377321834852821163594672012897139232054741748367920337762388875569448070051817526697708598496679134806729052755965543546084029113629274361184020193533903119161020239513257090745303916901660688818278513607329995060112663061652887593071810585420771793735282810371425558425435471 0 0 0 0 0 0 0 0 0 0 0 0 0 0 0 0 0 0 0 0 0 0 0 0 0 0 0 0 0 0 0 0 0 0 0 0 0 0 0 0 0 0 0 0 0 0 0 0 0 0 0 0 0 0 0 0 0 0 0 0 0 0 0 0 0 0 0 0 0 1 0 0 0 0 0 0 0 0 0 0 0 0 0 0 0 0 0 0 0 0 0 0 0 0 0 0 0 0 0]
[2077841172526883957690825102930438210566805743127248106931959522020864099143084022996016362105180134001013463244233441161539606036130342673986565669942459410175822548261217696054916848222969940206820442571201979438243772468380159105884564906523716786739812949105198276176155363765204977749054994087137 0 0 0 0 0 0 0 0 0 0 0 0 0 0 0 0 0 0 0 0 0 0 0 0 0 0 0 0 0 0 0 0 0 0 0 0 0 0 0 0 0 0 0 0 0 0 0 0 0 0 0 0 0 0 0 0 0 0 0 0 0 0 0 0 0 0 0 0 0 0 1 0 0 0 0 0 0 0 0 0 0 0 0 0 0 0 0 0 0 0 0 0 0 0 0 0 0 0 0]
[1604109076399015348214319160921595140383699820281327310364505615425746222847675489431839563215369528252191030330410475559188312633166825156404440380162940159876901500146101295896282716465938410167892905508395628834170376175097933071891978061019177179976675731868798719819034382330251439917421117544732 0 0 0 0 0 0 0 0 0 0 0 0 0 0 0 0 0 0 0 0 0 0 0 0 0 0 0 0 0 0 0 0 0 0 0 0 0 0 0 0 0 0 0 0 0 0 0 0 0 0 0 0 0 0 0 0 0 0 0 0 0 0 0 0 0 0 0 0 0 0 0 1 0 0 0 0 0 0 0 0 0 0 0 0 0 0 0 0 0 0 0 0 0 0 0 0 0 0 0]
[3257765143886038446507403181649854680552269970619357042367613076738031267801696973888955353731788994534668298016073164226518348078127166881910344754206803161894638247003771572097374881578862635286653034841500374615933453961106657080494132153742344769579841103205249892823910511548031969969199798606241 0 0 0 0 0 0 0 0 0 0 0 0 0 0 0 0 0 0 0 0 0 0 0 0 0 0 0 0 0 0 0 0 0 0 0 0 0 0 0 0 0 0 0 0 0 0 0 0 0 0 0 0 0 0 0 0 0 0 0 0 0 0 0 0 0 0 0 0 0 0 0 0 1 0 0 0 0 0 0 0 0 0 0 0 0 0 0 0 0 0 0 0 0 0 0 0 0 0 0]
[1525229417206097175580588854146712821726334777049805781110940255409700909700522109736769030557313233947170240388996892956224414766840015136334749075691117244018912795979851144071248317871340838517163623728049291140524084273001905459221199197190334254578680637781235002375775767243761663298737550856960 0 0 0 0 0 0 0 0 0 0 0 0 0 0 0 0 0 0 0 0 0 0 0 0 0 0 0 0 0 0 0 0 0 0 0 0 0 0 0 0 0 0 0 0 0 0 0 0 0 0 0 0 0 0 0 0 0 0 0 0 0 0 0 0 0 0 0 0 0 0 0 0 0 1 0 0 0 0 0 0 0 0 0 0 0 0 0 0 0 0 0 0 0 0 0 0 0 0 0]
[2697285850024280673403043346837905225144225457104310336315676954739913227120120563879321481368816690553575765835959796458143872764288832664057927408191085112000286639327475470206681102422414090513153506724498921022155196951966766674058592065467799306130957567478750557124269035615758011606252324072937 0 0 0 0 0 0 0 0 0 0 0 0 0 0 0 0 0 0 0 0 0 0 0 0 0 0 0 0 0 0 0 0 0 0 0 0 0 0 0 0 0 0 0 0 0 0 0 0 0 0 0 0 0 0 0 0 0 0 0 0 0 0 0 0 0 0 0 0 0 0 0 0 0 0 1 0 0 0 0 0 0 0 0 0 0 0 0 0 0 0 0 0 0 0 0 0 0 0 0]
[4427318113512225314160010365910746042319739821054845372785964429840695603813808502239908248388066290493200059760023878636887000791131049571942474193432474055511271920582295631171591584777103872229288949627928713739335515619108898493684740942846824246793184297134697625218122433758053235565281613031473 0 0 0 0 0 0 0 0 0 0 0 0 0 0 0 0 0 0 0 0 0 0 0 0 0 0 0 0 0 0 0 0 0 0 0 0 0 0 0 0 0 0 0 0 0 0 0 0 0 0 0 0 0 0 0 0 0 0 0 0 0 0 0 0 0 0 0 0 0 0 0 0 0 0 0 1 0 0 0 0 0 0 0 0 0 0 0 0 0 0 0 0 0 0 0 0 0 0 0]
[4179701849100269645644932860361580598273690368079033045658856841604297515744033914524671373339979455610264756972177701734812431566938282809498208593858740086220922080118219014533866093106643705589493097435764026844959560336218635104451060091682931100236095020865184027868538997276788561715892503903854 0 0 0 0 0 0 0 0 0 0 0 0 0 0 0 0 0 0 0 0 0 0 0 0 0 0 0 0 0 0 0 0 0 0 0 0 0 0 0 0 0 0 0 0 0 0 0 0 0 0 0 0 0 0 0 0 0 0 0 0 0 0 0 0 0 0 0 0 0 0 0 0 0 0 0 0 1 0 0 0 0 0 0 0 0 0 0 0 0 0 0 0 0 0 0 0 0 0 0]
[4986636365764213672205508269521320835115827871553092388434920733483461838585656664378638253295058510737625310925230847472454722254247530791645069653963446311578694284881171014979892247720784888613593512625433446624122072744723281776901912027691405124501943580862008850231577154282066961650536543119247 0 0 0 0 0 0 0 0 0 0 0 0 0 0 0 0 0 0 0 0 0 0 0 0 0 0 0 0 0 0 0 0 0 0 0 0 0 0 0 0 0 0 0 0 0 0 0 0 0 0 0 0 0 0 0 0 0 0 0 0 0 0 0 0 0 0 0 0 0 0 0 0 0 0 0 0 0 1 0 0 0 0 0 0 0 0 0 0 0 0 0 0 0 0 0 0 0 0 0]
[1147111711129137995213611893829196297868467146394166357406143922692131239348433629633106975789562946828048912167090372580657317307999586915178043634028577563871938500697809195329308237395315166240173023818812868032348415173989034875562942690548567080397578572399725548850268117688970854140513223694031 0 0 0 0 0 0 0 0 0 0 0 0 0 0 0 0 0 0 0 0 0 0 0 0 0 0 0 0 0 0 0 0 0 0 0 0 0 0 0 0 0 0 0 0 0 0 0 0 0 0 0 0 0 0 0 0 0 0 0 0 0 0 0 0 0 0 0 0 0 0 0 0 0 0 0 0 0 0 1 0 0 0 0 0 0 0 0 0 0 0 0 0 0 0 0 0 0 0 0]
[3222732519432421893302647916750084841661385359363621925863493977247160533175427683596770631495419288211093607191186328840182571892337318917732566005392930871233938641984793457306271409865377758383871717082780351185087875498037061995259785428328912988424253688333833403158210726629098761451656668561979 0 0 0 0 0 0 0 0 0 0 0 0 0 0 0 0 0 0 0 0 0 0 0 0 0 0 0 0 0 0 0 0 0 0 0 0 0 0 0 0 0 0 0 0 0 0 0 0 0 0 0 0 0 0 0 0 0 0 0 0 0 0 0 0 0 0 0 0 0 0 0 0 0 0 0 0 0 0 0 1 0 0 0 0 0 0 0 0 0 0 0 0 0 0 0 0 0 0 0]
[1440360138819096308484663901298283910152153261732064698005567811419272023642953310588106316636122848392010485549187582439957483948697197126634168614716525847460557379787852699953506435247419647039801399996889077919752341478327135464761236481969563479516182577985818912078779472105970066933180516706140 0 0 0 0 0 0 0 0 0 0 0 0 0 0 0 0 0 0 0 0 0 0 0 0 0 0 0 0 0 0 0 0 0 0 0 0 0 0 0 0 0 0 0 0 0 0 0 0 0 0 0 0 0 0 0 0 0 0 0 0 0 0 0 0 0 0 0 0 0 0 0 0 0 0 0 0 0 0 0 0 1 0 0 0 0 0 0 0 0 0 0 0 0 0 0 0 0 0 0]
[782866706572554114156848511477767197660174583821694814093851057945919419206709234745256613262023556860775040788285564653758259469739238012755752439026683792529137389496332321614703589870734253302431335479004639156516731812266425531727940401949465559926120932139682962807600711499095480808190003444285 0 0 0 0 0 0 0 0 0 0 0 0 0 0 0 0 0 0 0 0 0 0 0 0 0 0 0 0 0 0 0 0 0 0 0 0 0 0 0 0 0 0 0 0 0 0 0 0 0 0 0 0 0 0 0 0 0 0 0 0 0 0 0 0 0 0 0 0 0 0 0 0 0 0 0 0 0 0 0 0 0 1 0 0 0 0 0 0 0 0 0 0 0 0 0 0 0 0 0]
[3894957472447178252132230119080885965363734758633731178815615290697690926957887484448523175322875451095901659240703408629414989260177351904048059226816448132670347550080859349116236181700858475734891476034552642692320109452463659792577992919059084325022270377556082813193763407131945272595291235302306 0 0 0 0 0 0 0 0 0 0 0 0 0 0 0 0 0 0 0 0 0 0 0 0 0 0 0 0 0 0 0 0 0 0 0 0 0 0 0 0 0 0 0 0 0 0 0 0 0 0 0 0 0 0 0 0 0 0 0 0 0 0 0 0 0 0 0 0 0 0 0 0 0 0 0 0 0 0 0 0 0 0 1 0 0 0 0 0 0 0 0 0 0 0 0 0 0 0 0]
[31869997113223612025054188165852571092458257452649550953600479824913605713054057751750169091839672900260609526947957597688471453287005549246197528426931183453988814835063032963011429532630774913364728959783420268220513865367946633837397227744498087346310707166981082246041393194810623193496215689506 0 0 0 0 0 0 0 0 0 0 0 0 0 0 0 0 0 0 0 0 0 0 0 0 0 0 0 0 0 0 0 0 0 0 0 0 0 0 0 0 0 0 0 0 0 0 0 0 0 0 0 0 0 0 0 0 0 0 0 0 0 0 0 0 0 0 0 0 0 0 0 0 0 0 0 0 0 0 0 0 0 0 0 1 0 0 0 0 0 0 0 0 0 0 0 0 0 0 0]
[5159242989049100343700056989821909640745368744020566690266067298890059000163502895243595605150303199938626793493018957671269997919997151768483628790982736982085569422672383487677857400150579226192820638672012670844940926270051000661241129035639069820596026981807854106688209824169476664607265932357892 0 0 0 0 0 0 0 0 0 0 0 0 0 0 0 0 0 0 0 0 0 0 0 0 0 0 0 0 0 0 0 0 0 0 0 0 0 0 0 0 0 0 0 0 0 0 0 0 0 0 0 0 0 0 0 0 0 0 0 0 0 0 0 0 0 0 0 0 0 0 0 0 0 0 0 0 0 0 0 0 0 0 0 0 1 0 0 0 0 0 0 0 0 0 0 0 0 0 0]
[1336494133509971928920361818914337566793235302486415230246411323381916523774298435324553463169588718864356030453107378256212286545099245472691528990124735516579260508766345402645954505139898912871612583711077141328923558077247480083131625307850998038111388123305658730938149512602477952847558765590835 0 0 0 0 0 0 0 0 0 0 0 0 0 0 0 0 0 0 0 0 0 0 0 0 0 0 0 0 0 0 0 0 0 0 0 0 0 0 0 0 0 0 0 0 0 0 0 0 0 0 0 0 0 0 0 0 0 0 0 0 0 0 0 0 0 0 0 0 0 0 0 0 0 0 0 0 0 0 0 0 0 0 0 0 0 1 0 0 0 0 0 0 0 0 0 0 0 0 0]
[3887287804807250399360588430583253774337304708425885408581723760115698564449259729323461636105694607860196932870309797615071693788773631656008922662402289967220071612504878175863102166852618946322518392860203981070571635155905337050839134576764520562879507417881886046647100328464713568391440697968177 0 0 0 0 0 0 0 0 0 0 0 0 0 0 0 0 0 0 0 0 0 0 0 0 0 0 0 0 0 0 0 0 0 0 0 0 0 0 0 0 0 0 0 0 0 0 0 0 0 0 0 0 0 0 0 0 0 0 0 0 0 0 0 0 0 0 0 0 0 0 0 0 0 0 0 0 0 0 0 0 0 0 0 0 0 0 1 0 0 0 0 0 0 0 0 0 0 0 0]
[3388778675182695288393836870631294313326901341959791523831805929812014187036380945928290133566186964393549910143963457870248739349236562639030467747594471245694416934205705160397075591780184936946789382890185639452064553091666381001283074342354328569641558814334093457486197247240613294954452047635789 0 0 0 0 0 0 0 0 0 0 0 0 0 0 0 0 0 0 0 0 0 0 0 0 0 0 0 0 0 0 0 0 0 0 0 0 0 0 0 0 0 0 0 0 0 0 0 0 0 0 0 0 0 0 0 0 0 0 0 0 0 0 0 0 0 0 0 0 0 0 0 0 0 0 0 0 0 0 0 0 0 0 0 0 0 0 0 1 0 0 0 0 0 0 0 0 0 0 0]
[5058773545527512552545752445704313801252353399729185938859820551009127435206835567092590878292003973839902669400281852225966849898153720014172894763254232797323627629138689963897988878897252490605768758720819814118883488363651224525146081560525371700299478780006412858796906290786807676853635000234916 0 0 0 0 0 0 0 0 0 0 0 0 0 0 0 0 0 0 0 0 0 0 0 0 0 0 0 0 0 0 0 0 0 0 0 0 0 0 0 0 0 0 0 0 0 0 0 0 0 0 0 0 0 0 0 0 0 0 0 0 0 0 0 0 0 0 0 0 0 0 0 0 0 0 0 0 0 0 0 0 0 0 0 0 0 0 0 0 1 0 0 0 0 0 0 0 0 0 0]
[226763899790974738493089539020466232404302252103859871119842613680875200730277686109564895524364027048291902727879487402779548921923043269736955861340975962683392990604237166042559338638674809801421088751834759865011165128965009093851076013339518563080066161315445660713509888355843696967696770268333 0 0 0 0 0 0 0 0 0 0 0 0 0 0 0 0 0 0 0 0 0 0 0 0 0 0 0 0 0 0 0 0 0 0 0 0 0 0 0 0 0 0 0 0 0 0 0 0 0 0 0 0 0 0 0 0 0 0 0 0 0 0 0 0 0 0 0 0 0 0 0 0 0 0 0 0 0 0 0 0 0 0 0 0 0 0 0 0 0 1 0 0 0 0 0 0 0 0 0]
[3397124361633767897083421668853830622766742113368724422600284351378103391350518508308875597259772701175571153857483659736969546680709071341709259669769830508421783887901081960178672538944285464923136392841606138876326401009960997940931301962225649467585363869975082643684897739187390783119614068988568 0 0 0 0 0 0 0 0 0 0 0 0 0 0 0 0 0 0 0 0 0 0 0 0 0 0 0 0 0 0 0 0 0 0 0 0 0 0 0 0 0 0 0 0 0 0 0 0 0 0 0 0 0 0 0 0 0 0 0 0 0 0 0 0 0 0 0 0 0 0 0 0 0 0 0 0 0 0 0 0 0 0 0 0 0 0 0 0 0 0 1 0 0 0 0 0 0 0 0]
[1552084760300931563769871318791559010061662484827692426289379001422957176076766882517854450909009769127884355591829497202741717549264616597271089664013263224902190921785483349583524472945000538658950113946345118757257144384490914818951787403083569671737049239921536438041992382982488440448079043579044 0 0 0 0 0 0 0 0 0 0 0 0 0 0 0 0 0 0 0 0 0 0 0 0 0 0 0 0 0 0 0 0 0 0 0 0 0 0 0 0 0 0 0 0 0 0 0 0 0 0 0 0 0 0 0 0 0 0 0 0 0 0 0 0 0 0 0 0 0 0 0 0 0 0 0 0 0 0 0 0 0 0 0 0 0 0 0 0 0 0 0 1 0 0 0 0 0 0 0]
[1304134446516821251959361211408935078347434416329994826120734495010635680088964876359725339588096647657025514193745667083087036821228981298054818981225451326797252132596052204360352938374579715886577108352337131249679547792442687788623353604862186704430067339613609459566492323702193633828776563099525 0 0 0 0 0 0 0 0 0 0 0 0 0 0 0 0 0 0 0 0 0 0 0 0 0 0 0 0 0 0 0 0 0 0 0 0 0 0 0 0 0 0 0 0 0 0 0 0 0 0 0 0 0 0 0 0 0 0 0 0 0 0 0 0 0 0 0 0 0 0 0 0 0 0 0 0 0 0 0 0 0 0 0 0 0 0 0 0 0 0 0 0 1 0 0 0 0 0 0]
[131863832067476851932025382521894436687082773685696078869525053550501362114348036586880261825244510783410429784415700765794491777315527356336668994571144395905129662246235187786082743329044388849151538745756618411480828906633887817514510394292567196980027154182132857710289027758307689928768660283734 0 0 0 0 0 0 0 0 0 0 0 0 0 0 0 0 0 0 0 0 0 0 0 0 0 0 0 0 0 0 0 0 0 0 0 0 0 0 0 0 0 0 0 0 0 0 0 0 0 0 0 0 0 0 0 0 0 0 0 0 0 0 0 0 0 0 0 0 0 0 0 0 0 0 0 0 0 0 0 0 0 0 0 0 0 0 0 0 0 0 0 0 0 1 0 0 0 0 0]
[1459361438310906645778851187926952988821407532094442742787730251349822430926760854849328907345984885950676632115203579193452870452459680206593966201413436259048297724474093522053508664046913958285261663614222439723998957256687266032034786175488841082848482701427496591634239748532329824873377591567554 0 0 0 0 0 0 0 0 0 0 0 0 0 0 0 0 0 0 0 0 0 0 0 0 0 0 0 0 0 0 0 0 0 0 0 0 0 0 0 0 0 0 0 0 0 0 0 0 0 0 0 0 0 0 0 0 0 0 0 0 0 0 0 0 0 0 0 0 0 0 0 0 0 0 0 0 0 0 0 0 0 0 0 0 0 0 0 0 0 0 0 0 0 0 1 0 0 0 0]
[5062431151270876684637109107327007435560805519754688732973388212259582941126055119675392732700293290572219883614544998615503037599195493378812797630951018910781256077205715379248365416364834021525971433208997525479632049064077557168316419265891265600655462630893664113837209341458923860591291743830340 0 0 0 0 0 0 0 0 0 0 0 0 0 0 0 0 0 0 0 0 0 0 0 0 0 0 0 0 0 0 0 0 0 0 0 0 0 0 0 0 0 0 0 0 0 0 0 0 0 0 0 0 0 0 0 0 0 0 0 0 0 0 0 0 0 0 0 0 0 0 0 0 0 0 0 0 0 0 0 0 0 0 0 0 0 0 0 0 0 0 0 0 0 0 0 1 0 0 0]
[1720211691876741710701084449391224988178683051237105598189347824144454309725507817222217023923020365689010532583845201548438289939263792381233275776951723668282231356493591096487999667265344471711391654433651409522697298621811327723346098859120252942980478960639930923716732792444058274566195741612626 0 0 0 0 0 0 0 0 0 0 0 0 0 0 0 0 0 0 0 0 0 0 0 0 0 0 0 0 0 0 0 0 0 0 0 0 0 0 0 0 0 0 0 0 0 0 0 0 0 0 0 0 0 0 0 0 0 0 0 0 0 0 0 0 0 0 0 0 0 0 0 0 0 0 0 0 0 0 0 0 0 0 0 0 0 0 0 0 0 0 0 0 0 0 0 0 1 0 0]
[4622027486277463975076055422242160581310551906430215620827043751341201612848023530415593721621224319456904879486846567949390242204385171100903974225620537185143702326836511640366917142941739418370486758727946898240570152749039768875794110801291861372481778668637380851008715976171715781427639544960414 0 0 0 0 0 0 0 0 0 0 0 0 0 0 0 0 0 0 0 0 0 0 0 0 0 0 0 0 0 0 0 0 0 0 0 0 0 0 0 0 0 0 0 0 0 0 0 0 0 0 0 0 0 0 0 0 0 0 0 0 0 0 0 0 0 0 0 0 0 0 0 0 0 0 0 0 0 0 0 0 0 0 0 0 0 0 0 0 0 0 0 0 0 0 0 0 0 1 0]
[3476615997978687888647144566933577405374449114400107697387584209528468968438817449188976217336415755853734036689159236913801452355074891038084849557761161791909999868349977544784144561177291211441913432629198228542002555013487900699705757268604377504917166336304462590727358085959727633525552039284156 0 0 0 0 0 0 0 0 0 0 0 0 0 0 0 0 0 0 0 0 0 0 0 0 0 0 0 0 0 0 0 0 0 0 0 0 0 0 0 0 0 0 0 0 0 0 0 0 0 0 0 0 0 0 0 0 0 0 0 0 0 0 0 0 0 0 0 0 0 0 0 0 0 0 0 0 0 0 0 0 0 0 0 0 0 0 0 0 0 0 0 0 0 0 0 0 0 0 1]
]
