[[2499199641782857403060433282923267207172143232892923083372307522531332330036388865680020034708967822439732321653627317085356803141555489191815549600908392185552976274228925022733917 0 0 0 0 0 0 0 0 0 0 0 0 0 0 0 0 0 0 0 0 0 0 0 0 0 0 0 0 0 0 0 0 0 0 0 0 0 0 0 0 0 0 0 0 0 0 0 0 0 0 0 0 0 0 0 0 0 0 0]
[95630063869564438960052594965154774510749032656015400827779349772756562619169666469403919021307736325521383165653854734792960698095641171855902491143172572263218979784463911598807 1 0 0 0 0 0 0 0 0 0 0 0 0 0 0 0 0 0 0 0 0 0 0 0 0 0 0 0 0 0 0 0 0 0 0 0 0 0 0 0 0 0 0 0 0 0 0 0 0 0 0 0 0 0 0 0 0 0 0]
[2320536760512935214209609296278830700764929832962422165741932847608939481266358629606670048459675589573682992893955138566912924476994669005789933381507163416209708840129287017339345 0 1 0 0 0 0 0 0 0 0 0 0 0 0 0 0 0 0 0 0 0 0 0 0 0 0 0 0 0 0 0 0 0 0 0 0 0 0 0 0 0 0 0 0 0 0 0 0 0 0 0 0 0 0 0 0 0 0 0]
[276406834971435884470782082253148738558392099440012443950506904037385555658083871181203578756126353842399571917821629620768578287977003300429257603580313767228130464511773503347619 0 0 1 0 0 0 0 0 0 0 0 0 0 0 0 0 0 0 0 0 0 0 0 0 0 0 0 0 0 0 0 0 0 0 0 0 0 0 0 0 0 0 0 0 0 0 0 0 0 0 0 0 0 0 0 0 0 0 0]
[2022268406459525637271848028161338287728880364469173745345961172830804304795849555570041701446042242818164198785428472266159550713531592740294972940591959312795186108284099515230754 0 0 0 1 0 0 0 0 0 0 0 0 0 0 0 0 0 0 0 0 0 0 0 0 0 0 0 0 0 0 0 0 0 0 0 0 0 0 0 0 0 0 0 0 0 0 0 0 0 0 0 0 0 0 0 0 0 0 0]
[643357426339540663678662091446421981543216614004648435208823816487603072531622178048549328202047099591931552570526282773764857405617468845736153681750596824651508594905135179557818 0 0 0 0 1 0 0 0 0 0 0 0 0 0 0 0 0 0 0 0 0 0 0 0 0 0 0 0 0 0 0 0 0 0 0 0 0 0 0 0 0 0 0 0 0 0 0 0 0 0 0 0 0 0 0 0 0 0 0]
[1411367465098213308279146378879211537530266657420037766161915944145042607368101342415547055554476099964577891607472006500097968874984243109612473963013098691652215366651070247622641 0 0 0 0 0 1 0 0 0 0 0 0 0 0 0 0 0 0 0 0 0 0 0 0 0 0 0 0 0 0 0 0 0 0 0 0 0 0 0 0 0 0 0 0 0 0 0 0 0 0 0 0 0 0 0 0 0 0 0]
[60828046879688291994777860386934325370371207102165152348279331156278542830325448211583338188037052953922844024641849613308369819954595832807895584971405885745343241004762317504509 0 0 0 0 0 0 1 0 0 0 0 0 0 0 0 0 0 0 0 0 0 0 0 0 0 0 0 0 0 0 0 0 0 0 0 0 0 0 0 0 0 0 0 0 0 0 0 0 0 0 0 0 0 0 0 0 0 0 0]
[1011228354514145701201691409776262666047897065146241289552865396568646118675886446638745433406533337031327009517853572043534877058780882967163196386358110886613945549973079959384205 0 0 0 0 0 0 0 1 0 0 0 0 0 0 0 0 0 0 0 0 0 0 0 0 0 0 0 0 0 0 0 0 0 0 0 0 0 0 0 0 0 0 0 0 0 0 0 0 0 0 0 0 0 0 0 0 0 0 0]
[1523038001831607774295504766256240483454025614723981948029807724032395169508215251761875212256824341389965325907124828790680303821817882948378497743131530990399052354078794210963190 0 0 0 0 0 0 0 0 1 0 0 0 0 0 0 0 0 0 0 0 0 0 0 0 0 0 0 0 0 0 0 0 0 0 0 0 0 0 0 0 0 0 0 0 0 0 0 0 0 0 0 0 0 0 0 0 0 0 0]
[1596133850199675540189310563970427068937115051277384498652593101377067870425285617110153523569455985711974932396788825927572929480825084229762917394609732426179326165624835142306844 0 0 0 0 0 0 0 0 0 1 0 0 0 0 0 0 0 0 0 0 0 0 0 0 0 0 0 0 0 0 0 0 0 0 0 0 0 0 0 0 0 0 0 0 0 0 0 0 0 0 0 0 0 0 0 0 0 0 0]
[1717151289989502472689194585414478926966376517371100430670345032162244738759791172272603548006535705837142149622072279278782058469126768116413890521423519622366421807602152624263534 0 0 0 0 0 0 0 0 0 0 1 0 0 0 0 0 0 0 0 0 0 0 0 0 0 0 0 0 0 0 0 0 0 0 0 0 0 0 0 0 0 0 0 0 0 0 0 0 0 0 0 0 0 0 0 0 0 0 0]
[983591170910251256899806478286467554344075296530682416251050948693274932144360465635717771622632153138388855324079411324044726832344320226146301366883906844551138782223994117138004 0 0 0 0 0 0 0 0 0 0 0 1 0 0 0 0 0 0 0 0 0 0 0 0 0 0 0 0 0 0 0 0 0 0 0 0 0 0 0 0 0 0 0 0 0 0 0 0 0 0 0 0 0 0 0 0 0 0 0]
[1648638724527828359103146663577790555069530396028928404592998756874404320054359524979880841799129233520418841680697600370564593815802991587045449185606913212357271296013510788719674 0 0 0 0 0 0 0 0 0 0 0 0 1 0 0 0 0 0 0 0 0 0 0 0 0 0 0 0 0 0 0 0 0 0 0 0 0 0 0 0 0 0 0 0 0 0 0 0 0 0 0 0 0 0 0 0 0 0 0]
[2114565025910492487222155349003088104485593228594506572155602563733082535541770277516537506471133058036305474651901751793515419043566731215966441048151088730207188123119990886968944 0 0 0 0 0 0 0 0 0 0 0 0 0 1 0 0 0 0 0 0 0 0 0 0 0 0 0 0 0 0 0 0 0 0 0 0 0 0 0 0 0 0 0 0 0 0 0 0 0 0 0 0 0 0 0 0 0 0 0]
[438569901539644601304525149940635822854427285716070364078202508145830386799807429857430084567198438196106125566567082958088644240029270438245238682879019816344220626861471215948471 0 0 0 0 0 0 0 0 0 0 0 0 0 0 1 0 0 0 0 0 0 0 0 0 0 0 0 0 0 0 0 0 0 0 0 0 0 0 0 0 0 0 0 0 0 0 0 0 0 0 0 0 0 0 0 0 0 0 0]
[2192853050747746149341766516050472752539372833746969281433293094947742220638568779007784716323193775231804782537901706338985565478867257841259500243265407246965037532256077575484284 0 0 0 0 0 0 0 0 0 0 0 0 0 0 0 1 0 0 0 0 0 0 0 0 0 0 0 0 0 0 0 0 0 0 0 0 0 0 0 0 0 0 0 0 0 0 0 0 0 0 0 0 0 0 0 0 0 0 0]
[42406841365109275713791285049397696621185493027266356358350598772655650754476785402130589437664097433154035016982510925733098321762988881424658278804111084965430240554322505174423 0 0 0 0 0 0 0 0 0 0 0 0 0 0 0 0 1 0 0 0 0 0 0 0 0 0 0 0 0 0 0 0 0 0 0 0 0 0 0 0 0 0 0 0 0 0 0 0 0 0 0 0 0 0 0 0 0 0 0]
[2150389757059931127180991168072474541988794758230475007777783829038297089326175614510995942755170575357102661235826277632834505704612163375235851312513241604179538557684787710121709 0 0 0 0 0 0 0 0 0 0 0 0 0 0 0 0 0 1 0 0 0 0 0 0 0 0 0 0 0 0 0 0 0 0 0 0 0 0 0 0 0 0 0 0 0 0 0 0 0 0 0 0 0 0 0 0 0 0 0]
[1655342875012698108005627435179693479590437061665490247566832175922970247935305670276959329767592490979671782150220327169415893439841344277654483953790520076102575176575064986597775 0 0 0 0 0 0 0 0 0 0 0 0 0 0 0 0 0 0 1 0 0 0 0 0 0 0 0 0 0 0 0 0 0 0 0 0 0 0 0 0 0 0 0 0 0 0 0 0 0 0 0 0 0 0 0 0 0 0 0]
[2196683210001910099249252371668288004427507406612298943201704473385693410512027414259669484204069066788388426171206763969264158282807249243105906426958586450617556407620525821008063 0 0 0 0 0 0 0 0 0 0 0 0 0 0 0 0 0 0 0 1 0 0 0 0 0 0 0 0 0 0 0 0 0 0 0 0 0 0 0 0 0 0 0 0 0 0 0 0 0 0 0 0 0 0 0 0 0 0 0]
[1228920285416272266196441612947938389973989361210152506092739887003947509141673866564739318808482808192145176008377927669867766145875674785692464087140629454381010481775877037591174 0 0 0 0 0 0 0 0 0 0 0 0 0 0 0 0 0 0 0 0 1 0 0 0 0 0 0 0 0 0 0 0 0 0 0 0 0 0 0 0 0 0 0 0 0 0 0 0 0 0 0 0 0 0 0 0 0 0 0]
[1746687978507832247907074997877584790560891507984510862873471156362728744260262581466585806790976798681897054817965657978801212617209740049384699081867983819695951449983041088179684 0 0 0 0 0 0 0 0 0 0 0 0 0 0 0 0 0 0 0 0 0 1 0 0 0 0 0 0 0 0 0 0 0 0 0 0 0 0 0 0 0 0 0 0 0 0 0 0 0 0 0 0 0 0 0 0 0 0 0]
[2493537921487654873380738192465969697536951073611592463832854382722860258311401750073074611732585812269624590877845526180684416873398618263986495275218933930262275640614019060575642 0 0 0 0 0 0 0 0 0 0 0 0 0 0 0 0 0 0 0 0 0 0 1 0 0 0 0 0 0 0 0 0 0 0 0 0 0 0 0 0 0 0 0 0 0 0 0 0 0 0 0 0 0 0 0 0 0 0 0]
[75081026271148710972027031527118009935632494717817610757670360681936886839195028491748092896268347390032912725100513659281863144190153646375732108759041046195369423830590607340235 0 0 0 0 0 0 0 0 0 0 0 0 0 0 0 0 0 0 0 0 0 0 0 1 0 0 0 0 0 0 0 0 0 0 0 0 0 0 0 0 0 0 0 0 0 0 0 0 0 0 0 0 0 0 0 0 0 0 0]
[90672436242721005764268934953483342316994968958180052624341080167878477033721229439882715030728800864852576406015806081935239145631927495483831221633392450701687555065646190110075 0 0 0 0 0 0 0 0 0 0 0 0 0 0 0 0 0 0 0 0 0 0 0 0 1 0 0 0 0 0 0 0 0 0 0 0 0 0 0 0 0 0 0 0 0 0 0 0 0 0 0 0 0 0 0 0 0 0 0]
[2224000858382327582842955881170221421186896184737158232678625282953747965589654308270597892781844928019044114280102038212218211141558044987577837202493718909131339632757757786583752 0 0 0 0 0 0 0 0 0 0 0 0 0 0 0 0 0 0 0 0 0 0 0 0 0 1 0 0 0 0 0 0 0 0 0 0 0 0 0 0 0 0 0 0 0 0 0 0 0 0 0 0 0 0 0 0 0 0 0]
[1170354255413410523259224621199143694843806564856003998411792236370779683233162217057204685860595614500530170562312913951177666457749405389896581782209450551473341161238052772480600 0 0 0 0 0 0 0 0 0 0 0 0 0 0 0 0 0 0 0 0 0 0 0 0 0 0 1 0 0 0 0 0 0 0 0 0 0 0 0 0 0 0 0 0 0 0 0 0 0 0 0 0 0 0 0 0 0 0 0]
[315127374728778354424718221208021225354273164209207101782708491955070024788342444624458004686631480670505086259890213486662713460053480084892481446726403922248369078187511111937911 0 0 0 0 0 0 0 0 0 0 0 0 0 0 0 0 0 0 0 0 0 0 0 0 0 0 0 1 0 0 0 0 0 0 0 0 0 0 0 0 0 0 0 0 0 0 0 0 0 0 0 0 0 0 0 0 0 0 0]
[2490055644120546312063940059399302099882556622521420718995794405679779025544906107568226258467248245445541719408772730542405847918471744391951833474809758434319014685511895175980460 0 0 0 0 0 0 0 0 0 0 0 0 0 0 0 0 0 0 0 0 0 0 0 0 0 0 0 0 1 0 0 0 0 0 0 0 0 0 0 0 0 0 0 0 0 0 0 0 0 0 0 0 0 0 0 0 0 0 0]
[2218711027489758196595952125644717610367847404585024921609877970094644993484759091201642470478278346762788121096018588110111313001505803517700944457378825441595473251272349858435689 0 0 0 0 0 0 0 0 0 0 0 0 0 0 0 0 0 0 0 0 0 0 0 0 0 0 0 0 0 1 0 0 0 0 0 0 0 0 0 0 0 0 0 0 0 0 0 0 0 0 0 0 0 0 0 0 0 0 0]
[297205989094178223200113081290803280382647657421995515438415100453361930674256324626520421831028844848079454237321963983024583081084845699033534470849205396359438506531830634997802 0 0 0 0 0 0 0 0 0 0 0 0 0 0 0 0 0 0 0 0 0 0 0 0 0 0 0 0 0 0 1 0 0 0 0 0 0 0 0 0 0 0 0 0 0 0 0 0 0 0 0 0 0 0 0 0 0 0 0]
[1819530251178047886469993913051184729034063252351929188883064818232105722052345406091961572572713286121510353735760615271415873793441773129769308346352382129241745889775251610581605 0 0 0 0 0 0 0 0 0 0 0 0 0 0 0 0 0 0 0 0 0 0 0 0 0 0 0 0 0 0 0 1 0 0 0 0 0 0 0 0 0 0 0 0 0 0 0 0 0 0 0 0 0 0 0 0 0 0 0]
[1623550506955197164260704494646774676922747000262899409757742105561743466877276211529700141705344504420793323501584216320133169556410734910971051972546618456919209172052477570296379 0 0 0 0 0 0 0 0 0 0 0 0 0 0 0 0 0 0 0 0 0 0 0 0 0 0 0 0 0 0 0 0 1 0 0 0 0 0 0 0 0 0 0 0 0 0 0 0 0 0 0 0 0 0 0 0 0 0 0]
[392054647070348613891324771749668118188949530899392127715165781901739293448680855387663212504380130397811643405365562011861050763178533667467945511219124536427804176000062718362421 0 0 0 0 0 0 0 0 0 0 0 0 0 0 0 0 0 0 0 0 0 0 0 0 0 0 0 0 0 0 0 0 0 1 0 0 0 0 0 0 0 0 0 0 0 0 0 0 0 0 0 0 0 0 0 0 0 0 0]
[2165745501848124786627295746302569222340383683224640225936875423914729479179681491673307537843261056260417258361856678237616641937761380401605575759955357112575490252675526802980029 0 0 0 0 0 0 0 0 0 0 0 0 0 0 0 0 0 0 0 0 0 0 0 0 0 0 0 0 0 0 0 0 0 0 1 0 0 0 0 0 0 0 0 0 0 0 0 0 0 0 0 0 0 0 0 0 0 0 0]
[1472436365544220767626366321669228820362993344170306086218639714974396105001989551711660330933268308644205927578240952382191808211180521352544388456113166112216291375210478206145719 0 0 0 0 0 0 0 0 0 0 0 0 0 0 0 0 0 0 0 0 0 0 0 0 0 0 0 0 0 0 0 0 0 0 0 1 0 0 0 0 0 0 0 0 0 0 0 0 0 0 0 0 0 0 0 0 0 0 0]
[1462081043994176597586788739293957372441425670620831555950270340222727767257742871296525520081588816286789850239094348023726755222585299298797509955876094422398251991231580338644425 0 0 0 0 0 0 0 0 0 0 0 0 0 0 0 0 0 0 0 0 0 0 0 0 0 0 0 0 0 0 0 0 0 0 0 0 1 0 0 0 0 0 0 0 0 0 0 0 0 0 0 0 0 0 0 0 0 0 0]
[61798107842349399423995210615373395868482100559054669977343722646998926489854071858581373142408431653152314576492161032850283556854861728179858443808908018615254854441657688737216 0 0 0 0 0 0 0 0 0 0 0 0 0 0 0 0 0 0 0 0 0 0 0 0 0 0 0 0 0 0 0 0 0 0 0 0 0 1 0 0 0 0 0 0 0 0 0 0 0 0 0 0 0 0 0 0 0 0 0]
[1166836939280237654924916404004385794343082159168932343307382694493972397739656919283506520154123939145052060519649607928703579406818311752835204750285343268192322281181706272896038 0 0 0 0 0 0 0 0 0 0 0 0 0 0 0 0 0 0 0 0 0 0 0 0 0 0 0 0 0 0 0 0 0 0 0 0 0 0 1 0 0 0 0 0 0 0 0 0 0 0 0 0 0 0 0 0 0 0 0]
[1497248995099801650860751142574421821426939193514811866119359927056699878112157160254222904912178444839120587927410204568393890401973554982677202419921261470218108150241842070569533 0 0 0 0 0 0 0 0 0 0 0 0 0 0 0 0 0 0 0 0 0 0 0 0 0 0 0 0 0 0 0 0 0 0 0 0 0 0 0 1 0 0 0 0 0 0 0 0 0 0 0 0 0 0 0 0 0 0 0]
[1283812789007157351093942082244367682679695547283656425613781863341153781432519982468900676619807345370412149375004457145525259017309519514764446175807565156588399505773983924346176 0 0 0 0 0 0 0 0 0 0 0 0 0 0 0 0 0 0 0 0 0 0 0 0 0 0 0 0 0 0 0 0 0 0 0 0 0 0 0 0 1 0 0 0 0 0 0 0 0 0 0 0 0 0 0 0 0 0 0]
[19699791569814295373994393451975055390050119507064247048439700424866026681837793720945428616801238690657172648146771349018789396066277566877474887127344551071519144082062430200104 0 0 0 0 0 0 0 0 0 0 0 0 0 0 0 0 0 0 0 0 0 0 0 0 0 0 0 0 0 0 0 0 0 0 0 0 0 0 0 0 0 1 0 0 0 0 0 0 0 0 0 0 0 0 0 0 0 0 0]
[2233075376052139076046877183577928355501160654440882201209806214787932994869448446747695949719612562686034529763508330250508079511702702001417063364710779969121388483656067253379582 0 0 0 0 0 0 0 0 0 0 0 0 0 0 0 0 0 0 0 0 0 0 0 0 0 0 0 0 0 0 0 0 0 0 0 0 0 0 0 0 0 0 1 0 0 0 0 0 0 0 0 0 0 0 0 0 0 0 0]
[1590910654036716578956014579916808584470219297662991074831615776503478089702193031913977807013903152945769811040320761553188000210815753132950244260422709804558404020149405310930249 0 0 0 0 0 0 0 0 0 0 0 0 0 0 0 0 0 0 0 0 0 0 0 0 0 0 0 0 0 0 0 0 0 0 0 0 0 0 0 0 0 0 0 1 0 0 0 0 0 0 0 0 0 0 0 0 0 0 0]
[1408549224992691618073502137597531146000467997646809251748359969647104528297856615019475967964807176759396833545618737493139305147512740930799384634652390515280699047654670987896258 0 0 0 0 0 0 0 0 0 0 0 0 0 0 0 0 0 0 0 0 0 0 0 0 0 0 0 0 0 0 0 0 0 0 0 0 0 0 0 0 0 0 0 0 1 0 0 0 0 0 0 0 0 0 0 0 0 0 0]
[996386049856338899150400734179409859188872826924123903503696652154467863250634539241988800189128255169441636350654469584767070090538329331889074451939514634208153654459298851307708 0 0 0 0 0 0 0 0 0 0 0 0 0 0 0 0 0 0 0 0 0 0 0 0 0 0 0 0 0 0 0 0 0 0 0 0 0 0 0 0 0 0 0 0 0 1 0 0 0 0 0 0 0 0 0 0 0 0 0]
[852356447216764461871222241710109928024696830762371361946085630748141486307861595824287944187981617667253281136210701425138983756920328062703064657902387337352517502294457946971949 0 0 0 0 0 0 0 0 0 0 0 0 0 0 0 0 0 0 0 0 0 0 0 0 0 0 0 0 0 0 0 0 0 0 0 0 0 0 0 0 0 0 0 0 0 0 1 0 0 0 0 0 0 0 0 0 0 0 0]
[2253446385715477242874776660755591747454185772919507258864758418747724310323577464797721081134165400019565657236557655057089872541870519382807292859647715291135902476965734180656476 0 0 0 0 0 0 0 0 0 0 0 0 0 0 0 0 0 0 0 0 0 0 0 0 0 0 0 0 0 0 0 0 0 0 0 0 0 0 0 0 0 0 0 0 0 0 0 1 0 0 0 0 0 0 0 0 0 0 0]
[585012023612112173948706250546993685027714981479680682511487738666132183724091938127299391866076987662228278107820877250800520514238061460331214824813316272298220300535730392718370 0 0 0 0 0 0 0 0 0 0 0 0 0 0 0 0 0 0 0 0 0 0 0 0 0 0 0 0 0 0 0 0 0 0 0 0 0 0 0 0 0 0 0 0 0 0 0 0 1 0 0 0 0 0 0 0 0 0 0]
[184808231673015461159344713182577763009157635606053137391517706189823001030284640043255521485333182076143039914142631629791298551986500419921120700568398671227250866391756364853612 0 0 0 0 0 0 0 0 0 0 0 0 0 0 0 0 0 0 0 0 0 0 0 0 0 0 0 0 0 0 0 0 0 0 0 0 0 0 0 0 0 0 0 0 0 0 0 0 0 1 0 0 0 0 0 0 0 0 0]
[523113374886624995084284411812421987232560296268232516691217733445630764533734583716547474845881038338413791306506641689562753717035433623298901130666650489212649645501372528501919 0 0 0 0 0 0 0 0 0 0 0 0 0 0 0 0 0 0 0 0 0 0 0 0 0 0 0 0 0 0 0 0 0 0 0 0 0 0 0 0 0 0 0 0 0 0 0 0 0 0 1 0 0 0 0 0 0 0 0]
[912329629920722108947909196464042871214017941770111105046613353453169422717020863285354001053253871570516048853722040444506207135709663737271347023708578535731298475262588838875926 0 0 0 0 0 0 0 0 0 0 0 0 0 0 0 0 0 0 0 0 0 0 0 0 0 0 0 0 0 0 0 0 0 0 0 0 0 0 0 0 0 0 0 0 0 0 0 0 0 0 0 1 0 0 0 0 0 0 0]
[1416325383619175436855435419789274510946549003002094611436173345057465491024508052733795131583472540657566013267900715161452000218837637496387387411532502577339831736813549494450614 0 0 0 0 0 0 0 0 0 0 0 0 0 0 0 0 0 0 0 0 0 0 0 0 0 0 0 0 0 0 0 0 0 0 0 0 0 0 0 0 0 0 0 0 0 0 0 0 0 0 0 0 1 0 0 0 0 0 0]
[19153376346330818026353905648016493933796057549690735133961786697042676416381438952110958427278105467236875450538383452578376835424140412219809148823548776929006674059298106257232 0 0 0 0 0 0 0 0 0 0 0 0 0 0 0 0 0 0 0 0 0 0 0 0 0 0 0 0 0 0 0 0 0 0 0 0 0 0 0 0 0 0 0 0 0 0 0 0 0 0 0 0 0 1 0 0 0 0 0]
[1722876955013289813559344475447861324242029133095454324730195711103934692338817985722231873690885300561882892350489337785326755935385354145346093333977417098374204304676989012044079 0 0 0 0 0 0 0 0 0 0 0 0 0 0 0 0 0 0 0 0 0 0 0 0 0 0 0 0 0 0 0 0 0 0 0 0 0 0 0 0 0 0 0 0 0 0 0 0 0 0 0 0 0 0 1 0 0 0 0]
[308166830840408666411936928711339327128391924675098166325362760895043302462823561828752668510182208788083004543388396614016022646316625022978485007742281095110770694770965284558980 0 0 0 0 0 0 0 0 0 0 0 0 0 0 0 0 0 0 0 0 0 0 0 0 0 0 0 0 0 0 0 0 0 0 0 0 0 0 0 0 0 0 0 0 0 0 0 0 0 0 0 0 0 0 0 1 0 0 0]
[791380528140597958872340785755289414113589370682107679215105006204611777291995894533562224505307566852536411323368568592279438880853775728515020353570870245228046437197632599093295 0 0 0 0 0 0 0 0 0 0 0 0 0 0 0 0 0 0 0 0 0 0 0 0 0 0 0 0 0 0 0 0 0 0 0 0 0 0 0 0 0 0 0 0 0 0 0 0 0 0 0 0 0 0 0 0 1 0 0]
[2267985091623153838001107491367472165241004529014573774375245372126006773204505864496686765882865506961881277915230252160975573687607022898828332404935838957110365171011225759839479 0 0 0 0 0 0 0 0 0 0 0 0 0 0 0 0 0 0 0 0 0 0 0 0 0 0 0 0 0 0 0 0 0 0 0 0 0 0 0 0 0 0 0 0 0 0 0 0 0 0 0 0 0 0 0 0 0 1 0]
[896723690821948398342549422017657364700344691372028524907424572563442686363277901340346602787265365042549704594636710782890709012536440037799398230665942043122162793257450012451009 0 0 0 0 0 0 0 0 0 0 0 0 0 0 0 0 0 0 0 0 0 0 0 0 0 0 0 0 0 0 0 0 0 0 0 0 0 0 0 0 0 0 0 0 0 0 0 0 0 0 0 0 0 0 0 0 0 0 1]
]
