[[4998130796645202466929434770762308009365755303852711400136141730168745963026923522505138446208215986932158038707923771805225542409289021260919297658111000195223961140769779745628994158066727680669828873611618395011140049199306405000764546221 0 0 0 0 0 0 0 0 0 0 0 0 0 0 0 0 0 0 0 0 0 0 0 0 0 0 0 0 0 0 0 0 0 0 0 0 0 0 0 0 0 0 0 0 0 0 0 0 0 0 0 0 0 0 0 0 0 0 0 0 0 0 0 0 0 0 0 0 0 0 0 0 0 0 0 0 0 0 0]
[2438705228888092895943839494992047688387685725932285527022539327911671459234901016408820279312365231882617484473472500820975574934206118193563951218962918527257791294227919355436334964112138007593203294528492399708932077570161481817011199937 1 0 0 0 0 0 0 0 0 0 0 0 0 0 0 0 0 0 0 0 0 0 0 0 0 0 0 0 0 0 0 0 0 0 0 0 0 0 0 0 0 0 0 0 0 0 0 0 0 0 0 0 0 0 0 0 0 0 0 0 0 0 0 0 0 0 0 0 0 0 0 0 0 0 0 0 0 0 0]
[4903891114145116781809038995792314993102045490890861904148281928124499254776857338425566107912999914635585200833208296683243265639437103159436371659065644268868039273792352167979702073533966832913665014960191367782907591264925360836579786089 0 1 0 0 0 0 0 0 0 0 0 0 0 0 0 0 0 0 0 0 0 0 0 0 0 0 0 0 0 0 0 0 0 0 0 0 0 0 0 0 0 0 0 0 0 0 0 0 0 0 0 0 0 0 0 0 0 0 0 0 0 0 0 0 0 0 0 0 0 0 0 0 0 0 0 0 0 0 0]
[2729593349659250773540910619793838938823186283852584737576805664269860321200506468068503505605759488347276345059653652236115952137534155485894678279742423495417629412781042880882008896109923173826808723503995617960386125780648012188932049107 0 0 1 0 0 0 0 0 0 0 0 0 0 0 0 0 0 0 0 0 0 0 0 0 0 0 0 0 0 0 0 0 0 0 0 0 0 0 0 0 0 0 0 0 0 0 0 0 0 0 0 0 0 0 0 0 0 0 0 0 0 0 0 0 0 0 0 0 0 0 0 0 0 0 0 0 0 0 0]
[4760990171358551825053997084006352780050672727617294017575929903507210071380521148055291942486576883878750501375439676258891594642726822898651931805649782535245686995469895336345849248927493123999855680182443052198587436735217986641880068422 0 0 0 1 0 0 0 0 0 0 0 0 0 0 0 0 0 0 0 0 0 0 0 0 0 0 0 0 0 0 0 0 0 0 0 0 0 0 0 0 0 0 0 0 0 0 0 0 0 0 0 0 0 0 0 0 0 0 0 0 0 0 0 0 0 0 0 0 0 0 0 0 0 0 0 0 0 0 0]
[3288309862885239399364149024268198028775656272254721370822225129688648038069876973098967749039064836096530091918959207518648915521448304154555117859777803723918085045624549006084478145998149975958628014196029420237601063116500962872552269552 0 0 0 0 1 0 0 0 0 0 0 0 0 0 0 0 0 0 0 0 0 0 0 0 0 0 0 0 0 0 0 0 0 0 0 0 0 0 0 0 0 0 0 0 0 0 0 0 0 0 0 0 0 0 0 0 0 0 0 0 0 0 0 0 0 0 0 0 0 0 0 0 0 0 0 0 0 0 0]
[2526045168455317540829836842696560857647561291141648929223626785708007363058179055230360236305079311751350648070900695565256970118269421866144557090286939958583321078102823638032610846483628512994793032062462556834213233685687102673589635343 0 0 0 0 0 1 0 0 0 0 0 0 0 0 0 0 0 0 0 0 0 0 0 0 0 0 0 0 0 0 0 0 0 0 0 0 0 0 0 0 0 0 0 0 0 0 0 0 0 0 0 0 0 0 0 0 0 0 0 0 0 0 0 0 0 0 0 0 0 0 0 0 0 0 0 0 0 0 0]
[3884895642251037332450793426895237927264096006971435725379821140771419909102201165663656833323857048328837625798806096827785555843995445854404791581953206272596999500884630678054333033073740801095873089168801754538358577081851526837292529847 0 0 0 0 0 0 1 0 0 0 0 0 0 0 0 0 0 0 0 0 0 0 0 0 0 0 0 0 0 0 0 0 0 0 0 0 0 0 0 0 0 0 0 0 0 0 0 0 0 0 0 0 0 0 0 0 0 0 0 0 0 0 0 0 0 0 0 0 0 0 0 0 0 0 0 0 0 0 0]
[4475504560105197165571158323695731772253674984760231519419081109257526206156420503153689630404114104364442833489925179116682123069544525538334450153785007855525929737037917207963620174280999440374636256250019144934523159299490374396927847311 0 0 0 0 0 0 0 1 0 0 0 0 0 0 0 0 0 0 0 0 0 0 0 0 0 0 0 0 0 0 0 0 0 0 0 0 0 0 0 0 0 0 0 0 0 0 0 0 0 0 0 0 0 0 0 0 0 0 0 0 0 0 0 0 0 0 0 0 0 0 0 0 0 0 0 0 0 0 0]
[3680336057966789673919513844154539181112538616550198284013701184876394886896194455985516408700533438521216558246477388304868903027726172508217471288719537639774389316219151578608351234345091344227376789065490980836675763128974900163249852103 0 0 0 0 0 0 0 0 1 0 0 0 0 0 0 0 0 0 0 0 0 0 0 0 0 0 0 0 0 0 0 0 0 0 0 0 0 0 0 0 0 0 0 0 0 0 0 0 0 0 0 0 0 0 0 0 0 0 0 0 0 0 0 0 0 0 0 0 0 0 0 0 0 0 0 0 0 0 0]
[3252226320506881322875328913418087373204209951831715265589749004423042857780956954180420662572092895552640444284841636024191089779124568044686879819422390713768996333273534539673649124291421493686624090389722135740972214532694788399990051255 0 0 0 0 0 0 0 0 0 1 0 0 0 0 0 0 0 0 0 0 0 0 0 0 0 0 0 0 0 0 0 0 0 0 0 0 0 0 0 0 0 0 0 0 0 0 0 0 0 0 0 0 0 0 0 0 0 0 0 0 0 0 0 0 0 0 0 0 0 0 0 0 0 0 0 0 0 0 0]
[4176219780920495398596455752757050628759268011060111582060571744604390863560966356094540202952195459979423560550963046282803260871024584007198144250256550390521869404770055744835550402911569707367608606653159120183687513290727993839951626545 0 0 0 0 0 0 0 0 0 0 1 0 0 0 0 0 0 0 0 0 0 0 0 0 0 0 0 0 0 0 0 0 0 0 0 0 0 0 0 0 0 0 0 0 0 0 0 0 0 0 0 0 0 0 0 0 0 0 0 0 0 0 0 0 0 0 0 0 0 0 0 0 0 0 0 0 0 0 0]
[1484547222575390251802339366511949265230891646081726790475458892276046111119329307759224674604646443850411281620591023978401787048151940938519259641927329223990609738110918413438054534900092601509709815406503041475657002599847735656952366999 0 0 0 0 0 0 0 0 0 0 0 1 0 0 0 0 0 0 0 0 0 0 0 0 0 0 0 0 0 0 0 0 0 0 0 0 0 0 0 0 0 0 0 0 0 0 0 0 0 0 0 0 0 0 0 0 0 0 0 0 0 0 0 0 0 0 0 0 0 0 0 0 0 0 0 0 0 0 0]
[4148273009367088541212790058058554468537107938015238350519129525687012011129126130643265543795245927706130997626965616936478460467662382654765176243030362550950530921719033242649003970842900915358932646938864881408871191990203074753206084516 0 0 0 0 0 0 0 0 0 0 0 0 1 0 0 0 0 0 0 0 0 0 0 0 0 0 0 0 0 0 0 0 0 0 0 0 0 0 0 0 0 0 0 0 0 0 0 0 0 0 0 0 0 0 0 0 0 0 0 0 0 0 0 0 0 0 0 0 0 0 0 0 0 0 0 0 0 0 0]
[2411702790086055793299093167960262742766012936874192734226217824785947336532524155317494308235171793223713529102787264667302571565507935629129639187792435034842237397429489256807853139859798224158230584173507390050793938069358250189167253415 0 0 0 0 0 0 0 0 0 0 0 0 0 1 0 0 0 0 0 0 0 0 0 0 0 0 0 0 0 0 0 0 0 0 0 0 0 0 0 0 0 0 0 0 0 0 0 0 0 0 0 0 0 0 0 0 0 0 0 0 0 0 0 0 0 0 0 0 0 0 0 0 0 0 0 0 0 0 0]
[365076778668333258723575403508980371523568501578111097768458692278946575206377869840330752632415716010154439900843252675047576332189849182876907726440383523209359662519572335568658809765688773823957491955917163306758229927918071443792436397 0 0 0 0 0 0 0 0 0 0 0 0 0 0 1 0 0 0 0 0 0 0 0 0 0 0 0 0 0 0 0 0 0 0 0 0 0 0 0 0 0 0 0 0 0 0 0 0 0 0 0 0 0 0 0 0 0 0 0 0 0 0 0 0 0 0 0 0 0 0 0 0 0 0 0 0 0 0 0]
[3319416516496497996296505834695064779588664525358536573760886107148898905211265935467786773994807542691828119963879042497014368438754784672941406712196537423933093442157772826563703594831305727002441079851984314777115341948067682135187699027 0 0 0 0 0 0 0 0 0 0 0 0 0 0 0 1 0 0 0 0 0 0 0 0 0 0 0 0 0 0 0 0 0 0 0 0 0 0 0 0 0 0 0 0 0 0 0 0 0 0 0 0 0 0 0 0 0 0 0 0 0 0 0 0 0 0 0 0 0 0 0 0 0 0 0 0 0 0 0]
[1105258852197939626856885957497532630925392247962722484920092341631079711234266466002978169604230649046386293228511062642409046399159346037736175079381666692242932809785962975271332752725887269802885902388627121387920840066518188512806698653 0 0 0 0 0 0 0 0 0 0 0 0 0 0 0 0 1 0 0 0 0 0 0 0 0 0 0 0 0 0 0 0 0 0 0 0 0 0 0 0 0 0 0 0 0 0 0 0 0 0 0 0 0 0 0 0 0 0 0 0 0 0 0 0 0 0 0 0 0 0 0 0 0 0 0 0 0 0 0]
[1066556011102839801834511448010737575794046414814978846163835916820756141172365708730761399978735776561595177982202916527745268493070846228846164655160273487201744017310845333720591933725178836732054338950672902650158129562740793564179494103 0 0 0 0 0 0 0 0 0 0 0 0 0 0 0 0 0 1 0 0 0 0 0 0 0 0 0 0 0 0 0 0 0 0 0 0 0 0 0 0 0 0 0 0 0 0 0 0 0 0 0 0 0 0 0 0 0 0 0 0 0 0 0 0 0 0 0 0 0 0 0 0 0 0 0 0 0 0 0]
[4059546525948425220318255499440545469832009349808281974018815251826006451724706961014349836826566375575883689456084281263393557705711300056852479786039992699161196237819526043011535163013159667220608050698546334985500672762648702205206494302 0 0 0 0 0 0 0 0 0 0 0 0 0 0 0 0 0 0 1 0 0 0 0 0 0 0 0 0 0 0 0 0 0 0 0 0 0 0 0 0 0 0 0 0 0 0 0 0 0 0 0 0 0 0 0 0 0 0 0 0 0 0 0 0 0 0 0 0 0 0 0 0 0 0 0 0 0 0 0]
[1515690718358333154689518661291496053601294252971641978629322630204085985327999842936013344368487664183844696497104226333780632668715657996154434865862158007786213610388544682669447974247738099122395101121510186017216252187458765308231218230 0 0 0 0 0 0 0 0 0 0 0 0 0 0 0 0 0 0 0 1 0 0 0 0 0 0 0 0 0 0 0 0 0 0 0 0 0 0 0 0 0 0 0 0 0 0 0 0 0 0 0 0 0 0 0 0 0 0 0 0 0 0 0 0 0 0 0 0 0 0 0 0 0 0 0 0 0 0 0]
[492290942196127586320386450552237497229414461803171568765564569088516321490792076922745143550437823505147217804086919929590919587284501707210833542670739827535262476919846076157312588668871610248696543107075556377363874429365552805931122846 0 0 0 0 0 0 0 0 0 0 0 0 0 0 0 0 0 0 0 0 1 0 0 0 0 0 0 0 0 0 0 0 0 0 0 0 0 0 0 0 0 0 0 0 0 0 0 0 0 0 0 0 0 0 0 0 0 0 0 0 0 0 0 0 0 0 0 0 0 0 0 0 0 0 0 0 0 0 0]
[312408240378710349312735403559545283623774947320750843674514375888698235086406839911053404451478059983866666250724061383376260906579674417500952362957880002233177598277274694043179020058890757469532950426523442574426788690178736180818919443 0 0 0 0 0 0 0 0 0 0 0 0 0 0 0 0 0 0 0 0 0 1 0 0 0 0 0 0 0 0 0 0 0 0 0 0 0 0 0 0 0 0 0 0 0 0 0 0 0 0 0 0 0 0 0 0 0 0 0 0 0 0 0 0 0 0 0 0 0 0 0 0 0 0 0 0 0 0 0]
[2884369733707770301500428947472858004397202796917844516591763451236212425316498326637576917593806265418782841673206390701179012258103420389680268722170365446592229159266798698722746676999256841939851774606705380446509893426439887587073384497 0 0 0 0 0 0 0 0 0 0 0 0 0 0 0 0 0 0 0 0 0 0 1 0 0 0 0 0 0 0 0 0 0 0 0 0 0 0 0 0 0 0 0 0 0 0 0 0 0 0 0 0 0 0 0 0 0 0 0 0 0 0 0 0 0 0 0 0 0 0 0 0 0 0 0 0 0 0 0]
[2344836924784125164921755974370854959728230608386068232851135879062219145456506865711776855662084611843226815946496291663249314829181996112801284016894537669248894979912422826300133539538386053079640264912299506748146722916796672284704612141 0 0 0 0 0 0 0 0 0 0 0 0 0 0 0 0 0 0 0 0 0 0 0 1 0 0 0 0 0 0 0 0 0 0 0 0 0 0 0 0 0 0 0 0 0 0 0 0 0 0 0 0 0 0 0 0 0 0 0 0 0 0 0 0 0 0 0 0 0 0 0 0 0 0 0 0 0 0 0]
[590835782217449193966905510050352386255498078023079374374655318461086198985974581517562503690215696132644089245958844549689694304066750470401418434584603990166027759581121088852212384230360159460215414443866804545428272588475049131648202516 0 0 0 0 0 0 0 0 0 0 0 0 0 0 0 0 0 0 0 0 0 0 0 0 1 0 0 0 0 0 0 0 0 0 0 0 0 0 0 0 0 0 0 0 0 0 0 0 0 0 0 0 0 0 0 0 0 0 0 0 0 0 0 0 0 0 0 0 0 0 0 0 0 0 0 0 0 0 0]
[2815234373774095760324357898847653711087933019459040182195002552901226624480239041735353357754871038504087430522921068943651056605138909877002967320969494166267287116996760396428290239427944292524986565470472262723699852210939478412478927741 0 0 0 0 0 0 0 0 0 0 0 0 0 0 0 0 0 0 0 0 0 0 0 0 0 1 0 0 0 0 0 0 0 0 0 0 0 0 0 0 0 0 0 0 0 0 0 0 0 0 0 0 0 0 0 0 0 0 0 0 0 0 0 0 0 0 0 0 0 0 0 0 0 0 0 0 0 0 0]
[1736903182053283467130384705664504003619099420894713110375700770169965465982001623071070050388558426998794465875665952579143865032609170034376524445188768480164846084831757113531058675414848649670786230146593424785255557053327680604066646155 0 0 0 0 0 0 0 0 0 0 0 0 0 0 0 0 0 0 0 0 0 0 0 0 0 0 1 0 0 0 0 0 0 0 0 0 0 0 0 0 0 0 0 0 0 0 0 0 0 0 0 0 0 0 0 0 0 0 0 0 0 0 0 0 0 0 0 0 0 0 0 0 0 0 0 0 0 0 0]
[443752929484297435431696669235502839810496632157462059524549379831547697141932193843727596480569399157388087992902857973619976887978311633009553700014783253534297201007892743919445198632904648457570816681077556479782313652419634027971022320 0 0 0 0 0 0 0 0 0 0 0 0 0 0 0 0 0 0 0 0 0 0 0 0 0 0 0 1 0 0 0 0 0 0 0 0 0 0 0 0 0 0 0 0 0 0 0 0 0 0 0 0 0 0 0 0 0 0 0 0 0 0 0 0 0 0 0 0 0 0 0 0 0 0 0 0 0 0 0]
[4826629902351710420398650495243452665543080981922185614146615101636696771694399466534420999882680789203765863786956262872176850510923519587159118835600264823989562851954748118725855891945441962215711540490934679305987134141063887104876980206 0 0 0 0 0 0 0 0 0 0 0 0 0 0 0 0 0 0 0 0 0 0 0 0 0 0 0 0 1 0 0 0 0 0 0 0 0 0 0 0 0 0 0 0 0 0 0 0 0 0 0 0 0 0 0 0 0 0 0 0 0 0 0 0 0 0 0 0 0 0 0 0 0 0 0 0 0 0 0]
[681937476874924099501151770764073194956425058222634569846521995652784532047345540517437138612353026881262530550844076261078127849055007209051214494505734728271113554627663442407205574015745727177018269736773204311374083615560089982579635353 0 0 0 0 0 0 0 0 0 0 0 0 0 0 0 0 0 0 0 0 0 0 0 0 0 0 0 0 0 1 0 0 0 0 0 0 0 0 0 0 0 0 0 0 0 0 0 0 0 0 0 0 0 0 0 0 0 0 0 0 0 0 0 0 0 0 0 0 0 0 0 0 0 0 0 0 0 0 0]
[1738288817771179895744494814818471524237636658740751162470520543875174682789263678661255699324839050173758386865498094631175841966956080103421531275846741421034583333166662336866697451963945426423406064278936827337365683559909135045434748628 0 0 0 0 0 0 0 0 0 0 0 0 0 0 0 0 0 0 0 0 0 0 0 0 0 0 0 0 0 0 1 0 0 0 0 0 0 0 0 0 0 0 0 0 0 0 0 0 0 0 0 0 0 0 0 0 0 0 0 0 0 0 0 0 0 0 0 0 0 0 0 0 0 0 0 0 0 0 0]
[3836192826890786582613211093438712934172631003596648973221207441956993894770506836376440482852617390962819740912626500339604024482095270394329562816727303010211431521154797628244909384434031256686812927375012850406033936455726150957510156042 0 0 0 0 0 0 0 0 0 0 0 0 0 0 0 0 0 0 0 0 0 0 0 0 0 0 0 0 0 0 0 1 0 0 0 0 0 0 0 0 0 0 0 0 0 0 0 0 0 0 0 0 0 0 0 0 0 0 0 0 0 0 0 0 0 0 0 0 0 0 0 0 0 0 0 0 0 0 0]
[2946289171062917397672967293435714073891558728710248565327050795181912542955435056790656335631079279645776417230833104367369485408746925166450186902263246278863344594175201364695212741138757317512182401951189876457026699110200743122555016487 0 0 0 0 0 0 0 0 0 0 0 0 0 0 0 0 0 0 0 0 0 0 0 0 0 0 0 0 0 0 0 0 1 0 0 0 0 0 0 0 0 0 0 0 0 0 0 0 0 0 0 0 0 0 0 0 0 0 0 0 0 0 0 0 0 0 0 0 0 0 0 0 0 0 0 0 0 0 0]
[4826516979431012083250567128361377180730963665286048762158807210047871898242361719996598097104060182193832215246204343717068544363764227809057015801859224323800958129323370595733179125737022729544919280757407068630187832772554540773948516874 0 0 0 0 0 0 0 0 0 0 0 0 0 0 0 0 0 0 0 0 0 0 0 0 0 0 0 0 0 0 0 0 0 1 0 0 0 0 0 0 0 0 0 0 0 0 0 0 0 0 0 0 0 0 0 0 0 0 0 0 0 0 0 0 0 0 0 0 0 0 0 0 0 0 0 0 0 0 0]
[1459669127857491131465585165731065268898256481626852214861893747919119296801684831365543168708293041327673098554181124055424767042312671812446319732325865689683173091685932607761422502606299957896155742556960116878400369183805283840605611129 0 0 0 0 0 0 0 0 0 0 0 0 0 0 0 0 0 0 0 0 0 0 0 0 0 0 0 0 0 0 0 0 0 0 1 0 0 0 0 0 0 0 0 0 0 0 0 0 0 0 0 0 0 0 0 0 0 0 0 0 0 0 0 0 0 0 0 0 0 0 0 0 0 0 0 0 0 0 0]
[3760010287730398674106891258082118406654976561515563100292706112467725962717848603022186146890547195556574254790784366347407063118103479065797453111015674673024851874072680088265427064507660751826339252209779268925005555034016736138973235836 0 0 0 0 0 0 0 0 0 0 0 0 0 0 0 0 0 0 0 0 0 0 0 0 0 0 0 0 0 0 0 0 0 0 0 1 0 0 0 0 0 0 0 0 0 0 0 0 0 0 0 0 0 0 0 0 0 0 0 0 0 0 0 0 0 0 0 0 0 0 0 0 0 0 0 0 0 0 0]
[924401164412787316391872217620371870810894064581189572355242702394770460290688231828068097512551519555768289280317583104347667222249320995985436934264917012342850519697947450905049932803520566640854697879490820525448645974127539252327797555 0 0 0 0 0 0 0 0 0 0 0 0 0 0 0 0 0 0 0 0 0 0 0 0 0 0 0 0 0 0 0 0 0 0 0 0 1 0 0 0 0 0 0 0 0 0 0 0 0 0 0 0 0 0 0 0 0 0 0 0 0 0 0 0 0 0 0 0 0 0 0 0 0 0 0 0 0 0 0]
[1351525338566053450085236013900706978504096852627473339025474779941033253379778606844832757198396046794825038853409190355453236279578675240574951552472982208850287151625591742762600616859519328526257392820445019159868379404736380823592383783 0 0 0 0 0 0 0 0 0 0 0 0 0 0 0 0 0 0 0 0 0 0 0 0 0 0 0 0 0 0 0 0 0 0 0 0 0 1 0 0 0 0 0 0 0 0 0 0 0 0 0 0 0 0 0 0 0 0 0 0 0 0 0 0 0 0 0 0 0 0 0 0 0 0 0 0 0 0 0]
[898417331887723570346603783311615598549768477393635986086046642797103171308460458447085843777005648469616602992889290031251579645663040874550005130368072287238490249336902436482892081945051213955098589184189889887292932768287138561168201262 0 0 0 0 0 0 0 0 0 0 0 0 0 0 0 0 0 0 0 0 0 0 0 0 0 0 0 0 0 0 0 0 0 0 0 0 0 0 1 0 0 0 0 0 0 0 0 0 0 0 0 0 0 0 0 0 0 0 0 0 0 0 0 0 0 0 0 0 0 0 0 0 0 0 0 0 0 0 0]
[1918430347750321140460903025680172414731229773881307697403593939449821288965021567049947866260191864215946038270681801959053653739580369189656513966364525401529698010503542875125283800161010848938144440489564195079091437102673095626161411778 0 0 0 0 0 0 0 0 0 0 0 0 0 0 0 0 0 0 0 0 0 0 0 0 0 0 0 0 0 0 0 0 0 0 0 0 0 0 0 1 0 0 0 0 0 0 0 0 0 0 0 0 0 0 0 0 0 0 0 0 0 0 0 0 0 0 0 0 0 0 0 0 0 0 0 0 0 0 0]
[4073845671659278507216161149709502757206685230014281632342187582367984177598499159939217391579316244813980891724074730899356347919221804287710966352382342707685726345775302323984783639416061539395759058990035202724612460280039239581924171401 0 0 0 0 0 0 0 0 0 0 0 0 0 0 0 0 0 0 0 0 0 0 0 0 0 0 0 0 0 0 0 0 0 0 0 0 0 0 0 0 1 0 0 0 0 0 0 0 0 0 0 0 0 0 0 0 0 0 0 0 0 0 0 0 0 0 0 0 0 0 0 0 0 0 0 0 0 0 0]
[762036440210410093607577021864376203981610922969030529601791067397313213252412416641166103760634662656365528459442577052422687977372389243763447753366888375388464698286167295007759319771249445665473147524929519831040202850996625068963353776 0 0 0 0 0 0 0 0 0 0 0 0 0 0 0 0 0 0 0 0 0 0 0 0 0 0 0 0 0 0 0 0 0 0 0 0 0 0 0 0 0 1 0 0 0 0 0 0 0 0 0 0 0 0 0 0 0 0 0 0 0 0 0 0 0 0 0 0 0 0 0 0 0 0 0 0 0 0 0]
[2841806170569680166207563585872193118104605533168206295999823842035738861187490346187194844164281271933050982555567508089597686175127029426684955384475137962624444659085238467443411026868369534023300613968272084337984939932449373073931538855 0 0 0 0 0 0 0 0 0 0 0 0 0 0 0 0 0 0 0 0 0 0 0 0 0 0 0 0 0 0 0 0 0 0 0 0 0 0 0 0 0 0 1 0 0 0 0 0 0 0 0 0 0 0 0 0 0 0 0 0 0 0 0 0 0 0 0 0 0 0 0 0 0 0 0 0 0 0 0]
[3685626458922227014495421987999066511593742991318048991314843218520785471955775596748133782906699980621387035748538337484756607663532910888808489773716773711617600814419967542940271135408235549591133442274467617498876942718055478113175572111 0 0 0 0 0 0 0 0 0 0 0 0 0 0 0 0 0 0 0 0 0 0 0 0 0 0 0 0 0 0 0 0 0 0 0 0 0 0 0 0 0 0 0 1 0 0 0 0 0 0 0 0 0 0 0 0 0 0 0 0 0 0 0 0 0 0 0 0 0 0 0 0 0 0 0 0 0 0 0]
[3027637039794775633332694783499972438731871203519314616725938385225442098948289650206507024499630903065201649053924509443223100256082970083100175618286782825534490215284942969540302835627732930337999207538962105541548807117027520428452320605 0 0 0 0 0 0 0 0 0 0 0 0 0 0 0 0 0 0 0 0 0 0 0 0 0 0 0 0 0 0 0 0 0 0 0 0 0 0 0 0 0 0 0 0 1 0 0 0 0 0 0 0 0 0 0 0 0 0 0 0 0 0 0 0 0 0 0 0 0 0 0 0 0 0 0 0 0 0 0]
[4072934575601667354815793351608784094521250379769108565947232472409513051614522599778409915019248991541197132815497471475895250582246737026244593182576579565782616438354034404592630184946660099056113732453664794338510352302377068910330398444 0 0 0 0 0 0 0 0 0 0 0 0 0 0 0 0 0 0 0 0 0 0 0 0 0 0 0 0 0 0 0 0 0 0 0 0 0 0 0 0 0 0 0 0 0 1 0 0 0 0 0 0 0 0 0 0 0 0 0 0 0 0 0 0 0 0 0 0 0 0 0 0 0 0 0 0 0 0 0]
[3189608029616619456948173029168468091990618474245471932124509094671936495412819180386585122936421260026360903575315634653893639728311683442005798726948655573288606794875470916140671874195978788866723590457419511685481993467517817281273462444 0 0 0 0 0 0 0 0 0 0 0 0 0 0 0 0 0 0 0 0 0 0 0 0 0 0 0 0 0 0 0 0 0 0 0 0 0 0 0 0 0 0 0 0 0 0 1 0 0 0 0 0 0 0 0 0 0 0 0 0 0 0 0 0 0 0 0 0 0 0 0 0 0 0 0 0 0 0 0]
[4277613044085019616210390038630303068149588861031868396936453360408376421404830000153280869754730993491061226267113422590766581534895187339531911182386153819447199025846604073056046357498418702018923594988856136541992820021277113549354301945 0 0 0 0 0 0 0 0 0 0 0 0 0 0 0 0 0 0 0 0 0 0 0 0 0 0 0 0 0 0 0 0 0 0 0 0 0 0 0 0 0 0 0 0 0 0 0 1 0 0 0 0 0 0 0 0 0 0 0 0 0 0 0 0 0 0 0 0 0 0 0 0 0 0 0 0 0 0 0]
[3659075500183095817639194325171377597749429693849349650492180985796953711577670717703234570667370422012550132953085964566261726832649750983207001513166371970798333751322296960500099503638052941331784700641038006914794076156746933433277372447 0 0 0 0 0 0 0 0 0 0 0 0 0 0 0 0 0 0 0 0 0 0 0 0 0 0 0 0 0 0 0 0 0 0 0 0 0 0 0 0 0 0 0 0 0 0 0 0 1 0 0 0 0 0 0 0 0 0 0 0 0 0 0 0 0 0 0 0 0 0 0 0 0 0 0 0 0 0 0]
[65548080574947905409153782136011265631868025220317728206854525597786979217586527168239299565900091425157804666305575059562645930980212558005030863988095884190306264799557321917567832702657252573742114805018279096034461235892028973090474876 0 0 0 0 0 0 0 0 0 0 0 0 0 0 0 0 0 0 0 0 0 0 0 0 0 0 0 0 0 0 0 0 0 0 0 0 0 0 0 0 0 0 0 0 0 0 0 0 0 1 0 0 0 0 0 0 0 0 0 0 0 0 0 0 0 0 0 0 0 0 0 0 0 0 0 0 0 0 0]
[2851034592046370047699355553773809537962878006381200690135050446235447395230044056385456472541751485727425480905762815025236801723853453981038396634970641670049102212291863558557260424591088659257507090157977415805092126621661945564503189236 0 0 0 0 0 0 0 0 0 0 0 0 0 0 0 0 0 0 0 0 0 0 0 0 0 0 0 0 0 0 0 0 0 0 0 0 0 0 0 0 0 0 0 0 0 0 0 0 0 0 1 0 0 0 0 0 0 0 0 0 0 0 0 0 0 0 0 0 0 0 0 0 0 0 0 0 0 0 0]
[982217055041658611488768191967721461293758486300804089876940375598557961910967097422762358581423527213051619378330270592846030978992923402467116244027073683367761748062107053362715158505285205023890753144591608353704709076690548805987243797 0 0 0 0 0 0 0 0 0 0 0 0 0 0 0 0 0 0 0 0 0 0 0 0 0 0 0 0 0 0 0 0 0 0 0 0 0 0 0 0 0 0 0 0 0 0 0 0 0 0 0 1 0 0 0 0 0 0 0 0 0 0 0 0 0 0 0 0 0 0 0 0 0 0 0 0 0 0 0]
[1907662287615515953061387161661011978272988197958222462460972062189023026240131208978580930075095470714058603385427432302813539909879539909016848645161835212205114623043047158170488085620288309300542066276395011191094048195433371635297939567 0 0 0 0 0 0 0 0 0 0 0 0 0 0 0 0 0 0 0 0 0 0 0 0 0 0 0 0 0 0 0 0 0 0 0 0 0 0 0 0 0 0 0 0 0 0 0 0 0 0 0 0 1 0 0 0 0 0 0 0 0 0 0 0 0 0 0 0 0 0 0 0 0 0 0 0 0 0 0]
[1723375851163551089929158393088151244319182271788297383102914067113920409087581186078677193393120184226676244552738804281717146740300562615722032893102401030709577289454743090634820097372771556371565197392995998939637348136755787963487663752 0 0 0 0 0 0 0 0 0 0 0 0 0 0 0 0 0 0 0 0 0 0 0 0 0 0 0 0 0 0 0 0 0 0 0 0 0 0 0 0 0 0 0 0 0 0 0 0 0 0 0 0 0 1 0 0 0 0 0 0 0 0 0 0 0 0 0 0 0 0 0 0 0 0 0 0 0 0 0]
[3541569403054687647089518122332295310000918943704742584966366327928293533186232758668217628357062870862547548269038981511784478801873823379477657578640295524014939583456004387103853802288919835957710362942561648553689038097323914837122690739 0 0 0 0 0 0 0 0 0 0 0 0 0 0 0 0 0 0 0 0 0 0 0 0 0 0 0 0 0 0 0 0 0 0 0 0 0 0 0 0 0 0 0 0 0 0 0 0 0 0 0 0 0 0 1 0 0 0 0 0 0 0 0 0 0 0 0 0 0 0 0 0 0 0 0 0 0 0 0]
[619550524984467618997907490933732735982751097989366195190356912859355422703120521532542948032166702323505559796608806937905664496336364413923754514105309097757818725922298775840715741733848705407692182507511357628233128026527616903226121646 0 0 0 0 0 0 0 0 0 0 0 0 0 0 0 0 0 0 0 0 0 0 0 0 0 0 0 0 0 0 0 0 0 0 0 0 0 0 0 0 0 0 0 0 0 0 0 0 0 0 0 0 0 0 0 1 0 0 0 0 0 0 0 0 0 0 0 0 0 0 0 0 0 0 0 0 0 0 0]
[2513377991497581429631503398550943265907622339264378042525403812755747532128085854710630771413724306953202179654612823562408374491980346402816928013905651189945822637818014853257312600634761378735122295067834020779025361493227852569714189264 0 0 0 0 0 0 0 0 0 0 0 0 0 0 0 0 0 0 0 0 0 0 0 0 0 0 0 0 0 0 0 0 0 0 0 0 0 0 0 0 0 0 0 0 0 0 0 0 0 0 0 0 0 0 0 0 1 0 0 0 0 0 0 0 0 0 0 0 0 0 0 0 0 0 0 0 0 0 0]
[4638675345702627123080825395502495194993177680654241761477138967856538263812454306785831625615508548476903504021974553252154810120905575620576626533285862070407697615583825024358321460222691729591550123767745580863858551581401761016210328284 0 0 0 0 0 0 0 0 0 0 0 0 0 0 0 0 0 0 0 0 0 0 0 0 0 0 0 0 0 0 0 0 0 0 0 0 0 0 0 0 0 0 0 0 0 0 0 0 0 0 0 0 0 0 0 0 0 1 0 0 0 0 0 0 0 0 0 0 0 0 0 0 0 0 0 0 0 0 0]
[2899686559879292794128969337364980469799965187765963330609180035039520715004131330860883909396592262080128250197068839514092866344196898915130418176178159488862029319058157023809084327735452211130791663214317543104683542476915859556845199415 0 0 0 0 0 0 0 0 0 0 0 0 0 0 0 0 0 0 0 0 0 0 0 0 0 0 0 0 0 0 0 0 0 0 0 0 0 0 0 0 0 0 0 0 0 0 0 0 0 0 0 0 0 0 0 0 0 0 1 0 0 0 0 0 0 0 0 0 0 0 0 0 0 0 0 0 0 0 0]
[4529702337597812552459040885347830688107883785878363853571260987494405616225596229653364004083070111288950237654162052418401618900714317543779786723149125494939543735878590859588981665640936987642384557979379219787321996410648298564259152025 0 0 0 0 0 0 0 0 0 0 0 0 0 0 0 0 0 0 0 0 0 0 0 0 0 0 0 0 0 0 0 0 0 0 0 0 0 0 0 0 0 0 0 0 0 0 0 0 0 0 0 0 0 0 0 0 0 0 0 1 0 0 0 0 0 0 0 0 0 0 0 0 0 0 0 0 0 0 0]
[3952749117361926158999885815164913884563720936849148761343448811476097142433925580391285406032115844368483980186485407703737679957610545118716981255812554737962005326040850219043520482193781201079396389016486717182539542643678380418030340784 0 0 0 0 0 0 0 0 0 0 0 0 0 0 0 0 0 0 0 0 0 0 0 0 0 0 0 0 0 0 0 0 0 0 0 0 0 0 0 0 0 0 0 0 0 0 0 0 0 0 0 0 0 0 0 0 0 0 0 0 1 0 0 0 0 0 0 0 0 0 0 0 0 0 0 0 0 0 0]
[2591114667765490530803403644720485879552269632045120065692499603353845892278902149497759437108318131448646627648961365116100467896491493856089467098017221349165044112990466068740095555482752606624944394570589697741034726541719033786225327978 0 0 0 0 0 0 0 0 0 0 0 0 0 0 0 0 0 0 0 0 0 0 0 0 0 0 0 0 0 0 0 0 0 0 0 0 0 0 0 0 0 0 0 0 0 0 0 0 0 0 0 0 0 0 0 0 0 0 0 0 0 1 0 0 0 0 0 0 0 0 0 0 0 0 0 0 0 0 0]
[2692173568718385122276420795820587159887512219616868216687118696665726145712994248595382318366710592014710998373483562645699177416264755754754294866441675591088165106195519087082826872739780275981765861453479705873541051514541057181343612329 0 0 0 0 0 0 0 0 0 0 0 0 0 0 0 0 0 0 0 0 0 0 0 0 0 0 0 0 0 0 0 0 0 0 0 0 0 0 0 0 0 0 0 0 0 0 0 0 0 0 0 0 0 0 0 0 0 0 0 0 0 0 1 0 0 0 0 0 0 0 0 0 0 0 0 0 0 0 0]
[623272862442665578141559520370384537950629512811172062400404037891341791770729985925458687149814153513683185688404997738022669823026222924111695228889365470823809999296527097910829566556005246698447699197396107894446388916326998577030867739 0 0 0 0 0 0 0 0 0 0 0 0 0 0 0 0 0 0 0 0 0 0 0 0 0 0 0 0 0 0 0 0 0 0 0 0 0 0 0 0 0 0 0 0 0 0 0 0 0 0 0 0 0 0 0 0 0 0 0 0 0 0 0 1 0 0 0 0 0 0 0 0 0 0 0 0 0 0 0]
[1065533029876083074946812805920857948481600644366449714596874723959586879826533931068600925986805700102895281028110834776820012037102018013480839858849731724281352073200403476619446669653374686453571591294695431146416279669199655380900542219 0 0 0 0 0 0 0 0 0 0 0 0 0 0 0 0 0 0 0 0 0 0 0 0 0 0 0 0 0 0 0 0 0 0 0 0 0 0 0 0 0 0 0 0 0 0 0 0 0 0 0 0 0 0 0 0 0 0 0 0 0 0 0 0 1 0 0 0 0 0 0 0 0 0 0 0 0 0 0]
[3889869553878481761518749123637604670879252750251528572818435314811212591417581814326588741280009416059751963091582734095486854084431685084517039255458399809031938260406955108620834907855757487451882600700157810154221806300375182722105195401 0 0 0 0 0 0 0 0 0 0 0 0 0 0 0 0 0 0 0 0 0 0 0 0 0 0 0 0 0 0 0 0 0 0 0 0 0 0 0 0 0 0 0 0 0 0 0 0 0 0 0 0 0 0 0 0 0 0 0 0 0 0 0 0 0 1 0 0 0 0 0 0 0 0 0 0 0 0 0]
[887327202180301071380486458134060136596409780271760802024310104290504013974828019188005256414627358572921985507493445375628521562609856542190967660687937357861630103284830627151356349941366451075231306441669971450264073639931786932200042530 0 0 0 0 0 0 0 0 0 0 0 0 0 0 0 0 0 0 0 0 0 0 0 0 0 0 0 0 0 0 0 0 0 0 0 0 0 0 0 0 0 0 0 0 0 0 0 0 0 0 0 0 0 0 0 0 0 0 0 0 0 0 0 0 0 0 1 0 0 0 0 0 0 0 0 0 0 0 0]
[158932536746681199543615654475298499582837000763669468822435248379520099267174927453305454754449076697291538252127891161831366243204530654680962549156273481947345131509041462963559760168276676376626387220249932479118301025629261846349586109 0 0 0 0 0 0 0 0 0 0 0 0 0 0 0 0 0 0 0 0 0 0 0 0 0 0 0 0 0 0 0 0 0 0 0 0 0 0 0 0 0 0 0 0 0 0 0 0 0 0 0 0 0 0 0 0 0 0 0 0 0 0 0 0 0 0 0 1 0 0 0 0 0 0 0 0 0 0 0]
[4807312508637477124058056700233112994401015427746345259410581139575271187212557004594010254359972513833692697315093486151909055800604370388532902731026810632428466206013099054061065424348434274745940374881578024988788658060643625587142567305 0 0 0 0 0 0 0 0 0 0 0 0 0 0 0 0 0 0 0 0 0 0 0 0 0 0 0 0 0 0 0 0 0 0 0 0 0 0 0 0 0 0 0 0 0 0 0 0 0 0 0 0 0 0 0 0 0 0 0 0 0 0 0 0 0 0 0 0 1 0 0 0 0 0 0 0 0 0 0]
[3043289745057081446240822761969408795206977596249458516440310352055218423350457390079548143199366835126207629574812959731722462732204144612462110596919232301978934015732841033703091867674235958688241622689896888799587047005739697848899125968 0 0 0 0 0 0 0 0 0 0 0 0 0 0 0 0 0 0 0 0 0 0 0 0 0 0 0 0 0 0 0 0 0 0 0 0 0 0 0 0 0 0 0 0 0 0 0 0 0 0 0 0 0 0 0 0 0 0 0 0 0 0 0 0 0 0 0 0 0 1 0 0 0 0 0 0 0 0 0]
[1104835946736642754952461497599165462550135586872331256332583745696145869815729058693169679966911674472902505253201176728626924812600818227973835533954828913370776685483748338141995693027460204213913430950127127681361149928685651071360950356 0 0 0 0 0 0 0 0 0 0 0 0 0 0 0 0 0 0 0 0 0 0 0 0 0 0 0 0 0 0 0 0 0 0 0 0 0 0 0 0 0 0 0 0 0 0 0 0 0 0 0 0 0 0 0 0 0 0 0 0 0 0 0 0 0 0 0 0 0 0 1 0 0 0 0 0 0 0 0]
[452641377030254208684886720788573432194623097196614545916578566489780688683404648529531081161429673965085921055206431528887994042665452795745492333543234964557888361331450441092181857742933165650596215135655716276799170319280287647682864413 0 0 0 0 0 0 0 0 0 0 0 0 0 0 0 0 0 0 0 0 0 0 0 0 0 0 0 0 0 0 0 0 0 0 0 0 0 0 0 0 0 0 0 0 0 0 0 0 0 0 0 0 0 0 0 0 0 0 0 0 0 0 0 0 0 0 0 0 0 0 0 1 0 0 0 0 0 0 0]
[976532008370673646259423821829015936638161864971472458805338480605184975645895237095482655241050202075872145193225110779132713260146841893942369575056242812110970926712263680263442096828694817734545798327131852947282569901581516186276854584 0 0 0 0 0 0 0 0 0 0 0 0 0 0 0 0 0 0 0 0 0 0 0 0 0 0 0 0 0 0 0 0 0 0 0 0 0 0 0 0 0 0 0 0 0 0 0 0 0 0 0 0 0 0 0 0 0 0 0 0 0 0 0 0 0 0 0 0 0 0 0 0 1 0 0 0 0 0 0]
[2196301249026687587147342773175674265831321437738268259013735668600058440047336508548997227930689690516124838650049966173145475908823820342476973429024776579895475829147815914633207272545423658529907032815697893594670256540833903429925275712 0 0 0 0 0 0 0 0 0 0 0 0 0 0 0 0 0 0 0 0 0 0 0 0 0 0 0 0 0 0 0 0 0 0 0 0 0 0 0 0 0 0 0 0 0 0 0 0 0 0 0 0 0 0 0 0 0 0 0 0 0 0 0 0 0 0 0 0 0 0 0 0 0 1 0 0 0 0 0]
[4545376182067751573228647857101270437518343514316393211659093145427569186773928126575228860016366783114655803347919712374726144533501846472277994961322852662519648710031443125114559122302910215552258740410718710520866617382860315574967951054 0 0 0 0 0 0 0 0 0 0 0 0 0 0 0 0 0 0 0 0 0 0 0 0 0 0 0 0 0 0 0 0 0 0 0 0 0 0 0 0 0 0 0 0 0 0 0 0 0 0 0 0 0 0 0 0 0 0 0 0 0 0 0 0 0 0 0 0 0 0 0 0 0 0 1 0 0 0 0]
[3771565745997753730232095773530284154879679311143311070692855730977662221658261914029241185577082266798972757800793016594094127014796262615069024391068600916392596685715842978323131685366502773627078946806245471198192381247770790753296548253 0 0 0 0 0 0 0 0 0 0 0 0 0 0 0 0 0 0 0 0 0 0 0 0 0 0 0 0 0 0 0 0 0 0 0 0 0 0 0 0 0 0 0 0 0 0 0 0 0 0 0 0 0 0 0 0 0 0 0 0 0 0 0 0 0 0 0 0 0 0 0 0 0 0 0 1 0 0 0]
[1586194472716661277526601733895507270272136688446019276885266170125381190478966060662218323976389124917718801223577650144458345411473847533243109505567794049753509986925323386002014127538424023271421794206677954245223520879546443210629345439 0 0 0 0 0 0 0 0 0 0 0 0 0 0 0 0 0 0 0 0 0 0 0 0 0 0 0 0 0 0 0 0 0 0 0 0 0 0 0 0 0 0 0 0 0 0 0 0 0 0 0 0 0 0 0 0 0 0 0 0 0 0 0 0 0 0 0 0 0 0 0 0 0 0 0 0 1 0 0]
[3802436564846530664598521113735492775595891897487047622162546248637788766552630115200386117711231870283487818967060052860282153569976370297069731265353678294741735877804610818802985429108422126187644375195119169544412904978918167053523949698 0 0 0 0 0 0 0 0 0 0 0 0 0 0 0 0 0 0 0 0 0 0 0 0 0 0 0 0 0 0 0 0 0 0 0 0 0 0 0 0 0 0 0 0 0 0 0 0 0 0 0 0 0 0 0 0 0 0 0 0 0 0 0 0 0 0 0 0 0 0 0 0 0 0 0 0 0 1 0]
[908602944172974197530779959254810748034441595415845254783572750798353977075188315570944150528199115613159311278240071908020820865679853257311468072171752257086660258194505820326687327097532183914861579143841873721279161451753776359654658 0 0 0 0 0 0 0 0 0 0 0 0 0 0 0 0 0 0 0 0 0 0 0 0 0 0 0 0 0 0 0 0 0 0 0 0 0 0 0 0 0 0 0 0 0 0 0 0 0 0 0 0 0 0 0 0 0 0 0 0 0 0 0 0 0 0 0 0 0 0 0 0 0 0 0 0 0 0 1]
]
