[[5463898021658644385235812204502409266455194500851707072844186005332495452614899981773131437736076109270918465618213595899922358868713542622166894862762823410340819067718055024394596891825549829324408445924960080404404572282037635959850578063 0 0 0 0 0 0 0 0 0 0 0 0 0 0 0 0 0 0 0 0 0 0 0 0 0 0 0 0 0 0 0 0 0 0 0 0 0 0 0 0 0 0 0 0 0 0 0 0 0 0 0 0 0 0 0 0 0 0 0 0 0 0 0 0 0 0 0 0 0 0 0 0 0 0 0 0 0 0 0]
[432840910043457069221957869153272282119617919864875233448564095065452847924107928584939809278876769917120970220143619010692050599119760652144286857632532296718843640659148727337115013458255804332773153365576209564880049269007870519276832280 1 0 0 0 0 0 0 0 0 0 0 0 0 0 0 0 0 0 0 0 0 0 0 0 0 0 0 0 0 0 0 0 0 0 0 0 0 0 0 0 0 0 0 0 0 0 0 0 0 0 0 0 0 0 0 0 0 0 0 0 0 0 0 0 0 0 0 0 0 0 0 0 0 0 0 0 0 0 0]
[3606267956272095938386615143569320022853103847839305075106199871051843489421674406069298587343647728575108367064063294185243763520776875476676204158831429598615135760254814825656562245879758173703353239271085236870684799746788335825694679277 0 1 0 0 0 0 0 0 0 0 0 0 0 0 0 0 0 0 0 0 0 0 0 0 0 0 0 0 0 0 0 0 0 0 0 0 0 0 0 0 0 0 0 0 0 0 0 0 0 0 0 0 0 0 0 0 0 0 0 0 0 0 0 0 0 0 0 0 0 0 0 0 0 0 0 0 0 0 0]
[4576645527612541720390188315568463123696053313822549347664889899138228324218368284346866676922063403493972708361741955587817365460116659911826751339858539722120796548750179597684726299384533221227560607754104731213337079235820727823628459119 0 0 1 0 0 0 0 0 0 0 0 0 0 0 0 0 0 0 0 0 0 0 0 0 0 0 0 0 0 0 0 0 0 0 0 0 0 0 0 0 0 0 0 0 0 0 0 0 0 0 0 0 0 0 0 0 0 0 0 0 0 0 0 0 0 0 0 0 0 0 0 0 0 0 0 0 0 0 0]
[2494255406550140213945932384770844473125007318822055624699357344057072426742293667594266113568678868283849125631126276967803034407697934887109539551552731556452207226129554886050877030647509461440369268999179605401338547557178474840678973493 0 0 0 1 0 0 0 0 0 0 0 0 0 0 0 0 0 0 0 0 0 0 0 0 0 0 0 0 0 0 0 0 0 0 0 0 0 0 0 0 0 0 0 0 0 0 0 0 0 0 0 0 0 0 0 0 0 0 0 0 0 0 0 0 0 0 0 0 0 0 0 0 0 0 0 0 0 0 0]
[1277084425710805762570108724132066644010165041510260447322932602336421961426159372905564804278088174565160785447750384140768768291889352087289167171521943143036885826796750206424634286012042041945316983814602504660835363085950648023469794148 0 0 0 0 1 0 0 0 0 0 0 0 0 0 0 0 0 0 0 0 0 0 0 0 0 0 0 0 0 0 0 0 0 0 0 0 0 0 0 0 0 0 0 0 0 0 0 0 0 0 0 0 0 0 0 0 0 0 0 0 0 0 0 0 0 0 0 0 0 0 0 0 0 0 0 0 0 0 0]
[3724093628743788463340231509526327956663172178007302164347005003275893873648127987964956272035310858146700186150421610667121187666098022513466397603807386968617574960079500102261181891405800416794456834348084132519267174324321950250114500699 0 0 0 0 0 1 0 0 0 0 0 0 0 0 0 0 0 0 0 0 0 0 0 0 0 0 0 0 0 0 0 0 0 0 0 0 0 0 0 0 0 0 0 0 0 0 0 0 0 0 0 0 0 0 0 0 0 0 0 0 0 0 0 0 0 0 0 0 0 0 0 0 0 0 0 0 0 0 0]
[1674922552679852484304006392857234955123099722045453310836526872775426548857749982390909487291969433517203506100725238872423959904663751462996247181511724728829526655897500737056890430553548249920970017560780874458720866357710354448500842973 0 0 0 0 0 0 1 0 0 0 0 0 0 0 0 0 0 0 0 0 0 0 0 0 0 0 0 0 0 0 0 0 0 0 0 0 0 0 0 0 0 0 0 0 0 0 0 0 0 0 0 0 0 0 0 0 0 0 0 0 0 0 0 0 0 0 0 0 0 0 0 0 0 0 0 0 0 0 0]
[1043211354755276617913941361533616706553956751151513641109264922111897202884062946494876152447077800180649496422012440932415146956936721840481997427465888197437381211598265216759932048704161849798891927316551419438392580353552486254538058042 0 0 0 0 0 0 0 1 0 0 0 0 0 0 0 0 0 0 0 0 0 0 0 0 0 0 0 0 0 0 0 0 0 0 0 0 0 0 0 0 0 0 0 0 0 0 0 0 0 0 0 0 0 0 0 0 0 0 0 0 0 0 0 0 0 0 0 0 0 0 0 0 0 0 0 0 0 0 0]
[4467794898583091373393834277504819380267994680976498982215009536141044254093808151821460621778338045021374260594820503956375620518897826855197929138989280544074217992885179908003680624487989493316527202419688674298881440882866118534114683741 0 0 0 0 0 0 0 0 1 0 0 0 0 0 0 0 0 0 0 0 0 0 0 0 0 0 0 0 0 0 0 0 0 0 0 0 0 0 0 0 0 0 0 0 0 0 0 0 0 0 0 0 0 0 0 0 0 0 0 0 0 0 0 0 0 0 0 0 0 0 0 0 0 0 0 0 0 0 0]
[1012377432492151564113759298992902603398631060015220093433458843702582222794913761906248848969325742066085945114348580419791832368763163564790823536416102218233275923494364279636002606818868096380652551463454483183076136943692675163626550297 0 0 0 0 0 0 0 0 0 1 0 0 0 0 0 0 0 0 0 0 0 0 0 0 0 0 0 0 0 0 0 0 0 0 0 0 0 0 0 0 0 0 0 0 0 0 0 0 0 0 0 0 0 0 0 0 0 0 0 0 0 0 0 0 0 0 0 0 0 0 0 0 0 0 0 0 0 0 0]
[3899641783038609053943848186695200635131807707940288292746735099657325621857544447913810253420195169932214944108947158655945092169331633471430603928880967428751340977031888820419796610139953058983596294132502024818239983422062152372387174168 0 0 0 0 0 0 0 0 0 0 1 0 0 0 0 0 0 0 0 0 0 0 0 0 0 0 0 0 0 0 0 0 0 0 0 0 0 0 0 0 0 0 0 0 0 0 0 0 0 0 0 0 0 0 0 0 0 0 0 0 0 0 0 0 0 0 0 0 0 0 0 0 0 0 0 0 0 0 0]
[4506957263890775983750368385467408710453404302932674074066712390347045034607465539232669707223673634423199887980011207955208704476686682989789076444445203292004704473990323444963588307072475000680907929658475196877497438571162551722080279551 0 0 0 0 0 0 0 0 0 0 0 1 0 0 0 0 0 0 0 0 0 0 0 0 0 0 0 0 0 0 0 0 0 0 0 0 0 0 0 0 0 0 0 0 0 0 0 0 0 0 0 0 0 0 0 0 0 0 0 0 0 0 0 0 0 0 0 0 0 0 0 0 0 0 0 0 0 0 0]
[29160979555878675099534120329014435462922683018774443895563507052228119168400856087580216466300922929420195789930580051537080306092237727801416551749133950642557198009260779152530007561104491094202543518400616378098683205181165946021393762 0 0 0 0 0 0 0 0 0 0 0 0 1 0 0 0 0 0 0 0 0 0 0 0 0 0 0 0 0 0 0 0 0 0 0 0 0 0 0 0 0 0 0 0 0 0 0 0 0 0 0 0 0 0 0 0 0 0 0 0 0 0 0 0 0 0 0 0 0 0 0 0 0 0 0 0 0 0 0]
[5114338329965342909753562201967625125315861187895194257057682706071427157879836985903586629662472872454319714573387474506895062000433021538814722220658918260534804122443451619811310192921735335765369031541071648682565190181396809296481620411 0 0 0 0 0 0 0 0 0 0 0 0 0 1 0 0 0 0 0 0 0 0 0 0 0 0 0 0 0 0 0 0 0 0 0 0 0 0 0 0 0 0 0 0 0 0 0 0 0 0 0 0 0 0 0 0 0 0 0 0 0 0 0 0 0 0 0 0 0 0 0 0 0 0 0 0 0 0 0]
[3656215893725926417943659381438244904673776938140808097219369213314583654615433434771163354750669076993154568229101626634399450033526834756637654669562985167505473763284338851725926170526941746134025928225339507851306974149522965795629930908 0 0 0 0 0 0 0 0 0 0 0 0 0 0 1 0 0 0 0 0 0 0 0 0 0 0 0 0 0 0 0 0 0 0 0 0 0 0 0 0 0 0 0 0 0 0 0 0 0 0 0 0 0 0 0 0 0 0 0 0 0 0 0 0 0 0 0 0 0 0 0 0 0 0 0 0 0 0 0]
[2422721581504063913134120714239628961781408317959909345174220706021036056541313081002230222815325502327104860048839533291321233350879670289298603483125154049620536197396837914743072237489990332738226403898278095506014071484571036561827845586 0 0 0 0 0 0 0 0 0 0 0 0 0 0 0 1 0 0 0 0 0 0 0 0 0 0 0 0 0 0 0 0 0 0 0 0 0 0 0 0 0 0 0 0 0 0 0 0 0 0 0 0 0 0 0 0 0 0 0 0 0 0 0 0 0 0 0 0 0 0 0 0 0 0 0 0 0 0 0]
[1726426293144754941239235059452331017833001864381267102001833117665789063475783534302908647057016105052064205662643492856104697165438283945086830827666213619143174511795532630654578477050409995472817917080155810627496516297803339709446179374 0 0 0 0 0 0 0 0 0 0 0 0 0 0 0 0 1 0 0 0 0 0 0 0 0 0 0 0 0 0 0 0 0 0 0 0 0 0 0 0 0 0 0 0 0 0 0 0 0 0 0 0 0 0 0 0 0 0 0 0 0 0 0 0 0 0 0 0 0 0 0 0 0 0 0 0 0 0 0]
[1024768408724929250590131047094681134332939250597371237334075079221480573127202948931095902078810888300233006796389340766915406431479772563278161170184623245051587974340946685237221167421147306696513389265711077004225091761993844786848242540 0 0 0 0 0 0 0 0 0 0 0 0 0 0 0 0 0 1 0 0 0 0 0 0 0 0 0 0 0 0 0 0 0 0 0 0 0 0 0 0 0 0 0 0 0 0 0 0 0 0 0 0 0 0 0 0 0 0 0 0 0 0 0 0 0 0 0 0 0 0 0 0 0 0 0 0 0 0 0]
[5172757105937042660783831325059849130041266988578794443076184318003406699399892893134772372057327052445347056433427345387465408939842558578713746702432739186717815336611992448143857579480616510732803900225751591814290085353636455157759364296 0 0 0 0 0 0 0 0 0 0 0 0 0 0 0 0 0 0 1 0 0 0 0 0 0 0 0 0 0 0 0 0 0 0 0 0 0 0 0 0 0 0 0 0 0 0 0 0 0 0 0 0 0 0 0 0 0 0 0 0 0 0 0 0 0 0 0 0 0 0 0 0 0 0 0 0 0 0 0]
[2923679916648608906704597958130478485511017357673904331482961877297273105812894816049150792993670821299492468151534620403156977791283605026614415695013985416788462149987062513205879166596009085990006160274184154892125120066230779262635947977 0 0 0 0 0 0 0 0 0 0 0 0 0 0 0 0 0 0 0 1 0 0 0 0 0 0 0 0 0 0 0 0 0 0 0 0 0 0 0 0 0 0 0 0 0 0 0 0 0 0 0 0 0 0 0 0 0 0 0 0 0 0 0 0 0 0 0 0 0 0 0 0 0 0 0 0 0 0 0]
[1807058756840011126662504974443119299823920545570076690913815791935238880246474868475892672706508963305211770783430356130717845869018086976323931611947674891769245067990990503764529198336866797565189172742387438538675486802516070707442044741 0 0 0 0 0 0 0 0 0 0 0 0 0 0 0 0 0 0 0 0 1 0 0 0 0 0 0 0 0 0 0 0 0 0 0 0 0 0 0 0 0 0 0 0 0 0 0 0 0 0 0 0 0 0 0 0 0 0 0 0 0 0 0 0 0 0 0 0 0 0 0 0 0 0 0 0 0 0 0]
[1908565537958617720628449363033541480813631996382759489641188668959843777964973061651981062567638673154548257820482397039624942419426105905501677655970259716828729696062877602583079347691801774165698275557686673183522370766095159888370311290 0 0 0 0 0 0 0 0 0 0 0 0 0 0 0 0 0 0 0 0 0 1 0 0 0 0 0 0 0 0 0 0 0 0 0 0 0 0 0 0 0 0 0 0 0 0 0 0 0 0 0 0 0 0 0 0 0 0 0 0 0 0 0 0 0 0 0 0 0 0 0 0 0 0 0 0 0 0 0]
[3883122154746606380828491861644861669270225866241158140398367507181995846378763829533237057327486085398353928811521143176056449864029542350452779903230669587109855065776175492390027736528756980643520443740559305833685532115221240772989338834 0 0 0 0 0 0 0 0 0 0 0 0 0 0 0 0 0 0 0 0 0 0 1 0 0 0 0 0 0 0 0 0 0 0 0 0 0 0 0 0 0 0 0 0 0 0 0 0 0 0 0 0 0 0 0 0 0 0 0 0 0 0 0 0 0 0 0 0 0 0 0 0 0 0 0 0 0 0 0]
[2627896511352372555330936815268335875840381022573099080334736122326873919727931639860831624447151208376538659546172456647114225889466783520433872038035247026959173930750112319311775433341845938724357084891103310349201585702099318984754254579 0 0 0 0 0 0 0 0 0 0 0 0 0 0 0 0 0 0 0 0 0 0 0 1 0 0 0 0 0 0 0 0 0 0 0 0 0 0 0 0 0 0 0 0 0 0 0 0 0 0 0 0 0 0 0 0 0 0 0 0 0 0 0 0 0 0 0 0 0 0 0 0 0 0 0 0 0 0 0]
[3330841743732008395658919706008948858146324811457565054784371710675187611850455384597538954655795464710154242627183564164692790741203368181784117462480700241994344785264968219387584726013836757835076231710337494914016799292506999803398072283 0 0 0 0 0 0 0 0 0 0 0 0 0 0 0 0 0 0 0 0 0 0 0 0 1 0 0 0 0 0 0 0 0 0 0 0 0 0 0 0 0 0 0 0 0 0 0 0 0 0 0 0 0 0 0 0 0 0 0 0 0 0 0 0 0 0 0 0 0 0 0 0 0 0 0 0 0 0 0]
[3505221689718066442558006722841871302867341981620113733917597778387053036183796852282902921726830795262515841909471604149137433037260182061298653114277376612111750527047832373515868725054747714290936206924055821509229858134396853986055871126 0 0 0 0 0 0 0 0 0 0 0 0 0 0 0 0 0 0 0 0 0 0 0 0 0 1 0 0 0 0 0 0 0 0 0 0 0 0 0 0 0 0 0 0 0 0 0 0 0 0 0 0 0 0 0 0 0 0 0 0 0 0 0 0 0 0 0 0 0 0 0 0 0 0 0 0 0 0 0]
[25277303391450699159956868714240052963966567196597406443283448693046876279010857082566006268581893161287474431852593993366474958983653899801422133680020225283723004507822335640386761329994441259689941409866558805823782278702337914458540545 0 0 0 0 0 0 0 0 0 0 0 0 0 0 0 0 0 0 0 0 0 0 0 0 0 0 1 0 0 0 0 0 0 0 0 0 0 0 0 0 0 0 0 0 0 0 0 0 0 0 0 0 0 0 0 0 0 0 0 0 0 0 0 0 0 0 0 0 0 0 0 0 0 0 0 0 0 0 0]
[3342668339495489329423195954818050562642359818700896829441902082662916109714712607600000277198685537995099870225222005424249366086018158913259899112430368917757255397334650183021268464068080542075140227451815648333844362133428339687996899721 0 0 0 0 0 0 0 0 0 0 0 0 0 0 0 0 0 0 0 0 0 0 0 0 0 0 0 1 0 0 0 0 0 0 0 0 0 0 0 0 0 0 0 0 0 0 0 0 0 0 0 0 0 0 0 0 0 0 0 0 0 0 0 0 0 0 0 0 0 0 0 0 0 0 0 0 0 0 0]
[3944756432184099628165347048331356428688252457329117580123771446239643503755487308658408497778795487626632962438293614973553366107234398142779765579625934001078114671302558360294211621571468074203172992892933139600598074117335263554618239036 0 0 0 0 0 0 0 0 0 0 0 0 0 0 0 0 0 0 0 0 0 0 0 0 0 0 0 0 1 0 0 0 0 0 0 0 0 0 0 0 0 0 0 0 0 0 0 0 0 0 0 0 0 0 0 0 0 0 0 0 0 0 0 0 0 0 0 0 0 0 0 0 0 0 0 0 0 0 0]
[4053704536482996824873033456829435683372165825396440298221005954028500340540646494550247792861692454106900226819415462487765925845485186194818435504879539531952271794115178368978900827341362446333334238472331581125825031724619211802835590547 0 0 0 0 0 0 0 0 0 0 0 0 0 0 0 0 0 0 0 0 0 0 0 0 0 0 0 0 0 1 0 0 0 0 0 0 0 0 0 0 0 0 0 0 0 0 0 0 0 0 0 0 0 0 0 0 0 0 0 0 0 0 0 0 0 0 0 0 0 0 0 0 0 0 0 0 0 0 0]
[1148707320031801052500787510492269575267530136879591795790595576850293538377244946302175158425612371398064574986157587481697528621125390118845628658731614587801352811690337150941014831036436109188861351382859386768455214439600229455089364672 0 0 0 0 0 0 0 0 0 0 0 0 0 0 0 0 0 0 0 0 0 0 0 0 0 0 0 0 0 0 1 0 0 0 0 0 0 0 0 0 0 0 0 0 0 0 0 0 0 0 0 0 0 0 0 0 0 0 0 0 0 0 0 0 0 0 0 0 0 0 0 0 0 0 0 0 0 0 0]
[5420411991434276842425807741281810232541180837959811946736299603941182190948478242039566811010801611605013561122038858633063204447538052831546808593163821082742693729522616983927876261129051857119474497658047956820415775426457634831043311596 0 0 0 0 0 0 0 0 0 0 0 0 0 0 0 0 0 0 0 0 0 0 0 0 0 0 0 0 0 0 0 1 0 0 0 0 0 0 0 0 0 0 0 0 0 0 0 0 0 0 0 0 0 0 0 0 0 0 0 0 0 0 0 0 0 0 0 0 0 0 0 0 0 0 0 0 0 0 0]
[2731607842718729385885851228167435377371516906938122745996749743390169041280502603218723233222652447856470651920562967818009442243991588129790604462879541505024712562666204611689672475542046638999377191765292331025952490454200530655935504763 0 0 0 0 0 0 0 0 0 0 0 0 0 0 0 0 0 0 0 0 0 0 0 0 0 0 0 0 0 0 0 0 1 0 0 0 0 0 0 0 0 0 0 0 0 0 0 0 0 0 0 0 0 0 0 0 0 0 0 0 0 0 0 0 0 0 0 0 0 0 0 0 0 0 0 0 0 0 0]
[3848638330811633068700895895121442856769458359739400757547646509108759352227635563074327074887826846557523044260615949966288334249336267264860764122852883767633226746440666346232181903395320110656361324962152765525959669997975847419052697080 0 0 0 0 0 0 0 0 0 0 0 0 0 0 0 0 0 0 0 0 0 0 0 0 0 0 0 0 0 0 0 0 0 1 0 0 0 0 0 0 0 0 0 0 0 0 0 0 0 0 0 0 0 0 0 0 0 0 0 0 0 0 0 0 0 0 0 0 0 0 0 0 0 0 0 0 0 0 0]
[4368812617155190715440670525215346416575107012493484513492995159358099402004317310868029551430353711851577180167922799492867876156620797809264099649888312772539577122276048882427430213836096369082120437306107319104838515303004043713917950357 0 0 0 0 0 0 0 0 0 0 0 0 0 0 0 0 0 0 0 0 0 0 0 0 0 0 0 0 0 0 0 0 0 0 1 0 0 0 0 0 0 0 0 0 0 0 0 0 0 0 0 0 0 0 0 0 0 0 0 0 0 0 0 0 0 0 0 0 0 0 0 0 0 0 0 0 0 0 0]
[972477598701001040949407792353531271694971598129090447509439055220373081016408326892557457110097947688821747132423262499718809794582493451986234189786354885183204211505041852825462875483530145978267008384707394575995897302551902490167502735 0 0 0 0 0 0 0 0 0 0 0 0 0 0 0 0 0 0 0 0 0 0 0 0 0 0 0 0 0 0 0 0 0 0 0 1 0 0 0 0 0 0 0 0 0 0 0 0 0 0 0 0 0 0 0 0 0 0 0 0 0 0 0 0 0 0 0 0 0 0 0 0 0 0 0 0 0 0 0]
[2249735535591014450485108263947971112498874939538671224893007454594497892729219637182858395156599095844373787466235465103491925046389863345142219295661492380870128471877872810498963351118545608414989228067954510371533075551009901754383923339 0 0 0 0 0 0 0 0 0 0 0 0 0 0 0 0 0 0 0 0 0 0 0 0 0 0 0 0 0 0 0 0 0 0 0 0 1 0 0 0 0 0 0 0 0 0 0 0 0 0 0 0 0 0 0 0 0 0 0 0 0 0 0 0 0 0 0 0 0 0 0 0 0 0 0 0 0 0 0]
[1106311167521163226283372534653213770940784358412431103851073837633767382116103224560490719234845966817084923666992532081322930179804227317008404884889588575692148983007801017449527890711246030313753665819941369454794288753251980555990748225 0 0 0 0 0 0 0 0 0 0 0 0 0 0 0 0 0 0 0 0 0 0 0 0 0 0 0 0 0 0 0 0 0 0 0 0 0 1 0 0 0 0 0 0 0 0 0 0 0 0 0 0 0 0 0 0 0 0 0 0 0 0 0 0 0 0 0 0 0 0 0 0 0 0 0 0 0 0 0]
[2609432810169039848049971307510113467868491128450707846041469324135268702068049960541463956712331732048666749298097900834630498610910289054494150892834460477869809079527924242054371149999804425755227184987276048547882561773411438640896356075 0 0 0 0 0 0 0 0 0 0 0 0 0 0 0 0 0 0 0 0 0 0 0 0 0 0 0 0 0 0 0 0 0 0 0 0 0 0 1 0 0 0 0 0 0 0 0 0 0 0 0 0 0 0 0 0 0 0 0 0 0 0 0 0 0 0 0 0 0 0 0 0 0 0 0 0 0 0 0]
[702915201422218001646444106090591722590277308397408033383433119420701631637944173539999842835071559882477288106607017159224004328470760406755000143947590678505420155224110723840253623669527107973611958267346089279661147288820951574786528737 0 0 0 0 0 0 0 0 0 0 0 0 0 0 0 0 0 0 0 0 0 0 0 0 0 0 0 0 0 0 0 0 0 0 0 0 0 0 0 1 0 0 0 0 0 0 0 0 0 0 0 0 0 0 0 0 0 0 0 0 0 0 0 0 0 0 0 0 0 0 0 0 0 0 0 0 0 0 0]
[3380236606905605286088319452508470039130460693051966473939405321312614852410148171674248994722426393847408848207670904445352054999323052613697749343617416814911220372175832387145312428479914220435940937050731926884088114551983253269152631677 0 0 0 0 0 0 0 0 0 0 0 0 0 0 0 0 0 0 0 0 0 0 0 0 0 0 0 0 0 0 0 0 0 0 0 0 0 0 0 0 1 0 0 0 0 0 0 0 0 0 0 0 0 0 0 0 0 0 0 0 0 0 0 0 0 0 0 0 0 0 0 0 0 0 0 0 0 0 0]
[146762906312861530117332610850086277161620767882849539458253511731907088297861598480145094972273049849060538071898401351255787332299776791452826944167550882044669162538455838276975724420704706698400256688905401484033809951938502118841668969 0 0 0 0 0 0 0 0 0 0 0 0 0 0 0 0 0 0 0 0 0 0 0 0 0 0 0 0 0 0 0 0 0 0 0 0 0 0 0 0 0 1 0 0 0 0 0 0 0 0 0 0 0 0 0 0 0 0 0 0 0 0 0 0 0 0 0 0 0 0 0 0 0 0 0 0 0 0 0]
[5212388059511104604619649148262180042890263820571114225210134145828237946612348584913266093044762640481920684600645306614467004323339250561144348298093791656717631240401261831258336309457113042807719525064563937210455687844491065342867729903 0 0 0 0 0 0 0 0 0 0 0 0 0 0 0 0 0 0 0 0 0 0 0 0 0 0 0 0 0 0 0 0 0 0 0 0 0 0 0 0 0 0 1 0 0 0 0 0 0 0 0 0 0 0 0 0 0 0 0 0 0 0 0 0 0 0 0 0 0 0 0 0 0 0 0 0 0 0 0]
[1088095691088037025949496437692513120058326933009982420536951734257301795664606504713081229087451575651586971956615794894035845099112311984854044400093016277983227506014650174231075838688031766099267802049537781371410370841216588617073608588 0 0 0 0 0 0 0 0 0 0 0 0 0 0 0 0 0 0 0 0 0 0 0 0 0 0 0 0 0 0 0 0 0 0 0 0 0 0 0 0 0 0 0 1 0 0 0 0 0 0 0 0 0 0 0 0 0 0 0 0 0 0 0 0 0 0 0 0 0 0 0 0 0 0 0 0 0 0 0]
[4931005267204658780061994790469083847089631591960014723223970690630227988770542925611849784642016702799729441926839197558219328068040719254060025922696506164432082793433970952552981743954240329868424663544311847031326353216564861190829487183 0 0 0 0 0 0 0 0 0 0 0 0 0 0 0 0 0 0 0 0 0 0 0 0 0 0 0 0 0 0 0 0 0 0 0 0 0 0 0 0 0 0 0 0 1 0 0 0 0 0 0 0 0 0 0 0 0 0 0 0 0 0 0 0 0 0 0 0 0 0 0 0 0 0 0 0 0 0 0]
[777331428017050417779089385859113768780524445499398242987411186038829352856508555672077358221334755440830161720080993277453692151972032759315208227099449997605942917195929142452536747251241111232962724893597960945040514383799719494888467953 0 0 0 0 0 0 0 0 0 0 0 0 0 0 0 0 0 0 0 0 0 0 0 0 0 0 0 0 0 0 0 0 0 0 0 0 0 0 0 0 0 0 0 0 0 1 0 0 0 0 0 0 0 0 0 0 0 0 0 0 0 0 0 0 0 0 0 0 0 0 0 0 0 0 0 0 0 0 0]
[3253302413991191987380435151901085402215868703374982895692843220398131147545075885524654813623245584094311511061511081537727433432995043954232981148095327683252599733353755772813122236555191481058871594356869275115603217630734026749060285883 0 0 0 0 0 0 0 0 0 0 0 0 0 0 0 0 0 0 0 0 0 0 0 0 0 0 0 0 0 0 0 0 0 0 0 0 0 0 0 0 0 0 0 0 0 0 1 0 0 0 0 0 0 0 0 0 0 0 0 0 0 0 0 0 0 0 0 0 0 0 0 0 0 0 0 0 0 0 0]
[4381151011103695606654238853822549843290061787721028310790595495349165186965974012714809673457763767502350730658896268778433864916890409420304184362362519544476552033404328755237783901357205977400442122985382376381834529645565034955461446649 0 0 0 0 0 0 0 0 0 0 0 0 0 0 0 0 0 0 0 0 0 0 0 0 0 0 0 0 0 0 0 0 0 0 0 0 0 0 0 0 0 0 0 0 0 0 0 1 0 0 0 0 0 0 0 0 0 0 0 0 0 0 0 0 0 0 0 0 0 0 0 0 0 0 0 0 0 0 0]
[1724758910422709579331969514527076156981531484531339973584132604744950198082684050449167264754069671302235014029744417869842442787369476616009680496060353340331348656438136909479986379778082937236672325422657414227403930494864336019228753313 0 0 0 0 0 0 0 0 0 0 0 0 0 0 0 0 0 0 0 0 0 0 0 0 0 0 0 0 0 0 0 0 0 0 0 0 0 0 0 0 0 0 0 0 0 0 0 0 1 0 0 0 0 0 0 0 0 0 0 0 0 0 0 0 0 0 0 0 0 0 0 0 0 0 0 0 0 0 0]
[4543726549352474027307508986435259665177208816237241293453938101689549911591452717713144859470186110241086291611944330936176050525280123736291927073247549975041170371701855369324922457206829506249058209187448051627218868014005172849676161706 0 0 0 0 0 0 0 0 0 0 0 0 0 0 0 0 0 0 0 0 0 0 0 0 0 0 0 0 0 0 0 0 0 0 0 0 0 0 0 0 0 0 0 0 0 0 0 0 0 1 0 0 0 0 0 0 0 0 0 0 0 0 0 0 0 0 0 0 0 0 0 0 0 0 0 0 0 0 0]
[2789098712817641960266789207120438910457573463935617142248704747227149900905504719818212053315151930396711287718196573236794651007301866766058810502100949255303385679305968158861884101084466780617303450664355760651657615789456570025321142981 0 0 0 0 0 0 0 0 0 0 0 0 0 0 0 0 0 0 0 0 0 0 0 0 0 0 0 0 0 0 0 0 0 0 0 0 0 0 0 0 0 0 0 0 0 0 0 0 0 0 1 0 0 0 0 0 0 0 0 0 0 0 0 0 0 0 0 0 0 0 0 0 0 0 0 0 0 0 0]
[787826065087740181176207280625066595836001401593692055134718836463990031642757349581485358148692546489474830698103824600349596733100820856243934533910346330578667510264387016387183665000558385278414327675316563483157663753844894471417898077 0 0 0 0 0 0 0 0 0 0 0 0 0 0 0 0 0 0 0 0 0 0 0 0 0 0 0 0 0 0 0 0 0 0 0 0 0 0 0 0 0 0 0 0 0 0 0 0 0 0 0 1 0 0 0 0 0 0 0 0 0 0 0 0 0 0 0 0 0 0 0 0 0 0 0 0 0 0 0]
[4764042496913054528245436892195609500141345322722443004327192403753719386379037809393506148953313227290937420748840026324451521531927601047927316311936575533173825506772173708778945320776088994268421775311661959281641388947836506974616622072 0 0 0 0 0 0 0 0 0 0 0 0 0 0 0 0 0 0 0 0 0 0 0 0 0 0 0 0 0 0 0 0 0 0 0 0 0 0 0 0 0 0 0 0 0 0 0 0 0 0 0 0 1 0 0 0 0 0 0 0 0 0 0 0 0 0 0 0 0 0 0 0 0 0 0 0 0 0 0]
[4738809346556028552895928863640103686888453690913389352865113277526037110289208121764028906689614572242616377118424658115440226501677835932783149218466968316234555411312402280816602096895205949604668749606681351452927145137428378872164705124 0 0 0 0 0 0 0 0 0 0 0 0 0 0 0 0 0 0 0 0 0 0 0 0 0 0 0 0 0 0 0 0 0 0 0 0 0 0 0 0 0 0 0 0 0 0 0 0 0 0 0 0 0 1 0 0 0 0 0 0 0 0 0 0 0 0 0 0 0 0 0 0 0 0 0 0 0 0 0]
[889628439096277785056315742632053522422051085205269248319574729328036440183826320889257637253559446622332260886964014545428980441970847517889536929702778483539825057304619938249144347650848043752477996401661702905709688187760570883246941606 0 0 0 0 0 0 0 0 0 0 0 0 0 0 0 0 0 0 0 0 0 0 0 0 0 0 0 0 0 0 0 0 0 0 0 0 0 0 0 0 0 0 0 0 0 0 0 0 0 0 0 0 0 0 1 0 0 0 0 0 0 0 0 0 0 0 0 0 0 0 0 0 0 0 0 0 0 0 0]
[2779743553454505485852506050642628525958259837562669382932975093918004243890022212675614151096123989778398577454638022828030473601419885881675383314737901811188706079864336666747093980112509499102311889886756829472938578593283770915027253110 0 0 0 0 0 0 0 0 0 0 0 0 0 0 0 0 0 0 0 0 0 0 0 0 0 0 0 0 0 0 0 0 0 0 0 0 0 0 0 0 0 0 0 0 0 0 0 0 0 0 0 0 0 0 0 1 0 0 0 0 0 0 0 0 0 0 0 0 0 0 0 0 0 0 0 0 0 0 0]
[4734900461308099377314198748258042277082253697230288556049775544723666932705742111056065372992087881642821459241222955743100290013704706061962570922072109755016201167672630368666433723715663083313993477631906231824150506365172567471058289188 0 0 0 0 0 0 0 0 0 0 0 0 0 0 0 0 0 0 0 0 0 0 0 0 0 0 0 0 0 0 0 0 0 0 0 0 0 0 0 0 0 0 0 0 0 0 0 0 0 0 0 0 0 0 0 0 1 0 0 0 0 0 0 0 0 0 0 0 0 0 0 0 0 0 0 0 0 0 0]
[3445974767423720596729602803008317010275299218545039976042289526022492424026074109351857329417773437740682683651284181972876393529924650700653666645366391976591317131571106869141031906938951739753449363637942511424155381934973079340030526778 0 0 0 0 0 0 0 0 0 0 0 0 0 0 0 0 0 0 0 0 0 0 0 0 0 0 0 0 0 0 0 0 0 0 0 0 0 0 0 0 0 0 0 0 0 0 0 0 0 0 0 0 0 0 0 0 0 1 0 0 0 0 0 0 0 0 0 0 0 0 0 0 0 0 0 0 0 0 0]
[395453287000066598968090330061406908626518466103302238347483081217419920977070356640337164049167274450237788493643716714350090285739118578290702499755841979009154233901313222356236044407291615526468781726297173645929165310198209649546758698 0 0 0 0 0 0 0 0 0 0 0 0 0 0 0 0 0 0 0 0 0 0 0 0 0 0 0 0 0 0 0 0 0 0 0 0 0 0 0 0 0 0 0 0 0 0 0 0 0 0 0 0 0 0 0 0 0 0 1 0 0 0 0 0 0 0 0 0 0 0 0 0 0 0 0 0 0 0 0]
[2038517272767745964846023292927057177008849908158533441505931570834419251100010843422064243738863950480919558392029402369030907141702981887727601042927912195467589753502193996434023434473211533039885211058347178579154745071994602959882031899 0 0 0 0 0 0 0 0 0 0 0 0 0 0 0 0 0 0 0 0 0 0 0 0 0 0 0 0 0 0 0 0 0 0 0 0 0 0 0 0 0 0 0 0 0 0 0 0 0 0 0 0 0 0 0 0 0 0 0 1 0 0 0 0 0 0 0 0 0 0 0 0 0 0 0 0 0 0 0]
[4053795527570083756937017737008073016918522958158974101998338840956002183417479484096725287495548078496154984844731281033155548200998693196063130240153926646375259620979549434798952306774940639041246038010154061009130165746717569645771230201 0 0 0 0 0 0 0 0 0 0 0 0 0 0 0 0 0 0 0 0 0 0 0 0 0 0 0 0 0 0 0 0 0 0 0 0 0 0 0 0 0 0 0 0 0 0 0 0 0 0 0 0 0 0 0 0 0 0 0 0 1 0 0 0 0 0 0 0 0 0 0 0 0 0 0 0 0 0 0]
[1226067862242890027928774918715980565118194115003788445199200394245235187181752687259247031884339895525169973820257846797070710023654988668102443351694745887774173136248113788466445412339239305426611272355194361054215847990671083766333447575 0 0 0 0 0 0 0 0 0 0 0 0 0 0 0 0 0 0 0 0 0 0 0 0 0 0 0 0 0 0 0 0 0 0 0 0 0 0 0 0 0 0 0 0 0 0 0 0 0 0 0 0 0 0 0 0 0 0 0 0 0 1 0 0 0 0 0 0 0 0 0 0 0 0 0 0 0 0 0]
[1978963655706619941228619019571989949321564451541372835202057072025475461711741932531000508043326570952901359146637811174668272292864949946609029367385975055862389815887458083154491224717808424075776486342186371532151918961610331753342657974 0 0 0 0 0 0 0 0 0 0 0 0 0 0 0 0 0 0 0 0 0 0 0 0 0 0 0 0 0 0 0 0 0 0 0 0 0 0 0 0 0 0 0 0 0 0 0 0 0 0 0 0 0 0 0 0 0 0 0 0 0 0 1 0 0 0 0 0 0 0 0 0 0 0 0 0 0 0 0]
[3925378292973104120831735637122127812980100524167794813073019661748698686511609089724143112304411970399989048192100822393331532332469166956167726420302270179192444101623343911076752022597375063231749672440951588264853888288027352447673456929 0 0 0 0 0 0 0 0 0 0 0 0 0 0 0 0 0 0 0 0 0 0 0 0 0 0 0 0 0 0 0 0 0 0 0 0 0 0 0 0 0 0 0 0 0 0 0 0 0 0 0 0 0 0 0 0 0 0 0 0 0 0 0 1 0 0 0 0 0 0 0 0 0 0 0 0 0 0 0]
[3783447806206907559602453480914346980161052152610197340222668026618033134991186810733627444818467651633675956944891059508108044225821471923446186592151336242435571340069530711165987140267361184923702622098728836793752319012624834159639115258 0 0 0 0 0 0 0 0 0 0 0 0 0 0 0 0 0 0 0 0 0 0 0 0 0 0 0 0 0 0 0 0 0 0 0 0 0 0 0 0 0 0 0 0 0 0 0 0 0 0 0 0 0 0 0 0 0 0 0 0 0 0 0 0 1 0 0 0 0 0 0 0 0 0 0 0 0 0 0]
[703580310620033135917226345303434870224065605360906497267966838386220753055063929560222358098904922356034524299840970348132045260440421400541950922082342736312950056301793393706470739060426029951658360296686747767643827087828903097035751164 0 0 0 0 0 0 0 0 0 0 0 0 0 0 0 0 0 0 0 0 0 0 0 0 0 0 0 0 0 0 0 0 0 0 0 0 0 0 0 0 0 0 0 0 0 0 0 0 0 0 0 0 0 0 0 0 0 0 0 0 0 0 0 0 0 1 0 0 0 0 0 0 0 0 0 0 0 0 0]
[3766526239641414332991907819534846388985031065482790523500086614351023341949960264071011495126841850790707215935759868963980440796378380616143845711795223475323926957491800605831362385132949794255805415138324808473392066564840581392776205688 0 0 0 0 0 0 0 0 0 0 0 0 0 0 0 0 0 0 0 0 0 0 0 0 0 0 0 0 0 0 0 0 0 0 0 0 0 0 0 0 0 0 0 0 0 0 0 0 0 0 0 0 0 0 0 0 0 0 0 0 0 0 0 0 0 0 1 0 0 0 0 0 0 0 0 0 0 0 0]
[2410822404933395918042815584825476866561033694216404611976734582470941332389539461970411115119186742805685569523591358512783979472575906815026240244942235277985143671902608390083423211742311021463101996003546001369227768476156489186589825926 0 0 0 0 0 0 0 0 0 0 0 0 0 0 0 0 0 0 0 0 0 0 0 0 0 0 0 0 0 0 0 0 0 0 0 0 0 0 0 0 0 0 0 0 0 0 0 0 0 0 0 0 0 0 0 0 0 0 0 0 0 0 0 0 0 0 0 1 0 0 0 0 0 0 0 0 0 0 0]
[1442082570708238580838735991272383579992666694692797796997216917307799070322445120400329967517676771003523362837890622048164599151287130112216742120849251080308296069671360396930691303811577294101572849453111284677102317320540542084598152603 0 0 0 0 0 0 0 0 0 0 0 0 0 0 0 0 0 0 0 0 0 0 0 0 0 0 0 0 0 0 0 0 0 0 0 0 0 0 0 0 0 0 0 0 0 0 0 0 0 0 0 0 0 0 0 0 0 0 0 0 0 0 0 0 0 0 0 0 1 0 0 0 0 0 0 0 0 0 0]
[383267069627942447630236109255586991183448830073751465584026781648577943339075502415440536564710064843004484309938451080348521811518065994358135225387058869078194581973309388734976657605309478575714112830038085050464640358866661263730556314 0 0 0 0 0 0 0 0 0 0 0 0 0 0 0 0 0 0 0 0 0 0 0 0 0 0 0 0 0 0 0 0 0 0 0 0 0 0 0 0 0 0 0 0 0 0 0 0 0 0 0 0 0 0 0 0 0 0 0 0 0 0 0 0 0 0 0 0 0 1 0 0 0 0 0 0 0 0 0]
[2172794921126901359710702092687153563661002291384986817400034336210014585802638963206503912416163139879642299396786597484799326940151035557789014755509694579126727026895773520828172492910166493525245956605521300649817142637392269079676114205 0 0 0 0 0 0 0 0 0 0 0 0 0 0 0 0 0 0 0 0 0 0 0 0 0 0 0 0 0 0 0 0 0 0 0 0 0 0 0 0 0 0 0 0 0 0 0 0 0 0 0 0 0 0 0 0 0 0 0 0 0 0 0 0 0 0 0 0 0 0 1 0 0 0 0 0 0 0 0]
[218038753324892894002108645268872046499376831736688574110621024159085632777843247918127119508311439966584025979052067962608572411359135089403951437101929222581811355283161003877165326240456519845497291386643992889890631366774401944709055416 0 0 0 0 0 0 0 0 0 0 0 0 0 0 0 0 0 0 0 0 0 0 0 0 0 0 0 0 0 0 0 0 0 0 0 0 0 0 0 0 0 0 0 0 0 0 0 0 0 0 0 0 0 0 0 0 0 0 0 0 0 0 0 0 0 0 0 0 0 0 0 1 0 0 0 0 0 0 0]
[5033935994810797615073594378143230296753295702279968497368424840688014676786189057223066001759414449132301000919936354171961886546679916428357291903994164479082727717700755963802037740019741717029663993861552957361794936552504241582563752485 0 0 0 0 0 0 0 0 0 0 0 0 0 0 0 0 0 0 0 0 0 0 0 0 0 0 0 0 0 0 0 0 0 0 0 0 0 0 0 0 0 0 0 0 0 0 0 0 0 0 0 0 0 0 0 0 0 0 0 0 0 0 0 0 0 0 0 0 0 0 0 0 1 0 0 0 0 0 0]
[2941108631739303709733638196507119065418142061434736293941691695150586310203330286960177400387895863299522000087377863328090296111897705340042768196506342085792940294347009952279223518768370191072918317627186429860445972780785621606416784245 0 0 0 0 0 0 0 0 0 0 0 0 0 0 0 0 0 0 0 0 0 0 0 0 0 0 0 0 0 0 0 0 0 0 0 0 0 0 0 0 0 0 0 0 0 0 0 0 0 0 0 0 0 0 0 0 0 0 0 0 0 0 0 0 0 0 0 0 0 0 0 0 0 1 0 0 0 0 0]
[3996842377610904159300619619293716504726829542638535457435043707903222529990036011033005795036076576748226983086926628260567363450512033871644025181965190957462192614213633274972100363958304955942208712723968048783167885378059219563305868422 0 0 0 0 0 0 0 0 0 0 0 0 0 0 0 0 0 0 0 0 0 0 0 0 0 0 0 0 0 0 0 0 0 0 0 0 0 0 0 0 0 0 0 0 0 0 0 0 0 0 0 0 0 0 0 0 0 0 0 0 0 0 0 0 0 0 0 0 0 0 0 0 0 0 1 0 0 0 0]
[2685639110505148002585483971289419231314027086841736293437318426791021825967334847185704586294109996377558678795608371870542741715092013993024266787689313442217824990401061351399516010383472697086001948605889785653373983914501253130057824711 0 0 0 0 0 0 0 0 0 0 0 0 0 0 0 0 0 0 0 0 0 0 0 0 0 0 0 0 0 0 0 0 0 0 0 0 0 0 0 0 0 0 0 0 0 0 0 0 0 0 0 0 0 0 0 0 0 0 0 0 0 0 0 0 0 0 0 0 0 0 0 0 0 0 0 1 0 0 0]
[981758220091166184908441498648280979298216690674997126706319887123007009753779338440681955949970952211999373289470252815071336378117824883893576740692978378141895305214221046251234264830095133722461184287192419173285083743689872459273727128 0 0 0 0 0 0 0 0 0 0 0 0 0 0 0 0 0 0 0 0 0 0 0 0 0 0 0 0 0 0 0 0 0 0 0 0 0 0 0 0 0 0 0 0 0 0 0 0 0 0 0 0 0 0 0 0 0 0 0 0 0 0 0 0 0 0 0 0 0 0 0 0 0 0 0 0 1 0 0]
[1467936576244953566734135793579100159865200416607497341110208087798186898432686322027750276905738687322636700007917906129049108300261816267938386408003145850714466587639523525124008207879592249058330265339332493355084252948537794217284207818 0 0 0 0 0 0 0 0 0 0 0 0 0 0 0 0 0 0 0 0 0 0 0 0 0 0 0 0 0 0 0 0 0 0 0 0 0 0 0 0 0 0 0 0 0 0 0 0 0 0 0 0 0 0 0 0 0 0 0 0 0 0 0 0 0 0 0 0 0 0 0 0 0 0 0 0 0 1 0]
[205916759545386758914664798867053443207080364626050704220344875449718514130493172017737813799215547099956737106250677090270478090373160734406524989658952577192882300954884156471424887249951625410973196184736856181591917911023728629396817305 0 0 0 0 0 0 0 0 0 0 0 0 0 0 0 0 0 0 0 0 0 0 0 0 0 0 0 0 0 0 0 0 0 0 0 0 0 0 0 0 0 0 0 0 0 0 0 0 0 0 0 0 0 0 0 0 0 0 0 0 0 0 0 0 0 0 0 0 0 0 0 0 0 0 0 0 0 0 1]
]
